25
16
52 18 54 71 21 13 62 5 95 75 36 90 86 8 13 64 26 36 8 96 39 20 12 53 71
35 2 39 53 4 12 46 0 62 12 10 81 84 2 5 35 13 24 1 38 5 2 0 20 35
74 88 28 30 60 73 38 9 96 75 24 90 85 2 37 41 33 75 38 79 99 26 75 50
25
16
28 93 97 60 99 40 3 86 9 12 12 71 66 68 32 0 90 92 11 2 63 4 59 16 98
3 38 19 53 2 0 3 73 6 8 4 30 54 61 22 0 57 64 0 0 22 2 51 0 50
25 15 12 3 68 56 31 91 51 48 84 54 95 74 32 87 68 25 27 91 81 91 34 93
25
16
31 14 83 27 18 54 60 32 38 42 12 6 58 21 52 12 43 99 70 4 2 75 5 21 26
31 8 45 10 4 40 52 19 18 25 1 6 40 2 14 12 37 21 12 4 2 16 2 0 19
5 40 62 36 59 65 23 75 2 59 3 13 44 5 53 81 3 55 98 22 58 81 73 98
25
16
82 34 85 39 1 9 57 63 55 100 22 54 50 49 18 57 2 20 59 90 44 74 41 46 78
40 0 80 5 0 7 46 53 3 64 10 40 22 0 0 30 2 8 20 50 25 56 21 45 15
28 31 9 85 21 57 6 96 88 34 58 86 65 42 41 94 28 37 41 24 69 98 33 73
25
16
37 71 67 84 0 6 66 41 32 8 74 8 63 42 78 22 41 67 73 88 59 29 10 39 26
24 9 59 43 0 2 56 29 24 4 34 0 16 32 43 6 37 52 17 39 15 18 5 27 17
22 86 47 97 78 18 43 31 59 28 89 78 4 67 55 11 64 46 4 7 14 40 99 68
25
16
69 90 84 9 44 18 67 45 66 96 48 42 2 68 54 32 72 89 9 57 52 35 97 68 45
29 90 37 0 1 1 45 1 62 78 26 4 2 63 49 19 23 82 4 50 29 5 3 49 40
57 32 35 96 84 61 16 71 94 72 58 8 1 97 96 10 61 11 29 64 49 72 42 50
25
16
86 56 4 52 28 18 51 85 53 41 95 86 32 88 100 30 97 92 88 95 55 89 18 45 84
68 32 3 3 2 10 47 23 40 2 41 84 10 1 25 22 58 61 53 87 34 58 13 14 47
16 27 8 79 26 27 34 41 43 40 48 16 93 97 63 78 62 89 64 60 30 34 77 64
25
16
0 60 71 34 4 69 86 100 68 69 32 93 43 48 13 100 7 0 5 60 89 1 84 10 43
0 49 19 24 1 53 80 78 35 5 17 53 8 11 6 71 5 0 5 28 83 0 48 9 37
55 35 53 15 14 60 21 73 22 33 20 67 5 5 62 49 67 63 22 92 43 6 58 43
25
16
43 32 20 42 32 20 35 59 97 47 63 86 76 37 58 33 77 70 73 85 74 26 36 77 61
10 21 13 0 29 8 29 25 79 41 2 61 14 26 27 30 33 59 42 56 66 23 11 53 15
23 87 25 79 66 72 44 18 95 35 23 75 91 27 56 26 2 31 5 37 51 33 1 1
25
16
73 59 70 77 97 79 13 23 2 40 78 57 6 94 32 43 13 19 1 10 25 30 28 12 34
32 53 60 40 44 67 3 5 2 27 59 43 4 54 12 11 12 2 1 9 20 14 11 1 10
59 1 61 15 3 11 94 65 62 16 95 73 82 90 36 30 56 80 8 17 56 75 98 23
25
16
66 71 99 96 32 12 49 25 95 96 5 29 37 81 67 78 18 53 0 82 4 89 28 82 92
40 67 0 1 20 0 49 22 37 23 5 4 2 42 64 15 12 48 0 13 1 4 1 61 73
88 79 35 51 82 9 6 83 49 52 82 68 34 6 90 32 49 61 96 64 99 68 52 99
25
16
79 14 41 62 44 32 14 34 67 100 76 36 16 97 24 57 79 95 92 12 8 70 90 11 52
35 5 15 44 33 19 2 20 4 33 12 20 0 48 5 50 6 78 77 1 0 40 36 6 3
10 47 66 35 54 52 21 21 24 17 42 12 43 67 56 40 93 95 94 63 97 49 68 8
25
16
64 82 33 18 70 97 25 71 78 9 65 98 25 9 6 78 52 48 56 15 81 97 92 82 25
5 49 10 17 12 15 17 41 36 5 9 55 7 8 5 70 50 45 18 0 53 74 86 32 9
92 64 56 67 97 67 46 68 55 97 79 52 19 78 99 18 82 16 53 16 58 14 94 99
25
16
38 38 42 23 80 1 20 30 49 75 77 64 99 89 61 81 97 70 91 70 97 73 39 39 35
25 0 20 8 31 0 4 26 48 50 0 56 5 59 42 52 90 2 4 65 77 3 29 35 4
83 89 62 90 13 13 66 34 79 25 84 25 80 87 10 89 79 63 46 70 38 38 6 30
25
16
18 55 21 36 93 25 54 14 96 38 27 12 33 44 92 35 17 38 65 92 24 28 82 14 24
16 24 8 15 37 14 51 14 88 5 16 0 21 14 36 27 5 14 50 37 15 27 61 5 16
41 30 48 47 67 71 97 3 96 97 88 56 86 61 7 87 6 29 80 8 76 67 84 60
25
16
21 55 2 45 93 68 55 75 72 94 16 56 0 75 7 64 14 46 25 61 1 93 17 38 53
1 50 2 5 12 36 47 61 22 7 5 4 0 19 0 56 2 9 0 29 1 83 14 14 7
78 49 23 93 59 13 22 15 69 28 73 20 95 50 13 49 51 34 75 9 95 64 11 78
25
16
41 94 88 54 13 55 19 84 90 2 79 36 6 0 22 45 27 25 62 17 68 35 14 92 30
29 70 5 54 6 24 17 73 80 0 78 25 6 0 1 44 12 13 36 2 51 9 11 85 12
95 91 1 81 85 62 59 49 89 42 39 87 67 22 82 37 55 81 83 74 93 35 98 55
25
16
3 26 99 60 23 31 42 25 9 82 65 76 11 75 21 35 84 80 68 86 14 30 80 53 59
0 18 32 53 12 15 31 25 3 1 28 29 1 16 13 34 82 65 29 13 3 10 75 31 14
53 30 55 67 19 11 88 32 97 43 25 61 74 70 40 2 96 88 35 18 44 84 2 5
25
16
54 82 35 63 73 47 29 56 90 78 67 39 58 78 15 67 82 8 21 59 32 27 8 100 5
44 68 8 62 65 0 12 26 27 38 46 30 10 61 10 2 31 4 21 15 2 4 2 6 2
61 17 4 85 10 58 63 44 92 78 68 50 22 25 43 5 50 92 39 76 94 98 17 7
25
16
86 64 97 86 17 16 20 48 54 42 97 99 9 8 32 88 70 93 48 76 10 17 65 41 62
83 7 88 18 17 6 5 19 43 34 66 14 3 5 16 8 30 88 43 20 10 5 29 21 27
63 33 43 44 21 65 57 70 7 84 66 97 20 79 13 40 61 98 42 23 15 33 56 17
25
16
52 68 31 15 7 29 83 79 83 85 74 99 15 80 87 69 69 100 71 3 11 36 82 49 36
48 44 18 4 1 8 13 6 59 35 20 4 2 32 87 32 10 39 27 0 8 33 44 46 11
79 16 20 31 24 82 39 13 63 26 28 88 49 47 66 98 62 81 17 78 41 76 63 41
25
16
48 8 13 67 38 49 24 48 51 7 32 92 16 45 9 85 62 87 26 35 20 59 64 96 71
18 4 5 0 16 32 6 27 33 1 0 39 5 0 4 22 30 48 3 32 4 14 5 88 56
81 93 18 3 13 48 73 43 59 40 19 59 80 16 27 78 6 93 21 64 31 70 6 21
25
16
19 7 9 63 55 80 61 59 0 18 86 82 29 37 12 7 62 47 27 78 78 31 86 11 53
6 0 3 58 11 17 49 9 0 12 16 79 16 27 0 2 30 21 11 73 39 10 21 3 3
96 64 74 42 48 71 54 16 89 90 68 50 25 18 77 66 25 86 69 80 81 42 49 18
25
16
44 62 4 14 41 20 47 3 96 33 78 84 3 83 73 41 73 23 17 31 46 32 97 43 77
13 44 0 10 38 2 19 1 70 22 66 64 2 67 30 18 71 1 3 2 3 13 27 18 21
89 57 38 7 66 92 66 66 82 75 32 11 75 10 22 15 48 30 29 50 44 70 56 13
25
16
3 40 14 16 85 97 92 57 4 91 52 18 41 13 17 34 16 27 82 79 73 45 0 85 26
2 14 10 15 57 31 31 30 1 91 9 10 18 12 14 29 1 5 68 65 15 21 0 15 5
77 63 13 45 51 87 31 50 79 26 86 95 31 95 10 65 89 71 63 37 32 65 92 40
25
16
7 96 39 54 59 15 56 3 98 76 88 82 3 72 53 38 2 68 83 91 61 78 0 80 33
0 48 30 1 5 13 50 2 60 38 36 9 3 51 26 25 1 8 67 28 11 66 0 22 15
24 75 79 60 64 55 38 52 60 75 53 21 58 59 92 58 90 11 71 75 98 60 38 18
25
16
6 78 53 25 39 7 24 43 67 43 58 41 58 57 13 31 92 19 26 66 91 61 71 7 67
3 20 31 17 27 3 12 17 60 13 6 15 46 16 6 10 17 16 16 56 61 4 44 1 66
84 71 8 5 71 93 34 33 86 34 40 31 35 7 52 96 97 35 89 68 31 77 86 70
25
16
92 61 73 18 7 53 6 16 50 98 75 10 31 11 23 26 90 90 97 3 36 20 2 91 46
34 7 71 4 3 47 4 3 48 96 6 0 17 1 12 8 39 12 34 3 24 17 2 33 22
16 17 48 65 14 3 22 71 28 36 38 37 69 91 82 1 96 78 28 26 54 44 92 81
25
16
99 5 28 68 4 16 71 90 53 74 86 88 44 64 88 47 59 7 12 63 14 95 75 7 100
33 5 20 6 3 11 66 49 20 68 11 22 1 3 3 27 24 3 11 46 1 19 0 0 38
8 59 80 28 10 28 83 7 18 14 7 96 63 55 72 43 54 58 42 27 3 91 10 33
25
16
14 69 80 44 81 70 12 100 16 20 71 46 29 56 46 16 47 53 32 10 14 1 11 72 12
14 38 24 28 33 70 12 31 6 11 48 26 26 20 24 7 40 5 3 1 12 0 3 31 7
81 55 33 29 36 49 56 27 47 40 73 60 3 85 93 2 1 8 44 44 29 79 10 7
0
