25
16
37 36 0 85 69 52 97 66 53 86 29 90 20 80 90 60 44 23 6 20 24 6 32 70 33
25 11 0 29 10 48 51 2 20 46 28 39 18 12 42 13 21 16 3 16 6 1 27 34 15
1 1 2 2 2 1 2 2 2 1 2 2 2 2 2 1 2 2 2 2 2 2 1 1
25
16
54 24 27 48 55 92 83 95 52 65 71 53 59 36 34 55 49 42 3 99 59 78 3 22 35
22 22 23 15 24 72 43 85 47 24 71 38 14 33 4 16 31 3 0 95 40 4 3 11 30
2 1 2 2 2 2 2 2 1 2 2 2 2 1 1 1 2 2 2 2 1 1 2 2
25
16
68 75 42 28 80 68 75 41 43 45 1 74 88 72 53 60 44 98 39 49 63 41 96 31 35
47 52 38 0 34 30 30 39 30 30 1 65 71 60 47 17 36 30 12 21 34 26 16 2 5
1 2 2 1 1 1 2 2 2 2 1 2 1 2 1 1 1 2 2 2 2 1 2 1
25
16
44 67 30 2 53 37 96 42 92 95 57 96 31 5 61 80 4 25 43 96 69 90 29 27 42
32 27 22 0 46 21 47 33 83 11 45 16 12 2 17 21 2 18 14 94 1 83 1 17 20
2 2 1 1 2 2 1 1 1 2 1 2 2 1 2 1 1 1 2 1 2 2 2 2
25
16
73 92 18 36 49 86 17 80 14 77 17 29 100 79 20 29 95 22 44 73 55 0 27 36 59
68 50 17 10 9 67 10 42 3 5 0 13 86 18 14 22 11 22 17 37 37 0 21 7 13
1 2 1 2 1 1 2 2 1 1 2 1 2 2 1 2 2 1 2 2 2 2 2 2
25
16
25 98 49 81 56 48 69 22 55 73 20 63 60 0 80 14 48 9 38 26 35 62 66 35 43
5 58 34 10 56 47 9 0 14 41 3 44 23 0 66 3 21 8 3 12 15 10 15 6 2
1 1 2 1 1 2 1 1 1 1 2 2 2 2 1 2 1 2 1 2 1 1 2 2
25
16
88 94 21 4 60 1 73 2 100 76 66 70 84 1 11 57 31 71 78 27 16 83 39 43 68
3 62 7 3 50 1 45 0 98 20 15 33 0 0 10 43 6 29 78 1 13 54 36 6 19
2 2 1 1 2 1 2 2 1 1 2 2 1 2 2 1 1 2 2 2 2 2 2 2
25
16
53 3 57 9 37 97 26 4 85 76 23 69 16 76 62 97 13 70 70 3 39 87 69 46 7
6 0 49 0 4 93 2 4 33 76 4 27 13 57 20 83 5 5 48 1 37 70 31 43 7
1 2 2 1 2 2 2 1 2 2 2 1 2 1 1 2 2 2 2 1 1 2 2 1
25
16
96 79 66 3 16 52 90 77 5 62 81 46 48 86 26 5 38 5 18 4 80 52 16 2 100
27 77 11 0 16 13 0 45 1 40 24 22 42 21 9 4 29 3 4 3 19 16 16 2 86
1 1 1 2 2 1 1 2 1 2 2 1 2 2 2 2 2 1 2 1 1 1 1 2
25
16
78 2 70 8 75 88 47 20 79 30 88 14 81 30 85 17 2 36 5 6 77 1 25 37 81
41 0 22 2 44 45 9 10 30 30 82 5 21 0 64 3 2 26 3 0 2 0 4 14 81
1 2 2 2 1 1 2 2 1 2 1 2 2 2 1 2 1 2 1 2 1 2 2 2
25
16
52 92 17 22 23 11 80 29 8 38 85 34 85 41 70 75 13 77 78 25 29 58 96 33 59
48 15 4 1 1 8 73 14 0 10 19 3 72 18 3 46 1 12 56 21 1 54 8 9 53
1 2 2 1 1 1 2 1 1 1 2 1 1 2 1 1 1 1 1 2 1 1 2 2
25
16
56 81 0 95 26 9 25 26 34 11 29 60 68 19 62 34 31 90 81 30 47 72 3 30 8
51 15 0 9 0 9 19 11 29 0 14 7 10 8 31 4 2 84 78 19 26 60 1 27 1
2 1 1 2 2 2 1 2 2 2 1 2 2 1 2 1 2 1 1 1 1 1 1 1
25
16
29 88 38 57 54 46 31 17 21 54 88 51 4 37 67 77 24 75 22 78 57 16 61 7 98
11 41 10 28 26 12 5 13 9 31 66 9 2 14 31 10 0 74 5 5 43 15 23 0 54
2 1 1 2 1 2 2 2 2 1 2 2 1 1 2 1 2 2 1 2 1 2 2 2
25
16
53 84 32 1 57 34 28 26 94 62 72 73 48 11 53 52 33 41 56 68 87 72 68 47 7
7 80 10 0 36 33 12 9 79 62 27 61 16 1 2 42 12 3 56 66 79 3 40 1 4
1 1 1 1 2 1 1 1 1 1 2 1 1 2 2 2 2 1 1 1 1 1 2 2
25
16
65 100 60 80 28 82 40 80 97 67 89 76 3 87 38 42 84 26 83 45 49 78 19 59 47
12 13 59 22 17 66 4 44 24 25 48 47 1 82 6 8 56 12 22 31 13 51 0 59 26
1 1 1 1 2 2 2 1 1 2 1 1 1 2 2 2 2 1 2 1 2 1 1 1
25
16
30 13 42 67 59 73 96 88 0 84 8 16 51 33 27 36 22 60 57 66 21 98 66 55 3
7 2 20 37 22 13 74 19 0 25 5 4 12 23 2 32 20 53 34 11 19 30 49 41 3
2 2 1 1 2 1 2 1 2 2 1 1 2 1 1 2 2 1 1 2 1 1 2 1
25
16
7 82 44 40 53 74 78 99 53 0 50 22 55 9 30 38 44 14 6 1 14 61 94 53 93
3 57 16 32 8 19 50 76 32 0 17 4 51 6 11 35 9 3 0 0 6 7 60 44 29
1 2 2 2 1 2 2 1 1 1 2 1 2 1 1 2 1 1 1 1 2 1 2 1
25
16
49 78 4 84 29 24 8 47 62 73 21 81 54 100 46 39 93 6 74 66 23 66 83 70 49
24 73 2 33 4 21 2 19 12 33 6 43 29 9 16 28 25 2 19 8 0 24 77 45 16
2 2 2 2 2 1 1 1 2 1 1 1 1 1 1 1 2 1 2 2 2 1 2 2
25
16
35 38 55 32 15 19 3 41 10 25 79 57 76 0 24 37 82 75 3 81 88 6 2 83 54
2 27 32 28 11 0 2 23 3 10 16 40 13 0 5 14 39 3 3 41 29 2 2 41 2
1 2 1 1 1 1 1 1 1 1 2 2 2 2 1 1 1 2 2 2 1 1 1 1
25
16
27 32 43 65 10 68 15 4 95 42 26 92 65 42 100 10 27 12 46 34 37 54 22 13 30
16 14 32 41 10 2 7 1 5 29 25 16 45 31 58 10 27 1 45 9 17 27 5 7 6
2 2 1 1 1 2 2 1 2 2 2 2 2 2 1 2 1 2 1 2 2 2 1 2
25
16
34 6 83 87 66 37 0 95 30 31 76 13 29 91 53 17 70 77 97 46 49 95 75 95 13
24 0 56 68 31 22 0 72 3 31 12 4 22 32 51 14 69 41 21 25 0 24 62 76 5
1 1 1 1 2 2 2 1 1 1 2 1 1 1 1 1 1 1 2 1 1 1 1 1
25
16
19 76 93 5 49 34 32 25 75 78 98 53 85 12 52 74 22 45 62 58 95 88 99 39 57
7 72 81 0 38 32 29 6 65 24 87 43 54 9 40 68 16 38 26 19 28 85 81 26 42
1 2 1 2 1 1 1 1 1 2 1 2 1 1 1 1 1 1 2 1 2 1 1 1
25
16
18 13 33 28 66 1 55 60 76 44 17 13 53 21 13 33 7 47 25 60 40 62 17 87 12
15 12 23 24 28 0 13 59 70 26 13 7 46 5 8 2 3 15 15 50 23 8 10 55 9
1 1 1 2 1 1 1 2 2 1 1 2 1 1 2 1 2 1 1 2 1 2 2 1
25
16
59 25 85 87 31 94 35 64 45 40 68 69 84 56 55 95 61 11 47 96 74 2 36 39 5
41 20 18 41 18 68 15 17 9 32 27 42 55 40 54 44 55 9 33 68 59 1 35 36 3
1 2 2 2 1 1 2 1 1 2 1 1 1 2 2 2 2 1 2 1 1 1 1 2
25
16
57 18 10 13 90 100 44 73 57 62 28 21 59 76 89 76 65 90 20 22 11 71 26 35 21
12 12 9 13 24 64 11 34 5 40 3 21 8 14 58 42 22 24 16 20 1 1 10 1 15
1 1 1 2 1 1 2 2 2 1 1 1 2 1 2 1 1 1 2 2 1 2 2 2
25
16
72 27 20 71 49 55 48 66 59 41 99 87 31 61 13 42 42 35 62 43 83 14 45 83 35
21 6 14 18 43 27 21 49 36 33 32 83 3 20 12 36 22 6 32 0 15 7 40 20 7
2 1 2 2 2 1 1 1 2 2 2 1 1 1 2 2 1 1 1 1 1 2 1 2
25
16
100 82 30 3 17 30 63 25 15 18 30 84 38 20 46 55 77 77 93 9 58 98 96 53 57
91 31 0 3 1 18 30 3 12 3 28 45 1 12 31 38 38 48 39 2 48 8 19 45 50
1 2 1 2 1 2 1 1 1 2 1 1 2 2 1 1 1 2 2 2 2 1 1 1
25
16
68 28 80 47 100 81 79 47 2 4 26 25 67 0 9 43 74 100 78 80 18 28 53 27 62
20 28 7 36 8 5 67 4 1 0 23 19 59 0 0 15 46 10 6 32 6 23 11 1 21
1 1 1 1 2 2 2 1 2 1 2 1 2 1 2 1 1 1 1 1 1 1 2 1
25
16
1 65 41 20 36 12 46 80 81 58 77 70 27 63 79 46 74 89 97 32 6 21 8 15 37
1 17 13 10 23 11 27 31 2 42 47 13 0 22 26 42 12 39 28 12 0 17 6 2 4
2 1 1 1 2 1 1 1 2 1 1 2 2 2 2 2 1 2 2 1 2 1 2 2
25
16
24 45 79 94 65 46 97 75 82 67 64 34 94 81 0 26 39 27 64 70 63 51 15 13 20
3 14 49 47 5 7 89 32 6 25 42 24 93 3 0 16 6 1 29 18 3 18 11 6 8
1 1 1 1 1 1 2 1 2 1 1 1 2 1 1 2 1 2 1 2 2 2 2 1
0
