12
13
88 59 73 51 56 83 37 64 45 50 77 18
7 0 7 20 24 47 27 26 34 0 58 11
87 65 46 58 66 26 36 31 56 57 18
2
15
68 36
25 9
81
16
6
42 45 8 20 70 13 31 47 39 54 56 29 30 26 65 95
34 4 2 8 55 9 3 34 8 25 39 1 11 26 61 35
11 47 75 29 84 2 66 86 90 24 95 46 21 60 97
23
9
99 84 74 24 84 21 33 66 34 15 61 86 84 68 74 9 74 31 53 35 52 36 86
64 55 28 17 69 9 28 9 4 7 59 65 15 8 9 2 59 14 10 1 41 9 21
89 74 78 66 63 7 26 71 3 31 25 6 74 66 52 81 32 40 45 48 63 39
24
15
60 67 96 23 83 76 50 85 71 41 10 88 6 100 90 99 43 6 38 89 75 43 70 63
19 4 5 21 27 25 15 1 2 24 2 58 6 10 85 0 37 3 35 44 26 37 34 50
78 85 98 38 45 53 90 53 17 54 56 10 42 7 8 54 48 3 93 99 79 94 46
9
11
73 7 91 25 30 42 64 40 23
4 4 63 21 21 41 30 28 16
18 82 34 41 60 35 66 4
15
11
22 100 18 5 91 7 56 27 14 4 9 53 37 78 10
17 77 6 5 78 6 13 26 6 0 3 28 11 36 6
79 34 46 66 83 43 21 68 19 7 98 8 96 20
8
16
71 59 6 18 90 49 7 84
22 57 2 3 55 41 5 29
24 34 96 58 70 61 83
14
8
30 69 43 51 65 8 85 68 34 71 82 60 9 17
16 20 25 34 44 6 55 26 21 56 13 15 8 15
72 75 32 8 4 2 69 61 82 28 77 99 47
20
11
91 55 6 64 31 86 70 55 16 95 37 89 92 62 32 40 28 77 35 77
91 53 1 9 22 56 59 1 12 12 2 79 61 25 3 4 16 65 22 16
94 5 83 36 56 65 47 1 86 75 67 58 18 36 36 62 64 64 12
22
14
2 65 67 66 62 44 61 33 20 2 88 61 93 51 8 72 98 32 1 13 74 19
2 23 2 39 28 18 38 24 12 0 50 54 36 0 4 66 10 16 0 1 41 9
13 37 46 87 82 44 51 58 49 15 45 33 38 76 50 86 84 47 18 73 80
18
1
53 53 15 55 22 21 7 96 37 6 33 11 31 22 10 97 84 16
30 6 14 4 20 19 2 92 3 0 4 8 30 1 2 25 35 13
73 64 38 53 19 40 10 93 20 76 70 40 57 59 46 76 23
9
1
36 98 44 77 59 62 53 31 17
26 54 15 25 3 23 14 17 11
52 37 93 14 69 75 99 61
10
6
81 94 67 33 38 85 82 75 77 73
38 23 44 10 7 51 7 35 29 72
2 85 40 87 72 42 58 61 36
25
5
10 52 17 52 18 40 58 70 91 37 63 83 68 53 75 48 3 33 5 50 88 8 0 93 95
9 36 12 39 12 10 12 30 86 35 32 29 20 15 57 41 3 26 4 49 70 1 0 49 47
98 21 67 75 3 5 29 48 87 86 83 66 87 93 71 88 61 93 60 46 64 85 10 34
23
11
80 34 58 38 56 2 65 61 77 67 71 45 17 29 56 37 27 16 65 7 20 12 9
47 26 47 9 39 1 7 11 62 1 59 10 7 14 30 29 17 9 12 1 15 6 8
55 91 75 44 97 33 33 21 99 51 87 85 73 22 14 70 9 57 38 84 6 48
15
7
34 6 82 87 19 28 70 83 5 46 15 74 69 91 95
31 5 64 36 9 23 11 33 2 30 4 15 56 86 1
43 88 62 68 95 19 91 52 94 9 45 92 10 33
2
14
64 43
4 5
88
13
3
60 5 88 61 29 86 80 77 16 51 62 56 25
60 5 76 39 20 36 26 0 4 28 33 12 7
83 91 34 26 33 64 75 5 34 68 56 29
15
4
19 76 88 7 62 89 3 43 22 21 14 69 42 28 90
18 41 40 2 8 50 3 12 4 1 0 32 6 12 26
64 59 89 49 58 5 39 54 60 1 65 60 19 52
2
1
74 66
71 39
94
12
10
43 64 45 13 22 16 72 5 0 52 48 48
27 59 36 7 18 12 68 2 0 15 6 37
68 67 30 89 8 57 42 93 82 58 50
11
1
9 4 51 22 12 11 20 16 89 58 71
7 3 8 13 3 1 5 1 88 12 1
88 16 56 56 73 8 99 1 70 5
21
1
26 78 19 44 93 96 24 53 25 40 92 61 17 53 100 33 83 53 15 14 77
1 54 3 7 41 76 1 9 21 19 91 16 6 13 86 28 75 38 5 11 1
87 80 35 23 38 99 71 89 90 74 76 31 40 20 6 91 76 32 89 15
2
4
56 5
19 2
55
21
16
76 75 23 76 57 71 14 99 67 64 74 57 98 57 48 18 61 61 16 43 1
4 30 18 44 35 58 9 7 22 11 46 11 50 16 38 12 18 40 11 39 1
29 18 94 24 13 25 86 70 69 25 27 93 27 60 81 49 50 55 14 13
17
9
34 15 73 53 3 69 99 61 88 53 76 96 4 96 72 40 3
26 15 44 25 1 24 95 11 60 30 20 43 3 30 6 27 2
39 87 60 42 49 42 3 32 84 63 35 31 84 20 99 29
17
4
72 92 54 17 62 45 81 19 94 65 64 50 56 2 45 92 100
68 61 22 11 48 19 65 2 83 65 7 20 19 2 18 50 31
28 86 25 2 66 89 53 64 17 71 58 27 60 24 16 94
22
7
48 85 63 79 19 81 59 65 15 12 96 71 11 83 70 12 23 80 26 39 64 20
2 52 50 64 2 81 36 7 15 8 6 32 1 61 21 0 22 73 22 9 1 12
30 91 62 59 40 45 52 23 83 92 65 54 14 30 73 74 98 37 69 87 82
4
5
50 92 18 25
40 69 5 8
82 50 55
0
