18
16
33 37 90 67 88 13 11 73 46 12 57 38 80 69 65 67 67 7
13 27 69 8 45 5 9 48 20 1 8 1 80 29 27 48 24 0
1 1 1 2 1 2 2 2 2 2 1 1 2 1 1 1 2
8
9
56 84 44 75 94 13 54 41
10 32 5 60 18 8 8 24
2 1 1 2 1 1 1
22
5
74 47 11 37 52 48 12 9 0 71 13 100 41 66 68 44 48 98 0 10 92 83
24 13 10 33 20 35 10 6 0 13 7 52 5 59 2 17 7 89 0 3 85 32
2 1 2 2 2 1 2 2 2 2 1 1 1 2 2 2 1 1 2 1 2
23
11
0 33 18 51 62 16 37 29 0 71 82 91 68 90 24 57 55 64 64 12 91 31 5
0 13 6 7 60 12 35 13 0 37 56 78 35 85 7 50 37 28 52 12 5 18 0
2 1 2 2 1 1 2 1 2 1 2 1 1 1 2 2 1 1 2 1 1 1
8
2
43 78 96 16 100 49 69 36
20 53 72 13 99 13 33 1
2 1 1 2 1 1 1
7
2
47 88 79 59 15 84 82
9 68 30 44 10 75 26
2 1 2 2 1 1
9
16
5 7 68 19 19 24 91 7 3
4 3 41 14 2 20 69 5 0
2 2 1 1 2 2 2 2
20
8
41 85 37 80 14 85 0 92 73 9 83 62 15 35 41 32 47 19 64 12
9 27 14 16 1 22 0 44 58 0 34 38 6 32 28 20 42 18 9 9
2 2 2 2 2 2 2 1 2 2 1 2 2 1 2 2 1 2 1
4
5
72 83 65 92
8 62 40 53
1 1 1
19
6
32 79 64 95 6 44 42 42 0 65 65 22 44 2 19 48 14 64 44
13 77 63 4 0 34 28 4 0 62 14 8 39 1 19 42 1 64 15
1 1 1 1 1 1 1 1 1 2 2 1 1 2 1 2 1 1
13
8
82 71 5 4 63 62 37 20 46 38 61 49 60
75 57 0 1 17 20 32 5 39 23 31 42 23
2 1 1 1 1 1 2 2 1 2 2 2
6
10
86 89 78 22 64 69
81 69 41 20 42 8
2 2 1 1 1
17
8
14 64 90 35 3 80 10 10 76 52 19 65 35 55 61 54 92
7 22 48 19 0 71 8 10 1 32 8 5 34 28 48 20 27
2 1 2 1 2 1 2 2 1 1 1 2 2 1 2 1
16
12
79 76 26 58 18 69 20 41 42 52 39 1 82 81 11 44
25 20 13 7 6 5 15 25 17 8 28 1 29 32 4 24
2 2 1 2 2 2 2 1 1 1 1 1 1 1 1
5
13
82 2 9 14 65
14 1 6 0 15
1 2 2 1
10
8
36 16 95 38 35 80 92 98 13 12
22 6 47 14 25 0 60 58 2 12
2 2 1 1 1 2 2 1 2
20
8
53 36 46 17 70 45 16 70 10 5 36 49 57 34 47 38 54 0 93 63
3 29 18 8 17 23 11 31 8 5 14 37 28 29 8 38 37 0 17 53
2 1 2 2 2 1 2 2 1 1 2 2 1 1 2 1 2 1 1
11
5
26 65 49 17 90 38 3 37 48 29 13
12 18 32 0 39 26 3 32 48 22 8
2 1 1 1 1 2 1 2 2 1
10
8
84 57 98 19 1 35 3 45 42 31
81 38 23 17 0 20 0 15 23 20
1 2 1 1 1 1 2 2 1
2
12
54 44
38 6
1
18
2
53 54 89 59 3 11 42 59 78 50 63 56 99 93 21 79 44 97
41 40 58 2 3 10 19 6 75 42 12 35 94 67 3 76 25 4
1 1 1 2 2 2 1 1 2 2 1 1 1 1 2 2 1
13
12
24 88 3 73 30 13 65 62 66 96 2 59 44
10 46 0 0 23 12 53 50 2 46 2 55 1
2 1 1 1 1 1 2 1 1 2 1 1
10
8
63 0 28 27 81 2 50 22 47 9
20 0 4 23 39 1 27 6 9 9
2 1 1 2 2 2 1 1 1
18
15
10 67 76 48 95 78 1 18 66 70 1 34 61 82 83 52 37 45
1 21 21 42 70 3 1 9 15 18 0 13 57 65 52 16 16 19
1 1 2 1 1 1 2 1 2 2 2 1 1 1 1 1 2
10
7
81 46 21 64 48 46 4 41 45 33
7 25 7 54 7 23 1 37 26 9
1 1 2 2 2 2 2 1 1
21
7
42 42 21 62 54 26 5 83 47 46 91 48 26 68 24 27 0 81 72 96 41
0 2 15 39 30 25 3 63 29 46 44 7 25 58 18 11 0 18 56 13 9
1 2 1 2 2 1 1 1 2 2 1 1 2 1 1 2 1 2 1 2
10
1
48 15 11 27 69 15 77 85 39 16
39 10 0 12 35 14 63 80 5 3
1 1 1 2 1 2 1 1 1
15
13
77 88 34 99 45 4 45 85 87 89 38 2 11 46 50
9 64 0 32 14 4 31 38 62 30 37 0 1 4 50
2 1 1 2 1 2 2 2 1 2 1 2 2 2
14
7
40 65 4 67 49 74 87 0 12 35 62 33 22 31
30 41 1 52 19 28 6 0 3 11 48 17 22 21
2 2 1 1 1 2 2 1 1 1 1 2 2
2
3
55 83
46 12
1
0
