2166 11002 129
8322 40
4417 175
2341 84
8659 48
6042 131
4164 11
8521 47
1237 225
3998 20
3272 117
10691 163
5629 216
2897 221
2014 170
10782 24
95 16
1499 238
7324 5
8506 140
2329 85
7 24
2107 78
8177 24
4048 87
741 115
8952 63
2956 109
2127 200
8481 176
2100 8
862 34
7633 67
6329 104
1352 180
6923 238
8138 21
8251 63
2279 77
2373 172
6707 236
10363 224
3689 15
46 101
4125 85
7182 234
10134 80
193 11
1829 59
6825 167
1322 108
8873 63
3086 36
445 185
10494 110
3142 214
2594 95
7150 156
2531 185
1416 84
7093 15
8095 3
4058 126
2652 61
10677 25
314 32
506 23
793 74
1350 236
3105 196
9824 67
8444 119
497 42
702 99
9262 64
2257 252
857 60
1337 252
5318 196
10044 22
1754 175
8434 206
2674 219
9822 204
697 141
1526 16
5558 162
2166 108
3559 128
2933 98
5637 229
6881 18
1891 218
146 57
2333 143
10577 237
3008 140
842 27
10861 14
5017 118
4255 229
5791 205
1774 148
9129 136
9281 67
6298 72
5205 30
4337 76
10498 158
10500 171
5024 133
10916 14
3257 240
3557 242
6310 73
7848 249
8790 131
5576 156
2998 88
6837 148
8805 22
5564 52
438 158
3556 79
9624 249
6727 174
1049 132
3412 197
7682 219
2095 169
2297 86
2753 246
5903 178
4346 153
2019 104
3205 82
10109 84
9046 193
4122 71
9922 190
9811 13
10424 25
10330 163
10589 76
4103 255
5807 27
1306 54
5060 9
2602 116
8350 88
2603 119
2122 127
3811 10
5366 255
7729 59
3505 46
4244 189
1015 63
8999 44
7892 220
8415 200
4113 152
5086 36
4304 205
727 132
3668 230
7777 109
5596 206
7653 1
7461 119
1993 212
5788 50
2704 155
4480 229
5452 167
936 163
7678 93
698 223
4597 152
9192 198
6762 84
932 197
9307 106
372 230
1202 185
8809 43
10153 156
1698 85
8855 247
5102 74
8063 206
2791 198
5784 151
1079 49
587 54
3353 128
10544 14
2559 240
9933 202
4079 110
1439 107
5203 154
416 91
6336 20
9711 215
950 42
2466 153
1452 103
746 10
2082 70
5258 233
351 116
7032 148
1558 220
896 25
8557 254
8936 5
5980 176
6500 17
9963 235
8411 251
3168 176
7273 51
4320 155
6222 5
3558 71
7831 196
10440 23
7783 130
5442 116
5704 40
3051 41
6905 49
788 214
6613 250
10057 71
1973 213
3206 133
7832 1
4009 111
8459 140
6952 222
8983 31
8273 215
6514 39
1075 29
4070 243
6023 121
6633 81
3586 243
1181 124
1500 147
4013 151
6303 202
10515 165
1539 238
10067 89
5732 36
8176 133
8485 22
3258 143
353 179
7978 177
814 115
1574 121
8878 90
417 70
8871 46
23 38
8766 20
145 238
5623 17
7056 226
6440 179
5324 186
1826 53
2212 123
6478 137
7380 217
10981 145
1776 123
2715 228
3748 50
10143 117
2380 30
9690 118
4813 238
10898 214
1273 79
7403 152
10129 182
7791 134
2405 104
3194 104
2971 13
2004 68
644 225
5986 213
10338 92
1270 179
7531 219
10002 117
8105 229
9169 36
10448 138
8780 86
10502 175
10747 84
7750 134
8851 151
5233 55
2538 251
7466 233
9837 240
7849 14
9093 51
5088 101
2652 16
4819 83
10694 231
2659 46
2754 238
5334 13
2279 232
5275 191
1527 208
3572 107
4923 17
3643 139
7011 112
5447 212
1655 55
1261 134
4666 198
10784 240
1136 252
5875 139
5344 211
3303 120
4379 123
9132 181
4426 73
7945 251
9668 233
8943 120
4037 6
1271 106
9940 248
7380 184
2137 125
8798 164
6612 55
9180 178
2588 245
2537 200
2251 66
6062 196
248 170
6760 110
3206 207
4242 24
9993 221
3964 200
7565 164
7126 55
6422 162
3163 152
6402 109
7250 102
4362 183
188 16
980 108
9219 253
6054 25
9687 137
1191 18
8307 141
3024 148
10429 29
8367 101
66 238
8472 18
9158 40
9479 95
10648 31
1087 249
4623 158
1629 28
4819 41
8925 51
4133 66
5918 244
1730 173
7828 68
7015 211
1108 90
1888 129
2259 40
8559 233
10981 207
1812 23
7734 14
1470 241
2901 112
5253 206
9728 8
9772 206
5606 173
2277 8
7886 132
1105 132
4723 160
632 81
5835 179
4642 168
2736 112
1781 57
8817 202
9097 198
10716 123
6740 33
10689 39
2959 147
6931 114
541 232
10273 89
54 8
2066 69
460 118
6316 248
186 107
6745 244
3473 38
2163 106
1843 17
6633 74
10384 22
6295 146
2608 49
2496 110
3239 75
3089 71
10717 117
5454 79
10416 187
5080 184
9185 110
8692 0
5398 62
9435 179
8080 254
1666 228
878 91
4342 199
5839 134
4310 197
203 236
9747 69
6683 9
2836 197
1131 166
5343 43
1124 37
2427 52
10475 148
549 215
1383 237
3524 66
327 78
3462 181
9275 160
9833 141
7913 55
962 202
5048 74
384 155
3130 119
1627 0
10527 66
22 37
5452 242
2266 131
9840 124
6550 91
3428 9
5071 205
9514 200
2690 221
5151 88
4766 185
880 238
1433 194
8287 35
2240 97
6592 168
186 102
3724 222
10887 223
6025 124
1068 26
10235 99
2368 239
2415 126
7201 188
7397 45
7735 121
10513 224
6485 34
2118 90
6802 236
1314 113
9322 120
2519 148
3496 134
6499 253
8285 102
3441 226
1389 119
5344 127
611 48
3672 80
9993 223
6486 74
1493 161
8978 127
6000 184
6663 245
8755 222
3467 6
3019 146
5080 59
1377 26
4582 199
10718 58
2871 188
1333 50
9171 17
2970 64
4134 141
2818 16
3097 181
4311 84
1341 194
9745 9
2795 230
2163 140
6325 182
6173 12
6352 15
8720 132
1073 89
2233 183
676 118
2176 101
8241 60
1032 70
7829 204
8282 204
7795 154
9002 110
1849 146
6707 125
4006 32
1182 7
7758 106
8360 22
5288 188
4580 166
3859 65
3901 145
1087 43
6354 9
7405 86
5481 156
3728 125
879 113
6857 40
3214 226
1679 99
5374 210
1210 70
3862 49
9828 123
6334 230
5980 235
6743 124
7984 94
3449 25
2891 153
7314 187
10589 159
8947 113
7400 129
2321 174
3355 165
2356 38
6242 193
2287 132
8980 106
2146 75
10182 162
612 87
161 20
6917 49
10760 149
5732 155
6267 108
10412 197
9660 33
6450 83
828 62
5191 190
3975 183
2478 58
6822 148
6073 175
2726 79
206 207
1932 201
6521 257
9076 252
5996 35
10975 142
699 186
1979 82
8855 180
8586 196
1867 63
2419 186
5589 252
7880 50
6383 217
7998 147
51 257
5767 34
10954 46
3261 60
4914 179
1842 221
5641 153
778 14
6053 45
6896 0
10307 82
3698 20
3844 225
4943 198
10991 141
732 196
8465 136
2687 17
3358 95
3384 128
1843 33
9555 112
3516 159
5117 11
7157 153
9009 250
1590 149
4295 202
3256 125
1776 255
2258 130
4790 246
3067 122
5691 177
8050 39
3105 164
9212 191
10483 149
2775 3
8411 179
1825 64
6148 229
9260 153
5812 146
1144 221
1409 193
3482 113
4908 238
7796 92
5991 86
2265 25
728 60
9232 83
1784 208
8795 247
9198 42
4744 237
10560 56
9255 237
3968 224
8141 134
6606 50
1884 257
2419 43
5129 48
4583 148
4413 193
152 154
7949 28
3072 223
2116 156
368 79
9953 217
1706 162
6972 20
10369 222
4420 111
8871 172
4091 211
3540 235
2096 113
2918 47
7352 154
10161 194
3673 215
10743 182
3501 19
1224 180
4228 190
2313 0
4972 141
9207 108
5471 17
10682 189
1705 132
8367 23
7561 17
1232 39
869 30
1123 112
7309 171
10404 132
9111 115
4134 164
8234 197
1840 114
2508 203
561 40
7328 85
2779 48
5974 169
1064 93
645 123
213 183
5159 192
3301 28
10308 70
9644 172
1034 205
6109 37
2602 150
964 71
7236 59
869 98
8336 160
8648 5
2833 200
2968 27
5833 140
10813 73
3865 232
7593 248
7143 201
3835 206
2056 34
9759 246
1852 78
9911 15
1264 66
9447 39
9148 205
7264 119
7911 102
7771 105
7103 163
10715 134
10323 247
204 231
5124 197
10329 189
9650 119
92 133
2238 133
6591 137
7396 59
8964 53
1726 45
10346 249
1237 254
3993 21
1270 141
10110 77
2747 66
4277 131
2870 79
2922 135
8165 191
1197 1
1611 70
1182 179
2069 128
9215 7
3061 146
7825 43
3298 1
6567 173
9223 152
8400 180
10097 30
5019 39
2021 238
8730 112
10458 233
8324 80
368 26
3361 190
1943 88
3110 212
9496 57
10421 251
9506 220
3015 107
104 131
4011 13
3963 212
3518 228
5818 160
548 246
5735 221
791 13
1456 252
780 22
10080 8
10683 128
10111 229
7064 119
1437 240
7506 74
10664 135
6109 222
7639 162
5509 122
9518 220
5207 207
710 120
6567 140
10130 95
2353 96
4229 209
2554 177
6109 193
8187 247
1604 152
7040 252
3662 87
1831 231
8339 193
793 107
10455 148
5743 231
213 147
3972 218
1188 55
5970 116
2834 228
8759 192
1953 126
1721 0
6728 39
4497 228
9942 29
10585 27
1205 98
5346 236
8984 45
6458 101
5048 251
9448 183
6748 231
9023 103
10508 110
9919 188
4179 61
8579 87
647 233
7404 39
7649 125
7981 176
315 174
8444 235
6819 141
389 163
2663 117
314 165
6229 73
8877 131
6782 148
2779 117
10632 159
4925 244
6946 29
7355 156
10480 141
1900 5
5194 200
3296 11
8937 3
2318 56
9962 194
3492 214
3600 184
2159 77
1126 116
205 106
10700 178
145 6
2842 1
350 212
1913 223
10485 194
2009 195
422 178
381 102
4757 245
7769 153
6539 52
5141 256
7002 129
10699 33
9419 215
7564 3
2889 251
6013 201
9988 19
28 124
8564 184
6621 182
3270 241
1749 252
10247 216
7084 170
3087 102
8441 100
8746 13
5582 172
9281 170
5995 153
10063 109
9538 154
9742 94
3926 234
2991 249
9340 164
10595 150
2706 126
252 33
4593 152
1696 199
3109 167
3233 35
8268 16
6488 145
3029 237
8264 60
2946 155
684 106
4252 28
10888 204
8882 146
3794 39
6941 44
9317 73
4910 1
5999 107
2355 251
7808 33
4221 84
1143 238
8059 242
5117 119
5701 232
10296 169
4251 138
5817 173
654 120
2390 230
8738 179
6906 249
9581 129
2506 31
10936 13
6313 166
9791 103
10184 219
1212 17
7505 100
1665 142
5882 66
10427 26
4374 87
9995 67
9019 195
5644 57
5749 19
6313 163
4850 103
3625 3
4566 129
4537 56
659 38
7740 53
765 136
3921 155
3636 23
9119 48
1605 184
4402 226
9435 115
7802 95
6839 190
1033 240
9545 127
1038 126
7888 192
9428 171
9796 96
1389 182
2497 155
950 18
3105 192
448 166
2102 247
2593 48
6230 86
6376 62
618 70
8309 228
8171 91
4097 146
10335 166
8643 157
4594 201
1507 103
8039 142
10931 241
8482 139
8854 201
149 114
10169 8
5922 143
5842 99
9081 61
6160 245
7243 167
5747 202
5462 175
6242 224
10519 86
7984 148
1223 137
4961 35
7789 130
5836 104
10816 195
6697 59
10340 243
1747 219
144 105
2771 148
8345 201
765 45
8807 139
2265 67
4809 194
1734 0
9868 242
6076 155
4932 100
9688 194
5619 182
2397 146
3952 12
3186 27
6279 196
3260 41
6941 218
8482 60
2398 38
5394 142
1403 111
9035 233
6043 91
1472 52
8461 171
8247 145
10348 85
3700 204
9352 38
38 38
5165 130
9194 15
3376 176
6767 234
534 168
9521 118
9308 131
4891 0
5566 156
7566 207
10993 132
2184 6
6282 222
3678 165
10246 62
6018 104
7462 19
8781 161
3594 216
8806 165
6725 102
5946 184
9410 219
9200 116
2461 186
5647 56
9553 220
6197 208
7682 199
2619 200
6937 7
4384 198
612 29
8448 40
7415 149
8329 80
1977 248
4898 252
9953 2
1825 231
543 247
5749 64
6761 77
3812 6
6307 193
9218 227
4375 243
3422 163
5277 125
1022 243
9018 227
1377 77
10803 35
2058 229
2062 72
7521 114
4078 204
5023 169
10357 51
3346 77
4655 180
6855 148
1624 35
1775 212
8850 69
8551 53
7463 118
8065 111
2447 244
1511 17
3747 174
10533 171
5116 235
7596 41
10959 160
4422 177
4724 188
9080 116
3585 125
1346 170
9228 196
7194 47
7167 189
7525 4
897 155
4033 25
6084 238
8419 159
7399 59
3998 119
4543 88
8975 189
8011 49
3657 20
8561 143
6111 236
3807 129
1614 13
6668 217
2728 213
7640 146
7091 133
4555 120
333 210
2452 228
3454 60
3444 224
10722 111
5466 165
9233 254
9452 173
353 219
723 54
5595 244
9620 166
10431 27
2133 131
5553 220
10763 122
10696 59
4020 52
1113 28
2401 105
5215 68
8825 220
7427 177
4274 219
3907 45
8088 221
6894 0
2796 187
5694 144
6868 80
1746 153
9142 212
225 83
3105 200
293 177
2462 235
1794 48
7799 216
10503 165
6692 215
6151 19
31 157
1671 79
568 98
10134 93
777 21
6159 49
10532 30
8487 1
1687 96
764 140
8605 7
1346 154
2837 205
5178 77
3436 21
9776 54
6145 224
5023 236
10473 161
3192 40
5828 40
4210 17
9367 176
819 174
1008 1
10465 57
9875 37
6352 99
4893 44
8097 15
7646 201
8541 179
10800 63
6489 220
2353 48
578 20
191 14
8 161
4965 143
355 50
2523 231
1493 59
440 87
1028 230
2651 157
308 78
5052 213
9994 35
9820 146
4257 31
5462 137
8597 181
4832 145
5355 56
2237 127
9583 226
6714 127
8173 12
636 111
3479 244
6541 255
2840 99
8031 216
1989 149
9293 232
3966 173
10169 212
3569 18
8403 167
7930 44
10738 249
1724 136
3271 113
7222 32
4344 248
2540 215
4485 101
1835 158
1790 38
7697 144
3804 131
7708 113
1912 247
7899 186
9341 134
2150 206
1613 50
6365 106
3391 163
5530 226
9374 44
10648 80
6388 35
1178 70
9185 211
9065 21
9921 225
4692 85
2827 142
2288 164
6535 150
2079 94
5898 16
1108 65
6529 41
6201 179
8605 8
10017 154
10175 193
2156 157
3420 159
878 159
10702 182
1629 56
8591 238
3472 73
8902 125
7470 25
4501 59
9398 68
1593 89
9744 237
10565 60
7179 102
2986 252
3461 220
6827 12
2708 22
186 243
3350 240
8288 29
7538 150
3330 21
3762 54
6405 8
2691 29
9041 188
2354 228
7132 47
10735 222
4463 201
10526 51
2849 79
3436 233
4440 184
10659 73
7120 235
3310 243
9212 117
6805 227
2760 140
9292 240
6016 14
161 227
6309 1
10308 162
983 88
5134 203
2055 85
5487 243
5502 102
240 13
4886 202
2737 55
1674 227
7136 65
1310 145
5514 86
1928 76
5222 44
9978 140
8593 206
188 20
8577 197
9369 200
2123 141
7386 145
10287 252
6266 242
9788 190
10348 228
2744 108
4158 150
2753 104
5687 168
5518 252
3851 92
10596 244
9934 153
6783 56
1829 1
867 134
2131 6
572 201
9819 77
8977 82
9835 51
263 125
7048 219
3472 174
4175 137
7963 128
49 191
1867 25
4332 191
4851 57
5363 26
75 39
4231 205
3385 33
9177 131
9133 60
7241 196
2541 126
555 76
1920 43
5539 145
5636 233
5051 176
3273 197
1480 150
4092 205
7249 225
652 49
4962 28
4647 178
1898 239
10153 55
8934 193
9831 116
1667 151
6132 93
6902 154
9594 86
9165 235
5221 239
7494 98
3223 243
122 218
6049 218
6816 114
8975 17
2855 163
3719 123
10732 143
8310 90
10960 28
3736 54
4886 181
7009 228
6867 219
430 5
7179 167
8413 169
3505 65
10550 209
782 116
6910 224
9084 108
5590 178
7714 199
2851 39
1127 249
7150 36
7091 40
3271 162
9231 174
6169 249
6129 24
1470 220
8796 18
937 60
10596 10
8164 165
1450 208
1541 5
5225 61
6017 202
5228 252
9337 8
9139 120
699 160
10685 65
8774 36
9675 167
4186 115
2225 252
9121 192
4480 83
7662 234
9711 10
710 18
8585 254
5772 35
5718 175
5806 64
6865 93
9302 219
10538 46
8369 101
1361 121
2990 83
7909 93
4500 113
5406 161
8970 43
2967 14
4734 238
1324 74
8536 17
2367 89
4665 159
6370 202
3965 82
2457 198
7389 12
7759 241
3003 83
10604 90
2312 225
3318 132
1346 229
10213 137
6079 34
9528 159
6894 104
9873 240
6283 111
2967 227
10319 246
6756 11
10577 229
648 159
6275 68
1372 202
9107 18
8947 192
3504 126
10553 223
10766 189
4962 173
1359 246
5001 38
2097 117
2229 14
7630 178
5575 198
2983 45
5840 89
307 239
7976 51
1212 139
708 79
9795 100
10929 41
5116 50
2425 98
375 124
2165 103
7859 238
8997 227
4860 103
7940 105
5450 162
5352 33
3246 18
9478 229
1274 64
50 109
21 243
446 63
7 128
5690 226
8839 187
10135 215
8864 139
6556 50
7662 244
5992 37
7647 115
2470 61
7688 106
823 216
1003 161
5917 130
5684 128
7052 174
8386 16
6786 133
7284 100
10032 74
3955 121
10459 6
7851 39
7996 230
2030 75
690 30
3396 163
3845 196
6139 150
6703 52
1157 92
8563 182
1979 201
8726 225
5702 40
9866 90
5050 91
2993 161
5173 207
5570 69
5607 75
2535 117
9589 105
1724 22
2012 124
827 98
319 204
9922 87
10071 7
3255 191
11 169
759 76
4850 78
9952 120
7305 168
6216 163
4691 12
10265 42
9885 91
4529 248
10218 48
8453 32
4166 17
10665 65
8769 163
3622 35
4824 131
960 34
8889 232
1858 63
7610 115
552 9
9432 164
4350 94
6596 20
5920 67
10184 255
5471 187
10147 95
4207 230
9973 230
812 73
10153 77
1307 154
3726 46
3981 225
7382 226
6796 66
234 152
8291 99
9965 34
4677 145
5883 176
518 186
1397 232
10614 103
5890 153
7075 163
2936 147
8283 34
10754 168
8322 122
4844 156
4039 208
3585 234
1560 205
4920 15
4223 45
3840 131
1492 216
1988 207
772 157
2275 251
2107 221
10337 216
726 232
10625 82
6146 102
6623 72
9500 234
4034 19
7371 96
6797 92
2816 33
1888 48
5502 8
628 52
5700 34
6956 189
8397 217
2149 153
6598 202
7588 159
10697 58
4321 126
1509 124
10921 11
4195 29
5622 129
3354 42
169 232
8922 124
3768 46
6288 63
8782 14
4643 179
10630 75
4450 100
8441 122
1951 186
9186 211
7762 52
2891 53
3484 58
9874 239
2856 190
1133 79
8098 153
4736 208
10549 250
9198 154
2283 192
9957 93
10006 10
527 71
3154 231
7153 207
5826 110
5143 116
5187 38
3433 10
4174 8
10020 136
9881 248
4312 23
9853 11
1672 118
780 136
4715 51
1292 196
6741 228
4759 253
3087 245
871 70
1180 35
9232 139
352 60
3563 244
1371 42
9381 113
208 8
924 236
3749 61
10574 209
6945 38
4509 87
8282 160
7247 109
9309 193
2707 138
9580 21
3803 70
10658 218
2877 27
6811 68
2160 15
9303 157
6899 197
2514 252
9312 147
3371 142
7448 57
10422 73
310 223
3011 164
4501 194
7941 146
9831 109
9015 49
8610 213
5739 95
4569 28
921 189
1976 124
9605 52
6674 2
129 185
3496 160
10459 36
6146 51
1612 9
4539 46
8699 89
3976 82
260 141
325 48
1869 123
407 16
7565 82
8767 174
5726 234
1072 142
281 230
1444 114
7523 236
2207 133
8213 87
6702 200
5070 168
6881 122
6970 44
5998 246
987 11
5502 165
3892 59
707 171
7374 143
1423 213
3101 88
4445 85
3528 212
10167 37
1320 229
8278 61
3348 47
4972 166
5833 75
3714 159
902 3
2890 196
5021 80
10888 132
110 16
5855 177
5509 62
10004 163
2464 135
6953 158
372 3
1383 251
1846 21
7365 204
2758 24
10163 99
1255 204
7875 147
1230 94
504 252
4812 216
518 58
1351 203
9744 108
10866 42
2476 172
10497 0
4784 26
475 3
199 25
1056 188
3143 50
4237 66
2493 113
1733 42
2360 139
1613 191
4781 185
2451 31
410 123
5051 90
5908 77
508 29
9837 122
2168 11
2118 251
253 88
9107 179
4058 192
1523 243
1192 120
10134 107
4770 28
4510 176
7753 88
5632 82
7176 39
4631 176
2632 151
1540 167
1167 195
9976 8
8282 3
5093 64
7292 17
8006 227
2911 251
619 135
10038 194
6595 220
1410 139
10628 45
9179 32
7054 63
1779 156
3492 233
4551 50
9125 30
7998 208
6503 245
1531 131
3668 73
6412 93
10979 128
4001 238
7617 48
8275 196
5736 254
5070 72
10563 157
1554 90
406 64
654 222
6182 73
951 199
376 154
9919 208
1551 97
8618 77
6242 182
8563 99
3179 215
6833 8
8179 107
2648 26
1514 159
2725 245
3643 103
1653 188
7980 211
7623 233
1115 185
2666 49
4385 163
3382 103
805 58
4879 86
10629 50
5028 84
7296 220
780 137
9060 89
2993 131
8628 206
263 62
9373 56
1893 44
6239 144
7300 88
2921 183
3011 64
2944 218
8232 116
3041 223
7494 158
9023 101
1121 2
8033 18
7507 25
4196 153
2754 80
5667 48
8386 133
7858 19
10363 108
9892 135
5739 105
4765 26
4397 229
8003 177
5268 208
1936 222
7158 104
5057 80
8299 199
6540 172
6701 83
2193 173
6077 218
2490 244
10999 12
5000 46
7442 103
2779 54
2988 66
9067 177
8079 207
2211 207
3637 22
6969 200
4138 134
4205 157
988 34
4261 212
2682 10
3253 148
371 79
10503 2
211 185
9859 32
5166 164
51 35
581 121
8663 121
9668 228
9106 106
2439 86
1384 190
9816 11
5437 1
3563 244
6377 21
4484 198
5817 145
5831 215
465 138
3636 152
7757 134
8127 163
3940 216
3616 21
6304 99
7542 43
8103 21
5398 222
10268 212
10532 97
2213 76
8595 120
1673 157
10963 44
8711 212
4178 37
3473 136
9464 24
8336 155
9686 117
4139 18
9004 238
6264 102
5552 212
1272 17
561 30
8235 202
10560 228
9019 36
9244 34
7819 22
4118 198
1999 21
1558 158
3498 47
98 60
8163 18
5258 128
4655 38
8879 173
3761 202
2326 237
3505 210
19 1
5769 94
2956 22
9613 47
3569 116
7343 84
784 243
8959 185
3917 31
947 50
1958 189
6419 135
5762 154
10492 52
8423 131
4259 95
1929 67
2108 183
1359 98
8794 163
4714 152
536 157
9441 199
5843 12
8745 73
9287 124
1921 121
9057 110
9947 66
2722 206
8850 147
10800 47
10787 143
7720 211
592 81
5185 184
808 29
6591 129
4515 202
2156 194
4737 94
4227 49

