100
-99 40
44 87
-33 16
-50 72
-67 -39
-82 46
39 78
-13 4
-83 62
-97 12
-35 65
-27 27
-49 93
-96 30
-84 -3
-6 65
-31 14
19 90
-18 88
-7 54
-99 -79
6 95
-27 97
-48 -14
-82 -46
4 88
-96 26
-43 39
-92 26
36 70
-72 71
49 96
-84 21
-60 48
28 46
-34 51
-77 62
-17 9
-23 52
-99 -85
90 98
-60 32
-54 -34
23 48
-57 -49
38 50
-80 -5
22 60
-43 -1
55 88
-51 1
67 71
63 97
12 32
-40 52
21 69
-74 52
-77 -10
6 81
-53 23
-26 84
-94 36
-82 -63
-36 19
37 82
24 33
-95 60
-23 17
-93 -55
1 72
-75 35
64 78
26 53
-63 82
-10 44
-53 73
44 86
-16 94
1 72
11 21
-1 68
-2 58
-21 60
-28 77
-33 53
35 77
42 65
-26 55
40 92
52 86
-35 50
9 12
-18 15
-62 37
-70 22
42 81
-98 -71
16 60
-94 10
56 89
