98
4 2 4 5 6 8 9 11 12 13 15 16 18 19 20 21 22 23 25 26 27 28 29 31 32 34 35 36 37 38 39 41 44 47 50 53 56 61 64 67 70 74 77 80 83 86 91 96 0 3 98 0
2 1 4 5 6 8 9 11 12 13 15 16 18 19 20 21 22 23 25 26 27 28 29 31 32 34 35 36 37 38 39 41 44 47 50 53 56 61 64 67 70 74 77 80 83 86 91 96 0 3 0
3 2 0 1 98 0
7 1 2 5 6 8 9 11 12 13 15 16 18 19 20 21 22 23 25 26 27 28 29 31 32 34 35 36 37 38 39 41 44 47 50 53 56 61 64 67 70 74 77 80 83 86 91 96 0 95 97 98 0
9 1 2 4 6 8 9 11 12 13 15 16 18 19 20 21 22 23 25 26 27 28 29 31 32 34 35 36 37 38 39 41 44 47 50 53 56 61 64 67 70 74 77 80 83 86 91 96 0 7 94 95 0
5 1 2 4 5 8 9 11 12 13 15 16 18 19 20 21 22 23 25 26 27 28 29 31 32 34 35 36 37 38 39 41 44 47 50 53 56 61 64 67 70 74 77 80 83 86 91 96 0 7 0
6 6 0 5 94 95 0
16 1 2 4 5 6 9 11 12 13 15 16 18 19 20 21 22 23 25 26 27 28 29 31 32 34 35 36 37 38 39 41 44 47 50 53 56 61 64 67 70 74 77 80 83 86 91 96 0 10 93 94 0
9 1 2 4 5 6 8 11 12 13 15 16 18 19 20 21 22 23 25 26 27 28 29 31 32 34 35 36 37 38 39 41 44 47 50 53 56 61 64 67 70 74 77 80 83 86 91 96 0 10 0
8 9 0 8 93 94 0
24 1 2 4 5 6 8 9 12 13 15 16 18 19 20 21 22 23 25 26 27 28 29 31 32 34 35 36 37 38 39 41 44 47 50 53 56 61 64 67 70 74 77 80 83 86 91 96 0 90 92 93 0
37 1 2 4 5 6 8 9 11 13 15 16 18 19 20 21 22 23 25 26 27 28 29 31 32 34 35 36 37 38 39 41 44 47 50 53 56 61 64 67 70 74 77 80 83 86 91 96 0 14 89 90 0
19 1 2 4 5 6 8 9 11 12 15 16 18 19 20 21 22 23 25 26 27 28 29 31 32 34 35 36 37 38 39 41 44 47 50 53 56 61 64 67 70 74 77 80 83 86 91 96 0 14 0
19 13 0 12 89 90 0
54 1 2 4 5 6 8 9 11 12 13 16 18 19 20 21 22 23 25 26 27 28 29 31 32 34 35 36 37 38 39 41 44 47 50 53 56 61 64 67 70 74 77 80 83 86 91 96 0 17 88 89 0
28 1 2 4 5 6 8 9 11 12 13 15 18 19 20 21 22 23 25 26 27 28 29 31 32 34 35 36 37 38 39 41 44 47 50 53 56 61 64 67 70 74 77 80 83 86 91 96 0 17 0
27 16 0 15 88 89 0
82 1 2 4 5 6 8 9 11 12 13 15 16 19 20 21 22 23 25 26 27 28 29 31 32 34 35 36 37 38 39 41 44 47 50 53 56 61 64 67 70 74 77 80 83 86 91 96 0 85 87 88 0
124 1 2 4 5 6 8 9 11 12 13 15 16 18 20 21 22 23 25 26 27 28 29 31 32 34 35 36 37 38 39 41 44 47 50 53 56 61 64 67 70 74 77 80 83 86 91 96 0 82 84 85 0
186 1 2 4 5 6 8 9 11 12 13 15 16 18 19 21 22 23 25 26 27 28 29 31 32 34 35 36 37 38 39 41 44 47 50 53 56 61 64 67 70 74 77 80 83 86 91 96 0 79 81 82 0
280 1 2 4 5 6 8 9 11 12 13 15 16 18 19 20 22 23 25 26 27 28 29 31 32 34 35 36 37 38 39 41 44 47 50 53 56 61 64 67 70 74 77 80 83 86 91 96 0 76 78 79 0
420 1 2 4 5 6 8 9 11 12 13 15 16 18 19 20 21 23 25 26 27 28 29 31 32 34 35 36 37 38 39 41 44 47 50 53 56 61 64 67 70 74 77 80 83 86 91 96 0 24 72 73 0
211 1 2 4 5 6 8 9 11 12 13 15 16 18 19 20 21 22 25 26 27 28 29 31 32 34 35 36 37 38 39 41 44 47 50 53 56 61 64 67 70 74 77 80 83 86 91 96 0 24 0
211 23 0 22 72 73 0
631 1 2 4 5 6 8 9 11 12 13 15 16 18 19 20 21 22 23 26 27 28 29 31 32 34 35 36 37 38 39 41 44 47 50 53 56 61 64 67 70 74 77 80 83 86 91 96 0 69 71 72 0
946 1 2 4 5 6 8 9 11 12 13 15 16 18 19 20 21 22 23 25 27 28 29 31 32 34 35 36 37 38 39 41 44 47 50 53 56 61 64 67 70 74 77 80 83 86 91 96 0 66 68 69 0
1420 1 2 4 5 6 8 9 11 12 13 15 16 18 19 20 21 22 23 25 26 28 29 31 32 34 35 36 37 38 39 41 44 47 50 53 56 61 64 67 70 74 77 80 83 86 91 96 0 60 62 63 0
2131 1 2 4 5 6 8 9 11 12 13 15 16 18 19 20 21 22 23 25 26 27 29 31 32 34 35 36 37 38 39 41 44 47 50 53 56 61 64 67 70 74 77 80 83 86 91 96 0 30 59 60 0
1066 1 2 4 5 6 8 9 11 12 13 15 16 18 19 20 21 22 23 25 26 27 28 31 32 34 35 36 37 38 39 41 44 47 50 53 56 61 64 67 70 74 77 80 83 86 91 96 0 30 0
1066 29 0 28 59 60 0
3195 1 2 4 5 6 8 9 11 12 13 15 16 18 19 20 21 22 23 25 26 27 28 29 32 34 35 36 37 38 39 41 44 47 50 53 56 61 64 67 70 74 77 80 83 86 91 96 0 33 58 59 0
1599 1 2 4 5 6 8 9 11 12 13 15 16 18 19 20 21 22 23 25 26 27 28 29 31 34 35 36 37 38 39 41 44 47 50 53 56 61 64 67 70 74 77 80 83 86 91 96 0 33 0
1599 32 0 31 58 59 0
4795 1 2 4 5 6 8 9 11 12 13 15 16 18 19 20 21 22 23 25 26 27 28 29 31 32 35 36 37 38 39 41 44 47 50 53 56 61 64 67 70 74 77 80 83 86 91 96 0 55 57 58 0
7192 1 2 4 5 6 8 9 11 12 13 15 16 18 19 20 21 22 23 25 26 27 28 29 31 32 34 36 37 38 39 41 44 47 50 53 56 61 64 67 70 74 77 80 83 86 91 96 0 49 51 52 0
10789 1 2 4 5 6 8 9 11 12 13 15 16 18 19 20 21 22 23 25 26 27 28 29 31 32 34 35 37 38 39 41 44 47 50 53 56 61 64 67 70 74 77 80 83 86 91 96 0 46 48 49 0
16182 1 2 4 5 6 8 9 11 12 13 15 16 18 19 20 21 22 23 25 26 27 28 29 31 32 34 35 36 38 39 41 44 47 50 53 56 61 64 67 70 74 77 80 83 86 91 96 0 43 45 46 0
24273 1 2 4 5 6 8 9 11 12 13 15 16 18 19 20 21 22 23 25 26 27 28 29 31 32 34 35 36 37 39 41 44 47 50 53 56 61 64 67 70 74 77 80 83 86 91 96 0 40 42 43 0
12137 1 2 4 5 6 8 9 11 12 13 15 16 18 19 20 21 22 23 25 26 27 28 29 31 32 34 35 36 37 38 41 44 47 50 53 56 61 64 67 70 74 77 80 83 86 91 96 0 40 0
12137 39 0 38 42 43 0
12137 1 2 4 5 6 8 9 11 12 13 15 16 18 19 20 21 22 23 25 26 27 28 29 31 32 34 35 36 37 38 39 44 47 50 53 56 61 64 67 70 74 77 80 83 86 91 96 0 42 0
12137 41 0 38 40 43 0
8092 38 40 42 0 37 45 46 0
8092 1 2 4 5 6 8 9 11 12 13 15 16 18 19 20 21 22 23 25 26 27 28 29 31 32 34 35 36 37 38 39 41 47 50 53 56 61 64 67 70 74 77 80 83 86 91 96 0 45 0
8092 44 0 37 43 46 0
5394 37 43 45 0 36 48 49 0
5395 1 2 4 5 6 8 9 11 12 13 15 16 18 19 20 21 22 23 25 26 27 28 29 31 32 34 35 36 37 38 39 41 44 50 53 56 61 64 67 70 74 77 80 83 86 91 96 0 48 0
5394 47 0 36 46 49 0
3597 36 46 48 0 35 51 52 0
3596 1 2 4 5 6 8 9 11 12 13 15 16 18 19 20 21 22 23 25 26 27 28 29 31 32 34 35 36 37 38 39 41 44 47 53 56 61 64 67 70 74 77 80 83 86 91 96 0 51 0
3597 50 0 35 49 52 0
2398 35 49 51 0 54 55 0
2397 1 2 4 5 6 8 9 11 12 13 15 16 18 19 20 21 22 23 25 26 27 28 29 31 32 34 35 36 37 38 39 41 44 47 50 56 61 64 67 70 74 77 80 83 86 91 96 0 54 0
2398 53 0 52 55 0
2397 52 54 0 34 57 58 0
2398 1 2 4 5 6 8 9 11 12 13 15 16 18 19 20 21 22 23 25 26 27 28 29 31 32 34 35 36 37 38 39 41 44 47 50 53 61 64 67 70 74 77 80 83 86 91 96 0 57 0
2398 56 0 34 55 58 0
1599 34 55 57 0 31 33 59 0
1065 31 33 58 0 28 30 60 0
711 28 30 59 0 27 62 63 0
710 1 2 4 5 6 8 9 11 12 13 15 16 18 19 20 21 22 23 25 26 27 28 29 31 32 34 35 36 37 38 39 41 44 47 50 53 56 64 67 70 74 77 80 83 86 91 96 0 62 0
711 61 0 27 60 63 0
474 27 60 62 0 65 66 0
473 1 2 4 5 6 8 9 11 12 13 15 16 18 19 20 21 22 23 25 26 27 28 29 31 32 34 35 36 37 38 39 41 44 47 50 53 56 61 67 70 74 77 80 83 86 91 96 0 65 0
474 64 0 63 66 0
473 63 65 0 26 68 69 0
474 1 2 4 5 6 8 9 11 12 13 15 16 18 19 20 21 22 23 25 26 27 28 29 31 32 34 35 36 37 38 39 41 44 47 50 53 56 61 64 70 74 77 80 83 86 91 96 0 68 0
473 67 0 26 66 69 0
315 26 66 68 0 25 71 72 0
315 1 2 4 5 6 8 9 11 12 13 15 16 18 19 20 21 22 23 25 26 27 28 29 31 32 34 35 36 37 38 39 41 44 47 50 53 56 61 64 67 74 77 80 83 86 91 96 0 71 0
316 70 0 25 69 72 0
210 25 69 71 0 22 24 73 0
140 22 24 72 0 75 76 0
141 1 2 4 5 6 8 9 11 12 13 15 16 18 19 20 21 22 23 25 26 27 28 29 31 32 34 35 36 37 38 39 41 44 47 50 53 56 61 64 67 70 77 80 83 86 91 96 0 75 0
140 74 0 73 76 0
140 73 75 0 21 78 79 0
140 1 2 4 5 6 8 9 11 12 13 15 16 18 19 20 21 22 23 25 26 27 28 29 31 32 34 35 36 37 38 39 41 44 47 50 53 56 61 64 67 70 74 80 83 86 91 96 0 78 0
141 77 0 21 76 79 0
93 21 76 78 0 20 81 82 0
94 1 2 4 5 6 8 9 11 12 13 15 16 18 19 20 21 22 23 25 26 27 28 29 31 32 34 35 36 37 38 39 41 44 47 50 53 56 61 64 67 70 74 77 83 86 91 96 0 81 0
93 80 0 20 79 82 0
63 20 79 81 0 19 84 85 0
62 1 2 4 5 6 8 9 11 12 13 15 16 18 19 20 21 22 23 25 26 27 28 29 31 32 34 35 36 37 38 39 41 44 47 50 53 56 61 64 67 70 74 77 80 86 91 96 0 84 0
62 83 0 19 82 85 0
41 19 82 84 0 18 87 88 0
41 1 2 4 5 6 8 9 11 12 13 15 16 18 19 20 21 22 23 25 26 27 28 29 31 32 34 35 36 37 38 39 41 44 47 50 53 56 61 64 67 70 74 77 80 83 91 96 0 87 0
41 86 0 18 85 88 0
28 18 85 87 0 15 17 89 0
18 15 17 88 0 12 14 90 0
12 12 14 89 0 11 92 93 0
13 1 2 4 5 6 8 9 11 12 13 15 16 18 19 20 21 22 23 25 26 27 28 29 31 32 34 35 36 37 38 39 41 44 47 50 53 56 61 64 67 70 74 77 80 83 86 96 0 92 0
12 91 0 11 90 93 0
8 11 90 92 0 8 10 94 0
5 8 10 93 0 5 7 95 0
3 5 7 94 0 4 97 98 0
3 1 2 4 5 6 8 9 11 12 13 15 16 18 19 20 21 22 23 25 26 27 28 29 31 32 34 35 36 37 38 39 41 44 47 50 53 56 61 64 67 70 74 77 80 83 86 91 0 97 0
4 96 0 4 95 98 0
3 4 95 97 0 1 3 0
12121 1 2 4 5 6 8 9 11 12 13 15 16 18 19 20 21 22 23 25 26 27 28 29 31 32 34 35 36 37 38 39 41 44 47 50 53 56 61 64 67 70 74 77 80 83 86 91 96 0 1 3 98 0
