17189.00 4297.25
8644.76 2161.19
4422.90 1105.73
402.08 134.03
402.08 134.03
402.08 134.03
402.08 201.04
201.04 100.52
100.52 25.13
50.26 8.38
25.13 2.09
25.13 2.09
12.57 1.05
6.28 1.05
3.14 0.13
3.14 0.13
1.57 0.07
1.57 0.07
0.79 0.02
0.39 0.01
0.20 0.01
0.05 0.00
0.05 0.00
0.02 0.00
0.01 0.00
0.00 0.00
0.00 0.00
0.00 0.00
0.00 0.00
0.00 0.00
0.00 0.00
0.00 0.00
0.00 0.00
0.00 0.00
0.00 0.00
0.00 0.00
0.00 0.00
0.00 0.00
0.00 0.00
0.00 0.00
0.00 0.00
0.00 0.00
0.00 0.00
0.00 0.00
0.00 0.00
0.00 0.00
0.00 0.00
0.00 0.00
0.00 0.00
0.00 0.00
0.00 0.00
0.00 0.00
0.01 0.00
0.01 0.00
0.02 0.00
0.02 0.00
0.02 0.00
0.05 0.00
0.05 0.00
0.05 0.00
0.05 0.00
0.05 0.00
0.10 0.01
0.20 0.01
0.39 0.02
0.39 0.02
0.39 0.02
0.79 0.07
0.79 0.07
0.79 0.07
1.57 0.13
1.57 0.13
3.14 0.52
3.14 0.52
3.14 0.52
12.57 2.09
12.57 2.09
12.57 2.09
25.13 8.38
25.13 8.38
25.13 8.38
50.26 25.13
50.26 25.13
50.26 25.13
50.26 25.13
50.26 25.13
100.52 100.52
201.04 201.04
402.08 402.08
402.08 402.08
804.16 402.08
1206.25 603.12
1206.25 603.12
2010.41 1005.20
4221.86 2110.93
8544.24 4272.12
8594.50 4297.25
8594.50 4297.25
8594.50 4297.25
8594.50 4297.25
