10652.00 5326.00
3661.62 1830.81
1997.25 665.75
998.62 499.31
998.62 124.83
998.62 124.83
249.66 15.60
124.83 15.60
124.83 15.60
249.66 15.60
62.41 15.60
31.21 3.90
15.60 1.30
15.60 1.30
7.80 0.33
3.90 0.16
1.95 0.04
1.95 0.04
1.95 0.04
0.98 0.01
0.49 0.00
0.24 0.00
0.24 0.00
0.24 0.00
0.06 0.00
0.06 0.00
0.06 0.00
0.06 0.00
0.06 0.00
0.03 0.00
0.03 0.00
0.03 0.00
0.02 0.00
0.01 0.00
0.01 0.00
0.01 0.00
0.00 0.00
0.00 0.00
0.00 0.00
0.00 0.00
0.00 0.00
0.00 0.00
0.00 0.00
0.00 0.00
0.00 0.00
0.00 0.00
0.00 0.00
0.00 0.00
0.00 0.00
0.03 0.00
0.03 0.00
0.03 0.00
0.03 0.00
0.03 0.00
0.06 0.00
0.06 0.00
0.06 0.00
0.06 0.00
0.06 0.00
0.06 0.00
0.12 0.00
0.12 0.00
0.12 0.00
0.12 0.00
0.12 0.00
0.24 0.00
0.49 0.01
0.49 0.01
0.49 0.01
0.49 0.01
0.49 0.01
0.49 0.01
0.49 0.01
0.98 0.04
1.95 0.16
3.90 0.33
3.90 0.33
3.90 0.33
3.90 0.33
3.90 0.33
7.80 1.30
15.60 3.90
31.21 7.80
31.21 7.80
31.21 7.80
124.83 15.60
249.66 31.21
249.66 31.21
249.66 31.21
249.66 31.21
249.66 31.21
249.66 31.21
499.31 124.83
499.31 124.83
499.31 124.83
998.62 499.31
998.62 499.31
1664.38 1664.38
3495.19 3495.19
3495.19 3495.19
