200
26 24 26 21
21 30 33 25
46 44 46 41
31 23.5 37 26.5
27 24 35 21
41 50 53 45
61 70 73 65
81 90 93 85
47 44 55 41
51 43.5 57 46.5
71 63.5 77 66.5
91 83.5 97 86.5
101 110 113 105
111 103.5 117 106.5
121 130 133 125
22 22 26 27
42 42 46 47
66 64 66 61
141 150 153 145
62 62 66 67
131 123.5 137 126.5
67 64 75 61
86 84 86 81
161 170 173 165
87 84 95 81
106 104 106 101
126 124 126 121
151 143.5 157 146.5
171 163.5 177 166.5
107 104 115 101
127 124 135 121
191 183.5 197 186.5
82 82 86 87
211 203.5 217 206.5
102 102 106 107
146 144 146 141
147 144 155 141
167 164 175 161
181 190 193 185
201 210 213 205
122 122 126 127
166 164 166 161
221 230 233 225
186 184 186 181
142 142 146 147
231 223.5 237 226.5
187 184 195 181
162 162 166 167
251 243.5 257 246.5
207 204 215 201
182 182 186 187
206 204 206 201
271 263.5 277 266.5
291 283.5 297 286.5
227 224 235 221
226 224 226 221
241 250 253 245
261 270 273 265
246 244 246 241
202 202 206 207
266 264 266 261
286 284 286 281
306 304 306 301
222 222 226 227
242 242 246 247
281 290 293 285
326 324 326 321
262 262 266 267
282 282 286 287
311 303.5 317 306.5
301 310 313 305
346 344 346 341
247 244 255 241
331 323.5 337 326.5
366 364 366 361
351 343.5 357 346.5
302 302 306 307
321 330 333 325
386 384 386 381
341 350 353 345
406 404 406 401
371 363.5 377 366.5
426 424 426 421
361 370 373 365
446 444 446 441
322 322 326 327
342 342 346 347
362 362 366 367
391 383.5 397 386.5
382 382 386 387
411 403.5 417 406.5
267 264 275 261
402 402 406 407
287 284 295 281
431 423.5 437 426.5
381 390 393 385
422 422 426 427
307 304 315 301
442 442 446 447
401 410 413 405
327 324 335 321
421 430 433 425
466 464 466 461
486 484 486 481
347 344 355 341
506 504 506 501
441 450 453 445
451 443.5 457 446.5
526 524 526 521
462 462 466 467
471 463.5 477 466.5
546 544 546 541
491 483.5 497 486.5
566 564 566 561
511 503.5 517 506.5
482 482 486 487
531 523.5 537 526.5
586 584 586 581
367 364 375 361
502 502 506 507
461 470 473 465
522 522 526 527
481 490 493 485
606 604 606 601
387 384 395 381
551 543.5 557 546.5
542 542 546 547
501 510 513 505
521 530 533 525
626 624 626 621
407 404 415 401
541 550 553 545
571 563.5 577 566.5
591 583.5 597 586.5
562 562 566 567
646 644 646 641
427 424 435 421
611 603.5 617 606.5
447 444 455 441
631 623.5 637 626.5
582 582 586 587
666 664 666 661
686 684 686 681
651 643.5 657 646.5
467 464 475 461
602 602 606 607
622 622 626 627
706 704 706 701
487 484 495 481
642 642 646 647
662 662 666 667
671 663.5 677 666.5
561 570 573 565
507 504 515 501
726 724 726 721
746 744 746 741
691 683.5 697 686.5
527 524 535 521
711 703.5 717 706.5
581 590 593 585
547 544 555 541
601 610 613 605
682 682 686 687
567 564 575 561
621 630 633 625
641 650 653 645
766 764 766 761
786 784 786 781
702 702 706 707
722 722 726 727
806 804 806 801
731 723.5 737 726.5
751 743.5 757 746.5
661 670 673 665
742 742 746 747
771 763.5 777 766.5
587 584 595 581
791 783.5 797 786.5
762 762 766 767
681 690 693 685
826 824 826 821
607 604 615 601
627 624 635 621
647 644 655 641
701 710 713 705
782 782 786 787
667 664 675 661
846 844 846 841
866 864 866 861
802 802 806 807
687 684 695 681
811 803.5 817 806.5
721 730 733 725
741 750 753 745
761 770 773 765
822 822 826 827
707 704 715 701
781 790 793 785
886 884 886 881
831 823.5 837 826.5