800
31 23.5 37 26.5
22 22 26 27
42 42 46 47
51 43.5 57 46.5
62 62 66 67
27 24 35 21
26 24 26 21
46 44 46 41
21 30 33 25
66 64 66 61
86 84 86 81
41 50 53 45
71 63.5 77 66.5
82 82 86 87
47 44 55 41
67 64 75 61
102 102 106 107
91 83.5 97 86.5
111 103.5 117 106.5
122 122 126 127
131 123.5 137 126.5
61 70 73 65
81 90 93 85
101 110 113 105
87 84 95 81
142 142 146 147
162 162 166 167
182 182 186 187
151 143.5 157 146.5
202 202 206 207
106 104 106 101
121 130 133 125
141 150 153 145
107 104 115 101
171 163.5 177 166.5
222 222 226 227
126 124 126 121
146 144 146 141
242 242 246 247
127 124 135 121
262 262 266 267
166 164 166 161
282 282 286 287
147 144 155 141
186 184 186 181
302 302 306 307
167 164 175 161
322 322 326 327
206 204 206 201
342 342 346 347
362 362 366 367
226 224 226 221
191 183.5 197 186.5
161 170 173 165
211 203.5 217 206.5
181 190 193 185
201 210 213 205
231 223.5 237 226.5
246 244 246 241
251 243.5 257 246.5
187 184 195 181
207 204 215 201
221 230 233 225
382 382 386 387
266 264 266 261
402 402 406 407
241 250 253 245
261 270 273 265
227 224 235 221
247 244 255 241
422 422 426 427
281 290 293 285
271 263.5 277 266.5
301 310 313 305
442 442 446 447
462 462 466 467
286 284 286 281
306 304 306 301
321 330 333 325
482 482 486 487
502 502 506 507
267 264 275 261
341 350 353 345
361 370 373 365
291 283.5 297 286.5
381 390 393 385
311 303.5 317 306.5
287 284 295 281
522 522 526 527
307 304 315 301
327 324 335 321
326 324 326 321
401 410 413 405
331 323.5 337 326.5
346 344 346 341
347 344 355 341
421 430 433 425
542 542 546 547
562 562 566 567
351 343.5 357 346.5
367 364 375 361
371 363.5 377 366.5
391 383.5 397 386.5
441 450 453 445
411 403.5 417 406.5
582 582 586 587
387 384 395 381
602 602 606 607
622 622 626 627
461 470 473 465
431 423.5 437 426.5
451 443.5 457 446.5
407 404 415 401
642 642 646 647
427 424 435 421
366 364 366 361
447 444 455 441
467 464 475 461
386 384 386 381
487 484 495 481
507 504 515 501
471 463.5 477 466.5
527 524 535 521
481 490 493 485
491 483.5 497 486.5
501 510 513 505
521 530 533 525
541 550 553 545
406 404 406 401
511 503.5 517 506.5
547 544 555 541
567 564 575 561
426 424 426 421
561 570 573 565
531 523.5 537 526.5
662 662 666 667
446 444 446 441
682 682 686 687
466 464 466 461
702 702 706 707
551 543.5 557 546.5
722 722 726 727
486 484 486 481
506 504 506 501
571 563.5 577 566.5
581 590 593 585
587 584 595 581
742 742 746 747
591 583.5 597 586.5
526 524 526 521
762 762 766 767
601 610 613 605
546 544 546 541
611 603.5 617 606.5
607 604 615 601
621 630 633 625
627 624 635 621
647 644 655 641
667 664 675 661
687 684 695 681
631 623.5 637 626.5
651 643.5 657 646.5
782 782 786 787
802 802 806 807
671 663.5 677 666.5
707 704 715 701
822 822 826 827
727 724 735 721
691 683.5 697 686.5
566 564 566 561
747 744 755 741
711 703.5 717 706.5
586 584 586 581
641 650 653 645
842 842 846 847
606 604 606 601
862 862 866 867
661 670 673 665
767 764 775 761
882 882 886 887
681 690 693 685
701 710 713 705
626 624 626 621
721 730 733 725
902 902 906 907
731 723.5 737 726.5
751 743.5 757 746.5
646 644 646 641
922 922 926 927
942 942 946 947
741 750 753 745
666 664 666 661
962 962 966 967
982 982 986 987
686 684 686 681
706 704 706 701
726 724 726 721
787 784 795 781
771 763.5 777 766.5
761 770 773 765
1002 1002 1006 1007
791 783.5 797 786.5
1022 1022 1026 1027
807 804 815 801
827 824 835 821
811 803.5 817 806.5
781 790 793 785
746 744 746 741
766 764 766 761
786 784 786 781
806 804 806 801
826 824 826 821
1042 1042 1046 1047
831 823.5 837 826.5
1062 1062 1066 1067
851 843.5 857 846.5
847 844 855 841
1082 1082 1086 1087
871 863.5 877 866.5
867 864 875 861
1102 1102 1106 1107
891 883.5 897 886.5
887 884 895 881
1122 1122 1126 1127
911 903.5 917 906.5
931 923.5 937 926.5
801 810 813 805
821 830 833 825
907 904 915 901
841 850 853 845
1142 1142 1146 1147
846 844 846 841
951 943.5 957 946.5
927 924 935 921
866 864 866 861
861 870 873 865
947 944 955 941
971 963.5 977 966.5
967 964 975 961
987 984 995 981
1162 1162 1166 1167
1007 1004 1015 1001
881 890 893 885
991 983.5 997 986.5
886 884 886 881
901 910 913 905
1182 1182 1186 1187
906 904 906 901
1011 1003.5 1017 1006.5
1027 1024 1035 1021
1031 1023.5 1037 1026.5
1202 1202 1206 1207
1051 1043.5 1057 1046.5
926 924 926 921
1222 1222 1226 1227
946 944 946 941
1071 1063.5 1077 1066.5
1242 1242 1246 1247
1262 1262 1266 1267
1047 1044 1055 1041
1091 1083.5 1097 1086.5
1067 1064 1075 1061
1087 1084 1095 1081
921 930 933 925
1282 1282 1286 1287
1302 1302 1306 1307
1322 1322 1326 1327
941 950 953 945
966 964 966 961
1111 1103.5 1117 1106.5
986 984 986 981
1006 1004 1006 1001
1342 1342 1346 1347
1362 1362 1366 1367
1026 1024 1026 1021
961 970 973 965
1131 1123.5 1137 1126.5
981 990 993 985
1046 1044 1046 1041
1107 1104 1115 1101
1127 1124 1135 1121
1147 1144 1155 1141
1167 1164 1175 1161
1382 1382 1386 1387
1066 1064 1066 1061
1151 1143.5 1157 1146.5
1086 1084 1086 1081
1402 1402 1406 1407
1187 1184 1195 1181
1001 1010 1013 1005
1106 1104 1106 1101
1021 1030 1033 1025
1171 1163.5 1177 1166.5
1191 1183.5 1197 1186.5
1041 1050 1053 1045
1207 1204 1215 1201
1126 1124 1126 1121
1061 1070 1073 1065
1227 1224 1235 1221
1081 1090 1093 1085
1211 1203.5 1217 1206.5
1101 1110 1113 1105
1422 1422 1426 1427
1231 1223.5 1237 1226.5
1247 1244 1255 1241
1267 1264 1275 1261
1251 1243.5 1257 1246.5
1121 1130 1133 1125
1442 1442 1446 1447
1141 1150 1153 1145
1287 1284 1295 1281
1146 1144 1146 1141
1166 1164 1166 1161
1161 1170 1173 1165
1271 1263.5 1277 1266.5
1186 1184 1186 1181
1462 1462 1466 1467
1291 1283.5 1297 1286.5
1307 1304 1315 1301
1327 1324 1335 1321
1311 1303.5 1317 1306.5
1181 1190 1193 1185
1331 1323.5 1337 1326.5
1206 1204 1206 1201
1226 1224 1226 1221
1351 1343.5 1357 1346.5
1347 1344 1355 1341
1201 1210 1213 1205
1246 1244 1246 1241
1482 1482 1486 1487
1371 1363.5 1377 1366.5
1367 1364 1375 1361
1391 1383.5 1397 1386.5
1221 1230 1233 1225
1387 1384 1395 1381
1502 1502 1506 1507
1407 1404 1415 1401
1241 1250 1253 1245
1411 1403.5 1417 1406.5
1431 1423.5 1437 1426.5
1522 1522 1526 1527
1451 1443.5 1457 1446.5
1542 1542 1546 1547
1266 1264 1266 1261
1471 1463.5 1477 1466.5
1491 1483.5 1497 1486.5
1427 1424 1435 1421
1261 1270 1273 1265
1562 1562 1566 1567
1511 1503.5 1517 1506.5
1286 1284 1286 1281
1531 1523.5 1537 1526.5
1447 1444 1455 1441
1582 1582 1586 1587
1602 1602 1606 1607
1622 1622 1626 1627
1551 1543.5 1557 1546.5
1571 1563.5 1577 1566.5
1642 1642 1646 1647
1281 1290 1293 1285
1467 1464 1475 1461
1487 1484 1495 1481
1662 1662 1666 1667
1591 1583.5 1597 1586.5
1306 1304 1306 1301
1507 1504 1515 1501
1682 1682 1686 1687
1326 1324 1326 1321
1527 1524 1535 1521
1301 1310 1313 1305
1702 1702 1706 1707
1611 1603.5 1617 1606.5
1346 1344 1346 1341
1366 1364 1366 1361
1386 1384 1386 1381
1631 1623.5 1637 1626.5
1406 1404 1406 1401
1426 1424 1426 1421
1547 1544 1555 1541
1567 1564 1575 1561
1651 1643.5 1657 1646.5
1446 1444 1446 1441
1466 1464 1466 1461
1722 1722 1726 1727
1486 1484 1486 1481
1321 1330 1333 1325
1506 1504 1506 1501
1341 1350 1353 1345
1526 1524 1526 1521
1742 1742 1746 1747
1587 1584 1595 1581
1762 1762 1766 1767
1782 1782 1786 1787
1607 1604 1615 1601
1546 1544 1546 1541
1361 1370 1373 1365
1802 1802 1806 1807
1627 1624 1635 1621
1566 1564 1566 1561
1671 1663.5 1677 1666.5
1647 1644 1655 1641
1586 1584 1586 1581
1822 1822 1826 1827
1381 1390 1393 1385
1401 1410 1413 1405
1691 1683.5 1697 1686.5
1606 1604 1606 1601
1842 1842 1846 1847
1711 1703.5 1717 1706.5
1731 1723.5 1737 1726.5
1626 1624 1626 1621
1646 1644 1646 1641
1667 1664 1675 1661
1687 1684 1695 1681
1421 1430 1433 1425
1707 1704 1715 1701
1727 1724 1735 1721
1862 1862 1866 1867
1747 1744 1755 1741
1882 1882 1886 1887
1902 1902 1906 1907
1751 1743.5 1757 1746.5
1922 1922 1926 1927
1942 1942 1946 1947
1441 1450 1453 1445
1771 1763.5 1777 1766.5
1962 1962 1966 1967
1767 1764 1775 1761
1666 1664 1666 1661
1787 1784 1795 1781
1686 1684 1686 1681
1807 1804 1815 1801
1706 1704 1706 1701
1982 1982 1986 1987
1791 1783.5 1797 1786.5
2002 2002 2006 2007
1726 1724 1726 1721
1461 1470 1473 1465
2022 2022 2026 2027
1746 1744 1746 1741
1766 1764 1766 1761
1786 1784 1786 1781
1481 1490 1493 1485
1806 1804 1806 1801
2042 2042 2046 2047
1811 1803.5 1817 1806.5
1831 1823.5 1837 1826.5
1501 1510 1513 1505
1827 1824 1835 1821
1851 1843.5 1857 1846.5
2062 2062 2066 2067
1826 1824 1826 1821
1847 1844 1855 1841
1846 1844 1846 1841
1521 1530 1533 1525
2082 2082 2086 2087
1541 1550 1553 1545
1867 1864 1875 1861
2102 2102 2106 2107
1561 1570 1573 1565
1866 1864 1866 1861
1581 1590 1593 1585
1887 1884 1895 1881
1886 1884 1886 1881
2122 2122 2126 2127
1871 1863.5 1877 1866.5
2142 2142 2146 2147
2162 2162 2166 2167
1906 1904 1906 1901
2182 2182 2186 2187
1601 1610 1613 1605
1907 1904 1915 1901
1927 1924 1935 1921
1947 1944 1955 1941
2202 2202 2206 2207
1926 1924 1926 1921
1967 1964 1975 1961
1987 1984 1995 1981
2222 2222 2226 2227
1891 1883.5 1897 1886.5
2242 2242 2246 2247
2007 2004 2015 2001
2262 2262 2266 2267
2027 2024 2035 2021
1621 1630 1633 1625
1911 1903.5 1917 1906.5
1931 1923.5 1937 1926.5
2047 2044 2055 2041
1946 1944 1946 1941
1951 1943.5 1957 1946.5
2282 2282 2286 2287
1641 1650 1653 1645
1966 1964 1966 1961
1986 1984 1986 1981
1971 1963.5 1977 1966.5
2067 2064 2075 2061
2302 2302 2306 2307
1661 1670 1673 1665
1681 1690 1693 1685
2006 2004 2006 2001
1991 1983.5 1997 1986.5
2011 2003.5 2017 2006.5
1701 1710 1713 1705
2087 2084 2095 2081
2107 2104 2115 2101
2127 2124 2135 2121
2322 2322 2326 2327
2031 2023.5 2037 2026.5
2342 2342 2346 2347
2362 2362 2366 2367
2382 2382 2386 2387
2147 2144 2155 2141
1721 1730 1733 1725
2402 2402 2406 2407
2051 2043.5 2057 2046.5
1741 1750 1753 1745
1761 1770 1773 1765
2026 2024 2026 2021
1781 1790 1793 1785
2422 2422 2426 2427
1801 1810 1813 1805
2071 2063.5 2077 2066.5
2167 2164 2175 2161
2046 2044 2046 2041
2187 2184 2195 2181
1821 1830 1833 1825
2442 2442 2446 2447
2091 2083.5 2097 2086.5
1841 1850 1853 1845
2207 2204 2215 2201
2462 2462 2466 2467
2111 2103.5 2117 2106.5
1861 1870 1873 1865
2131 2123.5 2137 2126.5
1881 1890 1893 1885
2151 2143.5 2157 2146.5
2066 2064 2066 2061
1901 1910 1913 1905
2086 2084 2086 2081
2227 2224 2235 2221
1921 1930 1933 1925
2482 2482 2486 2487
2247 2244 2255 2241
2502 2502 2506 2507
2171 2163.5 2177 2166.5
2267 2264 2275 2261
2191 2183.5 2197 2186.5
2106 2104 2106 2101
2522 2522 2526 2527
2211 2203.5 2217 2206.5
2287 2284 2295 2281
1941 1950 1953 1945
2542 2542 2546 2547
2231 2223.5 2237 2226.5
1961 1970 1973 1965
2251 2243.5 2257 2246.5
1981 1990 1993 1985
2271 2263.5 2277 2266.5
2001 2010 2013 2005
2562 2562 2566 2567
2021 2030 2033 2025
2126 2124 2126 2121
2291 2283.5 2297 2286.5
2146 2144 2146 2141
2311 2303.5 2317 2306.5
2582 2582 2586 2587
2041 2050 2053 2045
2166 2164 2166 2161
2061 2070 2073 2065
2307 2304 2315 2301
2327 2324 2335 2321
2602 2602 2606 2607
2331 2323.5 2337 2326.5
2081 2090 2093 2085
2186 2184 2186 2181
2347 2344 2355 2341
2622 2622 2626 2627
2642 2642 2646 2647
2351 2343.5 2357 2346.5
2101 2110 2113 2105
2371 2363.5 2377 2366.5
2206 2204 2206 2201
2367 2364 2375 2361
2391 2383.5 2397 2386.5
2411 2403.5 2417 2406.5
2121 2130 2133 2125
2431 2423.5 2437 2426.5
2226 2224 2226 2221
2387 2384 2395 2381
2451 2443.5 2457 2446.5
2246 2244 2246 2241
2266 2264 2266 2261
2286 2284 2286 2281
2662 2662 2666 2667
2407 2404 2415 2401
2471 2463.5 2477 2466.5
2491 2483.5 2497 2486.5
2306 2304 2306 2301
2427 2424 2435 2421
2141 2150 2153 2145
2682 2682 2686 2687
2511 2503.5 2517 2506.5
2447 2444 2455 2441
2702 2702 2706 2707
2467 2464 2475 2461
2531 2523.5 2537 2526.5
2487 2484 2495 2481
2722 2722 2726 2727
2161 2170 2173 2165
2742 2742 2746 2747
2181 2190 2193 2185
2551 2543.5 2557 2546.5
2762 2762 2766 2767
2507 2504 2515 2501
2201 2210 2213 2205
2527 2524 2535 2521
2221 2230 2233 2225
2326 2324 2326 2321
2241 2250 2253 2245
2571 2563.5 2577 2566.5
2346 2344 2346 2341
2782 2782 2786 2787
2261 2270 2273 2265
2366 2364 2366 2361
2386 2384 2386 2381
2547 2544 2555 2541
2591 2583.5 2597 2586.5
2281 2290 2293 2285
2611 2603.5 2617 2606.5
2406 2404 2406 2401
2567 2564 2575 2561
2426 2424 2426 2421
2446 2444 2446 2441
2802 2802 2806 2807
2587 2584 2595 2581
2822 2822 2826 2827
2631 2623.5 2637 2626.5
2607 2604 2615 2601
2627 2624 2635 2621
2466 2464 2466 2461
2486 2484 2486 2481
2651 2643.5 2657 2646.5
2506 2504 2506 2501
2526 2524 2526 2521
2842 2842 2846 2847
2546 2544 2546 2541
2671 2663.5 2677 2666.5
2691 2683.5 2697 2686.5
2301 2310 2313 2305
2862 2862 2866 2867
2321 2330 2333 2325
2341 2350 2353 2345
2647 2644 2655 2641
2667 2664 2675 2661
2687 2684 2695 2681
2707 2704 2715 2701
2566 2564 2566 2561
2361 2370 2373 2365
2711 2703.5 2717 2706.5
2882 2882 2886 2887
2731 2723.5 2737 2726.5
2381 2390 2393 2385
2727 2724 2735 2721
2902 2902 2906 2907
2922 2922 2926 2927
2586 2584 2586 2581
2606 2604 2606 2601
2751 2743.5 2757 2746.5
2747 2744 2755 2741
2401 2410 2413 2405
2421 2430 2433 2425
2771 2763.5 2777 2766.5
2626 2624 2626 2621
2942 2942 2946 2947
2441 2450 2453 2445
2646 2644 2646 2641
2461 2470 2473 2465
2767 2764 2775 2761
2481 2490 2493 2485
2501 2510 2513 2505
2666 2664 2666 2661
2686 2684 2686 2681
2791 2783.5 2797 2786.5
2787 2784 2795 2781
2521 2530 2533 2525
2962 2962 2966 2967
2811 2803.5 2817 2806.5
2706 2704 2706 2701
2982 2982 2986 2987
2541 2550 2553 2545
2561 2570 2573 2565
2581 2590 2593 2585
2807 2804 2815 2801
2827 2824 2835 2821
3002 3002 3006 3007
2726 2724 2726 2721
2601 2610 2613 2605
3022 3022 3026 3027
2746 2744 2746 2741
2766 2764 2766 2761
2786 2784 2786 2781
2831 2823.5 2837 2826.5
2806 2804 2806 2801
2851 2843.5 2857 2846.5
2847 2844 2855 2841
2867 2864 2875 2861
2621 2630 2633 2625
2826 2824 2826 2821
3042 3042 3046 3047
2641 2650 2653 2645
2846 2844 2846 2841
3062 3062 3066 3067
2866 2864 2866 2861
3082 3082 3086 3087
2886 2884 2886 2881
2661 2670 2673 2665
2887 2884 2895 2881
2681 2690 2693 2685
2907 2904 2915 2901
2906 2904 2906 2901
2701 2710 2713 2705
2871 2863.5 2877 2866.5
2926 2924 2926 2921
2891 2883.5 2897 2886.5
2946 2944 2946 2941
2911 2903.5 2917 2906.5
3102 3102 3106 3107
3122 3122 3126 3127
2721 2730 2733 2725
2966 2964 2966 2961
2741 2750 2753 2745
2931 2923.5 2937 2926.5
2986 2984 2986 2981
3142 3142 3146 3147
3006 3004 3006 3001
2927 2924 2935 2921
3162 3162 3166 3167
2761 2770 2773 2765
2951 2943.5 2957 2946.5
3026 3024 3026 3021
2947 2944 2955 2941
2781 2790 2793 2785
3046 3044 3046 3041
2967 2964 2975 2961
2971 2963.5 2977 2966.5
3066 3064 3066 3061
2801 2810 2813 2805
2987 2984 2995 2981
3086 3084 3086 3081
2821 2830 2833 2825
3182 3182 3186 3187
2991 2983.5 2997 2986.5
3011 3003.5 3017 3006.5
3031 3023.5 3037 3026.5
3106 3104 3106 3101
3202 3202 3206 3207
2841 2850 2853 2845
3126 3124 3126 3121
3222 3222 3226 3227
3242 3242 3246 3247
3262 3262 3266 3267
3282 3282 3286 3287
3146 3144 3146 3141
3051 3043.5 3057 3046.5
3302 3302 3306 3307
3007 3004 3015 3001
3322 3322 3326 3327
3166 3164 3166 3161
3342 3342 3346 3347
3071 3063.5 3077 3066.5
3362 3362 3366 3367
3091 3083.5 3097 3086.5
3027 3024 3035 3021
3111 3103.5 3117 3106.5
2861 2870 2873 2865
2881 2890 2893 2885
3131 3123.5 3137 3126.5
3151 3143.5 3157 3146.5
3047 3044 3055 3041
3186 3184 3186 3181
2901 2910 2913 2905
2921 2930 2933 2925
2941 2950 2953 2945
3382 3382 3386 3387
3206 3204 3206 3201
3067 3064 3075 3061
3226 3224 3226 3221
3171 3163.5 3177 3166.5
2961 2970 2973 2965
2981 2990 2993 2985
3001 3010 3013 3005
3246 3244 3246 3241
3021 3030 3033 3025
3041 3050 3053 3045
3402 3402 3406 3407
3087 3084 3095 3081
3191 3183.5 3197 3186.5
3061 3070 3073 3065
3266 3264 3266 3261
3107 3104 3115 3101