25
16
31 84 16 49 25 14 36 58 53 30 56 93 0 88 31 13 9 57 56 93 35 22 5 8 93
24 51 7 14 13 14 3 4 26 16 36 18 0 46 28 11 2 54 15 4 8 20 5 5 22
30 10 81 31 32 76 59 91 43 61 50 45 88 82 90 54 30 54 54 85 95 29 93 52
25
16
94 35 100 17 32 69 98 93 76 91 50 53 79 61 68 9 73 7 51 53 65 38 25 93 1
11 26 46 15 29 54 82 38 58 39 24 31 72 33 20 7 15 2 8 22 35 22 15 11 1
24 74 14 94 36 23 54 74 75 65 8 79 5 82 43 98 81 55 79 53 51 10 80 7
25
16
45 74 95 92 79 83 5 40 69 98 2 79 63 64 84 35 24 38 11 85 64 18 97 83 97
12 6 49 52 45 72 5 40 34 57 0 49 33 44 27 14 11 4 8 21 60 2 43 51 50
4 71 13 29 10 96 61 31 80 70 59 27 49 49 2 3 14 5 99 55 73 83 17 14
25
16
79 14 57 68 77 53 8 27 76 74 7 64 25 64 88 40 11 78 27 40 96 94 22 44 74
7 3 0 5 15 52 0 11 41 9 2 57 3 49 19 0 3 42 24 38 3 23 13 25 5
86 39 22 80 12 99 12 73 82 89 1 23 48 73 53 6 40 90 52 65 41 84 60 23
25
16
85 75 58 16 15 87 89 16 40 51 1 30 36 1 7 74 34 49 41 73 99 59 63 42 87
18 12 28 12 1 40 47 5 34 11 0 3 17 0 3 50 25 20 20 20 5 31 60 13 0
70 22 45 51 44 35 47 7 39 22 8 36 53 22 55 27 83 97 32 88 24 58 20 56
25
16
25 13 17 27 21 83 41 34 96 64 73 14 5 2 39 73 66 21 51 0 39 4 99 16 81
22 1 16 23 20 70 7 20 79 47 24 8 4 2 0 2 62 17 16 0 38 0 67 0 32
6 49 96 82 87 1 47 46 66 39 40 23 2 12 8 28 3 97 49 30 27 96 76 27
25
16
60 70 46 51 53 27 50 9 38 39 46 52 45 90 35 86 6 92 94 43 4 85 57 45 100
9 34 8 14 26 2 28 2 1 36 34 46 45 36 30 37 0 56 94 41 0 55 1 0 21
7 71 78 52 61 12 80 51 30 17 31 48 62 23 13 25 35 19 29 59 60 66 39 88
25
16
100 35 46 29 85 18 71 1 88 76 48 60 63 25 31 7 1 85 12 39 88 94 5 24 41
58 6 30 26 28 13 48 0 43 14 41 22 19 5 29 0 0 57 7 4 36 45 2 12 26
86 26 15 30 64 29 39 11 3 3 29 89 64 69 29 46 32 54 64 2 3 30 47 47
25
16
8 9 78 100 98 9 81 47 38 27 22 86 99 58 55 6 84 33 72 52 26 34 23 28 94
7 9 18 61 15 3 78 34 19 11 4 14 9 24 42 2 37 5 42 10 11 8 7 8 29
47 90 42 93 47 29 95 28 27 52 24 24 76 90 4 19 62 51 83 44 74 67 91 87
25
16
18 18 100 51 29 96 48 65 39 0 2 54 4 93 33 100 66 56 39 83 7 11 69 31 32
12 13 74 8 12 9 36 27 6 0 1 23 2 93 22 56 10 56 1 40 5 7 69 22 11
13 43 1 83 17 72 48 99 39 81 41 61 31 84 81 50 86 13 23 62 61 30 14 49
25
16
26 96 96 0 6 80 7 4 95 84 72 26 1 83 12 50 65 48 62 8 12 38 47 31 96
15 55 72 0 1 50 3 4 21 47 3 25 0 29 7 7 44 34 45 8 6 33 11 1 51
34 11 85 98 88 20 12 30 35 18 51 69 1 53 70 46 51 69 37 17 87 38 18 33
25
16
84 74 1 56 95 5 41 11 31 63 10 22 82 2 99 73 52 11 34 86 33 30 13 87 63
39 55 0 21 13 3 35 11 20 31 6 11 66 0 44 38 23 10 3 18 19 26 10 15 50
41 73 35 30 42 1 29 55 34 81 71 13 21 61 20 65 47 44 73 34 63 1 40 19
25
16
91 39 65 56 75 4 55 54 55 54 59 15 83 50 70 22 71 32 46 22 33 81 33 55 5
24 28 62 27 18 1 11 46 29 30 38 9 67 29 52 9 58 8 40 17 14 20 9 10 4
2 66 85 36 66 69 80 12 2 13 84 4 67 2 69 98 28 96 81 21 34 56 24 62
25
16
32 48 84 74 18 54 38 72 56 75 16 27 71 25 69 44 67 22 99 80 0 12 70 35 90
4 43 25 34 10 1 28 11 30 59 3 16 8 4 51 31 50 9 45 10 0 0 18 24 59
75 10 51 95 48 87 26 33 37 10 79 75 68 37 27 48 26 25 85 48 12 51 75 46
25
16
46 90 71 8 20 14 69 27 10 62 23 52 70 52 13 42 82 58 70 70 17 48 12 74 88
8 53 36 1 4 13 47 19 3 0 18 36 18 6 13 31 43 31 16 56 0 13 2 32 32
5 69 63 92 32 48 42 98 94 16 86 78 94 93 41 94 99 80 6 31 82 66 3 38
25
16
52 62 99 11 86 50 66 17 87 69 60 66 62 28 30 15 15 28 81 87 32 90 81 23 95
44 6 24 4 2 48 61 3 35 35 2 56 57 11 17 7 10 12 29 51 17 41 60 23 7
46 62 77 89 14 23 7 85 57 67 73 77 61 49 67 65 30 94 97 66 7 35 56 80
25
16
79 56 83 29 78 18 58 59 88 12 52 7 57 87 2 16 54 3 77 11 77 21 43 3 35
27 15 5 0 64 0 56 46 49 7 33 1 6 23 1 15 1 2 47 7 42 8 38 1 5
26 99 56 69 49 99 26 12 45 42 4 92 76 55 96 46 28 63 78 28 92 57 41 29
25
16
52 100 40 33 39 63 94 82 23 100 25 38 88 46 16 62 29 5 51 31 74 62 62 20 0
5 46 27 29 31 10 91 27 6 5 18 7 1 37 2 36 16 4 13 25 26 54 31 7 0
28 19 18 60 44 31 9 60 64 65 11 84 18 30 70 97 82 8 57 11 84 89 62 49
25
16
56 79 83 42 34 17 39 13 0 37 2 62 27 8 55 8 56 32 95 57 66 75 71 64 40
10 63 80 30 26 7 21 12 0 13 1 44 21 5 32 5 54 7 71 47 43 22 45 40 17
6 1 55 74 55 49 25 17 38 25 11 79 52 82 22 47 57 29 48 76 72 35 21 26
25
16
32 28 70 11 91 38 48 84 95 61 0 97 91 45 56 32 16 4 89 12 30 55 27 52 21
28 15 53 8 80 5 35 17 71 24 0 51 89 24 5 9 1 0 0 10 15 8 4 47 12
68 34 16 31 72 22 53 34 94 79 6 89 99 59 91 94 33 88 68 24 80 71 39 63
25
16
26 46 49 46 71 96 16 95 85 64 7 1 31 50 47 40 89 63 56 70 62 91 10 37 48
21 4 35 10 20 26 12 53 43 40 2 0 8 6 5 40 86 32 14 41 61 2 9 18 37
41 6 2 92 61 34 95 56 74 82 83 17 37 24 35 25 83 80 41 18 90 53 45 31
25
16
22 9 57 90 85 54 91 59 42 73 9 34 88 64 8 15 79 19 97 88 99 15 45 25 51
0 4 0 84 8 3 57 41 11 18 1 25 57 18 7 5 41 1 0 37 16 6 2 10 13
54 15 32 21 90 41 10 12 39 96 79 44 87 71 73 65 8 95 14 55 24 70 12 41
25
16
44 27 68 17 39 70 0 19 67 23 62 45 13 78 62 78 76 85 19 70 40 3 55 6 99
20 18 10 14 34 30 0 8 5 12 38 17 0 71 1 49 39 40 13 63 3 2 19 0 27
79 5 41 14 82 31 21 97 44 63 45 33 16 10 59 32 72 24 16 71 55 79 13 55
25
16
84 75 50 93 92 51 22 39 67 55 54 29 89 100 13 34 58 2 54 3 34 73 83 23 95
80 20 19 15 84 41 21 8 47 54 50 9 76 72 11 14 21 0 21 1 1 15 55 15 93
77 31 77 67 19 16 44 88 40 50 91 1 33 80 96 68 16 74 86 88 70 62 48 62
25
16
1 3 44 85 80 28 6 4 36 81 25 94 30 21 16 11 45 28 69 70 95 93 30 45 87
0 1 39 36 36 3 5 1 34 30 17 30 9 3 10 2 14 2 0 8 19 79 7 33 82
30 56 69 19 19 7 95 16 15 8 68 43 89 22 40 26 74 65 21 55 52 88 49 30
25
16
61 36 15 31 93 80 92 34 99 44 68 36 32 64 64 92 45 61 56 4 97 15 10 49 78
6 16 15 16 72 0 84 20 64 17 4 5 23 24 54 73 29 38 10 3 14 7 2 8 46
18 71 41 21 8 63 56 41 44 85 52 88 91 14 91 17 32 94 86 65 24 26 49 14
25
16
34 45 91 67 88 75 65 53 4 86 25 8 53 20 57 91 71 62 68 51 4 60 62 57 40
21 38 89 0 9 52 7 12 3 35 6 5 37 3 28 85 35 54 42 45 4 32 49 45 21
24 65 44 67 73 29 72 8 54 89 39 22 97 58 84 33 8 27 59 49 29 25 96 22
25
16
31 100 20 45 22 90 66 62 43 48 43 76 35 63 6 55 28 64 23 21 32 19 79 95 78
2 39 9 24 4 14 57 25 37 42 17 39 8 53 3 12 0 2 14 8 13 7 46 11 6
19 73 33 46 44 82 39 91 1 91 16 44 99 11 71 57 68 74 1 7 45 5 11 25
25
16
2 6 72 80 2 35 42 85 56 0 32 25 83 28 96 61 45 75 99 66 11 12 70 90 53
1 4 40 27 1 4 32 44 35 0 18 5 35 7 65 55 24 14 34 21 11 2 31 80 50
41 62 75 85 86 1 56 10 73 4 92 48 75 4 36 13 91 80 92 56 8 94 55 13
25
16
18 19 5 80 88 94 92 72 14 85 15 92 8 90 36 60 63 68 63 44 29 66 2 40 47
4 14 4 17 32 12 4 6 10 20 0 11 3 54 33 53 33 30 37 21 18 60 1 34 11
92 13 40 38 41 32 71 86 2 53 16 70 3 27 8 93 71 2 45 41 86 37 65 70
0
