7
10
86 65 86 39 62 28 92
38 11 24 35 50 23 33
5 9 4 6 8 5
14
5
98 52 79 95 76 63 47 51 79 17 86 78 58 23
76 49 3 44 64 16 5 16 32 15 43 39 6 15
1 7 9 4 6 5 8 4 9 1 2 1 12
15
7
82 54 35 18 26 72 82 43 49 16 92 63 14 50 63
79 47 26 5 11 0 78 3 47 2 54 6 9 41 45
1 10 7 9 1 4 12 1 11 4 2 1 3 12
9
7
100 58 14 8 67 5 65 24 2
10 11 14 0 39 1 13 19 1
10 2 11 8 4 7 8 3
23
7
5 82 18 73 36 93 45 81 37 95 35 75 72 49 35 88 12 67 46 94 81 14 52
5 80 15 48 21 67 5 32 34 56 29 1 42 13 4 53 1 61 21 3 14 4 1
10 8 1 2 1 10 6 2 6 3 3 4 6 6 6 1 11 7 6 6 11 8
3
12
44 71 23
43 44 8
4 7
11
3
73 85 79 25 5 57 16 2 32 44 26
56 19 11 13 2 37 6 2 30 31 10
10 3 12 2 9 11 12 6 1 3
15
12
42 64 63 80 19 64 81 92 42 30 70 54 63 77 80
4 1 55 3 17 61 8 13 35 29 13 21 11 2 80
2 11 9 7 6 3 1 7 11 1 8 3 2 6
24
5
61 56 96 67 0 9 16 18 33 0 31 9 79 90 63 6 4 31 0 84 66 0 9 88
39 14 83 17 0 5 2 3 11 0 11 5 46 84 52 2 2 21 0 48 49 0 3 7
5 10 2 7 8 9 9 8 2 12 9 2 5 7 12 1 8 5 10 10 10 3 2
25
4
80 10 89 19 15 45 73 76 91 61 61 67 77 84 91 48 71 61 93 45 91 17 73 63 78
20 2 63 7 4 26 65 10 82 24 59 1 28 63 25 12 22 17 80 14 36 12 27 48 66
3 10 5 7 11 10 1 10 4 3 6 10 1 12 12 10 5 7 1 5 11 12 10 2
23
6
40 34 3 64 52 66 81 37 44 7 85 33 8 43 22 92 44 70 25 58 87 21 57
28 27 1 18 21 49 43 11 44 1 71 11 7 14 1 76 17 69 25 21 42 11 38
3 8 2 12 4 9 8 2 4 1 3 2 7 1 7 11 2 3 10 3 2 5
25
6
81 58 35 58 51 21 31 26 20 22 68 0 25 94 98 27 13 87 47 30 33 86 16 99 23
27 10 31 21 3 8 10 10 20 2 66 0 6 56 40 20 2 50 23 19 9 48 15 28 17
4 5 11 7 9 6 3 7 8 7 11 8 4 5 8 9 7 3 6 4 3 12 6 6
23
4
25 55 77 52 82 80 44 33 82 94 100 18 90 74 88 67 32 13 59 94 36 84 20
11 16 0 39 33 7 25 9 14 25 66 12 40 59 49 14 19 11 32 59 1 8 8
12 2 6 1 6 10 1 11 9 10 8 12 10 5 4 5 9 10 5 2 10 11
18
16
28 90 98 48 99 96 87 77 51 14 51 41 65 54 22 50 38 27
19 51 5 33 98 3 75 10 50 12 32 5 26 47 11 40 0 0
11 11 1 2 6 5 6 2 9 5 6 10 10 7 6 8 12
5
14
88 49 39 85 94
50 24 13 14 68
8 8 3 12
19
3
43 60 64 91 91 50 49 99 15 81 22 78 45 54 69 37 55 10 17
8 50 58 46 80 32 10 68 3 15 14 10 2 20 12 34 40 3 6
4 3 2 10 8 10 9 3 1 7 11 5 11 2 6 9 3 8
16
5
12 88 22 20 75 87 82 58 32 21 58 83 18 100 0 36
8 34 22 3 18 27 5 47 16 17 8 45 3 22 0 26
8 5 5 7 9 11 2 9 3 6 6 9 7 4 6
3
12
37 39 7
8 27 1
2 6
6
7
100 82 66 65 31 68
49 78 63 0 21 0
1 1 7 3 8
10
3
64 2 10 32 82 10 42 95 43 41
41 1 4 12 14 2 33 34 42 0
12 10 12 3 10 9 6 5 12
9
14
10 64 79 93 74 77 14 22 65
1 17 66 50 25 44 4 10 51
7 9 11 7 6 4 4 10
3
4
92 79 2
7 1 1
7 12
7
8
3 43 20 0 22 54 21
1 7 7 0 12 26 11
11 4 11 2 3 1
23
12
38 41 13 33 94 18 64 17 99 39 14 56 7 28 92 42 92 30 22 2 71 64 64
37 3 13 17 67 0 41 0 98 38 4 21 7 10 14 28 52 17 20 2 34 51 52
3 11 1 7 4 4 6 3 5 7 5 9 4 9 9 7 10 4 2 1 3 3
20
1
22 11 86 23 78 97 55 27 55 56 51 3 65 17 100 71 44 88 62 100
6 2 68 18 9 29 27 1 55 53 28 0 3 0 33 70 35 9 23 53
7 5 11 9 2 3 2 1 5 11 6 8 5 3 8 3 2 3 10
4
7
92 73 5 61
1 47 1 37
8 5 4
10
9
58 68 22 84 49 81 59 10 11 82
29 26 6 76 48 39 38 10 1 29
4 9 12 1 11 5 11 8 3
4
7
12 51 67 80
11 6 53 57
1 10 7
13
4
79 3 13 91 38 0 25 41 32 72 13 49 16
54 0 0 15 28 0 3 20 26 61 12 47 6
4 2 1 3 5 6 3 10 5 5 3 12
2
16
52 40
30 37
3
0
