14
1
12 71 97 7 86 27 4 9 32 24 13 85 6 67
10 44 9 6 24 21 3 1 15 6 0 48 1 16
10 2 1 11 7 2 1 2 9 1 2 10 9
24
5
63 64 48 98 16 89 40 62 47 4 14 50 57 72 86 24 42 10 85 26 28 98 91 35
1 49 32 50 16 45 1 17 36 1 10 15 36 26 76 16 21 6 2 8 17 38 61 8
2 1 5 2 11 1 4 4 9 11 8 11 6 2 11 8 10 9 1 12 10 6 8
10
14
87 12 44 38 45 57 48 90 88 58
42 7 14 29 9 20 39 90 31 7
5 8 2 3 5 9 8 2 8
12
3
62 18 68 75 9 91 64 41 44 97 68 51
51 7 16 16 2 76 61 29 22 52 48 24
2 1 3 6 4 2 1 6 11 1 11
13
13
70 24 87 83 11 96 4 83 22 81 74 40 83
47 8 46 3 3 35 0 62 7 27 3 4 72
4 10 2 2 10 5 1 6 5 4 5 3
14
3
53 56 15 91 92 11 25 9 17 78 87 7 91 77
31 23 7 59 38 0 15 5 0 32 26 1 44 36
6 9 9 9 7 12 6 8 7 11 5 7 6
10
12
47 55 3 33 65 51 22 83 91 23
30 9 3 2 44 26 7 45 10 19
9 9 10 9 12 10 12 3 7
8
13
70 9 60 95 96 10 48 90
37 8 19 64 72 2 19 54
6 11 4 10 3 10 2
17
14
40 19 66 4 79 4 25 27 85 55 81 40 2 7 5 64 18
0 2 31 0 65 4 3 2 0 46 45 40 0 2 2 51 10
8 12 1 6 12 7 8 3 4 11 5 11 2 4 1 8
23
12
75 43 28 19 96 37 50 41 36 22 35 99 84 16 22 63 45 64 81 83 67 45 86
24 27 23 17 20 28 33 36 28 2 2 20 39 1 8 58 19 9 45 34 46 25 5
5 6 7 4 3 3 12 9 11 1 5 4 5 2 9 5 5 10 1 5 11 7
19
13
69 36 40 61 21 85 69 55 5 5 22 26 27 39 15 38 43 14 30
40 14 9 27 20 4 6 6 1 0 3 0 11 17 1 22 16 8 3
12 2 10 5 9 3 1 3 12 5 3 9 3 6 10 3 3 10
14
4
85 81 11 49 13 100 69 40 66 63 32 22 5 50
64 10 6 34 8 50 59 28 34 43 31 21 4 15
7 6 5 6 11 12 7 2 3 7 3 5 3
5
13
2 53 69 56 1
1 42 10 3 1
12 10 5 10
11
16
8 30 36 52 84 80 10 52 85 4 8
8 16 6 41 4 38 1 49 16 0 4
6 10 12 6 3 7 4 10 12 10
10
15
6 77 74 78 88 38 71 16 38 68
6 6 2 45 0 25 50 10 5 68
3 9 10 8 2 2 9 1 4
21
3
52 84 21 66 38 5 91 95 90 65 13 4 2 44 73 40 43 63 86 77 27
11 4 2 6 34 2 91 3 55 46 5 0 2 39 64 1 28 31 56 16 16
12 5 2 2 6 11 2 7 8 4 10 12 12 12 5 11 2 10 9 7
17
15
53 17 14 15 88 50 41 53 30 54 15 11 86 66 18 47 38
2 0 9 1 58 11 8 22 21 11 7 5 74 9 16 13 6
12 11 6 3 7 8 11 6 12 3 10 4 5 6 9 2
14
14
73 6 48 8 86 44 85 12 56 41 45 79 33 1
71 3 33 0 82 3 10 11 32 4 39 5 17 0
6 7 2 9 5 7 4 6 8 8 5 6 2
14
6
95 2 2 67 3 61 58 60 43 33 9 97 0 84
69 0 0 36 3 10 21 9 9 26 9 94 0 9
9 7 1 9 11 10 6 9 2 6 3 11 9
12
12
80 17 72 55 25 90 15 9 5 34 66 59
26 15 14 31 12 77 8 6 2 27 65 32
11 1 8 5 3 9 12 2 4 2 2
10
5
12 6 3 85 97 84 72 84 76 51
11 5 2 25 32 20 30 1 28 34
9 6 9 8 7 11 10 5 1
17
4
63 33 57 41 15 14 19 20 49 31 25 92 28 49 32 32 71
27 26 0 4 10 9 14 6 25 8 23 80 26 25 22 24 35
11 11 12 9 12 9 10 9 4 7 10 6 10 2 5 2
11
15
16 51 29 2 8 72 41 93 58 43 13
6 28 12 0 0 57 15 73 39 7 9
11 5 2 5 11 3 4 7 7 4
21
11
59 72 26 12 35 61 96 54 27 84 23 59 62 40 90 47 97 3 87 16 79
11 24 15 3 1 20 24 6 1 56 2 12 27 6 81 28 81 2 43 12 41
12 6 3 10 2 10 1 8 2 9 9 9 6 5 11 11 6 8 9 10
14
2
60 62 42 24 66 70 26 77 10 34 15 92 42 48
27 58 26 2 38 56 26 28 9 25 13 28 6 14
4 11 8 6 5 4 11 7 4 4 9 8 3
11
2
3 92 91 22 100 60 12 26 48 61 39
1 10 71 21 21 53 2 7 4 24 7
12 8 12 4 6 10 4 9 1 2
25
3
69 72 61 49 94 91 1 65 68 74 71 25 69 77 79 24 30 16 97 48 86 82 20 27 97
14 54 37 18 15 35 1 12 17 42 11 23 14 26 44 16 23 4 74 44 53 3 10 11 97
3 2 7 5 8 2 5 12 12 11 9 7 8 6 2 1 12 4 10 10 1 10 6 7
13
15
47 4 94 49 79 79 36 63 66 80 51 19 69
39 4 23 9 20 72 0 2 44 61 18 19 4
10 5 3 12 11 3 4 5 11 2 5 11
11
14
42 13 47 7 19 88 47 20 98 68 53
29 13 29 0 12 81 31 14 49 22 4
7 9 10 8 5 11 3 5 12 1
16
2
31 44 37 36 5 45 69 42 55 10 12 61 83 91 86 94
30 11 34 34 4 45 25 4 6 10 3 43 48 69 16 52
2 2 5 5 7 12 12 2 2 8 10 2 4 11 7
0
