25
16
54 49 23 93 96 6 58 64 74 50 88 63 47 25 41 48 49 50 92 100 35 75 6 77 44
36 40 12 55 10 3 15 43 45 31 43 31 4 17 18 45 36 17 80 34 13 38 4 62 4
8 8 2 5 6 1 3 6 7 2 1 11 3 2 2 8 5 8 6 8 4 7 12 1
25
16
45 93 2 53 88 42 93 56 45 42 86 45 54 55 21 22 64 11 69 70 14 64 86 5 69
29 28 1 22 25 3 66 26 21 36 20 30 50 43 9 17 15 8 34 67 1 42 28 4 68
1 3 6 4 11 2 7 3 5 7 9 3 8 7 9 2 10 1 1 11 7 1 6 5
25
16
25 4 5 52 6 47 99 3 30 77 79 77 53 98 78 73 31 41 23 73 17 90 82 94 71
3 3 3 17 5 42 83 0 2 21 42 8 22 90 67 70 16 8 8 56 15 2 8 60 47
2 8 4 4 2 9 9 9 7 1 9 6 3 5 1 11 10 2 10 11 1 1 12 1
25
16
63 22 18 44 13 60 84 94 0 51 75 28 56 6 30 36 99 41 44 18 16 27 33 79 92
31 5 14 12 12 10 39 20 0 30 61 16 30 0 12 8 49 40 42 15 11 15 14 39 56
2 4 2 10 7 4 6 3 3 8 11 3 9 1 7 5 4 2 12 3 12 1 12 4
25
16
99 36 67 98 80 35 86 93 72 81 92 1 52 12 92 52 6 94 25 14 95 87 87 3 16
70 31 47 62 22 16 51 46 56 54 9 0 39 2 59 4 2 80 19 2 58 65 43 2 12
12 12 5 5 4 1 5 5 5 3 5 3 11 2 7 11 8 8 7 9 2 6 3 5
25
16
15 92 93 65 17 61 39 1 43 76 27 84 0 7 29 10 45 100 23 29 73 97 25 71 45
15 54 80 55 9 4 23 0 38 47 10 42 0 0 9 5 11 63 0 14 65 16 21 19 14
11 10 5 8 5 7 11 5 4 9 4 11 2 3 4 7 6 4 11 4 10 11 1 9
25
16
40 1 64 1 15 22 80 2 33 59 62 76 89 92 91 96 63 21 17 93 38 2 29 87 2
22 0 16 0 11 2 32 0 14 23 49 27 44 92 27 81 33 17 13 86 9 2 22 70 2
8 11 11 1 4 6 2 8 3 6 3 6 4 4 7 11 1 7 9 12 4 12 8 10
25
16
34 15 65 48 91 26 38 38 29 78 87 59 18 61 97 36 78 48 37 28 73 100 79 100 25
30 13 53 17 30 1 10 3 7 39 63 41 10 13 24 0 18 27 17 1 71 79 74 23 19
7 4 7 5 9 7 2 4 1 4 5 10 1 12 2 7 12 12 1 12 7 5 10 7
25
16
92 48 8 98 31 51 29 58 47 100 87 52 97 12 21 70 83 75 31 13 73 83 21 92 43
62 37 6 32 10 40 10 48 32 55 67 9 14 0 0 25 81 20 5 9 52 17 5 43 13
12 3 9 7 4 1 11 9 6 8 5 4 3 6 8 8 1 2 2 5 4 12 10 6
25
16
99 38 36 47 23 19 0 78 67 43 56 85 54 88 68 20 21 44 23 80 67 46 35 54 73
69 32 34 24 5 8 0 9 18 16 55 11 5 21 67 1 17 43 0 18 48 0 31 12 38
3 2 9 2 7 3 7 1 12 6 12 5 4 5 2 6 10 12 6 10 12 10 7 6
25
16
66 16 10 71 41 66 76 4 88 38 75 33 0 58 95 65 81 98 68 11 3 77 86 63 45
28 13 1 64 7 0 38 0 67 28 1 23 0 8 81 28 75 82 68 5 1 20 15 18 38
9 8 8 11 7 7 11 10 2 6 4 4 10 6 12 5 11 7 1 6 11 10 11 9
25
16
10 60 13 20 66 87 39 25 70 75 44 94 40 20 79 40 79 2 89 86 12 5 33 72 87
6 35 5 20 59 52 14 6 60 21 34 74 31 8 70 3 1 1 28 64 12 0 0 72 81
3 3 12 3 11 6 1 9 10 3 11 6 11 8 10 2 8 4 8 5 4 1 4 4
25
16
39 41 34 98 67 14 54 67 33 44 96 25 57 43 82 32 54 8 0 79 72 31 62 79 71
7 39 18 18 46 10 43 9 32 19 67 12 10 12 25 13 51 3 0 12 10 15 46 38 64
7 8 5 11 12 11 7 5 10 12 3 6 5 11 1 3 1 2 6 7 1 11 5 1
25
16
30 55 46 70 4 68 22 34 56 58 59 79 7 35 42 19 95 98 79 30 18 32 15 87 2
3 49 31 61 1 32 3 8 39 23 15 10 1 14 40 13 10 67 23 2 17 3 12 33 2
5 6 11 1 2 10 11 4 11 10 12 5 12 11 1 3 8 5 6 9 12 6 3 6
25
16
34 88 75 85 18 77 13 92 71 58 64 31 63 6 46 4 60 98 22 14 39 99 50 17 26
34 26 23 22 18 59 7 35 20 39 53 6 0 3 24 2 43 19 14 6 28 13 9 9 24
9 2 3 5 9 8 4 10 7 1 5 12 7 7 4 3 12 12 12 10 11 1 6 8
25
16
71 60 73 56 97 1 3 68 4 53 6 86 62 27 6 91 40 6 23 99 67 61 70 41 61
28 14 21 25 8 0 3 20 2 19 2 38 26 26 6 46 19 2 16 96 41 53 31 40 29
6 9 6 2 9 1 7 8 7 9 5 1 12 3 3 1 4 4 8 9 5 9 2 8
25
16
45 82 52 26 20 86 37 83 55 100 34 76 23 60 95 62 91 54 25 58 6 87 55 57 51
42 4 50 15 6 74 23 10 21 10 6 10 2 5 10 1 8 14 2 7 6 49 4 23 1
3 7 6 11 4 1 11 5 12 6 8 9 2 2 3 12 9 7 12 1 4 9 11 7
25
16
99 20 92 50 75 100 33 57 7 52 24 20 3 78 10 14 39 51 19 4 0 17 78 24 67
35 19 64 23 69 87 8 53 5 9 4 17 2 34 3 2 3 1 6 2 0 1 39 15 49
3 11 2 1 1 12 12 1 3 4 7 3 8 1 11 11 8 3 8 10 10 1 11 6
25
16
67 15 87 65 61 47 54 29 83 12 23 72 5 90 79 69 41 92 32 5 34 26 53 79 70
7 2 80 18 25 11 2 25 83 4 12 25 5 12 55 62 29 59 26 4 33 7 33 75 36
10 11 4 12 2 11 2 1 12 1 12 11 3 3 5 8 11 4 3 6 6 11 2 9
25
16
29 19 4 72 18 88 96 7 76 57 38 61 41 19 69 86 62 57 30 39 95 90 2 56 19
12 12 3 37 4 70 83 3 31 42 18 61 0 10 51 7 0 51 18 33 35 42 2 55 12
7 1 7 12 5 1 12 1 4 8 6 3 3 9 1 9 8 7 7 9 1 10 2 9
25
16
5 19 40 2 22 80 64 90 1 82 13 74 90 36 88 100 35 4 64 8 79 58 78 65 76
1 0 11 1 13 8 49 19 0 73 12 2 79 1 35 87 22 0 49 4 15 30 0 8 63
6 6 2 6 8 4 6 10 3 7 8 8 7 11 8 6 1 1 2 9 3 11 2 2
25
16
41 24 97 71 92 26 0 99 98 51 3 57 14 36 31 5 3 46 87 69 38 40 54 34 72
23 13 72 3 42 15 0 2 79 49 2 15 5 22 31 1 0 11 57 25 0 22 50 18 56
1 4 9 12 2 11 7 10 3 7 1 2 12 7 11 9 9 11 6 8 10 4 12 7
25
16
34 55 39 88 53 55 80 19 94 66 44 25 18 64 78 96 20 65 44 60 50 80 96 80 66
21 10 5 45 41 11 64 5 56 37 34 20 12 5 21 13 14 9 31 47 37 12 7 45 33
2 1 1 7 7 8 2 11 3 5 7 6 7 1 11 6 8 9 12 8 9 7 11 5
25
16
12 12 30 8 53 40 19 82 8 78 9 28 78 4 57 26 75 18 8 64 10 99 22 72 54
11 5 29 6 10 0 9 24 2 66 8 3 42 4 15 3 8 8 4 4 2 71 20 29 19
12 3 12 11 7 2 1 7 9 5 2 6 6 1 11 10 8 11 3 4 10 10 4 8
25
16
40 44 96 56 94 73 47 31 87 65 2 81 43 14 50 96 5 4 9 0 99 29 17 97 40
27 9 13 32 36 62 27 26 86 59 0 35 31 2 20 92 5 0 6 0 0 18 3 61 2
2 3 11 6 6 6 4 6 1 6 8 10 10 12 9 3 11 1 11 4 8 11 3 5
25
16
7 12 14 70 89 43 77 54 46 19 89 63 7 28 48 33 47 78 5 40 91 80 7 35 64
3 5 14 8 83 19 39 44 21 13 2 62 3 28 0 11 9 66 0 21 85 27 4 4 2
2 11 6 5 5 5 5 3 3 12 3 8 1 9 1 8 9 1 1 10 12 6 5 9
25
16
12 85 11 16 75 87 62 10 53 9 33 69 83 69 60 8 35 70 5 38 54 57 98 81 24
8 62 2 12 47 10 21 5 44 9 21 42 27 13 38 7 21 10 1 12 31 56 30 24 0
11 5 8 6 7 2 4 11 6 5 11 1 8 2 10 4 8 8 4 3 12 4 7 7
25
16
90 71 28 38 24 42 96 65 1 99 70 77 52 100 84 89 15 74 80 75 80 38 57 35 91
86 20 18 0 7 5 5 13 1 40 60 58 46 41 73 13 9 57 15 66 63 31 1 11 12
12 3 4 2 4 8 1 4 9 3 1 9 5 3 4 7 6 12 11 3 11 3 10 10
25
16
43 44 9 76 7 9 53 49 10 56 21 36 92 92 0 55 13 63 13 54 3 12 99 86 79
11 21 4 24 1 3 9 4 9 46 8 21 13 33 0 51 13 57 1 10 2 6 0 39 48
3 7 7 4 7 10 1 9 11 4 7 4 4 3 8 11 8 6 6 12 6 11 4 2
25
16
97 52 90 71 40 30 23 7 84 26 90 67 73 92 98 39 94 45 49 99 76 9 37 70 66
48 36 87 70 31 12 5 0 53 12 72 8 58 81 64 39 23 10 19 50 51 7 15 56 4
9 12 3 4 12 10 8 10 9 8 8 4 9 11 9 4 1 5 11 3 9 9 5 6
0
