25
16
61 53 98 4 89 39 44 59 23 73 82 57 51 66 38 83 48 9 29 4 77 72 20 32 100
20 36 88 0 57 33 34 25 4 69 72 10 42 24 6 45 30 6 27 0 20 72 16 3 75
2 2 9 7 7 6 9 2 5 5 10 10 9 3 1 6 11 12 9 4 8 6 9 5
25
16
13 42 28 38 88 85 38 42 79 20 43 14 27 70 83 72 32 79 24 2 76 97 18 53 94
11 28 20 23 23 6 17 9 70 18 38 2 16 30 72 43 0 42 18 2 32 75 14 39 58
3 6 2 3 12 6 1 5 12 10 6 12 9 3 4 12 2 12 7 2 12 5 2 7
25
16
64 52 82 23 85 90 75 87 35 31 33 99 43 78 14 94 35 95 74 11 29 2 100 3 30
19 28 53 11 75 60 17 2 32 2 7 69 37 51 14 37 3 16 1 5 1 2 51 3 6
5 4 7 1 4 5 8 8 10 7 4 6 7 7 8 4 5 11 7 5 12 5 3 5
25
16
2 61 73 86 30 39 81 99 27 2 5 8 73 77 93 2 82 59 6 85 47 89 70 84 100
2 43 52 73 10 36 65 39 15 0 0 7 35 10 24 1 75 22 1 50 18 3 5 27 73
11 12 12 1 9 12 8 11 11 11 2 9 7 12 5 9 10 1 12 10 4 3 7 3
25
16
69 27 50 66 85 7 5 43 23 96 36 59 6 60 99 49 55 30 55 45 48 26 15 31 63
36 24 40 44 63 0 3 33 11 45 23 49 1 20 27 26 27 20 20 14 38 2 8 27 52
11 4 10 7 2 10 7 10 12 10 8 4 1 9 6 6 9 10 1 8 1 6 5 11
25
16
37 77 59 30 63 31 92 57 83 73 79 4 95 4 26 28 23 33 40 76 65 59 21 73 7
28 7 50 30 58 14 22 52 62 68 48 4 56 3 10 28 4 23 39 47 62 58 13 4 6
11 5 12 6 1 4 2 8 2 1 5 10 1 4 6 1 8 4 7 11 7 10 6 3
25
16
91 41 14 70 65 4 49 53 28 96 92 10 28 53 54 19 43 20 4 63 4 45 53 88 4
89 32 12 15 26 1 39 18 19 91 73 3 28 14 31 5 2 5 2 37 0 45 47 76 0
3 1 7 5 8 3 11 8 3 4 5 6 10 8 8 2 9 9 3 11 1 3 8 2
25
16
36 66 14 58 98 27 34 69 22 30 22 58 80 5 61 20 91 13 90 70 7 83 2 38 62
31 25 13 3 17 22 14 48 3 6 13 40 29 5 27 17 64 5 43 69 6 50 2 17 0
7 11 1 6 3 4 2 5 11 8 2 12 2 6 12 6 7 3 4 10 8 6 9 12
25
16
95 60 60 48 67 74 38 48 63 39 0 53 17 38 27 91 1 15 32 11 33 66 48 89 12
53 4 41 25 10 48 30 20 34 39 0 51 11 33 26 77 0 7 7 9 25 60 15 62 12
6 8 2 10 5 9 8 8 5 5 3 6 4 9 11 12 11 5 3 6 2 11 8 6
25
16
8 86 11 66 59 52 65 95 28 89 6 92 58 56 66 75 49 38 81 36 68 49 89 16 9
0 17 10 27 46 36 26 1 1 86 3 3 2 20 53 37 39 0 15 13 35 19 35 15 2
10 9 7 10 10 3 6 12 6 10 6 11 1 6 4 7 1 3 1 3 6 5 10 2
25
16
11 67 16 94 26 30 26 79 54 61 8 5 5 53 36 54 20 75 11 58 22 11 14 64 2
0 56 3 71 6 9 2 44 18 17 1 1 4 9 33 33 10 34 7 18 7 6 10 4 0
9 12 3 3 12 7 12 5 8 9 9 10 4 11 9 8 7 3 5 2 3 8 1 2
25
16
34 8 94 32 65 40 19 37 42 15 42 89 9 7 64 42 32 36 70 72 29 18 87 56 65
32 0 73 30 49 20 7 23 5 7 40 8 2 0 37 41 12 0 36 20 15 1 78 19 24
5 10 7 12 9 2 9 7 7 8 11 1 9 9 2 1 8 7 7 2 1 1 6 2
25
16
53 94 37 23 90 32 95 0 46 89 40 90 41 62 55 43 49 41 21 100 68 97 11 66 45
12 23 4 9 78 30 79 0 42 64 40 6 5 56 27 42 44 2 3 61 53 46 3 24 26
4 1 8 9 6 5 4 3 10 10 10 10 1 2 8 3 2 10 7 9 8 9 8 8
25
16
41 35 62 34 96 63 86 50 77 23 13 51 97 62 94 92 19 92 96 44 11 53 20 60 94
11 6 22 9 74 5 63 45 58 11 9 32 92 30 23 87 14 38 87 29 0 45 16 47 80
1 5 3 2 2 4 3 6 10 9 7 1 9 2 4 5 7 4 12 12 1 9 9 10
25
16
79 52 75 41 97 65 50 32 42 45 5 86 24 58 35 57 64 24 79 92 86 24 88 99 100
35 8 44 7 18 64 47 1 9 23 4 41 2 23 35 11 56 2 7 20 3 2 77 47 27
9 1 11 9 8 9 7 12 11 2 5 10 10 9 8 10 9 9 5 8 10 1 8 11
25
16
75 45 13 23 44 37 82 84 76 2 87 0 4 88 62 88 4 9 12 14 72 67 77 70 78
67 22 6 4 43 7 66 1 69 0 87 0 1 53 20 7 0 3 9 2 11 52 26 31 7
6 3 12 12 4 1 6 5 8 2 5 9 9 2 10 3 9 2 2 3 2 4 6 3
25
16
35 57 28 8 58 59 27 33 93 80 54 33 88 88 34 86 71 98 28 70 55 15 30 0 75
3 49 17 3 38 50 13 30 92 6 22 15 45 28 1 65 64 87 25 2 38 14 9 0 57
11 4 1 9 6 7 9 8 11 12 7 10 11 9 10 12 9 11 3 9 8 1 5 8
25
16
36 39 42 2 43 3 97 78 13 83 3 62 51 0 20 94 49 68 53 79 81 88 13 89 17
6 22 10 2 27 2 44 51 10 7 0 16 41 0 7 33 4 63 41 21 26 72 10 61 13
1 5 7 12 4 2 10 8 6 2 4 11 11 2 2 12 11 2 4 3 7 1 2 11
25
16
29 89 92 7 72 5 1 13 26 59 52 93 68 61 33 87 93 79 53 77 67 30 61 51 100
21 23 6 0 64 3 1 2 25 55 10 71 6 26 18 30 49 59 5 21 61 5 13 19 58
8 6 3 10 5 8 9 1 6 12 1 1 5 1 4 1 2 12 5 1 8 3 4 4
25
16
2 24 25 86 72 9 6 70 95 19 29 99 12 45 54 29 1 0 50 99 20 14 79 68 66
1 10 12 86 53 1 1 57 23 14 2 15 6 6 28 6 0 0 20 68 19 0 28 63 22
8 3 2 10 5 12 12 4 12 8 7 8 12 12 1 12 6 2 6 8 4 11 12 3
25
16
90 63 72 41 97 81 29 91 64 57 45 35 91 97 0 91 62 10 94 42 77 49 19 88 87
3 58 34 28 42 55 22 13 7 46 32 28 44 82 0 23 51 10 13 0 1 24 15 83 39
1 1 12 7 4 8 11 1 7 12 9 7 11 7 11 11 1 2 6 10 4 8 12 3
25
16
93 22 8 25 98 82 0 10 82 20 15 72 38 65 32 43 69 14 80 65 82 27 93 75 79
10 4 0 23 57 27 0 7 9 6 13 16 10 41 11 41 45 12 12 8 57 14 70 40 25
5 1 10 5 4 7 12 4 2 2 1 3 7 4 11 1 10 7 10 9 6 5 1 6
25
16
52 16 56 10 18 74 0 66 61 55 93 99 51 83 45 89 93 22 94 42 93 34 90 89 76
45 14 54 6 12 25 0 55 21 20 51 15 38 72 3 25 38 20 25 18 74 16 56 59 3
7 12 8 9 11 6 3 6 5 6 11 10 7 5 4 8 8 8 1 1 6 9 8 8
25
16
67 88 5 18 53 79 70 77 67 67 22 4 41 4 9 7 5 93 1 86 68 85 16 77 85
25 55 3 4 37 37 14 48 55 66 16 1 34 2 5 0 3 63 1 50 55 45 0 1 39
10 8 11 10 7 3 11 6 5 11 12 8 11 6 1 6 8 8 8 6 1 3 5 12
25
16
10 85 35 53 70 42 52 35 90 19 56 64 30 99 53 75 47 2 35 52 55 68 92 75 52
6 41 33 14 30 31 18 27 49 16 31 9 13 95 15 26 8 0 30 7 15 25 19 21 31
4 4 10 11 3 5 3 10 3 12 2 12 1 9 2 7 3 6 5 1 6 5 8 7
25
16
68 98 28 15 87 48 38 25 45 83 96 21 15 45 25 27 97 57 59 80 54 4 21 30 75
6 33 13 0 52 26 19 21 26 36 73 14 3 25 12 14 43 42 12 9 12 0 21 28 59
10 7 6 11 3 9 5 2 10 8 8 6 1 1 2 12 10 8 12 12 2 2 9 11
25
16
23 16 69 32 79 86 14 58 12 92 65 33 25 77 73 23 77 18 56 68 27 94 48 82 11
17 16 43 1 31 21 14 37 1 29 8 9 21 6 46 5 45 15 27 16 19 44 36 69 1
8 11 6 11 11 2 6 7 8 6 11 9 11 7 3 7 1 3 7 1 7 10 11 10
25
16
9 59 66 51 28 35 42 75 83 97 33 47 44 98 17 31 37 58 27 6 89 7 37 95 62
0 2 57 38 2 0 15 44 41 13 33 1 10 24 7 16 13 57 10 0 38 3 14 27 26
7 12 7 9 4 1 7 2 4 8 11 5 2 8 3 7 9 2 7 4 6 7 3 4
25
16
69 42 56 52 11 4 9 59 38 35 62 26 82 63 17 93 75 95 41 49 9 76 76 88 72
25 29 45 18 11 2 4 8 21 2 51 18 59 42 0 53 14 18 36 28 3 28 9 40 42
4 3 4 9 1 3 1 1 8 5 12 4 1 9 8 4 10 6 6 1 2 6 9 11
25
16
21 51 6 66 94 83 65 95 21 98 66 9 13 58 17 52 63 14 54 32 13 81 21 100 64
1 26 6 10 85 71 44 64 9 40 13 9 12 24 4 22 37 1 46 5 12 78 17 46 47
12 9 2 10 6 5 8 12 3 10 3 10 10 7 5 8 4 8 3 1 10 11 7 8
0
