25
16
30 66 26 73 42 53 10 71 3 63 69 96 16 39 93 25 11 98 69 15 16 76 18 81 44
10 23 9 24 10 47 5 38 1 57 14 22 10 5 5 10 8 92 8 9 6 31 3 2 16
1 1 1 2 1 2 2 2 2 2 1 1 2 1 1 1 2 2 1 2 2 1 2 1
25
16
86 41 68 97 55 49 3 8 18 87 80 17 86 21 73 72 81 75 82 100 98 79 71 75 10
67 28 47 30 53 1 1 2 5 45 15 5 76 12 14 4 57 3 20 44 35 40 27 2 8
2 2 2 1 1 2 2 2 2 1 1 1 1 1 2 1 2 1 2 1 2 1 2 2
25
16
29 27 100 57 1 92 99 58 38 91 81 52 64 58 16 39 6 44 22 77 51 28 11 88 42
22 15 27 4 0 23 40 10 28 53 46 11 32 36 16 28 6 5 15 40 48 15 10 39 8
2 2 1 2 1 1 1 1 1 2 2 2 1 2 2 2 2 1 1 2 1 1 1 1
25
16
4 28 76 95 36 58 32 37 99 43 60 15 48 35 99 13 21 7 81 96 72 28 93 22 68
3 19 54 38 32 39 27 26 64 40 20 0 13 34 91 10 16 2 53 6 24 10 27 8 6
1 2 1 2 2 2 1 1 1 1 2 2 2 2 2 1 1 2 2 2 2 2 1 1
25
16
2 0 35 68 10 13 98 29 63 62 73 5 11 31 13 32 80 52 81 42 1 61 99 8 12
2 0 8 39 10 8 72 2 9 57 40 4 10 26 10 23 32 6 54 31 0 8 96 5 3
2 2 2 2 1 2 2 1 2 2 1 2 2 1 2 1 1 1 2 1 1 2 2 2
25
16
3 12 83 15 10 78 16 67 49 76 69 8 66 3 83 97 3 42 21 46 43 100 70 100 81
0 1 34 4 4 14 10 5 10 60 3 8 49 2 74 44 3 22 10 17 36 17 46 52 64
1 2 1 1 1 1 2 2 1 1 1 1 1 1 1 2 1 2 1 1 2 2 1 2
25
16
71 88 71 70 10 19 37 86 38 5 2 69 44 40 48 33 51 38 24 57 16 74 15 42 32
59 36 37 29 9 13 30 45 11 1 2 26 31 0 0 32 13 32 1 38 5 59 13 26 7
1 2 1 1 2 2 1 2 1 1 2 2 1 2 1 2 1 2 2 1 1 1 2 2
25
16
17 53 41 33 30 96 30 7 92 23 88 70 55 31 64 12 0 4 17 62 4 3 45 74 37
11 21 4 17 21 91 20 6 25 12 4 5 14 20 36 3 0 3 4 36 4 1 7 1 24
1 1 2 2 2 1 2 2 2 2 1 1 1 1 1 1 1 1 1 1 2 1 1 2
25
16
93 67 14 53 14 29 81 53 56 22 67 11 27 60 20 85 19 99 51 6 19 69 90 5 64
43 33 0 10 9 13 27 34 12 13 11 10 5 8 20 29 8 50 0 2 3 40 83 4 28
1 2 2 1 1 1 2 1 2 1 2 1 1 1 1 2 2 2 1 2 1 2 1 2
25
16
1 55 95 56 39 55 83 37 17 85 37 7 77 62 20 63 75 76 48 50 42 65 72 75 44
0 5 18 19 27 2 7 31 14 61 10 6 3 44 11 35 64 10 2 24 3 28 55 48 15
2 1 2 2 2 1 1 1 1 2 1 2 1 1 1 1 2 1 2 1 1 1 1 2
25
16
6 7 11 100 72 47 29 89 42 15 51 62 80 46 28 86 74 100 34 45 10 23 33 66 35
6 0 8 71 54 6 10 80 21 3 19 28 27 3 27 36 61 89 23 35 7 16 25 66 31
1 2 1 1 2 1 1 2 1 2 1 1 1 1 2 2 1 1 1 2 1 1 2 1
25
16
32 32 87 16 27 56 45 81 62 71 31 65 99 99 77 32 11 90 100 44 30 59 84 46 30
19 0 68 2 27 35 40 77 43 58 26 29 61 48 59 5 8 67 63 10 22 52 0 19 7
2 2 2 1 2 2 1 2 1 1 1 1 2 2 2 2 2 2 2 2 2 1 1 1
25
16
15 35 35 98 98 62 57 17 8 9 77 20 20 85 27 32 96 42 1 91 95 51 11 54 23
0 11 14 60 63 3 42 12 2 4 20 14 14 74 4 24 77 15 0 88 32 23 7 25 17
1 2 2 2 1 2 1 2 2 1 1 2 1 2 1 1 1 2 2 2 2 2 1 1
25
16
42 37 50 3 100 39 65 77 73 97 17 34 59 18 1 80 75 47 73 88 94 51 63 40 50
15 34 18 2 0 13 45 51 47 85 2 6 0 3 1 79 22 32 30 63 12 36 56 21 3
1 2 1 2 2 1 1 1 2 2 1 1 2 1 1 2 1 2 1 2 2 2 2 2
25
16
20 35 26 90 50 60 37 39 25 13 47 21 76 35 49 56 13 100 26 68 2 18 48 78 74
10 22 7 8 19 31 32 35 16 2 29 10 1 25 49 53 13 7 11 52 0 14 33 69 19
1 2 1 1 1 1 1 1 1 1 1 1 2 2 2 1 1 2 1 1 1 1 1 2
25
16
26 95 1 100 11 37 84 5 96 34 28 1 75 39 72 39 24 57 34 84 83 92 59 93 87
22 14 1 61 2 6 78 2 78 29 13 0 71 10 23 0 8 50 21 73 13 13 20 72 67
2 2 1 1 1 1 1 2 1 1 1 1 1 2 2 2 1 1 1 2 2 2 2 2
25
16
51 6 68 58 15 0 54 82 15 20 30 65 57 82 57 14 64 37 37 90 32 32 18 76 69
10 3 25 28 6 0 5 28 13 7 0 17 27 78 37 13 27 8 30 20 21 26 7 11 33
1 1 1 2 1 2 2 2 2 1 1 2 1 2 2 2 1 1 2 1 2 1 2 2
25
16
11 93 88 31 61 20 45 26 56 42 8 39 6 77 2 94 49 23 40 92 9 96 47 5 32
7 71 32 18 28 2 31 9 38 12 0 6 3 38 0 87 42 5 9 59 7 84 32 3 28
2 2 1 1 1 1 1 2 1 1 2 1 2 2 2 2 1 2 2 1 1 1 1 1
25
16
39 65 50 90 38 95 56 57 67 79 50 70 80 29 70 19 30 54 83 9 21 69 95 77 24
36 23 46 77 14 94 24 0 38 13 21 50 64 5 38 18 15 31 51 0 2 19 25 33 0
1 1 2 1 2 2 2 1 1 2 1 2 2 2 2 2 2 2 2 1 1 1 1 2
25
16
88 61 22 51 23 46 4 42 76 80 69 54 94 16 48 67 88 69 26 75 78 29 80 1 84
18 20 15 1 20 33 4 1 55 2 6 1 69 10 47 64 4 59 1 29 76 27 36 0 72
1 2 2 1 1 1 2 2 2 2 1 1 1 1 1 1 1 1 2 1 1 1 1 2
25
16
50 97 51 82 92 36 35 94 68 90 44 52 28 97 74 60 9 4 67 46 51 3 33 5 36
23 95 11 77 53 23 12 49 61 18 44 13 15 11 68 17 6 0 2 27 14 0 13 4 12
2 2 1 2 2 2 1 2 1 2 1 2 1 1 2 2 1 2 2 2 2 2 1 2
25
16
68 78 81 17 43 45 32 13 91 8 86 38 95 84 85 2 57 10 35 62 85 0 26 99 50
48 56 27 0 13 2 29 1 45 0 53 31 80 82 47 0 57 8 21 37 11 0 2 10 5
1 1 2 1 1 1 2 1 2 1 1 1 2 2 1 1 2 1 2 2 2 2 2 2
25
16
0 52 16 72 34 49 34 47 8 55 69 40 20 2 46 40 1 23 76 78 64 74 23 11 36
0 49 9 52 17 15 1 0 0 26 19 36 15 2 41 21 0 2 24 33 51 66 4 3 34
2 2 2 2 1 1 2 1 2 2 1 2 1 1 1 1 2 2 2 1 2 2 1 2
25
16
4 84 9 10 65 55 18 69 87 51 21 93 20 56 2 47 30 37 54 74 50 50 42 34 8
3 42 7 1 21 36 18 38 11 41 13 48 12 33 0 20 23 7 37 27 43 38 2 4 2
1 1 1 1 1 2 2 2 1 2 1 1 2 1 2 2 2 2 1 1 2 2 2 2
25
16
87 44 71 50 80 30 73 2 54 74 41 38 38 92 86 97 23 92 61 4 55 99 52 57 76
74 42 14 35 39 6 55 1 4 31 24 32 33 24 58 55 1 65 28 1 18 30 6 25 49
1 2 2 1 2 2 1 2 2 1 1 1 1 2 1 1 1 2 2 1 1 2 1 2
25
16
11 42 40 59 51 50 20 95 60 78 92 95 90 10 36 82 93 90 8 70 19 90 31 21 24
5 29 21 14 14 21 12 0 29 9 25 61 26 9 24 19 49 21 2 18 14 61 9 6 10
2 1 2 2 2 1 1 2 1 2 1 1 1 1 1 2 2 2 2 1 1 2 1 2
25
16
89 50 39 21 13 31 10 78 56 36 99 86 62 12 33 40 35 28 42 46 85 95 79 52 70
41 19 4 3 1 9 9 76 17 14 91 79 54 4 30 39 26 25 23 14 1 15 76 33 63
2 2 1 1 1 2 1 1 1 1 1 1 1 1 2 2 2 1 1 2 1 1 1 2
25
16
82 40 42 0 96 54 32 37 55 73 63 55 75 2 76 0 86 49 30 82 43 93 6 68 91
3 11 12 0 40 15 18 15 48 58 4 2 2 2 7 0 5 46 19 77 8 75 1 1 68
2 2 2 2 2 1 2 1 1 2 2 1 1 2 1 1 2 1 1 2 2 1 1 1
25
16
42 67 95 10 32 84 90 70 53 45 36 80 37 25 96 75 12 57 69 37 34 58 65 13 10
22 2 28 2 1 75 63 4 44 2 23 46 36 12 87 47 11 36 35 25 27 51 65 5 10
1 1 2 2 2 2 1 1 1 2 2 2 1 2 2 1 1 2 2 2 2 2 1 1
25
16
33 46 96 99 78 27 89 54 44 96 88 92 53 48 47 80 70 58 59 70 92 80 31 17 22
1 38 95 56 52 19 62 48 22 21 59 55 8 36 47 28 11 24 32 61 26 1 19 4 20
2 2 2 1 1 2 2 1 2 1 2 1 1 1 1 2 2 1 1 2 1 2 2 1
0
