20
4
15 98 85 18 45 81 49 40 36 51 51 9 39 53 28 88 22 40 87 80
13 63 77 18 34 51 19 35 16 15 24 4 7 53 12 10 22 30 66 39
23 4 84 53 48 18 74 86 17 96 40 3 11 63 80 33 59 35 92
18
7
66 40 98 40 95 29 79 35 26 69 29 64 38 31 52 26 22 25
4 15 7 36 86 8 76 15 17 39 9 35 26 19 2 12 17 16
37 32 11 38 13 3 66 13 75 32 29 23 30 97 44 20 55
22
1
78 36 61 92 20 55 84 74 42 46 42 73 33 23 51 77 21 92 84 68 31 42
29 35 36 35 8 33 10 52 9 44 8 73 12 5 1 14 20 75 77 53 26 9
2 68 72 5 48 26 15 7 63 31 71 45 44 65 16 60 48 56 17 1 70
10
5
43 56 88 75 77 87 4 34 5 15
3 52 54 64 23 21 4 23 3 8
82 81 27 96 80 69 21 1 49
24
9
50 33 88 46 79 28 34 44 49 42 79 71 51 71 68 84 3 57 82 22 87 76 39 35
28 20 66 1 0 11 18 42 13 6 25 24 17 43 26 71 3 3 29 14 25 5 14 2
4 83 54 90 40 55 18 84 9 22 16 89 90 88 62 7 67 28 35 85 14 18 13
9
16
83 84 84 28 20 21 1 52 19
57 30 60 10 17 4 0 13 11
9 96 1 85 78 92 21 40
7
15
0 8 88 32 27 13 39
0 2 5 8 25 9 10
4 35 32 38 62 79
20
10
52 71 95 23 8 19 47 71 82 98 61 44 48 86 31 30 61 19 23 100
1 26 8 0 7 12 8 36 64 49 8 38 48 73 20 14 22 12 22 59
51 97 36 30 84 62 91 7 91 59 21 90 45 97 85 5 61 78 74
7
8
41 95 41 78 23 54 98
33 14 8 74 6 7 87
57 1 77 85 75 25
4
1
24 24 33 12
21 12 17 4
38 58 81
2
1
67 44
64 6
67
9
10
68 18 19 44 34 33 12 39 30
24 12 18 19 23 17 6 12 14
88 77 41 77 35 16 58 97
15
6
76 28 45 6 75 75 94 59 48 91 46 35 8 67 70
38 25 34 1 27 36 67 58 29 46 35 34 7 36 3
89 37 46 63 23 19 60 48 29 42 13 71 5 76
15
5
74 13 18 21 0 20 69 28 94 100 81 20 19 32 35
38 2 0 14 0 19 4 15 8 9 36 15 3 24 3
52 66 26 96 30 50 5 6 67 53 56 16 24 58
21
8
24 63 47 48 57 5 68 15 84 18 73 97 82 60 37 62 40 70 31 94 74
24 53 46 37 5 2 4 7 68 16 4 51 24 37 19 43 10 7 10 21 60
94 11 62 14 60 59 22 8 89 97 56 19 84 19 2 41 91 65 96 59
8
5
10 48 33 41 54 35 98 9
1 7 1 39 51 29 93 1
38 26 29 90 9 46 92
17
11
43 97 54 65 37 78 67 41 7 58 99 58 94 43 92 81 24
43 75 43 35 16 53 46 41 4 32 43 57 44 3 66 43 15
84 75 49 73 70 29 1 60 3 12 9 17 58 27 23 7
14
9
96 32 71 53 97 95 22 88 97 5 21 11 59 71
82 15 6 39 62 0 15 26 93 2 11 0 36 16
57 29 47 48 21 43 35 95 86 75 22 71 30
22
5
60 3 28 2 64 60 18 8 36 15 58 27 53 98 73 85 18 63 66 73 20 72
43 1 15 0 21 5 5 5 5 10 41 8 13 89 38 6 5 29 63 58 0 27
80 94 17 68 6 20 86 83 23 11 19 65 46 23 82 16 70 91 44 88 12
17
2
85 88 87 46 23 41 29 65 58 45 85 22 64 24 70 78 17
23 63 23 33 19 37 27 15 4 24 81 22 24 3 37 9 10
64 25 91 74 44 93 66 49 46 10 20 49 61 86 79 63
3
3
78 0 6
4 0 6
30 51
25
1
9 73 64 100 77 60 23 86 51 53 29 6 92 65 82 55 58 5 52 72 22 13 79 60 24
9 65 8 50 76 8 3 57 34 37 0 0 41 35 1 48 46 2 29 0 13 6 76 29 19
10 68 53 30 93 81 83 9 9 53 98 54 24 66 59 24 85 77 18 1 77 26 15 81
7
6
92 66 26 2 99 57 88
44 0 1 0 34 16 66
15 16 24 41 8 73
8
7
48 72 83 6 69 51 7 8
28 72 11 5 55 5 5 1
56 68 45 61 79 92 32
2
2
91 0
12 0
93
5
2
80 62 69 3 54
37 24 57 2 33
31 73 32 11
25
6
23 25 15 82 11 39 20 2 2 93 46 61 13 25 44 43 36 98 62 46 24 4 24 66 19
3 9 7 7 2 15 7 2 2 48 37 27 4 21 8 29 20 23 52 41 22 4 11 57 7
39 40 31 54 16 81 37 55 80 78 12 14 49 90 95 30 35 71 19 67 46 51 59 26
20
16
100 40 83 27 98 46 89 77 57 14 47 15 14 7 12 42 43 34 57 33
18 4 24 7 92 36 22 8 15 5 26 12 7 3 3 17 4 16 50 27
54 68 35 81 7 40 87 80 64 41 47 85 92 21 13 48 34 76 44
10
2
87 40 76 5 98 2 29 100 92 99
71 37 3 4 22 1 26 38 65 22
97 45 25 86 51 58 48 19 50
3
4
52 86 94
49 75 46
54 54
0
