10
9
5 99 78 33 99 15 100 30 21 45
4 52 55 18 33 5 12 25 10 43
2 2 1 1 1 2 1 2 1
19
1
5 91 55 33 83 29 41 99 18 87 94 32 49 64 44 4 31 87 30
5 56 32 6 1 14 33 88 4 33 18 30 36 24 36 0 6 21 12
1 1 1 1 2 1 1 2 1 1 2 2 1 1 2 1 2 2
21
10
22 7 16 47 78 23 65 13 60 25 9 20 30 55 10 8 78 78 65 82 17
12 6 6 45 11 3 35 4 18 18 9 7 14 27 6 3 31 45 50 43 11
1 1 1 1 2 1 2 1 2 1 2 2 1 1 1 2 2 2 2 2
15
13
100 15 10 83 44 71 9 8 99 98 84 66 2 16 38
74 0 4 0 13 5 6 2 57 92 83 4 1 8 3
1 2 2 2 1 2 1 1 1 2 2 2 1 1
21
10
14 42 74 13 20 27 14 79 24 14 41 44 89 64 37 60 48 5 44 88 34
4 35 20 2 5 4 10 12 2 11 20 18 12 36 9 4 23 0 8 11 26
1 1 2 1 2 1 1 1 2 2 2 1 1 2 1 2 2 2 2 1
22
10
14 36 3 57 38 100 39 2 47 100 95 45 59 9 87 46 42 83 10 38 26 89
5 36 0 10 22 83 31 2 47 14 26 40 44 5 80 9 2 57 6 19 20 62
1 2 2 2 1 1 2 2 1 1 2 1 1 1 1 1 1 2 1 2 2
17
15
35 58 86 11 77 77 57 70 43 61 37 55 94 10 70 11 29
29 44 10 0 20 27 25 37 33 30 37 40 6 9 14 5 16
2 1 2 1 2 1 1 1 2 1 2 1 1 1 1 2
24
12
51 42 35 62 13 16 31 21 55 11 3 72 67 99 51 64 88 46 83 14 31 15 37 50
20 10 29 22 3 1 27 9 20 8 1 7 55 93 48 30 54 46 50 1 5 5 4 33
2 2 2 1 1 1 2 2 1 1 2 1 1 1 2 1 2 1 1 2 1 1 2
14
7
56 70 15 14 68 32 66 71 8 44 97 13 17 34
3 12 2 7 25 30 54 67 3 44 88 1 3 0
2 1 1 1 1 2 1 1 1 2 2 2 2
4
4
1 9 78 63
1 8 56 51
2 1 1
15
2
54 16 30 47 47 80 24 45 57 98 49 75 81 23 62
14 12 23 19 42 11 6 44 14 1 8 38 32 8 7
1 2 2 1 1 2 1 1 1 2 1 2 2 1
14
6
75 46 83 55 37 39 57 72 100 74 28 72 27 39
17 2 6 50 8 10 47 0 99 72 22 19 19 24
1 2 2 2 2 1 1 2 1 1 1 1 1
17
10
36 7 69 65 63 31 40 95 31 89 49 48 71 30 56 89 82
12 5 57 36 8 29 29 45 13 53 34 27 12 4 27 46 63
1 2 2 2 2 1 2 1 1 1 2 1 2 2 2 1
21
8
26 78 11 47 90 1 45 51 54 98 36 5 29 69 57 14 35 45 9 21 13
9 67 10 41 3 0 11 13 5 12 34 1 20 33 24 2 29 7 7 15 4
2 1 2 2 2 2 1 1 1 2 2 1 1 1 2 1 2 1 1 2
12
15
23 89 0 69 4 85 82 32 47 98 53 4
16 51 0 20 0 10 4 3 41 75 19 1
1 1 2 2 2 1 1 2 1 2 2
2
4
21 49
1 34
1
6
16
45 26 25 72 70 89
22 18 17 72 36 6
1 1 2 1 2
19
6
32 53 68 68 36 82 44 14 28 8 11 2 50 59 80 26 64 39 85
17 48 38 32 27 10 16 0 0 4 8 0 20 14 41 23 23 27 17
2 2 2 1 2 1 1 1 1 2 2 2 1 2 2 1 1 1
14
5
2 35 87 72 25 14 17 99 25 14 44 85 94 52
0 8 6 62 11 13 11 41 7 5 7 51 12 20
1 2 2 2 2 1 2 1 1 1 1 1 1
5
2
7 37 18 50 75
6 6 10 43 68
2 2 1 2
24
10
58 8 68 19 56 89 44 51 49 56 21 22 42 56 97 45 30 100 19 81 76 68 87 16
43 7 53 15 31 65 25 45 6 32 20 14 24 11 47 8 26 59 14 29 60 18 16 8
2 2 1 2 2 2 2 2 2 1 2 2 2 1 1 2 1 2 2 1 1 2 1
16
13
33 31 39 98 72 35 86 58 39 42 41 86 92 31 57 28
25 18 10 25 18 0 23 36 1 24 14 19 90 4 34 24
2 2 2 2 2 2 1 2 2 2 1 2 2 2 2
2
5
11 81
0 37
2
25
13
90 31 83 74 72 95 22 98 88 78 52 52 26 0 21 51 19 98 53 89 42 41 13 81 73
22 16 73 22 37 77 18 66 83 77 13 40 25 0 14 14 7 91 16 79 11 31 12 37 41
1 1 2 2 1 2 2 1 1 2 1 1 1 1 2 1 1 2 1 2 1 2 2 1
9
4
100 20 5 10 60 61 80 25 70
77 9 5 0 54 8 36 14 60
2 1 2 1 1 2 1 2
20
11
3 47 99 60 75 100 17 37 54 67 81 94 94 32 14 56 91 39 79 55
1 2 64 36 5 20 9 7 17 32 2 75 38 26 4 52 79 1 49 0
2 1 1 1 1 2 1 2 2 2 2 2 1 2 2 2 1 2 2
16
10
52 78 36 87 45 69 10 21 19 16 27 98 28 92 34 33
18 9 24 42 15 16 2 9 2 9 15 85 25 59 7 16
2 1 1 2 1 2 2 2 1 1 1 2 1 1 1
24
9
31 100 31 1 56 22 91 45 10 11 21 19 35 34 59 48 32 6 15 57 87 66 33 49
25 89 20 1 20 21 90 38 3 11 10 4 27 20 53 12 27 4 3 19 39 6 1 16
2 2 2 1 2 2 1 2 1 1 2 1 1 2 1 1 1 2 2 1 1 2 1
11
14
26 88 40 4 45 97 1 60 19 79 63
18 60 15 0 1 77 0 11 7 10 54
1 1 1 1 2 2 1 2 1 2
10
5
33 46 95 65 80 27 60 61 13 59
20 17 75 46 64 25 41 57 12 11
2 1 1 2 1 1 2 1 1
0
