23
10
40 7 64 79 14 12 98 68 62 35 51 32 84 9 62 1 66 33 45 3 68 11 44
10 5 1 19 2 6 73 58 16 2 40 3 42 8 42 1 26 14 3 0 20 11 13
1 1 2 2 2 1 2 2 2 1 2 2 2 2 2 1 2 2 2 2 2 2
2
9
91 61
65 58
2
3
13
79 78 22
69 64 10
1 2
21
4
75 86 77 78 69 96 4 25 26 2 54 33 38 51 49 58 14 81 25 59 84
33 53 17 37 50 53 0 5 19 2 32 26 9 21 29 36 10 66 5 59 82
2 1 1 1 2 1 2 1 2 2 1 2 2 1 2 1 2 2 1 1
6
10
39 25 23 22 50 48
16 3 21 11 48 21
1 2 2 2 2
16
10
19 78 27 93 11 97 49 54 76 88 37 71 40 70 5 100
19 8 26 83 7 95 46 35 24 39 9 20 16 2 4 51
2 2 2 1 2 1 2 1 1 1 2 2 2 2 1
19
3
51 73 42 37 51 42 26 69 23 41 6 93 88 2 54 76 70 34 2
46 5 6 33 10 1 5 9 8 29 4 91 34 1 7 76 10 4 1
2 1 2 2 1 1 2 2 1 1 1 2 1 2 2 1 2 1
25
3
33 28 97 6 19 83 54 51 84 5 68 69 97 79 29 33 13 30 46 65 87 95 26 61 61
7 1 73 3 3 0 16 28 17 5 31 52 59 12 28 5 1 12 42 25 36 34 23 2 23
1 1 2 1 2 2 1 2 1 2 1 2 1 1 2 2 1 1 2 1 2 2 1 2
23
1
81 65 0 85 75 98 90 45 78 6 68 8 80 63 44 79 8 96 44 54 3 81 56
47 47 0 5 15 36 50 8 43 3 61 6 35 56 37 79 1 20 23 43 3 23 4
2 2 2 1 2 2 2 1 1 1 2 1 1 2 1 1 1 1 2 2 2 2
8
5
16 11 4 20 80 84 94 37
0 4 1 2 74 71 66 24
1 1 1 1 2 2 2
7
6
21 31 32 54 82 82 63
6 27 26 54 55 77 47
1 2 2 2 2 1
6
10
64 68 90 75 87 69
56 6 72 34 1 29
1 2 2 2 1
14
11
51 99 27 60 43 64 46 52 62 89 36 91 99 76
42 50 5 3 33 19 38 38 29 18 17 25 70 70
2 2 1 1 2 2 2 2 2 2 2 2 2
22
4
13 55 83 94 54 49 62 39 77 41 47 84 66 66 94 77 97 39 13 29 29 89
1 26 70 4 6 42 30 11 12 17 8 38 33 42 33 66 17 33 7 24 1 71
2 1 2 2 2 1 2 2 2 1 2 1 1 2 2 2 2 1 1 2 2
23
8
47 44 96 62 56 89 98 14 44 91 35 79 48 28 71 18 79 69 54 94 36 90 83
17 16 3 51 47 62 2 11 21 27 5 60 0 7 28 12 44 1 54 40 31 51 22
1 1 1 1 2 2 1 1 2 1 2 2 1 2 2 2 2 2 1 2 1 1
20
6
90 78 53 93 12 9 63 17 50 98 39 51 82 58 1 66 22 82 29 26
2 59 41 50 4 7 36 6 44 93 29 6 18 33 1 63 4 51 23 25
2 2 2 1 2 2 2 1 1 2 2 1 2 1 2 2 2 1 2
17
3
35 60 70 72 53 44 64 0 54 4 60 67 21 33 12 24 92
28 31 4 27 49 21 48 0 21 3 54 26 11 8 10 16 39
2 1 1 1 1 1 2 1 1 2 2 1 1 1 2 1
2
16
84 58
80 43
2
22
11
8 41 62 61 40 64 21 94 76 61 26 51 56 61 3 71 31 63 79 17 76 84
7 41 4 8 28 50 4 19 24 30 16 41 9 4 3 13 8 19 57 1 75 75
1 1 1 1 2 2 2 2 1 1 2 1 1 2 2 2 2 1 2 2 1
13
11
6 21 77 95 0 99 39 7 34 45 44 71 66
4 20 69 31 0 31 38 7 8 22 34 0 52
2 1 2 2 1 2 2 2 1 2 1 2
7
11
17 54 57 89 93 21 68
12 8 44 61 58 12 27
1 2 1 1 1 1
20
3
48 80 46 75 30 91 38 50 40 7 92 41 54 85 35 8 70 91 32 7
30 52 6 61 7 73 3 45 9 3 12 3 39 78 8 7 24 67 25 3
2 2 2 2 1 2 2 1 1 2 1 2 2 1 2 1 2 2 2
13
9
53 89 37 26 45 21 69 99 68 11 45 87 15
5 41 22 14 0 16 30 67 54 0 4 33 7
1 1 1 1 2 1 1 1 1 1 2 1
16
6
54 76 10 35 82 15 45 27 99 38 38 15 13 80 77 75
14 33 1 24 25 10 44 22 96 8 11 1 8 67 38 13
1 1 1 2 1 2 2 2 2 2 1 1 1 1 1
14
8
20 72 100 17 55 68 58 83 89 77 77 70 61 56
15 39 66 6 50 56 24 32 18 55 26 23 2 51
1 1 2 1 2 1 2 2 1 1 2 2 1
5
6
6 1 12 78 54
1 1 11 49 42
2 2 2 2
4
15
39 8 69 91
10 7 29 58
2 1 1
15
13
41 43 21 65 18 67 30 80 15 86 47 67 2 69 89
6 21 9 1 7 41 3 30 12 30 22 29 2 50 2
2 1 2 1 2 2 1 1 2 1 1 2 2 1
21
4
24 81 85 24 32 47 5 16 93 54 48 72 76 61 32 16 0 20 9 52 99
1 35 16 18 3 42 1 8 75 14 29 15 9 6 20 9 0 18 3 31 60
2 2 1 2 2 2 1 2 2 2 1 2 2 1 1 1 2 1 2 1
24
1
56 84 35 85 14 83 0 10 41 18 34 26 79 96 62 95 48 77 58 3 50 54 84 45
50 8 10 32 13 61 0 1 28 4 24 21 58 84 7 3 5 11 1 3 22 31 68 0
1 2 2 1 1 2 2 1 2 2 2 2 2 2 2 1 1 1 2 1 1 1 1
0
