6
1
67 13 75 13 4 45
12 10 51 0 1 35
2 2 1 1 1
5
10
92 29 10 69 62
88 14 1 35 6
2 1 2 1
15
9
47 60 64 75 51 95 47 83 75 98 36 6 46 99 46
44 41 22 45 50 63 12 39 71 47 13 0 46 42 44
1 1 2 1 2 1 1 2 1 2 1 1 1 2
7
12
73 14 83 9 77 23 63
25 14 35 9 12 0 15
1 2 2 1 2 2
21
2
42 88 4 56 17 92 39 51 17 2 75 90 70 90 23 39 30 65 21 41 27
21 9 3 4 0 73 9 22 12 1 67 2 70 46 5 34 17 13 12 20 19
2 2 1 1 2 2 2 2 1 2 2 1 2 1 1 2 1 1 1 1
10
9
25 94 18 25 24 61 82 19 59 40
25 85 17 18 0 29 58 6 34 29
2 2 2 1 2 2 1 1 2
11
12
57 17 44 89 63 34 63 39 65 85 28
22 6 37 56 23 32 42 32 23 23 16
1 1 2 2 1 2 2 1 2 1
2
3
2 66
0 36
1
10
4
83 84 46 85 15 100 28 26 47 81
3 63 5 28 10 24 14 4 27 30
2 2 1 1 1 1 2 1 2
11
1
78 97 80 74 17 41 68 16 28 60 40
6 78 49 66 8 37 27 4 24 16 39
2 1 2 2 2 1 1 1 1 2
2
16
25 38
20 26
2
3
2
37 78 12
21 70 3
1 2
23
3
28 83 88 46 71 76 97 32 24 33 57 25 54 21 90 39 75 47 64 93 82 26 52
9 1 52 21 32 34 3 11 16 25 14 7 35 15 73 22 61 16 20 35 0 22 18
1 2 1 2 1 2 1 1 1 2 1 2 1 1 1 1 2 1 2 1 2 1
13
1
50 24 39 17 27 95 61 84 98 65 54 100 83
4 12 25 4 24 13 22 11 50 64 46 6 58
1 2 2 1 1 2 1 1 1 2 1 2
10
7
86 98 79 24 89 76 76 58 65 77
10 10 55 3 22 38 41 22 20 24
1 2 2 1 1 1 2 1 1
10
4
7 54 60 8 92 96 51 62 76 27
6 16 12 5 17 73 17 27 55 6
1 1 2 1 2 1 2 2 2
21
14
38 81 100 77 77 30 59 94 85 5 33 81 54 36 10 45 31 45 68 85 30
28 13 10 53 2 5 54 73 34 3 24 42 39 27 3 6 8 14 20 35 1
1 1 2 2 1 2 2 1 1 2 1 1 1 2 1 2 2 1 1 2
22
10
45 49 96 18 71 83 54 9 37 97 70 30 93 32 83 30 22 48 25 32 78 46
18 48 27 8 37 74 28 0 1 10 31 27 3 14 33 27 21 13 16 1 36 44
2 2 2 1 1 2 1 1 1 1 1 1 1 1 2 2 2 2 1 1 2
21
3
72 98 61 38 3 10 88 94 70 41 72 0 78 85 13 57 58 24 67 56 8
56 2 38 23 1 2 78 52 16 22 47 0 43 69 4 18 38 0 37 41 1
2 1 2 2 2 1 2 1 2 2 2 2 2 2 1 1 2 2 1 1
9
15
84 6 68 99 39 33 88 10 7
31 5 8 89 39 23 37 6 0
2 1 2 1 1 2 1 2
23
11
100 32 59 39 49 48 98 76 47 39 84 78 44 79 79 17 55 81 83 92 78 75 98
46 18 52 10 48 40 78 45 29 33 63 75 42 7 36 17 50 58 79 47 65 24 15
2 2 2 1 1 2 1 2 2 1 2 1 1 1 2 2 2 2 1 2 2 2
7
5
95 79 77 72 43 62 85
63 18 58 30 42 39 60
1 1 1 1 2 2
7
2
61 58 1 26 33 84 20
1 45 1 12 30 76 8
1 2 1 2 2 2
23
10
73 23 47 21 89 62 53 44 91 5 4 78 71 91 35 81 52 22 77 18 95 27 21
34 16 41 7 79 60 4 14 90 0 1 2 60 22 23 38 0 7 67 13 14 27 0
1 2 1 2 1 1 1 2 1 1 1 1 2 1 2 1 1 2 1 1 2 2
10
3
36 17 94 90 28 24 58 29 11 30
8 0 87 56 14 22 8 2 1 18
2 1 2 1 2 1 2 1 2
19
15
66 13 82 91 25 73 62 96 66 11 60 91 15 96 71 69 25 77 39
22 8 78 76 5 5 56 37 32 8 41 35 7 58 71 69 10 63 37
2 2 1 2 1 1 1 2 1 1 1 2 1 1 2 1 1 1
11
15
88 39 3 15 17 10 77 3 93 80 45
47 17 0 15 13 4 55 2 90 46 23
2 2 2 1 2 2 1 1 1 2
10
7
80 51 33 76 2 63 61 12 32 5
32 43 27 26 0 40 48 5 16 1
1 2 1 2 2 2 2 2 1
22
2
40 21 61 30 30 20 76 70 34 64 39 65 24 25 28 27 87 24 60 0 26 51
9 0 52 18 17 4 44 46 12 6 25 1 10 17 15 16 68 9 14 0 6 47
2 2 1 1 2 2 2 2 1 1 2 2 2 2 2 2 2 2 1 1 2
25
3
6 34 58 36 56 45 35 54 12 1 14 53 87 12 25 27 90 52 40 45 20 61 95 80 76
4 24 58 34 17 29 19 50 9 0 5 7 80 12 4 13 81 42 8 43 5 44 5 63 66
1 2 1 1 2 2 1 2 2 1 1 1 2 2 2 1 2 2 2 2 1 2 2 1
0
