1
500
0 0 2 2
1 1 3 3
2 2 4 4
3 3 5 5
4 4 6 6
5 5 7 7
6 6 8 8
7 7 9 9
8 8 10 10
9 9 11 11
10 10 12 12
11 11 13 13
12 12 14 14
13 13 15 15
14 14 16 16
15 15 17 17
16 16 18 18
17 17 19 19
18 18 20 20
19 19 21 21
20 20 22 22
21 21 23 23
22 22 24 24
23 23 25 25
24 24 26 26
25 25 27 27
26 26 28 28
27 27 29 29
28 28 30 30
29 29 31 31
30 30 32 32
31 31 33 33
32 32 34 34
33 33 35 35
34 34 36 36
35 35 37 37
36 36 38 38
37 37 39 39
38 38 40 40
39 39 41 41
40 40 42 42
41 41 43 43
42 42 44 44
43 43 45 45
44 44 46 46
45 45 47 47
46 46 48 48
47 47 49 49
48 48 50 50
49 49 51 51
50 50 52 52
51 51 53 53
52 52 54 54
53 53 55 55
54 54 56 56
55 55 57 57
56 56 58 58
57 57 59 59
58 58 60 60
59 59 61 61
60 60 62 62
61 61 63 63
62 62 64 64
63 63 65 65
64 64 66 66
65 65 67 67
66 66 68 68
67 67 69 69
68 68 70 70
69 69 71 71
70 70 72 72
71 71 73 73
72 72 74 74
73 73 75 75
74 74 76 76
75 75 77 77
76 76 78 78
77 77 79 79
78 78 80 80
79 79 81 81
80 80 82 82
81 81 83 83
82 82 84 84
83 83 85 85
84 84 86 86
85 85 87 87
86 86 88 88
87 87 89 89
88 88 90 90
89 89 91 91
90 90 92 92
91 91 93 93
92 92 94 94
93 93 95 95
94 94 96 96
95 95 97 97
96 96 98 98
97 97 99 99
98 98 100 100
99 99 101 101
100 100 102 102
101 101 103 103
102 102 104 104
103 103 105 105
104 104 106 106
105 105 107 107
106 106 108 108
107 107 109 109
108 108 110 110
109 109 111 111
110 110 112 112
111 111 113 113
112 112 114 114
113 113 115 115
114 114 116 116
115 115 117 117
116 116 118 118
117 117 119 119
118 118 120 120
119 119 121 121
120 120 122 122
121 121 123 123
122 122 124 124
123 123 125 125
124 124 126 126
125 125 127 127
126 126 128 128
127 127 129 129
128 128 130 130
129 129 131 131
130 130 132 132
131 131 133 133
132 132 134 134
133 133 135 135
134 134 136 136
135 135 137 137
136 136 138 138
137 137 139 139
138 138 140 140
139 139 141 141
140 140 142 142
141 141 143 143
142 142 144 144
143 143 145 145
144 144 146 146
145 145 147 147
146 146 148 148
147 147 149 149
148 148 150 150
149 149 151 151
150 150 152 152
151 151 153 153
152 152 154 154
153 153 155 155
154 154 156 156
155 155 157 157
156 156 158 158
157 157 159 159
158 158 160 160
159 159 161 161
160 160 162 162
161 161 163 163
162 162 164 164
163 163 165 165
164 164 166 166
165 165 167 167
166 166 168 168
167 167 169 169
168 168 170 170
169 169 171 171
170 170 172 172
171 171 173 173
172 172 174 174
173 173 175 175
174 174 176 176
175 175 177 177
176 176 178 178
177 177 179 179
178 178 180 180
179 179 181 181
180 180 182 182
181 181 183 183
182 182 184 184
183 183 185 185
184 184 186 186
185 185 187 187
186 186 188 188
187 187 189 189
188 188 190 190
189 189 191 191
190 190 192 192
191 191 193 193
192 192 194 194
193 193 195 195
194 194 196 196
195 195 197 197
196 196 198 198
197 197 199 199
198 198 200 200
199 199 201 201
200 200 202 202
201 201 203 203
202 202 204 204
203 203 205 205
204 204 206 206
205 205 207 207
206 206 208 208
207 207 209 209
208 208 210 210
209 209 211 211
210 210 212 212
211 211 213 213
212 212 214 214
213 213 215 215
214 214 216 216
215 215 217 217
216 216 218 218
217 217 219 219
218 218 220 220
219 219 221 221
220 220 222 222
221 221 223 223
222 222 224 224
223 223 225 225
224 224 226 226
225 225 227 227
226 226 228 228
227 227 229 229
228 228 230 230
229 229 231 231
230 230 232 232
231 231 233 233
232 232 234 234
233 233 235 235
234 234 236 236
235 235 237 237
236 236 238 238
237 237 239 239
238 238 240 240
239 239 241 241
240 240 242 242
241 241 243 243
242 242 244 244
243 243 245 245
244 244 246 246
245 245 247 247
246 246 248 248
247 247 249 249
248 248 250 250
249 249 251 251
250 250 252 252
251 251 253 253
252 252 254 254
253 253 255 255
254 254 256 256
255 255 257 257
256 256 258 258
257 257 259 259
258 258 260 260
259 259 261 261
260 260 262 262
261 261 263 263
262 262 264 264
263 263 265 265
264 264 266 266
265 265 267 267
266 266 268 268
267 267 269 269
268 268 270 270
269 269 271 271
270 270 272 272
271 271 273 273
272 272 274 274
273 273 275 275
274 274 276 276
275 275 277 277
276 276 278 278
277 277 279 279
278 278 280 280
279 279 281 281
280 280 282 282
281 281 283 283
282 282 284 284
283 283 285 285
284 284 286 286
285 285 287 287
286 286 288 288
287 287 289 289
288 288 290 290
289 289 291 291
290 290 292 292
291 291 293 293
292 292 294 294
293 293 295 295
294 294 296 296
295 295 297 297
296 296 298 298
297 297 299 299
298 298 300 300
299 299 301 301
300 300 302 302
301 301 303 303
302 302 304 304
303 303 305 305
304 304 306 306
305 305 307 307
306 306 308 308
307 307 309 309
308 308 310 310
309 309 311 311
310 310 312 312
311 311 313 313
312 312 314 314
313 313 315 315
314 314 316 316
315 315 317 317
316 316 318 318
317 317 319 319
318 318 320 320
319 319 321 321
320 320 322 322
321 321 323 323
322 322 324 324
323 323 325 325
324 324 326 326
325 325 327 327
326 326 328 328
327 327 329 329
328 328 330 330
329 329 331 331
330 330 332 332
331 331 333 333
332 332 334 334
333 333 335 335
334 334 336 336
335 335 337 337
336 336 338 338
337 337 339 339
338 338 340 340
339 339 341 341
340 340 342 342
341 341 343 343
342 342 344 344
343 343 345 345
344 344 346 346
345 345 347 347
346 346 348 348
347 347 349 349
348 348 350 350
349 349 351 351
350 350 352 352
351 351 353 353
352 352 354 354
353 353 355 355
354 354 356 356
355 355 357 357
356 356 358 358
357 357 359 359
358 358 360 360
359 359 361 361
360 360 362 362
361 361 363 363
362 362 364 364
363 363 365 365
364 364 366 366
365 365 367 367
366 366 368 368
367 367 369 369
368 368 370 370
369 369 371 371
370 370 372 372
371 371 373 373
372 372 374 374
373 373 375 375
374 374 376 376
375 375 377 377
376 376 378 378
377 377 379 379
378 378 380 380
379 379 381 381
380 380 382 382
381 381 383 383
382 382 384 384
383 383 385 385
384 384 386 386
385 385 387 387
386 386 388 388
387 387 389 389
388 388 390 390
389 389 391 391
390 390 392 392
391 391 393 393
392 392 394 394
393 393 395 395
394 394 396 396
395 395 397 397
396 396 398 398
397 397 399 399
398 398 400 400
399 399 401 401
400 400 402 402
401 401 403 403
402 402 404 404
403 403 405 405
404 404 406 406
405 405 407 407
406 406 408 408
407 407 409 409
408 408 410 410
409 409 411 411
410 410 412 412
411 411 413 413
412 412 414 414
413 413 415 415
414 414 416 416
415 415 417 417
416 416 418 418
417 417 419 419
418 418 420 420
419 419 421 421
420 420 422 422
421 421 423 423
422 422 424 424
423 423 425 425
424 424 426 426
425 425 427 427
426 426 428 428
427 427 429 429
428 428 430 430
429 429 431 431
430 430 432 432
431 431 433 433
432 432 434 434
433 433 435 435
434 434 436 436
435 435 437 437
436 436 438 438
437 437 439 439
438 438 440 440
439 439 441 441
440 440 442 442
441 441 443 443
442 442 444 444
443 443 445 445
444 444 446 446
445 445 447 447
446 446 448 448
447 447 449 449
448 448 450 450
449 449 451 451
450 450 452 452
451 451 453 453
452 452 454 454
453 453 455 455
454 454 456 456
455 455 457 457
456 456 458 458
457 457 459 459
458 458 460 460
459 459 461 461
460 460 462 462
461 461 463 463
462 462 464 464
463 463 465 465
464 464 466 466
465 465 467 467
466 466 468 468
467 467 469 469
468 468 470 470
469 469 471 471
470 470 472 472
471 471 473 473
472 472 474 474
473 473 475 475
474 474 476 476
475 475 477 477
476 476 478 478
477 477 479 479
478 478 480 480
479 479 481 481
480 480 482 482
481 481 483 483
482 482 484 484
483 483 485 485
484 484 486 486
485 485 487 487
486 486 488 488
487 487 489 489
488 488 490 490
489 489 491 491
490 490 492 492
491 491 493 493
492 492 494 494
493 493 495 495
494 494 496 496
495 495 497 497
496 496 498 498
497 497 499 499
498 498 500 500
499 499 501 501