160 180
113.4
118.0
132.2
133.0
110.2
143.8
112.0
138.0
163.0
127.6
173.0
180.4
147.0
135.8
170.4
115.0
149.0
139.2
179.2
111.2
121.8
164.4
177.4
141.4
144.4
131.0
121.2
161.8
131.4
140.8
153.2
140.8
113.0
120.0
120.4
182.4
180.6
143.2
112.6
168.4
148.4
165.6
155.2
177.6
175.6
132.4
157.0
136.2
120.4
114.0
178.6
146.4
177.6
111.6
181.4
130.0
117.8
125.4
122.8
123.4
113.6
123.0
125.8
185.2
184.6
172.0
122.0
151.0
155.0
161.6
126.4
161.8
183.8
163.0
160.6
169.4
188.8
118.2
119.0
186.4
145.4
133.2
169.8
136.4
138.2
161.8
148.2
178.4
186.6
146.8
119.8
189.0
161.2
155.8
183.2
169.8
185.6
112.2
179.8
145.4
182.2
159.2
177.8
123.2
113.8
156.2
184.4
135.0
120.6
120.0
125.0
110.6
167.6
156.8
131.6
150.2
136.6
182.2
162.8
163.6
112.6
123.6
138.8
174.8
157.2
163.8
151.2
134.8
140.0
115.4
154.8
129.2
139.2
169.2
165.6
121.2
122.4
124.8
119.4
187.8
161.8
158.8
132.0
118.4
163.4
147.8
120.2
163.8
167.8
145.6
130.6
167.0
182.0
140.2
178.8
159.0
119.2
110.6
143.2
145.6
123.0
186.2
125.4
132.8
145.8
164.8
155.6
176.8
166.4
185.4
175.0
156.8
125.2
188.4
183.4
144.0
127.8
172.2
182.0
169.0
182.2
171.8
184.8
161.6
121.2
131.4
161.2
133.8
154.4
180.0
113.2
159.2
136.4
179.0
166.8
148.2
130.0
112.0
114.2
115.6
174.0
169.8
132.4
165.0
172.0
155.6
142.8
173.0
155.4
119.4
168.0
145.0
146.2
167.0
125.0
145.6
187.8
127.4
145.0
187.2
159.0
162.4
155.2
177.0
140.0
124.2
178.0
116.0
183.2
156.8
142.2
134.2
159.6
134.4
162.4
137.4
179.4
174.4
168.6
149.8
132.4
135.0
179.4
180.2
128.8
183.4
119.6
188.0
172.4
148.8
173.6
154.2
124.8
187.6
178.2
172.0
186.8
122.6
189.8
124.2
111.6
111.6
180.4
154.2
169.2
144.6
186.8
113.8
187.4
143.8
179.6
136.2
137.2
134.2
115.0
176.4
153.8
133.2
189.0
143.0
131.0
140.0
114.2
145.4
165.6
138.4
171.0
155.4
115.0
124.6
155.4
129.8
150.4
135.2
150.2
136.0
188.8
122.0
184.8
121.6
117.2
177.2
135.4
172.8
174.6
182.8
123.8
164.6
187.8
155.6
155.8
156.4
144.8
147.2
144.4
152.6
164.2
138.2
176.8
176.6
121.4
170.2
166.2
150.4
157.4
126.6
187.8
163.8
149.4
132.2
119.6
136.8
159.6
174.2
169.0
184.0
128.0
122.0
159.4
136.4
