260 340
127.7
152.4
178.7
186.9
139.5
147.1
178.0
127.6
163.2
164.5
176.7
161.0
114.6
119.9
187.4
152.3
185.7
177.8
121.5
176.7
149.5
147.4
146.8
132.5
152.1
122.9
189.9
186.8
174.2
151.4
172.3
157.9
160.8
140.2
155.8
130.2
148.0
151.7
127.6
176.4
182.3
151.2
174.5
114.4
129.8
115.8
184.2
150.9
158.9
134.0
110.2
174.9
121.2
176.2
123.4
135.5
151.8
142.2
147.7
164.0
172.3
189.1
159.0
135.5
161.5
183.4
168.3
162.8
160.7
118.3
111.5
125.9
115.6
174.4
142.9
155.6
159.7
185.8
153.9
163.8
185.0
174.9
136.2
147.6
143.9
157.6
174.7
113.2
170.1
111.9
110.3
168.6
145.5
138.0
146.1
185.5
143.5
113.3
184.8
167.1
156.0
130.9
146.4
175.1
181.5
174.0
130.9
138.3
115.7
129.1
177.1
134.3
149.5
118.7
129.8
169.2
167.1
179.0
141.4
171.8
166.3
151.3
135.9
118.4
187.5
162.3
153.7
180.7
171.6
128.9
174.2
175.8
137.7
119.7
130.6
164.9
172.9
131.7
123.2
133.7
180.7
151.4
136.4
111.2
155.7
148.8
181.6
147.7
166.1
177.1
149.1
113.8
176.3
113.8
123.0
177.2
161.4
186.0
163.3
115.5
147.3
170.4
188.6
132.3
129.3
111.3
173.9
115.3
116.2
173.0
178.2
142.6
154.1
144.6
122.0
178.5
124.4
115.5
145.1
141.5
138.4
184.8
118.5
183.2
124.2
147.6
139.7
169.9
122.5
161.7
127.6
163.4
186.7
149.0
119.8
136.4
179.4
138.4
181.0
167.9
168.9
141.9
123.9
149.8
177.5
186.3
173.3
138.5
129.9
147.7
117.1
129.0
177.7
164.4
185.0
179.2
170.7
128.7
167.4
158.1
145.2
125.6
188.4
146.2
146.5
177.3
189.6
115.4
116.1
179.5
181.5
176.3
159.0
189.7
188.3
130.4
178.0
114.2
147.0
136.2
137.8
114.9
111.2
155.7
169.5
174.3
112.5
163.3
131.1
144.1
120.7
117.0
166.2
120.0
141.6
141.3
187.6
118.7
129.8
153.3
112.9
129.7
166.6
182.8
132.3
189.0
119.4
136.5
182.1
188.2
171.9
117.8
187.4
177.9
150.6
177.7
175.5
119.3
119.4
162.1
121.4
182.0
144.2
175.4
141.6
136.2
138.3
114.4
141.1
111.6
168.6
164.4
125.9
149.8
172.3
181.9
118.1
150.4
148.4
130.5
161.8
117.9
184.7
132.2
129.1
145.5
175.4
151.0
122.9
166.7
136.2
147.4
164.7
115.2
152.5
129.2
136.1
162.1
134.7
133.5
126.3
118.2
124.2
136.8
130.2
163.8
113.0
126.4
133.5
132.3
113.0
148.4
188.2
179.3
164.0
112.9
123.6
130.6
135.0
172.4
118.0
170.0
147.5
123.3
185.0
113.9
146.3
174.5
153.7
124.9
131.5
138.6
179.2
149.1
148.0
129.0
126.7
111.8
111.2
154.7
172.7
173.8
170.6
139.8
118.1
187.7
126.5
176.1
152.6
121.1
135.9
185.1
136.1
149.3
170.2
125.7
170.5
156.7
120.0
174.6
141.0
131.1
171.1
111.2
150.1
189.0
151.1
116.0
138.6
189.7
167.5
123.6
130.9
122.1
155.7
124.6
147.6
127.8
137.0
156.0
178.4
172.2
130.9
113.0
168.3
150.0
185.9
146.0
166.5
116.3
154.3
142.8
146.6
123.7
177.5
138.6
113.4
114.0
118.3
143.4
128.2
119.9
167.6
158.6
127.4
112.4
155.6
116.5
181.5
160.5
141.9
152.7
147.5
144.0
146.5
120.2
151.5
137.9
144.3
127.2
126.1
160.0
173.4
169.8
161.7
155.0
113.2
176.8
124.5
168.0
127.2
164.2
169.9
120.9
115.6
177.5
188.6
177.6
174.1
119.5
140.5
136.1
126.1
151.0
147.1
114.0
141.7
121.1
124.8
184.2
110.0
127.9
145.9
186.1
187.6
182.7
126.4
116.7
148.4
146.6
142.3
179.0
175.4
134.3
184.6
183.8
143.3
136.1
161.6
161.6
138.6
131.2
131.1
157.8
122.2
154.9
168.3
127.8
155.9
177.3
146.7
119.9
116.0
151.9
140.3
141.0
120.9
169.4
150.3
160.2
175.2
151.2
113.5
173.4
180.5
150.4
131.5
149.5
181.3
172.9
184.9
126.0
136.1
142.8
118.8
181.6
118.3
126.8
183.2
122.3
148.1
113.6
144.4
115.6
156.5
161.6
167.8
111.9
143.8
118.0
134.9
126.2
127.2
165.8
121.9
164.9
146.5
149.4
142.5
114.6
127.8
144.7
160.0
170.9
180.4
142.3
178.1
173.2
156.9
144.2
150.9
175.0
164.1
135.5
141.0
111.3
184.5
148.4
187.6
150.9
189.7
170.1
164.3
114.7
142.9
123.9
152.3
128.6
154.2
141.7
132.1
185.7
153.4
186.6
110.2
146.6
131.4
178.4
156.2
114.1
149.0
150.5
171.4
171.5
163.0
132.0
188.5
142.8
120.6
135.4
