530 600
141.4
137.3
161.8
152.0
142.3
175.3
143.1
140.2
139.1
157.0
115.5
186.0
147.5
161.7
127.3
162.7
130.1
117.4
140.1
116.3
139.4
111.4
153.0
182.6
182.2
134.6
172.2
171.8
186.3
171.9
149.0
138.6
168.7
186.0
135.8
161.3
151.8
147.2
178.7
125.2
135.9
135.7
166.5
122.5
152.9
144.0
177.9
174.7
114.5
141.0
160.4
136.8
134.3
152.6
153.3
180.9
113.4
127.6
161.3
124.5
175.2
158.9
160.0
125.6
186.5
141.6
181.1
167.7
176.2
150.9
151.0
172.2
189.8
160.8
123.4
149.1
176.0
169.5
127.8
111.3
133.1
152.0
180.5
183.7
149.3
178.1
146.6
113.6
183.8
141.7
138.3
126.0
167.7
122.4
110.6
120.8
163.6
123.3
119.3
168.8
155.7
139.1
115.1
134.8
125.5
162.5
140.8
135.4
140.6
178.3
172.9
187.8
113.0
151.0
149.9
177.7
182.2
127.7
181.8
176.7
131.6
180.9
110.5
167.7
187.1
181.4
148.8
163.5
145.7
167.1
111.3
178.3
151.8
115.9
183.9
157.8
155.2
135.3
148.8
133.5
166.1
138.9
176.5
116.9
147.8
119.7
123.9
145.2
121.7
127.1
125.2
147.1
178.5
165.9
187.4
189.6
134.8
163.9
173.2
116.8
187.8
136.1
180.3
142.5
187.7
178.1
140.6
123.7
186.8
156.8
119.6
118.5
176.3
142.0
142.5
142.6
164.7
126.0
180.0
112.6
128.6
186.7
150.5
166.3
146.2
158.4
177.9
128.3
117.4
166.9
139.5
122.3
182.1
127.2
141.4
177.4
171.4
153.7
149.1
126.0
121.9
131.7
185.2
158.4
140.2
140.3
145.4
157.0
183.7
142.1
175.1
122.4
171.7
172.9
172.0
116.7
179.3
146.4
159.6
186.4
122.8
171.8
144.8
145.7
183.6
150.8
136.2
175.0
135.7
126.7
114.3
143.2
188.5
121.8
119.1
180.5
151.3
124.9
154.0
189.5
141.6
130.2
151.6
156.1
187.8
160.0
168.2
165.6
189.2
181.9
146.0
172.7
183.8
176.4
116.0
120.5
177.3
130.9
181.6
117.0
148.6
145.8
161.7
134.4
134.6
169.3
187.8
121.5
175.1
115.9
117.8
157.9
138.4
132.8
171.0
118.6
142.5
164.9
171.9
137.7
166.9
150.4
182.8
148.6
131.5
146.1
111.8
111.5
141.4
141.8
150.4
154.5
162.9
125.5
164.2
110.0
117.8
166.3
120.1
164.6
155.0
174.9
133.7
114.2
120.5
182.7
160.5
170.6
135.8
162.9
129.4
145.8
187.0
174.5
165.1
185.5
168.5
145.7
187.2
154.8
137.7
168.5
184.2
144.4
182.6
178.6
132.1
128.4
126.2
142.4
147.1
115.4
139.7
139.5
125.6
164.7
184.7
139.9
146.6
172.1
142.9
161.0
121.6
123.6
163.8
126.8
176.9
136.9
125.9
125.0
122.2
187.1
157.3
115.6
117.3
177.0
160.5
120.3
139.9
148.9
163.6
127.1
128.8
182.8
158.8
135.2
148.8
150.2
127.1
184.4
187.7
143.1
187.0
188.8
136.4
122.9
171.7
187.4
171.2
176.5
132.5
132.7
176.9
110.0
185.0
112.0
136.1
131.5
180.6
130.6
169.1
175.4
144.5
143.8
181.3
117.9
187.5
156.6
168.8
113.1
137.1
160.1
111.7
126.1
169.8
164.1
145.9
186.4
141.1
136.3
113.4
180.1
185.9
182.3
182.5
116.4
135.2
123.3
123.1
130.3
128.6
175.0
179.0
189.5
153.0
122.7
126.2
155.2
172.2
140.3
128.9
159.9
164.4
151.1
172.3
169.8
120.7
189.9
176.4
151.4
146.4
140.7
154.7
110.4
178.1
153.1
117.3
139.8
162.3
188.6
146.3
151.9
171.5
168.1
112.8
137.7
112.9
151.1
124.2
145.0
184.1
151.2
122.7
128.1
165.1
151.8
175.1
182.2
181.4
158.4
164.8
159.7
118.0
124.5
152.0
182.3
113.2
122.7
180.6
155.4
180.7
177.7
136.0
187.4
118.2
145.7
131.2
110.3
114.8
146.6
121.8
113.7
172.9
116.5
134.9
136.9
178.2
150.2
178.3
154.6
148.0
156.6
188.6
164.0
146.3
162.3
138.1
150.4
123.0
187.9
152.3
122.4
114.4
110.4
125.1
157.6
139.2
172.7
145.5
159.3
165.7
177.2
170.9
177.3
126.4
155.3
143.9
136.0
163.1
118.3
183.0
180.5
171.6
146.9
143.1
162.0
158.5
161.9
177.7
172.2
144.4
176.6
119.7
124.9
117.8
166.8
168.7
156.2
129.6
182.6
127.6
154.4
119.4
150.8
176.4
141.5
160.7
188.6
182.6
110.1
162.1
114.4
138.6
119.9
128.1
123.9
153.9
131.9
171.4
178.6
188.5
187.7
149.5
172.9
150.8
138.0
121.3
187.7
184.5
135.9
186.1
144.4
187.2
182.7
146.2
119.6
151.9
144.6
119.9
156.2
111.0
111.2
143.9
177.9
174.0
165.7
178.5
187.4
164.1
183.5
118.6
184.3
116.8
137.0
161.3
145.7
131.1
120.9
128.9
180.3
189.2
132.7
130.5
141.9
181.0
133.0
112.4
132.2
136.5
187.4
116.6
123.0
169.9
149.8
154.3
187.8
117.1
123.4
118.7
162.4
174.6
154.4
176.9
151.2
168.3
145.6
161.6
166.0
176.6
148.1
151.1
129.3
151.7
121.8
142.7
128.1
186.7
111.8
188.6
151.1
185.4
110.8
155.0
182.6
180.7
136.9
165.2
173.8
144.8
134.6
112.6
132.7
182.9
176.5
132.8
185.5
170.9
182.3
170.2
183.4
141.1
124.3
114.9
186.0
130.4
168.1
127.5
170.8
185.9
119.8
161.1
129.0
142.8
171.5
123.7
134.2
189.3
118.4
145.4
152.6
129.8
187.4
129.2
144.0
157.9
119.4
166.1
166.5
141.5
152.0
175.3
182.9
181.9
152.8
120.4
168.9
135.6
189.2
114.4
126.8
137.7
132.2
136.3
169.3
188.4
165.5
110.1
135.3
148.3
187.6
156.5
141.2
137.0
128.8
175.6
113.8
129.1
140.7
140.2
187.8
189.7
135.4
126.3
174.7
117.7
154.2
181.3
120.2
116.9
112.1
168.4
128.3
148.6
169.0
137.4
131.8
128.1
132.1
159.7
142.0
144.9
172.7
170.5
146.6
160.7
135.9
140.6
145.5
116.6
126.1
170.9
189.4
130.6
133.3
171.4
124.6
147.4
183.9
160.7
171.9
126.5
123.4
162.2
182.3
148.9
144.7
117.2
187.1
189.7
126.4
126.1
129.6
173.7
189.6
169.0
163.3
150.6
154.8
121.0
143.7
121.2
185.1
124.8
175.3
131.4
178.6
189.7
110.0
140.9
188.2
152.1
110.6
158.5
175.8
173.5
161.8
126.7
117.6
188.5
179.0
146.8
139.6
147.6
117.8
129.6
175.1
136.8
185.7
145.9
148.1
168.8
118.9
121.2
145.7
114.6
146.2
125.9
137.5
175.6
166.9
185.2
164.8
188.5
128.9
153.2
158.1
158.1
137.8
133.9
178.2
144.2
182.0
189.1
172.5
161.2
152.5
132.0
110.9
142.0
118.6
144.1
170.9
144.1
116.7
159.0
143.1
179.4
173.5
162.6
142.3
165.1
113.9
188.3
165.6
129.8
163.7
146.4
128.8
113.7
130.4
126.6
170.3
180.1
184.0
131.8
158.8
145.2
151.2
120.9
119.3
166.0
177.2
149.3
124.8
185.1
131.5
187.6
114.2
115.4
161.8
149.8
167.9
162.2
127.7
119.1
133.8
168.7
151.8
126.1
165.4
162.7
114.7
124.8
133.3
178.7
166.8
135.6
118.4
122.8
146.6
183.5
124.4
123.3
170.2
117.4
177.1
158.3
122.5
130.7
133.3
124.9
166.3
171.3
128.9
132.5
177.0
176.8
147.1
178.2
174.0
173.2
188.8
152.4
178.1
126.0
173.6
182.5
182.2
140.5
177.0
158.8
126.8
138.1
110.8
165.2
140.2
183.7
171.7
128.5
141.6
143.0
162.9
170.3
159.2
183.1
112.4
156.8
182.7
138.1
171.0
187.8
151.1
154.1
135.6
128.2
116.4
115.0
115.8
156.9
119.1
189.1
143.3
122.9
185.4
119.9
111.5
125.9
116.6
188.9
135.1
125.4
132.1
113.0
146.1
137.2
182.8
160.5
132.0
130.3
180.8
163.9
148.7
156.7
151.0
123.9
118.8
177.4
167.3
134.3
168.9
144.5
170.3
185.9
158.9
159.7
131.2
155.4
140.1
169.6
129.0
153.1
186.3
136.8
139.6
163.4
147.7
154.4
186.6
174.7
137.4
140.3
152.9
149.3
154.6
127.3
158.7
150.7
180.8
112.1
187.6
136.7
186.5
120.3
131.8
141.6
138.2
148.5
131.4
181.4
168.4
130.5
117.6
118.7
127.9
115.7
164.9
150.8
133.3
117.1
123.5
172.0
170.9
161.8
122.1
146.4
151.2
135.7
142.8
168.0
139.8
112.2
158.9
126.1
159.6
136.5
183.5
162.4
174.9
163.8
135.5
189.0
155.8
172.8
169.5
153.6
187.8
142.8
160.8
156.1
119.8
150.9
167.1
188.4
127.8
131.7
137.3
178.4
161.6
147.3
158.6
138.3
134.4
146.4
168.3
177.0
130.8
161.8
182.3
146.7
125.7
158.2
134.9
163.1
183.1
140.4
131.8
188.2
117.3
170.8
188.8
164.0
175.1
160.7
177.4
132.1
155.9
185.3
119.4
178.8
173.9
131.0
162.0
119.9
175.0
161.3
178.4
187.8
113.6
180.9
132.3
