   0.00   0.00   0.00   0.00   0.00   0.00   0.00   0.00   0.00   0.00   0.00  18.00   0.00   0.00   0.00   0.00
   0.00   0.00  22.67  11.33   0.00   0.00   0.00   0.00   0.00   0.00   0.00  18.00   0.00   0.00   0.00   0.00
   0.00  11.33  22.67  34.00  34.00  35.00  35.00  35.00  35.00  35.00  35.00  50.00  50.00  50.00  50.00   2.00
   0.00   0.00   0.00   0.00   0.00   0.00   0.00   0.00   0.00   0.00   0.00   0.00   0.00   0.00  40.00   0.00
   0.00   0.00   0.00   0.00   0.00   0.00   0.00   0.00   0.00   0.00   0.00   0.00   0.00   0.00  39.00   0.00
   0.00   0.00   0.00   0.00   0.00   0.00   0.00   0.00   0.00   2.00   2.00   0.00  39.00  39.00  39.00   0.00
   0.00  12.00   0.00   0.00   0.00   0.00   0.00   0.00   0.00   0.00   2.00   0.00  39.00   0.00   0.00   0.00
   0.00  12.00   0.00   0.00   0.00   0.00   0.00   0.00   0.00   0.00   2.00   0.00  39.00  39.00   0.00   0.00
   0.00  12.00  12.00   0.00   0.00   0.00   0.00   0.00   2.00   2.00   2.00   0.00   0.00  39.00   0.00   0.00
   0.00   0.00  12.00   0.00   0.00   0.00   0.00   0.00   2.00   0.00   0.00   0.00   0.00  39.00   0.00   0.00
   0.00   0.00  13.00   0.00   0.00   0.00   0.00   0.00   6.89   0.00   0.00   0.00   0.00  39.00   0.00   0.00
   0.00   0.00  50.00  48.63  47.26  52.50  51.09  49.73  48.38  46.11  38.40  38.60  38.80  39.00   0.00   0.00
   0.00   0.00   1.37   2.74   3.63  10.01  11.16  12.51  13.87  17.22   0.80   0.60   0.40   0.20   0.00   0.00
   0.00   0.00   0.00   0.32   0.79   5.47   0.00   0.00   0.00   0.00   0.00   0.00   0.00   0.00   0.00   0.00
   0.00   0.00   0.00   0.00   0.53   5.74   0.00   0.00   0.00   0.00   0.00   0.00   0.00   0.00   0.00   0.00
   0.00   0.00   0.00   0.00   0.26   0.00   0.00   0.00   0.00   0.00   0.00   0.00   0.00   0.00   0.00   0.00
