100000 100000 1000
14035 31842
23317 3145
15982 3501
2584 17613
31102 3821
20044 662
31284 21211
21397 5579
5289 20349
8428 28237
10959 2636
25594 2292
29864 3989
6885 16924
6325 31008
4202 12640
10418 18448
24108 29349
22144 5642
26955 91
30051 24985
3385 767
7021 31185
26825 14820
30522 19763
393 24884
11742 8145
12626 14641
21788 27827
4637 4801
24025 30328
23576 1322
719 19264
27130 12570
3974 16330
22419 13546
4992 9690
28327 13859
21940 16862
22012 9282
7231 17360
14002 6328
7253 18270
19411 30773
9853 8009
4139 14630
25342 28683
32346 29565
12948 23996
5927 7600
1896 20790
8727 6916
19007 6264
23615 32523
8178 26184
2390 10859
8990 29981
6926 9442
26140 20795
25252 22663
20788 3616
182 4691
12557 27423
1878 27615
2408 11083
604 623
14 9366
23040 7984
29703 19002
17320 13502
5389 13912
13566 21993
3905 30431
3398 2489
7964 8624
26863 8368
8615 29696
21351 28494
29935 253
19252 4571
15539 13236
19521 7520
24417 10290
21621 25079
20289 8169
5770 8772
29679 5462
20253 25668
18446 13025
28673 16197
32571 12549
5593 19254
18496 24496
31718 5409
32650 24301
25117 15606
26078 19136
6525 8330
12103 24145
10911 14303
32339 21069
19087 1702
8062 31370
4570 18178
6383 26346
10728 12687
25186 2945
25740 1699
22886 13306
29146 15572
17864 17974
10297 30906
591 6199
4793 12790
7593 23869
14758 10610
1958 28206
22877 5355
7844 28987
31582 9133
12619 9409
9635 16542
18554 20845
5168 13694
19840 10148
12524 4973
24720 3106
15791 1198
29551 6113
25756 27562
31856 20284
8881 29496
21922 21588
16540 29723
7240 6323
19920 21452
9353 21039
20953 16507
21865 14097
10220 28240
248 17783
14531 14838
3273 6647
1704 21594
32422 6533
16335 23472
16770 29335
19176 1464
13999 14727
501 16191
26450 9272
3929 25832
27155 10492
8498 31020
20761 1205
26345 31648
13365 27707
3336 17782
11101 27902
11083 3911
19805 16621
22777 1040
1737 6550
23412 1402
23862 9870
8975 1374
29353 23315
2593 6280
23888 14064
2648 9915
10096 5793
23631 23542
2975 20152
13666 16118
16691 5759
6081 4348
27898 1503
26819 23248
2604 10880
16765 19206
24477 30770
11668 18816
21815 6284
19535 25652
15784 24018
2032 31023
26712 23836
22341 16858
3998 29621
15738 9085
30515 15298
31793 26881
20199 13348
11220 18938
11666 8095
11818 25317
14414 24379
12073 685
18915 19434
10252 29045
11907 21356
6309 5265
18360 23664
27379 5077
11418 13820
13559 25619
6725 5646
19652 23263
18570 27524
25302 12181
30437 1849
5796 3486
17839 24689
14712 7150
12181 30839
13183 7633
14153 8580
16156 4328
7543 11491
28290 27758
13051 17491
12162 26048
6993 29357
16801 24093
4941 8134
21102 23978
4108 919
13331 16313
18986 21659
25129 29770
2357 13689
18641 31442
17250 9699
512 31292
25983 31422
32026 6702
22313 8579
17603 397
3903 13029
22258 7747
19607 6324
17222 6720
18159 19201
926 8638
27686 26755
17124 24266
32172 11833
1577 19968
8759 4689
27639 20630
16311 1609
30178 8092
12685 9300
4193 1153
12023 19455
19676 31450
30159 29204
518 8031
3446 10174
18029 4150
13835 7407
31056 8821
22496 8703
19888 4322
1838 27798
2985 2045
28679 9163
31747 13120
16013 30605
12805 12197
22370 18242
10121 1897
29791 7087
24406 6927
31113 30744
425 7081
5696 18088
10005 31315
1722 25619
17805 28928
2480 3705
29632 2169
24151 15246
30373 16290
24210 6648
19798 14335
2406 16888
12065 2936
4526 22861
12252 12121
17680 11861
32378 2205
24367 3702
29148 5484
7458 23484
22505 20450
9510 9667
15073 11794
5775 18904
4334 25419
22021 24155
2557 18074
27116 28007
28619 655
31524 17078
19523 29252
19955 20670
18951 20380
18239 28960
845 5833
20993 1091
13036 17169
14582 13372
31670 18641
18584 24306
14857 28866
19788 27519
5025 30843
16861 3801
14768 7223
16937 17329
4401 28121
5658 31131
13689 7469
26840 16240
2319 5489
61 27888
18621 5140
2186 4012
21735 7357
18520 7972
9500 28303
20689 15404
6635 24236
32287 32660
8440 15351
23589 7175
24399 8223
17261 22324
22007 20953
16994 7724
13515 7276
9920 14603
20357 16499
15176 25051
26908 25054
3512 17077
18768 5947
20730 7977
20610 32308
12188 11489
32202 31064
8832 24448
6980 31518
8149 11216
1194 550
13893 1565
15400 10947
26736 8156
16747 31159
23706 10385
24316 17469
13472 5615
25036 22861
8753 14144
28432 20507
2874 6151
27726 8161
21154 30180
11704 25822
6456 19897
24250 30366
2794 17419
22735 13181
3127 27819
23704 9575
23527 13717
24879 25569
31993 31000
28089 22349
31965 31543
12602 16745
27107 22096
19630 12058
3572 6907
853 14184
16768 10037
17742 11209
27319 30910
18535 7586
31996 32447
9012 23819
3222 11952
7774 21715
19113 24697
12350 26563
32101 13783
22186 13095
18558 4354
17167 23179
23004 24205
3264 16579
20115 13965
23950 21038
25621 6397
19609 17467
18855 18785
23398 28203
9745 3498
18737 7961
9626 21594
12420 5432
9267 1512
8968 31325
18419 1382
14236 2493
8131 9313
16036 17143
6747 3593
4259 20053
26989 28049
11021 30286
9503 21465
3926 23120
17343 8267
6223 16061
14770 28931
14770 7732
21934 24114
24059 24593
11562 1220
22138 22583
11538 9280
4519 29709
8894 21488
2997 14534
20773 4931
11626 30438
26190 14703
3373 22273
25864 2138
18017 9158
22235 26299
23281 30013
23102 1404
21292 8525
24842 29796
4052 5505
13103 27122
625 32268
2470 17036
16363 24074
21927 31449
8536 32008
2075 10603
26387 19911
27988 15265
4622 12861
28924 31179
26473 16605
24139 5776
21059 28440
28797 19853
6096 17700
18308 21823
4523 32508
5370 10275
25198 16040
5465 26907
22657 13246
10606 26388
29487 23593
9227 998
15871 16937
8189 635
30273 23451
29245 52
12007 28283
3179 7560
26262 7847
25463 6639
17405 2277
11938 26366
27750 3880
4773 30419
10378 14863
3375 18867
19370 21423
13461 32498
4315 8082
8133 27923
25250 21503
2685 1329
16576 14460
2490 1438
14415 3474
25714 16329
8718 8656
25733 30053
6906 14355
13298 4295
27422 8964
6726 15504
20139 14817
11867 7821
21835 2689
20542 14811
19379 27794
32625 15439
25463 23078
24915 15124
3363 12654
3036 8854
14471 17348
26765 23967
28498 21999
17319 30656
32227 30115
23452 16115
7771 18504
1219 10366
23031 14076
13647 32027
5277 7131
3458 4181
30388 21630
12318 1845
10553 24001
32541 29214
6159 23754
4257 15862
11927 14663
28718 16518
17025 11510
23 25636
8418 27755
3894 13967
29062 19726
30432 24346
25735 3171
21784 16397
24094 7310
14083 18248
5306 6678
18333 12841
21839 20201
22185 18608
25073 26272
19438 21473
7841 14341
23200 21354
103 18386
2333 13958
29345 26812
24794 7201
9882 7344
23196 24125
350 7005
23275 27796
7117 8690
21187 14975
2287 28713
22670 17430
22151 5764
19791 28313
31723 31190
25120 18447
11026 12294
4574 27180
14319 6672
25379 1144
2557 24396
1652 20910
19484 11763
9404 31842
20123 25823
29177 14055
20374 2706
22582 2672
7554 13690
20153 8565
18438 18804
12669 4441
21260 11918
11491 26441
8217 25873
4516 31847
473 6847
9482 21800
11775 9561
16736 4090
332 1636
23207 10027
18924 23597
15242 2566
3081 25611
3732 20799
29851 29156
1953 4753
28285 242
16786 6053
3526 16839
9285 31798
17750 18831
26309 30579
6831 18070
445 21668
19463 24074
9779 24337
7323 5889
3186 17695
15173 30397
12104 14013
30545 12847
18290 17150
14221 6331
6997 14599
26527 7227
30447 4140
20379 6726
24588 6998
2517 19122
23229 2984
2804 30551
20998 1634
28744 24854
30935 20997
2142 30235
14141 24248
18897 15710
30682 11754
11362 7024
27027 23865
6219 21620
2440 22674
24529 28523
2377 30618
30489 24246
25927 2637
24124 4565
16264 6373
29085 21621
21151 23294
5243 7850
4316 10743
27074 14969
17344 29339
3879 25241
16307 27137
3699 15994
32761 2480
31007 24455
16099 5895
25122 9129
24130 14813
10759 8460
13345 26212
20802 32549
4020 7763
17604 24820
2699 19780
22733 17542
31243 17498
26114 31679
5407 6440
15551 8790
8747 27598
25262 13601
16706 22629
20121 11923
9880 6046
5756 19587
22842 4773
17375 25390
18940 28236
16994 24960
22195 20837
7322 27279
3493 27247
31515 10345
17726 30838
6614 15375
23557 23348
10150 28353
13518 28284
17445 2172
17200 13529
4036 28610
15417 5490
539 30361
16225 12592
31357 30934
3005 4899
16080 12187
5493 16418
23707 24095
3960 27058
8289 15277
15726 18474
5934 16112
8687 24596
20079 11885
23794 14037
17926 6737
20104 14993
18590 9069
20938 24905
7740 13183
9231 17222
19735 2739
19555 13499
23722 18025
5941 8870
20231 17721
31312 14071
17518 3124
29965 2036
32030 4461
16582 22236
11627 4025
25997 8650
22545 18354
1822 3293
8904 20994
32275 26262
22809 26334
4439 19329
4463 16080
25565 11544
10353 28858
27282 16356
1679 28952
32400 5349
25563 5765
24468 25140
32283 18305
15026 16103
29980 13681
2375 22069
16713 18663
23600 21979
30843 8996
26425 7101
21779 22747
24792 26321
13127 19000
2588 3897
30905 15393
29408 2479
6734 5820
20036 14886
13373 27953
27486 22958
26726 12977
9772 29593
30438 16567
25805 15836
17640 4749
29937 20664
17853 23059
23951 409
31280 20924
30934 25918
31251 28633
27237 15642
15390 24346
17854 21498
4090 24657
30968 3561
32408 31098
20405 12112
1223 5625
8788 8034
23558 31778
1384 10679
17814 15358
3432 823
3028 31564
31400 5690
11718 17095
24967 23022
26868 12455
8938 14584
5497 13418
18666 19294
2137 14292
7114 26532
28693 22837
812 20277
24445 6890
1924 31237
31430 11302
1996 17781
31452 12019
30586 2679
31481 8051
14511 24306
17527 16492
26289 1640
3299 12547
9371 21974
23122 4040
17491 3803
504 20211
22973 30237
29942 7661
3630 10473
20340 3091
18468 30233
24048 18614
31540 15931
3285 9318
13379 7919
30288 14192
13817 28049
607 20901
14707 17688
19755 5981
10040 11070
18327 28604
23663 4322
17945 10292
20559 12714
29129 29003
11734 5868
20407 6303
13758 16847
21122 9255
31917 16557
10790 12987
22956 13244
17942 17879
6362 1262
15755 22684
18017 22293
4635 26647
9642 28747
141 20678
10445 9105
21484 9560
31820 32182
28378 25269
31488 14715
32551 9534
7763 16116
4002 17238
16048 12849
27695 28961
14392 21790
3098 20875
18359 16552
30379 6285
13270 14625
22011 8876
5778 8678
11269 9666
23276 21567
24064 24320
17122 23942
2541 25140
2463 26764
23148 28232
30191 22072
19667 27403
28917 18801
7553 29749
29984 10814
20080 5541
26971 25644
31754 7404
15492 25585
29758 9231
21792 6222
17362 14729
10573 31290
11771 18832
4855 24636
16939 11417
13391 8473
1066 32542
121 18863
23144 9887
15493 27169
13970 10215
3233 15924
11363 12944
24973 13561
27325 1481
23119 7085
19192 4695
28199 28637
27258 32218
29381 7373
647 27474
21178 10267
29275 11489
2093 4512
12150 17107
12239 27287
4152 19419
18449 26625
9389 19103
28820 29768
4522 25719
15840 1058
8729 32114
30042 12984
657 21915
17776 26888
23338 2938
19991 5255
15247 10205
3447 12555
3412 5848
1252 10729
138 12810
10769 22106
9873 16418
30848 5412
12078 3490
14141 19318
31709 739
18124 19219
32105 23385
2912 25522
4025 25113
18254 9125
18413 22424
31168 3002
26794 25782
5550 14943
28849 16123
9482 21001
30647 25120
11323 7894
19825 721
25037 16241
3822 7857
3687 21814
9769 19871
10493 32662
26591 14392
838 9917
17310 22428
6769 22899
14879 25205
24596 16960
3541 2870
3941 30676
25030 29601
25260 11429
15002 31116
15608 474
5617 16612
7185 360
3066 7922
26287 891
12098 19165
27369 791
7881 30577
8432 9727
32347 14878
1533 31702
18717 25412
9096 14468
12903 11182
5819 28123
2257 23388
11302 2171
20369 19845
25524 5106
516 30172
28894 2600
13706 19219
2846 12795
3479 15005
8871 20774
13831 2489
19795 13671
22450 18348
32733 22753
15169 13645
26448 9663
3648 17863
30399 7450
32372 7323
32055 25884
8046 11492
22514 614
20064 24031
5325 16560
2096 22698
6396 3759
26059 25420
8189 20796
12988 27894
9930 29106
20989 12169
5971 11160
99999 90000
