100000 100000 100
13999 11913
23419 593
826 25843
1115 17045
13314 5914
21671 177
17132 3041
6659 11468
5203 14279
21058 31609
16461 28953
24271 23436
303 13415
1867 32299
27475 3380
3959 9512
21016 30449
25685 11150
32299 18989
9354 31865
6405 2566
2055 27691
29109 9699
27368 10077
32480 869
32668 11475
16902 25754
27719 1331
28678 32372
22372 11543
741 21370
10159 25953
6347 9918
31554 24015
17486 6927
6654 28111
12787 21103
26412 20372
18162 8648
5732 4457
7482 11482
10158 12613
181 32376
28392 5792
20941 28916
10856 24198
28975 31448
27874 11754
6351 13270
24203 32316
17964 9730
6526 6206
6613 16191
9567 12563
20524 30455
22079 23960
14186 31760
4800 20472
18147 32539
17786 4987
15244 27854
32157 15007
23994 11444
727 13162
21548 14371
24696 13822
10316 7535
11220 366
24498 17245
2536 23248
20202 218
14401 660
2423 23789
7450 5140
4887 2795
8901 875
13897 30442
25164 11659
9229 30327
24919 11914
16619 29068
26448 29245
17206 6076
11718 13064
1682 30129
28687 23284
14516 32472
7730 31490
17257 24411
14084 19648
6106 10832
3472 29209
16142 14384
32188 26481
21424 18826
21546 23538
18707 16888
27997 25632
9075 3923
99999 90000
