35
861
-552600 646900
-424900 -1970000
-773000 -1017100
1014100 -845700
819300 946100
-1051100 1096200
988400 -522900
-1706200 -28600
-308000 -1593000
-10100 -763400
910700 -1335500
-543200 1056900
-468300 53500
435800 190000
-1374100 -546100
910600 -1900100
-1761300 701600
1178100 949700
33700 616700
584600 -473700
-1599800 -796800
233600 -395900
-912900 -1510100
1117300 -778900
-70000 -1285500
-1406000 1032300
947300 -1082300
-1292100 -1185800
-1966300 820600
-1707200 72000
-1964600 112900
229300 882700
-394800 70800
-755900 1142300
559700 -1135300
-208300 -712400
-926800 -1417800
-1871300 -1046000
279600 433000
-47800 -590000
-1106000 -1882500
-841000 -1049200
-1424300 -638600
-1072700 -523500
-675700 -875600
677400 -1160500
523100 21100
-485100 -1492500
72400 185500
186800 19800
1183400 -1757200
402800 -1877800
720700 1154200
-1848200 -235900
157200 -596800
-644000 -1800400
-80900 146500
572300 189800
-1473900 876400
-1548100 -497900
-96500 773600
665700 1258000
1117200 1108700
-1743700 155800
-45100 121800
-1356300 734900
1156700 -726700
601100 -906600
-1539500 81500
598200 1116900
-261700 -1389100
302400 -92400
299000 -576800
-224600 580400
1125800 349900
-1412000 -1271300
60000 -608700
-781600 726800
272700 -1964100
-1088200 -1272400
78900 -122600
414000 -1649100
-1394700 -1514800
-1737600 -1186800
1029300 -721300
540600 558700
-1085100 549800
180800 -876500
1116200 -1955800
-1682100 971600
-978100 506000
334800 373000
594700 -647100
-1372500 -1060600
595300 1129800
355900 332600
-1493900 371300
-479100 -497900
358800 -1756000
786100 549500
-1985000 304900
936700 653500
-270700 442900
-649400 369800
688100 -972000
-919300 675900
119400 74900
1107600 1200700
-456300 -598500
-760500 -669700
287400 340000
1155600 -1924400
363700 167700
1149300 -543400
-986800 198500
-1119900 1119200
-821500 -912800
-478500 -847300
-179100 -649700
1140500 -1559200
1121100 -238900
-277900 747100
-1910700 347100
-1985700 -1920200
-1268400 -798100
-545000 521100
-298200 -1993500
-428900 -1729100
-1816300 -1248000
-1292100 -1500000
-854700 -1272900
-670700 718200
-1591400 -971800
-1361600 -1175200
-1020900 892100
-1258200 -1936200
-1519800 -1448600
-768300 702800
-1416300 -1380500
962900 1087800
495200 -659600
-993700 -402700
-1935100 -970700
108700 781800
-1882800 -191600
44000 -1341400
928700 598600
-1219200 -355000
-63500 1175000
-1315000 902900
-856000 -1859100
-1854400 791600
-827600 1182000
1207200 -1475500
-425400 -1974500
-106600 744000
1129900 -1951600
-1043700 -1337900
30200 1038000
414100 -979800
274000 -1888000
1228700 422800
133700 -1242200
128200 -1699600
-1325100 942800
-1886900 -1470000
1129200 -163100
-1517700 -1551100
286700 1250700
746900 488300
1184400 982100
822700 777100
719500 1032200
-1577200 -1717100
-705400 945400
1102400 -392200
-1278100 -810000
-335600 -529700
1234800 -1460100
-595700 464300
-120900 1222000
-17100 -302700
-1931800 895900
-1424800 -653000
-576300 -169800
834000 -1773000
-867800 -641200
-370100 -1535200
-139800 -1464100
1131300 767500
-1741100 -1775700
-795200 -561900
1148200 -339300
638300 -226900
1026400 -1990300
-1111600 188700
-514100 -729000
-1144800 1029700
-1647600 -1205900
217000 -1207800
1249800 -1085100
-770600 -1778800
1118200 692300
-1559300 1017400
-340200 -1891100
-968600 334300
-1802500 -1815700
1275800 -1216000
-632000 341100
938500 490300
-1546700 1068800
552400 -1818300
497700 -176500
452200 892800
-584000 121000
-1660300 -1253000
1113200 -1856000
-1698200 -1137600
608600 -1304400
-926600 -636200
-1538400 -1607900
-1488800 -503800
-741600 -1135400
455200 -1979300
-1184100 -307300
-1315900 -754800
1164200 1071600
-492400 -1469500
-124700 -1295900
-1279500 -607100
843900 919000
675300 1276100
-1849400 -1921700
-1525600 282400
-226100 -528200
-237600 919100
-1602500 -1052100
736200 -770100
463100 864500
-593500 902500
-1115500 375500
-120800 -1321500
-702300 486200
388200 -1129000
-1631700 -787100
-1232000 -1622700
1094500 -209500
-1735300 -1283600
-1435700 200200
-1775100 1077300
-341900 -1423100
-1565100 93800
-1165100 260300
-1627100 -1023700
-293000 789400
485400 -1820900
-521300 -582500
-1248400 -104900
-1750400 1063600
968000 218500
515000 -982100
480400 -1842900
776600 1174700
-1774600 -109000
-761600 360100
638700 -1693000
178800 680500
-735400 1231100
-347200 458200
-1474100 -83000
312300 1081900
-812700 363200
1015300 -1954800
691100 -813000
-987200 561600
-1286600 413700
-1741300 -14400
-1479200 784400
-627500 -1036400
814300 618400
845700 -1393200
302500 602800
127100 -95000
-435800 -1053900
1242500 -1408200
-199000 -1579300
1198300 190600
530500 -1590700
1146300 -1593600
-688700 1140500
-1823100 -702400
613900 676700
438600 -1649800
-1286000 221600
-1484800 -560400
-572700 96200
-1982600 -812500
-312800 -1324200
444700 -513600
-383900 1063700
1230400 1186900
-1141900 -849300
157700 -875500
-604200 -241900
-1964300 294000
-612800 -1024400
1035500 149400
244700 -946900
21900 1098300
-1614400 -1274600
-1289100 -1662100
260400 901100
-996200 717500
-681400 -1914700
946800 -1332900
-604400 -873000
1031700 -693500
242100 -1319500
410700 -1824600
187300 -1154300
189800 1145700
471800 760500
-1351500 -1275900
704200 244400
318200 -246200
-530700 293400
-660300 507300
-628000 -841200
-539800 -543400
1053400 -422400
322200 -750500
-1429400 1165700
-703300 -1957200
-1500 -1398600
773900 195500
448100 40800
243200 -679500
172200 -80300
610400 -257600
-1770000 -775700
-1404600 -130600
-1323800 833700
-1344900 249400
-933000 927600
-1169300 -859800
-1750800 -913500
-589900 -957500
-221300 -1072300
-1535200 132500
-1219100 -1031500
-1062200 766300
691000 1261100
1172500 652900
703700 -1827300
-994700 654900
-1417000 899100
-812700 -1910700
602400 1271900
338100 979400
-1933900 -738800
347900 1148100
-1297900 839700
1200000 -1585300
-1203200 647500
-1789800 -596400
-1425800 -1698900
-1980000 -1970600
1121700 526600
-87000 -1208200
-941000 -1020700
1174500 -1804900
663200 447200
385700 -1467400
-1932300 997500
389300 -1157800
-1940300 422700
1203000 1228500
-1568000 975800
1001700 295000
924700 -1722100
-1280600 436000
-582500 136000
11700 -760000
-1638300 -763600
465400 -1862100
115700 986700
226300 -1789800
-213600 -296800
994700 -313500
-1669300 1141000
236800 -904000
431100 947400
-900600 -672400
-1933100 650800
-448200 341900
-1951700 258000
690800 -1098900
-595600 -79700
-775900 1106100
-1444200 -1107800
789100 736700
252300 -1970600
1249400 -723000
792000 603700
330200 959800
150600 -1980000
182200 -271000
-297500 749700
-1194300 -409600
-433900 -515400
-262400 50400
-1870300 -1254500
-1218900 1222000
1236500 -1881100
-1327700 -381100
988100 1097900
-644900 -274800
455000 -1210200
-1624300 -744500
-1618500 -1365700
-1779600 -593900
340800 -476800
-599300 -1987800
-80200 -153700
-950700 529600
-333700 -1161900
43100 199100
-1006100 -892500
1266500 -1640500
-883700 214100
245200 -116800
-1918300 1006400
-1576500 -1007900
-235200 583800
994900 -1434300
56600 -786500
-1718100 -445800
323100 -1103800
-782100 330600
-1732500 -1643600
-930800 -1697200
-287700 -1464000
1102600 849400
-1841600 260100
550800 -1420000
-1592300 322000
-1848400 -266600
-1663400 426500
766300 71000
-1446300 -808600
986200 187600
-95700 -1968300
-1910000 300900
-426600 955900
-167100 -755100
-1823000 -221400
-1383400 -180400
-896600 144000
-852600 -1930500
-612700 1221600
-619500 1241200
-747600 852900
-1418900 -436100
115300 1269300
-162900 -1136500
-1475200 -1312800
-1067200 -169200
-1741500 712000
-991300 -1812200
-1101000 -847300
318600 -293800
-504600 1159800
1231700 -196100
-1430100 414900
-887200 317700
-416400 1112900
1014000 68500
-153800 -595500
43300 -947700
-1804000 -1005200
-568200 -1253700
-564300 -1667500
845100 -958200
-1577900 -127100
-362800 508500
438200 -1491900
-1378500 -604500
-1514000 -350100
1136000 455100
173400 1119000
-1746200 -1048400
-1379700 -842900
-608700 -460400
-283500 -1408000
-78700 436300
157400 -1004100
581800 741300
-901600 -870000
-1500200 -1350000
114500 -1934500
-913300 -905800
1107000 -769000
-1885100 -1446500
935100 -945700
-383400 -1659600
753200 -786000
-747100 996000
-660200 1233500
-1205300 -1499900
-278300 -505500
1025600 -1317100
163200 214200
-1723500 237800
-67000 545900
-1068600 -1231700
-529200 1220300
257100 -195000
-847300 -5900
1046300 -19000
-785300 4200
-1527200 778800
-1520400 -48200
389200 -348300
1000300 216500
741900 -5900
-1225500 -1621600
-1513400 1149900
-1376000 -1583200
1124800 100700
-863000 510600
-1782500 -1207200
-1127400 -1014000
6900 -408100
707100 1211100
-1294000 -791600
-1503200 -43500
15800 -372800
-592200 494900
-1184300 509900
-723600 -1086800
708900 -1843400
395700 -195400
-584500 -1906100
-1080300 -696200
-1413300 839600
-1484000 -1304600
1139700 679400
394400 774700
-1016700 -395300
126500 -1517300
918700 879700
369500 -252800
515200 771200
1093800 -253600
389000 -1385400
-634300 233300
1237300 1151800
-393100 244300
-33300 -1284100
846300 -1152900
294900 608900
1206900 -210900
-1754000 -886400
-750300 -283300
-1654500 -1362400
-348600 -1019000
-1100 -908300
-440100 314600
29300 1187600
-851900 -1649600
9200 -1876600
-395200 635100
-1172900 -1595700
-685500 1186200
-1555000 -1607500
615900 -325200
10400 -1515300
-1429600 390800
-1381300 1171600
175300 -1124700
-235300 -316400
-422800 -1488400
241800 331600
318400 -577200
-871300 -1225100
342600 -1308400
-1996500 -799700
-1976500 -43700
320700 -78500
479400 -693600
-1417700 -1662500
686800 1240500
-1440600 1018000
-317500 -1159400
383600 105300
1047300 -1860700
-1129600 103400
-1746600 1174400
-1737400 539500
34700 -1785100
-1104400 -1093500
-326700 -1657900
126300 -1984300
-1102200 -1863100
-34800 248100
-1160000 -424700
-292500 -952400
-66600 -176700
557200 -702200
-1433500 -1504000
539700 -1719800
-565600 776600
-1642100 -1820700
-1362400 -296900
-619600 -1784800
-932100 1213400
924500 -1952600
21100 -108500
1175100 -146300
-357300 -1504100
-926500 -1872700
-1980700 -1126400
23000 302800
199800 -1641600
-1976200 -1558500
407000 1178700
-1763300 622100
-848200 327300
-1842400 -330900
-1534900 -1597600
1234600 972400
746800 -64200
768100 137400
-955700 1116500
-1902000 -549100
643200 1178400
-529600 -222600
-304900 -900300
-118400 1166300
-254100 -116400
-124800 1211700
-1386900 620700
-1948700 -1767500
430700 264100
-1288100 -1855300
79000 41200
337800 -676000
-1737300 -890600
1045000 207900
-990600 -1742000
-176200 657800
-1300000 -122200
215900 -768600
322500 616100
-1490400 -15500
-198700 985000
-844700 -1815000
1031700 -1151700
157300 1157000
-81600 885500
975200 1206900
600100 -701400
-1369900 -550200
883500 287000
-1668200 765200
237000 -872100
1047700 54500
137200 -1779400
882000 1274000
964800 -1027600
560800 940600
-1988300 -1648300
-749300 520800
457400 -371300
324900 -936400
508400 -684500
-139700 994100
-1519500 -851700
201900 259600
1186000 -1429900
-452100 -1316400
1102500 171900
-1384700 57700
1141100 -64500
-1724200 -1495600
739400 -1987500
-268200 947400
-1731000 -1394900
782800 639000
846100 -1360400
-248200 564300
-1766400 -666000
622300 396700
56900 1027900
-1813300 -53900
1270300 -1006900
-982900 -1687100
-1964600 -423700
-1923800 -909500
867700 -976600
-453000 827400
95400 44500
-1576500 -522300
881200 -1361200
-1668300 -1565200
931400 -147000
-1490800 447100
-1350100 -1730200
-801900 -50100
-109900 -1714700
975900 -738000
-347700 139300
-1870900 -1629400
-1373000 545200
576700 -1863700
-1834200 -582200
-750000 -591400
812500 -713300
1187100 -1435700
-704400 -1274300
96500 -1998200
778200 -848800
-1181300 -663100
452500 107800
-1409900 1110500
425800 -883500
-549900 -1756500
1094400 694300
-1214600 -1504100
-1307600 -1807000
-416700 738200
-1869300 -1398800
-995200 -557500
-551500 -1748000
-1659800 -476800
-240800 -759100
-1595400 1078400
-1494400 711100
-1501300 418300
-1247400 -895200
-964100 -296600
-1112900 351300
-252200 -513500
221400 -553900
123000 -750400
-1345200 -794800
543200 -107800
-1003300 712000
943400 491300
445700 1194000
-1265300 -323100
-1618100 662200
-797800 494200
117700 619800
794700 -394200
-1815300 -549700
-1991800 -971600
382000 559800
327400 -1683400
1181400 -1438300
-1486300 -1162700
268700 -1098900
1223600 984600
-1309000 160500
1156100 -237700
-252700 999800
265900 -1092400
796200 292500
-882600 -169200
-157700 -17800
1272400 -1349300
-200900 -1117200
45600 30400
-1757500 53500
-1479200 -827000
1261500 311000
672000 -337000
66000 894200
-1734700 -1145200
-1889500 -1986900
-477700 -1338800
1181400 -1149000
-297400 -342100
-779300 -1185500
-1433000 314600
-207600 -1632900
924600 -1412800
1062200 -1480100
367900 -1977700
239100 884200
364200 -775500
718600 512200
717100 -1501200
-813300 708600
289800 732300
1121500 -1284500
-290200 -485000
76700 947000
-759200 376400
-1326300 289500
-1520200 816800
135200 360800
-382300 -266900
-866700 -418500
1260800 -931300
-910700 291100
936600 -1800100
-497900 -1637000
-166200 -408300
102000 -1114200
-1591600 22700
-1824000 262100
-654900 -980900
-353200 -1156500
-49900 -1204700
589600 -948600
296600 1130200
-907900 -816700
-631500 -1587800
694700 113200
-1031700 325800
-1327600 531100
744500 -1612000
531400 -283100
-281200 -1719800
60800 985100
-1010000 -754700
-920300 749600
-156700 -1933100
1159800 -1055200
-1503100 -1516700
-457900 -633600
-583500 -1307500
-507100 -374000
1067300 62300
-985600 -1736900
76700 -129000
921900 -951800
-832100 -1916000
-135100 699500
-695700 654800
919800 1199200
723100 202300
223700 -1622700
-145000 -1526200
661200 -435000
251500 -984500
-372100 -950300
-1695500 -1583700
-1055200 -1609800
1201500 -426300
160500 -1164800
-1422600 -19500
-727800 -1696100
1014000 -1856900
-192700 815800
-1965900 620100
-686500 -1261400
1170400 702600
968800 -1999600
-1457600 -300300
1597
-372400 -749500 270
-417400 -1917000 270
-337200 472200 180
182200 -1591500 0
-1196200 575000 45
-1296200 -1680700 315
-920600 -327200 180
1108100 -858900 90
44600 1115000 45
-1150700 368700 180
851600 1047600 0
-1875300 -257200 90
1249900 -883200 135
925900 -1360100 270
899600 759400 180
1197700 -952000 45
-920200 -812500 45
-235200 -628400 45
-1717800 1169200 180
227700 -791200 180
984600 502800 45
508600 287900 90
446900 212300 135
678600 -310300 315
-826100 -1206000 0
956500 1262200 135
606500 -1197800 180
-896600 -718100 315
1040200 1192200 315
-432600 -1217800 180
-358600 -52800 315
-1592000 -929400 45
-801600 -1058700 315
-1293000 568400 135
-894400 1115100 0
490600 929200 90
-1405400 -1360400 0
580300 33700 225
-1588400 -596600 135
731200 1027500 315
228300 -1962200 315
-1795600 -637700 225
-1859000 1222700 180
611800 -857900 315
-39400 498800 45
-1817900 1235700 225
-44600 343800 225
682300 317700 225
255800 25300 90
-1010300 -995700 90
-1498100 1212900 45
-15700 178000 90
-1698900 -1809900 90
861200 15400 225
-1612500 -1042700 0
191500 -754000 135
782300 1259000 90
472800 489000 0
-815700 -461300 135
1257000 -1748400 315
-732600 -139300 90
635600 -919800 270
1204100 -1968500 45
-65000 125600 180
-925400 734000 270
-1971000 285000 315
1218000 -1519100 90
903200 149000 135
-466600 -1781800 90
-1154400 -194800 135
-1910900 -125500 180
-575200 -212900 45
-1147600 892700 90
-835100 -1946800 180
435000 -1087400 180
983700 -538100 315
146400 1032900 270
-413100 1145300 45
580900 -353900 270
784400 -758100 225
87100 -990400 270
773500 -140300 0
-1330700 -1249700 315
-1617700 -1256500 90
-1012400 -209100 90
277400 594700 135
-1408800 -1240900 90
-172800 -989100 0
678700 -1352400 180
-434600 499100 0
620800 -1631200 45
664600 946100 270
-1611600 1015300 45
-983300 472200 90
891500 -970000 315
482400 -222900 270
180100 -1413700 180
-365700 633500 180
-339900 -128700 135
-251200 -371200 45
-1590200 -984700 225
-920400 -130200 315
-996200 515600 270
138600 -1467600 315
-983200 -1457100 90
770100 -234500 90
-1550300 215500 0
-1585900 704600 135
-1275200 -1803400 180
710600 -1520300 90
-1323800 -240200 270
-1664800 -119600 315
-246200 -1249500 180
289700 1089200 90
-1155600 1134200 0
1174500 360500 180
-729400 -263700 315
-117300 -806900 225
977400 -1720700 90
-690100 -104300 225
580600 -55100 315
-1446600 -1271400 45
393500 -196400 45
-991300 1070400 225
-327200 -1501700 135
572400 -360800 315
-1454200 -1647000 0
-1429100 -1755000 270
674100 484500 45
-1662000 -207500 45
891900 -417100 90
373800 164500 180
717500 19200 90
1230400 -1120600 135
102000 -779700 90
-629200 -750000 45
1056700 434100 270
-1934400 -676000 225
-1022100 -1774800 0
370800 107900 135
-1959400 -1418800 45
-1954700 -403400 0
-1973900 242500 270
98800 -1386600 135
947800 -496600 270
-1451200 -101800 0
-1220100 -564200 135
-529500 1165900 315
803600 -1705700 90
-1552400 -775800 45
242700 1197100 315
-1534100 -1591700 135
-559200 -1327000 135
316100 498300 225
226500 -1373700 0
-287700 -605100 180
-12900 -1457400 45
-1021300 -491800 180
-1382500 -294500 180
-622700 1176500 225
-772100 -1047300 225
-1931000 548200 225
1235800 -1431300 315
-1965000 -212600 225
993200 -499200 45
-386000 -1544200 270
-1615400 -1100100 270
275900 -477000 45
-734200 549500 0
-1512700 -561700 315
-1325200 -755300 180
-321200 -1301900 270
-687700 -1769400 270
-1165100 716000 135
469800 -884200 225
-165800 524900 90
-680500 -831700 90
-878900 -1899600 45
1198300 1212700 45
-772000 1085200 180
837000 -1707000 135
-1059200 517600 0
-1031200 -174700 90
500800 -239300 45
900 -893400 0
462200 -647000 90
-1740100 -447000 0
-1890800 478600 45
-1652100 110600 135
-1336500 -577500 135
334500 -1297400 180
-1649600 -14700 90
-1698600 543700 0
-1237500 464700 90
-16200 1160500 135
-439500 317400 180
-799100 -1708400 90
-701700 -86800 315
-1262800 929400 225
-442800 -915000 180
-1720000 347400 270
-1076000 872400 270
442000 -150600 225
733900 -1986400 225
-645000 -974300 135
-1862100 1027400 135
-652700 -581200 135
1233600 -258000 180
861800 -156500 45
-1693300 -1159400 315
-1315600 1017700 0
-1685200 556100 135
-1228400 -1433200 45
-1300800 -681200 90
1068500 -1952100 90
-1107800 -1791800 0
-1039100 -112100 225
437400 -900 90
-1120100 848300 0
1104000 -437500 315
-800500 -1829000 45
-1577200 -1581900 135
979400 -746100 270
871800 -1934400 270
866600 -375400 45
-363200 -1562800 315
-602600 -1314300 225
411700 809700 0
731800 -217400 180
-280600 982100 0
823000 -1405500 180
573700 -179900 225
-29500 -1068900 45
-1175400 -832200 180
320200 -6500 135
-157300 104900 315
411200 -1146400 0
-1512200 -586600 45
-839900 -621900 45
-1739200 -904100 0
-1027900 1272300 135
-1757600 41200 45
-100200 59600 135
-383400 528000 135
-564500 510000 270
-742100 -1880000 0
-1321500 -1787000 315
327300 -13400 0
86500 580900 135
970400 -1356300 180
-387900 879500 0
958500 -1047000 180
-694400 83000 135
1251100 -1499400 180
-834400 456200 225
-681700 962500 45
577100 -1962100 45
-806400 1245600 180
-1845700 -1042200 225
1067900 831500 90
20400 94600 45
1234800 -914400 0
-917300 28800 225
233600 -791000 45
167000 -397900 0
197900 1027800 0
596700 -266000 180
-1671000 980700 225
319900 -1838400 180
63100 1002600 135
-812500 -1039100 225
-1910400 291400 315
667500 842700 0
348100 955700 315
91700 -350300 315
1206300 -814100 180
-23400 -1753300 0
-203000 -894200 0
-1625800 1132400 45
-1511500 375400 0
1101700 -1605500 135
-1203500 -621100 315
951900 -1883800 45
-1771400 -1808500 45
857600 -618000 0
1234000 -1908400 270
-1885100 -129700 270
-723700 -13100 90
-1847800 -1452500 0
-1505600 617300 45
1178600 62400 180
472400 462100 45
205000 1185400 315
-1429800 1170300 315
-881100 -1277200 315
-1176000 159700 135
-1512300 30100 225
1059000 -1897100 90
-25300 -770000 90
-742200 438600 270
-929100 -43100 45
686900 786300 135
39900 -125000 90
-1834500 630100 0
369300 141000 315
-1226600 -1107800 45
753600 1201400 270
-379500 -1496600 315
-306700 -1708700 0
418100 877100 180
-1768600 -471400 45
267800 80700 45
242300 -1987300 90
-235500 1074300 225
-189600 960900 90
-1512200 608600 225
-1633400 -1283500 45
-67800 -1417800 45
-896900 74700 135
-119000 -1569000 45
-1900200 -1714500 270
1160900 -559100 270
-20400 187500 0
-691000 292600 270
20900 1018700 315
479900 768000 225
-1965400 -262100 90
11200 1177100 45
-1659900 -1193800 270
-1293600 -241600 45
127000 -1256900 180
881000 -1211700 135
-1195800 -23800 225
-895900 2100 315
382100 -984300 225
-686800 -435900 180
-435100 -1601600 45
58400 -956500 315
-204700 -322800 315
-309400 965900 180
34500 -112400 270
-1132500 -1549300 90
934200 972100 270
-447500 -1317300 90
-466700 -1512600 135
-824100 653900 225
-654900 -1742600 180
-779700 216200 45
-1675300 18800 270
-171800 1056500 225
-1816200 -1165200 135
370000 -1539700 315
-1113600 -1417800 135
267500 -1340300 135
-1132800 900300 180
2700 -1850600 0
353600 118700 0
256000 934000 90
817900 46300 315
1010600 -360600 135
366300 -1279900 180
-448000 307400 315
-857600 -1362700 135
-85400 128100 180
533200 -206900 45
-1742100 -419700 45
210100 -1704200 0
-816700 -1304200 90
253400 -955400 315
195900 -1896800 90
-1904200 -27600 90
-1842000 -259200 90
-1954300 -1713700 45
366900 -356700 180
667400 -1610100 0
162400 1188500 180
-1765400 -207700 225
-1830900 -350300 315
-870300 -1387000 225
-349200 -1908000 180
-456300 1227100 315
1049100 -262300 90
-704400 -1066100 270
83400 1114000 180
-509800 -1587100 315
-1997900 548100 45
-1433100 593600 225
165400 -1075400 0
962300 -1707400 180
-1334300 1139500 270
680800 -1639400 225
-860300 -1647500 90
-832700 206200 315
-539300 -1329400 135
-1920800 -621000 270
-1907800 -762000 0
868500 264500 225
-1263800 144300 0
851000 -1907800 90
-1194700 -1499000 135
-1607600 -122800 270
1015400 649700 0
-496000 530800 0
58900 -1662300 90
-523500 1128000 135
1229000 -1142500 45
-499400 -442600 0
-533600 -1628300 270
-604900 -454300 315
442600 924800 135
-1569400 907000 315
744900 -897700 315
-290500 -437000 180
-1909800 -1627800 0
1154300 -1657600 225
-1536600 -248600 315
-598100 951100 45
-887300 -1118800 270
-503000 1039400 225
-850200 -1808300 270
479800 1184400 45
674500 548500 90
-1280000 -1588600 180
-1627900 -1004700 270
-313800 -1933200 315
134000 -1623300 225
965600 -1739800 225
-1111800 1240400 0
-1429200 -1746400 0
-1228100 -1266900 135
-1590200 522300 135
-688800 -1670500 315
282000 -384700 45
353000 -514600 90
1007800 -101000 0
-937200 778000 135
-880200 -1047200 90
-1311700 18700 0
834500 883300 225
-1787400 -459600 45
21900 -435500 90
-852400 -1156700 45
-516300 844100 90
-1344600 -1204900 45
-1342200 -1915000 180
-524500 399200 0
530500 48400 315
-1668300 -287600 45
-1376400 461700 90
1077000 -1404000 135
-1508000 835300 135
-1950300 -1410100 45
-310600 614000 0
-937600 -1982200 180
640500 -883800 225
-493000 -1156000 270
824700 1133200 180
-720000 1009000 225
-1585000 -771100 0
964200 -1337400 135
1105000 -262900 180
796100 -1367600 180
152700 -385800 180
-1341400 -318800 225
-373100 1176600 315
-1395300 -1425800 45
-711800 2500 90
410500 -1511700 270
472200 1244600 315
731100 191800 135
-429100 517100 315
528000 -231100 225
911000 -689700 270
-174400 -1069100 45
941200 785000 180
1106300 -216000 135
-1624800 -865300 45
-1733500 -879800 0
-1197600 -1049900 180
-664400 -1343000 45
946700 -1315300 90
655800 -593300 45
-1367300 -1318700 315
-300600 -6400 45
-1752200 791800 45
638300 -1349500 225
370900 1133300 315
169200 601700 135
-1280600 -502700 225
443500 -348500 180
394700 -218100 0
-1831000 927700 90
-1574600 144700 315
-1668700 -456200 90
-1706600 967200 180
-1815700 -347000 270
474300 -1430100 315
-1273600 -65400 135
549000 -407600 315
1253200 -209100 90
-649200 386700 90
-118500 -588800 45
-1504000 -1650600 270
812000 -441200 45
93600 -833800 135
747900 -1786300 180
1147700 -83700 315
1178400 -1358900 225
-278400 1060000 45
-1723200 637000 45
-1320400 -1759500 225
1224600 -327500 0
843900 -1718400 45
446600 -917800 270
-584100 -66600 90
-1156300 -487500 315
1239000 -1342100 180
25400 689200 270
-275100 308500 90
-1914100 -708300 180
-150200 556800 135
-101200 -1450200 0
180600 795300 180
-800600 -1689800 180
-979200 742800 90
-1071400 861700 225
-516100 -1186100 135
-672500 768700 45
829900 -167300 90
-319500 362600 45
856700 799300 225
482800 413100 0
276100 1152600 135
-584500 680800 90
-1549300 -711900 135
119600 -1714600 225
-610200 437000 45
-531100 -1673600 0
-1859100 803500 90
246900 -996100 270
-846200 -1784600 225
965000 913400 180
926300 -423700 45
573800 -1834000 270
-146400 -441100 270
-946500 -700 180
31100 219600 135
-1478200 -1955100 135
-486500 265900 45
-678000 -1207900 225
-1429500 781700 270
917100 -1359000 90
-1900400 -476400 270
-242800 3900 90
572100 -29500 225
-1891000 1257100 90
423300 -1195900 225
1230500 -1603600 225
-1399900 -1041500 90
353000 1149400 315
-788800 817000 0
-287300 1262200 180
-752700 -697700 315
-1267700 -129200 0
89100 1045600 45
253800 144000 270
-1669800 151600 270
-391400 751000 135
1131500 -1204400 315
-620300 -1042300 270
-518400 -439000 270
-1848900 -1531500 315
-1444100 622400 225
-1119600 -1116900 315
1084000 -198600 0
614600 -1751300 90
26300 467700 135
917200 -687600 45
-639100 -1452800 135
236900 278100 225
-820800 1122100 315
-1728600 417700 180
-1893200 -1396700 180
41200 1250700 225
972200 -915000 270
-1863800 1091300 135
784200 -1611600 45
522600 1067000 135
-961700 715000 315
-1752600 758500 90
-1597100 -884700 0
-372000 1066000 315
1201400 -1703500 45
-371400 -1185000 135
1003200 713400 90
-1624800 -1808000 45
1057700 128800 270
962100 190200 225
-1639200 -500900 225
538900 801200 0
-1667700 666800 315
-122100 1127500 315
-683800 -1040800 90
-252400 -1580500 315
-1314600 1201900 0
-1398300 -274000 180
-697800 777600 135
-1873100 -371300 225
647500 -119100 270
-68600 -1216200 315
-742900 579200 0
679400 -1696000 135
-1335900 -707000 0
815200 -390100 45
864400 -1881900 135
46300 -1235500 180
98700 -427000 135
-1009700 220900 45
-275000 509100 90
698700 -619300 0
-24300 -962000 90
295200 -133000 180
-292400 -1260500 225
-1101000 -336500 90
-211400 -203200 225
-483100 364100 225
1269200 916600 0
249200 -806500 180
1046800 1025500 0
1027500 -374900 315
100300 907400 90
996100 985700 315
901900 289700 315
-355600 633500 45
-1962500 -1405900 270
-1473100 754000 315
-826500 -1288600 315
1075100 -1515300 90
338600 -446400 45
-176600 887500 270
-1762000 869600 0
-896700 -1769500 225
1264600 -1025800 180
-1719500 1110600 0
-1453300 -1318300 90
-1290700 -63900 270
874300 -1141900 180
-931000 -1915800 315
729500 -1035700 180
-996600 409500 225
-727900 1064400 0
1189900 -1649100 45
664800 -1274100 180
-1049200 441200 135
-1893200 -973000 45
14600 -1763000 315
-1696900 657800 135
-1250300 -1800000 180
-1840400 -824900 0
378900 650600 0
71400 -911500 0
858900 223900 180
-116300 -136300 180
-831800 -549300 225
-399000 -621200 0
-80000 1158100 225
-992200 -1835900 90
-449300 -1949900 270
-1474900 1022200 135
-1661800 -275400 0
451600 -1804200 90
-587700 -519700 270
-339000 873100 45
723200 -1199700 135
67400 -400000 315
-234200 -1462900 90
-1721100 -802100 270
1015300 -1897500 90
52600 -1180700 270
-1374600 -1568700 0
-1203300 -565900 135
696400 -548500 0
995900 -1834300 45
-263600 642400 225
685800 737800 270
-180300 339400 0
354900 -362000 225
-1627500 232100 315
587300 418000 180
-741100 -948500 315
-687800 -1868700 135
-193200 850400 270
297300 -1215900 270
-1490200 177800 225
-1345700 149600 135
-100900 -229900 225
-1190400 570100 45
1228600 1161300 180
-1271200 746800 315
-209200 -217600 225
672000 -1095300 90
-265700 1150700 0
507600 511400 270
534300 -1710500 180
-815400 -1747800 45
-188800 -304300 0
-127400 -1403200 315
494500 595600 90
-536900 34300 135
-1944200 338800 225
-1630300 1015300 45
334000 1177800 180
574600 802500 270
-680300 -250700 45
-394000 -143200 315
-904400 -398400 225
-1507800 -1237400 0
-401200 389800 45
-1846300 -1303600 45
-696800 -1862300 90
1165300 -462700 0
-1017000 1148200 270
-1050000 530000 315
-1960700 -1407800 225
-513100 585200 45
-490900 647500 0
-1313500 733900 0
-1695000 1114000 225
143000 867500 180
100700 434200 225
-51500 -308200 180
1237000 -446800 180
-1410300 -1203600 180
-855800 160400 45
-572700 -1058800 270
379000 -928800 45
-1857700 -1157200 315
500800 -1826500 270
-1973200 -1239500 270
843500 -1850800 315
-701400 -333000 135
735300 -539800 270
404000 370200 225
-638200 15800 270
-257600 534300 270
-762800 -1517200 315
-664900 1177100 45
489300 -1082700 0
1241600 -1120500 90
-816800 1113000 315
919900 -656200 135
-1591100 -299900 315
-1650200 -602600 315
-1579600 774100 45
819400 -612000 315
-399500 -259400 270
829700 970900 135
476700 -790000 270
309000 -950500 90
-565300 -1750200 225
-825300 -1803400 315
-1096600 99400 315
-1445900 -1718500 90
1066000 -1969500 90
510700 -135500 135
1200600 397700 135
739600 774000 45
-484800 -821900 180
-1620200 -427800 180
-344800 -624800 180
-1877400 -287400 135
-346600 -1042900 45
411700 -868000 180
1219600 1081900 315
-1042100 102200 135
809000 618000 135
321700 292600 135
819400 717000 180
832100 544900 0
326100 -486400 315
-1418700 -102800 135
389800 -554000 135
-259400 -91000 225
1225000 -1567900 315
796000 -975400 45
629400 -1178900 0
-1470600 931800 0
924600 842200 0
-164700 -1019500 90
-1045700 -311700 0
-1371600 823400 90
-1391200 1202200 315
-1456100 1235100 135
-712800 -666500 180
-44000 -99300 315
-1804700 -328900 315
434400 559600 225
-1649300 -1354000 270
-525800 -1344600 0
-1385800 -1886500 270
-1022200 -1710900 0
-25400 -56600 90
168900 1177300 315
782800 -1816600 90
1025600 -1251600 315
-850500 681400 315
1272100 -1383000 90
47500 977200 270
292600 -614500 180
443000 -259500 315
1161800 -242200 135
32600 -450300 45
-1307200 -92300 225
-596700 -1428200 135
141500 461700 270
281800 -172600 45
-1989700 -1633000 270
-1878800 789400 135
-1511300 -1617200 180
187000 -1044600 180
717300 -510100 315
-41300 -955100 180
-87500 416500 270
1081000 -791200 0
-1874900 -78600 0
-1091100 -1355400 135
-573100 -1793700 270
-162900 -386500 180
1063900 -1385000 180
347500 1211500 90
-1454700 79000 90
-1550600 807700 315
-470900 317600 135
165200 1128300 0
590500 -295900 45
300 -1942400 0
-1762900 -1881400 180
-1635800 -17100 270
-465300 -662100 90
-894800 1236700 225
-1852900 -1957400 90
321700 3800 0
358600 715800 90
-500900 973400 315
-1199100 -436900 270
-116200 -1910400 45
-851000 -464700 270
-1957600 -1577300 270
-328000 -1705800 225
-925700 402800 90
245200 -1827700 90
580300 -1796000 90
9400 104800 90
-402200 488600 180
-1346600 484100 0
-899900 41700 135
-1695500 -1777400 270
1262000 -128100 180
-1513900 64500 180
-1439900 61700 45
699300 878200 270
-1795700 986400 315
-1078300 1172000 315
-103100 1234300 270
138500 -1204000 225
-1783400 -1042000 315
-1218200 -1501400 45
-1907500 -1955500 135
1123900 -594800 135
347600 403000 180
372100 875100 180
112700 413100 0
-557400 691800 270
-1324600 734800 315
-1850300 -1132300 270
356800 -308700 45
-1719100 -1201400 315
-140700 568400 135
-1602600 681100 270
349400 735600 270
-411800 597300 315
1119900 -729800 225
-237000 280400 90
484700 -52600 45
-327800 990800 90
-1821900 367300 315
504700 -1131600 0
-1875500 516000 225
-19200 1027600 225
-707100 -367900 315
-1654400 -662900 135
-1495700 454700 270
-209200 372200 180
240600 385700 225
-373200 -197600 315
658300 -1205900 180
-1853900 891600 270
1232100 622100 225
383500 868800 0
863200 -1879000 180
1253100 776700 135
951700 -225400 90
-1365300 303200 315
-1250900 -326100 0
418500 -424500 270
-439000 -783900 180
508600 -404900 270
-575900 -1324700 270
-1341700 109300 315
-1720700 -1560800 135
852500 -639300 225
40300 -949900 0
-1368200 -1841200 180
1172300 331500 180
-747500 -1764300 225
20800 -496800 90
540400 -1680200 45
204300 1275600 180
-656000 -1570400 180
438300 -402600 45
-1989500 1039500 180
-1661400 -849800 180
-89800 -181700 90
-1003100 743900 45
939500 -766200 225
-687000 -1759400 180
1014800 -1144100 135
-1462300 -1684800 0
1234200 -1690900 225
-785900 -1742700 135
899000 394700 180
-526600 -1224200 90
-1104000 -314600 270
227000 -1099900 270
334400 -286000 135
626400 -940400 225
1102700 965000 90
-235200 614700 315
-5300 -1448400 90
-1463000 -1867300 315
332300 -1279900 0
-1708100 210200 0
980500 -669800 180
-114500 907900 180
-1812600 1166600 180
-1294000 -1972300 0
616900 -1223200 90
1050400 -745600 180
-955100 654200 225
1272500 -1053100 225
210400 491600 270
-1402700 -1598300 225
869800 -1563200 180
-258000 982000 135
500700 -1148500 45
1105900 -1884400 225
-934100 -1116900 135
-969700 -371100 225
-1782100 -318100 90
1271700 222300 135
1213300 59000 135
1108900 -1561000 45
-1199100 589100 0
-68200 1009700 315
-249200 -580100 90
-854500 -1725400 45
-292600 -336300 45
-1648200 761600 270
-1241500 -1054100 180
-1366700 -1678100 0
-1309800 -1953200 90
1272300 -1217400 135
-701000 -1030700 0
689800 974800 90
1132700 -467400 45
-519000 -383100 135
152000 1069600 270
-967800 1237800 315
-1101500 -1086000 45
622200 -1180400 0
321100 -544200 315
1177000 -1361900 45
-355900 -1711300 270
-1632700 195500 45
1162600 873100 225
853000 -815600 180
407400 435700 0
1086500 98700 0
1071800 23300 180
646200 -509500 270
806300 -1182600 180
315700 537000 180
236000 -310700 0
-1237900 -757000 0
-1191500 -1486400 45
157600 -218000 0
-1440700 -724600 0
-399300 -1913700 135
-1125700 -827800 0
1018900 -709000 180
991300 -1644300 90
-1927100 167300 315
-1629600 492700 315
-159600 -1420600 135
258200 1201800 45
633900 -1203700 0
-1562100 652100 270
-1474800 466000 225
380800 68500 180
191600 511600 135
-1336900 -963200 135
802600 -1670900 270
-1452700 -1423700 315
633900 -1254800 0
-1207100 -96500 90
-937500 565200 270
-1441500 539500 315
-1695800 -1024200 315
-386300 -1157700 0
211500 -1650200 90
-374900 -636100 45
-217700 -988300 0
20900 1093400 90
334300 708200 180
967300 -1776900 180
-313300 76600 270
-1219800 1162700 45
-189200 394200 315
-1232900 1107200 0
1131100 -1784200 225
-1989600 -999700 0
-1837100 1139900 270
-465100 -1599900 270
-726900 -1072300 180
503200 -1426700 0
-1977100 -733700 270
230200 -1508100 45
760100 1261000 180
1186500 -1440300 90
95700 1063900 45
-1482400 -1991000 180
-491800 836900 90
892100 -362600 270
-1154800 -1574600 225
-117200 1151200 225
-1996000 633700 90
136100 -1224900 180
99900 524200 180
-207200 379200 90
1118800 352200 225
1072200 -1724800 45
-1782300 -1854900 225
-625400 -548600 90
-464700 -928200 180
-1736000 -25100 135
-458700 1058200 135
30400 882100 270
848100 -1598600 225
-456100 -751000 315
292100 -1170500 180
-583600 -499900 90
919800 -1763200 225
-1377900 -1627200 45
-917800 -1433500 225
-257900 -793700 270
-570000 -1458500 0
-304000 -1817700 225
-1934600 -178200 225
-1614900 -418700 45
-1927500 -735700 225
-660700 698000 270
818900 1169800 0
1272200 -1064900 315
142900 -1297500 270
-293600 -1966700 225
298000 262800 225
-470100 -231700 45
-876800 -1191400 315
930400 -86100 135
998600 -40100 90
-994600 980300 225
1219300 -1912900 180
875000 -236000 45
-140500 -1281000 270
566000 -1161500 315
646900 242800 0
-730600 497800 315
-470600 783000 0
1113900 702200 0
-1504900 -436200 135
-1656300 -28200 135
-1810300 -1863300 270
-1576600 -1847600 225
348500 692500 225
270200 -1744800 180
70400 -912900 45
924000 -1453900 135
-1700500 1001400 45
79000 -1238100 315
677500 -263800 315
-679300 -612400 0
327100 -222000 135
572200 -133900 45
700500 -583500 45
-517800 1258700 225
1262900 -1517800 225
-1250100 -1801900 225
-657400 -1045900 315
-1881800 -594000 90
918800 574500 315
-236000 240700 0
-1896700 909800 45
678800 575600 45
-358400 -1884200 225
-1916400 1163900 90
-1475000 -182200 0
-958400 -1361900 315
-1773400 -487300 270
-1728700 -391600 315
-1283100 1229100 135
-1411600 -1805300 0
1267000 410900 90
-1329900 802400 270
-1614000 -1400100 270
-868700 45800 90
-1556500 1265300 180
569800 -1922700 0
800400 -739400 45
-373000 -1609800 180
-1802300 -198900 0
-1078100 -143000 225
-1520700 -988100 270
-45500 -1334900 0
-182600 -363400 315
785300 434300 135
-151700 -135900 225
881000 1036600 225
-1958300 -673000 45
-1917200 931000 0
-1545000 -45500 135
-1572300 1049200 45
1239500 -178100 90
-167300 -1582900 90
968600 1008400 0
-23200 -1680600 270
-18100 1151200 45
-1993800 432500 135
-826800 -1576900 0
-652200 -753900 180
-1863900 115800 225
-1611000 -729100 90
-1098400 -660500 270
443400 -1930800 315
702100 -878800 45
429300 -685800 315
950400 1015000 180
479900 891400 45
-1570300 -1392900 45
-1532500 -990500 270
1047200 1073600 225
-536900 -1646400 135
723700 -404200 270
-259300 1114900 315
-1061400 -1836600 315
-645500 728300 315
-411000 -1355900 315
486600 -1316400 225
-1527200 -1107500 180
607200 -1475800 45
-1956600 -1557300 45
734500 580000 225
-1424800 -599100 0
-1164700 -1587700 270
-1144200 -35600 0
-889700 -1877700 45
-409600 40400 0
-870800 841400 180
-1434500 -593300 270
-910200 -1093400 225
-1326200 -1417900 45
-1648900 341800 180
604900 -1574100 180
796100 -86800 0
-1293400 761700 270
-1203400 -596800 225
729300 -1518800 0
-56200 -263000 270
1139800 136500 315
283000 -1039500 90
1176700 893200 270
794300 686000 225
688500 -1167600 315
-1997200 -1026800 270
206400 -181700 45
-809400 -991800 270
-1842800 -1783000 180
-1260800 -1655700 270
332500 -425900 180
-1761500 -810900 270
163700 -1691100 225
864700 -1825200 315
-1715300 919500 180
-402800 -1850900 225
-892800 495600 315
-131900 876800 45
13200 831600 45
178200 -1777300 225
451100 -59000 0
877600 -691200 135
831800 -465700 270
-525400 -1974600 270
-1085900 -1699500 45
-1655100 887600 0
230700 339600 225
-1833000 427300 45
134300 185800 270
-615300 -1080900 90
-1993000 -668500 270
-217700 -151000 180
-771400 1061000 315
-1495500 -1639000 225
-1354800 -392300 90
-671300 1205300 225
-295600 -1175800 180
-118000 -1569500 270
88200 1232600 135
173200 -57300 45
530900 711200 225
-1799500 -52400 225
382800 -1660600 270
488200 -1563600 270
-1217600 -1205800 0
1092800 -1189700 0
-1657500 71900 180
362700 -1978500 270
1195900 399400 315
927000 723600 45
-1228200 -1331000 270
395600 -674500 315
305100 -1757700 45
-1355000 -1082600 90
-1604000 -313000 0
270000 -669500 45
245100 -627400 0
496700 -871000 0
-913700 -1660600 315
891200 -1830800 270
-1264100 1006400 180
-1373900 814600 225
-1692900 567300 225
-1070200 808000 0
508900 -432900 270
535700 -792600 45
101700 -965600 225
287400 406600 270
-1822900 -343700 315
418300 -894400 135
-182200 -619800 135
-1270800 595900 0
-910500 1142600 45
-19100 148500 180
-1003000 375900 270
-1370000 1205500 225
-1876500 -97300 270
1242600 173700 180
353600 375800 0
-1414500 -1870800 135
1173100 62000 45
286200 -653000 0
-56400 -754400 225
-1546900 502000 270
-714000 1180100 135
-526000 -768500 135
-1459500 -651400 135
-998400 1189100 135
-1794600 828000 315
-1706600 -851600 135
166000 984500 90
1028900 -1210700 270
-4600 -1062200 0
4900 378500 315
131300 -861600 180
-659500 597100 90
-1093900 -1501200 45
810900 897300 0
-649900 -126700 270
-1888600 -130100 45
-431600 -1190600 225
-1281900 1023200 225
-1872800 964500 0
422700 1024600 180
-1566400 -1203000 45
-1357400 -605700 90
-369900 982100 90
-1503200 910000 180
-1193200 62400 315
-1499500 -347000 135
-815700 1085000 0
-656900 -216500 45
388500 944900 225
-1629300 701500 180
-568300 -1807600 0
925800 -712800 90
906600 757100 225
1088500 736500 180
-1999600 -665600 45
-558400 -1205900 270
-95500 -1068400 270
480000 1034800 135
832300 142800 270
-1475300 -151600 90
-331200 -1601500 135
963300 374700 0
1264300 -121000 135
-615100 578700 135
-82900 1211900 135
-808300 -1165400 0
946500 -759400 315
-1597100 -360700 225
888600 -808500 45
953500 -1423800 135
-414700 912500 180
680100 -1888900 180
-1648600 25500 225
729000 692100 0
105300 -1574000 180
699000 -742100 90
-1721900 -148200 135
395300 -1165300 180
-1185400 -492700 180
852500 1121000 90
-1344200 -1531800 90
1032500 -1805800 270
614500 663900 225
-664000 -1766000 180
-1048300 956200 0
-1552200 -1713900 270
-652300 -1486000 45
-1499000 547700 45
1085600 290400 180
-1709200 883100 270
-630900 482500 135
1208300 648100 45
168100 -596500 225
-544000 1212100 0
-1225800 -875500 90
403000 -1059300 45
949200 -1532600 45
966900 813800 90
538000 498500 0
-1734800 -1777400 90
-749600 -692500 45
701300 186100 315
-1786300 -1240500 270
1174200 -1329200 0
371600 -1415800 180
-1450300 -221100 315
-832500 498800 90
624600 -301900 0
638900 -1277200 0
-1416100 226800 0
-769000 835600 180
1023100 381000 225
806000 -1605900 0
-110200 899600 270
1238500 -1600000 270
-355400 -1640700 135
415700 -1919200 135
130200 762600 45
1160900 365000 135
-662400 -1429200 180
-767400 -1083300 90
-1782100 625600 225
-1741100 -189400 45
-1420400 -1046000 135
731000 841800 225
502700 944200 315
-1157400 1094700 90
150800 527300 315
1150200 1198900 270
468600 805200 270
1247100 148700 315
-590500 -854400 45
-1577200 -187600 225
-1396300 -1187800 315
424400 -1351400 270
-6200 -209200 0
1210200 -1428600 270
-328300 -1772000 225
-240100 -1699500 270
-1730400 866400 180
262700 -1722200 45
-1657800 705200 315
-296900 -1513300 45
734200 -818000 90
304100 443600 45
-1458000 791200 180
-28300 -782300 45
-686800 -856200 315
-711700 414800 315
-1157900 -1690700 180
-1975200 -134200 315
-1752000 -1806100 0
124100 -835400 315
-926900 -1799500 0
905600 -1096000 0
1130800 826200 0
697300 475800 135
-194800 -1453700 225
380600 -1766400 45
-646200 454400 90
-1867700 1191000 0
732700 -1383900 135
564200 939200 225
-1675400 1120900 45
-999900 235300 270
-907900 -1834300 180
-1194800 -499200 180
-1802800 -1339300 225
-676000 -1956100 180
705600 173200 90
-806400 -992200 270
-1762000 -137100 45
-1820700 -1007100 180
-1095300 -1932500 45
-1216400 315800 45
557800 -755400 90
-1090800 -1704200 90
-538100 -1043600 315
-319600 796000 0
411400 -1467800 45
-508300 -1268200 135
909200 -1625100 45
191300 -120500 225
1052300 -1704000 180
-1828000 -652900 180
-1457700 659800 315
-1472300 -1767700 0
1024100 958100 45
-490500 -1781800 45
130600 468800 45
-1694200 700600 0
-1569500 494000 180
1078600 571100 315
392100 -109600 90
178000 -1242800 90
-615900 -1951300 90
-1597700 -1021700 180
556000 -397500 270
-1665200 -1708900 0
-187400 -873900 270
-1812600 -1152600 270
412100 -799100 0
-1021700 -340000 180
-88700 -1194700 180
-1202600 217600 45
17600 863500 270
862200 -874800 225
758700 -884600 180
121200 -750800 270
718900 -957900 0
875900 507100 90
-213700 -512900 0
-1502700 -936900 0
61700 -500500 270
811700 -1952900 225
156000 1135700 0
-640500 -1711100 45
-262000 1231600 45
-350800 1234600 90
-1693100 -939000 225
-10700 -591000 225
-1795500 976400 180
-73700 325200 315
769000 -756200 180
1252300 -1298400 180
229900 -275000 180
-577900 -986900 270
-1537700 -1323100 225
705400 -128800 270
-1379800 -1153400 180
-2200 -120400 90
-1269800 -1418600 180
-261200 62500 135
-297500 -1989000 225
-1731700 266000 315
725600 -1725000 315
74600 175100 45
-1337300 -1096700 270
-218700 -1120900 270
-1982400 719900 0
-649300 -1993100 90
-743600 702100 315
-1562600 -1307600 315
-1106800 157900 180
432100 -240200 270
372600 1144600 180
-1126100 -106000 315
764900 -756700 225
-1696600 -1396300 225
-1906800 -1019300 315
608400 1212700 180
911000 -136200 180
-1493100 -1568600 315
1095000 -1467700 270
-1273900 98500 315
-380600 -1319600 90
-1789100 -1266500 315
-97100 -946600 315
-1448100 256400 90
-681500 387000 45
257400 -936500 225
-748000 -902600 0
785500 627100 90
-1636300 1077100 270
1103800 -1994600 180
-1638500 -1413200 135
416500 527100 315
-551900 594600 45
70900 -761000 180
-1112800 -696800 0
-1503200 -1681100 90
-1461300 -467600 315
302400 -385500 45
721500 -403600 180
1272800 -1336800 270
518600 435200 270
-304500 -1953300 180
-126900 416700 135
-797200 -830100 135
1223600 -1641300 90
1191700 140200 0
1021400 -1191400 90
-1334700 991200 315
-1561100 5600 315
-1911100 -1627300 0
-2000 -925000 315
579500 1066200 270
1032400 883100 315
-193400 1053400 315
1218300 -1907400 135
-1256100 729700 180
489600 -975200 270
-1937700 -1867900 0
-899900 1198700 0
249000 -1774400 45
-1457400 935400 180
1148800 -665500 0
-1675700 -1082100 0
-133200 -162000 180
-546000 -3300 90
225500 -66600 45
-1303500 270200 225
-752100 794300 135
-1611800 960300 315
-1408500 -200700 45
-195300 498600 315
-449100 146600 45
-1050600 -1326700 225
619300 -147300 90
383100 -1379400 90
-647300 785900 45
-430200 1047700 315
-430700 -17600 135
-1574200 -1653400 315
-1444800 -189000 180
-1791900 1143100 225
-1412800 1193600 315
-271300 -365900 270
813800 -948500 270
920700 -1796900 90
-751900 6000 225
-1696600 -380900 90
-1180000 -1632000 270
-1433500 -1269800 225
-1496700 804000 0
-1397800 362500 225
499500 -1748100 225
-1210500 -865200 270
481000 -1887100 0
399800 -446200 180
-1461500 562600 270
-1104000 -991300 135
-1196700 379000 45
-114800 933100 225
280300 1155700 315
-121000 682700 135
-1872400 -1922900 90
-99700 911700 0
746200 -714000 315
-365300 -1755800 45
1084500 149700 90
957800 1259400 135
-561900 1154200 90
87500 147800 180
-171200 -996900 270
-1255900 1062600 45
