67
449
-1678300 -833200
-1074900 822600
-1122500 -852800
608600 -973300
775300 1094000
-1213400 -1381900
34300 222500
-470600 -632200
-895100 -146900
893000 928300
449700 33700
-1771600 -438900
-560000 -1594300
-288500 27400
426700 -270300
-1870900 552900
-436900 -644400
604100 -1106000
837100 -685500
35900 355600
-939500 -619800
-230300 420600
-450500 -1162800
-1791900 -1792400
-1586900 457000
-996800 309800
-262700 -8100
-581000 -857300
136000 -1439600
-436300 40500
572400 -1702600
-1811900 -690900
-1141700 -1016500
-1908600 583400
-201500 -1376900
-64400 1187800
-334800 -698200
956600 -197900
-1648500 -1642800
311500 -269200
-832600 -1040400
-1941800 95300
475100 475800
-661500 -1600800
-1891200 -562900
928800 63400
-500200 806100
1220900 -602900
-361600 -1727700
968600 -306800
-1562200 -1361500
-184100 868000
-200200 -122900
-1459900 -603000
-141200 1193200
-1078000 1055100
-269700 549000
-1934800 -536800
1089600 -993900
-1429900 -406100
245500 105600
-1382700 -85500
-1984100 706200
-253200 -785300
-1526200 822500
-331300 777700
762000 -609700
-1941800 -1975600
-355600 227000
-944600 -515500
-1009500 -1611000
-897300 -1418700
-1843100 685200
-456700 -1486600
-1938500 -1878700
-152600 996200
19000 -262100
1058700 333900
-1740700 -257300
-1734200 -280600
-1818700 507200
-1756400 -517200
-997400 -627800
-1528600 398500
-928300 -425300
-280700 1265500
-1449400 -886600
-1763000 1100700
-1251200 -1792700
247100 -1732200
-966700 -1176300
-1776100 159000
425100 885100
810800 -293800
422700 -1875900
151500 1152000
1270600 1131800
1257200 -1071000
-171100 -1181400
461100 -1368900
924200 522500
-1739500 308600
-602500 1168900
-864900 303500
-1053200 -1389400
-1557200 669300
-128800 579800
734100 472000
876100 -352700
773400 614700
-523400 1077100
1097500 -240300
113600 50700
678400 -118000
-1865300 -295400
-970400 -969800
1183300 -778400
-526400 -342100
444100 821900
204300 270600
-838600 939000
-537500 -1247600
1049800 -1956900
178800 -1945800
476500 -1219600
1081900 10700
-1723900 -815300
-1052300 903300
-117600 1274400
-1181600 752200
-24900 -807300
1160300 633400
-1199600 -1520600
-1165600 2300
-1342500 -643700
-1274600 1089300
-504300 1062200
-680200 -419700
1097900 715300
-1937200 -1861400
-1975900 1142900
-893500 -956400
1007600 1154900
250300 -603600
-1112000 -914700
-1499600 871600
-370600 -537200
-397400 -1515300
-1026900 1205200
-1115400 -324800
-1110300 -203000
683200 -1146900
-254200 -1771100
1093800 -1969400
-124700 178000
-1958700 -1312600
-1437200 -134800
-716800 -215200
81500 1052600
596300 -833800
-1588600 975300
-217300 493800
-738500 1159000
-913000 18500
38000 580900
-599000 1208800
770400 355900
1105600 -1230900
-599700 -1656000
-1454500 -267000
-1426600 -416100
-633800 223200
275800 -1989600
6600 -1326700
-930100 1237000
1004200 146300
-573800 -1845200
-41000 794100
-910200 112500
-59300 -1154800
24900 -279400
672300 -1773800
-1293400 985900
448000 -1225700
917800 861100
-945300 -1868700
-285400 549900
163300 -725300
1039100 -1255800
183000 -376300
-400900 -745600
-1910900 -1723300
-678200 -1679200
111800 592300
663900 448800
-1912300 965700
-67100 -1435400
222600 -1620700
-1732600 103700
-1961000 -634600
-104100 -1217500
683100 698500
598700 -120100
708400 -1792500
-1578400 -1219100
-769300 918300
-1926900 945600
447200 -1388900
-1542400 -558100
-1441500 -369800
311100 -1796100
-1844100 -1443400
454100 431900
-635200 411500
-201100 1143800
-1365300 322400
-1821600 -1679800
-1272500 -555200
-142900 -604400
151200 -1329700
-484700 -1785900
357000 -1515700
-1219200 785200
-836100 -1067500
162400 -410700
682300 -1429200
-1033500 985100
370300 -538000
-1303600 -1086300
-76500 710700
-1574700 -549000
-688900 708400
579100 -764900
-1172900 409600
728900 -617400
-208300 -1681500
1274400 516800
727500 -999100
788500 -1735000
582500 -415700
904000 213500
-728600 -1000900
-1103500 -1520400
552300 978800
-1985800 811000
958700 -136700
432100 -1335600
-705500 -1130000
-1502800 -1886400
579400 723100
1231000 -1409600
-196600 644000
346300 -566400
-1980300 238500
1217000 1171400
89400 192700
120200 -409600
732800 144600
422000 -1500700
-49200 -313200
-1822000 -80500
-1234200 -622700
329000 887300
-38100 -1009600
-591500 -1801900
817300 -1562500
711200 786200
-766400 -1408400
-375500 -1357900
253800 889000
-1481600 -629100
-1501800 -332500
218200 -624600
-1121300 -1118300
-1358700 766700
-1311900 -1997000
-1349200 -31800
-17800 -1594500
510300 133200
-1713300 1259000
651600 -443600
162500 -920100
-151000 -1629100
-720000 773400
-1581300 -1354400
-422400 566300
-970600 854600
-1227100 -521900
21000 -1951000
1140100 -440100
-185600 191400
-962800 904000
-1411100 -1765300
-1349500 299100
-1852000 -1289800
-53400 -1404900
-742400 -917600
-251600 -731300
654500 -1406700
13600 -1299600
-992100 49700
-1518400 -194700
587600 -1029400
-525800 377500
-1955200 748200
-923800 897000
-1574600 -22700
-1132500 -457200
117600 -1347400
-844700 -499500
-1701100 667000
-337600 -414900
-1495800 325500
1220600 -179300
-84100 612500
379200 -448900
87600 285500
-31800 62900
-914900 -1361900
-1963300 -875200
-948100 -395000
1142400 -744700
119800 -1484400
-1800800 739300
-1498100 -1295900
-160100 1204100
797500 -1313900
858800 -1008600
-1915100 384100
183300 -802500
-970900 -1225000
-1804600 -43300
45500 163500
998200 440700
-1701400 -36600
598600 -1684000
944000 -39100
-78200 -1527600
-1232800 -784800
-797500 766300
-1470300 -748900
-440600 -1581300
255700 297800
-719200 690100
662900 -264100
-694100 59100
721300 -1001700
-15600 -891500
239400 596400
-955600 961900
59300 -1759800
-935200 -169800
-1961500 706400
-1660100 30700
-601200 672100
-355400 -1543400
-1871800 1257400
958000 -1818000
-829700 -1610600
-623000 -1990200
-1236200 -1039100
-1506700 -566500
-779400 -889500
-1964800 -1242500
-1557200 -677300
-1354900 -705400
976100 333200
597600 -1723600
730100 834300
-165600 -219400
-1453300 -53800
-556700 -1520200
-1805700 -764100
637900 -1377400
-1907400 696100
1193100 -53400
990100 -1258600
-1837700 -1452900
-83500 -1319600
-106000 -61700
-1324300 736700
-1702800 581800
-1011200 -1535900
-1874000 653700
-555100 -560300
-1475500 1047800
627600 -884800
666400 -1764900
-682500 908900
-1009600 -1208900
-1095100 309800
371500 -1604200
-747100 -137700
-758300 -452100
-300600 -982500
-1126400 -308500
-1902600 -495100
286300 1058100
-77500 -297500
-163800 137300
686300 -1003000
-1128200 -1751100
-1717600 -1279400
978900 958500
-1496600 994000
195500 -1340700
-1732800 -1383000
1258600 919700
-1736500 -66000
-104500 -1048100
67800 -104500
267800 894900
113400 226400
856400 1156100
1102500 -248500
-318900 -983900
819800 -1193600
-703800 -170400
-1409800 1044900
195800 -661200
-995900 865000
-885200 -879000
724400 -1255200
520700 1256600
-851100 -54000
-1200400 750400
574400 -448100
-1586700 -844500
1268500 1049300
40300 -1046400
1185800 -668100
317500 -1138100
-819400 -1730000
-1270200 -1226800
131000 280900
282800 -1544800
487500 -1279100
952200 -1285600
-954800 -992300
251600 -1018100
-547500 990300
-1581000 25600
-1173600 1242000
-372400 -805700
1077200 224000
-1617300 3300
160300 905400
-1000 530000
-1926400 169700
148
-460800 -1084300 315
-583100 -1197800 225
-1683300 176500 0
-492500 436800 45
-312900 984600 315
131300 -1546500 45
-728400 -1538400 315
949100 -1253400 0
-654800 -1156000 270
835600 -870500 180
-533700 -1942500 135
-754800 -1942700 225
261700 -1919700 270
-1376600 712900 0
584900 975000 45
-1118300 58100 45
-1241200 -320100 0
249400 -1866700 270
559400 -643200 315
-660400 -1885800 180
-1414500 -22400 180
-72600 1193000 270
-1306200 939500 180
-1952700 -370700 315
-1234700 32300 45
-164100 -257500 180
1128000 -211000 45
560100 -967300 225
-655700 -1887100 315
-500500 -1787200 315
-1724500 1161000 0
997800 1300 135
771700 -401200 90
-178800 -610900 180
-1079300 1260800 180
-1005100 388700 90
496300 -1683100 45
361200 -825500 135
860100 1261700 0
-188000 -848900 90
-1445400 -335500 315
-406700 20500 0
-843500 -1043900 180
-1673900 1001700 90
-648200 218600 45
-328000 -82200 225
363900 -1923100 180
-1594100 -561500 270
-1528000 734000 45
-774300 669300 270
-386300 -1678100 90
-422800 -924300 45
702000 -1700 90
-1350700 -1110700 225
330800 -431200 315
-792000 -1059600 135
-876200 573200 180
-1867300 178100 0
702500 -305200 225
1100000 941400 180
779700 102100 45
-208900 252400 0
453700 -172000 0
74100 1217400 45
-724900 -785900 0
689200 -304400 135
1203500 -277500 225
-1028600 -921200 315
-516200 -294100 45
1230900 -614300 225
-1748200 359900 135
-1833700 913500 270
1273900 1092000 45
-678200 666800 135
-670600 -252700 0
907200 -1937400 45
-1732600 -1303200 0
-1944000 -80800 0
-651700 -987300 270
794200 895700 135
132500 1209400 45
607700 -1682100 135
-887200 -1784000 0
1263600 -42500 180
73300 -1214100 45
420100 51300 45
306500 -1024200 315
621300 -1327000 225
871700 1199200 135
-644900 126900 315
-820000 -116900 45
-953100 -1685000 0
-1788800 -1521400 90
-364600 574500 180
-273500 -1473100 135
433300 1077800 135
-1409000 -415400 0
-1032500 466300 225
-42100 -791200 225
-51700 432800 315
50600 -1716200 270
211400 -1435200 0
-1715900 849900 270
-1006300 -1602400 180
-91300 -1168500 180
-549300 -106800 225
-179000 212500 45
-871600 -767300 0
332300 -220500 90
-126000 -496600 90
817300 -1952700 0
247300 -464000 45
574800 -296300 315
-1064400 272200 270
-160000 689600 315
455600 -383700 270
-872700 -1465300 90
-514600 -1321600 45
799400 -1838700 135
-4700 410100 225
1176300 -695300 270
-1112100 -1330100 135
748600 -223000 180
108700 992800 0
-1094700 377800 135
266800 679000 90
-371000 175400 0
-805500 269800 90
-1323100 -640700 90
-103200 -318600 315
-1319200 -626500 90
81500 -1761300 45
374900 -1246300 0
-1846800 -1660300 135
-1523500 -1083600 90
-1994700 405900 225
-335500 -1479600 270
1150400 313300 315
-659200 -583400 225
-841300 1090600 0
371400 -1634700 315
-1780600 -392800 90
-1268400 197500 0
79700 -1649200 270
-397400 -1806300 135
320500 -147300 315
-1824800 122700 0
685100 -121300 315
