22
1404
-347500 54900
-1995600 457800
397900 1014700
196600 -896700
801700 1005300
-1116000 -1205800
606800 430600
754100 -925400
112500 951500
351200 1224000
-1895200 -787800
-1689900 -1507500
-505000 -1916300
-1164600 -530400
1600 -1746500
453400 -918900
-1231500 163200
-1017600 127400
-300300 -1214900
365100 -142000
-25000 1240100
48000 -1380000
-1383300 594900
-1357100 781800
634000 -1899200
723700 -567400
463300 658100
958400 256300
-1125400 571900
-543500 714800
1016300 -1268700
-1897900 -402100
617100 -364100
93700 -1047300
-400100 78800
504700 -1918400
-690000 -1785300
-84800 604000
-491600 -1052700
-559400 -1772400
314100 -234900
-626000 -1902100
646200 -1503600
-908200 -1609800
-1817300 560200
778000 -1326300
769100 -1631000
-1768800 -1136700
-1411900 -1235200
-811200 1199900
-1225600 -943600
168000 -1434800
-303000 643300
-1692800 -382700
37800 119200
-1473000 -1313600
-1467100 962900
-1085900 -100900
862200 -1182400
1120600 194200
-615100 -149000
-809000 -1900800
1187400 -1018300
163200 -1531400
-1948300 402100
364400 -1869400
-311900 630800
239300 -1989500
900200 139700
-1985000 463900
749900 -167100
-832900 -1933600
97500 -727400
-1628200 1064400
555400 -1196900
402500 -1675000
43600 -470100
609900 569600
-1843400 29300
1274900 -1531000
-24800 129300
856500 769700
-1235800 806100
-343300 -1863400
-1719800 707800
-1754000 -1780100
-575500 -1990900
-596700 569700
-1141500 -1890600
-255100 1200800
-318200 -166900
-1820300 287400
-128500 -34200
811500 1212200
1181600 -1383200
274100 660400
922600 -635200
870800 583600
-508500 -215500
-1310000 -873200
-821300 -918800
1176900 1170900
907300 -1232800
-1390900 -967400
646900 171800
-1829800 17900
-1290600 932200
302800 -1056900
732000 810500
-1457700 -1466600
618400 -675900
477000 -1250800
-391700 -1189800
305600 -1028600
-682800 -1309800
-1060100 -371800
-19600 1107100
-1153000 -1955900
725500 594300
766100 1138800
337300 887600
-1692500 604600
-1381800 -1229800
846200 -1275100
84900 999400
-1205000 972300
442200 1099200
-22900 -1986900
173900 -1549700
-1247900 711600
-522800 -431300
61700 28900
-779300 -1191300
-627800 606500
-1804900 -377600
-1920100 -70600
-1769000 -1755000
1233000 -401600
900100 768600
-1507900 -747300
817500 -1249300
-298300 686500
-1413400 534900
-1800700 -1083100
-919100 829900
-1228800 854500
-1557100 -1166500
-235100 -819100
861800 -123600
730900 1067200
-302400 -541300
471400 16200
57100 -654600
1161900 293000
1005600 -1113500
-192100 -1389400
-1863000 -1880200
-912900 -233400
50700 -1577600
-823800 389300
-1781800 1223400
-660400 1106600
-1525900 373600
367100 953700
1186200 -1823400
594300 -1709200
-980400 -1921600
-468300 1198400
587500 743400
-1444400 -469200
-1826100 -887900
-415200 -99800
-768700 -831900
1022400 405100
515500 -248700
-1558300 -176800
-1651800 742000
-873100 -200
-933900 -831100
-1036500 1127400
-1373300 -33900
-396700 1074900
289700 931900
-1986400 -1537500
21300 -1723500
122300 810100
-1290200 -1475500
498600 -1866600
331800 1240600
-558800 -1656100
-549600 602400
-586100 -371100
-893100 -219900
-227700 -554600
226000 951400
534200 499500
320100 954500
-1908600 -1341100
-1681600 -1992800
1100 -1633900
708300 172600
-844500 1178200
-400300 -1598700
3100 -106600
-180100 -311600
1077200 -742800
113800 1254900
289000 680900
-996100 -1984700
-668900 -1819800
-803600 -732500
-1716900 -1668300
-830400 -588500
-638100 44900
-1741500 -125200
1079100 -622900
594700 835900
-1527900 1061400
-1658100 941700
159800 397100
-1772300 -1023700
-750500 -908600
-277300 -367100
594100 -959200
-1300900 962100
-1172000 -1679900
285100 -1584400
-147400 -1096900
59100 -556700
-143000 1230700
-778900 -1634300
-1836500 -1572400
-222600 507100
581600 988600
-499400 -563900
1084800 -121100
-1762400 -424500
77400 449000
-717400 1135400
1187600 -935500
1003100 310700
-1019300 -1193200
-1518100 338900
1109200 -1596600
192700 1162800
-1011000 -1683700
829600 -660000
-668000 743900
503500 -1289800
1132800 -1685800
-1678800 1203700
948400 313900
-1871300 1240400
-457700 -518800
311000 -1023900
982400 295200
1046100 142100
199500 -1315800
-881400 -1928200
-749600 -1960300
-1075200 689300
-860800 611300
-57800 -251000
886100 186100
617200 806000
-1255900 325300
391800 -1898700
-747800 -1135400
-1669200 -268200
-127600 -1004900
-1716000 397500
222400 740300
-614300 543300
-689200 375600
-1791200 -1322500
-641400 760200
1037000 -21400
-894600 1143600
483000 742100
458600 -1091400
112700 -1668700
-1719600 -1972500
-1294900 -708600
105800 987700
-1853100 -75900
-288300 -1376400
-980000 456200
482800 147500
-1269900 884900
-612600 -147100
-1168100 310500
-1982900 -1853800
354100 270100
654700 -402800
334400 1113900
290300 806500
1134900 -1509900
1022400 -1087000
-126700 -1526200
-880300 773700
-969300 -578700
673600 -1898200
-981000 -1592400
-1883500 5900
660800 -179700
-81800 -255800
-1974700 -1230200
-306200 -95700
-595200 -1190700
-1306500 -964600
1167500 580200
676500 -1591400
-1851400 1216000
-1886700 745500
1189800 100600
-211000 607400
-1967400 -1612600
787900 544200
-1430300 982000
637800 268000
-920700 -1436700
84700 -497000
-107600 606800
357500 1097700
-408300 -1321400
928200 -653000
-1387900 -221200
-33300 -908200
876200 -827700
50000 -1885100
460300 -284900
386600 -1939300
907000 -453600
1053700 -662900
-1526900 -552700
508300 -649100
-131900 887400
-1238700 -1314500
-782200 186900
585100 -1469700
1190600 -1033300
-1625900 523100
-1360000 268800
1118600 -1133500
-1747200 689200
638000 -1179900
-720800 335500
516400 -1000000
-825400 -1648000
-1113700 1076600
41800 -899500
-1925600 688800
1229600 19000
1068900 226600
1128800 -648900
-992300 577400
74400 -1954200
-1876800 -619400
1181700 1254200
-1409600 -1239400
1025000 273200
-70700 932600
-247100 -651600
1113600 1202200
-386100 -628800
1224000 -646100
-1452900 -393700
-1709400 -373500
239800 -1701900
-1286200 610500
-1842700 861600
-1135500 971000
819800 124600
406500 -607800
126000 -416200
-1997700 -1733800
-848200 -1732400
945600 -651000
1223000 -1661500
1167800 908100
-1953400 -99100
-1686000 969700
-397400 -1725700
888900 -196700
-598100 624700
-520800 -299600
-268500 -1427800
-1827700 -1539400
323800 -1135300
-1405400 856400
-295900 -418500
-248100 -1383900
1126900 852200
-152400 -1101100
266200 -187900
999900 -624000
-1001900 -202000
-242800 -279900
-496600 -110700
378700 45600
92600 -1925200
1010800 738600
-592800 365200
-444000 90200
910200 318100
-1142200 897100
-1894500 -60500
-985800 -493100
1210300 383200
-957500 1237600
525000 643800
-1015000 -394800
-686000 -1797600
-1537000 -666200
-1666300 327300
-845400 920500
-714400 668400
646900 516400
1082900 -1339500
417900 -1739300
499900 -10400
505800 17600
585500 271400
-1150600 -900300
-910900 -1670000
630400 -1707700
-399800 -1370500
-1893700 -217900
1267300 90800
141300 365300
-33900 -337300
942100 -1817500
-618300 -1952100
-1304500 -795800
-661400 -92900
-508300 220900
-835900 -779200
-736000 -1176500
-195800 1112200
371900 572700
-122100 -1277600
-149700 -1523500
-1118600 -959600
-598600 -166200
-549400 -107000
363800 194500
-1044900 -1108500
967600 -842800
-1621500 -1200300
-1565800 351500
-903300 -1631900
118900 -1423700
-875600 -1363400
381500 -1977300
-1236200 642000
-526500 -985200
1010900 -1680500
-1811900 475900
270200 -1761100
-1314400 -1848500
437600 1152100
949100 -419300
197500 -68700
-934400 -196400
-299200 963000
-443300 1056700
-762000 -941300
418700 780600
-1800800 -1855200
-1030800 -1574300
978700 1239200
-68800 1085900
-1203800 -282700
98700 -198400
-373500 62600
-341100 -1855900
-154900 140800
131500 -614600
-728400 -932300
-321600 1098800
-906700 -1416500
-1827500 -1479300
-844800 -1914700
-158500 -355800
-366000 213500
-338300 945200
645100 -349800
299300 -1197100
-1754200 -1758600
-100100 -1379100
-123900 -559700
798700 -1592400
-1282900 -1031100
-885000 572700
-1178400 61600
-1250700 -793400
1004900 -1903000
-85500 -122900
-1246800 -970500
-831000 -451500
-1005500 40400
232500 42900
-975600 96700
463500 -969500
-31500 -1669000
-1844400 -796600
1179600 -1224000
-1362800 -721300
248000 -970900
-1203500 932200
-1273500 1041600
106100 -1414500
-1072400 -1330700
277800 -745400
-1551200 -159100
513900 62600
550300 -1340300
-1852000 113100
1167100 1168100
-1636300 544000
169800 431700
-1600500 644200
933100 -1881500
867900 -441700
-47900 997400
-234500 -1644200
-622400 1058300
-922200 -1119000
-1665800 -1251000
1004000 714900
-829200 -609200
766600 -780900
891000 -334000
397900 -900900
-471500 -901000
-175300 582500
482600 995500
581000 -1135900
321300 -1561800
131700 -212100
-1228800 -1720600
-972400 668400
-1598700 83500
-1122100 -1797200
294300 -654900
250700 -1408500
-916800 748600
-1851200 68500
-1243400 -616900
557300 -1676700
182700 875600
-1104700 -1873900
-1863500 -965600
1065900 -283200
1041200 -1649600
230800 -1026800
-202900 -52000
-165100 -586900
489600 -989000
774500 -322000
-1802500 749400
-854800 427700
138700 -1924800
-1233200 848300
-1685800 -28000
-1552200 -789600
-114000 -1977900
786000 449200
-934900 -602800
-810600 -672100
-1252200 668500
-254600 1137400
-1558100 1251800
-1421500 -657200
1016000 -344200
813100 -1655700
690900 -739500
-1492600 761900
-1751400 -439700
227800 -1739800
-672000 -400200
137500 10800
-817000 -632000
-1068900 182900
-1754800 -337700
532900 478900
-561200 -702600
-1413300 -1062800
-1178500 -300
1172800 -1241000
-856900 -1798700
-352700 810400
-1088600 290300
-1149900 788400
-333500 1207700
-1806600 576900
435400 -1006300
-1720100 -922500
-869300 -1719600
1203400 -1747100
-642400 -31800
540600 -499700
-206600 -1106000
1273800 -122600
648900 -162700
117900 -657400
1098700 -1694200
-738000 -958000
-746600 -1296400
379000 -1472800
-1949200 -56800
-513100 -1848700
-852300 -1836000
-1671400 -1857800
-1979100 -1121300
423000 602300
-1597000 -263700
902900 -621500
279600 -1517000
549900 96500
-766500 416700
713700 -400000
515700 1272500
-303700 -147300
431300 -1521200
-284400 -1345500
679100 167400
-844600 -539100
-1596700 -318700
-1123600 -960400
1211300 -350000
571400 -1468800
86300 948300
-274000 -74600
-1399400 -1989300
319800 750500
-1411000 672900
-1877400 -1860100
-1907500 -504200
-956200 -1310400
33000 -399300
-272100 -605200
-1043100 649300
131000 -1659800
14100 -1154500
-1791000 429500
-1812600 3100
407900 -1812500
-1844500 -1684500
-1913900 1055400
-474900 -1654700
-734000 -1817500
-1674200 -1175500
307000 227200
-1683800 -601100
6100 -705700
1073900 -1939500
-300000 -924400
1186000 1079200
123200 194800
-1887800 70200
858300 1074300
-1392200 268400
22700 906500
-1660600 -1060700
28700 -491400
-1496400 1276300
678800 307000
204700 -1073500
-1461800 -1878200
-367400 -1503800
62500 595800
-1111000 -1037000
-1391400 -596900
-204200 -1207700
-1827200 -936200
-1189500 498700
1218800 -161100
-464500 -1578900
837600 -66200
-1313200 -625700
-538100 -1319000
-1947900 -315600
-650600 395200
-1693600 1040700
164100 570200
999100 -1499500
-1976700 -13400
794400 142600
-1599900 -1090700
835200 -1401100
1205400 557700
541600 -166000
-68800 -1032700
-1454200 -88400
-948300 86100
-603200 -1265200
-183200 -1205900
1198600 479400
1230600 12600
-1307300 1235000
-881600 37100
-1391400 -1230600
583800 -122600
-127500 -1283100
713700 -494500
1034500 -322400
1093900 -1079600
611900 339400
605900 805800
279500 -1995300
-1250900 -1909400
-457700 -1304900
940600 172000
-1624100 -1614800
499300 -811200
-255000 -1862700
-1142200 -1079800
-1003700 -417900
-613800 1142400
1186500 917200
327900 -71500
913100 -1148500
872600 -32800
-1521600 284500
-7500 1249600
59000 -6000
-1208700 -1030900
346500 213000
-903400 -35800
189500 -1122200
-782900 -305700
-1281400 -510600
-744900 -280600
-621000 -1137400
511500 -156800
-1157300 -849500
-1732600 -982600
-1774800 419000
-1646400 -1853200
-975100 499000
1087100 -426700
272300 987600
-628900 -346700
-1370600 252400
71000 -1300400
-1903600 -1475600
776600 -1513300
-1704100 -791200
-124100 -1516400
762200 -1266600
-1735500 335900
-1071600 -1785500
-1473300 -1009400
1067800 -230300
-766500 -520700
-544400 1095500
24800 -1569700
542500 291700
-1264200 -1183700
-85000 -1662700
-487100 286200
449200 -1909400
71600 817900
32900 326700
-21300 1194400
-1890000 -1038500
-1888500 -1113100
-149200 -1086700
-1760700 -1107700
-1611300 -231500
710100 -1381800
-875300 -1806600
-812800 576600
1004900 -1865500
-259600 148300
-1229600 -171500
-682800 -1096100
-271200 -736300
-119600 573600
1082300 -1396100
-1485400 828500
5700 235900
296400 56900
-1109300 -1942900
785200 1145400
-691300 924800
-1964600 -1488300
-463000 302100
648800 -959700
-970100 -1057800
18000 -749900
-1533000 -460400
1072100 -1334500
-1241700 -1901300
1035900 -66300
747400 -1085200
681200 295600
-839800 890000
-158900 317200
-1243900 -1706700
-593200 -1554600
353600 -1883700
899600 571500
1071100 -1169400
-376900 58900
-946500 -1767400
-1467700 17000
1149400 -1879000
-495300 509500
873100 -1873900
-851700 -457700
481800 -1136600
-1738200 -669200
-1372600 179200
-348300 1156500
1028500 -1724600
146600 -26300
-1439200 249400
663700 -1879800
-297900 854700
846900 142100
-529900 -1001700
-1144500 -1745400
-1994300 -1216900
-1134600 -1076900
89800 521200
989900 -1492600
612700 -1386200
-883700 1048600
-1304000 -1719900
689200 -749100
-390300 -783100
-1090700 -1369700
-1966300 768200
-150000 -671800
109100 -373400
-1080500 -821300
-814000 -1399700
-662900 -1937200
-1241700 742800
-179300 -1673800
767700 827000
-1720400 954500
340900 889800
967100 -1164700
166700 -431900
-1308000 -429300
381900 -1662000
1122900 524900
110500 591700
-964600 999400
-708600 788600
1240000 436600
896500 -1402300
-342100 -1271200
-1104100 -776900
-547100 -35500
1224400 -1214700
452000 -357200
1017500 1145100
1229400 -713000
1075600 -490500
559900 -1003200
-1729200 -1304600
-1198900 -1237700
88100 -1715900
127800 -1598100
-324600 -564100
-1483600 732700
1255300 -1805600
830000 -1996000
-665400 -1439100
1090800 -1367700
289500 -1664100
-1388200 -1097200
-409300 670200
288100 -728300
-29300 1045900
-1859700 -572400
182800 -647700
34200 -343200
328800 -115500
-187200 -1625100
-715700 -222700
810400 262900
704500 793000
-1357100 -1343000
-135900 -900500
1202500 -943100
581400 1063800
-1697800 -1747900
-1564500 38500
-1779200 -963500
-811200 -1789900
995500 1225400
-1209400 -1344900
-501800 -205100
430400 -753600
-615900 -332100
-1708400 -1248800
-1784600 -674300
198800 887000
47800 -1356200
-852600 465100
-774500 -485700
-1323200 -355100
-155900 -1051000
-1199200 -893000
-1925500 -1068900
-1698100 -936300
358400 -60100
-1252000 787000
-1884400 -857900
502300 975600
-1810500 -505500
-978500 -867200
178900 -1678100
1204500 445200
220000 938100
1274900 -1709300
843800 -1617200
-1781800 783900
-1664200 716000
809000 292300
-687400 -592600
670700 -517300
-1376800 -585000
305200 -616000
-221700 1043300
1166200 768800
185300 86000
-605400 -296300
-543400 1031400
-853700 -918800
-1057400 423800
-619600 599400
-1673000 696900
83200 -999800
37300 -1537300
179200 -1259000
1091000 1019900
337700 -458500
-484200 -1318000
-690500 472500
-1759300 -884800
278900 -1478800
828000 -1139200
-517800 -1471300
-1672100 -1770600
-208500 607000
606800 279500
-1421900 -1686500
21600 -1513900
-892200 -435100
-567300 -1330200
-1942100 -1287100
-1018300 1148500
-1589100 236100
-1737700 -1487200
312100 -468300
57200 184300
-514000 -1673700
182600 -1745200
-1771000 -490600
-1235300 454400
-411100 -74100
1104700 -1129500
-420600 -1977200
859600 266500
470400 -1159600
-1109400 -271500
1018800 474600
-1920000 552500
-212900 207300
1250900 -1856500
184100 1154500
-1632100 -1927800
945100 -1354100
-355000 -831900
7200 -722900
-845000 -1313600
-1223900 -583900
936200 -419800
-1307900 -953600
-1257600 -1727600
30900 664300
-1165500 -1505900
-1875100 298800
-103000 93400
44700 -982500
-183300 -1449200
1224100 -613700
-887300 -190000
772100 -1136900
-1334400 964600
-1768200 299600
856500 391700
-1897400 -899100
-1344300 979000
928300 -13300
1095000 1224700
715100 -34600
1018500 116200
250700 295100
-916800 735400
-1449200 427600
-266700 -824400
-1949700 663200
-1905900 -575800
-1128100 -717200
-1973900 -1804400
-1701000 1051400
-1634100 32000
-1169800 -74800
702400 101200
343100 -1270700
-1349100 -1714300
-593200 -852300
-1302000 -1622100
760100 -1420500
-188000 267800
-1538400 -710600
-1724800 1199500
538800 874100
637600 873900
-1061900 1131200
-160800 260300
1201400 -709800
-1020000 -1275200
-544500 478400
-1537200 -1001100
-304100 -1003400
-1779500 -1618900
55700 -1740000
-433500 -1366300
-1555500 -895200
-603600 -140400
168100 1207000
601500 991200
1055200 -1532400
-1345600 -1609600
-1377300 2800
995300 -1362200
251900 -1389800
-141900 967000
-1012600 271800
1038400 -1811900
619300 517400
-246500 708500
569700 -1727200
-458300 -1851700
798900 -1446600
-1881200 782000
-1980000 -401100
95400 -62800
669100 1006300
132500 -585600
-633500 -1032800
-283900 -344600
744000 -1387600
1128900 -1749400
223500 -261700
-798700 -74500
343000 -973100
-384600 -1985800
-631000 1077900
-851000 -795800
1085000 -555500
-769000 1131700
-14000 -1364600
-1975000 1164600
-676400 -1048300
-354400 -1618000
-154600 -1261100
-1168900 -1726200
291500 -1819300
-662800 -1446100
-80300 232200
-1838200 -1621700
-1753000 -626100
418300 -468900
-1337800 -341400
245500 -729000
1268400 303700
-875600 -892000
-1836900 131600
266200 -288900
-887500 -1567500
-1986400 -338000
-752500 953700
-775700 1025100
-1341800 -1241000
551100 127400
-1379000 752600
1184700 -714900
-861500 -863200
1190000 -1789700
1170200 1027000
-534700 835800
-1088600 -1060100
436600 -433900
-1732900 270900
919000 -1091300
1002800 -1692700
-973900 1171900
549600 -1661000
-165800 -202000
1035400 1074700
700900 -1953000
660800 1220500
-241200 294400
144600 -1545900
651500 212700
295400 9300
-1949000 -1703800
280600 -1001500
-1055800 909900
-27400 -565200
-1308600 553300
-1718200 -5600
-388000 931700
686900 927400
930200 -1947400
-1619300 -1415500
-1313400 598400
1054400 -798600
-188600 796000
543100 24000
493200 -1305800
-217400 -1092700
-1423900 897900
685400 131600
-52600 -1631000
189000 -1073500
176300 -1648700
-505700 918600
-330400 340700
383400 12700
836600 989600
186100 412400
-345300 -214500
-1394200 -263900
-1229600 -1356500
-1515000 -725400
-1178700 20500
611800 944000
-1608200 -33500
862700 1274500
-1391500 382700
-385300 970700
190400 857200
-1048600 1064700
-1209900 900500
875000 917100
-791700 -833300
-1566900 -1418400
-1386100 822000
-815400 -1043400
-1328200 -15100
825600 747600
-11200 829200
998100 434000
-542600 -1601300
422900 645400
-386800 -891400
-539700 -1116400
-1841400 -1294600
-331500 -299300
-465600 938200
633100 54400
308700 1266300
361100 782500
96200 -806600
-658100 470100
-393900 -398300
186500 -1562800
-1789200 1137000
-331200 -833200
-1490400 832200
1126800 -977100
786200 -86200
-1828800 9900
-1886400 655000
257400 -1345400
879100 -1116500
-1359300 -1963500
-98300 -1949300
-1024500 881500
-1504000 318200
-582100 -1025000
-282000 569900
1170000 -1271600
502600 1063200
-860100 -146400
170000 538200
332000 -254700
-354900 -1562400
1258800 -491100
-1134200 822100
-1796200 -962400
-1782700 -178000
946700 -326200
-1640600 -1592800
-737200 -1418200
1007800 -113200
264400 -78300
-1516500 1152800
698700 735500
464900 829300
-837400 -426400
561100 -917800
823200 -1119500
-46100 251900
-1637900 14800
556800 -1659800
-302700 1244100
-258500 -888800
1004600 867900
661600 -143500
-1470600 -576500
-1865300 245500
-31300 -148200
-13300 -1922400
1122000 -420700
1221700 759400
100 -395600
413200 -229400
982100 -1666500
-1384100 1200800
-706900 -1469900
-1894100 637400
-29400 -1601800
230300 -1235300
-666200 -1558000
12500 -1616500
-491200 -1600800
-266400 566400
406800 -494700
-187700 -357400
386400 -505900
-963800 -1997000
-849300 -1131600
-1488900 1097100
-1936100 -707800
-1219400 507500
1268800 -467600
870600 498500
-316100 -709100
708400 898600
242100 -28700
777700 -1732700
531600 -384600
-1030100 123800
689800 543900
-1846900 -496900
-1411300 720900
-305100 -357400
1178600 486400
-1752400 19300
-1972200 -1049000
13600 774300
-1258900 -1409400
-121100 -997400
-1629400 -1110500
-1383300 1177700
-1280700 845400
-1176600 -1025600
-1198400 -91800
-1467400 -1705400
441100 -1003000
-190100 -391400
1252900 -493200
-1153500 -244300
-1947600 -1329600
1070000 -1487700
-847000 341100
-1703400 -1847600
-218900 -1251500
597300 -1030300
991600 1274900
919000 -1354100
97200 652300
1177800 -1564900
226900 -1326600
803300 1111500
-204300 -1630500
1084400 372800
-330700 1212600
-1613700 -924000
-1363000 -1615600
-73800 292200
-1407800 -776700
-865700 -1274100
-135100 695000
-7100 -1592900
-1725900 -19500
1165200 -996700
389400 -98400
-183900 -402500
-241300 1144000
-1974200 -1674200
-599100 -188900
-390700 673300
386100 651900
-97800 -1560500
-798100 -1039600
-1074100 985300
-1074500 472000
1170700 -1149200
-1742700 -513000
-359100 339600
-520300 930500
-849000 -1778200
-601500 24500
1151700 596800
1052100 -1271400
-1478900 -548100
415900 -1160800
902300 1128400
-1005700 -1524900
-1878600 -1215500
-194300 652100
233000 1235700
-1670200 -1585600
-534100 -1737800
-1988100 933200
-829000 -297700
-363700 -498400
919000 -1070500
715500 97100
-177600 -1967900
82500 -1496600
472400 999300
1235000 -1553200
-1295200 820500
-210800 1169500
571100 1151900
1018600 -1919100
789100 151400
408800 -231900
-1397000 74600
-582600 -1343300
-456100 -275100
-800700 184100
-902900 580000
-1386600 116800
-1649400 73900
-1747900 273900
-1521300 -420000
764800 -728600
1197100 572900
-614100 -1878700
-1912600 131200
646300 -102700
-1133000 -1418900
1086800 703500
-418800 951200
-2000 309700
-225200 -1175800
774100 198200
-886700 -547600
984000 1003000
589700 249300
-886200 -148000
-60600 -1537900
-1576500 -404600
-1770700 -327200
-173000 937800
859800 244900
283200 -710600
624400 -885600
-1561900 -48900
-184200 934300
1066300 -1918300
210200 434500
-713600 -676200
-465100 -1518000
-152600 -1957300
-1382500 380000
-1459600 -1113300
-1160800 1016000
695200 -1377300
644000 -851900
-1248500 848700
-890100 -435900
-1241100 197100
442800 -471800
-759000 -1198900
-308500 168700
1170400 -1809000
-749200 -99400
-1634300 -99100
-1378200 706300
842700 552100
-1050100 751600
1108700 -1690100
-1313800 884100
-1808100 -244100
953900 -1509100
-774100 -1803000
-863800 -460700
-1308200 928300
588600 -659900
1042
-714100 -1098300 180
861800 -629700 90
515400 275900 270
-892200 880400 225
-396200 113600 225
-1635400 438600 0
-1578400 765300 135
-837200 -443400 135
376200 -1553500 270
-191600 -64600 0
-84500 163100 135
-1141200 -1630600 225
-39600 -1132300 135
1187200 558500 0
-1698600 -1684400 180
-1534200 -72900 180
610300 412200 315
174000 -426200 225
-1649200 -621000 90
-298300 -1316500 0
1200200 655600 90
-359000 1158300 315
-1312200 78000 225
51600 -1466500 270
-1365600 -522600 0
-488700 -1227300 90
830000 755300 270
-1897700 -1663000 135
-113000 372000 270
-220200 778900 315
-1501000 -1032300 225
776700 -252500 45
-896900 -623100 315
-146600 485400 90
754100 -885300 270
-1220000 -1670100 315
353100 -803300 0
662500 -116600 270
-35500 1132300 225
-553000 -764600 270
1146500 -729900 0
1249800 -1913800 270
434900 -1539100 315
-1894500 -1241900 45
913800 -640400 180
-437200 -1971900 225
-963100 748600 90
81500 -745700 225
-1284100 179000 45
-1011300 -1857900 45
893500 87700 270
677100 -1249800 90
-1486700 -684900 90
865100 -364900 180
791200 1104100 270
-798100 -218300 45
-638500 -1270700 135
890000 -643800 180
260000 927700 45
261800 -1548700 315
-1303700 -843800 270
-844000 -1124000 135
825700 43600 225
-253600 -1753100 45
-817400 961500 270
-867500 -225500 45
775700 -1135700 225
466600 -222300 45
-1863900 -114900 90
-1230600 -629500 0
-1796600 -1237200 45
-821600 1140100 0
-852300 506900 135
-1804000 -513100 45
-1819000 -1546700 315
-224100 -609500 180
-1298600 -183300 45
974400 -110700 270
609800 1180800 45
942500 -1651200 135
525000 -228500 90
615200 -1178500 0
-632600 670000 270
-64600 99800 45
634000 1221100 180
-1875000 -1511800 135
-1208200 615600 180
115700 -1475800 0
-916300 -1238000 180
-303600 -1411000 270
-522000 -380200 225
-1638500 -1896700 270
1051600 993100 315
988500 -1309200 315
-1250500 -363200 0
-1040600 959500 135
1005000 704200 0
-1141700 -903900 270
377800 -681000 135
621200 -1512900 90
1051200 -1885900 90
947000 -1942500 45
270400 836700 0
-56700 -992600 0
-1758800 -1587900 0
-1385700 1208500 45
-1595800 -1883000 225
554300 6700 180
-1522300 -1752400 90
-1855500 -1535300 135
449800 -1988500 315
-820700 -1347000 315
-1646600 385900 135
348800 -369400 90
379900 -257400 45
125400 -1700700 180
-876700 -916800 0
552700 -1230300 135
-741500 518900 0
-74900 -187000 45
690000 -1660500 90
672100 1171300 45
-924900 -1453900 90
195800 975500 270
484700 -972500 315
508700 -644700 90
605400 -935200 315
283700 -656100 270
828800 671600 225
-707600 -817800 90
-130000 1194900 0
-1742500 -1117000 180
505600 -248500 0
813500 -1109200 315
-936300 710100 315
972900 -625800 0
343100 812100 270
744000 -804000 225
313400 -372800 315
-315500 -1598900 135
-1463700 -682700 0
-1356700 -304200 135
-1863300 -1246600 225
397400 -1974700 315
-1044500 -1594700 90
140800 738200 270
1219700 120800 270
-97700 77600 135
-1658200 -1179400 270
-639700 -1233300 225
1080000 -1273000 90
-39600 -1437500 225
-1430200 1243400 270
-1169300 846200 180
154500 342600 0
-264700 -1025700 45
50900 -386200 0
1242000 513600 225
495200 -1071600 90
-44600 935100 45
-479700 -1882800 270
798800 -361800 180
74000 -424000 180
-1774100 167600 270
706500 937500 225
281800 -1224700 135
-537200 852600 45
-856700 -1360300 315
-1129800 890100 225
-350300 -1901800 270
352500 -472800 270
-1029500 252900 315
140300 1239300 90
-1325000 205800 315
-1322100 372200 135
-1983100 570400 180
586700 -1492700 90
-1232200 1186500 225
-312300 -1012300 270
481200 387500 270
-933600 -98700 315
607600 555300 0
-1258100 -1010800 45
-803100 -789700 180
-1725700 -111100 270
-881400 61000 0
1054700 -1263600 270
63800 -1555600 225
-778600 -621600 45
-1375400 -955200 0
1224400 -888300 45
-1591200 -146000 270
-722700 -1411000 45
567100 -1056500 225
-953400 298200 270
-1893700 -402300 0
-999800 1191200 0
-271300 -1595500 180
-1333400 -259900 225
-1194300 -550500 225
-1599100 123700 225
329200 -1839500 135
-1245700 -1441400 90
-500400 -534800 90
969100 -947300 0
-539000 406800 270
-599400 -883400 45
-513500 255700 270
-443600 556700 0
-1614000 -1108300 270
650200 1001800 45
-916300 -1210200 180
-1510100 -1381000 90
-1011700 169700 225
-1289300 1061800 315
808100 -666900 315
132500 -1737600 180
31000 136300 225
626000 -1793300 225
271700 508400 180
437000 -1673100 90
-336500 -1106300 90
1195500 -1218100 180
276900 -255400 180
351600 -454600 45
-833900 1004400 225
-1366800 288800 0
-1961200 -961700 90
-1020400 134200 45
1271900 -1016000 90
-698300 -1591400 90
-1320800 865200 90
-1708900 -1545400 315
-1948100 -1497700 225
-459500 -1615500 135
-1634600 1102900 135
-1605500 1006500 135
687100 1222700 45
-217800 349100 270
69500 571400 270
59200 -394500 270
1253600 473800 45
-344800 -1364200 270
-1231700 -546800 315
51400 1199900 0
767300 710100 135
-227300 706900 90
-941100 -522600 180
-749300 -1185600 0
165500 1266800 90
-1769200 877600 270
-1267300 1066100 225
-722300 -155800 180
-300 1240300 135
961200 -333900 90
-1993400 666800 135
1049700 185600 135
543800 -1229500 135
1191600 673300 0
723300 -1591600 180
653600 767200 45
-1060800 -1045300 315
-408800 454200 45
-1595300 -1635600 270
-771800 841800 90
-1979600 393200 135
690900 -1687000 0
-1501800 -1545200 90
-688200 -932200 90
502800 812700 315
-1825900 -1115200 135
-772600 -1852800 90
1066900 -999900 135
-98800 -1681000 0
-683700 -1608600 315
-1400200 -1952600 315
329500 865700 315
842800 -765100 135
-412100 -476000 135
-1033900 -117600 225
-1380000 -817700 0
-1777900 -756600 0
297200 -35700 315
-342900 625600 0
846600 863700 270
291500 1223100 180
-52100 -502000 225
-1925800 -903200 135
1009200 -1827100 45
-1079800 449100 315
-239100 222200 315
-1687300 -1041400 270
446700 -360000 270
-1670000 546100 45
-91200 -1074300 90
-1455400 224600 45
-46400 878200 270
-1014200 699400 270
697800 -1426300 135
-1165100 -751900 270
478600 -1586600 225
-1201500 1124800 45
-1645300 -1347300 45
620300 -864100 180
-394000 550900 315
68700 71500 45
-517600 1138200 90
202900 -1873100 90
-1128000 770900 45
-869000 -132100 225
1243600 -1604700 90
-85600 480100 0
-713900 -1255300 315
-443200 -1438500 270
657900 -566100 0
-15000 1026100 225
109500 -1578500 0
-338800 1046100 225
-267600 -1428900 135
-1953400 1033600 180
1198900 -535300 90
-1551900 13700 90
999500 -1372600 180
-1373000 -6500 0
1030400 -41900 135
230500 -53800 0
-498400 -737800 225
582800 -1967700 135
540200 451100 180
-198400 -1562100 270
-1435100 317700 90
872200 -566000 45
-1654800 1045700 180
482100 -1934500 315
-301000 -412300 270
-1000600 -447400 135
587600 1255600 135
1044800 -858400 180
514200 -1163100 0
1208800 -1976500 45
-1803400 895300 270
565300 691700 0
146900 763200 270
-1066500 895200 315
349000 -1379400 90
-202300 -687000 225
211300 898500 135
-783600 -1115700 180
-1721800 -513500 135
-1027800 148300 270
765200 -260900 180
-310300 -937900 270
642000 -1347700 270
106000 142000 180
-1029300 -220600 45
-1061100 -1127700 90
-1785000 -1524100 225
614500 408700 225
-232800 -367400 45
371300 -549300 180
-884800 -88500 135
-576000 -1947400 90
362000 -935800 270
-1163400 -428300 90
-1114600 -760900 0
-904600 1160300 0
456000 908400 90
-132200 -1617700 270
423900 -147600 270
-1055900 920600 90
7800 754000 45
-1467900 677200 180
513700 -1955300 180
-1286900 300700 225
409000 -477000 45
528100 445500 45
-1036900 -1606600 90
1228600 463500 180
367800 338000 270
-588800 -1298000 225
-465600 -1977500 270
828400 -1518900 225
-906600 -1414800 90
-863100 -1432900 90
-307200 -1378700 270
-1579100 -891800 180
-1920000 -1340300 180
-918800 839200 225
610800 -1396200 270
473100 -854500 315
976800 765600 0
1237400 -1271400 180
-1586300 -1925200 135
188100 -415600 135
-436600 1084500 315
-655100 -1725300 45
1211800 -1522400 0
-248900 786100 225
1024900 1116400 315
-180000 856000 315
134700 97400 45
-186300 -157200 135
-652200 693400 225
-1799400 529000 135
1172900 -1042700 225
-1287300 1077900 135
-1538800 -39700 45
294300 -1858800 225
167500 -613100 0
-317600 -147700 180
-226900 1207700 90
-1364100 -241800 0
1198800 1203300 45
-255800 -215600 225
-531700 -193900 180
-3000 -1927500 270
37000 721400 45
1129700 614100 135
-31700 1002000 270
-1830000 -637900 315
137100 577800 225
-738500 434200 315
-1001500 -603500 0
876300 -362000 135
-774500 -1226300 225
1254700 -1329200 0
-14000 464200 180
-1533400 -1235300 315
853300 1070800 225
-527600 938800 225
678300 1273200 135
-351300 -1209400 225
-1205500 933900 90
-27200 -953400 270
431200 -65600 180
-1028100 -95700 315
-1506600 643700 45
889700 -634900 135
-561400 90200 315
-1973600 -760800 225
502300 -1887500 180
924800 745700 225
861500 -1946000 315
793600 -613400 225
285200 -79200 225
-1471600 -1520100 180
-1039100 828200 45
246900 -927900 135
-1862100 -1787600 315
-312300 681300 45
234600 354300 315
1158100 -929500 90
-1763700 -1817200 135
-1824400 -765900 225
-1595800 -1902700 90
1181500 -910000 90
394400 1028200 0
-1389800 -346600 90
-595200 -1236000 315
-1891900 -959100 90
-414900 -399700 225
300100 -427200 45
839600 -1553100 0
1068400 79700 0
85700 -231100 135
-880200 544100 135
-886800 677700 225
-1113100 -816800 270
317500 216600 270
756900 -1430600 225
796400 488000 135
994100 -1141300 0
1115600 -624300 180
993200 -1269900 270
25900 -548000 225
-759600 -471200 180
53400 -1723500 45
-1546100 -668600 90
69800 -1638800 90
-1215000 -524700 90
-1656800 -797500 45
-1240500 758400 225
-1732900 1016500 315
-825800 -628300 180
-679600 -1587000 270
152400 846700 0
-637300 -1276900 270
-1585300 242300 315
-1181100 -954600 180
-1826200 -806200 0
-615900 -1533600 270
-540900 -1566300 135
-1124800 -142700 135
-537700 -1568700 0
-1471300 -1180900 180
161400 -797500 0
-808500 -972600 180
332300 -1332900 180
-1685600 -507800 45
-1453600 76900 90
1073300 -1832100 270
-1155400 -666700 0
-1136500 1012000 225
1004600 -1634700 270
1209500 -107500 90
-695400 -1904000 315
724500 -1485500 180
-277400 180800 225
179500 474600 225
-742700 1061600 45
890200 -1771700 315
-1292000 161400 45
-221200 433200 270
-164300 1168000 315
519400 -1620100 270
-985600 1004100 315
940500 -1465100 0
39000 1255200 45
916500 -864500 135
-410600 -608300 180
-717800 -1396100 90
-586500 -619100 135
-1277200 -301500 90
-284400 881500 90
-115700 1181900 180
-795600 -230400 135
-530300 -1975900 315
485400 161300 225
-820100 -401900 135
236800 -271400 270
-1809000 421900 0
1111100 -925800 45
-1841600 -1631000 0
701000 -465700 180
-1327500 803900 180
617000 -1182700 315
-1958900 -1880300 225
-1345100 -1269500 90
374300 -893600 135
716300 -607100 45
32300 991000 90
-860500 -372200 270
-1609300 -1017800 0
757600 -1574400 90
-375500 386800 270
1232200 1106100 0
849700 -1412400 135
204200 -516400 45
340800 -805900 45
977000 231600 315
981500 -243700 135
-466300 -918600 315
-1931700 669200 0
-1377100 1177000 90
9100 232400 135
-1366500 -1453400 0
189400 -260500 90
236100 -198800 45
-1570300 809900 135
-34000 97900 315
1173200 833700 90
-1161300 -915400 180
-589000 -1398100 90
-805400 548700 225
-1506400 -1760200 225
507600 838800 90
853300 -1711500 90
35400 966000 135
28700 808500 270
-1334300 -605600 180
180900 -539500 180
-19300 -176400 270
-1326600 957700 315
-1957900 -1946600 180
-1755700 -1541000 180
43300 1086300 135
-331500 -713300 90
-1909400 -1357900 0
182200 -1125900 315
-1724300 -1788800 180
1011500 1138700 315
-1981600 -1940000 135
-375900 290000 180
550700 -1729400 90
-654100 -1882700 45
-1248300 1141400 270
-210700 -1238300 45
-1471100 -1970100 135
336700 -1648100 180
-1545800 -1471400 135
-1120100 -1899400 270
727100 -876700 270
1071500 551200 0
-477100 795000 180
-122600 -80600 315
1077800 374700 225
-1138000 -1420500 180
740500 -1128400 90
-1644800 1004100 225
385300 -1298200 90
537800 66900 180
-939100 999000 0
-1415100 -1268900 225
1111700 -1091100 225
-1866100 -1667700 180
924400 -126500 0
-1556200 331500 225
-850000 -1729300 270
-247000 -903200 45
-1238000 549800 270
-47100 672100 90
1151300 -1358100 270
-417700 -1334700 180
1063200 -1186900 225
-938800 -275100 315
-688300 -1111900 135
-1215300 -1327800 90
-425100 1260300 315
-1601400 -1821700 135
1001000 709800 180
565500 -57100 90
-1950000 -257200 45
-111700 -235800 90
-739300 318400 90
-617200 -1691900 270
-777000 1239800 270
-1994400 -1923800 270
1217500 -965300 0
-983400 289700 225
-937300 -400000 135
-614400 -611700 270
437200 -1284900 180
818900 -425900 315
-332900 52200 135
1092900 271100 315
435000 -1307200 315
138000 1005200 45
-1897800 -695100 225
-867800 1002000 45
-1692800 -540500 45
1051700 245100 135
-1407000 -630900 135
-1167200 -217500 180
-347500 285400 45
-1070800 -719500 0
-1185300 522200 180
383100 -391300 180
-36900 -721400 180
-60900 -1308500 225
970300 -882900 180
-38900 -980900 90
378500 -534500 180
807700 985500 225
-1598300 1193600 90
-603400 -1432200 225
-465800 -96900 135
1223100 -1320400 135
-1748100 -1050600 135
-723700 802400 0
-92700 -1657700 0
-1597200 1097600 0
-1844900 -327300 270
1194800 -454000 225
-117000 835500 90
176800 -1803500 315
413000 -1510800 0
616100 -1475600 45
112900 -726300 135
-451300 585200 315
-1983500 906900 45
-673500 -567100 45
-1333800 719200 270
-484200 -1653200 0
-414100 -379100 270
-717900 -518700 225
268100 705700 180
-1655900 762600 45
-1899300 -1546500 0
277000 772900 135
1019200 756600 180
1141100 -449500 45
-359100 999000 270
-717700 -534400 270
103800 -1662200 90
688300 -1945300 180
628700 1142600 315
773500 -330900 0
-117500 344000 90
-67600 -1848700 315
301400 1158300 135
-148000 366300 225
700 -1834500 180
-564100 -1167200 270
-837500 -472600 90
-93200 311600 45
-663600 -1968200 90
-752500 -181900 225
-1947000 395600 225
407900 -1312900 225
-1685700 -1195600 0
752500 -1386100 225
1018300 -79800 180
193800 423500 225
-977000 1085800 180
-1018800 588300 45
568700 -1854100 0
995900 689200 180
-1060100 -1202000 315
88800 992300 45
936500 -1783900 135
857400 54900 135
-1360700 1052500 135
-1222900 1088200 270
-1053900 -1040600 180
-1766600 -1378900 315
-374200 -578200 225
-475300 935500 315
1037200 -1636800 315
-292200 955300 90
-437300 523300 225
12200 -1773600 90
-664300 867200 225
-316200 -212400 225
357700 -296500 180
947100 1257700 270
-1583000 113500 0
349700 -197400 180
332500 -650500 225
-1800 233300 0
-725700 -1099700 90
957300 323200 45
-955300 45600 0
1275000 12200 180
-630600 -1348800 315
-1501800 -1774200 180
-904900 -711900 135
-1938400 -487200 225
471800 488900 0
904700 -1304900 135
722800 -1934500 90
-436100 1229800 0
1247800 -623100 90
-164700 129100 270
-265500 866300 45
395100 -1668900 225
-929500 309700 315
-802400 -212900 225
953300 -409600 315
-395700 -145800 270
951400 -1305200 135
592400 -403400 225
-1247000 -983600 225
741800 -1127900 225
-748600 -219100 90
-765100 -268600 0
-878400 -1066900 0
-1816400 -146800 45
544800 -384000 0
-328600 -1303300 180
-1225300 419900 180
-826400 254200 0
1036100 -887200 45
-11700 641400 270
-960600 535800 90
-1665500 -27300 90
179200 -81600 90
-292400 -517900 0
-478200 301200 135
-21300 -765300 225
-1672000 1237900 0
-272400 -460300 0
125100 65700 225
-1583300 -439400 180
1254400 -1261500 0
349400 -323600 90
-969500 590700 270
-1509800 1153700 225
301500 -1872500 270
-1483400 633300 0
-1175400 324500 315
-369900 -1753200 90
159200 -1341900 135
140000 -1399500 315
-1446600 644700 135
-545200 -1480400 315
771100 -1522100 45
-519500 -1492900 225
272400 -284200 0
-807500 -690500 225
-1193900 8500 45
447100 231400 90
-1958900 -156200 225
-1873300 -843400 270
400000 -1537200 315
-986500 1049000 180
870400 -855400 270
-1327200 344300 45
-808900 498500 180
-1666800 287700 315
-1413000 -1037100 180
-545300 -944400 0
-173800 408200 225
-1304200 355100 180
768200 1133900 0
1264000 726300 315
-1636300 168800 90
1134600 -62400 0
-1272000 311500 90
-3900 -1766600 270
-248300 747800 90
-402400 -249200 315
368600 1159000 225
1275000 -348400 135
189400 -1437200 270
490600 257200 45
985600 92200 225
-1907200 617700 45
-1834100 -313200 135
-1368900 -1377200 270
519600 690900 180
-1393300 1142700 180
-1968100 499600 135
848900 374000 270
-844900 -808400 90
-458700 1234300 45
1083700 -193100 315
57900 597900 135
-160800 -650400 135
-1106300 -198500 45
442600 957100 270
867000 -702300 90
-1226800 -366200 270
-903200 17900 270
927000 165300 45
-447500 -805200 270
-996700 -1063500 135
-691800 -259500 0
-1722900 -1782600 135
-200100 -1840200 315
-1327300 -193100 225
70400 -350500 45
1190100 -1004400 135
-194000 -70700 135
-1110000 -316200 45
-649100 1156000 315
1034700 -769600 180
-618900 -413200 135
-837600 -1710500 225
-71400 525700 90
-1083400 -1543300 315
-1314200 231200 45
-867200 -1448000 180
582300 417700 270
-1759200 810300 0
1199100 928500 315
784700 -273600 90
879100 -585700 45
353400 -1677900 270
-895400 -738200 135
361000 -594000 135
-1429100 397700 0
-118300 -905000 315
-432500 1004200 45
207500 -186000 45
-433200 -1648800 315
970500 -1728400 180
1276200 -1689100 0
295300 -975300 315
-171600 -1727200 0
-1393200 1053100 45
-618800 703900 45
-368200 -1451800 315
-1521300 838100 225
-1342600 -1046800 0
296400 -1673600 180
84100 -1903600 135
-1806800 -50500 0
1152100 -1282300 270
-24600 722800 225
225300 -863500 90
-264300 -1379800 90
776000 -1459900 270
-1120900 1129900 315
1218600 1154300 45
-862600 -1144900 45
1191800 1173400 225
693700 -294800 315
-757400 -872400 180
932800 -1804800 315
-1145200 1166000 315
-797500 1212600 135
-419300 -1099900 225
247600 1012300 0
-1526000 -221300 0
-1326200 -648000 135
662000 -26900 225
-419500 -1420400 180
-600800 1193600 225
80400 877000 0
-438200 -1549500 90
-33600 -1904800 270
-1294500 972800 180
-1488700 106700 180
17200 -1023800 0
-405400 -1024100 90
-596000 -976900 90
-541700 -425200 90
-901200 -74500 135
-1447100 -122200 225
739100 -1129600 180
1034300 528500 315
-869600 -327700 135
172700 295700 45
-1677600 -713200 0
-1042800 38300 315
-1940800 -1976700 45
1090700 -1721700 315
554700 -943300 225
679200 351400 180
-1683100 -1956200 90
-173400 539200 90
612800 1262400 0
635400 -1563200 180
479900 -1250400 90
-393800 626700 45
-1074100 -1443900 0
-1978000 676200 90
-1169800 273500 135
-814700 414100 180
-965500 1164000 225
-755700 1157800 315
833900 -1126200 225
-166800 1082100 90
-333300 615700 225
1250300 -1981600 45
-837500 -52400 45
-707600 -466000 45
952300 -242000 0
-529800 -601500 225
195800 200800 45
874100 -1664900 270
-1542700 -1230900 225
192300 -1573000 0
-1691200 -94200 90
-1324600 -419700 0
-656000 -1080100 180
-821200 -126300 135
-119000 -323200 225
-153900 612800 0
-1706600 -1006000 225
-1901300 -756200 315
-559600 93500 135
-984500 -1957500 90
-76000 239500 45
922800 226300 270
-1230300 1203400 0
-1424600 -1674900 45
-869000 -1959100 0
-401700 764800 180
881100 570300 45
-240600 -1246700 315
-476200 -880300 135
-717600 893300 225
872400 9200 45
-767100 -620100 180
1048200 -144000 180
701300 -1350300 0
599900 12200 0
-1945400 -105800 45
927100 584300 135
-254500 996900 180
366300 -1440100 225
-1260000 -628100 180
1262700 -1993100 90
510900 -321600 45
1113400 -461400 270
564700 -1203800 270
-1376100 1089900 135
314000 1198800 45
-190300 -1697400 270
-1669300 -1943900 90
-1887300 -522800 0
-1400600 -1403900 0
-1586200 -1242500 315
-1990800 425800 0
1018200 -1401100 135
-1904400 410800 45
-725000 10800 0
-1223100 -152600 90
-1276300 -1918200 0
986100 1242700 90
797600 411600 0
735600 66600 270
616500 -1852300 0
1221000 -531600 90
-1001700 -374700 180
939100 -1655400 225
871500 -919700 0
-1328400 -1059600 45
-1047700 689000 270
971600 -821200 90
332400 -198000 90
210000 -1339900 0
-838600 -751600 315
-1466200 587400 270
-1808600 -34900 90
648500 -1004600 90
-1288700 1241800 315
-614600 -1270000 135
878200 -1509700 180
368600 -1056200 135
84500 527200 90
-835400 -707600 315
-1095400 -489600 180
148500 -95000 315
-1486900 316600 270
925300 -510100 135
-1603100 -1007600 270
527600 295100 225
-449800 83300 90
-1751600 1205500 135
-920800 -960400 315
-1357800 -258900 180
38300 -961700 45
-398700 -542600 0
-1112000 209000 180
44900 466300 270
368900 99000 0
864500 157900 180
-1101000 -813100 90
-881400 -1609400 180
-404800 -86700 180
-1919000 -1749000 225
274600 1138400 270
-1975500 707600 45
-1307600 -1987300 0
-222200 -316800 225
-319200 -1292900 270
-1862900 204500 135
-424600 826000 225
-156200 -1368100 0
1094700 -927700 0
