500
1806 2287
2004 1781
1918 481
2192 2587
2758 1307
370 1509
672 1052
2873 33
955 228
2 649
1816 2011
266 127
972 1086
1431 811
1048 1234
2129 1312
1621 1601
2848 1428
794 1510
627 105
2901 2776
249 595
1452 807
2921 718
266 1782
1427 1625
2000 2443
1289 788
335 2470
1541 830
2676 2272
392 1398
2834 1929
1809 1209
1042 559
130 2058
1948 2707
979 1206
344 599
2549 1644
2488 2042
2986 374
2249 2507
128 2295
2190 2298
1372 1747
1662 2811
698 295
1063 604
2834 1450
628 651
2586 440
2341 1962
132 2841
1854 1831
470 1802
2047 617
1313 2214
311 687
2303 337
164 1603
2780 1401
1159 1580
1502 2072
815 2755
1972 2977
1055 1978
601 1610
410 2469
2873 1195
2025 74
397 1816
801 1912
876 1201
1688 1643
2759 2214
2290 452
2482 402
2587 2512
1472 1638
2514 2573
352 2079
2337 1904
2245 1559
402 1463
1929 491
1652 1861
1469 2402
981 2391
2706 1136
660 1201
1924 2093
757 2490
3000 1557
2390 707
2004 1297
226 2043
1178 1061
1780 237
796 1394
452 728
2891 175
2070 107
2552 2178
735 74
2938 68
1536 636
686 2508
2402 1399
1964 710
1032 441
2921 441
2666 972
2762 2967
1689 2717
1746 2072
1826 359
1669 193
2393 961
2969 95
1341 285
2543 277
398 1150
385 1866
1704 927
2322 1662
2522 2432
44 2609
189 1205
2733 2821
1419 249
2044 180
975 2000
1764 984
243 2954
2253 2495
2995 901
1569 1292
846 1357
2335 1179
2035 369
2373 2223
856 1812
2380 2187
317 2892
555 2145
2077 1674
1849 182
1456 2600
2513 972
27 817
396 78
21 1104
1656 141
1010 1833
2300 333
2435 575
2248 942
2331 2157
660 1435
1452 1247
45 2717
2551 514
1537 390
2013 660
2086 2078
1415 972
118 668
663 1385
35 1078
293 1295
2506 1336
2077 213
912 111
2508 971
1319 1977
1404 2038
1093 1539
2512 2225
1694 988
1520 1748
488 960
1616 1008
2077 2687
1050 786
2014 2855
2118 173
2388 2309
2781 233
2412 2275
729 2176
1999 1310
623 581
2181 2108
135 187
605 1038
1496 1223
2075 291
2834 1931
903 190
2960 2899
2492 1230
2174 2560
1352 494
2524 2162
2895 2445
846 2890
316 2051
1968 2258
867 2665
384 2955
2040 2206
2864 1752
1517 1698
1082 704
681 1357
1323 621
1447 2436
2935 471
2504 1739
1928 805
1316 1644
1249 647
584 418
1693 2486
2306 1458
239 525
2197 2032
2704 1066
1082 328
127 948
2469 1964
2967 2677
446 1198
1649 128
2918 1763
1261 307
251 1881
1836 1914
842 509
1701 503
1482 1205
707 1311
2271 174
1470 1692
1625 1316
1758 2727
2019 2425
2112 2064
2652 1498
80 2407
2882 1165
195 845
1839 2414
287 595
74 2539
541 100
728 1879
819 925
1885 1899
1291 1461
81 1536
2545 33
813 2997
1389 2091
1542 2299
528 1626
382 144
800 1393
808 486
1063 13
2990 2836
2404 617
2186 1434
872 1879
147 1856
1184 2757
976 1843
566 2275
1032 2085
68 645
459 302
1044 1521
2377 778
2039 1502
2482 81
891 176
2996 2854
1643 2703
2615 836
1700 2403
2620 546
2811 27
1668 2860
2956 547
2312 1430
67 892
2555 1224
2973 2271
1277 1261
2029 2516
2256 2678
1008 779
2471 646
1496 2311
1338 2520
2647 1865
564 102
990 1271
1353 922
1081 142
1015 916
2464 819
2839 489
172 981
1466 2149
2021 1329
121 1253
2945 1930
1492 2143
1122 191
2272 2929
839 1596
213 2503
2676 1036
1059 1134
1609 1257
204 274
2465 694
2129 2292
2036 688
2026 114
1940 1902
661 1765
256 181
2621 2907
49 670
1920 2492
424 95
1770 2118
1977 1179
163 580
226 285
154 870
193 875
2106 50
1710 1601
2006 2952
2084 988
2018 1670
493 1014
602 1590
2968 1599
1868 2134
817 2036
132 1676
1408 1865
606 574
132 38
1110 672
1663 1490
527 2195
1635 612
915 2572
1423 2405
2958 2164
1773 1324
1911 1235
1726 1406
2046 519
2215 19
2417 755
2884 1807
2191 1951
1820 10
1015 2525
529 2997
2986 624
4 788
1472 2001
2304 2520
2049 1696
1692 207
1716 1488
304 68
1465 52
78 847
1190 79
2694 1028
1040 1016
1533 2629
784 2632
1367 1651
2150 2249
1066 1396
368 632
2987 2253
2213 2698
658 176
674 1112
1841 2361
1210 633
2653 2979
994 2976
1801 1100
1355 815
2299 1004
2028 2075
123 1500
795 2718
2302 2602
1477 2731
1622 586
1959 2829
1316 670
870 748
120 1876
475 2662
1204 1560
336 134
1055 1903
2443 1404
1923 418
86 1540
418 1413
1260 1906
1004 529
1673 164
1761 1297
1874 2270
121 572
626 641
571 245
772 2002
265 422
1913 2119
710 1381
2685 1064
2723 2843
242 99
3 1811
746 2700
2706 962
2256 1194
358 2984
1382 2431
1278 2182
2211 2665
2026 2678
1962 46
2152 812
2144 612
663 2760
2543 1330
1308 1661
1016 2918
2278 1906
2259 2724
989 124
1496 1926
256 524
1253 2703
1018 1239
1858 2059
2717 1904
225 2655
1686 419
663 1902
458 840
584 1478
2287 1699
2360 1793
308 1733
912 587
2704 413
148 584
212 1618
1821 2730
2353 2658
2019 2665
766 235
2336 942
2988 2621
318 1664
1554 1219
937 2009
1560 1715
949 2396
2786 364
2409 1153
1451 669
638 26
2360 29
1039 2656
558 2524
83 712
2213 1531
1171 2004
2685 2692
1898 1421
