300
681 764
151 169
515 887
880 947
674 418
80 95
358 843
603 258
737 429
945 521
954 135
296 25
425 638
679 870
935 254
391 298
566 774
280 275
540 699
920 144
660 963
342 496
1000 966
469 857
785 426
93 148
74 970
427 827
385 648
386 549
564 62
914 470
89 580
768 864
708 991
940 546
751 194
332 131
262 426
999 470
179 616
710 659
286 692
205 86
571 440
161 964
141 93
595 955
751 196
488 761
723 97
125 572
251 178
777 475
851 491
954 995
216 824
86 621
807 98
418 621
984 726
254 430
577 652
168 673
906 466
626 540
314 545
134 434
61 276
509 748
557 772
836 438
316 380
827 82
610 656
62 96
749 519
549 70
10 508
107 929
571 1
732 786
232 530
301 253
798 679
934 178
397 132
822 394
351 710
903 106
224 289
606 352
647 925
236 226
604 828
557 666
679 244
934 773
988 913
963 529
936 877
295 955
677 310
558 102
52 269
125 766
406 323
724 756
379 551
615 456
806 183
932 152
24 197
463 51
641 750
394 613
608 126
413 802
991 768
165 917
809 79
351 89
993 282
295 642
774 100
289 860
89 399
322 299
324 899
595 184
484 766
818 706
601 47
946 398
690 105
971 305
397 460
805 114
787 620
410 872
48 309
707 225
685 908
497 131
949 951
973 687
889 143
717 918
93 22
920 701
148 647
507 586
517 295
550 363
407 189
626 745
605 477
945 883
376 603
20 56
658 517
817 85
457 203
727 679
654 2
142 354
29 854
251 724
992 30
961 369
232 573
976 617
443 468
599 113
440 308
337 328
870 532
184 657
343 993
481 328
34 234
320 809
753 649
943 795
831 617
779 884
398 753
166 281
276 179
161 213
440 43
632 318
125 288
707 627
929 428
555 527
586 794
672 467
763 355
472 463
640 629
793 669
591 640
908 324
148 69
169 489
964 702
822 512
624 845
387 295
414 418
999 109
842 792
317 747
525 757
728 35
944 143
421 707
996 80
585 240
289 164
264 936
623 164
505 775
748 829
535 118
757 272
65 230
728 901
686 14
59 305
809 201
453 332
130 255
609 849
58 639
320 786
662 824
48 715
748 350
475 160
35 833
203 968
482 424
824 828
779 181
879 381
753 231
474 133
756 790
395 652
657 509
782 556
682 439
900 834
827 70
234 328
142 182
228 675
917 870
572 109
705 375
252 32
805 780
970 317
440 533
133 126
652 159
74 393
218 16
589 666
752 408
787 116
419 132
652 498
244 65
128 844
409 470
268 504
478 612
350 950
165 190
628 576
51 74
521 48
740 806
348 23
476 424
872 874
268 129
995 735
341 156
715 899
411 90
774 705
166 876
95 397
285 478
174 765
806 58
