1000
2051 6491
1371 1697
8225 1224
7032 3510
1690 5491
6581 725
5419 6526
3269 2766
6595 5788
8574 7014
188 8
1004 9673
3651 1181
6858 6125
4641 3023
3826 1204
2778 5560
5191 292
8793 9200
215 6719
1901 2682
4167 1722
6836 3523
6169 2453
5169 5998
8747 7224
6662 785
9351 1822
2056 2158
7982 1821
3253 81
962 869
6129 4554
6264 7757
871 9343
2561 580
7866 9486
5709 3522
9524 8432
589 3941
9909 1306
5600 9349
454 4222
6913 260
7019 4432
8489 8903
6341 8471
484 2125
2276 7319
6773 200
3263 5557
4366 1332
5236 2665
815 8262
5267 258
3876 7204
6314 644
4355 1446
2825 9208
5219 1361
367 703
1876 2303
2824 2385
6292 7645
2044 6811
4978 4862
5211 7243
5621 5486
2018 9155
9639 8143
120 4563
4774 1434
7766 9290
780 1640
9299 5653
2723 5188
9053 9376
4953 7023
3125 1516
7505 374
1375 1688
4153 1809
7463 2060
481 7712
8576 7766
5643 6495
6110 3459
6193 2272
2 8222
1188 1946
8607 1730
2044 6545
2378 7962
7839 3661
6402 9342
1878 1415
1331 6958
3651 8417
5029 4222
2794 4657
389 245
2837 8422
6763 1792
6263 1811
6645 7532
5203 3389
3748 2163
8260 6688
2003 1383
1197 5651
5022 7600
4097 9378
9800 560
3369 3185
6131 3434
6100 4950
3590 7452
4071 2918
7109 8192
1749 2416
3671 4716
5759 885
6459 7172
7844 6088
7471 9202
1769 9255
3913 1817
4066 6560
844 7843
9278 4681
6020 3192
8103 8140
1133 415
1681 9048
8149 2316
7406 6314
9411 207
6338 2184
9976 762
9730 1666
3443 3915
1312 3571
5681 5779
325 1708
2593 500
2367 4307
5920 782
671 1284
6623 2042
5140 5941
9623 2079
3853 1537
79 8023
965 2338
744 732
7014 2324
6937 4369
422 3293
7198 7059
3874 8314
9351 3164
2467 9061
3027 6216
5366 2363
489 2646
639 8327
8301 4714
6936 4273
9778 5113
2509 7527
5007 372
9723 7884
89 9579
242 5950
9602 1492
9873 3555
2246 5105
9951 6007
8804 8828
6206 8571
6577 2710
1508 6531
1396 184
3898 2688
2194 8600
1615 8468
9448 3996
4808 5676
157 8731
9698 9136
4475 8699
3175 1059
4765 5766
2975 7812
6215 6207
8607 1845
8319 4596
3324 947
5919 2241
1674 1400
3374 1953
3950 9771
5017 2472
1682 6718
2281 7361
3785 8808
3196 6562
2800 9199
1039 938
8537 9971
1433 4204
4917 2283
4268 5306
4980 333
6555 2897
9661 4242
9 1579
2312 584
1402 2162
8389 1242
1190 6704
3583 991
7586 3985
224 30
323 9349
1413 3577
7663 2459
4408 251
861 2012
1438 746
7790 713
3120 7026
3914 8524
1751 8418
7030 5983
5432 8695
9502 7107
2415 7309
3731 897
5557 7594
1461 7128
9693 9794
1314 1635
1578 7041
6893 1000
8213 6610
77 9752
5303 9250
3726 5710
7864 850
1826 9579
243 2208
2182 6321
5215 2217
6456 3782
4131 2374
1177 9522
2008 5379
3065 653
4028 3157
3507 4257
1359 9647
9848 7856
858 2391
4262 6234
5086 1056
4456 5149
9946 2426
2087 2273
4694 3005
4853 1851
8206 8547
1321 1944
5835 9926
2331 2225
110 8319
2501 2880
246 2710
558 3900
1364 8851
1634 596
8402 575
5085 5917
298 909
1660 4763
4112 9792
8455 8105
8678 7794
3329 7219
3664 8623
4500 7320
6814 1462
5260 2608
7553 8719
1644 5013
857 1298
897 8410
3337 2717
9851 3363
2283 8438
1228 997
2801 5531
3827 9332
1664 5485
4815 43
1296 3963
9226 3461
817 5208
8291 2117
3739 3426
1272 2113
2006 3329
8404 2223
5970 1922
6395 2758
3807 7768
9006 62
3408 1539
6272 7818
209 3437
4691 5287
609 6802
2134 901
1259 2449
3216 1959
870 2652
9115 9910
2703 4988
6683 9227
5682 5461
1093 397
1415 871
2792 3975
3594 6436
7066 2398
1524 8216
2517 9696
8495 3592
3118 6448
382 8710
9547 4562
496 6109
3579 3074
5005 3826
2325 5723
700 6202
7356 834
2402 644
8276 6635
9860 7203
8984 169
2511 7303
8503 187
687 8088
809 7931
6712 9784
9146 5290
8541 2517
1811 1126
5130 5555
5335 6479
8737 4317
3503 9647
7169 4724
3497 6577
6487 8123
9071 9253
1469 164
4152 2792
6232 2408
7044 8674
9111 7917
6232 1385
5940 19
9694 787
1755 627
8070 9846
1873 8341
3185 6198
4101 7199
1617 9749
3834 4609
7575 8791
1924 8244
7148 2003
9187 8738
3456 1319
1666 6276
2908 7496
4179 3002
138 3624
7723 3182
2480 4344
4443 6875
490 8117
5750 4137
915 2263
5571 2139
6252 8953
1563 3904
7529 369
9690 4861
2123 4007
5393 8302
6396 5674
3580 5273
6504 3935
5565 4870
3927 1430
2384 6884
8248 4050
6065 5293
7558 9349
381 6263
8356 930
9471 7022
2158 4433
1187 1392
9388 3130
8234 5591
3509 7087
2251 5178
6413 4276
9215 5495
4599 6145
6652 2635
6316 6436
4219 9636
4532 3639
3026 8124
3112 6939
2721 5626
6843 7083
435 4547
3096 4406
2295 4485
1707 8600
1605 3896
8991 6523
5062 9607
4567 1991
1512 6759
7762 8738
3547 5349
8243 7940
4341 7228
6782 218
7022 2491
5920 3085
9210 7841
7065 9042
2143 5011
3571 6192
6371 968
6570 5280
9192 5440
1789 6058
7306 1953
7154 7144
1549 9834
4683 9696
2944 387
8829 2267
538 9608
2669 5673
887 3152
6614 6505
6505 1941
8509 6013
9055 8770
8514 1704
3555 3210
1045 1131
4919 6512
561 2695
8181 9702
4965 5466
7998 7245
7457 1138
2834 5415
7199 1660
3865 5193
3035 5583
8273 966
9339 3323
1004 4210
160 7979
858 2347
532 9113
3021 1563
2793 866
7565 5254
5323 7509
7506 5805
7900 378
5931 4804
1967 3561
2612 1507
7416 5027
2794 9760
5705 9085
8586 860
5582 4543
5204 8732
5269 4836
6355 3834
7394 4744
747 1536
9872 7196
4487 6906
5837 7322
8779 7410
5615 3003
9381 5237
5759 5670
2349 7974
667 608
7002 9591
353 98
2094 4694
3689 5016
5739 7351
6645 7379
8473 41
2318 6069
8037 1453
1210 327
1727 1024
8076 9019
8027 9592
9390 3841
614 8945
6875 8137
9239 1342
8790 2662
5019 7311
8290 1003
4245 4506
7095 5611
5645 5952
1489 310
560 3186
8232 6016
347 3711
9936 8048
1895 3378
4549 4127
3722 5227
2095 3794
4358 5416
3939 2983
6103 4576
7742 1560
6548 522
8499 70
4098 9191
4094 7981
2246 4205
4319 7556
4374 1692
9661 3936
8699 5472
38 4905
4737 1352
6451 9871
6437 1183
5882 5597
7162 9233
4781 88
5104 3456
7646 4116
8124 3370
1964 76
9356 6680
5628 851
4942 8700
5310 2405
8403 3110
2337 1103
884 8
715 538
1157 6376
2378 1595
2470 4940
2788 2924
2917 6960
1764 3188
648 6845
9283 9471
5933 5610
2579 1119
8407 6618
2826 9349
7047 3599
484 4853
1849 9690
2484 4607
9219 6029
8219 2030
4938 5636
266 9989
1829 1992
7882 5459
2585 8891
5354 3676
7625 1595
7099 9077
5288 7610
506 9773
6747 2604
3964 5896
8714 8749
2769 3823
7396 3540
9696 4512
9931 645
8072 9667
5935 636
6231 2887
714 763
1837 379
9569 833
1551 9224
3035 1991
1767 4383
7400 7568
997 1173
2253 5814
2171 9047
244 5140
6309 3202
6978 6807
2182 3925
933 5044
5785 8458
7043 2933
8276 9143
8505 4057
5336 4322
8789 4823
5144 2997
9450 5353
9599 4182
173 5964
3645 8543
1158 4362
1824 4991
8069 4641
6457 3197
306 7435
2544 6177
4973 5088
2095 6932
8953 5895
9353 8159
8324 7619
4293 75
2178 1830
5462 9441
7105 727
3562 746
1316 5867
8747 7795
3824 3884
1582 7029
844 8391
5720 1077
3132 599
4785 889
1511 8275
7708 1072
8169 8340
754 5778
7121 6762
1315 5258
7376 848
2350 3207
2440 7148
1081 8847
2853 9020
1658 9607
9886 1326
3259 6450
8779 4817
4012 4500
1794 8726
6013 6131
7954 4163
128 1081
7417 7216
8620 2671
9473 3521
1089 6409
5093 236
6042 5344
2399 9920
7610 2522
5312 2490
140 2137
1633 5073
7031 4187
7018 4842
4142 2957
8066 7011
6959 8194
6753 5855
4811 2037
1579 7920
5978 9946
2090 3821
7873 1038
9400 9496
3775 7541
6612 5431
1785 3479
5575 6855
3452 3778
9419 5346
5180 2196
1990 6961
7084 5671
3831 8175
4356 1970
3276 2433
8333 3587
7851 1129
6790 6236
7718 6051
4082 8303
2760 356
645 9602
4180 5924
773 8980
7306 733
6477 9990
3970 1600
2523 9475
8957 5271
2164 6581
9367 6373
6299 4505
4576 983
1748 8442
8148 5398
4815 323
1573 9249
5147 7892
7951 8964
1607 2902
6772 8157
4120 9031
6879 9438
2118 5736
7455 8305
176 9297
6054 3791
4196 1750
7776 5042
8734 7
3939 9800
2906 4824
6941 9684
5217 2288
1553 1869
3689 535
9983 9307
2933 271
3285 960
2597 9701
3488 4035
3540 1803
9233 724
5937 4543
3509 7793
1409 3252
6977 7970
4878 2132
5005 368
9520 9462
9349 9756
4344 2567
2415 1471
9244 8454
2683 8637
5806 9548
6238 2054
7202 1283
1726 1361
5023 1217
3908 2089
6000 2575
1603 7835
5137 9986
3514 1780
5456 5399
2623 9713
1542 6035
4564 2007
5350 3814
1499 8621
3183 2570
957 2023
3782 7000
3288 7404
8370 3041
6123 8085
6408 9579
6326 3774
443 760
5231 5527
1928 1581
2358 9756
5615 8146
1293 2162
5053 3142
321 3514
2342 8997
6215 7492
5701 5418
3362 4235
2481 3161
6142 4298
3566 7946
2107 4912
2679 7007
1759 8811
6579 514
8170 5406
2007 747
6953 4958
3655 4250
7723 666
9431 930
8358 3786
8584 5084
27 6458
8985 4893
500 6549
7147 9619
1310 1290
1609 384
9720 608
8548 1259
423 3106
8524 3096
4733 4544
7961 7682
5385 1112
2302 7883
2572 4594
6796 40
2116 7887
4622 666
9046 1784
2793 4799
5992 4935
6589 8256
1808 9318
2950 2837
2591 1281
8084 1852
1136 2370
5216 6063
2975 5100
7343 1242
1827 6437
1730 8118
1563 8788
4023 5846
9404 1490
3180 7480
5135 9848
4857 4328
6796 2347
6403 9123
3367 7569
4259 2790
444 1016
2465 4748
1557 4857
9881 2568
6873 1430
755 5404
8292 4171
1406 436
2512 1044
4189 2672
7417 954
8772 5247
8471 995
7023 3950
1139 3292
7445 4618
3016 7601
2724 2881
9128 6300
2068 824
2829 1762
7211 9014
3623 7204
6109 3556
8150 362
3206 888
2914 5159
5813 6769
3930 1099
1666 7710
2928 1755
8688 687
6989 365
4981 3396
6137 7322
1180 9619
4302 5214
5938 9848
5809 1326
8120 7261
8347 7723
9116 9189
4160 1345
3047 4820
9113 9625
3162 9052
8214 8242
8621 8991
6579 4860
5255 4720
4437 2266
9610 1669
7503 2403
8809 7068
5556 5371
4249 1007
3972 1471
6777 5659
7852 2082
8193 2735
2208 3601
8603 413
3402 1720
5764 9396
9311 4993
5537 9068
5571 4695
4868 5395
3659 4013
5376 858
7737 8444
1959 3371
9208 5552
2550 6646
379 9157
8556 8489
3013 2895
6584 9727
1829 4846
3756 7472
491 4741
3792 2444
775 4617
2352 8327
75 4618
2220 7959
8621 571
8302 3093
3248 9507
4298 2283
2298 802
2094 1933
9103 204
6147 1476
3759 547
8591 5138
8738 3681
2251 3583
2687 1257
7048 932
7366 7805
7427 5071
2465 3761
976 3558
4133 2942
5854 963
6619 2764
9118 3091
5835 9355
8890 8410
6385 2675
1380 7244
5977 6985
4647 537
3633 8586
9063 26
6688 3813
2287 8218
2162 9236
7273 5558
445 8302
8085 2103
4988 8943
