800
1965 3941
4418 642
4189 196
5645 2081
1136 1501
2425 3580
1629 4305
3331 4727
1456 5486
2508 3961
2297 2720
5834 5135
5188 2564
1890 3741
2966 62
101 5940
1019 988
4960 1959
2112 1171
4231 1393
2696 3181
3108 1781
2402 227
3537 3027
687 4999
3623 2211
984 1766
5406 1128
3489 987
195 4947
3881 1802
1079 400
2534 120
761 5997
5998 1795
1936 5344
1393 4673
204 148
4464 5867
706 1344
1352 3198
1623 3352
2547 1816
3460 1770
5566 2357
5511 2620
3948 3004
5022 1729
2641 1796
5114 20
428 224
99 587
4879 1405
379 4873
5724 1588
5645 2208
3571 1912
4265 5642
4698 4111
4464 1371
199 2328
3063 4984
2873 1212
3486 4207
5450 3689
429 226
1770 783
3556 4331
4779 4022
657 1261
4449 4877
5898 3649
1155 3419
4614 4926
5985 2724
2100 4503
3578 244
1198 3955
1673 2042
4004 5900
948 3446
524 1451
3227 2058
5882 5274
5365 92
2231 4026
3930 5766
1273 4247
84 4452
2664 4270
738 2563
5074 4286
4815 953
906 3804
2675 229
2373 374
1867 5646
1761 1651
5786 39
4626 1433
4597 3453
3599 521
5 4643
2029 841
26 4480
1243 4333
2127 4131
2067 1341
4716 4226
3245 4971
753 5056
1600 2508
814 5602
1432 3236
5741 5743
366 4321
3363 5338
1906 4272
4585 733
688 3298
816 1140
5063 1465
1576 763
25 75
4253 1050
1918 1299
4091 5686
4482 1915
2090 5084
2427 2972
700 4063
890 5711
5481 2486
2176 4680
887 855
4796 4505
1981 3569
423 4372
109 2155
4344 3155
852 3155
4512 1750
944 5830
3504 1233
447 3073
1225 5792
4818 5968
2250 1164
5221 4090
266 2552
3919 2372
5587 1135
3212 3357
5038 2689
1010 5785
5442 5035
1342 2429
3440 1740
5828 1557
5701 3647
40 2240
1717 4509
319 493
4473 4792
733 1789
5441 1340
2755 533
3321 601
654 1782
682 694
1923 1010
479 1192
242 5031
1763 3517
4093 243
1793 4607
1481 4761
4146 104
4453 5039
2323 2675
4146 5206
5794 662
3020 1894
2234 1624
5858 2863
544 2547
5513 502
2114 3366
3765 3278
1663 5020
3163 1150
293 582
2782 4972
2350 2201
5301 3069
5592 4973
3752 884
63 15
2885 5369
4062 1188
62 2307
2165 5335
4229 51
218 318
3522 4233
2149 829
719 81
2162 1070
1648 5951
815 5066
1493 409
4518 5815
11 1635
4585 4303
4595 5942
2039 3301
199 1799
5446 3264
2883 1229
2927 5363
2822 3406
403 171
1278 440
2623 1826
4712 1989
3617 2368
5447 5431
4369 2644
2314 3673
4336 308
176 668
5379 4230
2604 713
3402 1470
5782 3491
1111 3309
1421 2761
2436 5676
4670 1222
399 5157
296 5832
1478 2423
3647 387
5624 3164
1264 2711
1886 508
3732 5727
2792 792
2826 1163
2935 2209
66 5603
1146 1228
2484 4239
1378 1850
502 259
955 102
3655 673
2713 948
4655 77
2549 4103
3343 916
1689 2970
3908 598
4492 3306
3057 2952
1301 1136
953 4686
4141 3505
3338 1469
4245 2610
462 3452
4489 5781
681 5689
2757 2306
1288 2422
337 3212
2251 3670
1794 1455
5900 5128
664 1873
5180 5860
876 2080
5153 3170
3182 4020
528 5585
2404 2801
3255 296
3176 1280
9 1737
4926 1024
4727 4650
730 2503
615 2042
4891 1605
4212 2465
3000 2857
1531 1356
3155 5985
498 1846
381 442
2765 5119
1106 3623
5185 2648
4218 5002
2153 2422
5657 751
1646 2823
3447 4539
1705 1843
790 2464
3423 4121
2685 1171
2613 4887
3225 3485
1084 335
2301 1176
924 2870
5198 5205
4339 4144
789 844
839 3798
4215 4536
321 122
181 1378
1528 3810
135 2961
1131 2435
884 5228
4331 2351
3583 3574
4315 3093
3290 5464
336 5327
642 4795
3353 1833
2044 3733
5203 5606
4038 5599
4810 5041
887 4107
5975 2182
5738 950
1771 3823
2262 459
1807 385
318 5411
2427 4645
2149 5757
973 1428
4812 1807
2936 5018
4920 5140
66 1567
2631 5802
5242 899
1499 356
2623 4124
5715 3407
5563 1054
220 2854
5567 3794
3403 1558
1920 1112
705 580
4784 1330
2382 1063
5579 5649
2044 4035
3181 3378
4907 885
2771 2620
4211 22
5506 1541
1115 1471
2033 3733
3186 5893
1350 2116
1639 2461
4125 1739
1995 5199
2358 3162
201 4026
2610 984
1070 414
5229 2426
607 3523
5384 2717
428 5261
2058 5268
2298 928
21 2773
512 1320
2779 3348
3236 5971
2924 786
82 5422
1504 5508
1949 2799
5618 1879
1626 4060
2580 2549
4886 2741
1617 1776
2586 1249
3408 4873
3024 4204
913 5445
4866 4955
1450 3459
761 3338
5505 5164
5484 3323
1906 1403
708 4131
3022 3259
364 5013
1011 4324
5722 1258
5314 1978
329 3717
5612 2382
5413 3893
4168 2614
599 4589
1603 2108
1136 3226
5606 3564
4499 5236
1990 5097
4871 2175
5318 1642
1153 5865
5513 19
2217 4912
5342 4815
1567 3129
1652 3032
4705 4469
2264 5219
5093 562
1169 4935
4403 2171
1510 3323
2644 43
1299 816
5762 5253
1258 3909
5833 1944
3716 2642
880 3707
2927 3658
2945 5262
2205 3752
4495 1049
518 2266
3700 3479
3293 26
486 2121
4338 5563
172 4891
4116 477
771 800
1671 1484
4033 4366
3708 5363
2287 2291
4795 426
1849 2626
586 970
4259 2919
2792 4648
3275 963
239 2687
2904 4424
3468 1000
362 1944
601 3973
701 5188
216 4912
1833 791
4501 4092
5661 1953
3265 1397
5638 3047
854 1280
5832 4004
2732 5038
5412 5192
1009 4672
2579 4309
638 2235
4943 4397
4135 5647
1180 5138
1577 46
2341 1621
2040 3955
576 626
4444 2919
3459 3847
2182 4780
928 3637
820 468
3203 312
3724 950
5744 1937
322 4124
3904 5701
1496 3060
2483 1065
2984 4337
635 3040
1669 1291
5733 1172
3747 5696
4149 3371
5720 490
2096 4267
5325 4331
5718 547
2005 1233
1560 586
878 2172
5502 2621
5921 223
1718 5267
2503 827
4537 1783
1477 2130
5708 809
3901 504
4331 3752
4024 4175
2050 1274
4583 2561
1524 3619
2592 1392
3261 5701
3400 2716
4441 3133
808 4363
160 5919
3222 1395
1362 5322
3904 3716
5436 1685
177 4193
1840 2622
1340 5285
2340 4681
3957 217
3454 2271
2678 41
1958 1368
577 5876
1689 49
2490 1443
1916 4890
3061 1991
3169 911
893 3267
3448 2589
4397 1967
777 924
2081 5249
3631 3152
403 1663
1552 5512
5146 2247
5412 4319
1646 416
1715 5681
222 2832
1450 1640
4492 158
1516 3596
744 1219
5679 2191
2452 4627
3217 1099
1113 5948
5710 2757
5143 861
1364 1657
1044 1049
3446 688
5631 1175
962 3837
955 924
3396 87
2530 1037
3936 2681
1257 4936
2896 4094
19 4283
5972 3851
5468 3715
1006 3448
2990 5367
3173 4526
5116 2418
2533 3255
3624 4297
2136 5640
5802 4277
930 1264
5979 2601
222 3733
874 3278
5275 5775
3611 638
116 4431
4343 858
19 4102
4544 808
1524 2195
5503 3063
5026 2963
3269 1046
5920 5708
3569 188
2924 2848
3234 2132
4911 3628
4205 801
1820 4597
761 996
1465 5113
1388 2903
5420 718
953 1170
938 1291
1565 2906
870 5876
4278 5998
1732 5211
1229 885
3556 4683
2482 4031
509 1218
3072 2510
1420 2848
3839 2727
5806 3674
3662 3826
1942 700
2675 1748
675 3940
2068 5559
369 2224
2151 5320
494 4053
2207 3330
1649 491
4454 5534
3027 1429
1466 1385
80 5465
234 4798
427 4436
5432 1290
2970 4380
3477 2193
258 816
702 2612
471 2882
5698 1541
4626 2689
1331 4941
4381 1403
5189 3184
4738 5159
782 5626
2165 2020
5413 1771
120 1221
4374 1228
3004 445
4435 4228
420 2094
5614 1344
3243 2889
1033 2496
5287 5359
5122 346
2811 2716
2037 3885
5125 4617
1629 5879
1919 5971
3382 5518
5175 400
1089 4970
4902 3753
5173 5171
2159 495
1114 5774
4345 404
63 5618
3609 3039
1789 5395
5122 2844
5660 1369
1174 5039
1545 5245
4707 5703
2991 2268
2329 606
1875 1350
4639 1799
3863 1173
1212 5002
1681 2370
1319 1753
288 4406
3753 5256
949 380
1084 2368
1739 3445
2610 4395
4710 3564
722 1482
3342 1084
2114 4732
1188 892
3312 2250
5985 2458
2814 4861
245 2056
3302 1142
4704 5486
2328 4557
2670 2055
356 1276
3555 1036
4181 1203
2519 1603
2333 4980
4377 1100
1031 982
1944 5334
1137 3890
330 2368
1414 5102
1904 4206
5601 470
1431 23
4969 990
4421 5907
2948 2673
2171 2380
5086 3771
1296 106
733 509
4582 2568
2323 3536
4459 4388
3447 4432
3764 5555
3250 5780
5447 1695
825 2465
5326 4311
49 680
5654 2350
1515 5830
1963 2543
4786 663
1532 3032
1002 4553
991 2288
3969 5884
2741 223
3169 1468
2644 3502
1008 1975
4301 3565
3759 5074
4837 3944
1154 194
933 5304
310 185
325 950
3482 5948
643 5553
4575 3944
1188 4656
4210 3014
2489 4696
640 1236
4454 4054
5640 5026
2638 832
2014 596
1728 877
3658 4468
1568 2849
2702 2299
3780 2338
2112 1000
