90
766 616
139 207
100 380
449 680
170 152
756 157
278 443
450 425
813 373
13 3
10 744
679 875
852 302
739 385
447 9
896 760
421 679
754 718
285 454
577 157
28 618
416 747
168 653
350 635
813 295
505 385
562 634
511 188
893 247
795 306
737 231
355 623
304 539
730 537
236 96
50 583
365 195
253 801
833 368
434 652
364 804
426 858
351 201
749 727
745 494
409 497
211 218
368 837
873 608
292 533
796 320
741 836
840 85
671 748
741 323
708 68
444 708
349 257
157 319
326 80
655 385
168 751
143 400
872 774
591 605
362 306
216 624
305 585
817 472
69 409
703 402
801 404
174 310
403 415
303 674
363 806
341 279
781 822
214 680
859 502
565 369
276 555
321 219
529 435
273 755
900 609
408 436
873 181
375 785
839 663
