80
219 56
162 635
205 423
378 650
483 535
20 338
60 564
111 579
450 451
510 532
425 165
291 63
19 606
630 95
250 611
654 256
593 655
655 105
261 315
402 143
17 640
395 639
289 58
507 451
575 547
673 188
187 460
516 491
345 199
160 472
634 615
649 73
279 526
124 175
310 591
457 692
95 444
164 272
152 397
388 213
381 181
660 166
159 652
207 342
557 542
369 679
446 125
330 368
410 92
412 167
615 60
412 202
457 499
436 250
429 49
607 593
289 688
615 147
17 65
103 660
481 389
407 86
498 338
130 526
337 199
154 122
459 318
500 395
118 385
502 563
574 116
457 328
164 512
96 28
214 132
275 325
250 151
225 539
619 324
485 581
