70
66 224
312 408
97 212
167 186
439 99
478 230
470 256
53 139
40 143
275 201
450 470
49 144
242 228
90 18
80 310
326 369
458 298
151 252
424 63
388 109
241 368
195 297
297 438
16 266
366 270
457 173
10 168
167 154
304 34
122 435
274 260
96 152
388 199
165 452
1 388
5 479
450 484
382 408
413 207
279 15
266 459
119 36
6 434
82 373
481 2
272 200
424 325
169 484
308 250
184 411
311 124
75 130
333 307
430 277
48 441
87 323
204 390
284 196
197 457
208 13
200 12
272 84
301 471
216 125
190 398
328 34
95 2
486 155
85 38
321 229
