100
705 428
450 796
612 320
826 826
301 521
283 587
300 92
109 230
290 610
628 204
920 554
868 363
4 735
305 887
838 306
38 401
751 183
191 943
997 890
135 67
188 399
344 285
330 182
503 34
211 951
364 823
638 76
522 695
710 770
851 440
976 793
226 959
375 425
64 246
190 268
101 616
174 331
569 806
755 864
826 232
866 37
485 32
279 258
640 846
867 0
849 876
948 808
946 566
743 113
903 452
265 895
593 462
0 223
781 329
742 670
986 347
757 20
520 168
970 381
763 639
449 210
717 392
811 363
350 270
487 793
664 277
398 425
559 264
141 416
725 866
239 352
118 626
121 899
918 657
936 270
454 565
642 771
261 17
726 214
86 253
919 654
228 62
602 792
444 875
17 839
6 931
830 938
646 244
404 788
987 957
980 173
36 46
97 167
946 75
166 867
355 158
352 531
865 654
467 147
449 548
