1000
3000 3000 4 6 2 8 997
3030 3000 3 1 3 998
3040 3020 3 2 4 9
3030 3040 3 3 5 999
3000 3040 4 4 6 12 1000
2990 3020 2 5 1
3000 2990 3 12 8 13
3030 2990 3 7 9 1
3050 3020 4 8 10 3 14
3030 3050 2 9 11
3000 3050 3 10 12 17
2980 3020 3 11 7 5
3000 2980 4 18 14 7 19
3030 2980 3 13 15 9
3060 3020 3 14 16 21
3030 3060 2 15 17
3000 3060 4 16 18 11 24
2970 3020 2 17 13
3000 2970 4 24 20 13 26
3030 2970 2 19 21
3070 3020 4 20 22 15 28
3030 3070 2 21 23
3000 3070 3 22 24 29
2960 3020 3 23 19 17
3000 2960 3 30 26 31
3030 2960 3 25 27 19
3080 3020 3 26 28 33
3030 3080 3 27 29 21
3000 3080 4 28 30 23 36
2950 3020 2 29 25
3000 2950 4 36 32 25 37
3030 2950 2 31 33
3090 3020 4 32 34 27 40
3030 3090 2 33 35
3000 3090 3 34 36 40
2940 3020 3 35 31 29
3000 2940 4 42 38 31 44
3030 2940 2 37 39
3100 3020 3 38 40 46
3030 3100 4 39 41 33 35
3000 3100 3 40 42 48
2930 3020 2 41 37
3000 2930 3 48 44 54
3030 2930 3 43 45 37
3110 3020 3 44 46 51
3030 3110 3 45 47 39
3000 3110 3 46 48 52
2920 3020 3 47 43 41
3000 2920 3 54 50 60
3030 2920 2 49 51
3120 3020 4 50 52 45 56
3030 3120 3 51 53 47
3000 3120 3 52 54 58
2910 3020 3 53 49 43
3000 2910 3 60 56 62
3030 2910 3 55 57 51
3130 3020 3 56 58 62
3030 3130 3 57 59 53
3000 3130 3 58 60 64
2900 3020 3 59 55 49
3000 2900 3 66 62 72
3030 2900 4 61 63 55 57
3140 3020 3 62 64 70
3030 3140 3 63 65 59
3000 3140 3 64 66 70
2890 3020 2 65 61
3000 2890 3 72 68 74
3030 2890 2 67 69
3150 3020 3 68 70 74
3030 3150 4 69 71 63 65
3000 3150 3 70 72 77
2880 3020 3 71 67 61
3000 2880 3 78 74 79
3030 2880 4 73 75 67 69
3160 3020 3 74 76 81
3030 3160 2 75 77
3000 3160 4 76 78 71 83
2870 3020 2 77 73
3000 2870 4 84 80 73 90
3030 2870 2 79 81
3170 3020 4 80 82 75 87
3030 3170 2 81 83
3000 3170 4 82 84 77 90
2860 3020 2 83 79
3000 2860 3 90 86 91
3030 2860 2 85 87
3180 3020 4 86 88 81 93
3030 3180 2 87 89
3000 3180 3 88 90 94
2850 3020 4 89 85 79 83
3000 2850 4 96 92 85 102
3030 2850 2 91 93
3190 3020 4 92 94 87 100
3030 3190 3 93 95 89
3000 3190 3 94 96 102
2840 3020 2 95 91
3000 2840 3 102 98 103
3030 2840 2 97 99
3200 3020 3 98 100 104
3030 3200 3 99 101 93
3000 3200 3 100 102 106
2830 3020 4 101 97 91 95
3000 2830 4 108 104 97 109
3030 2830 3 103 105 99
3210 3020 3 104 106 111
3030 3210 3 105 107 101
3000 3210 3 106 108 113
2820 3020 2 107 103
3000 2820 4 114 110 103 116
3030 2820 2 109 111
3220 3020 4 110 112 105 117
3030 3220 2 111 113
3000 3220 4 112 114 107 120
2810 3020 2 113 109
3000 2810 3 120 116 122
3030 2810 3 115 117 109
3230 3020 4 116 118 111 123
3030 3230 2 117 119
3000 3230 3 118 120 126
2800 3020 3 119 115 113
3000 2800 3 126 122 128
3030 2800 3 121 123 115
3240 3020 4 122 124 117 128
3030 3240 2 123 125
3000 3240 3 124 126 131
2790 3020 3 125 121 119
3000 2790 3 132 128 134
3030 2790 4 127 129 121 123
3250 3020 3 128 130 136
3030 3250 2 129 131
3000 3250 4 130 132 125 138
2780 3020 2 131 127
3000 2780 3 138 134 140
3030 2780 3 133 135 127
3260 3020 3 134 136 141
3030 3260 3 135 137 129
3000 3260 3 136 138 143
2770 3020 3 137 133 131
3000 2770 3 144 140 150
3030 2770 3 139 141 133
3270 3020 4 140 142 135 148
3030 3270 2 141 143
3000 3270 4 142 144 137 150
2760 3020 2 143 139
3000 2760 3 150 146 156
3030 2760 2 145 147
3280 3020 3 146 148 153
3030 3280 3 147 149 141
3000 3280 3 148 150 155
2750 3020 4 149 145 139 143
3000 2750 3 156 152 157
3030 2750 2 151 153
3290 3020 4 152 154 147 160
3030 3290 2 153 155
3000 3290 4 154 156 149 162
2740 3020 3 155 151 145
3000 2740 4 162 158 151 168
3030 2740 2 157 159
3300 3020 3 158 160 165
3030 3300 3 159 161 153
3000 3300 3 160 162 167
2730 3020 3 161 157 155
3000 2730 3 168 164 174
3030 2730 2 163 165
3310 3020 4 164 166 159 172
3030 3310 2 165 167
3000 3310 4 166 168 161 173
2720 3020 3 167 163 157
3000 2720 3 174 170 180
3030 2720 2 169 171
3320 3020 3 170 172 176
3030 3320 3 171 173 165
3000 3320 4 172 174 167 180
2710 3020 3 173 169 163
3000 2710 3 180 176 181
3030 2710 3 175 177 171
3330 3020 3 176 178 183
3030 3330 2 177 179
3000 3330 3 178 180 186
2700 3020 4 179 175 169 173
3000 2700 4 186 182 175 187
3030 2700 2 181 183
3340 3020 4 182 184 177 190
3030 3340 2 183 185
3000 3340 3 184 186 190
2690 3020 3 185 181 179
3000 2690 4 192 188 181 194
3030 2690 2 187 189
3350 3020 3 188 190 195
3030 3350 4 189 191 183 185
3000 3350 3 190 192 198
2680 3020 2 191 187
3000 2680 3 198 194 200
3030 2680 3 193 195 187
3360 3020 4 194 196 189 202
3030 3360 2 195 197
3000 3360 3 196 198 202
2670 3020 3 197 193 191
3000 2670 3 204 200 210
3030 2670 3 199 201 193
3370 3020 3 200 202 206
3030 3370 4 201 203 195 197
3000 3370 3 202 204 208
2660 3020 2 203 199
3000 2660 3 210 206 212
3030 2660 3 205 207 201
3380 3020 3 206 208 212
3030 3380 3 207 209 203
3000 3380 3 208 210 214
2650 3020 3 209 205 199
3000 2650 3 216 212 217
3030 2650 4 211 213 205 207
3390 3020 3 212 214 219
3030 3390 3 213 215 209
3000 3390 3 214 216 222
2640 3020 2 215 211
3000 2640 4 222 218 211 223
3030 2640 2 217 219
3400 3020 4 218 220 213 225
3030 3400 2 219 221
3000 3400 3 220 222 226
2630 3020 3 221 217 215
3000 2630 4 228 224 217 229
3030 2630 2 223 225
3410 3020 4 224 226 219 230
3030 3410 3 225 227 221
3000 3410 3 226 228 233
2620 3020 2 227 223
3000 2620 4 234 230 223 235
3030 2620 3 229 231 225
3420 3020 3 230 232 238
3030 3420 2 231 233
3000 3420 4 232 234 227 240
2610 3020 2 233 229
3000 2610 4 240 236 229 241
3030 2610 2 235 237
3430 3020 3 236 238 244
3030 3430 3 237 239 231
3000 3430 3 238 240 244
2600 3020 3 239 235 233
3000 2600 4 246 242 235 247
3030 2600 2 241 243
3440 3020 3 242 244 249
3030 3440 4 243 245 237 239
3000 3440 3 244 246 252
2590 3020 2 245 241
3000 2590 4 252 248 241 253
3030 2590 2 247 249
3450 3020 4 248 250 243 254
3030 3450 2 249 251
3000 3450 3 250 252 258
2580 3020 3 251 247 245
3000 2580 4 258 254 247 259
3030 2580 3 253 255 249
3460 3020 3 254 256 261
3030 3460 2 255 257
3000 3460 3 256 258 264
2570 3020 3 257 253 251
3000 2570 4 264 260 253 270
3030 2570 2 259 261
3470 3020 4 260 262 255 268
3030 3470 2 261 263
3000 3470 3 262 264 269
2560 3020 3 263 259 257
3000 2560 3 270 266 272
3030 2560 2 265 267
3480 3020 3 266 268 274
3030 3480 3 267 269 261
3000 3480 4 268 270 263 274
2550 3020 3 269 265 259
3000 2550 3 276 272 282
3030 2550 3 271 273 265
3490 3020 3 272 274 278
3030 3490 4 273 275 267 269
3000 3490 3 274 276 281
2540 3020 2 275 271
3000 2540 3 282 278 288
3030 2540 3 277 279 273
3500 3020 3 278 280 284
3030 3500 2 279 281
3000 3500 4 280 282 275 286
2530 3020 3 281 277 271
3000 2530 3 288 284 294
3030 2530 3 283 285 279
3510 3020 3 284 286 290
3030 3510 3 285 287 281
3000 3510 3 286 288 294
2520 3020 3 287 283 277
3000 2520 3 294 290 295
3030 2520 3 289 291 285
3520 3020 3 290 292 296
3030 3520 2 291 293
3000 3520 3 292 294 300
2510 3020 4 293 289 283 287
3000 2510 4 300 296 289 301
3030 2510 3 295 297 291
3530 3020 3 296 298 302
3030 3530 2 297 299
3000 3530 3 298 300 306
2500 3020 3 299 295 293
3000 2500 4 306 302 295 307
3030 2500 3 301 303 297
3540 3020 3 302 304 309
3030 3540 2 303 305
3000 3540 3 304 306 312
2490 3020 3 305 301 299
3000 2490 4 312 308 301 314
3030 2490 2 307 309
3550 3020 4 308 310 303 316
3030 3550 2 309 311
3000 3550 3 310 312 317
2480 3020 3 311 307 305
3000 2480 3 318 314 319
3030 2480 3 313 315 307
3560 3020 3 314 316 321
3030 3560 3 315 317 309
3000 3560 4 316 318 311 324
2470 3020 2 317 313
3000 2470 4 324 320 313 325
3030 2470 2 319 321
3570 3020 4 320 322 315 328
3030 3570 2 321 323
3000 3570 3 322 324 328
2460 3020 3 323 319 317
3000 2460 4 330 326 319 336
3030 2460 2 325 327
3580 3020 3 326 328 334
3030 3580 4 327 329 321 323
3000 3580 3 328 330 334
2450 3020 2 329 325
3000 2450 3 336 332 337
3030 2450 2 331 333
3590 3020 3 332 334 339
3030 3590 4 333 335 327 329
3000 3590 3 334 336 342
2440 3020 3 335 331 325
3000 2440 4 342 338 331 348
3030 2440 2 337 339
3600 3020 4 338 340 333 345
3030 3600 2 339 341
3000 3600 3 340 342 347
2430 3020 3 341 337 335
3000 2430 3 348 344 350
3030 2430 2 343 345
3610 3020 4 344 346 339 352
3030 3610 2 345 347
3000 3610 4 346 348 341 353
2420 3020 3 347 343 337
3000 2420 3 354 350 360
3030 2420 3 349 351 343
3620 3020 3 350 352 357
3030 3620 3 351 353 345
3000 3620 4 352 354 347 360
2410 3020 2 353 349
3000 2410 3 360 356 366
3030 2410 2 355 357
3630 3020 4 356 358 351 364
3030 3630 2 357 359
3000 3630 3 358 360 364
2400 3020 4 359 355 349 353
3000 2400 3 366 362 368
3030 2400 2 361 363
3640 3020 3 362 364 369
3030 3640 4 363 365 357 359
3000 3640 3 364 366 371
2390 3020 3 365 361 355
3000 2390 3 372 368 374
3030 2390 3 367 369 361
3650 3020 4 368 370 363 374
3030 3650 2 369 371
3000 3650 4 370 372 365 376
2380 3020 2 371 367
3000 2380 3 378 374 380
3030 2380 4 373 375 367 369
3660 3020 3 374 376 382
3030 3660 3 375 377 371
3000 3660 3 376 378 383
2370 3020 2 377 373
3000 2370 3 384 380 390
3030 2370 3 379 381 373
3670 3020 3 380 382 387
3030 3670 3 381 383 375
3000 3670 4 382 384 377 389
2360 3020 2 383 379
3000 2360 3 390 386 392
3030 2360 2 385 387
3680 3020 4 386 388 381 392
3030 3680 2 387 389
3000 3680 4 388 390 383 395
2350 3020 3 389 385 379
3000 2350 3 396 392 397
3030 2350 4 391 393 385 387
3690 3020 3 392 394 399
3030 3690 2 393 395
3000 3690 4 394 396 389 400
2340 3020 2 395 391
3000 2340 4 402 398 391 408
3030 2340 2 397 399
3700 3020 4 398 400 393 405
3030 3700 3 399 401 395
3000 3700 3 400 402 406
2330 3020 2 401 397
3000 2330 3 408 404 410
3030 2330 2 403 405
3710 3020 4 404 406 399 411
3030 3710 3 405 407 401
3000 3710 3 406 408 414
2320 3020 3 407 403 397
3000 2320 3 414 410 420
3030 2320 3 409 411 403
3720 3020 4 410 412 405 418
3030 3720 2 411 413
3000 3720 3 412 414 420
2310 3020 3 413 409 407
3000 2310 3 420 416 426
3030 2310 2 415 417
3730 3020 3 416 418 422
3030 3730 3 417 419 411
3000 3730 3 418 420 425
2300 3020 4 419 415 409 413
3000 2300 3 426 422 432
3030 2300 3 421 423 417
3740 3020 3 422 424 430
3030 3740 2 423 425
3000 3740 4 424 426 419 431
2290 3020 3 425 421 415
3000 2290 3 432 428 434
3030 2290 2 427 429
3750 3020 3 428 430 436
3030 3750 3 429 431 423
3000 3750 4 430 432 425 436
2280 3020 3 431 427 421
3000 2280 3 438 434 440
3030 2280 3 433 435 427
3760 3020 3 434 436 441
3030 3760 4 435 437 429 431
3000 3760 3 436 438 442
2270 3020 2 437 433
3000 2270 3 444 440 446
3030 2270 3 439 441 433
3770 3020 4 440 442 435 447
3030 3770 3 441 443 437
3000 3770 3 442 444 449
2260 3020 2 443 439
3000 2260 3 450 446 452
3030 2260 3 445 447 439
3780 3020 4 446 448 441 454
3030 3780 2 447 449
3000 3780 4 448 450 443 455
2250 3020 2 449 445
3000 2250 3 456 452 458
3030 2250 3 451 453 445
3790 3020 3 452 454 458
3030 3790 3 453 455 447
3000 3790 4 454 456 449 462
2240 3020 2 455 451
3000 2240 3 462 458 464
3030 2240 4 457 459 451 453
3800 3020 3 458 460 465
3030 3800 2 459 461
3000 3800 3 460 462 467
2230 3020 3 461 457 455
3000 2230 3 468 464 474
3030 2230 3 463 465 457
3810 3020 4 464 466 459 471
3030 3810 2 465 467
3000 3810 4 466 468 461 474
2220 3020 2 467 463
3000 2220 3 474 470 480
3030 2220 2 469 471
3820 3020 4 470 472 465 477
3030 3820 2 471 473
3000 3820 3 472 474 480
2210 3020 4 473 469 463 467
3000 2210 3 480 476 481
3030 2210 2 475 477
3830 3020 4 476 478 471 483
3030 3830 2 477 479
3000 3830 3 478 480 485
2200 3020 4 479 475 469 473
3000 2200 4 486 482 475 492
3030 2200 2 481 483
3840 3020 4 482 484 477 488
3030 3840 2 483 485
3000 3840 4 484 486 479 491
2190 3020 2 485 481
3000 2190 3 492 488 493
3030 2190 3 487 489 483
3850 3020 3 488 490 496
3030 3850 2 489 491
3000 3850 4 490 492 485 497
2180 3020 3 491 487 481
3000 2180 4 498 494 487 500
3030 2180 2 493 495
3860 3020 3 494 496 502
3030 3860 3 495 497 489
3000 3860 4 496 498 491 503
2170 3020 2 497 493
3000 2170 3 504 500 510
3030 2170 3 499 501 493
3870 3020 3 500 502 507
3030 3870 3 501 503 495
3000 3870 4 502 504 497 510
2160 3020 2 503 499
3000 2160 3 510 506 516
3030 2160 2 505 507
3880 3020 4 506 508 501 513
3030 3880 2 507 509
3000 3880 3 508 510 516
2150 3020 4 509 505 499 503
3000 2150 3 516 512 517
3030 2150 2 511 513
3890 3020 4 512 514 507 519
3030 3890 2 513 515
3000 3890 3 514 516 520
2140 3020 4 515 511 505 509
3000 2140 4 522 518 511 528
3030 2140 2 517 519
3900 3020 4 518 520 513 526
3030 3900 3 519 521 515
3000 3900 3 520 522 527
2130 3020 2 521 517
3000 2130 3 528 524 529
3030 2130 2 523 525
3910 3020 3 524 526 530
3030 3910 3 525 527 519
3000 3910 4 526 528 521 532
2120 3020 3 527 523 517
3000 2120 4 534 530 523 536
3030 2120 3 529 531 525
3920 3020 3 530 532 537
3030 3920 3 531 533 527
3000 3920 3 532 534 540
2110 3020 2 533 529
3000 2110 3 540 536 542
3030 2110 3 535 537 529
3930 3020 4 536 538 531 543
3030 3930 2 537 539
3000 3930 3 538 540 545
2100 3020 3 539 535 533
3000 2100 3 546 542 547
3030 2100 3 541 543 535
3940 3020 4 542 544 537 550
3030 3940 2 543 545
3000 3940 4 544 546 539 552
2090 3020 2 545 541
3000 2090 4 552 548 541 553
3030 2090 2 547 549
3950 3020 3 548 550 556
3030 3950 3 549 551 543
3000 3950 3 550 552 556
2080 3020 3 551 547 545
3000 2080 4 558 554 547 560
3030 2080 2 553 555
3960 3020 3 554 556 560
3030 3960 4 555 557 549 551
3000 3960 3 556 558 563
2070 3020 2 557 553
3000 2070 3 564 560 570
3030 2070 4 559 561 553 555
3970 3020 3 560 562 568
3030 3970 2 561 563
3000 3970 4 562 564 557 570
2060 3020 2 563 559
3000 2060 3 570 566 571
3030 2060 2 565 567
3980 3020 3 566 568 574
3030 3980 3 567 569 561
3000 3980 3 568 570 575
2050 3020 4 569 565 559 563
3000 2050 4 576 572 565 578
3030 2050 2 571 573
3990 3020 3 572 574 580
3030 3990 3 573 575 567
3000 3990 4 574 576 569 581
2040 3020 2 575 571
3000 2040 3 582 578 584
3030 2040 3 577 579 571
4000 3020 3 578 580 586
3030 4000 3 579 581 573
3000 4000 4 580 582 575 588
2030 3020 2 581 577
3000 2030 3 588 584 594
3030 2030 3 583 585 577
4010 3020 3 584 586 592
3030 4010 3 585 587 579
3000 4010 3 586 588 594
2020 3020 3 587 583 581
3000 2020 3 594 590 596
3030 2020 2 589 591
4020 3020 3 590 592 598
3030 4020 3 591 593 585
3000 4020 3 592 594 599
2010 3020 4 593 589 583 587
3000 2010 3 600 596 602
3030 2010 3 595 597 589
4030 3020 3 596 598 603
3030 4030 3 597 599 591
3000 4030 4 598 600 593 604
2000 3020 2 599 595
3000 2000 3 606 602 607
3030 2000 3 601 603 595
4040 3020 4 602 604 597 610
3030 4040 3 603 605 599
3000 4040 3 604 606 611
1990 3020 2 605 601
3000 1990 4 612 608 601 618
3030 1990 2 607 609
4050 3020 3 608 610 616
3030 4050 3 609 611 603
3000 4050 4 610 612 605 617
1980 3020 2 611 607
3000 1980 3 618 614 620
3030 1980 2 613 615
4060 3020 3 614 616 622
3030 4060 3 615 617 609
3000 4060 4 616 618 611 622
1970 3020 3 617 613 607
3000 1970 3 624 620 625
3030 1970 3 619 621 613
4070 3020 3 620 622 626
3030 4070 4 621 623 615 617
3000 4070 3 622 624 629
1960 3020 2 623 619
3000 1960 4 630 626 619 632
3030 1960 3 625 627 621
4080 3020 3 626 628 634
3030 4080 2 627 629
3000 4080 4 628 630 623 635
1950 3020 2 629 625
3000 1950 3 636 632 638
3030 1950 3 631 633 625
4090 3020 3 632 634 638
3030 4090 3 633 635 627
3000 4090 4 634 636 629 641
1940 3020 2 635 631
3000 1940 3 642 638 644
3030 1940 4 637 639 631 633
4100 3020 3 638 640 645
3030 4100 2 639 641
3000 4100 4 640 642 635 648
1930 3020 2 641 637
3000 1930 3 648 644 649
3030 1930 3 643 645 637
4110 3020 4 644 646 639 650
3030 4110 2 645 647
3000 4110 3 646 648 654
1920 3020 3 647 643 641
3000 1920 4 654 650 643 660
3030 1920 3 649 651 645
4120 3020 3 650 652 656
3030 4120 2 651 653
3000 4120 3 652 654 659
1910 3020 3 653 649 647
3000 1910 3 660 656 666
3030 1910 3 655 657 651
4130 3020 3 656 658 662
3030 4130 2 657 659
3000 4130 4 658 660 653 665
1900 3020 3 659 655 649
3000 1900 3 666 662 672
3030 1900 3 661 663 657
4140 3020 3 662 664 669
3030 4140 2 663 665
3000 4140 4 664 666 659 672
1890 3020 3 665 661 655
3000 1890 3 672 668 674
3030 1890 2 667 669
4150 3020 4 668 670 663 674
3030 4150 2 669 671
3000 4150 3 670 672 677
1880 3020 4 671 667 661 665
3000 1880 3 678 674 679
3030 1880 4 673 675 667 669
4160 3020 3 674 676 680
3030 4160 2 675 677
3000 4160 4 676 678 671 682
1870 3020 2 677 673
3000 1870 4 684 680 673 685
3030 1870 3 679 681 675
4170 3020 3 680 682 687
3030 4170 3 681 683 677
3000 4170 3 682 684 688
1860 3020 2 683 679
3000 1860 4 690 686 679 692
3030 1860 2 685 687
4180 3020 4 686 688 681 692
3030 4180 3 687 689 683
3000 4180 3 688 690 696
1850 3020 2 689 685
3000 1850 3 696 692 698
3030 1850 4 691 693 685 687
4190 3020 3 692 694 699
3030 4190 2 693 695
3000 4190 3 694 696 701
1840 3020 3 695 691 689
3000 1840 3 702 698 708
3030 1840 3 697 699 691
4200 3020 4 698 700 693 706
3030 4200 2 699 701
3000 4200 4 700 702 695 708
1830 3020 2 701 697
3000 1830 3 708 704 709
3030 1830 2 703 705
4210 3020 3 704 706 712
3030 4210 3 705 707 699
3000 4210 3 706 708 714
1820 3020 4 707 703 697 701
3000 1820 4 714 710 703 715
3030 1820 2 709 711
4220 3020 3 710 712 716
3030 4220 3 711 713 705
3000 4220 3 712 714 720
1810 3020 3 713 709 707
3000 1810 4 720 716 709 726
3030 1810 3 715 717 711
4230 3020 3 716 718 723
3030 4230 2 717 719
3000 4230 3 718 720 726
1800 3020 3 719 715 713
3000 1800 3 726 722 727
3030 1800 2 721 723
4240 3020 4 722 724 717 729
3030 4240 2 723 725
3000 4240 3 724 726 730
1790 3020 4 725 721 715 719
3000 1790 4 732 728 721 738
3030 1790 2 727 729
4250 3020 4 728 730 723 735
3030 4250 3 729 731 725
3000 4250 3 730 732 736
1780 3020 2 731 727
3000 1780 3 738 734 740
3030 1780 2 733 735
4260 3020 4 734 736 729 741
3030 4260 3 735 737 731
3000 4260 3 736 738 744
1770 3020 3 737 733 727
3000 1770 3 744 740 745
3030 1770 3 739 741 733
4270 3020 4 740 742 735 746
3030 4270 2 741 743
3000 4270 3 742 744 749
1760 3020 3 743 739 737
3000 1760 4 750 746 739 752
3030 1760 3 745 747 741
4280 3020 3 746 748 754
3030 4280 2 747 749
3000 4280 4 748 750 743 756
1750 3020 2 749 745
3000 1750 3 756 752 758
3030 1750 3 751 753 745
4290 3020 3 752 754 759
3030 4290 3 753 755 747
3000 4290 3 754 756 762
1740 3020 3 755 751 749
3000 1740 3 762 758 764
3030 1740 3 757 759 751
4300 3020 4 758 760 753 765
3030 4300 2 759 761
3000 4300 3 760 762 768
1730 3020 3 761 757 755
3000 1730 3 768 764 769
3030 1730 3 763 765 757
4310 3020 4 764 766 759 772
3030 4310 2 765 767
3000 4310 3 766 768 774
1720 3020 3 767 763 761
3000 1720 4 774 770 763 776
3030 1720 2 769 771
4320 3020 3 770 772 778
3030 4320 3 771 773 765
3000 4320 3 772 774 779
1710 3020 3 773 769 767
3000 1710 3 780 776 781
3030 1710 3 775 777 769
4330 3020 3 776 778 782
3030 4330 3 777 779 771
3000 4330 4 778 780 773 785
1700 3020 2 779 775
3000 1700 4 786 782 775 792
3030 1700 3 781 783 777
4340 3020 3 782 784 788
3030 4340 2 783 785
3000 4340 4 784 786 779 791
1690 3020 2 785 781
3000 1690 3 792 788 794
3030 1690 3 787 789 783
4350 3020 3 788 790 795
3030 4350 2 789 791
3000 4350 4 790 792 785 798
1680 3020 3 791 787 781
3000 1680 3 798 794 800
3030 1680 3 793 795 787
4360 3020 4 794 796 789 802
3030 4360 2 795 797
3000 4360 3 796 798 804
1670 3020 3 797 793 791
3000 1670 3 804 800 805
3030 1670 3 799 801 793
4370 3020 3 800 802 807
3030 4370 3 801 803 795
3000 4370 3 802 804 809
1660 3020 3 803 799 797
3000 1660 4 810 806 799 816
3030 1660 2 805 807
4380 3020 4 806 808 801 813
3030 4380 2 807 809
3000 4380 4 808 810 803 814
1650 3020 2 809 805
3000 1650 3 816 812 818
3030 1650 2 811 813
4390 3020 4 812 814 807 820
3030 4390 3 813 815 809
3000 4390 3 814 816 822
1640 3020 3 815 811 805
3000 1640 3 822 818 823
3030 1640 3 817 819 811
4400 3020 3 818 820 826
3030 4400 3 819 821 813
3000 4400 3 820 822 828
1630 3020 3 821 817 815
3000 1630 4 828 824 817 834
3030 1630 2 823 825
4410 3020 3 824 826 832
3030 4410 3 825 827 819
3000 4410 3 826 828 834
1620 3020 3 827 823 821
3000 1620 3 834 830 835
3030 1620 2 829 831
4420 3020 3 830 832 837
3030 4420 3 831 833 825
3000 4420 3 832 834 840
1610 3020 4 833 829 823 827
3000 1610 4 840 836 829 841
3030 1610 2 835 837
4430 3020 4 836 838 831 843
3030 4430 2 837 839
3000 4430 3 838 840 846
1600 3020 3 839 835 833
3000 1600 4 846 842 835 852
3030 1600 2 841 843
4440 3020 4 842 844 837 850
3030 4440 2 843 845
3000 4440 3 844 846 850
1590 3020 3 845 841 839
3000 1590 3 852 848 854
3030 1590 2 847 849
4450 3020 3 848 850 854
3030 4450 4 849 851 843 845
3000 4450 3 850 852 856
1580 3020 3 851 847 841
3000 1580 3 858 854 864
3030 1580 4 853 855 847 849
4460 3020 3 854 856 861
3030 4460 3 855 857 851
3000 4460 3 856 858 864
1570 3020 2 857 853
3000 1570 3 864 860 870
3030 1570 2 859 861
4470 3020 4 860 862 855 866
3030 4470 2 861 863
3000 4470 3 862 864 869
1560 3020 4 863 859 853 857
3000 1560 3 870 866 871
3030 1560 3 865 867 861
4480 3020 3 866 868 873
3030 4480 2 867 869
3000 4480 4 868 870 863 876
1550 3020 3 869 865 859
3000 1550 4 876 872 865 882
3030 1550 2 871 873
4490 3020 4 872 874 867 880
3030 4490 2 873 875
3000 4490 3 874 876 881
1540 3020 3 875 871 869
3000 1540 3 882 878 888
3030 1540 2 877 879
4500 3020 3 878 880 884
3030 4500 3 879 881 873
3000 4500 4 880 882 875 886
1530 3020 3 881 877 871
3000 1530 3 888 884 890
3030 1530 3 883 885 879
4510 3020 3 884 886 891
3030 4510 3 885 887 881
3000 4510 3 886 888 892
1520 3020 3 887 883 877
3000 1520 3 894 890 895
3030 1520 3 889 891 883
4520 3020 4 890 892 885 897
3030 4520 3 891 893 887
3000 4520 3 892 894 899
1510 3020 2 893 889
3000 1510 4 900 896 889 901
3030 1510 2 895 897
4530 3020 4 896 898 891 902
3030 4530 2 897 899
3000 4530 4 898 900 893 905
1500 3020 2 899 895
3000 1500 4 906 902 895 907
3030 1500 3 901 903 897
4540 3020 3 902 904 910
3030 4540 2 903 905
3000 4540 4 904 906 899 912
1490 3020 2 905 901
3000 1490 4 912 908 901 913
3030 1490 2 907 909
4550 3020 3 908 910 915
3030 4550 3 909 911 903
3000 4550 3 910 912 918
1480 3020 3 911 907 905
3000 1480 4 918 914 907 924
3030 1480 2 913 915
4560 3020 4 914 916 909 920
3030 4560 2 915 917
3000 4560 3 916 918 924
1470 3020 3 917 913 911
3000 1470 3 924 920 925
3030 1470 3 919 921 915
4570 3020 3 920 922 928
3030 4570 2 921 923
3000 4570 3 922 924 928
1460 3020 4 923 919 913 917
3000 1460 4 930 926 919 936
3030 1460 2 925 927
4580 3020 3 926 928 933
3030 4580 4 927 929 921 923
3000 4580 3 928 930 936
1450 3020 2 929 925
3000 1450 3 936 932 938
3030 1450 2 931 933
4590 3020 4 932 934 927 940
3030 4590 2 933 935
3000 4590 3 934 936 941
1440 3020 4 935 931 925 929
3000 1440 3 942 938 944
3030 1440 3 937 939 931
4600 3020 3 938 940 946
3030 4600 3 939 941 933
3000 4600 4 940 942 935 946
1430 3020 2 941 937
3000 1430 3 948 944 950
3030 1430 3 943 945 937
4610 3020 3 944 946 951
3030 4610 4 945 947 939 941
3000 4610 3 946 948 953
1420 3020 2 947 943
3000 1420 3 954 950 960
3030 1420 3 949 951 943
4620 3020 4 950 952 945 956
3030 4620 2 951 953
3000 4620 4 952 954 947 959
1410 3020 2 953 949
3000 1410 3 960 956 966
3030 1410 3 955 957 951
4630 3020 3 956 958 962
3030 4630 2 957 959
3000 4630 4 958 960 953 966
1400 3020 3 959 955 949
3000 1400 3 966 962 967
3030 1400 3 961 963 957
4640 3020 3 962 964 970
3030 4640 2 963 965
3000 4640 3 964 966 971
1390 3020 4 965 961 955 959
3000 1390 4 972 968 961 978
3030 1390 2 967 969
4650 3020 3 968 970 975
3030 4650 3 969 971 963
3000 4650 4 970 972 965 978
1380 3020 2 971 967
3000 1380 3 978 974 979
3030 1380 2 973 975
4660 3020 4 974 976 969 981
3030 4660 2 975 977
3000 4660 3 976 978 983
1370 3020 4 977 973 967 971
3000 1370 4 984 980 973 990
3030 1370 2 979 981
4670 3020 4 980 982 975 988
3030 4670 2 981 983
3000 4670 4 982 984 977 990
1360 3020 2 983 979
3000 1360 3 990 986 996
3030 1360 2 985 987
4680 3020 3 986 988 993
3030 4680 3 987 989 981
3000 4680 3 988 990 995
1350 3020 4 989 985 979 983
3000 1350 2 996 992
3030 1350 2 991 993
4690 3020 3 992 994 987
3030 4690 2 993 995
3000 4690 3 994 996 989
1340 3020 3 995 991 985
3010 3010 1 1
3020 3010 1 2
3020 3030 1 4
3010 3030 1 5
6
