229
100 400 1 54
200 400 1 55
300 400 1 56
400 400 1 57
500 400 1 58
600 400 1 59
700 400 1 60
800 400 1 61
900 400 1 62
1000 400 1 63
1100 400 1 64
1200 400 1 65
1300 400 1 66
1400 400 1 67
1500 400 1 68
1600 400 1 69
1700 400 1 70
1800 400 1 71
1900 400 1 72
2000 400 1 73
2100 400 1 74
2200 400 1 75
2300 400 1 76
2400 400 1 77
2500 400 1 78
2600 400 1 79
2700 400 1 80
2800 400 1 81
2900 400 1 82
3000 400 1 83
3100 400 1 84
3200 400 1 85
3300 400 1 86
3400 400 1 87
3500 400 1 88
3600 400 1 89
3700 400 1 90
3800 400 1 91
3900 400 1 92
4000 400 1 93
4100 400 1 94
4200 400 1 95
4300 400 1 96
4400 400 1 97
4500 400 1 98
4600 400 1 99
4700 400 1 100
4800 400 1 101
4900 400 1 102
5000 400 1 103
5100 400 1 104
5200 400 1 105
5300 400 1 106
100 300 3 1 55 124
200 300 5 54 56 2 124 127
300 300 3 55 57 3
400 300 4 56 58 4 107
500 300 5 57 59 5 127 130
600 300 3 58 60 6
700 300 4 59 61 7 108
800 300 5 60 62 8 130 133
900 300 3 61 63 9
1000 300 4 62 64 10 109
1100 300 5 63 65 11 133 136
1200 300 3 64 66 12
1300 300 4 65 67 13 110
1400 300 5 66 68 14 136 139
1500 300 3 67 69 15
1600 300 4 68 70 16 111
1700 300 5 69 71 17 139 142
1800 300 3 70 72 18
1900 300 4 71 73 19 112
2000 300 5 72 74 20 142 145
2100 300 3 73 75 21
2200 300 4 74 76 22 113
2300 300 5 75 77 23 145 148
2400 300 3 76 78 24
2500 300 4 77 79 25 114
2600 300 5 78 80 26 148 151
2700 300 3 79 81 27
2800 300 4 80 82 28 115
2900 300 5 81 83 29 151 154
3000 300 3 82 84 30
3100 300 4 83 85 31 116
3200 300 5 84 86 32 154 157
3300 300 3 85 87 33
3400 300 4 86 88 34 117
3500 300 5 87 89 35 157 160
3600 300 3 88 90 36
3700 300 4 89 91 37 118
3800 300 5 90 92 38 160 163
3900 300 3 91 93 39
4000 300 4 92 94 40 119
4100 300 5 93 95 41 163 166
4200 300 3 94 96 42
4300 300 4 95 97 43 120
4400 300 5 96 98 44 166 169
4500 300 3 97 99 45
4600 300 4 98 100 46 121
4700 300 5 99 101 47 169 172
4800 300 3 100 102 48
4900 300 4 101 103 49 122
5000 300 5 102 104 50 172 175
5100 300 3 103 105 51
5200 300 4 104 106 52 123
5300 300 4 53 105 175 176
400 250 1 57
700 250 1 60
1000 250 1 63
1300 250 1 66
1600 250 1 69
1900 250 1 72
2200 250 1 75
2500 250 1 78
2800 250 1 81
3100 250 1 84
3400 250 1 87
3700 250 1 90
4000 250 1 93
4300 250 1 96
4600 250 1 99
4900 250 1 102
5200 250 1 105
100 200 4 54 55 125 177
200 200 3 124 126 178
300 200 3 125 127 179
400 200 5 126 128 55 58 180
500 200 3 127 129 181
600 200 3 128 130 182
700 200 5 129 131 58 61 183
800 200 3 130 132 184
900 200 3 131 133 185
1000 200 5 132 134 61 64 186
1100 200 3 133 135 187
1200 200 3 134 136 188
1300 200 5 135 137 64 67 189
1400 200 3 136 138 190
1500 200 3 137 139 191
1600 200 5 138 140 67 70 192
1700 200 3 139 141 193
1800 200 3 140 142 194
1900 200 5 141 143 70 73 195
2000 200 3 142 144 196
2100 200 3 143 145 197
2200 200 5 144 146 73 76 198
2300 200 3 145 147 199
2400 200 3 146 148 200
2500 200 5 147 149 76 79 201
2600 200 3 148 150 202
2700 200 3 149 151 203
2800 200 5 150 152 79 82 204
2900 200 3 151 153 205
3000 200 3 152 154 206
3100 200 5 153 155 82 85 207
3200 200 3 154 156 208
3300 200 3 155 157 209
3400 200 5 156 158 85 88 210
3500 200 3 157 159 211
3600 200 3 158 160 212
3700 200 5 159 161 88 91 213
3800 200 3 160 162 214
3900 200 3 161 163 215
4000 200 5 162 164 91 94 216
4100 200 3 163 165 217
4200 200 3 164 166 218
4300 200 5 165 167 94 97 219
4400 200 3 166 168 220
4500 200 3 167 169 221
4600 200 5 168 170 97 100 222
4700 200 3 169 171 223
4800 200 3 170 172 224
4900 200 5 171 173 100 103 225
5000 200 3 172 174 226
5100 200 3 173 175 227
5200 200 5 174 176 103 106 228
5300 200 3 106 175 229
100 100 1 124
200 100 1 125
300 100 1 126
400 100 1 127
500 100 1 128
600 100 1 129
700 100 1 130
800 100 1 131
900 100 1 132
1000 100 1 133
1100 100 1 134
1200 100 1 135
1300 100 1 136
1400 100 1 137
1500 100 1 138
1600 100 1 139
1700 100 1 140
1800 100 1 141
1900 100 1 142
2000 100 1 143
2100 100 1 144
2200 100 1 145
2300 100 1 146
2400 100 1 147
2500 100 1 148
2600 100 1 149
2700 100 1 150
2800 100 1 151
2900 100 1 152
3000 100 1 153
3100 100 1 154
3200 100 1 155
3300 100 1 156
3400 100 1 157
3500 100 1 158
3600 100 1 159
3700 100 1 160
3800 100 1 161
3900 100 1 162
4000 100 1 163
4100 100 1 164
4200 100 1 165
4300 100 1 166
4400 100 1 167
4500 100 1 168
4600 100 1 169
4700 100 1 170
4800 100 1 171
4900 100 1 172
5000 100 1 173
5100 100 1 174
5200 100 1 175
5300 100 1 176
5
