44
1 18 2 2 5
4 18 4 1 3 6 5
6 18 5 2 6 7 8 4
9 18 2 3 8
1 16 4 1 2 12 14
4 16 4 2 3 7 9
6 16 3 6 3 10
9 16 4 3 4 13 16
3 15 2 6 11
7 15 2 7 11
5 13 4 9 10 13 12
4 12 4 5 11 14 15
6 12 4 11 8 16 15
1 11 3 5 12 21
5 11 4 12 13 18 19
9 11 3 8 13 24
2 10 2 21 22
4 10 2 15 22
6 10 2 15 23
8 10 2 23 24
1 9 5 14 17 22 26 25
4 9 5 18 17 21 26 27
6 9 5 19 20 24 29 28
9 9 5 16 20 23 29 30
1 8 3 21 32 35
3 8 2 21 22
4 8 2 22 31
6 8 2 23 31
7 8 2 23 24
9 8 3 24 34 36
5 7 3 27 28 33
3 6 3 25 33 35
5 6 4 31 34 35 32
7 6 3 33 30 36
1 5 4 25 32 33 37
9 5 3 34 30 38
1 4 3 35 39 41
9 4 3 36 40 42
3 3 2 37 41
7 3 2 38 42
1 2 3 37 39 43
9 2 3 40 38 44
1 1 2 41 44
9 1 2 42 43
3
