8
11
12
71 122 137 112 68 109 142 121 89 144 114 
12
11
95 121 110 105 129 52 144 95 98 93 45 86 
23
0
151 130 147 127 72 92 100 88 47 151 95 76 118 80 78 67 69 104 98 95 130 61 145 
22
5
108 133 158 106 45 99 46 120 79 132 80 127 108 135 157 131 123 127 82 105 145 100 
26
20
88 156 119 127 56 45 92 119 109 96 64 76 105 65 74 105 154 113 69 73 149 85 104 78 57 90 
17
18
83 69 51 106 121 155 93 149 146 52 47 93 121 53 47 112 156 
14
14
62 64 75 106 114 50 94 129 128 63 87 93 105 77 
24
10
134 143 108 149 110 91 96 140 71 65 138 113 67 126 122 130 142 88 143 130 132 75 107 46 
