10
2
20
67 115 
27
3
146 105 100 85 104 51 144 129 62 115 123 124 119 75 150 83 117 123 121 92 83 104 117 58 61 46 129 
2
2
47 98 
29
6
126 67 62 85 96 134 47 47 153 45 158 90 105 122 95 83 86 90 56 135 121 113 89 72 68 134 138 104 123 
28
13
59 109 121 95 123 151 157 123 117 92 130 128 80 147 108 90 150 152 48 91 78 147 137 52 55 65 100 59 
15
10
126 55 107 100 46 62 148 96 121 102 50 73 86 100 139 
16
1
131 49 149 139 155 92 109 126 131 66 117 155 96 138 110 131 
16
13
133 110 84 149 107 140 134 68 120 136 49 153 111 78 117 91 
2
9
83 88 
10
11
121 62 62 130 117 140 117 134 49 79 
