7
23
21
49 115 145 94 71 49 81 80 90 102 147 49 103 78 60 46 113 74 50 136 65 83 79 
19
2
70 145 127 84 65 90 108 100 127 51 58 86 74 79 142 139 120 115 123 
25
15
46 100 79 66 143 128 86 91 155 60 133 99 71 93 70 126 124 65 67 140 149 89 72 45 124 
14
12
108 78 85 117 66 128 98 121 76 132 110 73 128 49 
22
5
70 83 59 108 152 105 156 153 106 128 102 83 50 99 60 138 58 87 138 117 117 58 
27
4
49 109 56 145 67 65 158 121 116 125 129 61 117 153 55 85 54 153 108 88 85 72 147 159 143 90 145 
8
12
93 107 51 112 64 153 138 125 
