10000
951 8567
680 6129
110 995
919 8278
215 1939
355 3203
371 3346
835 7517
437 3934
387 3489
356 3207
537 4842
211 1908
643 5792
392 3533
515 4640
82 745
717 6457
656 5905
833 7500
719 6475
657 5914
418 3767
258 2324
586 5278
756 6811
189 1709
765 6886
571 5146
685 6171
21 194
585 5272
713 6420
632 5692
487 4387
676 6093
63 576
264 2377
29 263
513 4618
87 787
635 5721
2 24
580 5224
438 3947
499 4498
344 3099
810 7291
791 7120
385 3466
800 7209
33 299
196 1773
580 5225
152 1373
952 8577
938 8451
10 96
715 6436
530 4777
198 1789
233 2103
392 3536
511 4606
760 6848
471 4242
669 6023
537 4838
539 4854
248 2234
567 5106
231 2082
807 7268
873 7865
446 4016
981 8837
325 2929
180 1622
888 7999
535 4820
756 6813
904 8144
638 5748
398 3589
142 1280
964 8677
644 5802
740 6668
147 1331
257 2322
101 915
548 4939
473 4259
717 6457
989 8910
714 6429
811 7301
165 1493
457 4116
732 6590
817 7354
519 4672
992 8929
142 1282
343 3094
30 274
167 1508
528 4753
708 6378
277 2500
890 8012
324 2919
46 417
52 476
724 6522
138 1248
452 4072
654 5889
48 433
624 5624
7 65
929 8369
339 3054
332 2993
711 6403
169 1527
590 5313
433 3902
782 7041
700 6301
665 5991
938 8443
42 379
78 704
7 70
548 4934
75 681
510 4591
229 2065
899 8098
913 8218
637 5737
533 4803
444 3999
895 8059
539 4856
714 6432
829 7469
970 8736
292 2637
278 2508
718 6466
39 356
8 76
43 388
240 2167
989 8904
772 6954
307 2768
478 4304
812 7311
135 1220
277 2500
192 1734
246 2219
633 5700
287 2585
918 8270
122 1105
306 2761
270 2439
681 6136
670 6035
431 3883
320 2887
812 7310
823 7412
175 1581
339 3054
501 4518
523 4713
222 1999
127 1146
315 2839
457 4116
891 8025
380 3428
540 4866
688 6193
110 992
517 4662
369 3329
241 2174
444 4002
258 2327
886 7979
476 4285
734 6607
992 8934
999 8994
307 2765
832 7493
500 4504
354 3194
211 1903
14 127
82 747
41 378
512 4611
699 6293
370 3339
496 4468
835 7521
589 5307
197 1780
764 6882
194 1755
614 5534
128 1153
424 3822
339 3060
875 7878
24 219
231 2080
554 4992
678 6103
699 6295
885 7971
704 6344
656 5912
194 1753
49 445
153 1381
152 1373
724 6525
242 2184
151 1368
50 455
962 8664
983 8854
816 7347
957 8619
685 6166
581 5230
638 5751
352 3176
906 8160
676 6089
842 7581
643 5794
585 5273
893 8040
744 6705
193 1738
841 7577
805 7252
538 4845
926 8343
795 7156
408 3676
883 7955
450 4058
973 8765
378 3406
859 7736
674 6071
345 3113
973 8761
596 5372
457 4122
511 4603
366 3303
855 7703
742 6687
298 2686
920 8284
581 5231
152 1373
565 5090
720 6487
767 6911
13 122
706 6357
938 8447
553 4983
309 2785
459 4139
970 8735
128 1158
270 2434
783 7049
21 190
891 8024
880 7921
182 1644
851 7665
422 3800
495 4459
274 2469
560 5048
171 1547
444 3997
511 4606
793 7139
902 8121
896 8069
176 1593
97 877
296 2668
427 3844
248 2237
725 6532
19 177
195 1764
966 8702
398 3583
761 6853
782 7040
543 4890
531 4786
432 3894
726 6542
20 186
698 6290
577 5194
582 5246
886 7980
648 5840
408 3679
115 1039
55 498
193 1745
801 7214
454 4087
139 1255
722 6500
479 4315
289 2604
451 4061
955 8601
311 2807
404 3640
821 7391
666 6003
255 2296
259 2336
459 4138
925 8328
886 7983
528 4760
214 1927
406 3655
796 7168
489 4406
965 8692
880 7926
710 6398
855 7696
944 8503
72 652
176 1590
542 4883
761 6850
363 3275
71 641
220 1982
803 7234
884 7961
255 2297
705 6348
332 2996
911 8208
171 1540
59 534
134 1208
653 5883
927 8352
732 6595
766 6903
237 2138
866 7803
583 5256
781 7034
968 8715
819 7373
614 5528
715 6443
346 3117
92 831
828 7455
742 6687
478 4310
726 6535
409 3687
178 1605
881 7936
765 6886
677 6096
423 3810
696 6268
136 1233
131 1186
83 748
661 5952
336 3026
114 1031
640 5765
932 8391
257 2319
735 6624
214 1935
721 6495
134 1209
358 3226
94 850
785 7066
255 2296
298 2688
983 8852
215 1941
338 3046
400 3608
535 4820
502 4526
861 7758
716 6445
466 4203
971 8747
396 3567
180 1629
53 486
226 2041
217 1959
962 8662
34 307
962 8662
250 2251
90 816
825 7432
909 8190
10 96
826 7438
498 4489
957 8620
458 4125
449 4048
84 761
972 8749
13 122
607 5471
159 1440
61 553
164 1477
159 1433
370 3332
827 7451
38 351
160 1442
513 4625
766 6900
675 6078
155 1400
954 8587
109 982
779 7016
364 3277
586 5277
376 3390
282 2540
243 2190
907 8167
155 1399
695 6262
151 1367
93 838
914 8230
218 1971
751 6766
164 1485
191 1727
245 2212
774 6971
18 163
775 6981
150 1351
498 4488
151 1361
372 3352
313 2826
718 6470
729 6563
221 1991
4 39
404 3643
527 4745
653 5878
440 3963
65 593
332 2993
689 6202
730 6572
600 5406
943 8495
256 2305
655 5904
240 2168
848 7640
107 971
138 1244
498 4487
51 462
391 3525
342 3079
29 265
627 5645
791 7124
814 7329
627 5644
555 4997
72 655
570 5139
162 1461
177 1602
154 1394
10 99
10 96
332 2997
895 8064
778 7007
360 3246
742 6685
608 5476
943 8488
49 442
819 7377
91 828
791 7122
274 2472
445 4006
403 3634
422 3800
85 768
720 6484
959 8640
833 7500
443 3992
924 8323
963 8675
760 6844
494 4454
236 2131
56 511
421 3797
496 4471
334 3009
813 7325
867 7810
236 2130
964 8683
982 8846
807 7269
257 2318
577 5200
756 6809
183 1656
965 8690
292 2634
552 4969
776 6991
856 7706
867 7805
787 7087
729 6570
169 1525
630 5679
536 4832
565 5094
993 8938
853 7685
903 8131
440 3968
743 6690
473 4263
583 5255
75 682
464 4179
406 3663
476 4285
357 3218
662 5961
227 2047
510 4596
623 5611
669 6023
523 4711
264 2379
523 4716
935 8421
777 6994
797 7176
18 170
968 8716
895 8064
224 2018
268 2414
707 6369
439 3958
486 4377
461 4156
828 7460
448 4039
639 5754
222 1999
893 8040
982 8842
173 1558
454 4088
221 1997
137 1242
107 967
447 4025
236 2133
206 1859
24 223
538 4843
658 5924
412 3710
481 4338
937 8441
897 8079
778 7011
123 1115
439 3955
95 856
779 7012
312 2813
484 4360
58 527
140 1262
422 3804
655 5902
334 3015
729 6570
862 7764
467 4205
215 1944
440 3961
279 2513
300 2704
419 3773
757 6821
583 5248
702 6320
939 8456
331 2983
429 3864
102 921
233 2099
129 1167
335 3017
307 2766
760 6844
484 4361
726 6536
867 7804
499 4497
409 3685
699 6299
475 4282
537 4839
73 665
426 3841
593 5341
929 8363
26 242
894 8049
537 4835
565 5093
987 8888
607 5466
872 7849
303 2728
318 2865
814 7331
217 1958
237 2140
372 3351
1 13
925 8328
328 2958
587 5292
40 366
805 7254
192 1732
830 7474
325 2928
822 7402
299 2695
145 1312
36 325
671 6040
64 584
854 7691
257 2318
802 7227
95 857
431 3885
989 8903
692 6230
806 7255
89 802
932 8390
404 3641
539 4853
160 1446
534 4815
322 2905
675 6079
420 3783
448 4040
159 1440
49 449
952 8575
185 1668
818 7371
475 4280
998 8990
438 3946
473 4265
603 5430
16 145
925 8331
109 984
511 4604
626 5643
282 2541
167 1508
875 7879
387 3490
516 4653
237 2139
501 4518
28 255
578 5205
509 4585
939 8459
338 3046
310 2795
3 36
312 2817
837 7538
319 2873
700 6305
378 3408
297 2678
768 6918
932 8389
983 8852
15 140
872 7857
604 5439
287 2589
552 4972
959 8637
45 407
312 2816
631 5685
506 4559
507 4572
782 7046
301 2710
596 5373
245 2212
838 7551
223 2010
318 2868
992 8931
664 5982
497 4479
997 8977
524 4720
196 1766
491 4428
618 5564
110 991
445 4014
755 6797
349 3148
94 854
275 2484
872 7850
666 5995
846 7619
480 4324
73 663
523 4711
335 3017
877 7896
551 4961
627 5645
167 1511
138 1249
608 5475
556 5005
844 7605
42 381
817 7358
461 4154
283 2552
568 5113
826 7443
798 7183
780 7027
743 6689
359 3233
205 1853
706 6360
327 2950
733 6603
549 4946
66 602
365 3288
899 8098
818 7371
526 4737
70 639
940 8461
264 2382
323 2912
233 2103
373 3366
15 144
423 3810
148 1334
26 238
620 5581
294 2647
691 6223
3 36
468 4217
905 8146
857 7715
220 1984
314 2834
125 1129
771 6940
792 7130
323 2911
440 3968
114 1032
560 5041
642 5782
50 456
598 5384
262 2364
606 5458
545 4912
236 2128
220 1989
739 6656
676 6087
277 2501
379 3413
440 3966
888 7995
228 2060
52 469
942 8487
449 4044
971 8744
368 3317
826 7440
400 3609
880 7928
810 7299
171 1547
936 8431
261 2351
650 5852
68 613
157 1420
818 7366
633 5704
248 2237
945 8513
288 2599
766 6903
370 3338
619 5574
780 7027
129 1164
25 229
682 6143
423 3813
244 2198
593 5342
490 4419
706 6359
441 3978
78 708
406 3658
87 789
671 6046
356 3205
827 7448
477 4298
734 6613
440 3964
882 7945
326 2942
889 8002
45 407
10 98
740 6663
519 4679
241 2170
92 835
313 2823
461 4153
918 8267
199 1798
212 1913
934 8413
603 5436
26 243
318 2871
918 8271
916 8253
137 1240
140 1267
100 908
765 6892
909 8189
170 1534
480 4323
685 6171
390 3511
845 7609
468 4215
153 1379
309 2788
507 4567
37 341
515 4640
903 8135
24 224
750 6755
39 352
503 4536
456 4106
811 7301
836 7526
265 2390
924 8322
871 7846
916 8249
588 5298
758 6831
645 5807
646 5820
8 73
678 6107
741 6675
548 4935
383 3456
739 6654
64 584
2 22
595 5361
43 391
79 716
944 8502
254 2295
604 5439
547 4931
520 4685
658 5923
602 5420
149 1346
329 2964
741 6676
289 2610
476 4287
132 1189
624 5618
68 620
520 4683
655 5897
941 8474
100 908
223 2008
874 7869
476 4287
20 183
540 4862
499 4492
192 1732
597 5377
937 8440
187 1688
22 202
195 1758
180 1623
882 7942
307 2770
647 5830
950 8552
579 5216
846 7619
840 7562
276 2492
327 2950
450 4059
68 617
608 5474
164 1485
841 7574
684 6157
372 3352
107 964
599 5394
496 4469
423 3810
618 5571
290 2618
336 3027
433 3898
246 2222
269 2424
122 1106
733 6602
553 4979
540 4862
894 8048
95 861
424 3825
443 3989
14 127
689 6205
890 8015
827 7451
15 139
85 770
509 4589
88 797
951 8561
464 4180
94 850
195 1763
583 5253
230 2077
762 6860
474 4273
967 8709
998 8984
590 5312
176 1588
234 2112
503 4530
655 5902
393 3546
953 8578
725 6527
561 5058
189 1704
658 5931
556 5012
47 428
164 1483
95 862
394 3555
436 3926
760 6843
100 905
395 3557
813 7318
101 918
345 3112
977 8796
105 951
389 3510
557 5016
424 3825
153 1386
603 5434
864 7782
404 3639
291 2628
160 1447
134 1210
66 599
296 2669
314 2835
391 3520
110 997
677 6101
313 2824
358 3228
162 1460
128 1156
266 2400
931 8386
651 5861
536 4827
95 863
400 3603
299 2692
628 5661
877 7900
311 2801
782 7042
505 4546
178 1603
97 875
5 54
131 1187
450 4051
96 866
668 6017
640 5768
434 3914
462 4163
243 2196
692 6233
614 5533
928 8358
968 8719
612 5513
198 1786
622 5607
648 5837
922 8306
166 1495
244 2201
33 298
447 4026
210 1892
231 2088
730 6576
580 5228
112 1013
43 393
746 6716
838 7549
721 6491
11 107
341 3075
677 6100
715 6437
647 5825
962 8663
521 4696
477 4302
760 6841
461 4154
245 2210
98 888
358 3227
280 2523
194 1748
658 5925
533 4801
759 6838
790 7114
561 5057
708 6380
10 95
838 7547
26 237
702 6324
80 725
747 6730
754 6791
538 4851
284 2565
773 6966
284 2562
693 6243
617 5555
824 7424
773 6965
924 8324
325 2932
239 2153
854 7692
617 5559
220 1984
297 2676
139 1258
65 589
528 4756
254 2291
485 4372
479 4319
878 7906
729 6563
799 7196
52 470
961 8656
339 3057
413 3721
311 2804
288 2595
679 6113
447 4028
798 7184
500 4508
127 1148
356 3209
890 8016
566 5100
364 3278
395 3557
648 5839
155 1397
649 5842
534 4810
493 4446
846 7622
765 6893
324 2923
836 7526
1 9
867 7806
815 7337
924 8318
855 7698
689 6210
620 5583
796 7171
309 2788
738 6644
627 5646
161 1458
723 6509
282 2539
273 2463
533 4804
621 5598
548 4938
441 3978
896 8070
422 3803
736 6633
585 5274
354 3193
479 4319
572 5151
434 3914
854 7694
237 2138
221 1990
192 1736
940 8467
246 2221
487 4385
805 7246
942 8484
845 7609
547 4931
899 8099
474 4270
619 5577
51 465
167 1511
522 4701
870 7833
629 5667
422 3802
92 835
594 5349
351 3160
630 5675
505 4547
969 8724
695 6263
181 1631
113 1024
56 509
244 2204
732 6597
448 4037
937 8437
130 1176
133 1204
237 2134
37 335
316 2845
226 2040
755 6804
491 4420
86 778
824 7423
312 2816
658 5929
307 2765
397 3575
972 8751
242 2183
578 5207
153 1386
497 4477
220 1987
552 4975
788 7097
545 4908
587 5286
621 5594
887 7989
629 5663
544 4901
964 8677
108 977
635 5716
319 2872
582 5240
897 8081
477 4301
610 5493
775 6981
306 2756
708 6376
183 1653
711 6402
62 567
39 357
701 6312
604 5441
266 2398
914 8229
174 1568
167 1510
446 4022
829 7469
858 7730
587 5285
514 4634
452 4072
413 3726
797 7179
837 7539
244 2204
426 3842
794 7152
823 7411
215 1943
621 5595
290 2617
641 5777
649 5848
469 4222
723 6510
289 2610
698 6291
870 7834
308 2778
45 408
490 4415
452 4071
642 5782
908 8178
536 4831
333 2998
625 5632
480 4326
845 7611
298 2690
1 11
859 7738
964 8682
812 7309
912 8215
632 5690
101 917
166 1501
603 5430
173 1564
549 4945
981 8838
918 8270
42 387
630 5675
529 4769
979 8814
34 315
340 3065
913 8224
78 711
899 8099
129 1164
728 6559
937 8437
817 7354
605 5452
919 8278
101 912
287 2592
94 853
459 4136
177 1594
51 467
412 3714
229 2062
11 101
741 6676
717 6456
544 4897
583 5253
762 6864
994 8952
503 4533
916 8253
588 5296
85 772
723 6508
190 1712
14 131
532 4793
560 5048
929 8369
807 7269
231 2088
109 989
519 4679
307 2768
105 948
317 2854
488 4393
678 6103
491 4422
549 4945
42 382
357 3218
143 1290
123 1114
3 28
233 2103
280 2521
42 382
927 8344
958 8623
507 4572
109 983
707 6370
746 6717
177 1600
834 7511
560 5049
430 3875
69 630
957 8616
917 8262
138 1249
573 5161
822 7402
872 7854
856 7706
219 1978
660 5946
591 5322
762 6863
336 3031
502 4524
362 3262
354 3188
795 7161
752 6777
452 4076
244 2197
589 5306
821 7390
668 6013
731 6582
922 8300
476 4291
616 5552
648 5840
982 8846
490 4419
439 3956
916 8250
724 6524
453 4083
102 921
704 6342
340 3067
970 8732
615 5538
263 2369
441 3978
581 5238
436 3932
438 3951
284 2558
81 732
313 2826
83 754
348 3141
332 2990
316 2851
606 5455
315 2842
238 2149
665 5987
220 1982
634 5708
85 772
66 600
391 3522
843 7590
28 254
102 926
387 3484
483 4349
315 2844
594 5351
632 5693
597 5381
461 4154
3 28
574 5175
282 2541
857 7715
328 2960
385 3472
775 6982
599 5393
40 369
179 1619
567 5109
82 747
962 8661
701 6317
836 7533
152 1374
620 5586
282 2541
182 1647
31 282
593 5341
9 88
217 1959
484 4364
827 7447
775 6980
289 2602
513 4621
804 7240
128 1156
141 1272
953 8582
142 1285
731 6587
119 1072
941 8471
95 862
443 3994
413 3723
906 8155
655 5899
179 1616
326 2935
43 395
499 4497
293 2642
435 3919
883 7950
561 5052
127 1147
443 3991
623 5614
960 8646
368 3313
346 3122
214 1930
620 5583
750 6751
666 6003
862 7766
537 4836
594 5354
484 4357
179 1615
274 2474
252 2277
341 3074
648 5840
718 6466
382 3444
58 523
580 5226
31 281
213 1918
560 5046
725 6533
7 68
836 7527
97 880
177 1597
229 2063
822 7402
332 2995
561 5050
113 1019
583 5250
552 4970
784 7058
143 1296
108 976
99 894
175 1583
341 3071
489 4405
18 163
749 6742
186 1676
861 7757
496 4468
389 3504
989 8910
776 6985
438 3947
886 7975
932 8390
925 8328
181 1638
623 5609
652 5874
533 4802
938 8450
331 2985
706 6360
259 2335
465 4188
299 2700
464 4184
600 5409
819 7374
310 2797
975 8781
60 542
791 7122
377 3401
890 8015
304 2745
702 6321
714 6435
958 8624
440 3963
166 1503
364 3279
68 616
516 4649
357 3216
481 4330
502 4523
486 4380
155 1399
391 3525
992 8933
100 901
919 8278
224 2019
316 2850
655 5896
989 8902
318 2870
430 3871
920 8282
870 7838
842 7586
684 6163
733 6602
432 3897
989 8909
201 1817
68 620
550 4957
15 138
375 3380
143 1289
852 7672
77 698
869 7822
89 806
139 1256
150 1358
447 4030
966 8699
234 2115
307 2770
247 2224
308 2773
340 3067
555 5003
367 3309
267 2407
920 8288
363 3269
986 8877
406 3663
441 3978
300 2708
945 8514
377 3397
403 3630
725 6526
63 571
211 1906
300 2709
519 4679
401 3615
613 5525
824 7418
852 7671
192 1735
765 6886
707 6364
534 4811
860 7742
425 3832
882 7940
887 7986
148 1341
300 2702
855 7704
649 5844
883 7951
787 7090
924 8323
242 2182
491 4426
670 6038
864 7778
404 3645
820 7389
274 2475
69 628
359 3232
425 3827
675 6076
46 415
846 7623
537 4837
559 5032
499 4493
343 3093
306 2759
901 8113
833 7502
288 2600
639 5758
551 4966
164 1479
3 34
850 7656
889 8002
766 6896
101 913
660 5945
9 86
238 2147
997 8981
394 3547
100 902
63 573
929 8367
276 2488
642 5779
43 393
61 552
533 4802
175 1581
927 8351
732 6597
754 6789
505 4551
975 8777
218 1963
989 8906
979 8817
396 3570
951 8568
460 4142
473 4264
942 8481
283 2549
950 8551
607 5469
71 648
966 8700
429 3870
969 8724
343 3090
663 5976
329 2962
54 487
896 8065
91 823
763 6871
651 5860
521 4690
752 6769
411 3708
220 1984
322 2902
583 5256
721 6496
318 2871
491 4427
123 1116
272 2454
268 2413
405 3653
797 7180
787 7092
235 2123
682 6141
37 341
897 8080
303 2733
866 7796
47 428
471 4242
378 3411
450 4058
957 8619
580 5225
243 2190
748 6733
108 979
482 4340
811 7304
497 4474
564 5081
753 6785
246 2216
515 4636
876 7890
924 8323
21 195
656 5907
694 6252
303 2733
101 915
923 8316
631 5687
498 4483
476 4288
28 258
980 8828
674 6068
137 1241
335 3016
249 2248
635 5718
366 3297
430 3875
496 4472
142 1284
327 2946
78 705
21 194
150 1358
746 6723
200 1806
540 4864
594 5347
70 635
97 874
470 4237
815 7342
635 5720
241 2171
822 7400
936 8425
263 2375
708 6380
422 3800
887 7990
765 6891
284 2559
88 794
783 7052
913 8222
411 3705
43 389
486 4382
2 27
159 1435
478 4304
723 6514
735 6624
504 4542
925 8328
857 7715
412 3717
281 2531
556 5011
473 4264
669 6027
252 2273
844 7599
367 3308
98 890
530 4774
230 2078
964 8677
158 1424
757 6818
543 4895
475 4277
473 4258
962 8666
856 7705
559 5040
594 5347
211 1901
1000 9001
80 728
346 3117
353 3181
464 4177
889 8004
286 2578
309 2787
477 4298
402 3626
457 4116
172 1557
174 1568
21 192
182 1646
757 6817
304 2742
728 6556
536 4831
894 8055
760 6841
96 866
763 6874
258 2323
482 4342
625 5634
294 2652
61 550
45 407
209 1884
297 2681
642 5779
741 6676
803 7229
177 1598
902 8127
686 6182
531 4782
119 1073
773 6961
335 3016
571 5147
488 4399
545 4912
195 1757
421 3797
311 2802
25 230
991 8926
509 4582
234 2107
811 7304
300 2704
648 5841
629 5665
836 7526
348 3138
741 6676
693 6246
515 4642
628 5656
633 5698
676 6087
424 3818
269 2426
545 4908
72 652
152 1373
673 6060
727 6551
560 5045
632 5691
331 2980
709 6386
653 5885
978 8809
798 7185
321 2890
697 6279
654 5894
983 8855
49 445
30 271
323 2914
554 4995
265 2386
652 5869
918 8267
127 1145
257 2319
340 3069
519 4672
13 120
288 2600
1000 9004
856 7709
945 8511
122 1104
742 6679
418 3768
787 7092
698 6283
315 2836
8 81
896 8065
499 4497
93 843
942 8480
614 5530
708 6375
594 5352
998 8990
383 3454
209 1886
142 1279
578 5207
165 1492
962 8667
114 1027
550 4957
469 4230
831 7484
976 8787
370 3332
353 3185
675 6084
102 922
275 2478
545 4912
36 333
699 6297
921 8296
666 5995
514 4629
405 3652
423 3808
266 2399
524 4719
58 531
567 5110
163 1471
110 997
388 3498
919 8274
49 448
748 6738
135 1218
196 1768
170 1535
815 7343
917 8255
424 3819
984 8859
854 7692
257 2317
752 6775
285 2574
99 896
307 2772
432 3897
694 6248
518 4671
194 1753
590 5316
19 178
791 7127
246 2216
27 246
30 273
926 8343
3 32
154 1394
804 7238
108 980
15 137
127 1150
628 5657
397 3578
534 4813
511 4608
106 960
110 994
557 5017
803 7229
730 6572
663 5972
610 5492
429 3869
873 7862
820 7385
353 3184
84 757
365 3293
717 6458
425 3828
805 7246
173 1562
689 6208
19 172
961 8654
371 3343
253 2280
717 6462
1000 9004
818 7367
616 5552
575 5184
622 5603
180 1625
790 7113
456 4109
519 4677
899 8097
189 1706
701 6314
11 107
844 7598
873 7860
873 7858
91 821
543 4893
518 4664
806 7260
583 5251
665 5990
311 2800
368 3316
393 3542
168 1516
376 3390
632 5689
466 4200
904 8141
106 960
414 3735
379 3415
607 5471
695 6260
385 3470
894 8048
830 7479
607 5465
726 6541
21 197
576 5186
214 1929
777 6996
471 4246
412 3713
461 4157
822 7406
92 837
463 4170
967 8710
958 8631
354 3188
650 5856
230 2072
757 6820
936 8427
665 5990
99 894
619 5580
650 5854
135 1219
495 4457
177 1595
513 4621
279 2516
953 8579
449 4048
35 316
674 6075
343 3095
26 239
844 7604
498 4488
639 5756
433 3900
773 6963
467 4209
182 1639
453 4078
382 3443
700 6304
252 2272
349 3149
355 3202
397 3580
365 3291
148 1333
507 4571
75 681
666 6003
46 417
373 3366
648 5841
215 1940
116 1050
487 4389
289 2609
73 661
969 8723
993 8946
604 5443
606 5460
271 2446
642 5785
668 6018
682 6145
987 8892
421 3790
487 4388
31 285
540 4868
538 4843
807 7271
637 5741
739 6656
979 8813
894 8049
322 2899
334 3007
984 8863
712 6415
860 7748
876 7887
915 8238
33 300
491 4424
85 768
652 5869
30 279
173 1562
815 7341
502 4521
583 5255
306 2761
435 3917
637 5735
180 1627
644 5798
246 2220
322 2903
172 1550
327 2948
417 3758
547 4927
766 6896
540 4863
854 7692
516 4647
691 6220
976 8790
969 8728
298 2685
971 8748
564 5080
354 3189
768 6916
836 7533
349 3148
481 4337
245 2210
131 1181
674 6073
441 3972
561 5055
737 6642
344 3098
428 3861
222 2000
468 4221
342 3080
921 8297
406 3658
616 5552
702 6325
534 4814
25 231
65 594
760 6849
133 1205
819 7376
362 3264
583 5251
997 8977
54 489
622 5599
688 6197
397 3581
526 4742
837 7540
455 4096
703 6335
406 3658
98 883
253 2278
3 29
622 5604
679 6120
929 8368
320 2886
11 108
719 6480
769 6930
42 379
420 3781
498 4491
177 1598
404 3637
503 4532
510 4596
815 7343
956 8605
507 4571
812 7312
280 2526
876 7889
60 548
224 2023
853 7684
509 4582
512 4609
503 4529
48 438
708 6377
370 3333
655 5896
525 4729
42 381
897 8079
841 7575
707 6365
337 3039
643 5791
222 2005
476 4291
788 7094
691 6228
641 5774
854 7691
25 231
93 846
871 7845
390 3514
330 2977
103 933
282 2546
74 675
328 2960
371 3346
143 1294
537 4838
578 5206
208 1880
775 6978
16 151
222 2004
867 7811
782 7041
752 6777
553 4978
754 6789
420 3785
732 6592
839 7556
960 8644
559 5033
822 7405
645 5809
973 8761
923 8311
566 5098
727 6545
344 3103
162 1467
216 1951
162 1467
716 6450
849 7646
500 4507
884 7959
885 7972
679 6116
543 4893
456 4108
894 8054
328 2959
568 5116
811 7307
241 2175
819 7377
130 1173
388 3500
210 1893
666 6001
512 4611
123 1115
186 1680
382 3439
783 7052
686 6179
247 2228
826 7442
864 7783
568 5119
159 1440
661 5952
447 4031
651 5862
163 1468
124 1117
811 7306
478 4311
711 6407
698 6290
33 298
682 6140
332 2991
357 3219
529 4767
47 432
594 5347
734 6614
959 8634
235 2123
670 6036
889 8007
351 3164
344 3102
419 3774
947 8527
311 2805
50 453
61 554
643 5789
242 2181
418 3768
349 3149
456 4105
693 6246
601 5417
763 6871
66 595
204 1841
312 2810
198 1790
611 5506
629 5663
312 2811
975 8784
247 2224
868 7815
919 8278
188 1697
829 7462
177 1594
829 7465
998 8987
490 4414
277 2497
791 7127
943 8496
73 662
662 5962
543 4889
891 8027
688 6200
717 6461
133 1201
591 5328
966 8701
528 4757
646 5822
610 5499
942 8483
669 6024
131 1183
371 3345
156 1409
828 7458
855 7696
80 721
870 7837
868 7819
272 2453
205 1854
90 814
922 8305
678 6111
919 8276
498 4487
55 499
323 2912
618 5564
753 6784
248 2239
774 6971
154 1387
166 1497
386 3480
140 1265
237 2140
716 6446
888 8001
990 8914
870 7838
164 1482
417 3759
62 563
830 7473
596 5372
358 3223
381 3437
154 1394
441 3970
979 8815
376 3391
951 8565
686 6179
39 352
620 5589
784 7060
35 323
675 6081
678 6107
486 4375
112 1016
463 4168
48 437
652 5874
818 7364
481 4334
612 5515
474 4272
703 6328
445 4009
858 7729
77 701
379 3418
84 757
945 8514
301 2717
794 7150
447 4032
208 1877
337 3039
453 4082
117 1058
408 3678
778 7006
288 2597
374 3369
899 8094
660 5946
747 6727
632 5697
230 2074
877 7895
863 7768
903 8131
264 2383
945 8510
418 3766
131 1182
43 388
650 5854
961 8652
696 6267
109 990
334 3015
163 1469
92 835
803 7233
338 3049
654 5887
556 5013
418 3765
998 8986
503 4535
816 7353
21 190
314 2835
37 340
756 6809
444 3998
916 8253
522 4705
381 3431
369 3323
258 2324
4 42
186 1676
297 2680
370 3333
791 7121
42 384
389 3507
529 4763
835 7517
870 7838
228 2056
952 8574
515 4636
555 4999
943 8493
144 1299
149 1346
962 8664
593 5346
650 5856
144 1298
530 4772
818 7366
703 6330
66 595
582 5239
190 1711
484 4363
159 1440
856 7707
454 4094
116 1048
588 5299
246 2216
280 2524
246 2217
212 1910
286 2576
437 3940
982 8847
246 2218
883 7955
477 4302
32 291
935 8423
905 8150
337 3042
777 7002
263 2372
49 445
341 3077
187 1687
958 8630
44 403
56 513
565 5091
170 1534
779 7015
62 561
477 4297
387 3492
433 3900
710 6394
182 1643
186 1675
822 7402
328 2954
758 6826
884 7957
764 6883
228 2059
224 2019
184 1661
597 5382
801 7212
770 6933
68 616
611 5503
432 3893
482 4346
345 3113
456 4111
635 5721
75 682
135 1220
96 869
191 1726
409 3685
570 5135
71 648
453 4083
326 2940
58 527
745 6710
88 794
896 8067
174 1573
218 1966
504 4544
870 7831
54 492
746 6722
331 2984
667 6007
600 5405
378 3409
459 4138
185 1672
261 2352
610 5491
53 483
645 5809
918 8271
24 220
283 2548
314 2835
412 3715
459 4134
99 893
977 8795
849 7646
285 2573
622 5605
305 2747
460 4148
582 5239
547 4930
233 2101
528 4757
187 1687
134 1213
322 2903
9 84
845 7611
352 3176
861 7755
910 8192
831 7487
548 4941
85 767
827 7447
439 3957
367 3304
906 8161
276 2489
705 6348
188 1694
715 6440
128 1159
292 2635
552 4972
220 1989
863 7772
317 2855
200 1808
149 1344
195 1759
407 3668
599 5400
254 2290
561 5050
176 1593
649 5844
81 738
603 5432
767 6908
419 3772
289 2607
203 1829
212 1916
864 7777
975 8781
289 2609
351 3160
480 4321
539 4853
550 4954
845 7611
525 4732
246 2222
400 3604
304 2738
669 6023
740 6667
540 4861
801 7213
743 6694
517 4654
301 2713
84 763
349 3143
552 4973
380 3421
194 1750
591 5320
523 4712
968 8713
703 6330
433 3901
151 1366
530 4773
739 6652
883 7953
344 3100
360 3246
375 3380
389 3502
693 6244
231 2081
122 1106
712 6413
537 4841
806 7257
568 5121
85 771
15 136
476 4290
72 652
482 4340
102 922
874 7868
746 6718
27 245
475 4284
119 1080
531 4787
611 5508
166 1499
538 4850
646 5818
92 829
733 6606
737 6640
319 2873
193 1743
585 5268
68 617
271 2444
228 2057
583 5253
373 3364
511 4605
839 7553
882 7941
881 7938
578 5209
342 3087
663 5971
828 7455
435 3916
864 7779
640 5766
360 3242
484 4360
29 267
65 594
691 6222
333 3004
609 5486
1000 9007
491 4428
634 5713
322 2899
196 1766
801 7216
320 2889
187 1689
675 6084
117 1059
249 2244
281 2532
455 4099
667 6006
731 6584
250 2251
553 4985
598 5386
607 5467
640 5765
544 4899
143 1290
986 8882
356 3206
504 4538
649 5844
557 5014
172 1551
110 993
242 2185
442 3984
464 4181
753 6782
955 8602
122 1103
382 3446
426 3840
1000 9008
49 449
489 4406
677 6101
18 163
278 2506
254 2287
540 4868
181 1634
667 6005
893 8038
581 5231
20 183
341 3078
692 6232
568 5120
676 6091
984 8862
821 7395
382 3441
717 6457
652 5869
416 3753
679 6117
832 7493
549 4949
699 6299
529 4769
831 7480
63 575
62 562
240 2164
975 8778
125 1128
995 8960
143 1291
225 2032
54 494
11 101
767 6908
708 6379
208 1881
762 6866
702 6324
689 6205
994 8947
958 8631
775 6982
328 2955
751 6764
998 8991
439 3956
981 8831
818 7370
152 1377
980 8828
731 6585
650 5851
839 7559
246 2217
966 8700
780 7022
339 3052
574 5172
198 1791
776 6990
71 644
197 1782
7 71
450 4051
258 2329
343 3096
349 3142
775 6979
711 6405
988 8899
831 7481
215 1944
663 5969
708 6380
138 1244
681 6133
12 115
320 2889
290 2618
828 7459
346 3123
285 2574
328 2957
303 2729
149 1342
934 8414
407 3671
7 67
562 5066
919 8276
368 3319
525 4734
695 6259
762 6861
710 6391
650 5859
437 3938
598 5387
90 815
348 3137
255 2303
442 3985
36 331
735 6622
758 6825
603 5432
182 1644
836 7527
846 7620
557 5014
180 1624
188 1699
961 8654
222 2005
127 1150
9 86
266 2397
989 8903
539 4854
951 8560
607 5464
614 5534
510 4592
286 2576
348 3140
540 4866
926 8336
343 3094
124 1120
97 876
16 151
251 2266
789 7104
59 533
434 3913
306 2762
868 7818
15 137
801 7215
774 6973
357 3221
498 4490
514 4628
721 6496
297 2680
414 3735
808 7281
571 5145
686 6179
680 6125
586 5278
263 2373
785 7073
477 4300
92 830
621 5595
80 726
531 4781
90 816
306 2755
457 4116
510 4592
158 1424
36 333
570 5131
971 8748
613 5519
659 5940
795 7162
417 3762
969 8722
899 8100
139 1256
336 3027
166 1500
791 7123
543 4895
291 2627
18 163
295 2656
523 4709
537 4837
796 7167
601 5416
622 5599
461 4156
341 3076
395 3562
97 876
505 4553
478 4309
390 3518
594 5354
88 793
586 5279
379 3412
469 4227
101 911
924 8325
721 6496
326 2939
714 6429
927 8346
569 5123
645 5812
462 4163
305 2753
589 5302
179 1615
928 8356
610 5494
965 8689
887 7985
173 1562
677 6095
843 7591
903 8132
495 4461
719 6478
421 3798
807 7269
435 3919
303 2736
209 1886
568 5121
512 4612
779 7014
151 1362
890 8018
604 5443
779 7019
595 5363
367 3312
857 7719
639 5757
631 5680
980 8825
71 644
247 2231
285 2574
130 1171
394 3555
15 141
661 5950
587 5288
662 5962
560 5046
915 8241
0 1
188 1695
709 6389
77 699
707 6368
451 4062
783 7053
706 6357
719 6473
72 652
713 6426
713 6419
120 1087
938 8445
106 956
982 8839
164 1484
240 2169
204 1837
89 802
438 3948
592 5331
706 6362
737 6634
102 926
246 2222
323 2916
749 6744
777 7000
223 2009
33 305
978 8807
968 8719
171 1542
643 5788
52 469
50 457
207 1865
356 3212
361 3253
79 716
460 4142
481 4337
340 3067
906 8161
264 2382
907 8166
547 4925
959 8639
770 6934
913 8225
968 8713
486 4376
245 2211
904 8140
604 5444
621 5591
428 3855
259 2335
684 6162
790 7115
969 8722
79 719
522 4702
993 8942
822 7399
718 6468
700 6301
854 7688
211 1903
934 8413
54 495
326 2943
790 7117
551 4967
538 4843
643 5790
583 5253
6 59
724 6517
612 5512
953 8579
169 1527
317 2854
98 883
119 1074
706 6358
948 8534
333 3000
431 3883
976 8786
802 7226
863 7768
50 451
203 1834
5 52
976 8787
511 4603
609 5484
536 4827
174 1573
876 7890
558 5030
245 2211
470 4239
849 7645
96 866
443 3989
786 7080
626 5636
258 2327
528 4755
548 4937
619 5577
939 8457
436 3926
788 7097
144 1302
215 1943
691 6228
988 8900
450 4057
386 3479
50 455
589 5309
5 47
478 4309
103 931
198 1786
495 4463
702 6325
654 5894
531 4785
475 4276
65 594
5 49
536 4825
601 5410
169 1526
254 2287
302 2727
718 6471
804 7238
485 4373
159 1440
193 1746
228 2058
3 31
192 1734
429 3867
919 8275
295 2659
665 5986
21 195
851 7665
881 7934
606 5455
864 7778
194 1755
174 1574
994 8950
10 98
539 4859
333 3001
849 7646
670 6035
54 495
972 8750
733 6604
426 3835
682 6141
460 4145
999 8994
478 4305
584 5259
52 474
583 5253
428 3859
24 222
203 1830
689 6208
568 5115
895 8064
482 4342
753 6780
28 255
674 6075
334 3009
164 1482
901 8110
919 8272
748 6733
762 6864
926 8335
460 4148
891 8024
849 7645
987 8890
469 4228
716 6452
550 4953
193 1744
957 8622
455 4103
963 8668
726 6541
659 5932
237 2141
838 7547
940 8466
164 1484
114 1033
722 6499
389 3509
958 8627
341 3071
224 2020
966 8698
796 7170
258 2331
647 5827
928 8355
861 7752
170 1536
753 6785
1 14
433 3904
96 873
109 983
797 7182
135 1219
749 6745
552 4976
901 8116
265 2386
560 5049
832 7497
96 866
124 1122
138 1250
191 1727
567 5112
0 8
92 834
574 5168
952 8577
142 1284
281 2533
779 7019
949 8548
360 3243
556 5005
990 8911
13 119
803 7230
619 5580
855 7699
182 1640
989 8904
545 4908
223 2016
33 305
90 812
186 1682
588 5299
516 4646
91 828
764 6878
261 2354
964 8681
278 2506
282 2541
999 9000
911 8201
589 5302
721 6498
644 5803
401 3616
614 5530
469 4229
570 5132
661 5950
658 5923
472 4251
609 5487
473 4261
590 5314
652 5877
42 380
632 5691
905 8147
627 5652
581 5230
476 4289
797 7178
426 3841
47 430
553 4984
507 4570
443 3991
493 4438
573 5166
426 3842
610 5497
758 6824
734 6607
101 917
599 5396
570 5136
401 3613
457 4120
192 1731
914 8229
811 7308
846 7616
134 1214
960 8643
418 3766
205 1851
509 4583
434 3913
438 3943
693 6243
351 3166
484 4363
180 1624
851 7660
403 3635
923 8311
727 6550
255 2298
991 8920
601 5414
749 6744
394 3548
539 4854
128 1153
855 7699
331 2985
902 8119
283 2550
339 3052
676 6088
462 4167
912 8216
606 5462
628 5655
590 5312
478 4304
492 4436
562 5067
373 3364
189 1702
284 2562
235 2116
290 2611
153 1380
668 6019
73 660
195 1761
594 5349
840 7561
73 661
947 8526
53 482
555 4999
552 4975
202 1826
538 4845
262 2360
642 5784
464 4181
619 5573
234 2110
90 812
884 7959
706 6361
224 2020
783 7050
555 5004
964 8677
560 5048
219 1973
397 3582
780 7023
707 6367
534 4808
307 2767
108 981
764 6883
948 8541
901 8112
992 8932
866 7797
95 857
20 186
198 1790
96 866
523 4712
472 4253
855 7703
618 5563
782 7043
644 5804
660 5946
262 2364
47 425
281 2531
111 1004
26 240
848 7637
287 2588
394 3548
335 3017
162 1462
733 6602
810 7293
659 5937
308 2779
188 1697
750 6753
541 4873
990 8916
336 3025
551 4965
375 3378
680 6123
791 7125
712 6409
859 7737
446 4020
375 3382
292 2629
875 7882
326 2939
502 4523
369 3330
138 1248
346 3120
798 7186
82 742
872 7856
445 4008
271 2446
322 2899
626 5641
3 30
167 1504
727 6552
920 8285
210 1894
313 2826
542 4882
571 5142
517 4662
313 2818
691 6228
832 7495
270 2434
711 6402
791 7128
410 3694
837 7537
328 2961
524 4725
952 8573
689 6208
27 245
364 3283
379 3412
309 2789
657 5916
848 7637
672 6049
896 8072
616 5547
15 142
228 2055
520 4689
415 3741
670 6037
766 6896
734 6609
706 6355
934 8408
710 6397
98 884
733 6605
911 8208
930 8375
308 2775
976 8788
502 4523
862 7761
840 7567
181 1633
856 7712
20 187
881 7935
439 3952
252 2274
647 5829
833 7500
952 8571
814 7335
258 2326
378 3411
434 3911
916 8251
768 6920
472 4253
514 4635
140 1261
707 6372
925 8328
847 7625
695 6263
54 494
872 7852
325 2928
974 8772
483 4350
315 2843
928 8361
285 2569
478 4304
323 2914
516 4648
790 7114
871 7846
310 2798
746 6720
414 3735
420 3787
962 8663
879 7913
592 5332
767 6908
554 4995
809 7282
444 4003
547 4932
408 3679
328 2958
409 3685
627 5646
125 1127
856 7709
256 2311
256 2308
640 5763
534 4812
45 410
978 8805
45 407
163 1472
873 7858
128 1153
714 6428
116 1048
267 2404
979 8818
345 3112
894 8050
236 2133
186 1676
337 3036
236 2129
592 5332
607 5466
362 3261
447 4027
817 7362
638 5746
783 7051
390 3516
116 1045
307 2771
629 5667
726 6540
183 1656
75 683
78 709
423 3813
848 7639
255 2304
941 8471
422 3806
851 7661
194 1749
908 8177
660 5943
609 5490
903 8136
411 3701
508 4575
917 8259
266 2395
252 2274
612 5510
22 199
172 1555
82 739
76 693
383 3448
581 5234
611 5504
708 6380
504 4539
673 6064
342 3086
907 8169
767 6904
302 2722
692 6234
123 1112
313 2822
354 3192
955 8604
404 3637
44 397
852 7676
105 948
190 1713
664 5983
150 1356
470 4232
962 8662
434 3915
112 1012
740 6661
115 1043
390 3513
175 1580
797 7174
997 8980
471 4246
377 3396
207 1869
157 1414
126 1138
156 1407
518 4669
180 1626
492 4432
8 75
314 2829
926 8343
952 8570
214 1931
243 2189
468 4219
726 6543
213 1926
200 1805
542 4879
7 72
744 6704
726 6535
547 4925
823 7411
801 7211
895 8063
853 7686
225 2028
990 8916
826 7442
227 2049
602 5424
411 3706
998 8990
149 1346
447 4027
617 5554
492 4435
778 7008
451 4062
319 2874
623 5613
351 3165
207 1864
900 8106
505 4550
586 5282
21 193
721 6494
1 13
860 7747
963 8668
817 7357
460 4141
276 2487
489 4408
298 2691
808 7274
969 8728
703 6332
410 3696
609 5487
382 3443
439 3959
767 6905
655 5903
682 6146
985 8872
738 6646
761 6854
652 5873
49 443
969 8729
950 8552
613 5524
659 5936
592 5335
880 7921
703 6334
921 8293
740 6666
539 4852
810 7292
881 7930
377 3401
953 8584
542 4885
880 7925
663 5968
891 8020
566 5095
652 5871
866 7802
102 921
545 4906
175 1577
961 8652
440 3961
463 4172
954 8592
486 4375
573 5165
676 6093
993 8945
781 7038
590 5312
433 3900
778 7004
830 7477
974 8769
759 6838
109 986
508 4577
293 2643
337 3041
560 5045
319 2880
501 4518
956 8605
233 2106
824 7419
551 4960
220 1984
501 4512
634 5714
521 4691
972 8754
24 222
132 1192
264 2383
359 3235
854 7691
600 5408
935 8418
814 7327
392 3536
853 7679
198 1787
508 4576
21 192
581 5230
29 265
401 3615
844 7604
162 1460
876 7892
626 5642
912 8209
229 2063
673 6062
296 2671
481 4335
583 5248
513 4621
317 2858
337 3035
514 4629
709 6385
411 3701
145 1308
986 8881
552 4972
544 4905
119 1078
706 6361
148 1336
759 6837
953 8583
822 7405
540 4862
360 3242
798 7186
778 7007
784 7059
418 3768
775 6977
990 8914
558 5030
864 7781
150 1358
864 7780
337 3037
508 4581
648 5838
896 8073
203 1833
688 6201
390 3516
157 1419
638 5751
433 3905
997 8978
256 2310
620 5582
435 3923
352 3177
646 5816
27 248
285 2570
145 1310
465 4189
879 7918
664 5985
664 5985
133 1198
950 8556
293 2642
118 1063
304 2739
570 5131
317 2854
818 7371
432 3896
724 6524
762 6866
769 6922
647 5824
150 1358
195 1758
784 7058
735 6618
669 6025
518 4667
485 4372
707 6368
198 1784
95 862
66 596
704 6341
101 918
804 7243
740 6665
958 8625
652 5869
661 5958
854 7694
474 4268
765 6886
211 1906
236 2130
952 8570
587 5287
123 1116
464 4177
885 7973
634 5714
617 5558
577 5200
718 6465
896 8068
600 5403
814 7331
248 2241
360 3247
242 2184
300 2705
83 748
234 2110
309 2782
906 8160
468 4214
445 4008
631 5687
516 4651
161 1455
719 6480
585 5273
144 1300
521 4696
906 8161
827 7449
579 5212
528 4758
412 3713
370 3335
972 8757
187 1687
503 4534
661 5951
363 3272
162 1466
318 2865
172 1551
657 5920
306 2755
561 5058
891 8028
139 1257
563 5075
291 2624
894 8055
273 2463
263 2374
729 6565
154 1392
690 6219
663 5969
457 4119
508 4574
584 5263
253 2285
651 5863
680 6129
168 1519
84 765
302 2721
311 2805
645 5809
547 4932
264 2383
785 7068
735 6621
347 3130
184 1662
176 1591
662 5963
312 2816
892 8031
742 6680
35 317
343 3094
154 1387
478 4307
570 5137
719 6476
395 3557
615 5536
470 4232
265 2392
726 6536
227 2052
42 383
873 7858
45 412
947 8524
673 6065
441 3976
857 7721
774 6975
354 3191
963 8669
768 6916
93 841
855 7700
907 8165
199 1792
764 6881
774 6969
944 8503
661 5954
914 8227
968 8719
184 1657
103 932
17 161
24 220
113 1022
828 7459
238 2147
471 4241
320 2883
964 8682
843 7591
54 491
627 5650
455 4099
189 1703
571 5142
728 6560
916 8252
259 2333
114 1027
661 5956
559 5037
331 2984
9 86
432 3889
83 753
94 853
896 8065
98 883
952 8570
538 4848
518 4671
729 6565
312 2809
875 7883
439 3958
347 3126
253 2282
908 8176
304 2740
483 4354
29 262
421 3796
240 2169
193 1742
720 6489
469 4227
872 7853
348 3141
519 4675
997 8978
884 7959
181 1631
168 1517
426 3842
360 3241
692 6231
843 7595
668 6015
505 4547
677 6099
689 6208
439 3952
653 5886
129 1163
258 2326
883 7952
938 8448
746 6717
282 2547
599 5392
144 1300
594 5349
669 6025
842 7579
903 8129
191 1722
34 315
231 2087
709 6386
26 238
868 7814
435 3919
322 2903
728 6557
499 4492
646 5823
689 6206
575 5180
456 4105
794 7148
586 5277
111 1004
183 1653
375 3378
201 1813
492 4430
499 4492
300 2705
25 227
960 8649
523 4713
73 665
937 8437
941 8475
21 193
64 578
483 4356
899 8096
247 2231
855 7701
490 4416
572 5151
60 547
85 772
486 4383
998 8983
205 1852
542 4884
728 6556
731 6581
953 8578
89 803
511 4604
807 7269
382 3446
353 3185
304 2740
584 5258
336 3030
27 247
209 1883
679 6117
517 4658
750 6757
842 7586
561 5057
488 4401
575 5176
830 7479
983 8850
350 3152
257 2318
878 7907
767 6911
953 8581
257 2319
46 420
420 3786
714 6431
31 285
766 6899
724 6523
11 100
696 6269
78 707
671 6042
670 6033
11 105
10 93
602 5426
112 1009
476 4287
452 4073
797 7175
132 1189
645 5810
867 7808
294 2654
828 7454
758 6823
113 1025
321 2896
392 3531
96 873
100 909
426 3835
336 3026
936 8433
849 7647
485 4367
276 2487
558 5025
675 6084
137 1241
16 147
963 8676
776 6989
477 4297
994 8947
880 7925
868 7819
213 1920
672 6051
240 2168
535 4819
304 2740
116 1051
650 5858
385 3467
440 3962
632 5692
482 4347
568 5116
791 7123
865 7792
649 5848
341 3075
202 1827
810 7292
468 4221
619 5574
125 1131
682 6142
13 123
144 1299
883 7955
684 6159
929 8370
871 7843
4 45
202 1824
814 7327
424 3824
990 8914
380 3421
283 2551
989 8906
523 4714
425 3829
37 342
882 7940
747 6729
347 3132
448 4037
674 6071
216 1948
161 1458
654 5891
730 6577
613 5520
473 4261
815 7336
916 8253
468 4216
704 6341
996 8971
864 7779
306 2762
882 7942
251 2268
552 4972
855 7697
1000 9006
605 5449
144 1303
48 439
956 8607
500 4506
671 6045
95 857
197 1781
670 6032
579 5219
11 107
551 4968
449 4046
795 7157
694 6250
208 1873
441 3977
236 2128
805 7246
120 1089
225 2030
940 8464
126 1141
100 909
966 8702
277 2496
474 4274
299 2692
54 491
168 1513
629 5670
665 5993
130 1179
352 3169
271 2442
990 8913
795 7163
591 5324
828 7459
672 6057
957 8614
757 6818
890 8017
59 534
708 6379
138 1245
735 6618
277 2500
69 624
961 8654
771 6946
327 2950
572 5151
73 663
246 2217
493 4441
942 8487
936 8425
809 7290
777 7000
750 6753
61 557
854 7695
513 4625
83 752
221 1990
809 7288
495 4463
382 3439
725 6534
594 5349
966 8699
836 7528
521 4692
212 1909
185 1667
240 2169
116 1045
878 7908
74 667
458 4128
123 1115
246 2221
745 6714
516 4652
568 5116
27 246
97 876
45 414
755 6796
221 1990
760 6842
55 497
759 6839
397 3575
200 1808
526 4738
11 102
622 5604
609 5484
728 6557
419 3780
431 3885
72 657
454 4095
737 6635
873 7859
226 2041
658 5927
574 5170
402 3624
465 4190
905 8152
250 2251
919 8276
973 8763
477 4297
164 1484
68 614
162 1467
225 2026
713 6423
560 5041
764 6881
494 4450
809 7287
420 3783
235 2121
434 3909
507 4572
725 6533
242 2184
673 6059
906 8158
467 4206
251 2261
404 3638
206 1862
410 3693
202 1820
538 4844
73 658
191 1726
673 6066
976 8791
439 3959
621 5597
814 7331
259 2334
467 4209
141 1272
48 434
622 5601
532 4797
45 410
413 3721
939 8453
317 2860
941 8476
300 2703
959 8633
706 6363
189 1705
241 2177
356 3208
308 2780
55 496
699 6293
889 8009
870 7835
366 3300
327 2952
540 4866
562 5066
828 7455
63 575
910 8198
463 4172
449 4043
395 3557
551 4967
193 1740
308 2773
529 4768
188 1695
998 8988
442 3985
960 8641
803 7235
237 2136
267 2404
121 1092
462 4163
48 433
448 4041
33 304
168 1515
211 1906
80 728
616 5549
163 1469
740 6669
746 6720
919 8280
520 4682
929 8370
677 6094
97 881
850 7659
933 8406
937 8436
643 5789
897 8077
352 3170
937 8441
867 7810
443 3988
464 4177
56 511
33 304
368 3321
179 1612
600 5407
23 211
146 1317
542 4882
571 5145
106 956
597 5379
616 5551
63 575
660 5943
108 975
956 8605
470 4231
532 4792
413 3724
796 7172
505 4551
175 1583
143 1290
156 1405
519 4672
984 8858
322 2904
955 8599
371 3344
345 3108
584 5259
858 7731
544 4897
926 8343
916 8247
99 893
365 3289
356 3210
22 202
179 1618
643 5791
855 7702
645 5806
343 3089
818 7365
763 6868
660 5949
759 6833
147 1325
304 2739
60 545
879 7919
27 246
794 7155
157 1420
595 5359
229 2070
50 457
971 8746
585 5269
169 1526
549 4944
34 307
0 3
489 4403
414 3728
330 2972
60 541
185 1667
703 6333
557 5016
232 2091
658 5926
367 3305
955 8599
45 413
950 8555
991 8928
911 8204
335 3021
814 7327
688 6198
993 8943
385 3467
165 1491
407 3670
23 209
360 3249
620 5589
813 7319
249 2242
183 1656
817 7362
871 7840
21 190
28 261
460 4145
777 7000
724 6523
231 2083
21 193
692 6236
160 1449
207 1868
455 4103
759 6833
602 5425
310 2793
912 8209
749 6742
642 5781
582 5242
248 2235
964 8683
214 1930
826 7439
535 4823
94 847
221 1997
396 3566
220 1986
705 6353
536 4827
742 6680
789 7109
83 752
283 2556
645 5808
122 1105
916 8253
578 5207
357 3220
407 3670
56 513
44 400
971 8748
856 7706
312 2811
499 4492
811 7301
494 4454
197 1775
0 9
567 5108
990 8912
651 5865
474 4274
426 3838
155 1401
490 4419
676 6090
701 6315
653 5879
393 3542
849 7648
2 26
663 5971
454 4089
192 1737
452 4069
760 6844
492 4437
14 127
531 4783
573 5163
523 4710
432 3893
121 1091
191 1723
635 5719
115 1036
261 2354
585 5273
261 2354
480 4324
873 7859
381 3436
548 4936
622 5599
488 4397
296 2668
165 1488
304 2737
133 1202
968 8718
549 4947
375 3379
151 1368
831 7483
427 3851
936 8431
954 8593
584 5261
352 3170
522 4707
936 8426
209 1888
182 1646
775 6979
891 8026
468 4217
424 3824
800 7205
296 2669
940 8469
898 8087
372 3355
763 6873
362 3263
773 6958
823 7409
236 2131
29 268
578 5208
978 8809
866 7800
40 368
404 3637
380 3428
653 5882
718 6464
22 202
659 5937
578 5210
478 4311
794 7151
738 6651
132 1190
205 1846
3 33
880 7921
38 344
888 8000
487 4388
162 1461
519 4678
122 1100
860 7745
356 3208
989 8902
98 890
917 8260
337 3042
667 6010
551 4967
173 1560
407 3666
785 7068
755 6797
766 6896
947 8524
323 2909
881 7934
93 840
277 2501
329 2970
199 1798
748 6741
198 1791
742 6680
309 2788
139 1259
490 4411
647 5827
182 1646
745 6714
450 4058
703 6330
655 5902
86 778
17 161
410 3699
595 5361
514 4631
584 5261
386 3482
2 24
955 8601
219 1978
202 1822
728 6559
936 8430
341 3074
168 1515
905 8150
217 1958
412 3717
85 769
810 7299
940 8466
282 2546
183 1649
39 352
506 4560
953 8582
613 5523
647 5825
438 3944
95 861
744 6704
923 8316
183 1649
834 7509
149 1349
518 4670
382 3446
433 3900
65 587
620 5582
452 4069
148 1341
446 4016
907 8171
458 4124
969 8730
899 8092
715 6436
284 2560
453 4081
824 7417
543 4895
282 2539
76 693
556 5006
476 4289
686 6179
190 1714
246 2223
166 1495
862 7761
233 2098
201 1811
287 2589
952 8575
609 5485
125 1128
354 3192
644 5802
483 4354
701 6310
404 3640
488 4397
1 18
344 3100
822 7401
181 1637
299 2692
110 993
855 7698
616 5551
492 4435
19 174
737 6635
473 4263
673 6061
20 189
841 7576
933 8400
807 7268
459 4138
445 4006
172 1557
930 8373
458 4131
471 4245
677 6098
277 2497
437 3939
612 5511
773 6966
330 2976
597 5381
571 5145
847 7627
306 2759
570 5137
555 4999
221 1998
176 1585
965 8689
47 428
643 5794
64 582
564 5080
98 889
587 5288
619 5580
724 6522
962 8659
651 5861
228 2057
977 8798
899 8095
158 1429
559 5032
334 3008
23 211
173 1560
608 5474
880 7921
142 1282
208 1876
675 6084
922 8303
597 5376
822 7399
869 7825
108 975
121 1090
613 5519
949 8545
81 737
614 5530
770 6933
138 1246
30 273
78 709
430 3875
472 4249
342 3083
16 149
180 1623
79 718
302 2726
42 382
349 3146
779 7013
377 3398
954 8591
360 3244
554 4987
981 8830
448 4036
457 4119
953 8586
14 134
899 8094
871 7840
238 2150
889 8009
765 6892
121 1096
776 6988
283 2554
801 7214
414 3727
647 5828
537 4837
126 1137
904 8137
611 5500
375 3383
594 5353
865 7794
542 4886
85 773
796 7169
502 4527
260 2344
645 5812
166 1498
19 175
396 3568
198 1783
256 2313
633 5706
330 2973
987 8891
952 8572
709 6382
375 3379
198 1784
217 1961
523 4709
97 881
442 3980
100 904
640 5766
417 3762
879 7917
980 8825
701 6317
348 3136
886 7977
242 2179
403 3633
533 4806
334 3013
821 7397
237 2138
426 3837
418 3763
887 7990
567 5109
616 5552
328 2957
272 2452
308 2781
165 1490
389 3510
55 496
485 4366
454 4094
963 8674
772 6956
83 751
539 4855
117 1058
665 5989
941 8471
302 2723
376 3392
133 1205
139 1258
918 8269
896 8072
280 2525
724 6519
55 496
327 2948
454 4095
156 1408
217 1960
573 5163
724 6525
430 3874
675 6078
831 7481
646 5823
27 246
57 514
415 3737
241 2177
328 2954
463 4171
944 8505
707 6367
656 5908
828 7456
967 8704
516 4652
180 1629
785 7066
36 330
24 225
249 2244
323 2916
343 3088
73 665
305 2750
403 3635
719 6475
902 8122
228 2054
993 8938
739 6660
584 5265
788 7094
982 8846
693 6245
414 3734
871 7846
933 8402
664 5979
173 1558
991 8920
100 902
932 8397
379 3412
155 1404
534 4808
435 3922
324 2918
769 6930
334 3014
415 3740
562 5064
273 2459
64 584
891 8026
219 1977
234 2108
528 4756
648 5833
389 3508
793 7142
504 4543
494 4452
993 8946
233 2104
384 3461
735 6621
133 1199
630 5679
774 6969
744 6704
613 5518
496 4467
214 1934
798 7189
457 4121
587 5289
360 3248
445 4013
176 1591
526 4741
334 3007
601 5417
850 7657
371 3342
869 7825
55 501
688 6199
180 1625
300 2709
533 4806
140 1261
757 6816
200 1802
918 8265
297 2680
743 6695
964 8685
215 1939
207 1870
982 8844
575 5183
552 4975
932 8396
697 6277
482 4347
863 7775
387 3487
771 6944
879 7920
656 5907
310 2793
433 3898
141 1278
315 2836
109 988
649 5844
359 3237
835 7523
641 5776
793 7140
241 2176
745 6711
604 5441
707 6370
776 6986
117 1057
573 5163
342 3086
746 6721
258 2325
32 296
201 1818
261 2358
136 1231
357 3218
873 7864
787 7091
355 3202
292 2629
729 6568
687 6186
451 4064
448 4033
325 2927
790 7112
693 6244
853 7686
473 4263
53 480
268 2415
80 721
434 3911
110 991
744 6699
519 4674
230 2076
76 691
869 7827
114 1035
386 3482
871 7843
86 775
876 7886
157 1414
745 6711
275 2479
997 8974
497 4474
970 8732
289 2610
171 1541
824 7419
782 7045
419 3777
115 1040
384 3461
574 5173
881 7933
562 5064
716 6450
172 1555
999 8998
428 3854
38 347
320 2884
946 8522
282 2541
690 6214
217 1960
474 4273
357 3222
510 4591
948 8539
246 2217
483 4352
524 4721
788 7094
193 1739
158 1428
352 3176
49 445
633 5705
397 3579
176 1590
760 6843
679 6118
649 5848
651 5865
786 7077
489 4407
653 5884
392 3531
101 914
328 2955
334 3008
739 6660
50 458
718 6468
752 6770
164 1483
893 8046
110 997
267 2409
119 1074
189 1706
678 6107
124 1117
871 7845
726 6541
985 8873
350 3155
392 3532
499 4493
154 1387
658 5923
436 3926
740 6661
881 7938
503 4528
421 3794
225 2030
210 1894
320 2882
311 2802
7 65
287 2584
426 3841
553 4985
846 7615
721 6492
337 3034
481 4335
548 4936
629 5670
687 6192
784 7057
807 7272
493 4443
916 8253
50 457
957 8621
715 6439
724 6523
752 6776
962 8662
7 70
598 5390
32 295
157 1421
916 8253
572 5156
618 5566
848 7635
255 2299
847 7629
560 5045
972 8750
191 1727
776 6991
935 8420
491 4428
505 4549
140 1262
736 6628
51 468
889 8010
901 8115
217 1954
265 2388
707 6369
618 5563
494 4452
155 1404
488 4400
326 2942
43 388
673 6064
968 8719
966 8697
19 174
277 2502
193 1744
365 3291
541 4877
598 5385
260 2346
481 4334
224 2018
1 15
43 389
372 3357
493 4442
373 3361
49 450
112 1010
73 658
312 2816
870 7833
182 1640
928 8357
337 3035
878 7906
23 216
925 8329
237 2136
841 7573
199 1794
447 4028
362 3260
496 4470
925 8326
556 5011
186 1679
991 8921
940 8461
955 8601
459 4132
999 8996
902 8127
989 8910
39 359
574 5169
534 4811
840 7563
759 6839
959 8637
698 6284
662 5960
699 6294
452 4073
276 2486
915 8237
470 4235
687 6188
879 7919
736 6626
343 3089
721 6496
769 6924
447 4025
647 5824
139 1260
722 6507
294 2652
827 7445
920 8285
700 6304
20 188
957 8614
646 5817
552 4969
382 3447
562 5063
38 350
605 5451
185 1666
624 5623
570 5133
396 3568
423 3811
825 7426
730 6572
356 3210
90 814
354 3188
785 7070
869 7826
631 5688
786 7082
85 767
641 5775
80 726
121 1098
647 5832
553 4978
420 3789
242 2186
254 2291
369 3323
137 1235
303 2734
29 269
448 4035
635 5720
430 3871
179 1618
396 3573
623 5610
469 4223
992 8932
365 3292
277 2499
4 44
265 2388
526 4739
211 1901
257 2320
133 1206
860 7743
38 348
435 3924
464 4179
69 629
517 4661
861 7755
676 6089
531 4782
934 8411
67 608
990 8911
964 8681
209 1884
857 7716
827 7444
649 5842
611 5503
210 1899
269 2430
481 4330
168 1521
34 309
484 4357
820 7386
237 2138
676 6086
373 3360
438 3950
183 1655
551 4968
100 905
138 1251
853 7681
662 5964
225 2030
767 6907
717 6460
256 2311
65 593
104 937
679 6115
470 4234
829 7465
756 6812
206 1862
742 6679
67 605
623 5610
306 2758
640 5766
555 4998
2 23
806 7256
372 3355
223 2016
353 3180
106 962
659 5938
699 6293
958 8631
852 7676
538 4848
388 3498
121 1090
644 5805
202 1825
878 7906
640 5768
744 6701
551 4960
704 6343
311 2804
8 75
97 881
555 4996
311 2803
347 3124
789 7109
376 3387
618 5570
750 6754
871 7843
723 6509
247 2226
37 336
801 7215
887 7985
875 7876
556 5005
831 7482
214 1934
807 7268
499 4497
757 6822
494 4452
899 8100
332 2991
419 3779
963 8673
223 2014
267 2410
822 7401
789 7108
348 3133
608 5474
439 3955
544 4901
151 1368
891 8021
822 7402
988 8898
185 1669
945 8506
684 6162
682 6139
667 6009
774 6968
191 1727
567 5110
145 1310
176 1588
854 7695
527 4748
239 2158
989 8910
581 5232
453 4083
335 3020
405 3648
683 6150
2 22
45 407
131 1180
243 2188
164 1481
319 2878
324 2920
187 1690
331 2988
589 5305
509 4583
734 6614
30 272
604 5442
7 65
766 6897
821 7392
424 3821
216 1949
577 5194
681 6137
639 5760
54 494
946 8523
78 703
833 7499
771 6943
131 1182
490 4418
639 5753
189 1706
440 3961
824 7418
206 1856
908 8179
219 1980
68 618
200 1809
152 1375
0 7
917 8259
563 5072
461 4154
84 757
676 6092
121 1095
718 6470
677 6094
758 6828
832 7490
261 2355
684 6163
713 6425
987 8890
69 623
308 2774
642 5785
851 7661
772 6954
578 5209
875 7883
292 2629
473 4264
209 1889
656 5906
587 5292
997 8981
43 388
467 4206
583 5253
481 4331
615 5536
55 496
209 1883
664 5977
465 4190
797 7182
947 8526
767 6907
825 7426
813 7319
424 3823
353 3184
177 1597
139 1259
8 77
804 7243
690 6216
249 2249
623 5613
191 1725
112 1012
352 3171
639 5759
567 5104
236 2130
468 4217
236 2127
591 5325
839 7560
495 4456
16 146
828 7461
144 1305
83 749
821 7390
797 7180
15 139
104 945
601 5416
926 8335
959 8640
749 6742
459 4136
847 7631
151 1363
13 121
969 8723
333 2998
874 7873
614 5531
439 3952
154 1394
119 1074
273 2461
367 3304
960 8647
520 4688
754 6793
716 6448
71 640
498 4487
338 3049
733 6598
529 4769
633 5701
153 1384
114 1032
996 8972
820 7382
583 5256
731 6584
40 368
670 6033
50 455
300 2709
734 6610
63 576
55 497
419 3774
115 1037
1000 9001
275 2476
988 8900
507 4570
425 3828
287 2590
63 571
91 823
207 1871
536 4830
769 6925
447 4032
261 2351
732 6591
801 7217
374 3368
717 6457
378 3403
136 1230
269 2423
937 8437
650 5857
420 3783
27 246
788 7097
66 603
945 8513
94 848
778 7008
40 361
582 5240
580 5227
506 4556
731 6581
20 188
444 4003
395 3556
341 3073
444 3999
321 2895
323 2910
485 4373
275 2482
678 6110
257 2315
569 5128
975 8777
465 4186
384 3458
664 5983
762 6863
975 8778
152 1371
847 7624
672 6057
169 1527
689 6203
134 1215
774 6972
825 7427
495 4459
620 5582
307 2770
574 5175
370 3331
223 2014
514 4632
422 3801
422 3805
167 1506
513 4624
897 8074
111 1006
852 7669
372 3350
930 8377
424 3820
456 4108
124 1123
651 5861
122 1105
868 7816
412 3717
483 4353
135 1217
447 4031
572 5149
585 5268
780 7025
271 2444
325 2934
921 8297
839 7560
77 696
336 3026
637 5736
76 688
72 652
503 4533
75 683
243 2189
91 821
391 3522
609 5483
318 2866
938 8450
196 1772
759 6838
996 8968
831 7484
10 92
898 8087
441 3971
714 6431
274 2475
155 1396
107 966
783 7050
191 1725
338 3043
68 620
170 1538
351 3167
536 4832
575 5184
785 7072
486 4377
655 5902
575 5183
274 2474
959 8634
427 3852
456 4106
204 1844
390 3519
376 3393
476 4293
692 6233
99 896
508 4577
861 7753
39 357
339 3053
785 7068
386 3479
387 3490
318 2867
898 8087
681 6136
48 441
180 1627
576 5189
402 3626
494 4450
123 1109
314 2834
683 6154
9 83
584 5258
916 8247
847 7632
867 7809
114 1030
179 1617
666 5999
617 5558
869 7827
80 729
889 8006
939 8458
732 6592
394 3555
603 5431
898 8091
558 5024
194 1753
194 1750
40 364
526 4740
552 4973
256 2308
155 1403
42 386
427 3852
759 6835
71 645
300 2701
155 1400
62 561
965 8694
413 3724
753 6784
173 1561
295 2660
206 1861
549 4950
162 1466
603 5432
624 5619
299 2698
13 125
101 917
719 6472
541 4873
1000 9002
958 8630
548 4936
906 8159
972 8756
511 4601
540 4864
792 7137
812 7314
579 5217
599 5395
95 857
168 1516
269 2427
324 2925
65 593
471 4242
227 2045
213 1925
804 7237
909 8187
687 6189
127 1150
978 8807
377 3396
167 1504
535 4819
876 7891
175 1577
357 3216
158 1423
890 8016
633 5703
456 4113
857 7717
521 4697
468 4220
851 7668
904 8141
200 1808
694 6250
692 6236
775 6976
125 1132
403 3628
527 4746
76 690
639 5759
979 8815
801 7216
263 2376
227 2048
409 3685
749 6748
214 1929
768 6917
55 502
673 6062
212 1910
478 4306
195 1756
329 2964
399 3593
789 7108
472 4253
224 2020
503 4528
762 6863
883 7953
536 4828
860 7747
809 7282
89 805
325 2932
549 4949
258 2328
285 2571
650 5857
210 1895
459 4136
770 6938
575 5180
648 5834
328 2955
132 1194
131 1187
543 4893
65 588
340 3062
788 7098
678 6106
933 8402
729 6570
662 5961
313 2818
151 1361
937 8436
837 7539
77 701
959 8640
162 1461
340 3069
563 5068
32 293
98 883
244 2204
205 1846
835 7524
924 8321
868 7821
214 1929
579 5217
715 6440
226 2039
624 5622
796 7168
588 5301
218 1971
776 6988
638 5749
685 6167
629 5666
871 7842
589 5307
598 5390
856 7705
188 1693
948 8538
865 7793
299 2695
534 4807
445 4011
997 8982
637 5742
674 6074
236 2127
676 6085
555 5001
352 3170
870 7831
33 305
965 8694
777 7001
552 4970
152 1375
780 7026
275 2476
732 6594
831 7483
280 2525
761 6853
138 1249
68 615
889 8010
787 7088
37 340
76 688
173 1564
304 2741
944 8497
897 8081
169 1522
299 2697
603 5434
482 4340
429 3869
949 8549
122 1101
118 1063
801 7210
372 3353
719 6473
126 1138
322 2899
599 5398
833 7500
950 8552
900 8108
584 5261
154 1391
863 7771
354 3191
267 2408
492 4430
826 7439
172 1553
532 4797
502 4521
641 5778
765 6889
837 7538
104 945
984 8860
540 4863
432 3890
349 3149
898 8085
982 8847
483 4356
761 6851
12 112
751 6761
120 1088
640 5766
348 3141
623 5614
669 6025
515 4637
593 5343
554 4992
200 1807
313 2820
742 6682
841 7578
740 6665
695 6263
530 4775
721 6492
266 2399
306 2757
509 4584
417 3754
53 478
103 936
777 7000
514 4633
979 8815
582 5246
903 8131
21 196
767 6909
296 2665
186 1682
444 4004
295 2662
380 3422
788 7096
533 4805
241 2172
637 5739
879 7918
145 1307
345 3113
864 7783
506 4563
521 4693
789 7106
731 6580
568 5114
395 3556
361 3253
465 4188
153 1383
823 7414
681 6138
464 4183
370 3337
238 2149
355 3199
26 241
385 3473
710 6395
152 1373
768 6916
930 8377
922 8301
445 4014
727 6552
925 8327
184 1662
950 8556
551 4968
702 6324
46 417
87 792
368 3313
126 1138
870 7837
241 2172
491 4425
18 170
538 4846
103 934
385 3467
897 8078
547 4932
329 2965
541 4872
322 2900
573 5162
320 2886
83 752
110 992
993 8942
176 1593
100 901
319 2872
258 2325
658 5927
318 2871
920 8289
779 7018
690 6214
959 8634
18 171
376 3391
545 4914
890 8015
992 8936
356 3211
485 4367
702 6322
154 1392
978 8806
464 4185
855 7696
365 3288
506 4561
691 6223
164 1482
894 8047
324 2922
698 6284
311 2804
404 3640
215 1942
879 7916
890 8018
995 8962
177 1594
826 7436
594 5349
5 46
41 378
669 6028
74 667
62 566
213 1925
573 5161
336 3025
383 3451
229 2070
55 503
351 3167
365 3289
464 4178
148 1341
548 4934
38 348
116 1050
115 1037
375 3383
957 8614
590 5312
529 4766
14 133
708 6378
897 8079
290 2616
311 2802
467 4211
478 4303
775 6976
917 8257
136 1231
46 418
275 2480
660 5948
76 691
751 6766
411 3704
236 2131
977 8802
473 4264
679 6117
643 5789
930 8379
820 7383
204 1839
68 621
468 4214
544 4904
69 628
287 2584
158 1427
45 409
553 4978
813 7318
557 5022
565 5092
393 3544
654 5887
582 5243
324 2917
681 6133
392 3532
135 1224
664 5982
163 1468
596 5373
254 2288
584 5259
867 7810
143 1294
873 7862
121 1091
122 1101
677 6097
137 1236
493 4441
554 4987
164 1484
794 7151
284 2561
906 8162
671 6041
340 3063
994 8949
928 8356
238 2147
888 7994
196 1765
727 6551
854 7694
765 6886
402 3622
375 3377
382 3443
48 434
548 4940
473 4263
645 5813
774 6973
229 2062
627 5644
635 5718
487 4389
623 5615
544 4904
730 6572
30 277
223 2009
382 3442
820 7384
384 3464
801 7213
737 6635
212 1911
898 8086
527 4748
535 4817
157 1417
949 8547
217 1957
715 6438
407 3670
725 6533
167 1505
893 8046
633 5702
573 5166
37 339
863 7772
223 2011
753 6784
453 4083
443 3991
163 1470
218 1968
384 3457
527 4749
637 5735
510 4597
663 5968
985 8874
119 1072
687 6189
204 1843
953 8586
968 8717
547 4925
6 57
314 2833
770 6932
615 5543
520 4689
602 5424
553 4980
42 381
956 8605
74 670
614 5530
227 2050
255 2301
223 2010
451 4064
855 7704
410 3696
348 3134
683 6149
921 8292
539 4853
968 8720
278 2503
804 7240
905 8149
579 5220
961 8657
44 399
399 3595
586 5283
517 4657
306 2763
913 8223
380 3421
375 3384
469 4226
569 5122
443 3992
634 5707
18 169
762 6867
985 8867
31 288
299 2693
9 84
526 4739
922 8304
841 7577
518 4664
554 4988
786 7083
400 3607
268 2418
686 6178
675 6079
423 3809
713 6420
529 4765
90 811
84 759
472 4249
73 666
635 5721
65 586
117 1062
106 958
18 169
113 1018
179 1619
917 8254
155 1399
817 7355
986 8883
698 6288
917 8255
988 8896
95 856
0 6
53 481
255 2298
760 6841
233 2105
983 8852
592 5336
410 3693
808 7279
477 4296
291 2625
166 1498
525 4731
104 945
79 713
532 4792
101 916
321 2892
641 5772
63 576
512 4615
191 1724
582 5240
303 2731
178 1611
555 4997
506 4563
544 4899
961 8653
577 5199
410 3691
416 3751
744 6705
432 3893
147 1330
289 2608
510 4592
427 3845
88 794
124 1121
730 6577
336 3029
77 694
367 3310
339 3057
922 8302
334 3014
687 6185
945 8507
356 3213
541 4878
616 5547
544 4904
655 5901
755 6802
316 2849
557 5020
324 2917
34 307
661 5951
864 7784
376 3391
139 1259
638 5750
357 3214
608 5479
117 1058
260 2346
708 6381
446 4019
232 2092
88 800
839 7555
453 4082
57 519
646 5818
588 5294
690 6218
21 191
442 3985
335 3023
925 8329
122 1106
760 6846
37 339
226 2040
944 8497
79 716
413 3719
44 400
611 5506
11 103
9 82
137 1240
824 7424
487 4386
676 6089
896 8065
567 5105
997 8979
697 6277
651 5865
279 2516
62 562
949 8547
259 2339
654 5892
987 8887
757 6820
892 8033
646 5817
545 4913
783 7050
279 2512
745 6712
790 7119
596 5366
68 618
611 5504
11 100
180 1622
407 3672
879 7916
198 1785
165 1486
301 2711
662 5966
839 7556
352 3169
432 3897
324 2919
238 2151
663 5975
341 3074
428 3856
165 1486
543 4895
950 8551
368 3321
511 4601
814 7332
964 8684
160 1446
97 880
91 825
573 5163
201 1811
291 2623
222 1999
14 130
137 1239
885 7970
1 18
28 254
779 7019
393 3545
877 7897
126 1139
857 7719
307 2768
661 5955
228 2057
916 8252
601 5413
112 1015
364 3282
446 4018
91 823
31 286
924 8317
997 8976
177 1598
989 8903
341 3077
38 346
238 2151
365 3293
292 2631
889 8006
966 8696
332 2995
643 5795
294 2647
220 1985
516 4650
785 7074
335 3019
676 6085
108 978
91 824
28 255
253 2280
570 5133
751 6768
528 4756
925 8330
891 8023
490 4418
970 8738
680 6125
578 5206
502 4525
906 8162
541 4877
783 7050
922 8300
633 5699
489 4404
64 578
216 1949
311 2806
851 7661
558 5027
370 3336
381 3431
849 7644
308 2779
939 8458
721 6497
399 3600
58 524
454 4088
208 1876
140 1261
617 5558
915 8243
960 8641
731 6583
927 8348
475 4276
369 3326
559 5038
857 7721
622 5601
597 5375
52 469
473 4262
902 8124
233 2101
725 6529
776 6993
428 3854
368 3321
435 3917
932 8395
306 2755
762 6867
744 6698
116 1048
629 5667
20 187
476 4286
374 3371
439 3959
949 8542
258 2328
530 4772
997 8979
786 7083
566 5097
728 6560
707 6370
603 5435
152 1376
238 2151
77 696
668 6017
444 4004
802 7222
569 5126
395 3558
170 1539
396 3568
11 105
387 3486
204 1837
237 2135
645 5806
183 1652
233 2100
444 3998
814 7334
923 8315
113 1020
300 2706
376 3389
933 8402
458 4130
86 779
936 8432
52 470
501 4516
361 3258
785 7071
522 4700
232 2094
418 3771
354 3191
449 4045
741 6672
146 1316
464 4177
296 2667
287 2587
71 646
837 7535
780 7026
281 2534
825 7428
725 6526
255 2302
652 5872
486 4375
922 8306
344 3099
144 1304
298 2687
725 6532
909 8188
464 4178
711 6406
319 2877
430 3872
629 5667
208 1880
770 6932
615 5540
890 8015
474 4267
132 1196
779 7013
913 8220
236 2129
677 6100
609 5483
415 3739
739 6660
420 3786
889 8009
929 8369
685 6167
549 4949
18 167
862 7766
722 6505
947 8527
828 7461
263 2373
162 1462
301 2713
477 4302
935 8422
98 883
974 8771
490 4416
802 7224
770 6932
311 2801
450 4055
141 1270
652 5869
892 8033
826 7439
388 3498
410 3693
52 475
465 4188
885 7971
430 3871
777 6999
73 658
787 7092
725 6533
496 4466
930 8376
81 733
22 202
981 8837
39 354
549 4949
735 6623
634 5710
125 1126
945 8508
986 8881
414 3734
300 2709
169 1524
737 6634
301 2715
522 4703
54 489
353 3178
441 3977
773 6965
418 3771
733 6605
983 8853
934 8409
663 5976
97 874
363 3276
969 8729
439 3957
933 8402
808 7280
380 3428
631 5682
449 4048
497 4476
839 7559
424 3822
149 1350
632 5692
264 2384
772 6949
815 7344
643 5790
254 2290
574 5168
755 6799
882 7942
995 8956
47 427
537 4842
542 4887
440 3967
752 6769
361 3258
271 2441
117 1062
684 6163
903 8131
692 6234
1 15
69 629
136 1228
27 246
114 1033
770 6937
934 8410
381 3430
448 4040
722 6507
26 237
76 688
266 2403
81 731
558 5023
564 5079
242 2183
116 1048
330 2978
519 4672
489 4402
738 6643
348 3137
311 2805
428 3856
24 225
102 922
357 3220
524 4720
208 1879
919 8274
243 2193
911 8206
541 4878
849 7644
216 1953
486 4379
726 6540
822 7407
507 4569
452 4071
523 4714
197 1774
407 3671
561 5053
543 4894
268 2417
953 8583
422 3802
613 5523
266 2398
683 6156
335 3018
38 345
641 5776
490 4417
944 8505
776 6992
425 3828
563 5072
746 6717
686 6183
936 8432
444 4002
163 1471
999 8997
947 8529
724 6524
734 6614
228 2060
881 7937
501 4513
616 5553
795 7160
4 37
87 791
109 987
439 3953
247 2226
153 1379
894 8050
506 4557
40 365
899 8094
115 1042
4 44
119 1078
560 5048
805 7253
296 2665
553 4984
585 5269
705 6346
895 8061
439 3957
966 8699
589 5310
498 4491
212 1912
438 3947
858 7726
844 7603
498 4483
591 5328
691 6227
373 3365
375 3377
922 8305
366 3300
712 6417
1000 9008
819 7378
235 2121
779 7015
366 3301
293 2638
412 3712
991 8928
373 3365
533 4798
854 7690
862 7765
765 6893
271 2440
113 1025
429 3865
291 2627
224 2022
255 2302
103 934
181 1633
183 1656
421 3794
233 2098
223 2011
517 4656
501 4516
450 4056
105 954
552 4971
575 5176
798 7183
344 3102
852 7669
185 1669
421 3794
78 703
813 7326
593 5342
661 5956
161 1456
335 3016
664 5978
721 6495
193 1745
213 1921
519 4676
957 8620
763 6870
719 6472
269 2425
986 8881
984 8865
151 1361
418 3765
469 4223
167 1507
164 1485
977 8798
888 7998
853 7681
540 4863
498 4487
965 8690
972 8756
380 3421
369 3326
315 2841
560 5046
959 8639
540 4869
996 8968
366 3297
328 2954
935 8417
495 4459
363 3273
673 6061
883 7952
156 1405
270 2435
917 8257
350 3152
513 4626
537 4837
786 7083
433 3902
121 1093
736 6633
684 6157
706 6360
347 3126
917 8262
968 8720
617 5558
283 2548
23 215
195 1761
921 8298
95 863
415 3741
803 7231
235 2121
718 6464
138 1251
871 7844
58 524
779 7014
450 4059
398 3588
282 2544
74 669
331 2983
435 3921
870 7836
25 228
857 7720
631 5687
493 4438
305 2751
669 6023
808 7279
502 4525
672 6056
148 1339
74 668
304 2745
467 4206
410 3698
381 3431
846 7615
73 661
876 7893
841 7578
743 6695
412 3709
29 269
8 79
921 8297
465 4189
34 312
434 3914
241 2170
181 1633
959 8639
864 7785
279 2517
728 6558
816 7352
509 4584
767 6909
288 2595
598 5384
476 4285
420 3789
970 8734
111 1001
33 301
818 7368
100 901
716 6450
503 4534
300 2704
535 4822
145 1310
365 3287
244 2197
163 1476
358 3226
809 7285
301 2712
823 7411
241 2173
891 8020
182 1644
104 939
589 5309
705 6346
368 3314
287 2592
559 5034
778 7009
360 3247
679 6120
652 5874
844 7605
35 323
182 1644
353 3185
656 5913
533 4801
381 3437
964 8682
30 275
260 2343
54 490
123 1111
996 8970
453 4084
142 1287
227 2052
99 898
599 5400
570 5137
675 6083
175 1583
628 5654
477 4296
137 1240
834 7513
741 6671
334 3007
61 552
763 6869
869 7824
878 7905
116 1049
273 2463
757 6817
0 4
198 1790
730 6576
509 4585
77 698
237 2137
475 4276
290 2615
495 4463
324 2925
153 1384
147 1325
816 7353
920 8288
541 4873
456 4111
525 4726
447 4025
462 4159
640 5769
88 795
861 7758
918 8265
715 6440
225 2031
430 3876
764 6883
992 8929
229 2062
301 2716
195 1760
46 418
150 1358
731 6580
835 7516
874 7868
140 1262
785 7066
760 6841
599 5397
1 12
869 7824
610 5494
490 4414
506 4557
887 7989
341 3070
497 4478
513 4624
373 3360
439 3958
739 6660
765 6892
407 3669
284 2565
16 147
338 3043
621 5595
428 3856
399 3599
738 6651
204 1845
931 8387
627 5649
255 2303
578 5206
521 4690
659 5937
754 6794
139 1252
496 4473
372 3356
958 8627
370 3338
363 3273
309 2790
436 3927
319 2875
35 318
879 7912
465 4192
955 8596
218 1971
898 8084
580 5221
585 5274
281 2530
393 3539
805 7249
262 2362
672 6050
221 1992
971 8743
575 5184
254 2291
797 7181
505 4546
936 8432
788 7100
865 7792
906 8156
957 8622
184 1659
408 3676
588 5296
933 8405
939 8452
65 591
14 131
814 7330
753 6786
955 8599
225 2031
358 3224
31 288
196 1772
333 2999
767 6907
354 3195
734 6610
930 8372
531 4784
25 227
9 90
442 3985
536 4832
671 6043
157 1421
252 2271
532 4794
703 6336
558 5029
954 8589
563 5070
623 5613
847 7628
385 3474
628 5661
543 4890
378 3403
550 4953
453 4081
878 7910
93 844
510 4597
664 5983
282 2546
579 5217
307 2769
596 5370
490 4413
389 3503
913 8220
647 5828
701 6315
285 2568
245 2209
410 3695
902 8127
649 5847
684 6157
240 2165
718 6470
792 7134
871 7846
379 3419
175 1577
585 5266
523 4713
818 7363
856 7710
564 5081
543 4891
736 6628
652 5875
135 1217
836 7527
725 6533
817 7354
353 3182
558 5030
291 2623
767 6910
107 972
385 3468
480 4329
506 4555
983 8851
588 5299
494 4448
635 5717
325 2929
563 5076
858 7725
441 3970
561 5053
938 8445
63 570
515 4639
1 13
129 1162
837 7538
987 8889
151 1362
382 3446
419 3773
579 5213
619 5577
677 6099
743 6692
736 6630
716 6451
20 188
945 8511
702 6326
955 8597
620 5588
739 6653
642 5787
937 8434
151 1368
856 7706
698 6284
279 2513
15 144
994 8952
799 7197
485 4369
221 1990
20 181
301 2718
97 880
730 6574
634 5711
339 3055
852 7669
244 2203
192 1734
772 6953
226 2042
113 1025
193 1745
696 6270
732 6595
660 5949
764 6883
593 5340
720 6485
859 7732
902 8127
711 6404
438 3951
828 7460
298 2688
483 4352
329 2969
885 7974
245 2206
704 6345
380 3422
877 7896
749 6744
209 1889
841 7571
783 7051
131 1182
649 5848
475 4279
553 4981
657 5921
286 2575
969 8729
843 7595
209 1890
576 5185
540 4863
991 8924
565 5088
744 6700
585 5271
628 5660
655 5900
881 7937
132 1197
250 2255
285 2568
86 775
689 6203
1000 9007
911 8201
325 2932
121 1095
809 7284
451 4061
399 3594
313 2822
763 6876
182 1647
628 5654
700 6306
122 1103
96 873
794 7148
792 7130
500 4503
817 7362
68 618
519 4680
791 7123
79 713
869 7828
878 7908
428 3857
297 2675
244 2205
609 5486
446 4021
998 8987
385 3469
516 4648
253 2283
746 6715
233 2101
895 8060
950 8554
992 8929
836 7528
272 2453
511 4602
302 2725
909 8182
243 2189
119 1074
232 2092
836 7525
763 6869
897 8078
567 5104
602 5423
972 8753
813 7318
599 5396
1000 9002
435 3917
992 8937
284 2561
361 3255
593 5346
163 1473
908 8181
608 5476
711 6408
86 782
748 6738
61 556
174 1570
257 2315
722 6503
36 333
612 5517
397 3578
600 5401
276 2486
331 2980
168 1514
742 6685
46 417
258 2330
225 2031
871 7840
672 6050
832 7494
426 3839
257 2317
563 5068
234 2112
393 3542
871 7841
448 4040
840 7568
339 3053
111 1005
931 8380
37 338
317 2860
968 8715
903 8133
978 8810
272 2451
68 616
325 2927
900 8108
103 931
262 2365
605 5451
2 24
14 128
798 7191
10 93
145 1311
708 6379
920 8284
388 3498
864 7777
586 5277
156 1405
618 5568
508 4581
191 1726
27 250
430 3879
160 1442
90 816
358 3224
899 8095
503 4529
517 4661
416 3747
546 4923
574 5169
317 2859
433 3902
504 4538
68 613
892 8036
381 3437
29 267
881 7937
350 3157
764 6879
762 6864
36 326
947 8526
470 4237
583 5252
396 3567
292 2631
495 4461
655 5901
904 8139
344 3098
230 2075
631 5680
219 1978
548 4941
66 599
15 136
2 23
120 1082
767 6906
842 7587
701 6315
792 7137
634 5713
186 1678
971 8748
173 1561
50 457
33 300
841 7574
201 1810
658 5923
293 2645
950 8556
393 3538
769 6928
938 8450
21 195
210 1898
930 8378
948 8534
890 8013
506 4563
976 8786
225 2030
140 1264
17 157
513 4622
804 7240
157 1418
815 7336
476 4288
239 2157
672 6049
714 6427
784 7065
798 7190
416 3745
280 2525
839 7559
10 92
685 6169
452 4072
419 3778
563 5072
144 1302
782 7040
494 4455
586 5282
482 4342
404 3643
966 8702
442 3981
666 6001
687 6188
804 7245
391 3522
239 2154
434 3914
925 8329
274 2475
201 1815
806 7262
81 736
741 6674
255 2304
444 3997
309 2786
894 8051
528 4753
525 4728
701 6313
868 7817
115 1038
794 7154
666 5999
645 5806
790 7116
296 2671
469 4228
54 495
70 631
742 6687
202 1824
785 7069
709 6389
374 3375
148 1335
738 6645
124 1119
102 920
5 49
624 5622
413 3718
129 1166
331 2984
884 7958
19 173
403 3635
577 5195
644 5798
374 3372
706 6362
774 6970
661 5953
96 869
362 3265
366 3302
137 1234
567 5109
419 3779
785 7071
868 7814
30 272
534 4812
626 5642
870 7836
80 722
323 2914
341 3077
87 785
769 6926
663 5972
756 6812
953 8578
922 8300
714 6433
124 1122
434 3910
38 344
901 8116
563 5075
794 7152
459 4136
861 7758
30 276
309 2785
466 4197
665 5988
806 7259
998 8991
977 8794
861 7752
856 7707
608 5478
281 2538
564 5085
72 656
958 8630
480 4323
326 2939
522 4702
104 941
192 1735
679 6120
906 8163
811 7307
814 7333
172 1550
554 4990
442 3985
912 8217
957 8615
493 4445
977 8794
740 6669
436 3931
192 1734
723 6516
564 5083
750 6753
619 5579
627 5650
429 3869
251 2260
469 4224
165 1493
618 5563
73 663
913 8226
201 1815
317 2862
871 7847
751 6767
739 6659
949 8544
94 855
855 7701
871 7844
938 8444
567 5112
820 7389
612 5511
851 7661
565 5089
156 1411
737 6634
243 2195
780 7029
92 833
274 2474
146 1321
779 7013
983 8848
552 4971
519 4680
922 8304
61 557
859 7733
249 2247
410 3693
255 2297
720 6485
434 3907
134 1208
810 7298
346 3121
722 6501
254 2289
578 5211
88 796
584 5263
282 2539
147 1328
380 3423
350 3153
387 3486
458 4124
182 1647
368 3314
370 3334
566 5101
506 4556
234 2108
698 6288
247 2232
784 7061
716 6453
574 5175
208 1876
869 7823
893 8042
389 3508
169 1530
688 6201
913 8219
662 5962
868 7815
719 6479
8 75
26 238
332 2995
735 6621
891 8023
867 7807
315 2836
572 5151
983 8853
694 6247
682 6141
502 4524
87 785
500 4508
253 2285
35 322
788 7094
900 8108
772 6956
369 3326
598 5385
616 5546
798 7186
123 1110
880 7927
789 7110
588 5301
657 5920
722 6505
984 8863
482 4347
263 2373
840 7561
986 8879
350 3152
550 4958
260 2348
11 106
356 3212
808 7279
466 4196
634 5710
539 4858
89 807
320 2886
869 7826
40 362
277 2494
827 7446
729 6564
518 4671
423 3815
870 7836
710 6398
373 3361
232 2093
106 957
911 8201
730 6575
660 5945
814 7334
628 5654
130 1177
419 3773
638 5746
670 6036
100 905
346 3115
510 4591
680 6122
318 2871
478 4306
494 4449
582 5244
135 1219
369 3328
18 167
101 918
468 4216
556 5009
47 425
247 2225
220 1989
522 4707
777 7001
886 7981
334 3015
185 1666
441 3975
138 1248
977 8799
888 8000
181 1632
865 7791
236 2125
135 1219
555 4997
243 2189
460 4148
482 4343
778 7003
843 7591
197 1782
523 4711
106 961
412 3709
590 5316
51 463
948 8540
388 3494
497 4482
266 2401
410 3691
769 6928
959 8632
92 832
477 4302
174 1567
828 7460
911 8201
675 6081
248 2238
778 7011
748 6740
78 711
482 4340
566 5101
842 7580
276 2487
9 89
229 2063
373 3359
451 4061
327 2944
268 2414
957 8620
906 8161
134 1211
997 8974
382 3443
632 5694
925 8332
445 4013
584 5265
605 5447
13 120
452 4074
728 6556
748 6741
414 3727
817 7354
970 8733
146 1318
111 1001
322 2903
133 1204
54 489
969 8728
364 3284
54 494
858 7729
147 1332
418 3765
49 446
897 8078
168 1515
959 8635
379 3412
422 3804
106 961
171 1547
248 2236
216 1951
870 7834
143 1292
593 5346
929 8366
621 5597
898 8086
33 298
535 4819
977 8800
885 7972
929 8363
518 4666
762 6859
467 4205
324 2917
964 8683
808 7276
146 1322
68 615
409 3686
821 7397
707 6372
239 2160
770 6937
487 4387
880 7924
123 1108
743 6694
574 5170
873 7861
874 7870
676 6092
104 942
790 7119
928 8353
690 6217
499 4498
615 5543
793 7146
54 492
826 7443
853 7686
617 5560
502 4522
34 312
384 3461
101 917
568 5116
691 6228
589 5303
113 1022
552 4970
832 7491
778 7007
169 1522
238 2147
883 7951
988 8900
926 8340
573 5158
156 1411
449 4049
968 8713
504 4543
488 4400
774 6969
404 3643
206 1861
650 5855
357 3222
610 5497
73 663
361 3251
442 3983
680 6123
174 1567
51 463
813 7318
382 3447
38 350
0 2
538 4845
408 3673
933 8399
123 1110
301 2712
759 6840
409 3687
794 7152
896 8073
614 5532
275 2482
718 6467
826 7440
165 1491
942 8482
575 5176
480 4326
989 8909
190 1712
504 4542
528 4755
196 1768
620 5589
359 3233
139 1254
501 4516
63 575
319 2875
248 2235
262 2362
78 710
364 3279
101 912
123 1111
637 5738
695 6262
725 6530
464 4184
257 2318
518 4667
629 5662
924 8319
892 8033
829 7466
53 479
627 5649
875 7881
987 8891
531 4787
872 7851
587 5288
548 4935
284 2561
327 2949
775 6977
360 3249
814 7333
439 3956
328 2957
230 2071
747 6727
415 3736
669 6024
154 1393
305 2746
289 2610
29 269
627 5645
608 5481
974 8771
465 4190
43 388
467 4210
46 418
543 4894
632 5693
709 6390
938 8448
149 1342
660 5943
409 3688
375 3378
490 4417
611 5502
746 6722
800 7208
427 3851
298 2685
63 573
87 790
42 379
187 1688
493 4443
863 7773
206 1857
94 852
301 2714
247 2231
647 5824
13 118
564 5080
244 2204
485 4371
175 1581
476 4293
771 6943
67 608
585 5266
786 7083
703 6333
777 7000
596 5369
562 5065
730 6578
332 2989
965 8692
470 4235
777 7000
91 822
259 2334
466 4202
341 3076
81 732
545 4912
220 1983
939 8460
434 3914
197 1775
629 5667
63 576
322 2905
202 1824
679 6120
614 5528
823 7415
174 1570
423 3808
402 3622
83 750
405 3646
413 3722
353 3178
647 5831
463 4173
272 2452
348 3133
693 6242
785 7073
56 510
52 475
452 4076
856 7710
920 8288
625 5627
98 887
174 1573
78 711
126 1143
556 5008
763 6874
908 8174
872 7849
125 1127
78 709
967 8704
449 4049
794 7147
134 1209
135 1221
157 1417
107 970
228 2053
590 5311
33 298
760 6846
789 7106
632 5689
325 2934
922 8299
889 8010
417 3754
865 7790
250 2259
475 4279
276 2493
581 5236
568 5115
316 2849
848 7639
450 4056
595 5360
669 6025
137 1238
510 4595
166 1500
704 6343
605 5454
921 8297
228 2059
253 2285
764 6884
35 322
651 5863
838 7549
994 8951
424 3824
603 5434
134 1214
498 4491
62 561
759 6835
454 4089
365 3290
648 5839
534 4807
600 5406
616 5551
46 418
874 7873
126 1139
17 157
753 6781
855 7704
493 4444
39 355
251 2263
822 7404
345 3114
597 5379
708 6373
511 4607
224 2023
309 2784
300 2708
628 5653
22 207
275 2480
743 6692
226 2039
318 2864
276 2493
236 2128
441 3974
532 4793
958 8628
142 1280
138 1251
440 3968
60 541
571 5140
230 2073
162 1461
306 2762
959 8638
98 886
975 8783
615 5543
596 5372
998 8991
456 4105
271 2445
105 952
19 180
461 4151
976 8785
357 3217
566 5099
880 7928
479 4316
755 6804
290 2615
444 4002
820 7384
22 206
363 3276
215 1941
534 4814
544 4898
459 4133
950 8554
559 5034
397 3576
339 3052
208 1880
696 6270
831 7482
173 1560
922 8299
720 6484
818 7370
911 8202
54 493
545 4909
350 3155
761 6855
449 4050
332 2995
607 5471
858 7724
586 5279
531 4788
993 8944
216 1949
711 6407
421 3796
312 2814
608 5481
964 8684
941 8474
695 6263
684 6157
100 902
673 6060
978 8803
945 8507
575 5184
216 1949
530 4774
441 3971
51 465
79 720
318 2870
29 266
337 3037
341 3072
28 253
893 8039
837 7539
346 3122
732 6596
545 4910
873 7859
593 5341
424 3819
797 7176
93 845
607 5466
401 3615
235 2124
464 4182
995 8961
60 548
172 1553
834 7513
109 983
631 5686
271 2443
800 7207
107 964
546 4920
160 1449
942 8485
593 5341
165 1488
316 2850
274 2468
390 3514
925 8334
420 3783
156 1412
490 4415
1 11
765 6886
821 7398
239 2153
23 216
47 431
262 2363
590 5311
625 5631
387 3488
708 6381
408 3674
155 1400
204 1842
735 6617
330 2971
834 7508
145 1310
620 5583
282 2541
647 5832
229 2066
351 3166
763 6870
701 6317
799 7195
238 2150
489 4405
580 5228
704 6343
684 6163
910 8199
13 123
618 5571
904 8144
890 8012
977 8797
35 316
110 991
108 973
339 3055
663 5971
367 3307
59 537
775 6978
497 4477
121 1095
562 5060
327 2945
225 2027
330 2977
363 3271
651 5862
251 2266
757 6820
579 5213
632 5696
572 5154
696 6267
330 2975
888 7994
820 7384
273 2463
74 673
193 1742
325 2926
432 3897
615 5536
99 896
937 8435
638 5744
122 1103
208 1875
928 8357
969 8728
525 4727
3 29
668 6014
930 8379
869 7828
707 6366
603 5434
30 271
599 5394
720 6484
477 4294
364 3279
604 5440
921 8293
845 7608
246 2217
364 3279
969 8730
305 2748
866 7800
469 4224
756 6806
783 7052
701 6311
732 6596
354 3192
709 6384
239 2154
984 8862
176 1592
84 765
448 4033
303 2734
886 7983
576 5193
494 4452
292 2631
309 2784
659 5940
590 5311
183 1656
864 7778
614 5531
368 3315
897 8075
316 2849
692 6235
366 3299
431 3885
762 6866
240 2168
946 8521
694 6249
761 6854
621 5592
411 3702
358 3227
344 3097
780 7022
979 8818
526 4739
224 2024
538 4851
993 8942
825 7434
362 3264
475 4277
15 141
930 8378
121 1090
455 4104
1 13
445 4013
677 6095
895 8059
178 1610
839 7559
415 3738
715 6437
18 164
699 6298
636 5725
744 6699
656 5911
449 4048
89 802
93 839
706 6356
430 3876
486 4377
957 8618
153 1379
296 2666
412 3715
442 3987
360 3249
773 6958
423 3815
728 6555
692 6236
669 6025
627 5646
121 1090
719 6477
70 637
846 7615
588 5294
85 770
963 8674
264 2383
720 6485
755 6804
639 5756
919 8272
517 4659
554 4991
952 8572
355 3200
452 4071
895 8064
440 3962
406 3657
995 8956
557 5014
671 6046
292 2635
403 3630
765 6889
625 5631
835 7520
563 5074
364 3277
337 3035
82 747
426 3840
477 4298
908 8176
600 5402
463 4170
384 3465
740 6667
412 3714
116 1045
608 5474
856 7713
760 6848
253 2285
28 258
622 5601
921 8296
303 2732
623 5608
845 7613
188 1694
875 7882
416 3748
973 8761
880 7923
517 4662
213 1922
988 8894
933 8398
214 1931
945 8506
545 4908
607 5465
681 6136
696 6267
254 2287
772 6951
599 5394
10 91
296 2672
350 3158
888 7997
17 155
335 3016
32 293
775 6979
219 1977
312 2811
659 5934
894 8052
100 903
984 8865
714 6431
717 6454
462 4167
526 4738
820 7386
399 3593
802 7219
200 1808
510 4595
361 3258
862 7760
279 2519
331 2985
238 2150
514 4635
283 2553
336 3025
324 2922
867 7811
308 2777
962 8659
940 8469
608 5479
18 169
41 378
689 6210
498 4489
670 6035
299 2695
77 700
215 1943
647 5824
597 5382
174 1572
152 1373
985 8871
732 6591
129 1166
800 7207
911 8208
278 2505
255 2299
459 4133
85 773
297 2676
375 3383
973 8760
410 3691
20 184
547 4925
888 7998
899 8096
765 6888
565 5094
730 6571
17 161
52 477
276 2488
933 8403
142 1285
550 4953
51 466
128 1155
863 7771
259 2340
226 2036
543 4888
221 1998
737 6638
498 4484
540 4866
777 6998
690 6216
533 4798
385 3474
475 4280
830 7471
780 7023
270 2439
958 8629
382 3443
386 3477
626 5643
245 2214
831 7487
749 6747
487 4391
448 4035
44 402
783 7048
378 3404
661 5952
513 4618
485 4374
974 8775
407 3669
215 1937
943 8496
752 6772
904 8137
269 2426
661 5955
656 5907
36 328
149 1347
639 5757
665 5992
930 8373
619 5575
748 6739
722 6505
510 4591
924 8322
734 6612
115 1044
747 6731
158 1425
605 5446
398 3586
188 1699
110 994
732 6589
850 7655
457 4117
384 3458
282 2542
338 3046
67 607
526 4737
168 1515
332 2997
20 182
969 8724
944 8502
815 7342
934 8409
773 6962
541 4873
186 1677
155 1399
244 2201
289 2605
884 7960
425 3832
697 6274
194 1749
13 122
240 2166
89 803
431 3887
464 4180
427 3850
70 637
512 4616
1 15
546 4916
651 5862
475 4283
403 3632
432 3894
313 2823
665 5994
56 505
222 2003
86 775
667 6008
852 7669
884 7962
606 5457
211 1905
140 1265
117 1062
20 188
775 6980
710 6397
910 8193
68 613
956 8605
894 8053
556 5011
848 7635
643 5788
52 472
150 1359
542 4882
638 5745
865 7786
379 3420
245 2211
836 7531
641 5772
130 1171
352 3171
163 1475
138 1251
944 8504
194 1752
955 8596
763 6870
179 1614
784 7061
148 1334
855 7703
502 4526
277 2501
750 6754
753 6778
847 7628
859 7740
767 6912
407 3665
641 5770
681 6135
112 1014
780 7027
673 6064
875 7878
485 4370
813 7322
799 7198
139 1258
316 2850
631 5682
864 7779
222 2004
511 4606
682 6140
224 2021
445 4013
177 1600
569 5124
1000 9005
544 4898
559 5032
914 8228
510 4595
622 5601
461 4154
115 1039
122 1103
655 5902
248 2236
769 6930
755 6800
603 5432
416 3745
371 3340
265 2391
512 4616
446 4016
844 7597
984 8857
962 8662
97 875
356 3208
693 6240
980 8824
681 6130
827 7449
299 2700
125 1127
484 4362
967 8704
338 3045
461 4158
99 895
896 8066
66 598
668 6017
492 4430
835 7521
993 8941
47 424
172 1549
674 6075
566 5103
262 2366
205 1848
295 2656
54 493
51 467
421 3798
598 5385
62 567
1000 9002
1 17
737 6635
89 810
855 7696
766 6901
170 1533
446 4017
443 3991
259 2333
740 6667
392 3532
304 2742
538 4843
805 7248
556 5009
259 2337
589 5305
458 4129
175 1583
216 1952
227 2050
25 229
775 6976
784 7065
881 7938
886 7975
73 666
551 4961
430 3879
304 2744
143 1292
197 1778
583 5252
479 4312
984 8857
66 597
359 3237
84 764
770 6934
605 5450
442 3984
763 6868
428 3855
588 5299
740 6661
832 7492
203 1829
416 3745
250 2252
588 5298
160 1445
568 5115
326 2939
574 5172
870 7832
25 227
490 4416
607 5469
250 2256
862 7766
361 3250
943 8488
600 5406
461 4155
462 4164
169 1527
616 5549
912 8215
477 4298
588 5295
329 2968
27 244
95 863
224 2021
318 2865
80 724
735 6620
403 3629
816 7348
290 2613
956 8612
937 8436
235 2116
732 6594
728 6554
36 327
349 3146
709 6390
477 4300
756 6813
1000 9007
387 3489
248 2241
455 4096
701 6310
744 6698
486 4382
890 8017
635 5720
182 1647
801 7210
658 5929
20 182
838 7546
105 951
753 6785
80 726
75 683
513 4621
145 1306
321 2891
30 279
124 1121
182 1641
836 7532
26 241
832 7491
690 6213
648 5838
184 1662
687 6185
245 2206
861 7754
150 1352
120 1082
613 5521
698 6285
234 2114
789 7105
697 6274
214 1931
649 5850
658 5928
799 7193
527 4748
962 8660
245 2207
740 6662
330 2971
378 3407
371 3345
112 1014
504 4542
375 3378
717 6456
79 717
301 2718
372 3351
602 5423
227 2044
120 1082
147 1331
855 7696
498 4486
621 5591
75 677
160 1449
540 4864
193 1744
122 1104
826 7443
331 2984
928 8359
812 7309
673 6061
644 5802
42 384
585 5268
980 8821
224 2021
109 983
917 8257
911 8203
425 3830
997 8975
428 3857
772 6954
791 7124
895 8061
388 3498
270 2433
556 5007
992 8929
46 416
306 2757
136 1232
29 268
707 6367
278 2509
410 3691
251 2264
822 7403
297 2678
303 2736
356 3213
247 2225
710 6399
676 6086
542 4881
641 5776
281 2533
485 4371
543 4894
213 1919
812 7312
352 3169
65 590
989 8904
827 7449
498 4490
115 1037
172 1557
481 4334
434 3912
738 6648
437 3937
57 518
871 7848
904 8141
410 3698
648 5838
461 4156
788 7093
477 4296
479 4316
482 4339
120 1081
398 3583
816 7348
778 7009
467 4204
935 8418
896 8072
483 4351
505 4547
811 7304
278 2503
206 1858
474 4273
834 7507
994 8947
746 6719
956 8611
899 8095
402 3619
712 6417
624 5621
34 308
339 3052
67 612
10 99
196 1766
416 3745
439 3957
141 1278
727 6551
715 6441
233 2100
629 5663
652 5876
566 5096
741 6677
864 7783
515 4638
543 4888
565 5086
896 8071
997 8975
562 5066
244 2203
353 3183
429 3868
167 1506
999 8998
489 4410
21 191
118 1069
832 7489
100 907
760 6842
330 2974
802 7220
285 2568
695 6262
810 7296
724 6519
335 3018
103 936
493 4440
192 1729
166 1497
602 5419
2 26
50 451
808 7277
748 6741
32 295
199 1792
958 8628
92 832
226 2041
767 6904
901 8113
916 8248
413 3719
674 6073
874 7867
144 1299
320 2884
900 8103
792 7131
839 7552
139 1256
513 4626
261 2357
76 687
96 873
498 4487
654 5893
442 3984
540 4866
875 7884
345 3113
384 3460
247 2226
73 659
665 5993
488 4400
205 1853
325 2930
157 1420
953 8584
361 3257
90 817
11 104
825 7434
144 1297
50 453
543 4893
936 8433
672 6054
995 8961
377 3401
121 1091
720 6487
371 3346
459 4138
287 2592
102 926
577 5198
219 1974
755 6798
136 1225
993 8945
751 6760
717 6455
366 3303
842 7587
865 7786
172 1557
398 3589
682 6144
456 4113
186 1682
311 2803
26 238
925 8328
637 5742
806 7260
670 6035
613 5526
443 3991
172 1552
103 934
729 6563
465 4189
137 1236
963 8670
148 1336
0 3
871 7846
201 1817
759 6838
188 1694
512 4616
0 9
313 2823
728 6561
619 5579
968 8715
153 1381
389 3503
898 8087
721 6491
90 812
67 611
915 8239
206 1859
821 7392
244 2204
807 7271
373 3366
18 163
86 776
747 6729
267 2412
590 5317
67 606
500 4506
775 6980
57 517
738 6646
364 3281
79 713
980 8825
531 4784
264 2384
412 3716
682 6147
6 59
978 8810
409 3685
397 3576
329 2967
689 6210
109 988
641 5777
628 5657
903 8133
373 3365
626 5635
18 168
671 6048
273 2466
576 5187
741 6677
70 634
516 4645
237 2142
913 8222
242 2183
977 8799
642 5780
645 5810
785 7069
768 6919
401 3614
368 3317
181 1633
468 4215
770 6937
817 7362
422 3803
167 1510
460 4143
25 228
164 1478
757 6822
475 4278
386 3475
753 6778
496 4466
484 4357
95 860
444 3998
412 3712
244 2204
428 3859
552 4974
211 1900
984 8864
604 5442
559 5036
70 636
755 6803
633 5702
683 6149
92 832
55 497
417 3754
529 4768
740 6667
246 2217
264 2380
999 8997
669 6024
684 6164
355 3200
364 3278
926 8342
476 4291
268 2414
251 2263
323 2908
795 7159
585 5268
832 7494
695 6262
957 8618
255 2297
504 4538
654 5887
230 2078
952 8574
386 3481
320 2884
984 8859
274 2469
310 2792
818 7368
361 3251
315 2841
322 2900
869 7828
553 4986
883 7948
973 8766
710 6391
369 3325
717 6460
608 5478
938 8443
270 2439
361 3258
499 4497
593 5340
11 102
914 8230
751 6767
793 7144
158 1428
749 6743
280 2528
538 4843
841 7570
788 7101
531 4782
841 7573
255 2298
275 2477
660 5944
41 374
723 6510
824 7419
938 8448
753 6780
523 4714
886 7979
750 6756
349 3147
188 1698
341 3077
295 2662
45 406
679 6115
117 1057
815 7336
868 7813
182 1645
915 8244
462 4167
462 4166
118 1071
495 4459
87 790
150 1354
435 3917
844 7604
555 4999
726 6541
277 2495
360 3245
926 8341
132 1193
874 7868
78 707
938 8450
893 8045
910 8197
634 5713
33 302
551 4967
878 7911
816 7351
402 3623
105 947
598 5388
803 7229
81 735
622 5600
515 4642
160 1449
597 5375
489 4410
427 3847
367 3312
438 3947
906 8155
621 5595
798 7191
640 5767
453 4083
525 4732
646 5815
606 5460
968 8717
763 6876
710 6392
418 3770
771 6941
97 878
190 1717
140 1262
363 3269
801 7213
894 8051
537 4842
944 8505
69 628
910 8195
203 1833
869 7830
781 7038
92 837
184 1665
195 1761
707 6371
931 8384
599 5398
667 6009
865 7789
899 8096
152 1370
359 3232
759 6838
939 8457
332 2993
314 2832
395 3557
110 994
470 4234
342 3084
33 304
888 7997
562 5059
59 532
187 1684
865 7786
723 6515
236 2126
139 1258
117 1056
395 3558
639 5759
975 8781
206 1861
894 8052
619 5576
3 29
704 6339
484 4361
333 3004
622 5599
183 1650
338 3049
325 2931
540 4869
737 6634
347 3126
508 4573
697 6279
317 2861
630 5679
1000 9009
131 1185
299 2695
354 3189
244 2204
531 4780
191 1722
476 4291
502 4526
602 5427
723 6511
26 243
67 609
896 8069
869 7828
904 8140
776 6989
284 2564
501 4518
887 7984
148 1335
343 3093
53 483
490 4419
136 1225
51 465
344 3102
839 7559
921 8294
267 2408
389 3504
493 4441
746 6717
995 8956
278 2511
289 2608
631 5686
692 6231
974 8767
456 4109
992 8932
838 7549
863 7773
363 3270
719 6474
912 8215
938 8447
648 5838
405 3651
932 8389
397 3574
130 1179
767 6904
642 5784
932 8393
863 7768
934 8411
920 8283
130 1173
313 2825
938 8450
339 3060
94 847
556 5006
192 1729
761 6858
379 3412
911 8208
243 2188
959 8640
100 903
914 8233
382 3442
479 4313
233 2104
617 5554
29 268
507 4565
442 3982
5 48
764 6884
984 8859
920 8288
450 4056
739 6659
175 1576
316 2847
679 6114
175 1584
597 5379
293 2645
975 8778
300 2709
697 6281
720 6485
352 3170
633
1 1
2 1
4 2
6 3
7 1
9 3
10 1
11 2
12 4
15 1
17 1
18 1
19 3
20 4
21 1
22 1
23 3
25 1
26 2
27 1
28 2
29 1
31 2
32 1
33 4
34 1
35 1
36 1
37 3
38 4
39 1
41 1
43 2
45 1
46 1
49 1
50 1
51 1
52 1
53 1
54 2
56 1
58 1
59 1
60 3
66 1
68 2
69 1
70 2
71 1
72 1
73 3
74 2
76 2
77 1
80 1
82 1
83 3
84 1
85 1
86 2
87 2
88 2
89 1
90 3
91 2
92 1
94 4
96 2
98 2
99 1
100 2
102 2
103 1
104 1
105 1
107 2
111 1
112 1
114 1
115 2
116 3
117 1
118 1
120 1
121 4
124 1
126 1
128 3
131 1
133 1
134 1
135 1
137 1
138 1
140 1
141 1
142 1
143 1
144 4
145 1
146 1
147 2
150 2
151 1
152 1
153 1
154 2
156 1
158 1
159 2
160 2
162 4
163 1
164 1
165 1
170 1
171 2
172 1
173 2
174 1
176 3
178 3
179 1
180 2
181 1
183 1
184 2
188 1
189 1
191 3
195 2
196 1
198 2
199 1
200 2
204 2
205 1
209 1
211 2
212 1
214 2
216 1
217 1
219 2
221 1
222 2
223 1
225 1
226 1
227 2
228 2
229 1
230 1
231 2
232 1
233 3
234 2
236 1
238 3
245 4
246 1
247 4
248 1
251 1
253 1
254 1
255 1
257 1
258 2
259 2
261 1
263 3
265 1
271 2
273 1
275 2
278 2
280 2
282 1
283 2
284 1
286 1
287 3
288 1
289 2
291 1
292 1
293 2
298 1
300 1
301 1
303 2
305 1
306 3
307 2
308 1
309 1
314 3
316 1
319 1
320 2
323 2
324 2
326 1
329 1
330 1
331 1
332 1
333 1
334 1
336 2
338 2
339 1
342 1
345 3
346 1
349 2
350 1
352 3
353 1
354 1
355 1
360 2
363 3
364 2
365 3
366 1
367 2
370 2
372 1
374 1
375 3
376 1
377 1
378 1
379 2
380 2
383 1
384 1
385 1
387 3
388 2
390 2
391 1
394 1
395 1
397 2
398 1
399 1
401 1
403 1
405 1
407 1
408 2
409 2
414 1
415 1
416 1
417 2
418 1
419 1
422 3
424 1
425 1
431 1
432 1
433 2
434 1
435 1
439 1
440 1
441 2
442 1
443 3
444 1
445 4
446 1
447 2
448 1
449 1
451 2
452 1
453 1
454 1
455 1
456 1
457 1
458 1
459 1
461 1
465 3
467 4
468 1
469 2
473 1
476 2
477 1
478 1
479 2
482 3
484 1
489 1
491 1
492 1
493 2
495 1
497 1
498 3
499 4
500 1
501 3
503 1
504 1
507 1
511 1
512 1
513 1
514 1
515 1
516 1
519 1
520 2
522 1
523 3
524 1
525 2
526 1
527 1
528 1
530 1
531 1
534 5
535 1
536 2
537 1
540 1
541 1
542 2
544 2
546 1
547 2
548 2
549 2
550 1
551 3
552 1
553 5
554 1
560 2
561 1
562 4
563 1
564 1
565 4
567 1
569 1
570 1
571 1
572 1
574 1
575 1
576 2
577 2
579 2
580 3
581 1
582 1
583 3
587 1
589 2
590 2
591 4
592 2
593 2
596 1
599 1
600 1
601 2
607 1
608 1
609 2
610 2
611 1
612 1
616 1
617 2
618 2
620 2
621 3
623 3
624 2
625 1
626 3
629 2
630 4
633 3
635 1
637 2
640 1
641 1
642 2
643 2
644 2
645 1
646 1
648 3
652 1
658 1
662 1
663 1
667 2
669 2
670 1
672 2
673 1
678 1
680 1
681 1
682 2
683 1
684 1
685 2
688 1
689 1
690 1
691 1
693 2
694 1
696 1
700 1
701 3
702 3
704 1
705 2
706 3
707 2
710 1
711 3
713 1
716 1
717 1
718 1
720 1
721 1
724 1
725 1
726 3
727 1
728 1
730 1
732 1
733 1
734 1
735 1
737 1
739 2
740 3
742 3
746 2
747 1
748 3
749 1
750 2
752 1
753 1
756 1
757 1
759 1
760 1
761 1
762 1
763 1
765 1
772 2
773 1
774 1
775 1
776 1
777 1
778 3
779 2
781 4
782 2
784 2
785 1
787 2
789 4
790 2
791 3
792 1
793 1
794 3
798 1
799 1
800 3
801 2
802 1
803 2
805 1
806 2
807 1
808 1
809 1
811 2
814 2
815 2
816 3
817 3
819 1
820 1
825 2
827 2
829 1
830 1
834 2
835 2
837 1
838 2
841 1
842 1
843 2
844 2
845 1
846 1
847 1
848 1
850 1
851 1
852 1
853 3
854 1
856 1
858 1
860 1
861 2
862 1
864 1
865 2
866 1
867 1
868 1
869 1
870 1
871 2
872 3
874 2
875 1
876 4
880 4
881 1
882 1
883 1
886 2
887 1
889 1
890 1
891 1
893 2
894 3
895 1
896 1
897 2
898 1
899 1
900 1
901 2
903 2
904 3
905 1
906 1
909 2
910 1
912 1
914 1
916 1
917 1
921 2
922 2
923 1
924 2
925 1
927 1
928 2
929 1
931 1
932 3
933 1
934 1
936 1
938 1
939 1
941 2
942 2
943 1
944 2
946 3
948 3
949 1
952 1
953 3
955 1
956 1
957 1
958 1
960 1
964 2
966 1
967 1
968 1
969 2
970 3
971 3
972 2
974 2
975 1
976 2
978 1
980 1
983 1
984 1
985 1
986 1
987 1
988 1
989 2
990 2
994 2
995 1
996 2
997 2
998 2
999 2
