2000
100 13
100 13
101 31
100 11
103 153
100 16
101 37
107 2489
100 17
100 16
100 12
100 13
101 30
103 142
101 29
100 11
103 139
100 16
101 33
100 11
100 19
100 14
100 12
100 18
102 70
101 27
100 15
100 12
102 65
101 26
101 28
103 139
101 35
100 13
101 22
103 149
100 16
100 19
101 33
102 73
102 65
100 18
100 19
101 37
100 19
100 12
100 17
101 30
101 34
100 16
100 15
100 12
101 22
101 27
100 13
101 39
100 16
101 22
101 33
100 13
101 34
100 12
102 62
100 18
106 1238
100 14
100 13
101 30
101 21
106 1235
103 141
102 63
100 16
100 11
100 13
101 35
100 18
100 17
102 72
100 13
100 19
101 35
100 13
100 11
100 12
105 610
100 19
105 623
106 1250
100 15
102 63
102 73
100 12
106 1243
103 141
100 12
102 76
101 33
100 14
100 13
101 38
102 76
100 18
101 34
101 31
100 15
103 143
102 72
100 18
102 64
100 16
100 17
101 30
103 148
100 14
108 4988
102 60
100 17
103 140
100 15
100 14
100 17
100 16
102 64
103 150
100 18
100 18
100 15
100 13
101 29
104 300
100 16
100 12
100 14
100 18
101 37
105 610
101 37
100 19
105 620
102 77
100 13
102 72
103 138
102 66
100 11
100 14
100 14
100 15
107 2496
100 16
102 74
100 19
101 35
101 24
102 71
101 29
101 34
100 14
100 18
101 25
100 15
100 12
100 16
100 16
102 66
100 13
102 76
102 66
102 69
106 1246
100 18
100 17
106 1246
100 19
102 75
100 12
103 139
100 12
100 19
101 24
102 77
100 13
102 76
103 152
101 24
100 15
100 19
100 14
102 61
103 140
100 18
100 18
101 36
100 16
102 67
107 2493
100 11
100 17
101 25
101 38
100 18
101 33
100 11
100 19
100 16
102 71
101 33
100 13
100 17
104 305
100 17
100 15
104 296
100 18
103 142
101 21
101 30
101 39
100 17
100 12
103 141
102 77
101 24
100 16
100 18
102 61
100 14
100 13
100 11
101 38
104 300
100 13
102 62
100 12
102 72
101 37
101 26
101 27
100 14
100 14
100 13
101 39
100 19
100 16
101 26
100 14
100 13
100 14
102 66
101 29
100 19
100 17
100 17
101 31
101 36
102 63
101 29
100 15
100 12
100 16
100 15
101 25
100 16
100 19
100 12
100 12
100 17
101 23
102 78
103 144
102 72
100 15
102 63
100 13
103 142
100 19
102 60
101 31
103 142
101 27
100 12
102 69
100 19
100 18
101 33
105 610
101 29
100 14
100 19
101 33
101 25
101 37
101 28
100 18
102 71
103 148
100 13
100 12
101 26
104 311
101 32
101 37
101 33
100 17
102 74
100 14
101 26
101 31
102 66
100 17
101 22
103 156
101 25
100 11
100 18
101 24
100 11
101 28
100 11
101 24
100 11
104 308
100 14
101 25
103 149
100 11
101 25
101 35
102 66
100 17
100 11
100 18
102 76
101 24
100 17
102 74
102 77
101 31
100 13
101 34
101 25
100 14
100 11
100 14
101 38
100 18
100 17
102 62
100 16
101 23
100 19
100 16
101 29
100 15
100 13
100 16
100 11
100 18
102 63
100 17
100 15
100 11
101 21
102 78
100 14
100 11
100 11
100 19
103 147
101 26
100 13
100 18
102 66
100 15
100 12
100 12
100 17
101 24
101 33
100 11
101 37
100 18
102 76
100 14
103 147
100 13
100 14
101 36
103 148
105 609
100 18
102 76
100 16
102 66
101 21
100 14
103 156
100 15
103 141
101 24
101 25
103 143
100 12
102 78
104 299
101 37
100 18
100 15
100 17
102 64
100 14
102 67
100 19
100 12
101 37
100 13
100 15
100 18
101 30
104 310
100 12
100 11
100 12
102 66
100 15
100 15
100 12
105 625
102 70
100 17
101 32
101 37
100 16
100 15
101 24
103 144
100 13
100 12
102 66
100 15
100 14
100 15
100 15
100 14
101 34
102 64
102 76
100 11
101 24
100 13
102 65
106 1236
100 13
101 21
102 69
101 30
100 19
100 15
108 4998
100 18
102 74
101 24
101 24
102 66
100 11
100 12
101 36
100 18
100 11
103 152
101 37
101 39
100 11
100 11
101 36
105 618
100 15
101 37
100 18
100 15
100 11
100 19
100 16
100 18
102 61
101 38
103 148
100 16
101 22
101 28
102 76
101 31
100 17
100 19
100 15
101 30
101 37
101 31
100 14
103 147
103 156
100 13
102 68
101 31
103 148
100 19
101 32
101 38
101 22
101 33
102 74
100 16
103 149
100 17
100 16
102 66
100 17
102 65
106 1248
100 17
101 24
101 36
100 19
100 14
100 19
101 33
100 11
101 34
100 16
101 37
100 18
101 22
102 71
102 78
105 623
103 148
100 16
102 72
100 19
101 34
101 22
100 13
102 74
100 13
100 15
101 38
100 16
102 70
102 72
101 31
104 306
100 16
100 16
102 60
101 25
100 18
100 13
100 17
100 13
100 14
102 68
103 148
102 70
101 29
100 19
102 61
101 22
100 19
102 60
101 25
100 11
100 14
102 63
104 308
101 32
100 11
100 17
100 11
103 152
100 14
100 17
100 16
103 149
101 25
100 16
100 18
103 149
100 11
100 16
101 25
100 18
103 138
103 143
100 18
100 15
101 37
100 15
105 607
100 15
101 27
100 17
100 18
100 13
102 71
100 12
100 11
101 21
108 4993
101 25
102 78
100 11
100 12
102 75
102 62
100 16
100 18
102 62
104 303
104 312
100 17
105 624
100 15
100 15
101 38
101 23
101 26
101 23
100 18
103 148
101 23
100 11
100 14
100 16
100 15
101 39
100 13
102 66
100 19
103 144
104 298
100 14
101 26
100 15
102 66
100 15
100 12
101 37
100 17
100 12
100 11
100 19
100 12
102 63
101 30
101 21
100 15
101 29
101 29
101 30
106 1238
101 38
101 25
102 69
100 17
100 11
100 15
100 16
101 37
100 12
100 12
101 22
100 17
100 13
100 13
100 13
100 19
101 28
100 17
102 60
100 18
100 12
100 11
101 35
109 9985
101 22
100 11
100 14
101 22
100 13
102 65
102 68
100 17
100 13
105 617
101 22
103 156
101 22
100 11
100 19
101 30
102 78
100 13
102 68
100 15
101 31
101 26
106 1245
104 298
100 17
100 14
100 11
100 19
100 14
106 1245
102 68
103 141
100 11
100 14
101 30
101 33
100 14
100 14
100 19
100 15
101 37
101 39
101 36
100 14
101 34
100 12
100 17
101 22
100 16
100 12
101 27
104 295
101 39
103 149
100 15
100 11
100 13
100 15
102 64
100 14
103 143
103 149
102 65
100 16
100 18
101 29
102 76
100 13
100 18
102 68
105 607
102 73
100 14
104 309
101 37
100 12
100 16
102 77
101 37
101 22
102 73
100 15
104 301
101 35
102 62
100 14
100 13
102 72
100 15
103 138
104 294
100 17
101 31
100 18
100 12
100 18
103 153
100 15
102 76
100 17
102 62
100 11
101 34
100 17
103 140
104 303
100 11
100 17
101 26
100 13
103 141
106 1234
100 13
100 15
100 17
100 17
100 16
101 23
100 14
100 13
102 76
102 71
103 154
100 14
100 16
108 4993
100 17
100 12
102 61
101 23
100 19
100 13
100 13
100 12
102 71
102 60
108 4992
102 78
104 299
100 18
102 73
100 11
100 19
101 22
100 16
102 71
101 21
103 149
103 144
100 19
102 68
102 65
100 12
101 39
104 309
100 16
104 295
102 60
102 70
100 15
101 26
102 76
101 33
103 152
102 77
100 14
101 24
103 142
102 72
100 11
102 64
102 64
100 17
100 16
100 17
101 24
101 38
100 11
100 11
100 16
100 15
101 32
100 19
102 73
100 13
101 33
100 17
100 18
101 27
100 16
101 34
100 12
102 63
103 144
100 17
101 24
101 26
102 71
101 37
100 13
100 15
101 21
101 27
101 35
100 11
100 19
100 16
100 15
100 18
100 13
100 18
100 13
100 15
100 11
101 24
100 14
101 33
101 21
106 1244
106 1249
100 14
101 33
101 31
101 38
100 16
102 74
101 21
102 63
101 37
100 11
100 11
100 17
100 15
100 13
100 15
102 63
106 1241
100 17
100 14
100 16
100 14
101 32
101 31
100 13
100 14
100 12
100 17
100 12
101 36
100 19
100 18
100 15
100 16
100 19
100 14
100 11
100 17
100 12
100 18
101 36
100 12
100 12
101 21
100 11
100 18
103 152
100 11
100 13
100 13
101 23
100 15
100 12
100 16
100 11
100 11
100 11
100 17
100 14
100 13
101 23
100 14
100 17
100 16
101 21
100 15
100 19
102 75
101 39
100 13
101 26
100 17
100 15
100 13
101 32
100 17
100 13
102 77
102 60
100 11
100 11
100 13
100 14
100 13
103 142
101 34
101 26
100 19
102 63
102 74
101 29
101 35
101 38
100 15
101 26
100 12
101 31
102 69
100 17
100 14
100 19
100 11
103 147
100 16
101 39
100 17
103 145
100 15
100 11
100 16
101 27
101 38
100 16
102 70
100 13
102 76
100 14
100 17
102 71
101 37
101 27
100 12
100 14
100 12
101 39
100 18
103 150
100 11
100 19
100 13
102 71
100 19
100 11
100 11
102 72
100 16
102 61
100 11
102 67
103 146
100 13
102 70
100 13
100 19
100 17
100 19
101 34
100 18
101 21
101 34
105 608
100 13
101 31
101 32
101 32
100 11
103 154
101 30
102 70
105 620
100 15
101 39
101 22
101 37
100 19
100 15
100 18
104 312
100 16
100 13
100 15
100 11
102 67
100 19
102 61
100 14
100 19
100 14
100 19
100 19
101 35
100 14
102 63
103 150
101 34
100 12
101 26
100 13
100 15
101 24
100 11
100 19
101 36
100 13
101 21
100 18
100 13
102 69
100 11
100 12
100 19
100 15
101 37
104 307
105 611
100 19
100 11
101 24
100 18
100 11
105 624
101 34
100 13
100 18
101 32
100 17
100 16
102 70
101 31
100 17
103 152
100 15
101 32
101 34
100 19
100 12
100 19
101 32
102 70
100 13
101 31
103 142
103 142
100 12
100 13
100 18
101 32
103 151
100 14
100 19
100 13
101 38
100 13
104 310
100 17
102 74
100 19
100 17
101 36
100 12
100 13
101 23
100 18
101 37
100 15
104 298
100 15
100 14
100 13
103 155
100 11
100 14
100 11
105 608
101 38
101 36
100 13
101 38
100 15
100 12
102 66
103 153
106 1243
100 14
100 15
103 142
101 27
102 71
101 35
100 17
101 37
100 19
101 25
102 71
100 13
104 303
101 36
100 14
100 16
100 12
101 25
102 63
101 36
100 17
104 309
102 72
100 15
104 304
100 15
101 27
100 18
100 12
102 60
102 66
100 19
101 28
103 150
100 18
100 13
100 19
101 31
100 18
105 619
100 15
101 39
102 67
102 60
102 64
100 13
100 14
100 19
102 70
102 62
101 29
100 16
100 16
103 140
100 19
101 21
100 18
103 154
101 27
101 28
102 60
100 15
101 22
102 70
100 17
100 18
101 37
104 299
100 18
101 38
101 24
100 15
108 5000
102 71
100 12
102 71
102 63
101 23
104 308
100 13
102 63
101 33
100 15
100 12
101 21
100 12
100 15
100 11
100 18
100 15
101 37
103 152
102 61
101 28
100 19
100 15
100 13
101 29
103 138
102 72
100 11
100 19
100 14
101 39
101 21
101 31
105 622
101 39
101 37
101 36
100 11
100 17
100 19
101 31
100 14
100 12
100 11
101 30
101 26
100 15
102 60
100 18
101 24
101 33
100 18
100 19
100 17
100 19
102 75
101 37
100 11
101 36
100 15
101 30
100 18
100 19
101 37
100 19
101 34
100 16
101 29
101 26
103 144
100 19
100 14
102 69
100 13
100 15
102 67
100 15
100 16
100 16
100 11
102 75
104 309
100 18
100 19
103 155
100 16
102 64
100 17
101 33
100 18
101 39
100 12
101 38
100 14
101 38
101 28
100 14
108 4982
102 78
100 19
101 37
102 70
101 28
100 13
104 294
103 156
103 142
100 19
100 12
100 11
100 18
101 38
100 15
101 23
102 78
103 150
101 37
100 17
100 15
105 609
100 19
102 69
100 17
100 13
101 36
100 11
102 76
100 11
100 13
103 143
100 11
101 35
101 29
100 17
100 11
100 18
100 17
100 15
100 18
103 144
101 37
103 148
101 21
100 12
105 613
100 11
100 18
101 32
102 73
101 29
100 18
100 14
100 13
103 148
100 13
100 11
100 15
100 14
101 36
101 22
105 620
101 24
105 624
100 13
101 32
101 25
101 30
101 38
101 29
102 77
101 36
100 18
100 13
102 62
100 14
101 32
100 19
100 19
100 11
102 74
102 62
102 64
100 11
100 15
102 70
101 31
104 295
100 18
101 21
101 39
100 12
100 15
100 14
101 36
100 11
101 24
101 36
100 12
100 14
100 11
107 2485
101 32
100 19
102 74
101 38
100 11
100 14
100 16
100 18
103 155
101 37
100 19
100 17
100 15
100 16
100 13
102 63
100 11
101 24
101 28
100 18
100 11
100 11
101 31
100 18
100 19
101 29
102 77
100 12
105 614
103 146
101 35
100 11
100 11
104 300
100 16
106 1236
101 27
101 29
101 30
100 15
101 35
100 16
100 19
100 12
105 618
103 154
100 19
102 60
100 11
101 22
103 153
102 73
101 39
100 19
100 13
101 29
100 15
100 19
101 23
100 14
101 29
102 76
100 13
102 64
104 295
100 15
100 13
100 17
101 29
100 11
100 18
100 16
100 15
104 299
100 12
101 28
102 68
102 74
100 17
101 21
100 11
100 13
101 35
101 31
100 14
100 15
101 35
102 77
100 13
104 294
101 32
102 76
100 14
100 19
100 12
102 65
101 30
100 14
102 65
100 18
102 70
102 78
104 305
100 11
103 139
101 37
100 12
101 25
103 152
100 19
100 19
100 11
100 11
100 14
101 23
100 12
100 12
100 17
102 63
100 16
100 11
100 17
101 24
100 16
100 12
100 13
100 17
100 15
100 19
100 14
104 309
100 14
100 13
100 14
101 22
101 39
100 17
102 76
100 11
101 27
100 13
100 19
103 144
102 68
100 15
103 156
100 13
100 14
102 70
100 13
101 23
100 19
100 17
100 12
100 11
100 14
100 17
101 33
100 17
102 67
100 11
100 19
100 18
102 62
101 32
100 18
100 13
100 11
101 34
103 142
100 16
100 18
100 19
101 36
101 37
100 18
100 19
103 138
100 19
100 16
100 16
101 39
100 11
102 78
102 60
100 19
100 16
101 25
100 14
100 12
102 72
103 139
100 17
101 29
100 17
101 35
101 34
103 146
102 75
101 33
103 148
100 15
100 14
101 25
102 62
101 23
105 610
100 17
106 1245
101 32
100 11
100 15
101 35
101 35
101 38
100 13
103 143
104 304
100 19
101 24
101 22
101 31
101 24
102 78
100 16
100 12
100 16
100 14
104 300
101 27
100 13
100 16
100 13
100 15
101 29
101 37
100 13
100 16
103 153
101 37
100 16
100 14
105 617
105 617
101 24
101 23
106 1239
100 18
103 148
100 19
101 35
100 11
101 37
104 297
103 148
103 155
102 66
101 25
100 18
103 139
103 154
101 23
100 18
100 15
100 17
102 65
103 147
102 78
100 14
102 71
101 38
100 19
102 64
105 622
101 26
101 36
103 150
101 25
100 15
100 19
100 15
100 13
100 17
100 19
100 11
102 74
102 64
101 27
100 11
100 18
100 14
100 15
100 19
100 17
100 13
100 14
100 13
101 21
100 16
100 18
102 66
100 12
100 19
100 11
100 15
100 16
101 32
100 13
102 68
101 32
100 15
100 16
100 12
101 35
103 148
101 36
100 18
101 24
100 19
100 19
101 26
100 12
100 16
100 16
101 38
100 16
101 26
101 32
100 16
101 29
100 14
102 65
100 13
101 23
101 34
104 299
100 13
100 19
100 14
101 27
105 624
101 31
101 31
100 14
100 13
100 18
100 19
101 28
102 63
100 12
100 12
102 74
100 12
100 16
101 35
101 37
100 19
102 75
101 32
101 22
101 33
100 14
101 28
101 30
101 23
101 39
101 31
103 151
100 16
102 62
102 64
100 17
100 11
100 17
101 35
100 11
102 67
100 19
100 13
102 72
100 11
103 143
100 17
100 15
100 15
101 32
100 11
100 14
101 28
103 145
100 12
102 71
100 11
101 32
100 17
101 35
101 26
102 76
100 16
100 15
101 22
102 70
101 27
100 11
101 36
100 11
102 71
100 15
100 18
100 18
101 22
100 14
102 72
100 13
101 29
101 39
100 17
100 14
100 14
100 16
100 17
101 39
100 18
100 16
105 624
100 12
100 11
102 71
100 19
101 30
102 62
102 73
105 610
100 17
100 16
100 15
104 310
101 23
101 39
101 38
100 13
102 77
100 11
100 19
101 25
103 139
101 32
100 12
100 15
100 13
102 75
100 19
100 16
100 14
100 14
100 15
102 68
102 76
100 19
100 15
102 66
105 621
103 143
100 16
100 11
100 12
101 24
102 74
101 24
100 15
102 75
102 72
100 11
100 15
101 23
101 24
103 149
101 34
100 11
101 26
100 17
102 73
102 67
101 23
100 11
100 15
100 12
100 11
104 300
100 13
101 25
101 30
100 18
100 19
100 12
104 302
100 16
100 16
100 13
101 22
103 153
103 147
101 28
100 16
101 34
100 11
102 74
100 11
106 1243
100 11
101 28
105 607
101 36
100 18
100 14
101 32
101 31
101 33
101 30
101 39
101 29
100 13
100 15
100 13
100 13
100 12
108 4991
100 19
100 15
101 29
101 27
102 76
101 39
103 150
100 12
100 15
101 35
100 16
100 15
103 139
101 37
100 15
102 60
102 63
101 23
100 14
100 17
100 13
100 18
9
101 482
102 277
103 118
104 59
105 33
106 14
107 8
108 7
109 2
