100
13 2198
11 603
10 186
12 1008
12 1225
10 164
10 218
13 2350
10 249
10 235
10 159
10 228
12 1114
10 178
11 428
10 184
11 547
11 495
10 215
10 297
11 611
10 243
10 238
11 550
12 996
10 194
12 1197
11 609
12 949
10 206
10 253
12 1062
12 1059
10 161
13 2208
10 257
11 351
10 260
11 521
11 382
10 228
11 519
10 163
11 500
10 197
12 1055
10 265
12 1141
15 9878
10 218
10 242
10 267
10 261
12 943
13 2452
13 2369
10 253
10 270
10 202
10 270
11 510
11 513
10 283
10 195
13 2381
10 227
10 236
10 211
10 257
10 259
10 272
10 216
10 276
10 218
13 2237
11 554
15 9975
11 404
13 2437
11 512
12 952
11 500
11 392
10 164
10 221
10 166
11 591
10 311
13 2230
11 400
11 529
11 429
13 2337
12 1150
11 580
11 613
11 386
11 385
12 1021
10 268
5
11 28
12 11
13 5
14 4
15 2
