5000
1 7021
1 2751
1 9125
1 7065
1 6831
2 7087
2 3469
2 3304
2 6635
2 9172
3 9374
3 968
3 9297
3 2510
3 7751
4 9036
4 9369
4 5633
4 7647
4 2217
5 5253
5 2310
5 4183
5 4999
5 1302
6 1416
6 4777
6 7143
6 7197
6 3183
7 7253
7 8614
7 4436
7 1040
7 5932
8 4387
8 2294
8 772
8 4291
8 2137
9 8084
9 1206
9 5287
9 8236
9 9070
10 3158
10 2950
10 65
10 5879
10 5844
11 1314
11 5089
11 9739
11 2484
11 9311
12 9662
12 8414
12 9307
12 2698
12 3049
13 8150
13 4697
13 6616
13 4609
13 1502
14 7671
14 4885
14 4634
14 3365
14 7426
15 4618
15 1785
15 64
15 8173
15 7247
16 2621
16 8852
16 5970
16 9567
16 1167
17 7639
17 6771
17 875
17 9007
17 7318
18 7426
18 4812
18 8858
18 1520
18 3824
19 6996
19 7103
19 1148
19 2929
19 2035
20 3242
20 3521
20 7900
20 6021
20 6744
21 8489
21 8030
21 3100
21 4254
21 6355
22 7716
22 7205
22 2632
22 4941
22 1185
23 2542
23 5791
23 5655
23 2188
23 8946
24 5801
24 888
24 381
24 666
24 1234
25 7603
25 8622
25 9703
25 8206
25 4441
26 7882
26 7279
26 2102
26 2199
26 9017
27 9534
27 437
27 19
27 3094
27 6047
28 9830
28 2139
28 4504
28 2269
28 2561
29 2540
29 3572
29 9474
29 669
29 7336
30 7898
30 8301
30 8083
30 7255
30 4128
31 4508
31 3716
31 5050
31 4388
31 8004
32 1041
32 5187
32 4090
32 8772
32 2065
33 5651
33 342
33 5775
33 6217
33 4213
34 2663
34 7420
34 7083
34 4009
34 240
35 4704
35 2479
35 5760
35 2431
35 613
36 5816
36 6501
36 1737
36 1867
36 9243
37 7130
37 974
37 1630
37 1514
37 3653
38 8841
38 4241
38 6068
38 9448
38 620
39 5597
39 7282
39 8397
39 3225
39 5250
40 5365
40 1237
40 6309
40 8840
40 2861
41 9959
41 3660
41 1931
41 8239
41 7617
42 1594
42 8868
42 4526
42 3373
42 3573
43 2729
43 3457
43 5132
43 2760
43 4979
44 8117
44 4614
44 6731
44 5914
44 9533
45 2194
45 1070
45 9488
45 5190
45 1364
46 1050
46 8622
46 9945
46 5161
46 3138
47 9583
47 2295
47 9394
47 528
47 6527
48 1477
48 34
48 9425
48 9806
48 3374
49 4581
49 5303
49 4129
49 5679
49 9785
50 854
50 5161
50 5297
50 539
50 9839
51 5678
51 3460
51 7301
51 3568
51 4840
52 6506
52 1885
52 9231
52 6711
52 2804
53 3962
53 1787
53 6581
53 8796
53 3124
54 3641
54 6223
54 9608
54 3839
54 8817
55 1648
55 2219
55 3161
55 857
55 9463
56 1644
56 3518
56 6161
56 436
56 3106
57 5439
57 6976
57 1343
57 5656
57 7550
58 773
58 8703
58 5226
58 3698
58 5211
59 490
59 7568
59 9524
59 423
59 4423
60 4058
60 3362
60 2827
60 3911
60 5828
61 8768
61 7196
61 5270
61 4197
61 8556
62 6196
62 2284
62 7871
62 2670
62 9113
63 6720
63 9878
63 4734
63 3988
63 5877
64 9709
64 4631
64 9878
64 781
64 8630
65 6948
65 8469
65 1094
65 8645
65 7638
66 6745
66 5354
66 8056
66 3732
66 4944
67 7636
67 9117
67 3461
67 6519
67 4208
68 5730
68 6613
68 9312
68 6303
68 1658
69 7482
69 9675
69 7586
69 2228
69 5248
70 3747
70 7405
70 4986
70 9137
70 2604
71 3438
71 7279
71 8188
71 511
71 9808
72 1224
72 7998
72 7983
72 9276
72 9045
73 9262
73 3884
73 599
73 4234
73 5468
74 3274
74 4651
74 6517
74 9588
74 227
75 5386
75 1084
75 2103
75 7343
75 4264
76 5052
76 5214
76 6160
76 9206
76 6640
77 569
77 5205
77 1691
77 5014
77 375
78 4876
78 8077
78 1276
78 4208
78 899
79 3744
79 3561
79 6385
79 568
79 1159
80 1719
80 1240
80 8480
80 5445
80 9542
81 6141
81 997
81 3554
81 5011
81 4590
82 1143
82 5639
82 1527
82 4267
82 8166
83 9716
83 5600
83 7335
83 8466
83 3216
84 8957
84 2874
84 7134
84 7501
84 5552
85 3775
85 1786
85 3973
85 6423
85 2942
86 2949
86 2831
86 7895
86 6139
86 7688
87 8095
87 1068
87 1339
87 5706
87 4986
88 3082
88 6904
88 9635
88 8252
88 3113
89 3453
89 3731
89 2529
89 8579
89 6747
90 7704
90 8342
90 9513
90 1453
90 4886
91 9838
91 1585
91 8115
91 6467
91 2834
92 730
92 8180
92 6011
92 4284
92 4864
93 4431
93 980
93 6757
93 638
93 6656
94 473
94 4018
94 5718
94 4913
94 907
95 6303
95 9549
95 5220
95 3856
95 6392
96 8072
96 5024
96 2765
96 57
96 367
97 8290
97 7766
97 6999
97 7689
97 2549
98 298
98 851
98 7863
98 2753
98 1769
99 9345
99 512
99 9289
99 2968
99 8248
100 1080
100 9972
100 3444
100 5139
100 4127
101 8391
101 2581
101 1645
101 8857
101 3425
102 6571
102 5210
102 2354
102 7294
102 8029
103 4004
103 8486
103 1968
103 7437
103 1054
104 2961
104 6303
104 8165
104 6207
104 7484
105 8719
105 9270
105 6999
105 8504
105 2791
106 2797
106 2039
106 8500
106 5572
106 4800
107 2997
107 293
107 1018
107 1808
107 3788
108 7339
108 3331
108 6940
108 8046
108 5480
109 7587
109 2405
109 8483
109 4117
109 7476
110 7593
110 4229
110 7276
110 2512
110 4486
111 4742
111 7536
111 9545
111 4592
111 1384
112 8287
112 5922
112 4142
112 257
112 2287
113 4148
113 6752
113 2396
113 6984
113 381
114 5273
114 9900
114 9579
114 1606
114 7055
115 9116
115 7290
115 8842
115 9334
115 4450
116 790
116 6208
116 3962
116 8904
116 1293
117 8215
117 3210
117 9949
117 4243
117 101
118 844
118 1796
118 5090
118 8574
118 5211
119 7688
119 5110
119 2800
119 3540
119 8295
120 7749
120 7973
120 9189
120 4803
120 8442
121 6326
121 6041
121 7795
121 3400
121 2903
122 6789
122 5516
122 5314
122 5967
122 4301
123 7619
123 6450
123 4359
123 7817
123 2981
124 2110
124 6666
124 8167
124 2686
124 9921
125 9544
125 8740
125 1770
125 2921
125 5030
126 1439
126 5810
126 6917
126 9194
126 9302
127 977
127 5073
127 6970
127 55
127 8612
128 5212
128 521
128 7273
128 7950
128 7782
129 960
129 8398
129 3065
129 4969
129 5795
130 1319
130 2643
130 3925
130 6925
130 3731
131 3664
131 9572
131 6537
131 2001
131 2600
132 4951
132 752
132 8752
132 214
132 9599
133 3348
133 890
133 8557
133 8902
133 4428
134 2283
134 1254
134 9908
134 1353
134 7822
135 677
135 1566
135 1801
135 8075
135 8096
136 9850
136 1282
136 6258
136 5401
136 756
137 9967
137 1740
137 9493
137 6615
137 6162
138 6792
138 2931
138 3715
138 6280
138 5816
139 6935
139 1688
139 3647
139 8762
139 5335
140 7635
140 992
140 2945
140 563
140 449
141 3963
141 1
141 5277
141 3319
141 5511
142 7181
142 5715
142 4878
142 3485
142 4709
143 5373
143 1952
143 6290
143 3428
143 94
144 9403
144 3936
144 9446
144 8172
144 5006
145 4340
145 4998
145 1557
145 9858
145 7209
146 7255
146 6758
146 7264
146 362
146 9289
147 6538
147 5579
147 5819
147 9908
147 5987
148 2979
148 5515
148 1600
148 9088
148 4616
149 8975
149 8276
149 4336
149 5144
149 7797
150 7061
150 544
150 2070
150 4281
150 826
151 6387
151 7900
151 4060
151 695
151 9822
152 1563
152 5059
152 242
152 5932
152 2059
153 7646
153 5597
153 4334
153 9825
153 3298
154 8172
154 9701
154 3760
154 1647
154 9245
155 1532
155 4409
155 8230
155 8096
155 1723
156 6244
156 7797
156 7935
156 1076
156 4532
157 527
157 6326
157 8300
157 4755
157 976
158 9337
158 7626
158 5039
158 2127
158 1125
159 3616
159 4574
159 9354
159 3181
159 4262
160 3491
160 1681
160 9952
160 5969
160 2162
161 146
161 62
161 6523
161 385
161 5632
162 4837
162 4622
162 9444
162 1006
162 8377
163 7079
163 2487
163 4907
163 5872
163 7286
164 1210
164 7032
164 9385
164 1024
164 9304
165 7248
165 2836
165 8228
165 5641
165 3406
166 384
166 1790
166 2667
166 5157
166 4940
167 6995
167 7962
167 3657
167 6026
167 7692
168 9451
168 9472
168 8697
168 7777
168 7219
169 3545
169 7748
169 9100
169 7413
169 8565
170 3920
170 9381
170 6183
170 574
170 1331
171 6225
171 4156
171 3168
171 7841
171 5840
172 4376
172 9127
172 2582
172 7541
172 9220
173 6821
173 7358
173 7643
173 4221
173 1232
174 1146
174 8828
174 9296
174 1945
174 9408
175 3590
175 325
175 2943
175 2437
175 2840
176 6568
176 1547
176 9459
176 3274
176 1877
177 6357
177 7697
177 9595
177 174
177 6534
178 8135
178 181
178 8175
178 7248
178 2180
179 7296
179 800
179 8672
179 5960
179 5430
180 7281
180 8327
180 1460
180 3875
180 8391
181 9155
181 6230
181 2119
181 7799
181 8134
182 5866
182 9157
182 2994
182 2806
182 6007
183 311
183 3772
183 5544
183 3039
183 7656
184 8722
184 7901
184 5245
184 2638
184 2715
185 9906
185 8616
185 1991
185 840
185 1618
186 4030
186 531
186 6765
186 6808
186 5039
187 6933
187 5988
187 1109
187 7956
187 1077
188 6958
188 9458
188 8488
188 4066
188 5514
189 204
189 1616
189 4496
189 632
189 5699
190 3942
190 7086
190 1939
190 1733
190 231
191 2252
191 1955
191 646
191 8358
191 7719
192 8552
192 5472
192 9386
192 5777
192 5576
193 4945
193 1983
193 2258
193 2120
193 1722
194 2910
194 5833
194 3402
194 8663
194 7788
195 8737
195 8729
195 507
195 8867
195 2487
196 4503
196 798
196 9023
196 4721
196 2751
197 6396
197 3680
197 5720
197 8136
197 4416
198 4906
198 5727
198 8930
198 8954
198 4373
199 6655
199 9900
199 7413
199 4425
199 4263
200 7600
200 8816
200 8947
200 9414
200 1012
201 8901
201 8279
201 9497
201 3025
201 9387
202 4874
202 3600
202 710
202 1220
202 8930
203 7552
203 4861
203 4164
203 5715
203 7397
204 1778
204 7574
204 8790
204 2422
204 2748
205 9689
205 5872
205 1308
205 9204
205 5297
206 6529
206 7517
206 4025
206 4117
206 3455
207 2503
207 1950
207 4732
207 1510
207 7829
208 4568
208 1423
208 1279
208 9806
208 7860
209 3750
209 6343
209 2725
209 2756
209 1219
210 5987
210 9294
210 1684
210 7882
210 7574
211 9365
211 6564
211 4209
211 5291
211 536
212 6235
212 6084
212 4491
212 6747
212 3770
213 3260
213 3350
213 3438
213 6658
213 2121
214 6057
214 373
214 5304
214 100
214 4260
215 5732
215 7841
215 1580
215 5972
215 7543
216 1704
216 7647
216 3679
216 1078
216 4938
217 4508
217 5850
217 3272
217 2715
217 7953
218 8572
218 7794
218 7022
218 3670
218 6535
219 6833
219 9995
219 5783
219 5081
219 8213
220 3861
220 8440
220 7531
220 8925
220 2961
221 7809
221 4522
221 8663
221 5824
221 4310
222 4559
222 9468
222 7753
222 7440
222 7507
223 70
223 6905
223 8028
223 5244
223 6018
224 9319
224 5265
224 6188
224 9195
224 875
225 8357
225 2921
225 2813
225 6637
225 5133
226 4629
226 480
226 565
226 2468
226 8571
227 436
227 1050
227 5849
227 7304
227 8538
228 259
228 7944
228 878
228 6114
228 7732
229 8498
229 5716
229 1252
229 1230
229 422
230 4411
230 4633
230 278
230 9396
230 3141
231 3507
231 387
231 6853
231 5937
231 9881
232 8419
232 8663
232 7506
232 1547
232 2056
233 4388
233 8849
233 7014
233 8861
233 4423
234 2376
234 7955
234 2878
234 4892
234 5732
235 5254
235 9253
235 2627
235 6083
235 7257
236 9842
236 5078
236 9039
236 1303
236 5272
237 2503
237 8968
237 2154
237 1430
237 2270
238 9902
238 3387
238 840
238 7631
238 8753
239 376
239 1903
239 5791
239 5069
239 5924
240 1466
240 2641
240 4037
240 2165
240 8696
241 3972
241 1958
241 4817
241 708
241 5537
242 5916
242 8378
242 2948
242 6790
242 1845
243 3371
243 9764
243 5648
243 7734
243 9217
244 3158
244 4131
244 1168
244 8839
244 185
245 7201
245 2945
245 3589
245 1955
245 9674
246 963
246 9587
246 9719
246 8519
246 1119
247 9079
247 6005
247 407
247 4423
247 2887
248 1271
248 6847
248 2056
248 2563
248 9040
249 1757
249 2581
249 3336
249 4998
249 8802
250 8036
250 1434
250 8006
250 8360
250 8118
251 1899
251 3517
251 6445
251 4187
251 5460
252 2342
252 440
252 7298
252 5579
252 253
253 8980
253 6986
253 9260
253 6384
253 5826
254 25
254 7704
254 897
254 82
254 873
255 5416
255 4889
255 7587
255 8027
255 8851
256 7999
256 841
256 3003
256 8198
256 1691
257 7292
257 1166
257 8387
257 8682
257 8340
258 6116
258 7922
258 1477
258 3899
258 1870
259 6634
259 5485
259 9854
259 9531
259 5931
260 4687
260 8267
260 7692
260 7667
260 321
261 2671
261 8268
261 198
261 5546
261 3291
262 1995
262 2730
262 1573
262 9545
262 296
263 1558
263 3211
263 9664
263 2756
263 4276
264 4307
264 9769
264 1900
264 565
264 6052
265 7265
265 9507
265 640
265 3611
265 5874
266 1181
266 4969
266 9055
266 2170
266 8387
267 1329
267 1061
267 5951
267 9677
267 7825
268 4346
268 9288
268 5328
268 2939
268 4309
269 1604
269 2105
269 6220
269 4844
269 623
270 7365
270 5700
270 9800
270 1523
270 4236
271 632
271 1043
271 9161
271 2068
271 645
272 8611
272 683
272 8892
272 4908
272 907
273 8384
273 5100
273 7399
273 5416
273 5165
274 62
274 6870
274 2903
274 7403
274 5902
275 2601
275 574
275 2612
275 5152
275 9546
276 2152
276 1719
276 1501
276 8946
276 5349
277 8298
277 5357
277 3025
277 9704
277 9615
278 8444
278 4849
278 243
278 6827
278 4152
279 6938
279 4943
279 4165
279 2855
279 4744
280 6465
280 9462
280 3920
280 3563
280 1114
281 867
281 8622
281 9998
281 520
281 7069
282 692
282 1554
282 3975
282 911
282 3702
283 457
283 1926
283 8694
283 7022
283 301
284 3572
284 61
284 4555
284 6610
284 4048
285 5762
285 2980
285 4906
285 9146
285 3172
286 8707
286 2385
286 8069
286 1898
286 5278
287 1788
287 7157
287 4317
287 5426
287 8566
288 77
288 8384
288 4509
288 4920
288 2436
289 2562
289 4538
289 6835
289 1281
289 5223
290 525
290 2675
290 2466
290 3340
290 3356
291 4444
291 1348
291 7846
291 5928
291 5314
292 4780
292 5472
292 1741
292 9501
292 4871
293 9435
293 7694
293 3089
293 7489
293 3799
294 5282
294 6896
294 959
294 8867
294 6919
295 4973
295 2940
295 7443
295 6611
295 4836
296 5948
296 4297
296 6689
296 8015
296 4485
297 3699
297 4830
297 2020
297 9247
297 2347
298 8076
298 7321
298 6388
298 7540
298 3074
299 5427
299 2295
299 2939
299 4258
299 6663
300 6852
300 6760
300 4190
300 8737
300 659
301 9741
301 2771
301 9701
301 4172
301 2730
302 4553
302 1373
302 9242
302 6238
302 5871
303 1848
303 6009
303 6790
303 5993
303 8166
304 628
304 7437
304 9037
304 2743
304 1797
305 2255
305 5854
305 9654
305 6545
305 7186
306 7591
306 9363
306 8266
306 2058
306 5181
307 2996
307 2451
307 1129
307 1442
307 9747
308 8098
308 2007
308 5029
308 3514
308 5257
309 5273
309 7956
309 7356
309 1701
309 9673
310 890
310 6865
310 4159
310 194
310 2957
311 6051
311 2114
311 8903
311 5261
311 1829
312 4607
312 856
312 9845
312 5701
312 3034
313 9955
313 8318
313 3732
313 5394
313 2065
314 6842
314 8411
314 9966
314 5261
314 6732
315 8486
315 8871
315 9537
315 2362
315 5378
316 4503
316 813
316 601
316 7256
316 4285
317 6605
317 8511
317 4373
317 1728
317 3175
318 8505
318 1756
318 4249
318 6536
318 2703
319 7844
319 739
319 2120
319 693
319 164
320 4324
320 485
320 7413
320 1648
320 8305
321 8889
321 390
321 3669
321 5741
321 1068
322 8038
322 4409
322 5640
322 83
322 3234
323 3635
323 1236
323 1559
323 8904
323 7492
324 8307
324 7171
324 4828
324 9393
324 4019
325 718
325 7380
325 5613
325 9247
325 1627
326 6431
326 6666
326 9860
326 3236
326 6126
327 8071
327 4925
327 5691
327 8760
327 6603
328 2306
328 5813
328 3465
328 600
328 4617
329 8760
329 3929
329 5453
329 1020
329 8856
330 1877
330 7848
330 2804
330 9395
330 5505
331 4858
331 3247
331 3801
331 4622
331 6489
332 4703
332 2958
332 6689
332 2766
332 8402
333 6067
333 487
333 8948
333 4919
333 4877
334 6631
334 4980
334 5787
334 3624
334 6653
335 7758
335 9222
335 9530
335 4859
335 7320
336 5428
336 1198
336 9696
336 539
336 9450
337 4757
337 3838
337 8422
337 2044
337 92
338 4705
338 5608
338 1536
338 2000
338 9654
339 3152
339 2132
339 3635
339 2529
339 8204
340 6658
340 2058
340 823
340 6651
340 4186
341 8259
341 5146
341 7347
341 5522
341 6481
342 5226
342 8999
342 2033
342 196
342 9165
343 3317
343 5759
343 4576
343 5164
343 514
344 1303
344 7801
344 7439
344 5760
344 2453
345 6047
345 544
345 7667
345 9013
345 9504
346 8818
346 2418
346 1798
346 9257
346 187
347 9622
347 6285
347 7384
347 6018
347 8486
348 7868
348 5112
348 1264
348 5411
348 4188
349 6366
349 1613
349 6590
349 2525
349 6574
350 6849
350 1719
350 2697
350 9047
350 2162
351 7394
351 8446
351 3799
351 1608
351 1308
352 2787
352 6144
352 453
352 829
352 5272
353 4899
353 5606
353 2057
353 1650
353 2569
354 5873
354 7953
354 8888
354 2324
354 6238
355 6632
355 1027
355 9131
355 2904
355 3424
356 3825
356 4881
356 8292
356 2777
356 8680
357 9853
357 7746
357 8614
357 8785
357 5363
358 2129
358 4231
358 2982
358 4929
358 3062
359 5330
359 5298
359 3817
359 9994
359 2275
360 624
360 9292
360 848
360 179
360 9496
361 6429
361 446
361 7897
361 7465
361 6820
362 3432
362 9541
362 7014
362 32
362 923
363 4586
363 2490
363 151
363 2592
363 5180
364 1023
364 2250
364 8418
364 1747
364 4902
365 6142
365 6804
365 470
365 3374
365 7250
366 8295
366 8751
366 4336
366 6937
366 6611
367 7252
367 8884
367 7140
367 1215
367 9595
368 4201
368 6667
368 8124
368 3318
368 2733
369 8971
369 8201
369 8199
369 8143
369 3777
370 4635
370 510
370 993
370 7379
370 3819
371 4324
371 9635
371 8971
371 6371
371 3455
372 4278
372 2844
372 7486
372 116
372 4692
373 8792
373 8362
373 8919
373 4527
373 5581
374 2904
374 7270
374 7712
374 4814
374 6435
375 5789
375 4900
375 5045
375 5620
375 4826
376 438
376 8473
376 1338
376 5676
376 2810
377 5075
377 8707
377 7586
377 4051
377 1511
378 986
378 4146
378 6071
378 4650
378 6575
379 5159
379 4383
379 2054
379 829
379 2579
380 2181
380 4278
380 6904
380 1625
380 257
381 6310
381 2353
381 644
381 717
381 8009
382 701
382 5832
382 4954
382 5890
382 9697
383 9407
383 8871
383 1070
383 487
383 2312
384 799
384 763
384 4401
384 5064
384 95
385 3125
385 6600
385 2823
385 6878
385 7826
386 8275
386 3291
386 5881
386 7167
386 1636
387 8519
387 9879
387 5106
387 4399
387 4229
388 666
388 4025
388 3000
388 2741
388 8054
389 1581
389 6240
389 8090
389 9853
389 2501
390 3596
390 4439
390 8311
390 2632
390 4902
391 1381
391 972
391 5134
391 632
391 2209
392 6430
392 1116
392 4492
392 3767
392 7947
393 9588
393 2553
393 8965
393 398
393 4065
394 5622
394 5548
394 8509
394 5658
394 4102
395 7231
395 6878
395 5010
395 7025
395 5765
396 4715
396 7911
396 9504
396 5059
396 800
397 1934
397 5305
397 929
397 6606
397 3948
398 3771
398 2573
398 8071
398 838
398 2805
399 4378
399 8978
399 8288
399 2139
399 9134
400 1417
400 4951
400 3605
400 6260
400 1293
401 1882
401 7625
401 1136
401 9351
401 9544
402 7642
402 4131
402 698
402 7251
402 6710
403 422
403 8259
403 2386
403 2958
403 4195
404 8182
404 9241
404 3151
404 3329
404 7615
405 9815
405 6068
405 3151
405 7854
405 1419
406 9910
406 353
406 8322
406 8438
406 460
407 678
407 9342
407 8078
407 9215
407 6447
408 4178
408 2457
408 3211
408 2542
408 3321
409 1876
409 745
409 1932
409 6464
409 6615
410 9739
410 4322
410 168
410 7098
410 7935
411 4045
411 1658
411 4772
411 6668
411 5766
412 1738
412 8542
412 2412
412 9106
412 2278
413 4105
413 2831
413 5776
413 6264
413 6031
414 6554
414 5311
414 845
414 4930
414 8384
415 8009
415 6387
415 4550
415 4172
415 6150
416 6971
416 6153
416 2057
416 7109
416 311
417 7
417 9318
417 4446
417 7577
417 6344
418 6523
418 5563
418 6071
418 621
418 3223
419 7031
419 233
419 436
419 1895
419 1180
420 8947
420 3933
420 9351
420 33
420 9618
421 2048
421 7345
421 5198
421 1982
421 9440
422 6583
422 4794
422 7117
422 1438
422 855
423 1013
423 9639
423 6864
423 527
423 4415
424 3530
424 9070
424 7082
424 3537
424 4580
425 29
425 2953
425 925
425 4913
425 4823
426 3358
426 9175
426 7561
426 6382
426 9348
427 3071
427 1547
427 2806
427 3809
427 6432
428 468
428 2123
428 4603
428 4737
428 22
429 1814
429 1605
429 7146
429 2464
429 2969
430 6819
430 3989
430 8455
430 1397
430 9324
431 8339
431 9268
431 544
431 9241
431 2739
432 4830
432 3564
432 7457
432 4700
432 5557
433 4383
433 320
433 7042
433 8462
433 103
434 1021
434 1691
434 493
434 9578
434 1890
435 8011
435 4586
435 5533
435 4309
435 9275
436 6377
436 32
436 5483
436 3362
436 2074
437 5677
437 3762
437 6276
437 424
437 7349
438 6760
438 9581
438 4273
438 1862
438 8963
439 5352
439 9667
439 5348
439 8069
439 4717
440 2973
440 743
440 1758
440 8609
440 8984
441 194
441 9129
441 1801
441 5489
441 9750
442 3504
442 3826
442 2251
442 6165
442 5839
443 2885
443 4887
443 8168
443 438
443 1312
444 6615
444 7037
444 7212
444 3716
444 3316
445 3828
445 7176
445 1384
445 9905
445 3093
446 432
446 9026
446 8472
446 5438
446 8329
447 2480
447 1150
447 3764
447 4039
447 8449
448 3196
448 530
448 8255
448 9879
448 4239
449 5890
449 9238
449 3064
449 8179
449 9035
450 8927
450 5066
450 4691
450 7602
450 9331
451 2565
451 7810
451 2477
451 5927
451 5705
452 9565
452 7841
452 7275
452 3053
452 9134
453 8807
453 2573
453 6250
453 481
453 1488
454 1371
454 5454
454 3949
454 2843
454 2160
455 9172
455 9777
455 132
455 9063
455 4562
456 4013
456 2349
456 8332
456 6816
456 9782
457 8449
457 8882
457 8704
457 9390
457 9733
458 3580
458 3880
458 5223
458 6222
458 498
459 39
459 9914
459 9373
459 5862
459 524
460 8748
460 5973
460 2904
460 5472
460 9774
461 562
461 3347
461 6097
461 9582
461 6224
462 728
462 8197
462 5234
462 6087
462 7291
463 3492
463 5300
463 387
463 8663
463 9866
464 5473
464 6425
464 3029
464 4130
464 6736
465 1273
465 4029
465 3382
465 6546
465 9567
466 9096
466 3563
466 6004
466 1230
466 7452
467 6314
467 8477
467 6472
467 4477
467 7704
468 7651
468 7906
468 1678
468 4947
468 5470
469 2134
469 3972
469 9685
469 2939
469 5631
470 8502
470 8942
470 9256
470 2287
470 1699
471 7334
471 7243
471 2435
471 3829
471 6633
472 5550
472 5726
472 2711
472 1283
472 581
473 2679
473 858
473 947
473 3645
473 2259
474 2740
474 3699
474 1263
474 5322
474 1389
475 5941
475 9128
475 6278
475 6074
475 7638
476 2672
476 7803
476 5256
476 3976
476 9716
477 5960
477 1548
477 7024
477 3164
477 5556
478 7890
478 3505
478 4222
478 8092
478 6669
479 7257
479 9096
479 7145
479 5996
479 7495
480 4649
480 8519
480 9859
480 6445
480 980
481 5025
481 1368
481 2468
481 1398
481 8216
482 826
482 7253
482 2755
482 1932
482 2817
483 8170
483 1613
483 4993
483 9063
483 9391
484 4199
484 2892
484 6235
484 7861
484 644
485 815
485 468
485 2715
485 6445
485 2858
486 2773
486 9238
486 6637
486 4751
486 2087
487 958
487 641
487 9971
487 5155
487 5972
488 8249
488 1550
488 4990
488 6087
488 9726
489 4451
489 2107
489 9883
489 5488
489 5840
490 5264
490 3282
490 3330
490 3103
490 919
491 3725
491 3676
491 1950
491 3133
491 6542
492 5804
492 9456
492 8126
492 4612
492 542
493 9364
493 210
493 4915
493 7371
493 9526
494 8319
494 8054
494 6434
494 3789
494 4859
495 9354
495 8402
495 3202
495 1078
495 2629
496 7662
496 3860
496 5700
496 199
496 6821
497 1256
497 6027
497 5276
497 2960
497 3459
498 3224
498 5279
498 8633
498 7982
498 6023
499 7210
499 3075
499 9670
499 9543
499 8645
500 1572
500 9458
500 8463
500 469
500 3486
501 6347
501 6257
501 9924
501 1882
501 7430
502 4714
502 5079
502 240
502 3319
502 455
503 4302
503 4217
503 8825
503 7676
503 6847
504 8920
504 1210
504 8831
504 3126
504 4672
505 888
505 7465
505 5781
505 6731
505 1889
506 9934
506 5136
506 6931
506 1946
506 5218
507 5131
507 7719
507 4546
507 4539
507 8323
508 1547
508 7789
508 5031
508 1059
508 1106
509 7391
509 4140
509 2405
509 8344
509 3689
510 4015
510 2929
510 2761
510 4976
510 7573
511 1935
511 1942
511 2029
511 481
511 4229
512 9785
512 1146
512 5763
512 31
512 414
513 5571
513 248
513 4109
513 8228
513 7613
514 4592
514 2733
514 7060
514 6339
514 1075
515 9553
515 3925
515 8154
515 5901
515 3980
516 5308
516 134
516 5223
516 8171
516 6470
517 8439
517 6603
517 1218
517 6746
517 6667
518 135
518 1616
518 6294
518 1474
518 5937
519 1630
519 2269
519 5322
519 7248
519 9628
520 4889
520 8681
520 833
520 8993
520 6363
521 6545
521 8924
521 4700
521 8145
521 6594
522 9412
522 1154
522 4498
522 8853
522 3510
523 7375
523 2812
523 9185
523 2605
523 8140
524 3666
524 1471
524 8520
524 2160
524 6094
525 5810
525 3900
525 888
525 6025
525 2595
526 1945
526 4069
526 8362
526 4790
526 7212
527 597
527 5680
527 3278
527 1688
527 5796
528 8994
528 2601
528 2881
528 8712
528 8585
529 6943
529 3119
529 5501
529 5338
529 8706
530 1793
530 7527
530 5569
530 4516
530 4760
531 5233
531 4806
531 6000
531 7622
531 1418
532 8492
532 5191
532 2097
532 9972
532 85
533 6886
533 7208
533 8697
533 9517
533 2818
534 9507
534 7293
534 7480
534 4974
534 9046
535 4093
535 3517
535 7910
535 322
535 7666
536 8376
536 2403
536 9912
536 1855
536 3600
537 5283
537 5013
537 5368
537 3828
537 2794
538 9609
538 9488
538 9761
538 7319
538 7491
539 28
539 2279
539 9822
539 3833
539 2101
540 662
540 2847
540 9552
540 8798
540 396
541 1415
541 5175
541 7394
541 8529
541 1664
542 3425
542 9140
542 7038
542 9580
542 2241
543 1262
543 7187
543 4660
543 2464
543 2248
544 343
544 5848
544 6894
544 4022
544 3206
545 9591
545 9949
545 7090
545 7945
545 2356
546 9630
546 7271
546 181
546 2458
546 6026
547 5077
547 313
547 8536
547 3070
547 1369
548 6134
548 4522
548 2763
548 5354
548 7216
549 3449
549 3587
549 3538
549 4039
549 4941
550 7332
550 718
550 7313
550 3727
550 1044
551 6601
551 5481
551 9029
551 3321
551 4164
552 866
552 7152
552 6672
552 8328
552 7425
553 2146
553 164
553 6050
553 5584
553 1853
554 9062
554 1425
554 2125
554 9208
554 702
555 1890
555 5584
555 1128
555 8290
555 4132
556 146
556 9824
556 6868
556 775
556 3482
557 3900
557 8156
557 1462
557 6520
557 9058
558 3490
558 4412
558 5607
558 783
558 6565
559 7048
559 25
559 3815
559 230
559 6793
560 345
560 5787
560 4015
560 5627
560 5579
561 4852
561 1642
561 4492
561 9597
561 3642
562 220
562 6149
562 9778
562 4418
562 5351
563 7576
563 3375
563 2741
563 8860
563 5499
564 9541
564 9512
564 8369
564 1153
564 7513
565 3724
565 446
565 2863
565 3891
565 773
566 1522
566 7541
566 4509
566 3669
566 3322
567 4699
567 8853
567 6989
567 2011
567 9055
568 7490
568 5920
568 2781
568 347
568 5489
569 5233
569 4096
569 1430
569 7298
569 5534
570 8314
570 8261
570 1041
570 6630
570 7905
571 7864
571 2710
571 360
571 8982
571 2862
572 3217
572 7738
572 6367
572 3682
572 3776
573 7733
573 6909
573 2016
573 7586
573 7561
574 270
574 1633
574 8281
574 6799
574 8904
575 5145
575 8112
575 189
575 1444
575 7806
576 1340
576 6467
576 6210
576 1955
576 800
577 3057
577 4073
577 8175
577 8107
577 8981
578 2372
578 1789
578 478
578 829
578 4124
579 5762
579 9622
579 9120
579 9232
579 3613
580 698
580 4917
580 6911
580 8436
580 1769
581 9023
581 1055
581 6615
581 6762
581 8611
582 2771
582 7328
582 7368
582 8634
582 6771
583 1441
583 1877
583 7844
583 880
583 5874
584 1393
584 1783
584 346
584 2046
584 6429
585 7576
585 1185
585 9483
585 9308
585 7879
586 9281
586 8180
586 388
586 3812
586 4457
587 5830
587 8533
587 9240
587 1230
587 8486
588 8835
588 1230
588 482
588 5775
588 3034
589 4035
589 8750
589 4238
589 613
589 6449
590 4367
590 4906
590 1039
590 4867
590 2166
591 3691
591 106
591 6913
591 969
591 5703
592 5874
592 2963
592 574
592 7064
592 2140
593 5406
593 7463
593 337
593 9935
593 8005
594 956
594 2145
594 9
594 183
594 4016
595 4084
595 1769
595 3579
595 5432
595 522
596 6633
596 736
596 2602
596 9370
596 6295
597 8242
597 6625
597 4436
597 8829
597 9181
598 3931
598 436
598 8143
598 2232
598 1161
599 4267
599 4716
599 7266
599 2515
599 8635
600 8116
600 9782
600 1291
600 6632
600 4243
601 9014
601 9840
601 8347
601 2784
601 7077
602 4633
602 3122
602 2840
602 8976
602 5686
603 3524
603 7195
603 5824
603 2046
603 9652
604 8196
604 6125
604 7555
604 4854
604 717
605 2452
605 3625
605 6448
605 162
605 3367
606 8228
606 7560
606 6001
606 2937
606 2825
607 8646
607 3777
607 2673
607 1454
607 9814
608 1075
608 3250
608 8701
608 7525
608 5419
609 5844
609 5754
609 1779
609 4553
609 5433
610 6285
610 2365
610 2089
610 900
610 6355
611 5282
611 3981
611 9296
611 5079
611 2923
612 3804
612 4087
612 5253
612 4102
612 7294
613 9744
613 5678
613 2541
613 9131
613 7516
614 9390
614 4888
614 7416
614 9723
614 4514
615 1876
615 3837
615 2424
615 6967
615 8707
616 9965
616 8796
616 6728
616 3257
616 2668
617 8065
617 1879
617 3205
617 4100
617 7343
618 7166
618 5662
618 4248
618 6212
618 6267
619 5408
619 6482
619 6384
619 9503
619 327
620 9108
620 1305
620 1209
620 5132
620 8364
621 3028
621 3482
621 6974
621 842
621 6205
622 5523
622 9030
622 5808
622 1548
622 293
623 667
623 377
623 3584
623 2704
623 5262
624 3023
624 79
624 6063
624 9294
624 3382
625 2935
625 5982
625 8782
625 8831
625 2944
626 3482
626 1671
626 793
626 3210
626 1505
627 7262
627 6256
627 8604
627 1546
627 6274
628 2462
628 1082
628 9646
628 7632
628 5238
629 3227
629 3428
629 589
629 3941
629 4831
630 4440
630 3248
630 8477
630 9893
630 2476
631 1103
631 6378
631 3854
631 1140
631 1684
632 391
632 3417
632 6332
632 3897
632 9549
633 3806
633 1902
633 3154
633 9211
633 794
634 9180
634 5888
634 8008
634 7357
634 9594
635 9550
635 2197
635 7280
635 2115
635 6676
636 364
636 583
636 9726
636 4115
636 3971
637 8085
637 1643
637 1028
637 1685
637 4973
638 513
638 1729
638 7990
638 5701
638 6297
639 1983
639 9024
639 5072
639 1058
639 9836
640 1130
640 2851
640 1385
640 4585
640 72
641 1737
641 7656
641 9978
641 1403
641 1059
642 1865
642 233
642 4935
642 1024
642 8235
643 9971
643 8797
643 4858
643 3334
643 1666
644 1036
644 8704
644 4907
644 6690
644 9241
645 1603
645 1154
645 8565
645 1145
645 398
646 4658
646 9495
646 1693
646 6930
646 7698
647 3790
647 4526
647 7336
647 8153
647 4267
648 8359
648 5824
648 7720
648 225
648 1220
649 7745
649 6669
649 8081
649 8026
649 9321
650 1848
650 8269
650 9445
650 3864
650 7157
651 4496
651 2535
651 6833
651 8212
651 3935
652 6120
652 4576
652 5422
652 9474
652 6364
653 4094
653 2185
653 7582
653 525
653 3674
654 7435
654 7923
654 9347
654 6737
654 4254
655 3272
655 1070
655 3743
655 8763
655 865
656 2512
656 9492
656 6019
656 8748
656 5205
657 5676
657 2130
657 3230
657 7046
657 1010
658 4311
658 6041
658 2440
658 3807
658 3100
659 2271
659 6386
659 4314
659 3442
659 2700
660 503
660 6679
660 3885
660 6608
660 1432
661 2871
661 5572
661 3650
661 4615
661 3421
662 5281
662 5901
662 8889
662 2293
662 9208
663 3666
663 9893
663 5769
663 6723
663 1134
664 2729
664 7658
664 5821
664 486
664 6875
665 5697
665 4471
665 5541
665 8785
665 6466
666 4599
666 8537
666 177
666 8682
666 7917
667 6143
667 2460
667 7204
667 5312
667 3291
668 267
668 2588
668 4021
668 5921
668 9573
669 3552
669 9310
669 6246
669 8365
669 2179
670 9868
670 6606
670 321
670 4208
670 8645
671 532
671 4479
671 9258
671 3349
671 2096
672 6366
672 8330
672 3316
672 7142
672 8546
673 8423
673 1976
673 2502
673 1057
673 6617
674 6640
674 1783
674 4718
674 8460
674 9811
675 8815
675 2761
675 8006
675 8751
675 2364
676 8762
676 9350
676 2523
676 8198
676 1337
677 1995
677 8215
677 7095
677 8584
677 4909
678 577
678 9903
678 7718
678 6595
678 1783
679 3220
679 7887
679 1047
679 539
679 1817
680 6630
680 1902
680 2257
680 6372
680 2944
681 9658
681 4509
681 7629
681 2432
681 9295
682 4487
682 556
682 2501
682 8128
682 7682
683 4620
683 8078
683 6264
683 9497
683 8748
684 807
684 4475
684 4030
684 2086
684 7209
685 6857
685 6723
685 4135
685 3762
685 8106
686 112
686 376
686 9370
686 7754
686 4390
687 1960
687 8200
687 6212
687 7006
687 564
688 8344
688 9966
688 8007
688 2010
688 4285
689 5769
689 367
689 4739
689 3622
689 6162
690 6986
690 1721
690 1043
690 1186
690 8614
691 6925
691 4990
691 3615
691 9390
691 9903
692 5012
692 7557
692 9235
692 4622
692 247
693 2775
693 4804
693 1102
693 2022
693 9554
694 3223
694 978
694 6039
694 1475
694 5330
695 575
695 2094
695 5934
695 7633
695 7576
696 1831
696 4747
696 4709
696 9899
696 7469
697 9682
697 6266
697 7856
697 6992
697 276
698 5569
698 3201
698 3760
698 3765
698 8478
699 1157
699 1011
699 9475
699 4789
699 4013
700 4230
700 2526
700 6114
700 7386
700 6838
701 4180
701 7006
701 2751
701 7194
701 8690
702 8565
702 2310
702 7347
702 8978
702 6226
703 4823
703 6545
703 6004
703 5954
703 3472
704 4927
704 9154
704 5575
704 9358
704 5409
705 7499
705 442
705 6737
705 4197
705 4267
706 5171
706 8562
706 2922
706 9374
706 5662
707 3460
707 7846
707 7348
707 8117
707 7698
708 4127
708 509
708 4281
708 8276
708 5594
709 9724
709 4624
709 5692
709 3010
709 7604
710 3679
710 7521
710 6290
710 1469
710 4256
711 6362
711 8646
711 5936
711 9759
711 8274
712 3119
712 7474
712 6304
712 277
712 4478
713 5752
713 8883
713 8024
713 1945
713 9153
714 8276
714 7232
714 721
714 4273
714 7928
715 4964
715 2777
715 1760
715 2525
715 9360
716 9886
716 3337
716 2471
716 8909
716 4356
717 7345
717 992
717 4856
717 5436
717 2660
718 3094
718 2838
718 1872
718 3322
718 8074
719 2338
719 3562
719 8718
719 9824
719 5063
720 7803
720 6671
720 1628
720 5824
720 8082
721 9266
721 4687
721 2023
721 5881
721 3766
722 2082
722 337
722 8475
722 3466
722 2392
723 1697
723 8180
723 5815
723 9691
723 8140
724 1028
724 7658
724 9141
724 7654
724 5332
725 9944
725 9901
725 5586
725 3115
725 6739
726 9562
726 3717
726 9866
726 5890
726 6847
727 601
727 599
727 1180
727 1767
727 9254
728 2675
728 8328
728 4977
728 791
728 8361
729 9660
729 537
729 5102
729 2601
729 4817
730 8795
730 2169
730 3950
730 7326
730 8627
731 104
731 9158
731 9381
731 731
731 8514
732 4362
732 9687
732 6207
732 8280
732 8363
733 1700
733 7141
733 1348
733 5942
733 2115
734 8411
734 6619
734 1705
734 1939
734 2426
735 544
735 7409
735 4993
735 1029
735 3499
736 8238
736 1196
736 1277
736 5556
736 6013
737 4466
737 4310
737 7725
737 9789
737 7579
738 9047
738 7273
738 6810
738 8838
738 4899
739 8205
739 9302
739 7898
739 249
739 504
740 5061
740 575
740 5892
740 4233
740 2304
741 4998
741 5174
741 7075
741 1765
741 3946
742 5025
742 6416
742 1491
742 703
742 4639
743 9568
743 2309
743 8286
743 978
743 8212
744 4445
744 4389
744 2858
744 5672
744 8244
745 6878
745 7809
745 8099
745 4475
745 7189
746 8438
746 3166
746 2188
746 1470
746 7515
747 2368
747 4581
747 1812
747 3497
747 5520
748 5857
748 2408
748 713
748 8541
748 4540
749 7993
749 917
749 8131
749 1210
749 4399
750 5451
750 9415
750 1128
750 3571
750 9709
751 5174
751 4733
751 7898
751 4141
751 7728
752 1454
752 1183
752 8509
752 7087
752 4838
753 6119
753 8614
753 1453
753 9428
753 591
754 7206
754 8670
754 2393
754 7672
754 3310
755 9716
755 5349
755 6632
755 6678
755 7824
756 4369
756 4826
756 6581
756 9340
756 8621
757 2789
757 6672
757 4898
757 626
757 7393
758 128
758 2011
758 3592
758 396
758 1795
759 2675
759 3805
759 2243
759 6557
759 2072
760 8520
760 3454
760 5638
760 6975
760 2363
761 8437
761 5066
761 4940
761 7662
761 9087
762 3018
762 7886
762 6724
762 7993
762 5250
763 6151
763 6489
763 3615
763 354
763 1621
764 8554
764 2268
764 9036
764 1027
764 24
765 4250
765 4159
765 2996
765 3164
765 3973
766 743
766 4967
766 4312
766 6424
766 7665
767 8537
767 5039
767 4811
767 5263
767 4368
768 1004
768 6735
768 5566
768 210
768 6489
769 8733
769 4372
769 8166
769 5076
769 1525
770 6890
770 9775
770 9428
770 831
770 1162
771 7
771 5665
771 1075
771 5994
771 3772
772 273
772 1845
772 2600
772 1034
772 39
773 9432
773 1689
773 9118
773 7973
773 8305
774 212
774 3310
774 681
774 9858
774 4482
775 9344
775 5164
775 8285
775 8892
775 3862
776 5509
776 5903
776 1948
776 1449
776 2442
777 2798
777 3833
777 9342
777 1212
777 8106
778 2227
778 3379
778 5770
778 2801
778 5590
779 1327
779 9718
779 6315
779 5644
779 2134
780 6999
780 1838
780 3258
780 2236
780 7781
781 7644
781 4458
781 2496
781 7526
781 4294
782 5787
782 1868
782 9697
782 40
782 728
783 6388
783 5071
783 9291
783 1409
783 4576
784 3144
784 1483
784 2313
784 2853
784 3575
785 190
785 5203
785 7056
785 8149
785 4816
786 6994
786 8658
786 6231
786 9735
786 4774
787 6768
787 9172
787 8188
787 4715
787 9526
788 1637
788 813
788 4063
788 974
788 328
789 1130
789 7959
789 1992
789 3069
789 2837
790 5280
790 6412
790 3720
790 6255
790 242
791 5882
791 889
791 3765
791 8965
791 9587
792 911
792 6584
792 2734
792 7419
792 8067
793 7727
793 2168
793 7686
793 7506
793 8490
794 9007
794 2954
794 8837
794 8297
794 4760
795 123
795 873
795 276
795 7903
795 3320
796 474
796 7372
796 3868
796 709
796 981
797 6376
797 4532
797 8814
797 8194
797 9688
798 6428
798 442
798 4365
798 7174
798 9393
799 4804
799 3183
799 2953
799 9875
799 927
800 1212
800 4457
800 5620
800 7953
800 3750
801 3613
801 948
801 8416
801 5584
801 2487
802 4353
802 3084
802 9604
802 8236
802 2625
803 8480
803 8749
803 4705
803 8234
803 651
804 9253
804 526
804 9179
804 1299
804 5653
805 6048
805 3028
805 4852
805 538
805 3954
806 9365
806 7583
806 4505
806 902
806 7369
807 2355
807 4280
807 29
807 7728
807 5109
808 9493
808 6678
808 632
808 1655
808 1057
809 2176
809 4035
809 5896
809 6627
809 3009
810 8929
810 3053
810 1112
810 5252
810 834
811 3994
811 2700
811 6573
811 9228
811 9264
812 7373
812 682
812 9138
812 3903
812 7377
813 1545
813 1602
813 6647
813 1612
813 7223
814 2233
814 9615
814 8416
814 5670
814 9597
815 7058
815 3716
815 7344
815 7615
815 4284
816 10000
816 1961
816 8731
816 333
816 4096
817 9246
817 7042
817 517
817 4209
817 6025
818 3116
818 7393
818 9208
818 4493
818 4724
819 1292
819 5605
819 9012
819 197
819 3972
820 212
820 1276
820 3627
820 1503
820 8947
821 6189
821 3633
821 4977
821 4741
821 3300
822 9910
822 127
822 34
822 1139
822 4285
823 9465
823 1812
823 4294
823 5482
823 3014
824 9668
824 5583
824 9342
824 6249
824 9847
825 8149
825 8685
825 6311
825 743
825 4835
826 9565
826 129
826 7828
826 4679
826 3104
827 499
827 8462
827 8870
827 4658
827 8749
828 9576
828 1010
828 4499
828 5065
828 3675
829 9028
829 6765
829 74
829 1148
829 8588
830 5865
830 3791
830 9343
830 334
830 2090
831 499
831 1372
831 5818
831 616
831 679
832 131
832 9451
832 646
832 3575
832 5490
833 6327
833 3891
833 6484
833 5121
833 8253
834 4121
834 9370
834 1945
834 2845
834 1991
835 5892
835 3651
835 3020
835 1878
835 4447
836 2275
836 6726
836 9933
836 5307
836 4283
837 9272
837 5075
837 2466
837 4148
837 3077
838 7141
838 1268
838 6887
838 2206
838 8913
839 5421
839 7507
839 1520
839 1246
839 9496
840 7862
840 2782
840 3002
840 5491
840 3853
841 2584
841 25
841 4562
841 8474
841 9413
842 9862
842 7521
842 8644
842 9714
842 1459
843 176
843 6317
843 5294
843 1543
843 2129
844 6823
844 6905
844 1915
844 108
844 9910
845 1350
845 4370
845 9436
845 1472
845 1967
846 2457
846 9730
846 6406
846 4811
846 1813
847 3419
847 5588
847 5411
847 3274
847 8183
848 2432
848 3410
848 5487
848 6895
848 6985
849 4961
849 6248
849 1173
849 8058
849 5207
850 4271
850 7125
850 6323
850 5690
850 5627
851 4387
851 3883
851 4040
851 1551
851 2044
852 8257
852 5781
852 6844
852 7534
852 1254
853 599
853 597
853 7117
853 5718
853 7916
854 3441
854 9018
854 5598
854 9121
854 8054
855 2820
855 7314
855 6286
855 2134
855 1225
856 2896
856 9722
856 5566
856 2744
856 7857
857 9227
857 5995
857 6446
857 9269
857 6340
858 9523
858 2326
858 2016
858 7484
858 5759
859 3417
859 3689
859 309
859 8927
859 8207
860 1092
860 8097
860 9259
860 4488
860 3826
861 9564
861 1393
861 8206
861 2924
861 3911
862 8986
862 3416
862 5007
862 3458
862 7270
863 1935
863 4916
863 8714
863 7768
863 3784
864 2310
864 3218
864 1883
864 2020
864 184
865 8001
865 2584
865 8040
865 5776
865 8013
866 5909
866 5962
866 6840
866 5355
866 6495
867 7170
867 8749
867 6659
867 3869
867 8618
868 392
868 4465
868 8701
868 989
868 9344
869 4938
869 752
869 5302
869 9270
869 6759
870 2727
870 9056
870 5032
870 8551
870 6760
871 5518
871 3478
871 4665
871 2733
871 2224
872 360
872 1689
872 179
872 7317
872 6375
873 502
873 7944
873 4798
873 7784
873 1237
874 8374
874 2277
874 9575
874 986
874 5208
875 7340
875 1644
875 6593
875 6914
875 1105
876 971
876 7373
876 9686
876 75
876 5242
877 5120
877 6813
877 9870
877 5896
877 1216
878 3652
878 6942
878 1067
878 3220
878 9904
879 6860
879 1390
879 5751
879 3434
879 261
880 4128
880 3032
880 2336
880 61
880 3610
881 2915
881 4469
881 6022
881 8424
881 4759
882 6191
882 5261
882 8355
882 5976
882 4486
883 9806
883 6527
883 4614
883 9234
883 4782
884 4716
884 7798
884 4816
884 3328
884 2306
885 8395
885 2785
885 6836
885 1858
885 4726
886 9826
886 1604
886 6759
886 686
886 7710
887 5504
887 8918
887 6101
887 4476
887 745
888 6982
888 9680
888 8546
888 1343
888 8035
889 9392
889 3
889 6374
889 8256
889 7627
890 5746
890 2615
890 500
890 963
890 7733
891 2668
891 9266
891 6911
891 6051
891 7145
892 6037
892 2454
892 1008
892 2029
892 437
893 1746
893 985
893 4796
893 5200
893 2798
894 5251
894 5376
894 5399
894 5504
894 3475
895 581
895 4908
895 5853
895 6144
895 3059
896 5580
896 3660
896 2601
896 8389
896 7089
897 3669
897 5942
897 6407
897 7918
897 2369
898 6463
898 5345
898 461
898 5369
898 7903
899 9895
899 5702
899 2666
899 3179
899 6783
900 5438
900 1666
900 8849
900 3936
900 2535
901 287
901 6
901 1859
901 2151
901 4996
902 9845
902 8297
902 9429
902 1120
902 586
903 9778
903 1604
903 5279
903 5013
903 6145
904 5012
904 2280
904 315
904 6650
904 9951
905 1313
905 8464
905 8716
905 8876
905 8807
906 9845
906 2968
906 5896
906 7774
906 9355
907 604
907 8034
907 5991
907 6697
907 1720
908 1224
908 7864
908 5074
908 5680
908 6516
909 7320
909 5015
909 7113
909 4452
909 1565
910 2547
910 3639
910 8083
910 8057
910 3430
911 3929
911 7604
911 9531
911 7675
911 7163
912 2062
912 4434
912 1062
912 7511
912 6117
913 2594
913 2888
913 9715
913 2317
913 8483
914 1638
914 4362
914 1866
914 6908
914 2832
915 3959
915 9336
915 8480
915 5737
915 3380
916 9316
916 4703
916 8177
916 802
916 5443
917 5021
917 1164
917 7709
917 4802
917 677
918 7550
918 9062
918 3146
918 2720
918 1445
919 7226
919 8928
919 4007
919 7594
919 5759
920 6591
920 7538
920 2448
920 1639
920 2098
921 5983
921 1149
921 7036
921 6162
921 9725
922 7129
922 4223
922 3163
922 3274
922 3567
923 9702
923 6190
923 2399
923 8402
923 6172
924 1206
924 6810
924 7138
924 3396
924 5792
925 5745
925 138
925 1584
925 436
925 6298
926 3653
926 3384
926 2842
926 6836
926 6282
927 3061
927 8222
927 353
927 5088
927 3975
928 1053
928 5088
928 8103
928 7941
928 6242
929 2269
929 2411
929 2565
929 198
929 3326
930 9563
930 5157
930 4760
930 1397
930 2514
931 4306
931 9449
931 4493
931 815
931 2714
932 30
932 158
932 3276
932 7393
932 3836
933 3965
933 9821
933 5795
933 4824
933 6686
934 6743
934 8992
934 3845
934 7506
934 2099
935 5491
935 2081
935 3083
935 436
935 1773
936 8127
936 4841
936 8596
936 8159
936 1687
937 9308
937 6790
937 1086
937 9343
937 8855
938 1685
938 5400
938 379
938 2688
938 706
939 2747
939 3122
939 415
939 9280
939 4664
940 4767
940 3057
940 5237
940 1461
940 157
941 8824
941 7089
941 484
941 7490
941 3517
942 5400
942 9864
942 1416
942 7890
942 8981
943 6328
943 6495
943 6821
943 105
943 8188
944 6485
944 7629
944 5484
944 7080
944 7434
945 7391
945 2214
945 4560
945 5030
945 1588
946 405
946 2148
946 9197
946 8947
946 6728
947 5912
947 1389
947 9793
947 5577
947 9189
948 2561
948 7779
948 7092
948 9531
948 2285
949 7326
949 3729
949 8472
949 1968
949 1622
950 9630
950 5222
950 7666
950 8520
950 9483
951 7853
951 428
951 4177
951 6106
951 8106
952 4672
952 6788
952 8474
952 8381
952 7544
953 5244
953 4402
953 2031
953 4723
953 70
954 4599
954 530
954 668
954 6482
954 7331
955 3624
955 3735
955 1906
955 5384
955 1055
956 9177
956 2800
956 9570
956 6951
956 5457
957 8136
957 5482
957 471
957 1873
957 9365
958 2717
958 8812
958 7939
958 9227
958 8295
959 1156
959 7514
959 4241
959 8477
959 4662
960 3122
960 8218
960 5720
960 6089
960 8463
961 6648
961 9968
961 5152
961 9550
961 4296
962 6018
962 8197
962 7469
962 853
962 1157
963 3295
963 8212
963 1996
963 9812
963 342
964 7564
964 5678
964 4414
964 2263
964 1506
965 6023
965 4207
965 5921
965 5098
965 9638
966 6204
966 3802
966 5329
966 1706
966 5038
967 101
967 5882
967 1703
967 887
967 7275
968 4294
968 1067
968 7237
968 1673
968 4475
969 7684
969 2657
969 9332
969 65
969 4520
970 3336
970 5531
970 6578
970 2245
970 5596
971 4201
971 2826
971 8201
971 81
971 5779
972 4567
972 6542
972 1864
972 4607
972 5870
973 6911
973 3180
973 9461
973 6143
973 1479
974 8002
974 3314
974 3312
974 2695
974 179
975 917
975 6108
975 6601
975 9367
975 5295
976 932
976 9038
976 1450
976 6761
976 1272
977 4602
977 2692
977 523
977 136
977 689
978 9319
978 1492
978 8474
978 1464
978 6769
979 7388
979 5050
979 9114
979 5309
979 3718
980 5741
980 2215
980 1256
980 6744
980 2731
981 3565
981 5510
981 3016
981 6560
981 2321
982 3614
982 6573
982 6510
982 7785
982 4078
983 7409
983 7283
983 4692
983 4162
983 7281
984 2454
984 2326
984 4855
984 1476
984 7653
985 2324
985 9262
985 7612
985 8958
985 2503
986 1113
986 5078
986 4458
986 6558
986 2627
987 1196
987 9460
987 1967
987 3429
987 2715
988 8307
988 965
988 4759
988 3713
988 8277
989 1903
989 5677
989 3509
989 3532
989 862
990 498
990 686
990 9578
990 5854
990 9153
991 1804
991 1218
991 8447
991 4717
991 5904
992 9462
992 174
992 4817
992 8402
992 5352
993 3557
993 6123
993 458
993 1186
993 96
994 3667
994 2417
994 2102
994 61
994 9190
995 2415
995 3494
995 1438
995 5236
995 3750
996 2220
996 7868
996 4224
996 7104
996 2087
997 7922
997 4209
997 6205
997 6566
997 563
998 5542
998 8043
998 4213
998 4126
998 5173
999 1210
999 4766
999 8672
999 7781
999 8475
1000 6381
1000 4055
1000 5485
1000 2177
1000 6984
1000
1 5
2 5
3 5
4 5
5 5
6 5
7 5
8 5
9 5
10 5
11 5
12 5
13 5
14 5
15 5
16 5
17 5
18 5
19 5
20 5
21 5
22 5
23 5
24 5
25 5
26 5
27 5
28 5
29 5
30 5
31 5
32 5
33 5
34 5
35 5
36 5
37 5
38 5
39 5
40 5
41 5
42 5
43 5
44 5
45 5
46 5
47 5
48 5
49 5
50 5
51 5
52 5
53 5
54 5
55 5
56 5
57 5
58 5
59 5
60 5
61 5
62 5
63 5
64 5
65 5
66 5
67 5
68 5
69 5
70 5
71 5
72 5
73 5
74 5
75 5
76 5
77 5
78 5
79 5
80 5
81 5
82 5
83 5
84 5
85 5
86 5
87 5
88 5
89 5
90 5
91 5
92 5
93 5
94 5
95 5
96 5
97 5
98 5
99 5
100 5
101 5
102 5
103 5
104 5
105 5
106 5
107 5
108 5
109 5
110 5
111 5
112 5
113 5
114 5
115 5
116 5
117 5
118 5
119 5
120 5
121 5
122 5
123 5
124 5
125 5
126 5
127 5
128 5
129 5
130 5
131 5
132 5
133 5
134 5
135 5
136 5
137 5
138 5
139 5
140 5
141 5
142 5
143 5
144 5
145 5
146 5
147 5
148 5
149 5
150 5
151 5
152 5
153 5
154 5
155 5
156 5
157 5
158 5
159 5
160 5
161 5
162 5
163 5
164 5
165 5
166 5
167 5
168 5
169 5
170 5
171 5
172 5
173 5
174 5
175 5
176 5
177 5
178 5
179 5
180 5
181 5
182 5
183 5
184 5
185 5
186 5
187 5
188 5
189 5
190 5
191 5
192 5
193 5
194 5
195 5
196 5
197 5
198 5
199 5
200 5
201 5
202 5
203 5
204 5
205 5
206 5
207 5
208 5
209 5
210 5
211 5
212 5
213 5
214 5
215 5
216 5
217 5
218 5
219 5
220 5
221 5
222 5
223 5
224 5
225 5
226 5
227 5
228 5
229 5
230 5
231 5
232 5
233 5
234 5
235 5
236 5
237 5
238 5
239 5
240 5
241 5
242 5
243 5
244 5
245 5
246 5
247 5
248 5
249 5
250 5
251 5
252 5
253 5
254 5
255 5
256 5
257 5
258 5
259 5
260 5
261 5
262 5
263 5
264 5
265 5
266 5
267 5
268 5
269 5
270 5
271 5
272 5
273 5
274 5
275 5
276 5
277 5
278 5
279 5
280 5
281 5
282 5
283 5
284 5
285 5
286 5
287 5
288 5
289 5
290 5
291 5
292 5
293 5
294 5
295 5
296 5
297 5
298 5
299 5
300 5
301 5
302 5
303 5
304 5
305 5
306 5
307 5
308 5
309 5
310 5
311 5
312 5
313 5
314 5
315 5
316 5
317 5
318 5
319 5
320 5
321 5
322 5
323 5
324 5
325 5
326 5
327 5
328 5
329 5
330 5
331 5
332 5
333 5
334 5
335 5
336 5
337 5
338 5
339 5
340 5
341 5
342 5
343 5
344 5
345 5
346 5
347 5
348 5
349 5
350 5
351 5
352 5
353 5
354 5
355 5
356 5
357 5
358 5
359 5
360 5
361 5
362 5
363 5
364 5
365 5
366 5
367 5
368 5
369 5
370 5
371 5
372 5
373 5
374 5
375 5
376 5
377 5
378 5
379 5
380 5
381 5
382 5
383 5
384 5
385 5
386 5
387 5
388 5
389 5
390 5
391 5
392 5
393 5
394 5
395 5
396 5
397 5
398 5
399 5
400 5
401 5
402 5
403 5
404 5
405 5
406 5
407 5
408 5
409 5
410 5
411 5
412 5
413 5
414 5
415 5
416 5
417 5
418 5
419 5
420 5
421 5
422 5
423 5
424 5
425 5
426 5
427 5
428 5
429 5
430 5
431 5
432 5
433 5
434 5
435 5
436 5
437 5
438 5
439 5
440 5
441 5
442 5
443 5
444 5
445 5
446 5
447 5
448 5
449 5
450 5
451 5
452 5
453 5
454 5
455 5
456 5
457 5
458 5
459 5
460 5
461 5
462 5
463 5
464 5
465 5
466 5
467 5
468 5
469 5
470 5
471 5
472 5
473 5
474 5
475 5
476 5
477 5
478 5
479 5
480 5
481 5
482 5
483 5
484 5
485 5
486 5
487 5
488 5
489 5
490 5
491 5
492 5
493 5
494 5
495 5
496 5
497 5
498 5
499 5
500 5
501 5
502 5
503 5
504 5
505 5
506 5
507 5
508 5
509 5
510 5
511 5
512 5
513 5
514 5
515 5
516 5
517 5
518 5
519 5
520 5
521 5
522 5
523 5
524 5
525 5
526 5
527 5
528 5
529 5
530 5
531 5
532 5
533 5
534 5
535 5
536 5
537 5
538 5
539 5
540 5
541 5
542 5
543 5
544 5
545 5
546 5
547 5
548 5
549 5
550 5
551 5
552 5
553 5
554 5
555 5
556 5
557 5
558 5
559 5
560 5
561 5
562 5
563 5
564 5
565 5
566 5
567 5
568 5
569 5
570 5
571 5
572 5
573 5
574 5
575 5
576 5
577 5
578 5
579 5
580 5
581 5
582 5
583 5
584 5
585 5
586 5
587 5
588 5
589 5
590 5
591 5
592 5
593 5
594 5
595 5
596 5
597 5
598 5
599 5
600 5
601 5
602 5
603 5
604 5
605 5
606 5
607 5
608 5
609 5
610 5
611 5
612 5
613 5
614 5
615 5
616 5
617 5
618 5
619 5
620 5
621 5
622 5
623 5
624 5
625 5
626 5
627 5
628 5
629 5
630 5
631 5
632 5
633 5
634 5
635 5
636 5
637 5
638 5
639 5
640 5
641 5
642 5
643 5
644 5
645 5
646 5
647 5
648 5
649 5
650 5
651 5
652 5
653 5
654 5
655 5
656 5
657 5
658 5
659 5
660 5
661 5
662 5
663 5
664 5
665 5
666 5
667 5
668 5
669 5
670 5
671 5
672 5
673 5
674 5
675 5
676 5
677 5
678 5
679 5
680 5
681 5
682 5
683 5
684 5
685 5
686 5
687 5
688 5
689 5
690 5
691 5
692 5
693 5
694 5
695 5
696 5
697 5
698 5
699 5
700 5
701 5
702 5
703 5
704 5
705 5
706 5
707 5
708 5
709 5
710 5
711 5
712 5
713 5
714 5
715 5
716 5
717 5
718 5
719 5
720 5
721 5
722 5
723 5
724 5
725 5
726 5
727 5
728 5
729 5
730 5
731 5
732 5
733 5
734 5
735 5
736 5
737 5
738 5
739 5
740 5
741 5
742 5
743 5
744 5
745 5
746 5
747 5
748 5
749 5
750 5
751 5
752 5
753 5
754 5
755 5
756 5
757 5
758 5
759 5
760 5
761 5
762 5
763 5
764 5
765 5
766 5
767 5
768 5
769 5
770 5
771 5
772 5
773 5
774 5
775 5
776 5
777 5
778 5
779 5
780 5
781 5
782 5
783 5
784 5
785 5
786 5
787 5
788 5
789 5
790 5
791 5
792 5
793 5
794 5
795 5
796 5
797 5
798 5
799 5
800 5
801 5
802 5
803 5
804 5
805 5
806 5
807 5
808 5
809 5
810 5
811 5
812 5
813 5
814 5
815 5
816 5
817 5
818 5
819 5
820 5
821 5
822 5
823 5
824 5
825 5
826 5
827 5
828 5
829 5
830 5
831 5
832 5
833 5
834 5
835 5
836 5
837 5
838 5
839 5
840 5
841 5
842 5
843 5
844 5
845 5
846 5
847 5
848 5
849 5
850 5
851 5
852 5
853 5
854 5
855 5
856 5
857 5
858 5
859 5
860 5
861 5
862 5
863 5
864 5
865 5
866 5
867 5
868 5
869 5
870 5
871 5
872 5
873 5
874 5
875 5
876 5
877 5
878 5
879 5
880 5
881 5
882 5
883 5
884 5
885 5
886 5
887 5
888 5
889 5
890 5
891 5
892 5
893 5
894 5
895 5
896 5
897 5
898 5
899 5
900 5
901 5
902 5
903 5
904 5
905 5
906 5
907 5
908 5
909 5
910 5
911 5
912 5
913 5
914 5
915 5
916 5
917 5
918 5
919 5
920 5
921 5
922 5
923 5
924 5
925 5
926 5
927 5
928 5
929 5
930 5
931 5
932 5
933 5
934 5
935 5
936 5
937 5
938 5
939 5
940 5
941 5
942 5
943 5
944 5
945 5
946 5
947 5
948 5
949 5
950 5
951 5
952 5
953 5
954 5
955 5
956 5
957 5
958 5
959 5
960 5
961 5
962 5
963 5
964 5
965 5
966 5
967 5
968 5
969 5
970 5
971 5
972 5
973 5
974 5
975 5
976 5
977 5
978 5
979 5
980 5
981 5
982 5
983 5
984 5
985 5
986 5
987 5
988 5
989 5
990 5
991 5
992 5
993 5
994 5
995 5
996 5
997 5
998 5
999 5
1000 5
