1000
100 34
102 140
101 41
100 22
100 32
100 39
102 137
102 146
100 28
100 32
100 35
101 40
101 50
100 34
102 147
100 30
101 72
101 68
100 34
100 24
101 47
103 301
100 36
100 34
102 153
101 70
103 279
102 143
101 69
100 32
100 28
100 28
101 58
100 25
101 70
100 27
101 77
102 143
104 607
100 31
102 123
101 70
102 140
100 21
101 71
100 24
100 25
100 31
100 22
102 124
102 140
104 588
100 39
100 25
104 604
102 124
101 63
100 23
100 22
101 49
100 35
102 125
100 37
103 306
100 24
100 31
100 29
100 38
100 35
101 71
100 21
103 280
101 53
102 150
101 60
101 75
101 44
101 48
101 43
100 38
101 75
100 34
100 21
101 65
100 30
100 26
100 33
102 131
103 311
100 27
101 69
100 33
101 74
101 77
106 2488
103 304
103 278
101 55
100 35
102 131
100 25
100 23
106 2477
104 597
100 38
102 143
101 63
100 36
102 120
101 48
101 74
100 29
100 23
102 150
100 29
100 35
101 75
100 37
100 21
101 73
100 35
100 22
104 590
107 4965
100 23
104 604
102 145
101 59
104 622
102 147
100 36
100 37
101 44
100 37
102 143
100 23
101 47
100 24
100 39
101 45
100 22
100 37
101 60
104 601
101 49
100 34
100 30
101 40
101 47
100 24
101 52
100 31
101 68
102 153
100 37
100 32
101 69
100 26
101 48
100 34
100 25
104 607
100 32
100 35
102 151
102 120
100 33
100 25
101 62
100 35
106 2471
100 39
100 38
101 61
100 32
100 21
104 590
100 22
106 2482
101 42
102 141
102 146
101 44
100 33
102 121
100 33
101 60
100 28
100 35
100 31
104 597
100 36
100 38
102 128
100 25
100 38
102 145
103 275
100 38
104 589
103 287
101 54
101 65
100 28
101 68
101 50
101 42
101 48
103 293
108 9962
104 616
104 613
100 30
102 132
101 72
103 295
101 61
100 24
100 31
100 31
100 38
101 53
104 598
100 37
100 31
100 28
100 35
100 22
102 144
101 45
103 312
100 35
103 308
102 153
102 119
100 34
102 119
100 37
100 23
101 42
100 26
100 34
100 29
100 34
101 61
100 31
101 61
102 119
101 69
100 26
100 38
104 623
100 22
101 62
100 38
100 23
100 23
100 23
101 43
103 284
100 33
100 21
101 62
100 37
101 50
100 37
100 39
101 70
101 58
100 24
103 312
100 26
101 76
102 153
100 23
102 144
102 129
100 26
100 21
100 27
101 66
105 1214
101 51
102 147
101 69
103 285
100 36
101 64
102 152
100 32
100 26
100 34
102 124
100 23
100 37
100 34
100 30
101 75
100 35
100 23
103 303
102 126
100 33
100 34
101 71
100 22
100 35
101 73
102 129
101 48
100 29
100 36
103 295
101 51
100 27
101 68
106 2497
100 36
101 76
101 55
101 42
100 33
100 23
100 35
100 29
102 122
100 21
100 34
103 309
101 63
104 591
100 36
101 47
100 33
101 68
100 24
100 37
100 37
100 21
100 33
102 153
100 33
100 30
106 2493
106 2474
102 139
100 26
100 31
101 45
101 56
102 126
101 68
103 276
101 45
101 73
100 35
101 73
100 33
102 141
100 37
101 42
101 75
101 45
100 24
101 69
100 21
101 71
101 71
100 35
101 64
100 21
101 52
101 52
100 29
102 147
101 75
101 60
102 127
100 29
101 41
102 123
100 26
100 29
101 49
100 34
103 289
101 48
100 35
101 52
101 59
100 31
101 43
103 309
101 46
100 23
101 58
101 40
100 21
101 65
102 142
100 22
101 72
105 1221
100 27
102 119
101 53
100 38
102 121
101 42
102 146
100 26
100 27
101 55
102 148
102 139
102 151
103 278
104 595
100 39
100 29
100 31
105 1236
103 299
102 125
103 283
101 66
106 2486
100 34
103 279
100 26
105 1221
101 46
100 39
100 26
101 58
101 65
100 37
102 133
100 22
100 28
105 1241
100 37
105 1241
100 23
105 1222
101 42
103 279
107 4998
100 28
103 274
100 24
101 77
100 39
100 38
100 25
101 51
103 279
100 38
100 31
101 69
100 24
100 36
101 50
100 29
101 52
100 29
100 30
100 33
107 4982
100 28
101 55
100 37
101 49
101 40
102 139
102 121
100 30
103 311
106 2462
100 33
100 26
100 33
104 602
100 34
100 30
100 24
100 30
101 61
100 36
102 147
100 23
101 76
100 34
100 26
102 133
105 1242
100 23
100 31
101 66
100 38
100 27
101 57
100 28
100 29
102 155
100 27
100 23
102 145
104 598
101 69
100 23
103 287
101 64
101 48
102 136
100 23
100 38
103 299
100 38
102 153
101 64
100 32
100 36
100 22
100 21
101 46
100 28
101 69
100 25
101 64
100 31
100 23
100 27
100 38
101 70
100 30
100 32
100 21
100 31
101 72
100 23
100 31
100 28
101 73
100 28
102 126
104 587
101 42
100 34
100 33
100 35
100 25
100 28
100 36
100 37
100 21
101 50
101 54
100 30
102 123
101 49
106 2472
101 69
100 26
100 22
100 27
100 28
102 129
102 124
100 38
104 593
102 141
101 74
100 23
100 31
100 30
101 45
100 30
102 141
100 33
102 136
100 34
100 28
100 25
103 289
100 30
100 30
100 35
103 274
101 76
100 24
101 73
100 27
100 34
104 608
100 36
100 28
106 2485
101 73
101 60
100 28
100 39
100 28
100 37
100 31
100 22
101 42
100 35
101 59
100 35
100 30
102 150
100 30
100 27
103 278
100 31
103 292
100 34
100 27
103 291
100 39
100 23
100 34
101 52
100 33
100 36
102 141
101 69
100 34
102 120
102 156
100 28
102 129
100 39
100 24
100 34
100 38
101 76
101 44
101 72
100 37
100 34
101 40
101 46
101 50
100 39
100 31
100 39
100 22
102 127
100 24
100 25
100 36
100 39
101 51
105 1232
100 33
102 137
100 28
100 31
101 63
101 64
101 64
100 30
100 36
101 71
101 77
100 21
102 133
100 32
100 34
100 25
100 32
100 25
101 47
100 39
100 32
101 60
100 34
100 27
100 37
101 55
100 24
101 71
100 27
101 74
100 22
102 142
101 54
101 47
100 33
101 74
102 153
102 153
101 41
102 141
100 29
100 39
102 150
100 34
101 42
102 144
102 141
100 27
102 136
100 32
101 60
100 36
102 152
102 141
100 30
100 26
101 66
102 140
103 304
103 311
100 21
101 48
100 24
100 38
101 48
100 28
103 289
103 280
100 21
100 23
100 23
100 22
102 127
101 65
103 301
101 57
103 307
101 73
100 24
101 78
100 35
100 30
100 36
100 24
100 28
101 49
102 120
101 44
101 58
100 38
101 46
100 29
100 38
101 65
100 36
100 30
103 284
100 35
108 10000
100 39
100 37
100 33
101 50
100 37
100 37
100 26
102 134
101 43
101 67
100 36
100 26
100 30
100 21
100 28
100 39
101 61
101 51
100 24
100 25
101 49
101 54
101 51
100 33
100 22
103 304
101 73
100 34
101 66
100 34
102 137
101 43
100 33
101 40
100 26
100 24
101 46
100 29
100 33
101 66
100 39
102 136
100 37
107 4964
101 51
101 43
100 21
100 29
100 27
100 32
100 32
102 144
106 2492
100 37
100 34
100 24
101 41
101 59
100 22
100 26
100 23
102 135
101 44
100 39
100 35
101 41
100 21
100 33
100 26
101 44
101 55
106 2462
103 311
101 49
100 32
100 25
100 33
100 29
100 39
100 28
100 27
100 37
100 28
100 32
101 64
107 4978
101 75
101 76
100 33
100 24
102 119
103 308
100 36
103 306
100 38
100 35
100 38
103 274
100 29
101 45
101 70
101 50
100 31
100 38
101 64
104 621
101 57
103 303
100 36
102 150
101 70
100 22
102 146
100 26
100 29
102 132
100 24
100 32
100 35
100 34
100 25
100 28
102 135
100 38
104 613
100 35
100 37
100 32
100 36
103 294
100 21
104 601
101 64
102 140
103 297
100 38
100 29
100 22
100 22
102 142
100 29
101 53
100 26
101 40
100 21
101 68
103 288
100 22
100 35
101 52
104 599
100 30
101 43
103 297
103 289
101 64
101 66
100 21
100 34
100 33
101 43
103 286
100 39
100 23
100 34
101 69
101 55
104 602
100 34
100 29
101 70
102 154
100 35
100 24
100 37
101 57
103 280
100 23
103 294
101 48
100 34
101 69
100 29
102 144
100 38
101 77
100 39
102 132
101 70
100 23
100 33
100 30
101 68
100 31
101 75
101 61
102 131
101 61
101 49
100 32
101 46
101 43
100 26
100 35
100 21
100 29
101 53
106 2495
103 289
100 34
100 29
100 29
100 34
103 308
100 35
102 123
100 28
100 35
100 25
100 29
100 37
101 66
102 149
100 33
100 28
105 1240
101 59
100 24
100 34
100 22
102 125
101 63
107 4963
100 33
102 129
100 36
102 146
102 151
100 38
100 22
100 27
100 34
100 39
101 71
100 32
7
101 253
102 124
103 58
104 37
105 15
106 7
107 6
