8192
5 585
5 3894
5 8308
5 7065
5 3462
5 6924
5 6158
5 7229
5 5916
5 2654
5 8625
5 1203
5 6815
5 6504
5 5710
5 1027
5 4057
5 3934
5 2038
5 3937
5 1865
5 3781
5 7906
5 9473
5 5706
5 9729
5 1003
5 9954
5 4051
5 6002
5 9274
5 6671
5 8710
5 5891
5 7892
5 6637
5 7939
5 4184
5 5817
5 7230
5 9058
5 7113
5 9894
5 8587
5 9784
5 5907
5 6979
5 6084
5 4
5 2531
5 7043
5 7750
5 8211
5 8731
5 2736
5 3948
5 9310
5 1954
5 3371
5 9186
5 3026
5 4244
5 3807
5 8384
5 4620
5 2722
5 1183
5 2450
5 2146
5 2722
5 4996
5 507
5 6954
5 7187
5 8463
5 8610
5 6664
5 8427
5 1659
5 7306
5 2333
5 814
5 9396
5 2876
5 4025
5 5524
5 9291
5 9594
5 1518
5 915
5 8026
5 2868
5 9341
5 4626
5 6240
5 5582
5 7889
5 6006
5 5031
5 2501
5 4818
5 9957
5 9550
5 78
5 3436
5 5783
5 7625
5 1496
5 7322
5 7149
5 3924
5 9311
5 2881
5 1730
5 2584
5 515
5 4058
5 1659
5 3814
5 1382
5 5926
5 8350
5 2403
5 1928
5 6378
5 7811
5 8636
5 2337
5 7622
5 5019
5 4566
5 6193
5 1719
5 8467
5 1111
5 7864
5 6866
5 8468
5 3958
5 3874
5 3656
5 5315
5 8727
5 622
5 3021
5 5886
5 8381
5 3274
5 89
5 9790
5 8331
5 3187
5 664
5 8653
5 7218
5 3697
5 9553
5 4619
5 3843
5 6625
5 2456
5 6694
5 3200
5 4335
5 5646
5 5985
5 7097
5 4695
5 139
5 3462
5 7317
5 8782
5 9594
5 6321
5 1806
5 3671
5 3654
5 1540
5 6838
5 5166
5 932
5 7730
5 648
5 7791
5 8391
5 8871
5 6469
5 1915
5 6308
5 6025
5 5485
5 331
5 559
5 5619
5 2627
5 9143
5 6427
5 5400
5 704
5 306
5 680
5 1644
5 842
5 5659
5 1099
5 3721
5 9677
5 4794
5 5213
5 4609
5 6290
5 1608
5 2429
5 8445
5 4352
5 6882
5 6298
5 8712
5 7436
5 6727
5 6122
5 3160
5 7972
5 9244
5 9628
5 4039
5 2819
5 4238
5 922
5 4759
5 911
5 3339
5 446
5 6547
5 953
5 356
5 6162
5 1226
5 9639
5 4234
5 7663
5 8668
5 3350
5 9426
5 7455
5 59
5 8813
5 1055
5 6108
5 538
5 678
5 4685
5 502
5 7312
5 6492
5 3060
5 6896
5 1856
5 2034
5 4649
5 3020
5 7262
5 2477
5 1340
5 5925
5 4362
5 7350
5 5126
5 4805
5 2700
5 9772
5 6139
5 500
5 4944
5 2916
5 6851
5 5918
5 5853
5 9181
5 9810
5 4074
5 9366
5 37
5 8745
5 2986
5 9926
5 7016
5 5382
5 9122
5 6626
5 6808
5 6810
5 3643
5 1268
5 5942
5 763
5 8137
5 3935
5 3015
5 8631
5 9084
5 2165
5 8937
5 8566
5 2752
5 2324
5 8165
5 3520
5 4753
5 4262
5 6387
5 1555
5 982
5 2871
5 2637
5 8274
5 9144
5 2601
5 6296
5 3717
5 2600
5 3563
5 1959
5 8562
5 744
5 291
5 7629
5 6970
5 2632
5 6768
5 4212
5 5938
5 3085
5 3802
5 6777
5 3477
5 2975
5 7348
5 555
5 478
5 7929
5 8880
5 7144
5 3602
5 2147
5 1385
5 8880
5 9039
5 6578
5 7095
5 1864
5 9482
5 3154
5 5537
5 586
5 9150
5 9308
5 3003
5 9641
5 4225
5 9492
5 7021
5 485
5 8519
5 2923
5 1943
5 3714
5 6738
5 9261
5 4216
5 9827
5 174
5 6446
5 8455
5 3945
5 2171
5 7417
5 7894
5 2453
5 3219
5 4920
5 5319
5 2035
5 7996
5 6139
5 3075
5 4071
5 9230
5 1349
5 3229
5 9863
5 5703
5 3329
5 1509
5 4661
5 4256
5 6748
5 1081
5 955
5 8125
5 9229
5 4781
5 4002
5 6464
5 8335
5 6891
5 5066
5 2389
5 1170
5 8041
5 321
5 9396
5 5835
5 9344
5 5904
5 8488
5 6442
5 4358
5 2074
5 859
5 5914
5 9954
5 1960
5 3481
5 3289
5 9703
5 2847
5 7433
5 4738
5 5862
5 484
5 1317
5 33
5 8554
5 9382
5 4610
5 8659
5 3251
5 4564
5 8286
5 2317
5 126
5 2733
5 2559
5 3017
5 1394
5 3347
5 4090
5 8479
5 5225
5 2540
5 7503
5 9081
5 7316
5 5380
5 8544
5 3046
5 3731
5 4430
5 8742
5 9105
5 1089
5 5069
5 3902
5 8354
5 2702
5 552
5 1283
5 9510
5 1752
5 2275
5 2801
5 4299
5 5105
5 3218
5 4102
5 2192
5 3852
5 5024
5 1843
5 6201
5 9171
5 1691
5 4035
5 3960
5 4611
5 5350
5 785
5 808
5 8377
5 2082
5 5283
5 4091
5 1723
5 8259
5 7372
5 409
5 2047
5 375
5 4556
5 14
5 1768
5 3819
5 7779
5 5087
5 6590
5 8586
5 1829
5 1118
5 9254
5 2373
5 2692
5 3087
5 7348
5 4035
5 6731
5 690
5 6292
5 2880
5 9000
5 9312
5 1081
5 1751
5 559
5 5968
5 2880
5 4384
5 7126
5 1942
5 9070
5 9999
5 3910
5 6326
5 7828
5 596
5 3971
5 7187
5 849
5 8928
5 9945
5 9585
5 296
5 7614
5 1490
5 2150
5 8562
5 2358
5 3278
5 6444
5 1965
5 4762
5 894
5 5827
5 1939
5 2672
5 4482
5 3041
5 9831
5 8555
5 2470
5 8231
5 3904
5 8850
5 233
5 1634
5 9618
5 9787
5 1032
5 7632
5 6807
5 7618
5 9066
5 9411
5 9826
5 3749
5 6996
5 5930
5 9277
5 7728
5 2764
5 5424
5 6397
5 3566
5 3077
5 2156
5 3704
5 7357
5 3369
5 5646
5 8006
5 6663
5 6616
5 4085
5 4343
5 4638
5 5820
5 6156
5 1983
5 4355
5 7527
5 7988
5 6045
5 1309
5 6212
5 4449
5 853
5 4562
5 1873
5 6504
5 3614
5 9494
5 5688
5 8864
5 9506
5 7647
5 1064
5 4628
5 1786
5 1601
5 9943
5 6149
5 2988
5 5383
5 6681
5 3842
5 5833
5 3352
5 4369
5 7143
5 4919
5 3044
5 925
5 4354
5 2799
5 9937
5 4809
5 580
5 6539
5 4616
5 2694
5 5475
5 3347
5 5287
5 3951
5 5029
5 6371
5 1138
5 9279
5 4107
5 4248
5 4480
5 3334
5 8950
5 519
5 2170
5 3690
5 1373
5 1480
5 9265
5 987
5 8874
5 3583
5 379
5 7602
5 7358
5 3963
5 6719
5 4690
5 5719
5 202
5 9256
5 9936
5 3980
5 7911
5 1019
5 864
5 9217
5 7224
5 3956
5 1051
5 5988
5 1814
5 8350
5 9077
5 476
5 6496
5 5259
5 2572
5 82
5 2044
5 4927
5 2186
5 2663
5 8285
5 6666
5 2840
5 2160
5 9087
5 8151
5 2094
5 9811
5 5319
5 4611
5 7981
5 2687
5 4392
5 883
5 1142
5 3755
5 7455
5 1797
5 8614
5 195
5 7860
5 8851
5 9116
5 9190
5 6973
5 3668
5 2166
5 2900
5 5942
5 1174
5 5885
5 6853
5 4494
5 7994
5 826
5 8450
5 376
5 4013
5 9666
5 4832
5 5521
5 7586
5 5121
5 1796
5 7536
5 7354
5 907
5 8003
5 7609
5 6140
5 3110
5 1187
5 8420
5 4903
5 1797
5 5583
5 8159
5 7195
5 5213
5 2294
5 9246
5 7119
5 1410
5 6818
5 2832
5 6230
5 4656
5 452
5 2692
5 7366
5 6458
5 4790
5 4595
5 5873
5 3550
5 1035
5 9745
5 1186
5 7686
5 8350
5 3389
5 4244
5 4587
5 7950
5 2184
5 8705
5 1876
5 2178
5 6420
5 6421
5 8362
5 257
5 5686
5 160
5 9490
5 4965
5 9080
5 9025
5 6330
5 6919
5 3554
5 4551
5 7928
5 5723
5 6486
5 7941
5 9372
5 9667
5 1075
5 1417
5 415
5 8218
5 5652
5 9151
5 1997
5 4004
5 500
5 5741
5 515
5 3529
5 8279
5 2706
5 2170
5 8319
5 6647
5 5974
5 2265
5 730
5 4174
5 9811
5 6755
5 1135
5 3136
5 5191
5 5939
5 5701
5 5294
5 3041
5 2594
5 6485
5 9241
5 5365
5 9433
5 8061
5 413
5 9682
5 3203
5 7400
5 7369
5 4773
5 5279
5 6223
5 413
5 8193
5 1098
5 7536
5 1172
5 8519
5 3276
5 583
5 4207
5 7800
5 5745
5 918
5 4270
5 2189
5 8762
5 4827
5 5276
5 1208
5 7132
5 9812
5 9611
5 8629
5 6488
5 5361
5 8842
5 440
5 4969
5 719
5 9451
5 7846
5 142
5 8876
5 9658
5 5805
5 3514
5 8499
5 5957
5 35
5 7476
5 8023
5 427
5 7986
5 2019
5 8614
5 2441
5 1732
5 1073
5 5232
5 845
5 3254
5 806
5 7504
5 5213
5 5091
5 4733
5 4636
5 7267
5 1810
5 2969
5 1075
5 6060
5 287
5 5484
5 2136
5 3005
5 9247
5 1691
5 1328
5 5358
5 1044
5 1218
5 3581
5 9240
5 1144
5 3202
5 1103
5 5794
5 3285
5 3955
5 1080
5 6569
5 776
5 5345
5 6946
5 6728
5 6911
5 8727
5 7431
5 7171
5 9958
5 1781
5 111
5 9169
5 702
5 8091
5 8683
5 7601
5 3006
5 1811
5 5676
5 1385
5 348
5 2267
5 4820
5 2207
5 3831
5 5826
5 9793
5 5128
5 9597
5 4897
5 8566
5 7174
5 6150
5 6380
5 5058
5 2495
5 4533
5 4435
5 2324
5 5192
5 6830
5 4890
5 4003
5 3405
5 981
5 1155
5 3228
5 748
5 2348
5 3960
5 726
5 3704
5 5032
5 9790
5 6332
5 6044
5 8384
5 5331
5 627
5 3899
5 6696
5 7795
5 5918
5 7542
5 2535
5 3453
5 8287
5 8509
5 6681
5 9230
5 4924
5 3127
5 156
5 4689
5 3459
5 6051
5 6291
5 4274
5 2512
5 9908
5 3322
5 2131
5 5192
5 9639
5 459
5 4363
5 9743
5 2627
5 2921
5 6060
5 4076
5 8218
5 3893
5 2949
5 3391
5 2710
5 3869
5 10
5 2614
5 8422
5 361
5 1889
5 7872
5 7928
5 3443
5 2473
5 3715
5 7048
5 5085
5 3453
5 5309
5 2696
5 2758
5 4223
5 7321
5 4168
5 276
5 7967
5 3709
5 8985
5 1345
5 1264
5 5145
5 6855
5 3780
5 7068
5 3275
5 7873
5 4872
5 3401
5 3551
5 3540
5 860
5 2597
5 840
5 1702
5 5985
5 8448
5 4542
5 8993
5 9095
5 1103
5 2423
5 6883
5 8267
5 2042
5 4889
5 9928
5 6411
5 3989
5 3917
5 7305
5 3334
5 3100
5 3368
5 1234
5 2229
5 3266
5 9890
5 8380
5 1047
5 4887
5 6139
5 2827
5 1745
5 2944
5 530
5 1715
5 2851
5 1723
5 240
5 7138
5 3334
5 6041
5 6690
5 400
5 8242
5 1299
5 5204
5 7210
5 9072
5 7223
5 3084
5 4928
5 4354
5 2631
5 2811
5 5435
5 8394
5 1063
5 9588
5 9739
5 8677
5 9632
5 4955
5 2904
5 4867
5 5927
5 676
5 386
5 4896
5 315
5 9641
5 9392
5 6097
5 3491
5 2977
5 1329
5 1855
5 1612
5 5107
5 3962
5 6750
5 3869
5 962
5 4354
5 5646
5 9826
5 2072
5 6195
5 4711
5 6385
5 751
5 7612
5 4825
5 6707
5 4101
5 8045
5 356
5 5950
5 2043
5 5293
5 8755
5 1146
5 6107
5 6320
5 8959
5 5081
5 8182
5 7914
5 9062
5 6505
5 969
5 5789
5 6215
5 1533
5 4332
5 3238
5 4236
5 3563
5 4279
5 2909
5 6895
5 1565
5 3793
5 7819
5 7338
5 9089
5 7215
5 184
5 6624
5 8821
5 2430
5 9169
5 6842
5 46
5 7533
5 1144
5 6778
5 8848
5 1234
5 8549
5 599
5 3409
5 8690
5 5950
5 2521
5 9228
5 7004
5 4390
5 2932
5 1622
5 7093
5 7625
5 3946
5 5342
5 1158
5 6334
5 4842
5 3662
5 7465
5 8909
5 363
5 1757
5 6662
5 9903
5 7355
5 1748
5 6345
5 9741
5 7693
5 9235
5 3094
5 1790
5 7984
5 3661
5 3706
5 5363
5 9000
5 7372
5 9824
5 5779
5 319
5 691
5 2704
5 5049
5 8142
5 2862
5 7323
5 9290
5 6744
5 1215
5 7550
5 1465
5 6548
5 3378
5 6600
5 541
5 4272
5 9896
5 9499
5 646
5 3122
5 7088
5 6754
5 6345
5 3514
5 2503
5 979
5 2600
5 7268
5 7791
5 665
5 529
5 768
5 6366
5 7836
5 2544
5 5043
5 5676
5 8797
5 2974
5 3234
5 6445
5 9699
5 2754
5 8436
5 3714
5 1134
5 9284
5 7353
5 7035
5 8483
5 5048
5 7768
5 9664
5 7238
5 1081
5 270
5 9084
5 5007
5 3891
5 7221
5 3715
5 4434
5 6919
5 4429
5 3146
5 3741
5 127
5 3491
5 1742
5 4117
5 3830
5 5283
5 7954
5 5674
5 5332
5 7562
5 4198
5 6185
5 9492
5 2138
5 4621
5 9317
5 6794
5 9611
5 623
5 1599
5 5020
5 2112
5 6460
5 9816
5 3122
5 7037
5 9781
5 3068
5 8385
5 7232
5 4439
5 6204
5 474
5 5608
5 5423
5 3853
5 8459
5 4642
5 8251
5 6769
5 9413
5 3744
5 7671
5 4706
5 9678
5 9950
5 3013
5 2551
5 2386
5 9916
5 32
5 8924
5 7340
5 3684
5 1593
5 8965
5 1833
5 3174
5 2035
5 5535
5 3521
5 891
5 2559
5 5542
5 8915
5 6799
5 7490
5 608
5 3616
5 3845
5 3749
5 3806
5 2867
5 5083
5 8380
5 6681
5 3513
5 7891
5 1477
5 3267
5 984
5 3227
5 4364
5 329
5 7376
5 408
5 5350
5 5542
5 9224
5 372
5 7925
5 7835
5 6074
5 2899
5 8724
5 6602
5 3436
5 5749
5 5120
5 9012
5 6216
5 6205
5 4771
5 7142
5 1220
5 7959
5 1977
5 9127
5 9823
5 8847
5 8187
5 1078
5 4403
5 7370
5 6500
5 8962
5 4619
5 8490
5 2506
5 2170
5 2148
5 1653
5 6307
5 3000
5 4951
5 6531
5 3060
5 8763
5 4682
5 4425
5 1895
5 5732
5 3327
5 5817
5 5544
5 6662
5 7655
5 7033
5 5523
5 6089
5 2593
5 1483
5 220
5 129
5 7114
5 3453
5 5724
5 3
5 8717
5 4915
5 1742
5 1000
5 5116
5 8319
5 7445
5 1091
5 4211
5 844
5 4600
5 5934
5 5953
5 8074
5 7805
5 9460
5 2175
5 7559
5 4201
5 1785
5 3010
5 5249
5 7483
5 8645
5 962
5 246
5 3563
5 9094
5 6245
5 5863
5 7730
5 663
5 9472
5 7451
5 5642
5 3715
5 294
5 9954
5 3007
5 9202
5 3074
5 676
5 1281
5 6557
5 3202
5 5225
5 9244
5 925
5 140
5 7089
5 2781
5 1459
5 5780
5 3831
5 7728
5 4905
5 9224
5 5364
5 3106
5 1181
5 1579
5 2271
5 4615
5 184
5 6845
5 4647
5 702
5 1530
5 7506
5 4422
5 6068
5 1458
5 5912
5 6646
5 9948
5 3605
5 5044
5 7690
5 9014
5 2882
5 4762
5 845
5 7232
5 4164
5 2116
5 2285
5 7537
5 8
5 6832
5 2847
5 2648
5 4127
5 5558
5 3627
5 4885
5 9838
5 951
5 5831
5 7319
5 5192
5 4230
5 7870
5 1108
5 9015
5 2255
5 5153
5 6352
5 4580
5 2746
5 558
5 6323
5 122
5 3733
5 6049
5 7405
5 7913
5 5825
5 8397
5 9594
5 6127
5 8395
5 4485
5 4891
5 203
5 3277
5 4163
5 3449
5 2931
5 2063
5 1117
5 9800
5 4976
5 5603
5 4726
5 4017
5 59
5 6790
5 8379
5 5150
5 1518
5 233
5 2203
5 6785
5 9464
5 4905
5 702
5 7059
5 248
5 8372
5 8236
5 7989
5 2464
5 3676
5 7852
5 1446
5 6208
5 2488
5 1394
5 1626
5 4798
5 609
5 1395
5 6356
5 692
5 4416
5 7698
5 2086
5 9810
5 9360
5 4286
5 9904
5 986
5 4085
5 4280
5 2420
5 9760
5 6284
5 3586
5 3858
5 8242
5 8875
5 6151
5 8220
5 5254
5 7597
5 6299
5 2830
5 3474
5 3602
5 6113
5 7138
5 2805
5 7173
5 8339
5 9104
5 1678
5 1117
5 7777
5 4017
5 517
5 4963
5 6619
5 3086
5 4079
5 3539
5 1723
5 1654
5 1891
5 6032
5 4266
5 9374
5 8501
5 4112
5 4773
5 7189
5 7761
5 233
5 8962
5 8465
5 7865
5 9684
5 2396
5 4116
5 6352
5 2498
5 4405
5 4070
5 6807
5 3810
5 4233
5 9915
5 1462
5 3754
5 4903
5 6069
5 6428
5 490
5 2749
5 9321
5 8773
5 2469
5 3088
5 9084
5 7162
5 8515
5 5014
5 3207
5 283
5 6819
5 756
5 6680
5 9774
5 6453
5 7601
5 3094
5 6867
5 7479
5 2827
5 1183
5 4479
5 8257
5 4618
5 1293
5 8956
5 1044
5 4444
5 9136
5 8191
5 9486
5 8855
5 6659
5 5349
5 4071
5 1179
5 2372
5 9892
5 4171
5 6066
5 5987
5 148
5 7744
5 2378
5 4709
5 4127
5 2290
5 2367
5 1016
5 7811
5 3171
5 7624
5 4280
5 2629
5 7872
5 4768
5 1069
5 6342
5 7302
5 6329
5 1476
5 4061
5 7733
5 4822
5 1314
5 8597
5 9468
5 445
5 2527
5 1890
5 827
5 5404
5 6653
5 1713
5 8552
5 306
5 8695
5 381
5 8226
5 612
5 1230
5 4676
5 783
5 3595
5 1104
5 8720
5 3730
5 8796
5 3569
5 3997
5 8150
5 7428
5 1183
5 3259
5 5094
5 8708
5 7338
5 7523
5 7449
5 3577
5 6745
5 7886
5 5882
5 8783
5 7732
5 6371
5 9948
5 6801
5 3685
5 2524
5 7953
5 9538
5 3489
5 4986
5 1681
5 6318
5 3304
5 9749
5 4560
5 9099
5 4523
5 9326
5 4369
5 391
5 5257
5 9539
5 4086
5 1857
5 5187
5 3167
5 6957
5 4045
5 6129
5 2142
5 4395
5 242
5 3159
5 2542
5 7787
5 9902
5 3633
5 9075
5 7817
5 9627
5 3956
5 8295
5 7388
5 2156
5 6436
5 2243
5 6747
5 6354
5 1070
5 6765
5 1895
5 3649
5 9606
5 1187
5 9884
5 8889
5 1726
5 8599
5 7094
5 6100
5 5687
5 8451
5 9080
5 2097
5 8274
5 5680
5 3085
5 3433
5 1399
5 3086
5 6820
5 4642
5 5198
5 6188
5 9581
5 8249
5 9962
5 2261
5 4334
5 9521
5 1752
5 7784
5 1821
5 1415
5 9043
5 1017
5 320
5 7711
5 225
5 8920
5 7115
5 4776
5 4334
5 137
5 305
5 4947
5 9824
5 8268
5 2013
5 6995
5 8749
5 2136
5 6622
5 1628
5 6187
5 2282
5 96
5 2523
5 7248
5 5391
5 9017
5 5839
5 6521
5 883
5 395
5 3683
5 7287
5 6379
5 5879
5 9506
5 361
5 1262
5 6434
5 5886
5 4891
5 54
5 6097
5 7675
5 5962
5 9821
5 5898
5 5974
5 6356
5 8340
5 1537
5 911
5 2303
5 2226
5 924
5 3682
5 5570
5 6754
5 151
5 829
5 6731
5 1591
5 9023
5 6227
5 6964
5 9149
5 9706
5 8741
5 8217
5 4790
5 4620
5 6027
5 4086
5 589
5 2139
5 7441
5 6247
5 6888
5 1221
5 1536
5 3799
5 8343
5 8538
5 6099
5 5333
5 3699
5 4211
5 1211
5 6108
5 1004
5 4748
5 8294
5 5145
5 2472
5 4265
5 605
5 9606
5 5739
5 7600
5 3165
5 6281
5 699
5 1397
5 2574
5 2551
5 3661
5 1769
5 9688
5 1646
5 3045
5 9624
5 626
5 9562
5 3318
5 7251
5 4078
5 3468
5 6412
5 2261
5 5379
5 3948
5 2322
5 7472
5 317
5 5933
5 3120
5 7840
5 4153
5 5651
5 7090
5 8016
5 3806
5 3449
5 2214
5 6648
5 3687
5 4827
5 717
5 5982
5 8142
5 4529
5 8901
5 7901
5 5975
5 1038
5 8974
5 9961
5 5020
5 1307
5 2106
5 7534
5 7234
5 8084
5 4424
5 649
5 7265
5 4669
5 158
5 6620
5 9991
5 4444
5 8673
5 2068
5 4974
5 5022
5 4593
5 410
5 8303
5 9359
5 2739
5 3429
5 4807
5 8676
5 2097
5 8005
5 6090
5 4524
5 5548
5 1608
5 2376
5 9854
5 4556
5 2647
5 8605
5 1414
5 555
5 4256
5 7782
5 8334
5 7242
5 2636
5 7020
5 4236
5 493
5 3522
5 4262
5 2709
5 5126
5 2878
5 6145
5 8501
5 237
5 417
5 9970
5 9269
5 7305
5 7043
5 5264
5 5223
5 7809
5 9789
5 2876
5 6520
5 9564
5 370
5 2104
5 744
5 3494
5 5929
5 8796
5 5316
5 5061
5 3075
5 9919
5 2183
5 7084
5 8804
5 2542
5 4622
5 3132
5 4401
5 7712
5 8510
5 3255
5 911
5 2200
5 2900
5 6227
5 7281
5 3568
5 7246
5 5059
5 4755
5 6536
5 5123
5 4968
5 3633
5 1123
5 6786
5 5547
5 961
5 5516
5 5408
5 1333
5 279
5 9153
5 4349
5 7512
5 6995
5 3967
5 5283
5 9963
5 5487
5 4288
5 9552
5 1366
5 6530
5 8346
5 7566
5 7598
5 6138
5 6855
5 3609
5 1128
5 9417
5 6649
5 5886
5 634
5 5520
5 9835
5 4157
5 8554
5 2298
5 1433
5 9811
5 807
5 1746
5 964
5 5703
5 5376
5 9831
5 5974
5 5617
5 9001
5 6798
5 7938
5 5697
5 3675
5 6549
5 3538
5 2670
5 7183
5 6191
5 6759
5 6235
5 4381
5 9339
5 9791
5 5438
5 8460
5 9272
5 3196
5 1383
5 3887
5 546
5 8317
5 1131
5 5264
5 132
5 7379
5 120
5 8803
5 1706
5 9278
5 2958
5 5659
5 9153
5 1507
5 4922
5 8820
5 7902
5 1189
5 9020
5 7778
5 5175
5 697
5 5953
5 7710
5 2742
5 5819
5 6815
5 2375
5 8287
5 6942
5 892
5 2448
5 3964
5 6220
5 3379
5 3517
5 3248
5 6202
5 384
5 454
5 9670
5 7878
5 1045
5 7384
5 3528
5 8622
5 9112
5 4967
5 5178
5 2992
5 8834
5 9212
5 5977
5 1866
5 2497
5 8543
5 504
5 7873
5 9460
5 8341
5 6118
5 7590
5 9022
5 4669
5 8470
5 3477
5 1975
5 1408
5 4061
5 1023
5 8182
5 7519
5 3427
5 9053
5 23
5 3651
5 1055
5 3690
5 4056
5 9816
5 620
5 8920
5 5731
5 8343
5 6645
5 9244
5 4509
5 8834
5 6160
5 2372
5 9221
5 4349
5 6474
5 2438
5 6016
5 516
5 7636
5 6703
5 3744
5 1814
5 696
5 1210
5 4108
5 1722
5 5341
5 3363
5 6443
5 5969
5 3020
5 1900
5 9450
5 598
5 4130
5 7229
5 4741
5 9062
5 379
5 7590
5 9537
5 5074
5 5899
5 9016
5 8352
5 422
5 3222
5 9566
5 6023
5 9485
5 2692
5 794
5 6916
5 4640
5 6432
5 1913
5 7664
5 9315
5 430
5 4649
5 3263
5 7874
5 869
5 9224
5 8896
5 4072
5 3266
5 4458
5 2298
5 2291
5 5538
5 7445
5 4035
5 8280
5 8569
5 787
5 5515
5 8616
5 384
5 7836
5 7098
5 601
5 2524
5 8926
5 1130
5 6822
5 9705
5 4063
5 7256
5 1084
5 6368
5 35
5 9848
5 4939
5 6201
5 2413
5 9903
5 6533
5 3241
5 5422
5 6243
5 5982
5 5636
5 5131
5 3362
5 4003
5 5670
5 3950
5 5776
5 3015
5 2138
5 6890
5 1204
5 2425
5 3672
5 2560
5 7429
5 2331
5 4108
5 4374
5 197
5 2345
5 3485
5 9924
5 1967
5 4764
5 773
5 9000
5 3886
5 3804
5 6925
5 3222
5 5822
5 5120
5 9345
5 2752
5 1785
5 2326
5 1363
5 8049
5 610
5 9736
5 2819
5 7150
5 4207
5 3044
5 335
5 1435
5 8264
5 2165
5 8391
5 5338
5 2708
5 2945
5 4770
5 8001
5 1796
5 6981
5 6498
5 7298
5 6166
5 1240
5 4844
5 9239
5 1688
5 1720
5 490
5 8192
5 2477
5 7861
5 2463
5 5910
5 7894
5 6928
5 6918
5 9824
5 5882
5 81
5 4368
5 3571
5 7489
5 4355
5 6457
5 5232
5 9913
5 7263
5 5865
5 1234
5 7920
5 3255
5 5445
5 6405
5 5969
5 3728
5 5180
5 3134
5 5900
5 4828
5 8055
5 5116
5 7517
5 9752
5 8441
5 3639
5 1916
5 4770
5 9082
5 6895
5 9910
5 687
5 5280
5 5273
5 368
5 3963
5 7368
5 8112
5 5845
5 4209
5 5070
5 9870
5 5326
5 7281
5 9840
5 6195
5 6431
5 5686
5 3773
5 2851
5 1925
5 523
5 6179
5 2972
5 7888
5 1675
5 1424
5 626
5 3368
5 5473
5 4115
5 1132
5 3877
5 1546
5 239
5 1123
5 3569
5 3084
5 5342
5 3814
5 3442
5 7224
5 3341
5 7438
5 5411
5 4785
5 2064
5 7328
5 4589
5 1062
5 4116
5 4613
5 4634
5 1914
5 4159
5 6989
5 3484
5 1838
5 6198
5 9540
5 9348
5 3279
5 6976
5 6083
5 9276
5 8873
5 4068
5 3987
5 5168
5 842
5 9753
5 7959
5 4549
5 4281
5 4289
5 748
5 5975
5 3524
5 4654
5 1242
5 1391
5 3337
5 7362
5 2927
5 305
5 9140
5 6445
5 8174
5 3102
5 2977
5 201
5 6332
5 3360
5 4461
5 2782
5 6078
5 1507
5 8412
5 9245
5 5010
5 4645
5 3393
5 5130
5 1946
5 9915
5 7882
5 4184
5 9892
5 1226
5 3287
5 306
5 158
5 1689
5 5523
5 2317
5 579
5 6623
5 9374
5 2647
5 3320
5 4444
5 2362
5 3530
5 234
5 5316
5 7323
5 6804
5 6228
5 9874
5 5441
5 5906
5 3620
5 2888
5 3924
5 1160
5 2956
5 9199
5 5063
5 1949
5 8244
5 1778
5 5895
5 1868
5 7078
5 4241
5 161
5 5445
5 8637
5 2677
5 6819
5 7528
5 4999
5 4122
5 1793
5 8939
5 3760
5 1533
5 2202
5 4472
5 2425
5 7590
5 4769
5 1843
5 7526
5 2190
5 2653
5 2685
5 3953
5 963
5 7391
5 9166
5 2455
5 4652
5 5198
5 2349
5 5784
5 1712
5 9326
5 866
5 6451
5 8965
5 2708
5 1009
5 1563
5 7653
5 7604
5 1835
5 2704
5 4733
5 1463
5 1369
5 1344
5 1772
5 736
5 2504
5 2719
5 6253
5 6831
5 9704
5 3681
5 2677
5 962
5 71
5 2463
5 3274
5 7079
5 4910
5 841
5 674
5 4623
5 356
5 1652
5 7391
5 5308
5 8168
5 7147
5 9457
5 655
5 285
5 6143
5 4048
5 9506
5 3236
5 438
5 3444
5 7211
5 994
5 3468
5 181
5 738
5 7372
5 6663
5 717
5 6405
5 1558
5 1484
5 7477
5 9453
5 2871
5 7594
5 1602
5 7189
5 3347
5 151
5 1262
5 9914
5 9236
5 1667
5 2865
5 6343
5 5009
5 6433
5 5011
5 2759
5 5972
5 7944
5 7537
5 7597
5 8072
5 2327
5 487
5 5688
5 6001
5 3207
5 365
5 8881
5 3176
5 6015
5 3500
5 2264
5 9707
5 2171
5 8882
5 7692
5 6929
5 6141
5 5296
5 8854
5 9604
5 820
5 111
5 4592
5 9386
5 9212
5 9567
5 9684
5 5629
5 2880
5 2888
5 4828
5 2156
5 129
5 5090
5 22
5 1057
5 9401
5 5808
5 8080
5 7132
5 5835
5 3988
5 7488
5 9050
5 1477
5 802
5 6330
5 5845
5 2097
5 5613
5 1488
5 9818
5 6084
5 2337
5 9858
5 9448
5 3401
5 6063
5 772
5 8417
5 5043
5 2239
5 1368
5 9318
5 5990
5 3316
5 9116
5 3166
5 7113
5 141
5 8224
5 8287
5 4006
5 7992
5 9133
5 4687
5 3205
5 9559
5 2833
5 2498
5 8774
5 9741
5 4207
5 5579
5 4719
5 9591
5 1131
5 3888
5 1201
5 9253
5 8547
5 702
5 5014
5 2240
5 9212
5 3288
5 7305
5 5894
5 5376
5 8106
5 3994
5 5366
5 8068
5 4159
5 6868
5 971
5 3238
5 563
5 5822
5 1255
5 6463
5 6944
5 5209
5 6616
5 431
5 7745
5 9765
5 826
5 1930
5 4049
5 8093
5 299
5 7562
5 9007
5 4154
5 3446
5 9889
5 5451
5 9753
5 4963
5 8240
5 6814
5 3474
5 2388
5 896
5 4923
5 4043
5 4788
5 7873
5 778
5 8582
5 5899
5 6013
5 6897
5 8721
5 6578
5 613
5 2330
5 45
5 3902
5 304
5 3937
5 2841
5 6767
5 4405
5 9
5 4605
5 319
5 4456
5 4849
5 7291
5 4066
5 4175
5 5383
5 4767
5 1022
5 4525
5 3411
5 8438
5 7714
5 3140
5 9589
5 1517
5 7405
5 9807
5 7727
5 4908
5 1372
5 2238
5 507
5 162
5 5586
5 8836
5 209
5 7490
5 2632
5 7690
5 544
5 9290
5 1227
5 3503
5 8180
5 2160
5 8153
5 6681
5 5060
5 2866
5 9987
5 1301
5 5108
5 6235
5 4425
5 1170
5 1408
5 5442
5 3595
5 5700
5 2460
5 7652
5 4154
5 9821
5 8600
5 500
5 1550
5 4639
5 2180
5 7365
5 8273
5 8068
5 7602
5 1915
5 8443
5 7151
5 9798
5 4881
5 3581
5 6290
5 2253
5 8546
5 6908
5 8104
5 8159
5 6903
5 6004
5 6127
5 805
5 1951
5 6196
5 1078
5 1779
5 9113
5 9481
5 4909
5 8094
5 7225
5 6373
5 9357
5 1823
5 1075
5 475
5 8217
5 8331
5 6966
5 8148
5 5052
5 1714
5 4257
5 8112
5 564
5 8521
5 8365
5 8317
5 6344
5 3363
5 3188
5 9941
5 4208
5 2504
5 3422
5 840
5 2860
5 4021
5 9736
5 3320
5 6080
5 5628
5 2284
5 3541
5 9166
5 3764
5 506
5 2431
5 2848
5 34
5 9709
5 430
5 6389
5 3594
5 7371
5 914
5 4096
5 582
5 4659
5 9653
5 1961
5 4175
5 1121
5 129
5 3637
5 1388
5 3013
5 7069
5 7494
5 5183
5 8245
5 3042
5 8942
5 2997
5 3405
5 5444
5 4772
5 5288
5 830
5 3740
5 8702
5 171
5 6194
5 9280
5 9876
5 2762
5 9588
5 2563
5 8511
5 310
5 5548
5 5261
5 5428
5 6708
5 11
5 6871
5 4673
5 2495
5 4662
5 8328
5 959
5 8914
5 1645
5 7425
5 6137
5 7154
5 4099
5 3381
5 1413
5 6335
5 496
5 405
5 4554
5 6358
5 3250
5 2598
5 3761
5 4197
5 4555
5 5039
5 2465
5 4735
5 4931
5 8390
5 1748
5 9730
5 2449
5 6874
5 9604
5 1017
5 3091
5 1970
5 8769
5 6523
5 5223
5 6654
5 7335
5 206
5 3655
5 7555
5 8860
5 9501
5 1238
5 4838
5 1208
5 6366
5 8489
5 2190
5 5819
5 534
5 4199
5 1731
5 1646
5 6043
5 2490
5 1198
5 458
5 4666
5 4309
5 3253
5 2751
5 2307
5 3800
5 9252
5 5966
5 6973
5 2547
5 2320
5 9239
5 9418
5 7145
5 7076
5 1411
5 39
5 8067
5 5855
5 1498
5 8125
5 303
5 3767
5 3360
5 2064
5 8728
5 7432
5 8771
5 1577
5 3688
5 4748
5 5622
5 5596
5 4745
5 5528
5 465
5 1869
5 3074
5 5340
5 7123
5 6884
5 5467
5 7418
5 5585
5 7211
5 5424
5 9960
5 7900
5 5858
5 9280
5 8681
5 293
5 9720
5 7864
5 6947
5 3222
5 6737
5 6634
5 8341
5 3590
5 3836
5 9769
5 9010
5 5838
5 9258
5 6192
5 9625
5 1127
5 5368
5 7975
5 9305
5 6345
5 532
5 4113
5 6352
5 7136
5 1162
5 5125
5 3131
5 1688
5 7523
5 6452
5 4945
5 4490
5 9390
5 1129
5 5254
5 1777
5 156
5 4686
5 2065
5 2885
5 474
5 7757
5 2860
5 4235
5 5045
5 4366
5 7877
5 5153
5 8622
5 6350
5 4124
5 7270
5 9849
5 6898
5 4932
5 1690
5 4003
5 8664
5 2416
5 671
5 8256
5 4441
5 2683
5 3019
5 5534
5 834
5 6119
5 4926
5 5581
5 7938
5 7617
5 468
5 4303
5 459
5 4078
5 8473
5 5005
5 8265
5 9023
5 4988
5 7607
5 6825
5 6681
5 3065
5 4425
5 513
5 373
5 4075
5 3624
5 4239
5 2552
5 7274
5 3934
5 1384
5 6336
5 6840
5 6705
5 8494
5 877
5 8104
5 3930
5 9723
5 5415
5 7183
5 3290
5 6463
5 9354
5 742
5 3846
5 169
5 8209
5 5106
5 8454
5 8809
5 7766
5 6429
5 1503
5 9934
5 1297
5 6150
5 3071
5 5827
5 7180
5 8453
5 3091
5 8701
5 6754
5 8946
5 1613
5 6411
5 4774
5 6274
5 3776
5 1656
5 7285
5 903
5 560
5 138
5 4282
5 7766
5 8930
5 5638
5 6985
5 2017
5 7451
5 2490
5 2073
5 9592
5 5985
5 8416
5 7732
5 6805
5 546
5 3188
5 8846
5 5698
5 6917
5 1094
5 1191
5 4359
5 9123
5 7662
5 6956
5 3933
5 1347
5 3634
5 6456
5 6535
5 4392
5 1633
5 3363
5 798
5 273
5 3512
5 3310
5 4259
5 1042
5 8839
5 8207
5 4316
5 429
5 7496
5 1112
5 1961
5 9407
5 1863
5 9006
5 5026
5 9259
5 6544
5 3308
5 134
5 8257
5 6109
5 480
5 5107
5 529
5 3833
5 7567
5 6017
5 8222
5 6881
5 4
5 5623
5 552
5 5916
5 1548
5 2402
5 5828
5 9607
5 8675
5 1893
5 5048
5 6992
5 4278
5 4573
5 8167
5 3174
5 8018
5 6989
5 6620
5 6314
5 3171
5 5357
5 8195
5 6394
5 2308
5 3355
5 2864
5 8714
5 6662
5 8316
5 643
5 7593
5 6517
5 2557
5 5097
5 8253
5 2468
5 9047
5 8564
5 7328
5 9892
5 3147
5 7711
5 5004
5 1477
5 4623
5 499
5 4224
5 5150
5 6668
5 8158
5 4951
5 7255
5 1145
5 8271
5 3942
5 3307
5 1767
5 7550
5 3015
5 1190
5 9433
5 5405
5 1265
5 4123
5 6447
5 1895
5 9208
5 3248
5 8827
5 6165
5 5316
5 2179
5 8434
5 3946
5 7912
5 8361
5 9127
5 5228
5 7898
5 8574
5 3676
5 5689
5 279
5 8439
5 646
5 7976
5 4956
5 8252
5 2963
5 1442
5 9757
5 8
5 2399
5 1410
5 1170
5 2948
5 6672
5 1589
5 748
5 7470
5 8406
5 5698
5 7666
5 9764
5 7640
5 6934
5 378
5 1990
5 2132
5 6339
5 2861
5 5369
5 2159
5 3684
5 3405
5 6009
5 9039
5 6957
5 6424
5 5823
5 9096
5 9049
5 245
5 3378
5 7275
5 2723
5 6365
5 2022
5 7143
5 7479
5 8121
5 5123
5 6479
5 4390
5 9255
5 780
5 183
5 7514
5 5345
5 830
5 4715
5 2969
5 3561
5 1520
5 790
5 9270
5 8719
5 5657
5 3535
5 5018
5 6111
5 8606
5 1848
5 2538
5 4060
5 2969
5 1156
5 8558
5 1688
5 9285
5 6299
5 5520
5 9855
5 2603
5 3771
5 9622
5 5741
5 7266
5 5011
5 4181
5 4038
5 4753
5 4987
5 9416
5 225
5 1919
5 2777
5 2232
5 3890
5 9481
5 3376
5 2118
5 2568
5 3095
5 2435
5 1733
5 9069
5 1855
5 8165
5 3291
5 7758
5 1581
5 7114
5 4325
5 7762
5 2711
5 3042
5 8931
5 3563
5 5170
5 606
5 3086
5 5961
5 5036
5 8087
5 5130
5 8863
5 362
5 5859
5 5010
5 9868
5 5987
5 9836
5 8373
5 5123
5 9688
5 1603
5 4112
5 1417
5 4519
5 9460
5 6452
5 975
5 4660
5 7092
5 5162
5 6932
5 4654
5 9078
5 13
5 9941
5 4342
5 4978
5 8037
5 8903
5 4364
5 6186
5 4721
5 1267
5 9554
5 2303
5 2700
5 886
5 84
5 6217
5 4056
5 3888
5 2692
5 9627
5 4812
5 5531
5 6847
5 3228
5 2726
5 3521
5 3180
5 8267
5 1956
5 5739
5 4047
5 8702
5 716
5 2878
5 8543
5 5670
5 496
5 8931
5 6828
5 8488
5 7952
5 5007
5 1105
5 8912
5 3055
5 4457
5 3090
5 7858
5 9594
5 9755
5 318
5 6318
5 6624
5 4122
5 6133
5 4686
5 1956
5 3357
5 704
5 7204
5 1287
5 5836
5 2910
5 763
5 9049
5 1156
5 5436
5 9756
5 9584
5 394
5 7924
5 1227
5 9744
5 3438
5 5532
5 7016
5 6484
5 1376
5 2729
5 2123
5 5574
5 4397
5 4683
5 1013
5 9995
5 8178
5 1076
5 6084
5 9142
5 4228
5 9701
5 5003
5 2393
5 2159
5 9670
5 6145
5 3173
5 4340
5 6592
5 3841
5 2078
5 5923
5 4555
5 7668
5 174
5 5694
5 2256
5 2479
5 6052
5 5720
5 3130
5 8412
5 2734
5 270
5 1812
5 2585
5 3031
5 6971
5 1785
5 6705
5 4438
5 5660
5 1547
5 7291
5 7167
5 2924
5 9159
5 7760
5 1407
5 2774
5 7489
5 4063
5 2408
5 6430
5 5031
5 8108
5 4476
5 6690
5 9607
5 5695
5 7481
5 4844
5 4829
5 8153
5 1974
5 610
5 1636
5 9436
5 1491
5 8053
5 9770
5 2859
5 3154
5 2958
5 6524
5 4229
5 157
5 9630
5 2616
5 556
5 2228
5 7586
5 7511
5 6088
5 2665
5 1108
5 9067
5 9875
5 3037
5 7123
5 4820
5 1589
5 9148
5 9388
5 4768
5 4809
5 4347
5 9434
5 7990
5 9497
5 8793
5 7258
5 7950
5 7891
5 5760
5 7209
5 3821
5 507
5 8571
5 7054
5 7686
5 1507
5 4267
5 684
5 9946
5 5115
5 2593
5 7432
5 7785
5 7328
5 1406
5 3473
5 4036
5 9619
5 2087
5 3271
5 6296
5 3870
5 1061
5 1540
5 8619
5 236
5 6009
5 8701
5 650
5 2174
5 7879
5 5284
5 1531
5 5348
5 2270
5 3258
5 8422
5 9621
5 6311
5 4756
5 1992
5 5875
5 9592
5 1156
5 3713
5 1857
5 282
5 7998
5 2303
5 3772
5 9988
5 3694
5 9167
5 2859
5 3483
5 2509
5 5170
5 8646
5 1869
5 4779
5 3603
5 3116
5 290
5 9832
5 6656
5 2505
5 3773
5 9584
5 5281
5 5937
5 7304
5 3274
5 4751
5 2630
5 8721
5 6319
5 786
5 1883
5 5524
5 8739
5 3575
5 2568
5 9198
5 1139
5 9541
5 1332
5 3135
5 8701
5 3201
5 1255
5 2758
5 6168
5 3944
5 5153
5 8930
5 9285
5 5102
5 264
5 8254
5 653
5 5126
5 3525
5 6348
5 488
5 3230
5 9171
5 2693
5 5237
5 4344
5 2861
5 8147
5 9519
5 711
5 9056
5 8720
5 9370
5 9988
5 873
5 1697
5 7259
5 2171
5 4122
5 2718
5 1828
5 218
5 9755
5 4891
5 7854
5 1683
5 1440
5 3543
5 4369
5 1229
5 7487
5 2698
5 1433
5 6346
5 8823
5 1878
5 8511
5 1134
5 7273
5 4322
5 9940
5 5479
5 820
5 212
5 5432
5 9478
5 5101
5 1001
5 6106
5 5449
5 2836
5 3447
5 8999
5 2374
5 5420
5 4423
5 5535
5 118
5 3382
5 129
5 1920
5 3265
5 4954
5 5767
5 1921
5 6918
5 4442
5 4302
5 5021
5 9309
5 4636
5 5375
5 5387
5 8551
5 9972
5 7989
5 9650
5 3393
5 9662
5 3040
5 3947
5 310
5 2518
5 4299
5 3201
5 1770
5 7679
5 8930
5 8102
5 3033
5 7967
5 1153
5 7769
5 7317
5 5092
5 5125
5 8549
5 1675
5 8413
5 5647
5 1929
5 8428
5 1495
5 7789
5 7025
5 9505
5 3155
5 9023
5 5631
5 3518
5 2237
5 9961
5 269
5 7933
5 7820
5 2284
5 8237
5 1166
5 9096
5 4974
5 7112
5 1960
5 1606
5 2417
5 9667
5 5875
5 9094
5 497
5 8694
5 1249
5 2655
5 9252
5 4677
5 9457
5 1430
5 3204
5 1803
5 6826
5 1547
5 2943
5 264
5 8045
5 2536
5 4066
5 5338
5 3406
5 2926
5 2070
5 6192
5 4733
5 9262
5 4271
5 9901
5 7337
5 5240
5 2375
5 8641
5 7834
5 187
5 1764
5 513
5 181
5 8615
5 6112
5 6991
5 4767
5 5048
5 8415
5 2447
5 7907
5 853
5 2030
5 3719
5 1573
5 2301
5 7817
5 203
5 5721
5 1550
5 5979
5 7429
5 8045
5 4804
5 3697
5 9590
5 8509
5 4341
5 2140
5 9002
5 8495
5 3629
5 8964
5 2945
5 6916
5 7276
5 4878
5 876
5 8138
5 9990
5 5375
5 7468
5 9045
5 1312
5 1227
5 9447
5 5106
5 5305
5 3828
5 6695
5 7777
5 6937
5 3991
5 596
5 8083
5 9378
5 5281
5 5079
5 3726
5 8912
5 5480
5 8341
5 9565
5 6709
5 2292
5 5711
5 3807
5 9147
5 1857
5 6619
5 4752
5 929
5 1191
5 1157
5 5443
5 7693
5 8129
5 4179
5 6055
5 7353
5 4872
5 7423
5 6380
5 1866
5 3742
5 2619
5 3234
5 3669
5 6208
5 1048
5 145
5 3490
5 8819
5 7532
5 9160
5 8747
5 2097
5 9312
5 7113
5 4272
5 1014
5 2787
5 1202
5 9566
5 8129
5 3584
5 1212
5 9296
5 2988
5 7929
5 8238
5 6280
5 3878
5 5781
5 2242
5 8643
5 522
5 8708
5 3293
5 5398
5 8823
5 7960
5 3830
5 7139
5 1239
5 728
5 1799
5 1093
5 8887
5 5033
5 6998
5 2225
5 3967
5 6231
5 5482
5 4636
5 3607
5 605
5 9367
5 9954
5 8715
5 3992
5 1877
5 1954
5 3930
5 5942
5 9980
5 9110
5 7279
5 2352
5 9459
5 9313
5 623
5 2060
5 9750
5 3458
5 4476
5 5365
5 8408
5 7131
5 3323
5 4936
5 7533
5 2111
5 9993
5 2081
5 6998
5 1904
5 205
5 3852
5 1833
5 8029
5 873
5 8944
5 3603
5 6272
5 8269
5 2861
5 8119
5 4637
5 4620
5 5323
5 4338
5 7196
5 4263
5 5372
5 1780
5 575
5 2924
5 2159
5 6321
5 2274
5 6226
5 1867
5 6696
5 2566
5 6025
5 3748
5 6557
5 4168
5 5654
5 743
5 9437
5 6415
5 7685
5 2642
5 6451
5 3164
5 292
5 2274
5 9089
5 6125
5 802
5 7673
5 1944
5 7859
5 7555
5 5702
5 2704
5 1150
5 3632
5 5108
5 9277
5 3968
5 8571
5 9453
5 6370
5 1759
5 6650
5 2927
5 6376
5 1254
5 2844
5 4473
5 1914
5 2538
5 29
5 8224
5 9863
5 8591
5 3553
5 698
5 9227
5 4009
5 1744
5 7735
5 7694
5 7146
5 3467
5 6640
5 4208
5 2373
5 6306
5 1491
5 7420
5 1688
5 1488
5 2102
5 2344
5 7387
5 4114
5 9590
5 76
5 22
5 9820
5 4022
5 7907
5 8356
5 1437
5 2110
5 9688
5 544
5 1761
5 5432
5 8775
5 8252
5 1019
5 2126
5 8413
5 7931
5 121
5 7552
5 6888
5 5969
5 3309
5 1868
5 7303
5 6943
5 6267
5 5003
5 4316
5 6682
5 8319
5 1995
5 2685
5 4362
5 9785
5 4148
5 4962
5 355
5 8101
5 4002
5 8180
5 9047
5 8783
5 4556
5 1883
5 8352
5 9855
5 5741
5 2334
5 120
5 799
5 3590
5 244
5 8189
5 9658
5 81
5 1883
5 3271
5 4350
5 4127
5 5887
5 6405
5 6820
5 6677
5 638
5 5197
5 1097
5 5393
5 9533
5 9555
5 8866
5 6880
5 4000
5 6155
5 8641
5 6930
5 6607
5 3334
5 7138
5 1758
5 9092
5 650
5 3937
5 5685
5 2683
5 9820
5 3028
5 3253
5 523
5 6242
5 7339
5 6225
5 4566
5 2848
5 4833
5 8455
5 1776
5 478
5 7271
5 4079
5 6981
5 1507
5 5236
5 7009
5 2216
5 5952
5 5513
5 2198
5 4907
5 1757
5 9410
5 1635
5 9733
5 3491
5 3126
5 549
5 1519
5 6176
5 3750
5 1787
5 8995
5 3458
5 6990
5 8831
5 1767
5 1836
5 5226
5 429
5 5344
5 5190
5 6976
5 2308
5 1572
5 6293
5 1369
5 3933
5 4301
5 4557
5 3734
5 782
5 2652
5 1711
5 869
5 5112
5 6705
5 9641
5 7116
5 677
5 2971
5 7107
5 4810
5 9370
5 9475
5 4550
5 5216
5 258
5 2812
5 8724
5 8527
5 3978
5 1997
5 1349
5 4039
5 7966
5 6478
5 8525
5 4081
5 478
5 8134
5 116
5 7794
5 3888
5 9616
5 816
5 3369
5 211
5 3866
5 7132
5 9811
5 4344
5 2164
5 6989
5 1853
5 2967
5 546
5 1184
5 4086
5 9601
5 6928
5 8398
5 2917
5 8765
5 3793
5 8000
5 7445
5 4717
5 3779
5 7348
5 2842
5 2752
5 8002
5 2810
5 2342
5 3501
5 9479
5 6225
5 6420
5 3234
5 6477
5 1026
5 274
5 5605
5 3131
5 4734
5 3178
5 2827
5 7196
5 7053
5 5825
5 6739
5 7248
5 5275
5 4234
5 2732
5 4199
5 1222
5 1332
5 2010
5 4459
5 6438
5 9782
5 142
5 4596
5 4849
5 2180
5 2389
5 9829
5 4621
5 7190
5 8765
5 1207
5 3416
5 2721
5 4299
5 8809
5 3782
5 9740
5 2478
5 821
5 7885
5 2815
5 2328
5 812
5 3306
5 5975
5 2105
5 8085
5 4125
5 4995
5 5072
5 8410
5 4000
5 9682
5 5319
5 5015
5 475
5 2269
5 4101
5 2158
5 2219
5 502
5 9669
5 6131
5 3428
5 6527
5 6044
5 1044
5 2106
5 5152
5 8731
5 9222
5 1437
5 7593
5 7807
5 8567
5 5970
5 9289
5 1389
5 1730
5 6848
5 2888
5 4914
5 4429
5 2774
5 9985
5 4233
5 2763
5 5962
5 7723
5 2967
5 1864
5 4764
5 8834
5 7091
5 731
5 7217
5 6221
5 2241
5 587
5 2210
5 5682
5 1677
5 6608
5 7497
5 2855
5 5398
5 5365
5 6278
5 2985
5 3370
5 2819
5 6562
5 4617
5 8324
5 221
5 29
5 786
5 6117
5 7752
5 9613
5 3816
5 4096
5 8255
5 7534
5 2322
5 460
5 5893
5 7971
5 1490
5 71
5 7093
5 1128
5 255
5 4689
5 3591
5 7886
5 1449
5 8102
5 9963
5 6774
5 3526
5 9117
5 441
5 7472
5 4948
5 7877
5 2395
5 7564
5 4838
5 3484
5 6298
5 1765
5 5977
5 3383
5 4540
5 5337
5 8758
5 7485
5 3913
5 5908
5 7176
5 2497
5 9126
5 426
5 450
5 4422
5 7194
5 6455
5 6383
5 9702
5 5028
5 9531
5 5032
5 7979
5 5095
5 811
5 3801
5 1924
5 6467
5 1712
5 7549
5 2128
5 1125
5 4785
5 9788
5 7500
5 7839
5 2512
5 3590
5 4155
5 8488
5 8277
5 3277
5 8263
5 4156
5 6203
5 507
5 810
5 841
5 9087
5 820
5 4762
5 7129
5 6155
5 9278
5 7587
5 8682
5 4844
5 6253
5 4601
5 6862
5 3336
5 6986
5 1126
5 1363
5 3070
5 992
5 3902
5 9175
5 2931
5 9921
5 4741
5 4726
5 9361
5 4950
5 1893
5 8559
5 9085
5 7316
5 7070
5 4365
5 3695
5 8079
5 8628
5 6745
5 7782
5 5698
5 3852
5 4512
5 4868
5 2537
5 5824
5 6906
5 7831
5 3869
5 2835
5 2547
5 3050
5 5487
5 825
5 3479
5 9995
5 8514
5 1797
5 9140
5 470
5 2505
5 3694
5 7616
5 4235
5 430
5 9699
5 4007
5 224
5 1634
5 7426
5 8259
5 5079
5 1380
5 968
5 7301
5 3211
5 8043
5 1288
5 8835
5 5120
5 1576
5 2893
5 6620
5 3186
5 9324
5 7287
5 9587
5 6638
5 7784
5 6155
5 9647
5 9949
5 1410
5 9754
5 5516
5 1342
5 2052
5 8478
5 2411
5 652
5 5118
5 8064
5 9960
5 8246
5 1068
5 1410
5 3170
5 9232
5 3315
5 2474
5 3792
5 9663
5 6141
5 220
5 1929
5 3969
5 8714
5 3086
5 243
5 5324
5 3804
5 6931
5 5573
5 3172
5 2289
5 1942
5 5353
5 4629
5 7045
5 6466
5 8628
5 8985
5 2319
5 8232
5 4045
5 7013
5 7165
5 5932
5 9648
5 9321
5 4057
5 6639
5 1822
5 446
5 6255
5 7017
5 3231
5 7924
5 23
5 8802
5 2095
5 8050
5 304
5 1520
5 7649
5 2546
5 921
5 7907
5 9128
5 2850
5 2928
5 5
5 8116
5 1262
5 7180
5 6399
5 6616
5 642
5 9727
5 3571
5 5669
5 6901
5 1126
5 6825
5 1881
5 988
5 3263
5 8766
5 1685
5 9603
5 9774
5 5797
5 5699
5 6342
5 8669
5 5602
5 8013
5 7507
5 8243
5 1082
5 7748
5 9290
5 9875
5 8717
5 2739
5 5553
5 3802
5 1818
5 7681
5 7925
5 6468
5 1647
5 1573
5 2423
5 537
5 1854
5 1828
5 9342
5 1169
5 4230
5 4858
5 5594
5 4644
5 6211
5 5517
5 1259
5 7940
5 3133
5 207
5 4524
5 347
5 678
5 1026
5 1764
5 716
5 5506
5 768
5 1960
5 6441
5 4522
5 1155
5 7185
5 2757
5 5757
5 9108
5 3373
5 3460
5 6329
5 8429
5 8087
5 6631
5 5454
5 6724
5 4513
5 1468
5 2970
5 9916
5 3390
5 4817
5 6355
5 9183
5 7097
5 8483
5 1691
5 7681
5 2621
5 940
5 6559
5 6880
5 2615
5 9511
5 5325
5 4860
5 6280
5 1622
5 9783
5 1426
5 4265
5 6222
5 635
5 7358
5 4337
5 8964
5 7764
5 7663
5 7008
5 7238
5 9778
5 1171
5 2856
5 3652
5 5788
5 1296
5 5757
5 9055
5 4894
5 5340
5 8738
5 8688
5 1341
5 2156
5 1683
5 7580
5 5822
5 523
5 2593
5 3744
5 5886
5 3087
5 6646
5 306
5 937
5 3192
5 9737
5 140
5 9767
5 4461
5 5759
5 9100
5 1121
5 5462
5 9310
5 6458
5 235
5 4309
5 8066
5 3624
5 6845
5 534
5 1527
5 4762
5 2600
5 4085
5 5357
5 5374
5 8389
5 3777
5 3045
5 7461
5 4510
5 56
5 9094
5 2352
5 9183
5 9418
5 462
5 4787
5 3352
5 309
5 5475
5 4359
5 2266
5 2876
5 1934
5 2899
5 6780
5 7390
5 8618
5 8908
5 9880
5 8702
5 6927
5 2616
5 6366
5 6564
5 1864
5 7774
5 6186
5 4162
5 4083
5 8770
5 4380
5 9706
5 7218
5 4156
5 3100
5 8427
5 7218
5 189
5 3689
5 4807
5 2901
5 473
5 9261
5 7405
5 9443
5 300
5 787
5 1114
5 9037
5 6781
5 2119
5 4188
5 5412
5 8362
5 1948
5 9894
5 1463
5 9818
5 3151
5 5123
5 1688
5 1320
5 2499
5 813
5 3658
5 2669
5 6199
5 1515
5 5244
5 6285
5 9227
5 3958
5 6807
5 5059
5 8938
5 6950
5 84
5 3640
5 5904
5 7464
5 7979
5 4273
5 7463
5 243
5 1985
5 770
5 1939
5 782
5 6441
5 6701
5 4005
5 4014
5 1371
5 6420
5 4157
5 3564
5 8087
5 9999
5 7770
5 8888
5 4310
5 5672
5 1700
5 174
5 8000
5 5888
5 8906
5 3315
5 1633
5 5553
5 4057
5 9825
5 1133
5 3571
5 5592
5 9023
5 6180
5 1263
5 2210
5 2342
5 1119
5 3772
5 4248
5 2093
5 8175
5 3033
5 2920
5 9547
5 7207
5 3411
5 2885
5 9654
5 8715
5 3604
5 6121
5 2271
5 9314
5 890
5 7559
5 2211
5 1398
5 6332
5 5454
5 2992
5 1215
5 2015
5 1968
5 1593
5 2065
5 3922
5 1916
5 4095
5 1849
5 6539
5 165
5 4525
5 6674
5 7778
5 637
5 1760
5 4751
5 5326
5 2397
5 1832
5 7291
5 7988
5 784
5 5473
5 5616
5 8149
5 4069
5 3258
5 6219
5 3926
5 8587
5 3164
5 7976
5 2107
5 7837
5 7921
5 8237
5 5485
5 3493
5 1967
5 7012
5 663
5 8820
5 380
5 973
5 4933
5 7441
5 4606
5 1487
5 3320
5 2941
5 2342
5 3402
5 9390
5 7266
5 1411
5 3806
5 5906
5 8392
5 9979
5 2467
5 3937
5 227
5 7949
5 8197
5 1499
5 223
5 6883
5 7823
5 5344
5 2657
5 8291
5 7022
5 1965
5 8057
5 2636
5 4708
5 6428
5 1742
5 3895
5 5209
5 126
5 6933
5 7014
5 4942
5 1031
5 423
5 8119
5 2811
5 2559
5 1263
5 9804
5 6045
5 9627
5 5425
5 6358
5 5690
5 3005
5 1932
5 6261
5 8485
5 5550
5 8405
5 1806
5 4325
5 6419
5 6504
5 8177
5 1048
5 1854
5 233
5 6841
5 746
5 3635
5 2569
5 583
5 4336
5 8790
5 8395
5 40
5 3593
5 6660
5 4200
5 4071
5 2385
5 1912
5 7516
5 8810
5 1299
5 4590
5 1552
5 2744
5 2413
5 807
5 3017
5 7657
5 3397
5 157
5 3569
5 7792
5 2691
5 8454
5 7890
5 2067
5 9958
5 6891
5 3828
5 6690
5 8541
5 1200
5 2600
5 8021
5 9145
5 6920
5 9502
5 8021
5 6451
5 9365
5 8114
5 7130
5 2898
5 9380
5 3453
5 1926
5 6329
5 8479
5 2053
5 7396
5 746
5 9467
5 9441
5 6178
5 1868
5 1131
5 7967
5 9602
5 1734
5 8097
5 470
5 7884
5 9045
5 9450
5 7740
5 9319
5 4488
5 2204
5 249
5 805
5 2741
5 8216
5 7116
5 4549
5 5394
5 5654
5 7783
5 8307
5 1488
5 8583
5 4354
5 8980
5 4910
5 793
5 5089
5 1936
5 340
5 2440
5 2001
5 878
5 1996
5 611
5 8034
5 5617
5 1868
5 7389
5 1796
5 7594
5 6677
5 1534
5 300
5 5477
5 5281
5 2350
5 2700
5 5705
5 723
5 6848
5 475
5 5295
5 3675
5 3794
5 2044
5 6774
5 6459
5 735
5 2267
5 7576
5 9400
5 2597
5 9811
5 8737
5 3697
5 2946
5 7844
5 251
5 7559
5 1518
5 6033
5 2912
5 4799
5 4090
5 4300
5 9000
5 7629
5 3309
5 1324
5 6641
5 7855
5 1555
5 3242
5 5203
5 3204
5 9443
5 527
5 1548
5 7995
5 6051
5 3507
5 9511
5 9871
5 9470
5 9496
5 7425
5 6822
5 8774
5 7003
5 1050
5 1201
5 996
5 4995
5 1748
5 9970
5 9206
5 7671
5 2241
5 2875
5 291
5 7727
5 4808
5 2788
5 3524
5 3576
5 9250
5 4925
5 3517
5 8487
5 478
5 4150
5 3652
5 2123
5 8064
5 2109
5 8586
5 7436
5 2596
5 8385
5 6922
5 8395
5 6189
5 2407
5 7639
5 6507
5 6980
5 5338
5 6372
5 6618
5 9974
5 3639
5 149
5 4932
5 9061
5 8555
5 1660
5 4754
5 7562
5 8215
5 6659
5 7891
5 7147
5 1588
5 608
5 2210
5 7461
5 6001
5 3128
5 8294
5 1309
5 2433
5 1373
5 685
5 2745
5 5321
5 5917
5 1678
5 7895
5 6083
5 5236
5 8127
5 880
5 2075
5 7396
5 4241
5 9663
5 5216
5 23
5 5831
5 9171
5 6984
5 2169
5 3988
5 1544
5 9005
5 4144
5 8646
5 5835
5 964
5 3933
5 5012
5 2030
5 44
5 1266
5 8321
5 6704
5 8619
5 2959
5 4895
5 185
5 9415
5 5602
5 9967
5 7546
5 9865
5 4196
5 5237
5 8282
5 9867
5 7832
5 1646
5 2016
5 9674
5 6002
5 5306
5 64
5 7126
5 1642
5 7088
5 5228
5 5946
5 9497
5 8815
5 4630
5 9327
5 897
5 1531
5 2958
5 5507
5 8549
5 3829
5 5949
5 4576
5 7429
5 684
5 6464
5 8223
5 374
5 5786
5 7995
5 6631
5 9460
5 2816
5 2940
5 9257
5 6770
5 3655
5 5509
5 8708
5 640
5 3976
5 1584
5 9430
5 5971
5 9208
5 387
5 5423
5 9718
5 6325
5 5303
5 3723
5 5126
5 9429
5 3690
5 2840
5 834
5 9609
5 8034
5 7896
5 3409
5 2033
5 3281
5 6664
5 4438
5 5743
5 7695
5 3236
5 5743
5 4127
5 7087
5 8542
5 8831
5 6529
5 4756
5 9425
5 7162
5 3979
5 1986
5 503
5 2336
5 4493
5 6444
5 5537
5 7788
5 5928
5 8320
5 7511
5 6087
5 6854
5 6561
5 9161
5 8435
5 8407
5 28
5 8154
5 7451
5 2608
5 937
5 3647
5 6844
5 5095
5 411
5 3447
5 4067
5 2750
5 8503
5 3474
5 4534
5 9196
5 3518
5 3770
5 8517
5 3608
5 7991
5 7749
5 4286
5 841
5 1156
5 3925
5 3619
5 3310
5 256
5 1827
5 8245
5 7616
5 5531
5 6319
5 8342
5 1373
5 6230
5 7056
5 6654
5 8212
5 7502
5 2274
5 4353
5 1422
5 489
5 8652
5 7207
5 9207
5 479
5 1458
5 3181
5 7022
5 460
5 1691
5 5030
5 4960
5 9922
5 9448
5 4013
5 651
5 1239
5 5231
5 3287
5 649
5 8488
5 3409
5 2110
5 5783
5 6043
5 4560
5 4411
5 8415
5 6787
5 5906
5 7852
5 2108
5 2286
5 1564
5 1957
5 6643
5 9771
5 6833
5 6404
5 3871
5 3274
5 3227
5 3085
5 2363
5 8746
5 3480
5 8010
5 1332
5 5532
5 8247
5 1666
5 6779
5 9006
5 8706
5 8910
5 5362
5 1752
5 1788
5 2007
5 3920
5 3098
5 7256
5 2885
5 5155
5 9370
5 8346
5 3216
5 2417
5 9706
5 192
5 3421
5 9069
5 4761
5 2749
5 4173
5 407
5 8166
5 7448
5 6508
5 8589
5 3066
5 9275
5 9140
5 3558
5 8598
5 8520
5 4053
5 5417
5 3639
5 8899
5 3993
5 6224
5 7674
5 1270
5 7925
5 1689
5 1126
5 4666
5 3073
5 5721
5 9998
5 8861
5 4620
5 3315
5 2157
5 5185
5 6670
5 9729
5 5122
5 4814
5 561
5 6439
5 7678
5 6249
5 9128
5 6819
5 182
5 6196
5 8007
5 7035
5 892
5 586
5 7573
5 107
5 8160
5 4924
5 1604
5 3618
5 842
5 5723
5 1273
5 4030
5 1768
5 7200
5 5548
5 3085
5 1604
5 9990
5 1612
5 4250
5 2964
5 1071
5 1377
5 9681
5 7110
5 6634
5 2702
5 677
5 8084
5 2109
5 6396
5 7085
5 1606
5 6069
5 2611
5 3629
5 8608
5 7226
5 2712
5 3631
5 5716
5 6247
5 5216
5 3100
5 7546
5 6600
5 6905
5 641
5 8148
5 1153
5 2688
5 1170
5 1445
5 3740
5 324
5 3895
5 3013
5 7425
5 8592
5 7529
5 8034
5 3665
5 9999
5 8218
5 2781
5 9104
5 1624
5 8131
5 9476
5 9214
5 190
5 5198
5 6849
5 500
5 9961
5 6966
5 1265
5 5483
5 4550
5 4022
5 5743
5 7193
5 6244
5 972
5 6728
5 2377
5 8922
5 5441
5 941
5 5150
5 3183
5 8053
5 7169
5 5300
5 4753
5 8865
5 325
5 7974
5 9787
5 8236
5 7628
5 3959
5 3140
5 2572
5 9250
5 2274
5 8221
5 7948
5 8266
5 9300
5 9498
5 7050
5 7250
5 1160
5 1284
5 7419
5 1379
5 8567
5 8851
5 1463
5 357
5 5866
5 516
5 1206
5 4035
5 8483
5 1750
5 3239
5 9050
5 5496
5 4931
5 1848
5 6334
5 6561
5 819
5 785
5 1834
5 4893
5 365
5 6645
5 5295
5 537
5 7920
5 9330
5 4436
5 637
5 9465
5 7556
5 4371
5 5927
5 1945
5 9884
5 4627
5 5165
5 2291
5 4229
5 8580
5 1714
5 7240
5 1333
5 2676
5 9018
5 7542
5 154
5 5270
5 4154
5 2639
5 5652
5 7422
5 1213
5 4420
5 1937
5 507
5 8708
5 1141
5 6244
5 7971
5 7736
5 5105
5 1708
5 1084
5 106
5 196
5 9408
5 1026
5 8165
5 7860
5 2643
5 2160
5 525
5 2626
5 8922
5 3829
5 418
5 765
5 7618
5 519
5 5901
5 8170
5 3767
5 2740
5 3620
5 6069
5 987
5 3460
5 361
5 5646
5 8960
5 7437
5 9101
5 5173
5 3484
5 3305
5 8782
5 5750
5 9521
5 735
5 9520
5 4235
5 251
5 7539
5 7476
5 4471
5 7564
5 4041
5 6106
5 398
5 1989
5 4571
5 2997
5 7136
5 2509
5 8424
5 4031
5 8649
5 9236
5 5119
5 9072
5 3073
5 4424
5 1317
5 5909
5 9298
5 9771
5 9224
5 1667
5 911
5 492
5 8840
5 3413
5 6082
5 9136
5 8885
5 2163
5 4492
5 4595
5 3749
5 7023
5 4898
5 4296
5 6320
5 8668
5 9419
5 34
5 9011
5 3896
5 3156
5 411
5 7857
5 5452
5 219
5 5365
5 7003
5 3866
5 9763
5 738
5 3441
5 503
5 8138
5 3368
5 4334
5 3558
5 5724
5 9664
5 1772
5 1209
5 9563
5 3135
5 2299
5 8641
5 5376
5 8850
5 1068
5 8173
5 5057
5 5281
5 2950
5 4196
5 8241
5 6515
5 5452
5 7141
5 9034
5 291
5 792
5 3210
5 1509
5 9838
5 6960
5 9062
5 49
5 9980
5 117
5 3202
5 3141
5 480
5 3183
5 8271
5 1714
5 2083
5 7942
5 965
5 5601
5 3241
5 523
5 8800
5 4245
5 7972
5 2590
5 5440
5 211
5 7837
5 3088
5 8810
5 6629
5 3495
5 7889
5 8710
5 2132
5 3802
5 7192
5 3149
5 9414
5 2938
5 2993
5 5120
5 5968
5 8512
5 1504
5 4035
5 8130
5 6122
5 7833
5 8529
5 1998
5 8343
5 2799
5 9869
5 7332
5 8608
5 4193
5 7673
5 3030
5 2945
5 7355
5 2162
5 5266
5 5046
5 2404
5 9667
5 1885
5 2643
5 7954
5 599
5 9162
5 5635
5 3675
5 1623
5 9497
5 8969
5 6529
5 6221
5 1155
5 5713
5 8037
5 399
5 3647
5 8310
5 2416
5 2731
5 4825
5 8472
5 7921
5 468
5 8318
5 8686
5 6250
5 5932
5 2366
5 800
5 7352
5 9912
5 3677
5 9656
5 9470
5 1281
5 2379
5 2245
5 6780
5 4549
5 6675
5 5341
5 9458
5 9578
5 8288
5 7101
5 3523
5 173
5 2285
5 576
5 301
5 769
5 7388
5 9628
5 7846
5 2930
5 5351
5 194
5 9177
5 5884
5 507
5 2391
5 4657
5 7809
5 3072
5 1418
5 8369
5 7092
5 2304
5 7721
5 833
5 5269
5 8108
5 9399
5 2898
5 5887
5 2183
5 2310
5 8167
5 5980
5 2306
5 5860
5 3786
5 9397
5 5838
5 4922
5 1946
5 3696
5 1061
5 878
5 6945
5 4815
5 7422
5 7234
5 5147
5 6252
5 8293
5 7785
5 7687
5 1960
5 2336
5 7801
5 8263
5 4685
5 2055
5 1195
5 860
5 3960
5 652
5 9148
5 4750
5 478
5 759
5 8157
5 6610
5 6059
5 1152
5 7980
5 2104
5 933
5 37
5 2432
5 1770
5 2554
5 5999
5 8526
5 8558
5 2667
5 217
5 1896
5 6867
5 1848
5 6027
5 9002
5 5408
5 3231
5 4433
5 9064
5 8764
5 9641
5 6661
5 1201
5 4961
5 860
5 7350
5 4748
5 8919
5 233
5 4461
5 3210
5 4110
5 2341
5 4523
5 4831
5 7272
5 5959
5 4285
5 5245
5 3531
5 9010
5 2378
5 170
5 1756
5 4747
5 7088
5 8622
5 2511
5 871
5 8815
5 9620
5 3434
5 5805
5 8336
5 7840
5 9395
5 8848
5 4441
5 6193
5 7264
5 3425
5 7052
5 5802
5 7659
5 5150
5 4421
5 6331
5 8481
5 8920
5 5481
5 2152
5 7613
5 1769
5 966
5 2308
5 4609
5 680
5 9384
5 4740
5 3720
5 7101
5 6431
5 7759
5 3103
5 2358
5 8956
5 4213
5 7551
5 696
5 7050
5 6333
5 4604
5 9175
5 371
5 1726
5 6355
5 6121
5 7289
5 3467
5 1830
5 2360
5 7946
5 9787
5 7258
5 1963
5 4828
5 1293
5 4087
5 1702
5 6937
5 6219
5 7092
5 949
5 6166
5 6660
5 7406
5 6236
5 6957
5 1252
5 7838
5 7188
5 2852
5 2291
5 301
5 3053
5 6017
5 7733
5 7705
5 1547
5 8339
5 1059
5 5160
5 4231
5 5194
5 4471
5 7827
5 5144
5 5466
5 3388
5 5258
5 1898
5 3927
5 2701
5 4587
5 972
5 4562
5 7780
5 7388
5 1408
5 5932
5 5670
5 7568
5 3640
5 2178
5 4471
5 126
5 2659
5 5746
5 1357
5 3124
5 7251
5 442
5 2205
5 7719
5 9518
5 5896
5 8309
5 3585
5 1393
5 7039
5 8137
5 9594
5 7385
5 4687
5 4609
5 2074
5 5260
5 5816
5 860
5 5498
5 8875
5 4630
5 9961
5 2960
5 9901
5 8015
5 6559
5 6256
5 7627
5 1473
5 912
5 7935
5 8590
5 4124
5 8287
5 158
5 235
5 3878
5 9185
5 7706
5 5322
5 6363
5 8367
5 4976
5 6312
5 3710
5 3147
5 9326
5 1433
5 1784
5 3921
5 5594
5 6667
5 6955
5 2400
5 9141
5 348
5 6006
5 5521
5 7273
5 9620
5 5265
5 5493
5 1363
5 450
5 7567
5 8965
5 4538
5 5430
5 8124
5 764
5 2268
5 6077
5 2908
5 185
5 5689
5 8857
5 5641
5 303
5 25
5 6645
5 1975
5 3265
5 2937
5 9846
5 1969
5 7043
5 143
5 3892
5 4450
5 1604
5 8167
5 2333
5 9348
5 4977
5 6542
5 7248
5 6610
5 2184
5 4324
5 1180
5 2773
5 2493
5 8256
5 7333
5 8803
5 2979
5 2425
5 7233
5 5284
5 8842
5 1757
5 7579
5 3556
5 3477
5 4196
5 507
5 3890
5 3729
5 8903
5 3974
5 4304
5 8338
5 333
5 1493
5 6104
5 22
5 512
5 2933
5 4748
5 4167
5 4388
5 594
5 7121
5 9601
5 5562
5 7296
5 8831
5 9418
5 2283
5 5679
5 7600
5 2315
5 6015
5 448
5 1350
5 7421
5 7446
5 7772
5 2090
5 8075
5 7267
5 8565
5 9179
5 2534
5 1571
5 4857
5 8071
5 2068
5 4220
5 985
5 3131
5 9421
5 1007
5 3813
5 5619
5 3098
5 2983
5 8705
5 433
5 5455
5 8767
5 471
5 7704
5 5051
5 8198
5 999
5 7837
5 6243
5 2169
5 7800
5 1101
5 1482
5 5984
5 171
5 5345
5 4282
5 6091
5 2215
5 7943
5 3334
5 2517
5 4417
5 568
5 731
5 1867
5 8008
5 7877
5 9774
5 8224
5 8828
5 3706
5 320
5 1789
5 9911
5 868
5 2160
5 7612
5 4510
5 3152
5 9371
5 9251
5 3776
5 609
5 1131
5 4713
5 5825
5 1724
5 6955
5 4506
5 5385
5 8569
5 6822
5 4162
5 5770
5 3521
5 9167
5 6057
5 7383
5 8658
5 2200
5 7894
5 9467
5 1401
5 6528
5 7665
5 4337
5 2521
5 9535
5 7467
5 5787
5 5086
5 4514
5 986
5 5920
5 5456
5 9986
5 2015
5 7094
5 9899
5 7208
5 3837
5 8220
5 2957
5 6316
5 1820
5 7119
5 6111
5 4077
5 4075
5 3171
5 7882
5 8731
5 7509
5 6954
5 8927
5 9873
5 9119
5 6114
5 8247
5 3851
5 4883
5 9172
5 9089
5 7662
5 1075
5 1481
5 5640
5 6790
5 5362
5 76
5 4107
5 4976
5 7509
5 6602
5 4269
5 6379
5 2062
5 69
5 114
5 3092
5 7824
5 3638
5 628
5 3501
5 1492
5 2150
5 4351
5 9430
5 5280
5 9641
5 3788
5 2560
5 882
5 8534
5 8263
5 3085
5 4624
5 4740
5 6317
5 6067
5 1127
5 5398
5 1239
5 3476
5 5355
5 8444
5 5825
5 2357
5 5364
5 5757
5 4963
5 2124
5 613
5 4080
5 7127
5 6426
5 3173
5 451
5 8393
5 7558
5 1684
5 1348
5 5040
5 3901
5 397
5 7276
5 3370
5 3337
5 8144
5 7010
5 7799
5 8126
5 4594
5 8222
5 847
5 9204
5 3616
5 3693
5 1100
5 376
5 6112
5 4849
5 7745
5 5367
5 7157
5 6825
5 2770
5 3202
5 4786
5 1782
5 4430
5 9895
5 274
5 9695
5 8058
5 6889
5 2262
5 8331
5 2826
5 9251
5 9555
5 6634
5 5552
5 9052
5 9951
5 8237
5 5136
5 1941
5 4935
5 4324
5 3726
5 7346
5 2594
5 7546
5 3205
5 5293
5 3579
5 1233
5 8102
5 5308
5 7472
5 600
5 8498
5 5359
5 9398
5 5174
5 9050
5 1324
5 9222
5 4164
5 2704
5 9942
5 8182
5 8986
5 201
5 715
5 291
5 9667
5 8968
5 4746
5 8364
5 4344
5 7489
5 954
5 7007
5 3577
5 3746
5 2660
5 7406
5 3694
5 8825
5 4
5 1280
5 5893
5 9286
5 6153
5 3810
5 308
5 4384
5 7786
5 7926
5 6771
5 6734
5 2806
5 4756
5 6473
5 7525
5 766
5 7616
5 1265
5 9861
5 3962
5 9362
5 9793
5 6335
5 9671
5 5452
5 2203
5 9424
5 6504
5 7573
5 7629
5 5797
5 330
5 5162
5 1180
5 8141
5 7759
5 4672
5 9652
5 580
5 7635
5 8928
5 7678
5 6300
5 3521
5 1414
5 8532
5 8461
5 2635
5 2834
5 6316
5 7990
5 9210
5 9792
5 8741
5 4364
5 2750
5 7939
5 2219
5 7952
5 4143
5 4421
5 3491
5 5032
5 5108
5 6980
5 4512
5 9065
5 8939
5 9550
5 9792
5 4318
5 3014
5 6691
5 7945
5 446
5 6046
5 1700
5 1631
5 9101
5 5536
5 5756
5 2636
5 6186
5 3396
5 7924
5 1289
5 5832
5 222
5 8382
5 1946
5 4701
5 1176
5 9695
5 8765
5 7702
5 8942
5 3499
5 8470
5 8716
5 1738
5 2418
5 9343
5 2432
5 6846
5 9582
5 8160
5 5868
5 2620
5 564
5 9271
5 694
5 4461
5 5102
5 2573
5 9935
5 2703
5 8435
5 9569
5 5152
5 2903
5 4602
5 9242
5 2697
5 1484
5 6550
5 7966
5 133
5 2215
5 392
5 167
5 6412
5 1483
5 3656
5 8956
5 1913
5 2836
5 9875
5 8445
5 6921
5 3766
5 4362
5 1982
5 9645
5 187
5 8499
5 3005
5 7382
5 6600
5 2408
5 7746
5 6894
5 2387
5 8327
5 1491
5 2623
5 7230
5 9545
5 2640
5 3807
5 1095
5 2238
5 1249
5 4122
5 6780
5 48
5 1308
5 9909
5 5471
5 3752
5 8451
5 5615
5 8284
5 857
5 7326
5 7516
5 9269
5 2478
5 5343
5 9325
5 7833
5 7332
5 2014
5 5782
5 1052
5 5190
5 5613
5 2816
5 8855
5 4645
5 1365
5 5366
5 7527
5 2522
5 7890
5 6475
5 9519
5 4789
5 1111
5 3723
5 18
5 1298
5 7362
5 1618
5 3260
5 9217
5 9898
5 1024
5 4046
5 2478
5 5526
5 9221
5 2431
5 7101
5 600
5 6699
5 2055
5 4730
5 8055
5 9271
5 5085
5 9221
5 9751
5 6604
5 9241
5 3636
5 797
5 754
5 4868
5 7475
5 5106
5 814
5 2524
5 6507
5 3893
5 2252
5 4057
5 17
5 1321
5 2042
5 2636
5 2842
5 4029
5 3181
5 9706
5 2018
5 3761
5 4681
5 9335
5 395
5 4799
5 5641
5 2924
5 2053
5 438
5 4473
5 9745
5 6876
5 5208
5 6899
5 1279
5 4112
5 2068
5 8799
5 9821
5 7278
5 6290
5 2496
5 4323
5 5239
5 251
5 7601
5 8940
5 6822
5 5854
5 9974
5 2248
5 8791
5 3786
5 4924
5 7614
5 9536
5 1355
5 3231
5 7661
5 3324
5 3097
5 1081
5 8331
5 2448
5 893
5 7508
5 483
5 7111
5 2800
5 5449
5 9519
5 5416
5 2329
5 4987
5 5985
5 8270
5 2377
5 9887
5 2638
5 6575
5 536
5 1024
5 5931
5 532
5 4995
5 2777
5 2392
5 3411
5 2767
5 1007
5 2862
5 4626
5 4432
5 3693
5 69
5 9460
5 2151
5 7833
5 7495
5 5288
5 137
5 8694
5 10
5 6633
5 9319
5 15
5 9251
5 3903
5 417
5 6243
5 9194
5 3164
5 2141
5 412
5 9908
5 6763
5 3740
5 3747
5 9952
5 7186
5 3607
5 5587
5 378
5 8954
5 8176
5 4729
5 5815
5 5930
5 7816
5 5782
5 609
5 3867
5 8948
5 6618
5 469
5 546
5 4099
5 5528
5 2612
5 8339
5 4119
5 9167
5 9850
5 6558
5 9268
5 4876
5 6615
5 3410
5 8404
5 3497
5 7360
5 9932
5 7983
5 1248
5 339
5 712
5 5095
5 1767
5 2202
5 8779
5 1249
5 1921
5 1400
5 4478
5 6129
5 7461
5 849
5 681
5 3041
5 7132
5 2838
5 9184
5 266
5 6314
5 1634
5 5633
5 5044
5 3808
5 1768
5 2806
5 9399
5 7846
5 2460
5 4625
5 9529
5 9922
5 1156
5 5709
5 2986
5 7539
5 1646
5 3838
5 346
5 9471
5 4726
5 5156
5 612
5 9622
5 1888
5 4466
5 2046
5 8086
5 4983
5 5450
5 2670
5 496
5 7350
5 8171
5 7130
5 9258
5 4365
5 3690
5 9171
5 2770
5 3879
5 8150
5 1414
5 1198
5 9524
5 1161
5 6675
5 9935
5 2344
5 5840
5 7531
5 4310
5 8726
5 344
5 3355
5 1654
5 5102
5 3240
5 6548
5 9307
5 2379
5 7556
5 2173
5 9680
5 5587
5 860
5 7716
5 5933
5 6685
5 1207
5 2196
5 4399
5 1025
5 1296
5 6337
5 2320
5 416
5 5689
5 8024
5 2000
5 8274
5 8428
5 9761
5 4973
5 4819
5 890
5 7352
5 2265
5 2790
5 2245
5 1512
5 9369
5 6643
5 7327
5 6652
5 6989
5 713
5 9295
5 3525
5 1193
5 4288
5 6908
5 4982
5 9022
5 4087
5 8759
5 6527
5 8190
5 7088
5 9323
5 5921
5 1937
5 9196
5 4148
5 8525
5 2648
5 7706
5 4049
5 7624
5 324
5 8031
5 630
5 1432
5 4500
5 7670
5 7994
5 1011
5 705
5 2878
5 7977
5 5811
5 5057
5 6017
5 8752
5 6068
5 3083
5 4036
5 9142
5 3747
5 1366
5 1076
5 3495
5 6289
5 3104
5 651
5 4455
5 9842
5 1183
5 5369
5 3481
5 1228
5 4850
5 4687
5 1450
5 337
5 8586
5 3637
5 4194
5 7188
5 4263
5 8015
5 312
5 359
5 201
5 3993
5 1102
5 6023
5 3183
5 2623
5 4953
5 9289
5 2060
5 2200
5 1047
5 2080
5 4014
5 3960
5 9709
5 4262
5 7080
5 9072
5 9254
5 7248
5 5024
5 7401
5 1668
5 1785
5 3168
5 1004
5 1972
5 4151
5 6256
5 7835
5 8614
5 7485
5 1954
5 3621
5 4729
5 7450
5 6077
5 2381
5 2607
5 3978
5 8143
5 8557
5 6225
5 3279
5 8339
5 6227
5 9177
5 6867
5 9498
5 3359
5 7842
5 6802
5 179
5 1595
5 2151
5 8865
5 7445
5 4510
5 8777
5 7902
5 433
5 9833
5 4102
5 2035
5 8303
5 3586
5 6809
5 4980
5 8678
5 6625
5 2425
5 8167
5 5140
5 6530
5 4683
5 6900
5 4905
5 336
5 1030
5 7271
5 253
5 6056
5 2123
5 3038
5 9807
5 3475
5 7673
5 4198
5 8271
5 7177
5 3465
5 1469
5 5698
5 7283
5 6903
5 3390
5 9893
5 5855
5 925
5 5278
5 8057
5 9450
5 8634
5 1744
5 6235
5 780
5 3480
5 6991
5 7697
5 4954
5 2347
5 9616
5 3815
5 8271
5 1383
5 1134
5 3555
5 27
5 6915
5 9937
5 157
5 307
5 6299
5 4916
5 6112
5 9242
5 6047
5 5458
5 23
5 5675
5 7066
5 7039
5 1437
5 5732
5 9367
5 4127
5 2266
5 4249
5 1081
5 4630
5 5852
5 4527
5 9115
5 2580
5 7313
5 4392
5 1315
5 8302
5 1226
5 9017
5 2463
5 7764
5 5269
5 3484
5 8948
5 5336
5 895
5 548
5 9473
5 6681
5 4647
5 1576
5 1626
5 988
5 6202
5 1131
5 6666
5 4265
5 1727
5 8162
5 7358
5 7925
5 3667
5 9283
5 6223
5 9369
5 530
5 2088
5 4018
5 3784
5 2780
5 8995
5 810
5 8894
5 3430
5 4573
5 4486
5 6854
5 4418
5 1820
5 4026
5 32
5 2380
5 5368
5 7409
5 9883
5 9887
5 2084
5 6475
5 637
5 770
5 2026
5 3590
5 2017
5 594
5 5232
5 7471
5 7720
5 5907
5 2310
5 7995
5 8853
5 8333
5 9291
5 2356
5 4073
5 2119
5 9720
5 7394
5 625
5 6213
5 9457
5 5456
5 3014
5 4488
5 2142
5 3621
5 8514
5 189
5 5812
5 8647
5 1255
5 3202
5 3626
5 2460
5 9078
5 1240
5 4165
5 5560
5 9903
5 8540
5 9292
5 8158
5 6813
5 8158
5 15
5 1406
5 3578
5 6472
5 3353
5 3561
5 4838
5 965
5 5641
5 8420
5 7661
5 4896
5 271
5 5877
5 3700
5 4956
5 317
5 6940
5 3662
5 487
5 9031
5 8060
5 8310
5 5371
5 3654
5 2103
5 2719
5 6181
5 545
5 5824
5 3001
5 2682
5 2060
5 6172
5 7218
5 9281
5 8180
5 280
5 4711
5 8517
5 8335
5 6482
5 541
5 185
5 1409
5 6196
5 4293
5 2196
5 4383
5 9020
5 4932
5 1744
5 2590
5 5885
5 5948
5 7906
5 7052
5 7615
5 7499
5 9240
5 6865
5 8716
5 4782
5 2491
5 7100
5 8771
5 4332
5 994
5 5191
5 6251
5 2492
5 3867
5 1283
5 2112
5 2750
5 9593
5 492
5 3006
5 1175
5 71
5 7572
5 6456
5 1670
5 3750
5 6934
5 2840
5 5256
5 8924
5 3493
5 1518
5 107
5 782
5 2327
5 964
5 1555
5 8325
5 7588
5 5227
5 3791
5 9714
5 3658
5 1579
5 7465
5 7172
5 4009
5 6684
5 9917
5 5012
5 5736
5 1139
5 7260
5 6901
5 232
5 4728
5 13
5 938
5 2974
5 7233
5 6532
5 3656
5 7894
5 2142
5 936
5 6528
5 4290
5 3104
5 4750
5 1082
5 6762
5 5472
5 3997
5 1203
5 1133
5 7778
5 5939
5 3742
5 1821
5 481
5 2202
5 992
5 8639
5 1833
5 7493
5 1160
5 3487
5 3217
5 5628
5 5395
5 9904
5 8780
5 7104
5 2492
5 951
5 6721
5 4913
5 4857
5 3390
5 2077
5 7828
5 1814
5 8639
5 3341
5 2883
5 8877
5 3450
5 7766
5 1260
5 4044
5 5806
5 2690
5 4297
5 4740
5 3980
5 2735
5 8850
5 1481
5 9247
5 5215
5 3714
5 6867
5 5199
5 8603
5 1330
5 979
5 9143
5 1397
5 1493
5 6801
5 3549
5 1233
5 6279
5 1733
5 8017
5 6579
5 7915
5 3809
5 4724
5 5869
5 3802
5 3703
5 2832
5 1408
5 5423
5 6116
5 9819
5 7896
5 339
5 6652
5 201
5 7917
5 9002
5 2754
5 4613
5 9230
5 602
5 9817
5 4729
5 1218
5 4666
5 6051
5 1967
5 326
5 7629
5 2203
5 476
5 6833
5 6087
5 4729
5 7350
5 7816
5 971
5 3498
5 5550
5 3633
5 9335
5 7639
5 7498
5 7773
5 2999
5 5615
5 9818
5 2424
5 5753
5 8115
5 2184
5 4595
5 3340
5 4866
5 5749
5 138
5 2950
5 8954
5 9125
5 5516
5 1430
5 4748
5 2377
5 9659
5 3927
5 8022
5 2007
5 746
5 7204
5 9365
5 2391
5 5274
5 4317
5 4484
5 1640
5 9231
5 9900
5 7472
5 2351
5 3747
5 7759
5 5662
5 230
5 39
5 4997
5 7139
5 6027
5 1016
5 9396
5 4511
5 8788
5 9372
5 9268
5 1044
5 863
5 4519
5 7493
5 7729
5 7654
5 3203
5 3969
5 2399
5 7569
5 1143
5 3185
5 4482
5 148
5 5540
5 6143
5 1480
5 2833
5 799
5 8345
5 5766
5 9350
5 2308
5 8058
5 2806
5 5165
5 5619
5 1586
5 4383
5 8000
5 865
5 4762
5 2928
5 3857
5 4781
5 2376
5 5549
5 1530
5 5136
5 9767
5 8846
5 1076
5 4960
5 3287
5 8119
5 4208
5 6376
5 8861
5 7050
5 7078
5 6402
5 366
5 6453
5 8424
5 9557
5 2038
5 3196
5 8548
5 4619
5 1632
5 2885
5 7088
5 5377
5 3557
5 2391
5 64
5 7719
5 3695
5 835
5 9156
5 7902
5 128
5 112
5 8688
5 9351
5 6501
5 8540
5 8287
5 7823
5 7218
5 3753
5 1681
5 7283
5 6209
5 3405
5 4615
5 1343
5 3484
5 4791
5 7341
5 7596
5 6180
5 6987
5 9657
5 4693
5 3336
5 1578
5 8970
5 4513
5 6103
5 599
5 4335
5 4263
5 7615
5 2758
5 1961
5 5848
5 9238
5 1543
5 131
5 2368
5 2408
5 1314
5 4019
5 4075
5 7790
5 9960
5 3366
5 8633
5 5973
5 9231
5 8492
5 3034
5 6404
5 6317
5 2597
5 7004
5 3807
5 2794
5 842
5 251
5 3783
5 9508
5 9151
5 8387
5 1821
5 8502
5 8234
5 4888
5 2438
5 5584
5 772
5 8908
5 7658
5 9613
5 2250
5 1319
5 6560
5 7115
5 8401
5 3798
5 115
5 3311
5 4728
5 8325
5 8011
5 3160
5 6078
5 6910
5 6712
5 8499
5 6729
5 3924
5 449
5 9883
5 3969
5 5851
5 9372
5 4218
5 624
5 5817
5 1575
5 1776
5 4518
5 2744
5 8225
5 8690
5 5313
5 7459
1
18 1
