10000
123 4304
123 9643
123 9638
123 772
123 7932
123 2200
123 3534
123 875
123 6908
123 6108
123 1763
123 3180
123 2858
123 1085
123 8356
123 2574
123 1377
123 8455
123 4177
123 2056
123 8358
123 9655
123 3800
123 8996
123 656
123 6456
123 1029
123 4613
123 2830
123 1521
123 6031
123 1496
123 4158
123 370
123 9540
123 6539
123 2659
123 8354
123 2126
123 9111
123 5332
123 8740
123 8963
123 6818
123 6337
123 485
123 3101
123 3696
123 7338
123 6807
123 2676
123 8179
123 6710
123 8139
123 62
123 686
123 6861
123 5557
123 3396
123 3171
123 1349
123 3290
123 3484
123 5482
123 6045
123 1385
123 1519
123 5863
123 1044
123 2141
123 5612
123 5463
123 2547
123 6391
123 6584
123 9167
123 6429
123 8230
123 5990
123 7623
123 7724
123 9294
123 1863
123 7786
123 2726
123 6160
123 112
123 1834
123 2943
123 6982
123 2079
123 6793
123 2615
123 5953
123 1198
123 9728
123 4010
123 6672
123 4240
123 5824
123 7231
123 8033
123 5101
123 9216
123 3732
123 8708
123 1610
123 8907
123 5286
123 8832
123 8328
123 4618
123 2600
123 9978
123 793
123 9910
123 315
123 7017
123 9198
123 2428
123 7597
123 7956
123 1953
123 3611
123 6045
123 348
123 2117
123 2701
123 9132
123 5370
123 2151
123 2407
123 9895
123 3158
123 4979
123 6063
123 6099
123 5496
123 1809
123 8626
123 4591
123 4457
123 9696
123 6349
123 9058
123 8076
123 4304
123 2487
123 7918
123 6667
123 5849
123 8865
123 1549
123 5860
123 8678
123 5666
123 590
123 4971
123 7464
123 4272
123 9520
123 1774
123 5480
123 502
123 2243
123 7298
123 2917
123 8102
123 8888
123 6714
123 5731
123 4816
123 5558
123 4928
123 7961
123 5892
123 1224
123 7963
123 3015
123 2362
123 8508
123 3721
123 1875
123 3945
123 7557
123 8233
123 8692
123 8904
123 4729
123 5973
123 6745
123 5719
123 315
123 5338
123 236
123 3908
123 2013
123 2895
123 9867
123 3838
123 3374
123 2478
123 2705
123 7876
123 8934
123 7725
123 9268
123 7727
123 252
123 9167
123 3326
123 5287
123 9589
123 9448
123 2368
123 6876
123 410
123 2769
123 9215
123 3176
123 6473
123 7160
123 7748
123 9727
123 3687
123 667
123 8210
123 5329
123 1475
123 5046
123 59
123 8181
123 2861
123 3060
123 2841
123 2112
123 4995
123 7982
123 8046
123 7742
123 4332
123 6376
123 7419
123 5919
123 3194
123 7772
123 5700
123 3273
123 6927
123 7317
123 8250
123 2241
123 3366
123 9997
123 6540
123 385
123 8840
123 7528
123 6974
123 6374
123 7428
123 1501
123 1008
123 2449
123 2684
123 8889
123 7033
123 5736
123 3550
123 8492
123 7002
123 3231
123 8680
123 9431
123 3256
123 7819
123 5891
123 5274
123 3526
123 5156
123 5960
123 9885
123 4579
123 3765
123 2481
123 3604
123 7470
123 3192
123 2008
123 841
123 9882
123 7560
123 1206
123 2671
123 3507
123 4365
123 211
123 549
123 6953
123 865
123 3938
123 9702
123 7126
123 2894
123 5547
123 3333
123 4581
123 3459
123 8777
123 1191
123 781
123 950
123 8392
123 8634
123 7767
123 9317
123 423
123 4756
123 3169
123 5050
123 6456
123 682
123 6067
123 8310
123 8670
123 1621
123 1634
123 8059
123 4839
123 8781
123 5057
123 3523
123 5031
123 9717
123 7691
123 6836
123 4213
123 8234
123 918
123 4213
123 7481
123 7416
123 5682
123 5490
123 7136
123 1886
123 8159
123 4377
123 3329
123 7887
123 4550
123 4268
123 2482
123 2285
123 447
123 6952
123 215
123 4072
123 2745
123 4067
123 7998
123 4482
123 4581
123 3641
123 5230
123 4297
123 6248
123 6571
123 992
123 9448
123 7576
123 364
123 2162
123 8500
123 9725
123 13
123 7138
123 8114
123 6881
123 8326
123 6867
123 5084
123 805
123 561
123 7412
123 6039
123 3717
123 721
123 767
123 8402
123 7479
123 9330
123 3149
123 8707
123 9541
123 5056
123 2469
123 6860
123 8631
123 5017
123 9226
123 7442
123 5641
123 1100
123 7512
123 1647
123 7691
123 2166
123 5373
123 5950
123 5842
123 4455
123 6236
123 6092
123 9408
123 5053
123 5606
123 7490
123 2356
123 5759
123 9783
123 5644
123 9755
123 7197
123 5783
123 2664
123 4738
123 5511
123 4213
123 8477
123 8956
123 6498
123 9290
123 7838
123 1982
123 4515
123 2752
123 6720
123 7640
123 5999
123 850
123 4182
123 7731
123 9960
123 6165
123 8313
123 6115
123 270
123 8455
123 7339
123 8623
123 7114
123 1250
123 9490
123 6774
123 7423
123 3424
123 7720
123 5750
123 6654
123 7456
123 7879
123 9618
123 6747
123 8591
123 1418
123 9249
123 7610
123 1637
123 6237
123 913
123 1971
123 4607
123 1755
123 6019
123 5943
123 917
123 6805
123 4964
123 148
123 4379
123 1446
123 560
123 8739
123 3687
123 6285
123 9018
123 6169
123 5627
123 5397
123 8938
123 4042
123 8727
123 1450
123 1295
123 2901
123 1565
123 4118
123 5873
123 6293
123 2452
123 5373
123 2133
123 6945
123 9714
123 7768
123 4956
123 7412
123 4284
123 4279
123 8271
123 26
123 8833
123 824
123 1989
123 3495
123 146
123 5032
123 252
123 6002
123 3976
123 7373
123 1446
123 7135
123 4084
123 3233
123 2945
123 3503
123 9681
123 7029
123 6068
123 5376
123 8013
123 1958
123 9203
123 4192
123 1273
123 1478
123 9577
123 3283
123 9590
123 1108
123 6637
123 6651
123 4299
123 1644
123 2511
123 3147
123 8208
123 7390
123 7519
123 5895
123 2090
123 5483
123 1196
123 9302
123 9115
123 4926
123 1809
123 8503
123 1439
123 6402
123 9828
123 8578
123 5667
123 6480
123 3310
123 3388
123 6416
123 2298
123 5695
123 6377
123 9691
123 5315
123 8942
123 8178
123 294
123 5233
123 7513
123 8369
123 9986
123 7674
123 1145
123 1227
123 5615
123 1718
123 6893
123 7816
123 8943
123 5882
123 3408
123 9258
123 2370
123 3640
123 2926
123 8526
123 7293
123 2082
123 8920
123 616
123 4306
123 9798
123 9905
123 3421
123 6972
123 2585
123 2348
123 4164
123 3364
123 8074
123 8160
123 8739
123 2124
123 2856
123 4738
123 3786
123 2232
123 8226
123 8023
123 3860
123 8219
123 3113
123 1545
123 8529
123 5036
123 5306
123 6921
123 6752
123 9300
123 4563
123 3781
123 8366
123 6140
123 3701
123 9585
123 5047
123 3351
123 6256
123 2298
123 5575
123 7087
123 1806
123 1399
123 2742
123 5798
123 2563
123 5186
123 1762
123 1652
123 7309
123 4855
123 2518
123 1127
123 1284
123 8302
123 486
123 9030
123 3116
123 9148
123 3693
123 2630
123 2379
123 8922
123 5531
123 5143
123 3891
123 2893
123 5798
123 278
123 7322
123 2517
123 4784
123 2071
123 3225
123 9958
123 7770
123 6715
123 9079
123 2659
123 9754
123 5615
123 1427
123 8435
123 2784
123 1381
123 2720
123 4046
123 704
123 978
123 3945
123 2728
123 8695
123 2756
123 6643
123 8652
123 7414
123 6573
123 405
123 8767
123 4117
123 8733
123 4434
123 5010
123 5569
123 5958
123 4283
123 2346
123 120
123 5113
123 7345
123 608
123 8768
123 7896
123 3197
123 595
123 7557
123 2227
123 7399
123 7422
123 6164
123 4535
123 9822
123 6561
123 7
123 9681
123 1123
123 564
123 5723
123 7718
123 3436
123 6928
123 2358
123 9227
123 3901
123 63
123 3113
123 3420
123 2089
123 2856
123 4997
123 5761
123 4956
123 5764
123 6213
123 4299
123 5391
123 3945
123 3642
123 6442
123 2956
123 5357
123 5253
123 389
123 7934
123 5327
123 4788
123 7939
123 2242
123 5531
123 8572
123 7900
123 3336
123 7877
123 6778
123 1803
123 9685
123 6246
123 4007
123 6158
123 8906
123 1557
123 6510
123 7959
123 2166
123 8142
123 5907
123 2659
123 936
123 1878
123 1752
123 6334
123 4684
123 3062
123 7764
123 6257
123 624
123 9490
123 9099
123 6598
123 9083
123 7706
123 480
123 8468
123 611
123 2899
123 7544
123 6034
123 3407
123 407
123 6249
123 2907
123 2155
123 4304
123 7675
123 5540
123 1884
123 1035
123 8074
123 2844
123 2918
123 8566
123 6504
123 3744
123 5531
123 4025
123 4899
123 6891
123 5389
123 5293
123 7912
123 9254
123 3381
123 4524
123 2374
123 2806
123 5924
123 4056
123 8725
123 1027
123 4342
123 7677
123 9241
123 9432
123 4413
123 2732
123 416
123 6866
123 9674
123 1021
123 9342
123 6751
123 4578
123 8966
123 6422
123 41
123 6100
123 17
123 9263
123 4070
123 4886
123 4761
123 5101
123 4036
123 9531
123 6703
123 1588
123 6328
123 93
123 4194
123 8300
123 5417
123 9423
123 1468
123 3792
123 8531
123 3414
123 4256
123 5561
123 4832
123 3759
123 7955
123 2749
123 8311
123 9313
123 8813
123 3937
123 6129
123 4653
123 1092
123 4868
123 6608
123 6925
123 5702
123 3448
123 3604
123 4582
123 8240
123 1860
123 6478
123 4095
123 6941
123 8152
123 7372
123 3239
123 3473
123 2119
123 31
123 2046
123 2072
123 2845
123 6863
123 5015
123 4977
123 7735
123 3483
123 677
123 4624
123 5385
123 2440
123 7106
123 5583
123 7134
123 347
123 4474
123 1702
123 4641
123 5150
123 8239
123 6415
123 3335
123 2733
123 9060
123 6704
123 4070
123 4592
123 8034
123 3666
123 7842
123 790
123 8356
123 5161
123 909
123 4916
123 6977
123 8506
123 149
123 260
123 2378
123 3698
123 1009
123 8938
123 7031
123 105
123 2884
123 8162
123 5657
123 2130
123 9276
123 395
123 2866
123 1786
123 2565
123 6600
123 6277
123 8672
123 5750
123 4306
123 3710
123 303
123 5990
123 4700
123 5544
123 8279
123 7302
123 5479
123 5835
123 8244
123 2247
123 8665
123 8284
123 4115
123 4959
123 5121
123 5659
123 9555
123 351
123 9960
123 3754
123 2137
123 6853
123 5593
123 3479
123 8197
123 2508
123 1619
123 7189
123 8816
123 6796
123 3277
123 7824
123 9922
123 2998
123 2683
123 1970
123 1970
123 8477
123 9571
123 435
123 7171
123 2689
123 753
123 2416
123 4736
123 5290
123 14
123 1875
123 7109
123 9172
123 2677
123 7201
123 2655
123 5778
123 1530
123 7754
123 2770
123 2528
123 3359
123 3398
123 3887
123 4714
123 7796
123 5589
123 7339
123 6706
123 2690
123 1148
123 2554
123 9794
123 2743
123 2280
123 1552
123 6541
123 608
123 8953
123 5203
123 3963
123 2177
123 2220
123 4226
123 391
123 283
123 9590
123 394
123 3366
123 3520
123 6022
123 5908
123 8394
123 9422
123 6659
123 1418
123 921
123 3687
123 9876
123 5654
123 6360
123 9706
123 1749
123 2136
123 5519
123 5077
123 5530
123 932
123 5278
123 4348
123 2229
123 5940
123 6846
123 9699
123 893
123 647
123 6457
123 3776
123 9670
123 7851
123 5835
123 1413
123 1269
123 1298
123 2284
123 9439
123 8886
123 9725
123 738
123 6306
123 1211
123 6249
123 2614
123 5747
123 7598
123 8598
123 8826
123 1186
123 6998
123 8136
123 6779
123 122
123 6736
123 8152
123 3715
123 200
123 9747
123 4393
123 1227
123 1188
123 1348
123 3299
123 8311
123 9586
123 9139
123 5905
123 2780
123 5076
123 2147
123 7901
123 3390
123 540
123 7775
123 8784
123 7527
123 9859
123 7681
123 5608
123 1792
123 213
123 6157
123 9271
123 5330
123 8108
123 7120
123 3824
123 8248
123 833
123 8294
123 1766
123 9962
123 7582
123 3682
123 795
123 4827
123 6950
123 7932
123 9978
123 4872
123 27
123 8668
123 5824
123 2013
123 806
123 5408
123 1203
123 4565
123 8120
123 6135
123 2612
123 5404
123 5835
123 5134
123 3726
123 1623
123 518
123 8186
123 5724
123 8033
123 8281
123 3700
123 7350
123 9333
123 5050
123 892
123 176
123 8320
123 6944
123 8602
123 7046
123 9954
123 18
123 831
123 4151
123 3646
123 1053
123 7604
123 9731
123 8600
123 3638
123 2256
123 4839
123 9552
123 6259
123 8714
123 4171
123 2757
123 1593
123 4893
123 7402
123 4562
123 8759
123 787
123 4010
123 7414
123 2717
123 2351
123 7063
123 635
123 7543
123 4763
123 3918
123 5828
123 2808
123 1173
123 4323
123 9235
123 4761
123 5515
123 8872
123 5909
123 6556
123 497
123 3298
123 3034
123 4221
123 4335
123 6556
123 2236
123 7606
123 2356
123 3185
123 3236
123 8013
123 2036
123 2892
123 3685
123 6740
123 2589
123 2854
123 2522
123 1250
123 2682
123 687
123 6701
123 8184
123 2388
123 8559
123 3632
123 4942
123 7948
123 1414
123 4177
123 4044
123 466
123 4779
123 3554
123 6993
123 2096
123 114
123 9970
123 6863
123 5848
123 8186
123 3358
123 1319
123 7582
123 3424
123 9035
123 305
123 1292
123 4731
123 3640
123 5099
123 1285
123 725
123 3189
123 7967
123 7327
123 9861
123 5595
123 4138
123 1367
123 8425
123 2495
123 304
123 6927
123 1855
123 7722
123 6373
123 4748
123 7359
123 2278
123 9697
123 798
123 8297
123 8142
123 3487
123 5216
123 3314
123 5757
123 3632
123 3303
123 5658
123 2550
123 656
123 2152
123 686
123 2310
123 6008
123 8997
123 2012
123 7791
123 4424
123 9891
123 9254
123 1359
123 6572
123 9800
123 2880
123 1054
123 8695
123 7701
123 4083
123 1882
123 8478
123 2791
123 192
123 4704
123 8855
123 386
123 8553
123 7551
123 3970
123 8620
123 4376
123 6723
123 4020
123 9519
123 506
123 7492
123 8190
123 559
123 9576
123 6788
123 7405
123 5297
123 1532
123 2673
123 1112
123 4163
123 1987
123 7974
123 4820
123 9019
123 9365
123 7913
123 7602
123 7566
123 1325
123 4069
123 1294
123 6197
123 3411
123 9524
123 5599
123 2399
123 5413
123 2533
123 5818
123 281
123 3401
123 8568
123 2426
123 5334
123 7899
123 3066
123 4216
123 7016
123 1171
123 9745
123 9222
123 249
123 9092
123 1809
123 144
123 9425
123 5561
123 5906
123 3500
123 1022
123 9932
123 1168
123 4208
123 3410
123 441
123 8187
123 9833
123 4951
123 9074
123 5264
123 1211
123 3987
123 5869
123 1776
123 8662
123 6797
123 3107
123 1007
123 5527
123 2138
123 2364
123 7291
123 3228
123 3446
123 9893
123 4795
123 4591
123 2295
123 8308
123 7802
123 4631
123 9212
123 5031
123 4837
123 528
123 440
123 477
123 1460
123 5015
123 1744
123 1447
123 9103
123 9890
123 2842
123 7689
123 9761
123 8874
123 8579
123 2109
123 8902
123 1535
123 5408
123 7585
123 1434
123 2491
123 4302
123 5868
123 8073
123 2619
123 3664
123 6528
123 1952
123 1488
123 8345
123 6421
123 7818
123 2719
123 3362
123 2634
123 8667
123 6518
123 3401
123 4401
123 7145
123 6077
123 1710
123 1922
123 1576
123 7070
123 4467
123 2594
123 8945
123 1971
123 9226
123 7590
123 9701
123 3400
123 8517
123 4276
123 1692
123 3216
123 2221
123 2421
123 3108
123 6594
123 4788
123 4680
123 6762
123 2778
123 5903
123 4309
123 540
123 6751
123 5702
123 5585
123 1391
123 8526
123 8107
123 4908
123 2677
123 9288
123 8408
123 3031
123 7241
123 6097
123 3650
123 1415
123 1027
123 9377
123 6950
123 8158
123 4604
123 9901
123 9314
123 1469
123 2433
123 4504
123 5063
123 1171
123 2224
123 2232
123 9451
123 1177
123 9216
123 5149
123 9583
123 8432
123 2747
123 521
123 2209
123 6271
123 4929
123 3598
123 4499
123 2673
123 3796
123 2706
123 6394
123 6380
123 5751
123 876
123 5616
123 6335
123 4669
123 724
123 8946
123 2435
123 7493
123 1803
123 5848
123 8035
123 8664
123 2138
123 3046
123 7199
123 8238
123 8181
123 1137
123 2154
123 1027
123 9880
123 6846
123 8914
123 6603
123 102
123 6999
123 1553
123 2527
123 120
123 2827
123 8082
123 5622
123 5379
123 5684
123 3412
123 8656
123 8267
123 7773
123 7365
123 2262
123 7108
123 3978
123 8197
123 4452
123 3087
123 3386
123 4615
123 2558
123 9347
123 1614
123 1745
123 4950
123 8949
123 7506
123 9024
123 2374
123 932
123 319
123 485
123 1253
123 6196
123 5975
123 403
123 3791
123 7403
123 3482
123 9773
123 2235
123 9644
123 5114
123 1584
123 7119
123 1067
123 6444
123 5360
123 1861
123 5199
123 4826
123 3945
123 8530
123 9179
123 7417
123 7980
123 2142
123 4607
123 2332
123 6066
123 3326
123 253
123 9030
123 1064
123 1702
123 8320
123 6522
123 5505
123 4819
123 8495
123 493
123 1584
123 9985
123 6498
123 2937
123 3699
123 8850
123 6360
123 393
123 4012
123 7072
123 8127
123 9376
123 3992
123 3918
123 5237
123 108
123 7415
123 9135
123 8264
123 2123
123 2789
123 6947
123 4258
123 7856
123 5668
123 9509
123 3410
123 2805
123 3831
123 4671
123 7231
123 3356
123 791
123 5393
123 5006
123 5872
123 5599
123 647
123 7697
123 3128
123 9419
123 171
123 1053
123 6703
123 1840
123 7889
123 2116
123 6405
123 2389
123 1367
123 5861
123 335
123 5221
123 7133
123 1176
123 1679
123 7453
123 4212
123 7914
123 819
123 4105
123 719
123 9222
123 3868
123 5123
123 848
123 5873
123 1202
123 2453
123 2109
123 1821
123 2110
123 7630
123 5152
123 2693
123 4130
123 2854
123 1020
123 1441
123 8181
123 1019
123 3183
123 7870
123 3081
123 2673
123 4185
123 1262
123 5536
123 360
123 9257
123 7813
123 4216
123 3332
123 1740
123 7107
123 8979
123 8089
123 7649
123 4338
123 8868
123 2713
123 9241
123 7504
123 4955
123 5475
123 9913
123 1292
123 6637
123 679
123 5291
123 1867
123 2467
123 7206
123 7833
123 9296
123 9128
123 7736
123 4811
123 6806
123 4623
123 9108
123 1998
123 8618
123 4303
123 6800
123 7920
123 559
123 799
123 8981
123 6000
123 170
123 1465
123 8110
123 4452
123 5552
123 9434
123 565
123 6260
123 4627
123 6858
123 7244
123 4090
123 9082
123 1449
123 632
123 7475
123 9673
123 9901
123 6283
123 2125
123 2128
123 4289
123 9200
123 3692
123 5373
123 44
123 8077
123 849
123 6279
123 6591
123 2869
123 5011
123 7671
123 4247
123 3658
123 6561
123 8799
123 3476
123 1292
123 9905
123 7
123 5085
123 2758
123 2210
123 5804
123 2469
123 6759
123 3171
123 3067
123 9481
123 7468
123 5647
123 3579
123 41
123 6918
123 9504
123 2650
123 8058
123 9012
123 3523
123 8003
123 8776
123 608
123 2698
123 5670
123 5122
123 7652
123 791
123 2112
123 5165
123 6830
123 465
123 4271
123 9267
123 5710
123 5851
123 1784
123 8026
123 6832
123 4891
123 8075
123 4605
123 3727
123 1304
123 9542
123 7541
123 9327
123 8506
123 4556
123 2621
123 9736
123 345
123 6495
123 4931
123 8832
123 5983
123 7533
123 4656
123 1667
123 8771
123 2391
123 2744
123 7133
123 1465
123 3790
123 5008
123 2871
123 2620
123 3801
123 5775
123 7874
123 1512
123 7827
123 4666
123 775
123 1429
123 431
123 2609
123 4272
123 3674
123 4727
123 5667
123 8660
123 7126
123 9553
123 7789
123 9957
123 696
123 1152
123 6070
123 561
123 8538
123 8564
123 4608
123 2939
123 335
123 4466
123 5567
123 9294
123 1528
123 5669
123 8527
123 2693
123 814
123 9982
123 1715
123 7612
123 4760
123 8691
123 1220
123 379
123 1893
123 6330
123 6783
123 2479
123 1080
123 2004
123 5240
123 2180
123 1572
123 8953
123 5241
123 2472
123 4533
123 1592
123 9311
123 5763
123 8412
123 1733
123 1863
123 8313
123 2996
123 8230
123 4250
123 9876
123 9486
123 6732
123 455
123 6515
123 6443
123 8797
123 9506
123 7058
123 3951
123 2064
123 3214
123 6165
123 830
123 5707
123 329
123 9478
123 2251
123 7894
123 704
123 8820
123 7604
123 4466
123 5564
123 7905
123 938
123 555
123 2468
123 1543
123 8847
123 9360
123 6068
123 3793
123 3122
123 4798
123 8251
123 3046
123 8030
123 7259
123 3754
123 4496
123 4546
123 4160
123 9862
123 2974
123 6403
123 9553
123 1258
123 1612
123 5283
123 9462
123 3649
123 4306
123 5007
123 2211
123 2232
123 2445
123 7064
123 5428
123 3611
123 8879
123 2313
123 3964
123 2261
123 4592
123 6224
123 5435
123 5120
123 6045
123 7477
123 2613
123 410
123 3665
123 2278
123 4380
123 9283
123 4445
123 9233
123 9463
123 1386
123 4123
123 2119
123 9677
123 7923
123 6912
123 403
123 1881
123 8337
123 3243
123 9844
123 380
123 9177
123 8500
123 8031
123 3981
123 6265
123 8207
123 2198
123 4427
123 3736
123 7636
123 9150
123 5431
123 6072
123 6316
123 9658
123 4015
123 1693
123 394
123 2162
123 8390
123 9226
123 8332
123 3122
123 9088
123 27
123 7901
123 3858
123 2560
123 3057
123 4942
123 6239
123 8967
123 709
123 6864
123 2045
123 8377
123 6672
123 6348
123 3358
123 2091
123 9431
123 3222
123 3818
123 8314
123 7497
123 4981
123 3099
123 3890
123 4959
123 8920
123 9437
123 6318
123 8450
123 1342
123 7556
123 2778
123 9121
123 1818
123 1846
123 5367
123 5728
123 2966
123 7119
123 4281
123 7405
123 8712
123 1806
123 3154
123 7231
123 6511
123 922
123 3274
123 191
123 1489
123 8658
123 5895
123 1599
123 2977
123 2923
123 4360
123 4610
123 6406
123 6709
123 263
123 7884
123 6039
123 3595
123 361
123 7021
123 6489
123 7246
123 3449
123 5841
123 3519
123 7256
123 8941
123 6118
123 7064
123 6168
123 1342
123 6848
123 1970
123 5018
123 7354
123 6660
123 4404
123 7252
123 4836
123 5447
123 4396
123 3357
123 5311
123 3826
123 7512
123 1039
123 4272
123 1511
123 1087
123 8317
123 5979
123 8197
123 3022
123 9345
123 1987
123 3042
123 3587
123 5332
123 5101
123 1359
123 3222
123 5395
123 3003
123 9583
123 1782
123 4676
123 8242
123 2137
123 7213
123 9591
123 3834
123 6265
123 4118
123 2534
123 6162
123 3446
123 5182
123 893
123 9421
123 8471
123 935
123 7708
123 8309
123 9777
123 5804
123 3834
123 8189
123 7136
123 938
123 3933
123 4443
123 5295
123 6772
123 1155
123 5230
123 4655
123 785
123 7835
123 4379
123 2578
123 8447
123 2068
123 3615
123 1436
123 7798
123 2495
123 5861
123 1966
123 640
123 6141
123 3821
123 3060
123 5809
123 6658
123 558
123 1545
123 2505
123 2812
123 1299
123 8081
123 4121
123 9553
123 8182
123 7749
123 5577
123 6523
123 2150
123 6436
123 9597
123 1339
123 8737
123 6596
123 9916
123 7486
123 6935
123 8497
123 1878
123 9185
123 2889
123 5537
123 3391
123 8062
123 2612
123 4729
123 1721
123 8966
123 463
123 5942
123 4076
123 4784
123 2590
123 5994
123 2465
123 2589
123 7063
123 6201
123 5783
123 5981
123 4917
123 4458
123 4618
123 939
123 8819
123 5458
123 6711
123 5051
123 8585
123 5142
123 3576
123 2457
123 5256
123 7965
123 1223
123 9341
123 7965
123 8087
123 460
123 7336
123 294
123 8063
123 4750
123 4660
123 5366
123 1146
123 6081
123 7348
123 1365
123 5785
123 1820
123 5416
123 1719
123 3405
123 8030
123 1293
123 6661
123 3089
123 7205
123 380
123 5383
123 9222
123 895
123 6069
123 506
123 715
123 203
123 4068
123 9083
123 2898
123 9598
123 3377
123 6851
123 5662
123 2040
123 3757
123 4963
123 3968
123 5861
123 2042
123 895
123 9293
123 6394
123 2121
123 7774
123 3122
123 7796
123 5962
123 8829
123 6070
123 3051
123 5490
123 6182
123 8743
123 2618
123 7686
123 5713
123 2907
123 4681
123 7739
123 2200
123 4082
123 2489
123 7605
123 1467
123 9147
123 6740
123 9800
123 8747
123 5042
123 3480
123 8787
123 4992
123 7174
123 496
123 4797
123 5333
123 8605
123 7659
123 7418
123 6420
123 3638
123 9186
123 8810
123 1864
123 1869
123 8309
123 8879
123 7482
123 1315
123 7288
123 7259
123 582
123 1716
123 8268
123 9444
123 3
123 1584
123 2926
123 6917
123 6118
123 5111
123 1392
123 3610
123 2528
123 7531
123 3398
123 3550
123 3675
123 12
123 7144
123 7035
123 5063
123 7687
123 3826
123 5171
123 5343
123 6917
123 8313
123 5125
123 1949
123 374
123 8935
123 935
123 4526
123 1035
123 1850
123 7223
123 2855
123 8693
123 7956
123 5645
123 8503
123 5071
123 2832
123 6438
123 1905
123 6126
123 2652
123 9892
123 9114
123 2652
123 1559
123 5096
123 4918
123 2765
123 8468
123 5813
123 1563
123 2365
123 3757
123 5808
123 4782
123 2171
123 8816
123 8484
123 1358
123 2426
123 3931
123 8175
123 4949
123 8854
123 2468
123 2926
123 9365
123 5976
123 1820
123 1111
123 1057
123 6374
123 4091
123 6741
123 4993
123 6994
123 1990
123 788
123 676
123 6079
123 7892
123 8382
123 7502
123 6842
123 6550
123 4218
123 1180
123 6452
123 4405
123 1028
123 5440
123 1437
123 991
123 8444
123 5739
123 3099
123 382
123 2107
123 4195
123 9035
123 3152
123 5370
123 7447
123 9350
123 1830
123 8424
123 1686
123 8660
123 5306
123 2207
123 1560
123 7490
123 159
123 6927
123 2166
123 9138
123 9380
123 7551
123 5873
123 617
123 1457
123 1095
123 8159
123 8767
123 5289
123 3076
123 9216
123 5119
123 8898
123 2944
123 516
123 5615
123 2409
123 864
123 8071
123 3781
123 8267
123 671
123 6600
123 8432
123 4158
123 6353
123 1322
123 9518
123 6608
123 1909
123 6595
123 8195
123 5717
123 6908
123 3123
123 9724
123 4010
123 2618
123 7939
123 277
123 4866
123 6025
123 3898
123 1260
123 8500
123 1598
123 7883
123 7238
123 5952
123 3150
123 9457
123 6055
123 4078
123 619
123 4172
123 2246
123 6977
123 9133
123 8248
123 7336
123 1864
123 189
123 3859
123 3115
123 9814
123 7299
123 6723
123 6487
123 4381
123 940
123 233
123 6980
123 3543
123 151
123 2835
123 525
123 2949
123 635
123 7881
123 5582
123 924
123 1688
123 7664
123 211
123 8221
123 6812
123 5871
123 1193
123 7976
123 5360
123 5155
123 8775
123 3831
123 5039
123 9058
123 3154
123 6703
123 7639
123 9996
123 1274
123 3170
123 2805
123 7524
123 5046
123 925
123 7221
123 3610
123 4573
123 9291
123 9030
123 4127
123 2482
123 5247
123 9846
123 8280
123 7949
123 7938
123 9200
123 195
123 1523
123 7149
123 8753
123 9389
123 4323
123 3693
123 6135
123 9326
123 7725
123 2199
123 748
123 5797
123 2114
123 9257
123 6368
123 9327
123 5804
123 2395
123 7907
123 8336
123 7719
123 7852
123 2161
123 2270
123 9929
123 7627
123 4900
123 6426
123 8623
123 8749
123 9140
123 2677
123 4641
123 270
123 1939
123 2829
123 7123
123 5917
123 9560
123 3826
123 6397
123 2897
123 3353
123 6514
123 4687
123 9805
123 1188
123 2190
123 5735
123 9119
123 1788
123 3656
123 6935
123 2240
123 1814
123 9989
123 69
123 7550
123 8029
123 6755
123 9243
123 4457
123 9394
123 5878
123 7108
123 8896
123 6449
123 1885
123 2974
123 8252
123 7803
123 3754
123 8895
123 6174
123 6089
123 4064
123 2333
123 256
123 8230
123 9690
123 6479
123 8044
123 7350
123 746
123 1848
123 9341
123 6183
123 6994
123 5208
123 5282
123 4319
123 3450
123 4476
123 7145
123 4130
123 9392
123 641
123 365
123 2722
123 7499
123 332
123 1725
123 9759
123 2335
123 5101
123 187
123 3495
123 9895
123 6046
123 4335
123 9866
123 2437
123 4833
123 1899
123 1983
123 5314
123 4742
123 9327
123 9865
123 5028
123 7803
123 1874
123 2764
123 226
123 6644
123 7179
123 8924
123 9844
123 2115
123 7796
123 103
123 5142
123 309
123 648
123 730
123 4828
123 5053
123 3877
123 4017
123 4989
123 4477
123 4048
123 9875
123 8070
123 2747
123 9193
123 1985
123 7596
123 557
123 5648
123 3864
123 7864
123 472
123 9154
123 6264
123 327
123 5728
123 3204
123 756
123 889
123 3560
123 88
123 6841
123 4819
123 6674
123 2612
123 2424
123 8520
123 8944
123 6962
123 8
123 9856
123 3935
123 9680
123 3440
123 1262
123 7331
123 4217
123 2561
123 2363
123 6890
123 5035
123 5592
123 1306
123 5987
123 9733
123 1622
123 6533
123 9362
123 2149
123 8014
123 3215
123 2161
123 1924
123 93
123 1064
123 5851
123 8490
123 2953
123 2733
123 7126
123 9946
123 7725
123 4539
123 8381
123 9802
123 7153
123 3715
123 848
123 7043
123 7819
123 8915
123 3993
123 7504
123 8866
123 3190
123 7275
123 7005
123 9552
123 1150
123 2839
123 9222
123 493
123 4541
123 261
123 3766
123 5924
123 2944
123 6920
123 2436
123 6840
123 8817
123 105
123 4111
123 7334
123 8612
123 9438
123 1261
123 9009
123 4164
123 719
123 3523
123 777
123 1084
123 4776
123 6348
123 3909
123 3383
123 7422
123 5142
123 4671
123 6019
123 9106
123 7912
123 9390
123 9616
123 5359
123 1857
123 9303
123 4055
123 1620
123 1884
123 5009
123 155
123 8543
123 1522
123 2906
123 1181
123 6379
123 9188
123 8413
123 8373
123 9520
123 5294
123 3357
123 7232
123 4803
123 8143
123 7351
123 3782
123 9669
123 9100
123 5502
123 2509
123 8768
123 9992
123 7314
123 221
123 111
123 8223
123 4104
123 2527
123 4343
123 7553
123 4795
123 2161
123 3260
123 5023
123 2418
123 882
123 6139
123 6996
123 6173
123 9140
123 4986
123 9770
123 6388
123 255
123 2296
123 2747
123 2228
123 8318
123 7412
123 4613
123 4478
123 1525
123 85
123 5513
123 8277
123 5169
123 2326
123 671
123 3111
123 1019
123 2138
123 3439
123 9936
123 2280
123 5231
123 8241
123 7753
123 5883
123 3305
123 6377
123 4504
123 6292
123 6
123 148
123 9606
123 7577
123 8133
123 3297
123 7981
123 2952
123 4206
123 8201
123 7933
123 3498
123 8974
123 2810
123 7696
123 303
123 4974
123 2787
123 8012
123 6723
123 4712
123 6821
123 576
123 9989
123 5587
123 5585
123 4702
123 3882
123 122
123 7306
123 7030
123 6688
123 2625
123 5407
123 1650
123 1156
123 5848
123 6214
123 460
123 5674
123 3759
123 7161
123 6112
123 8393
123 9008
123 8497
123 2398
123 8497
123 6177
123 3941
123 9400
123 1360
123 4427
123 8260
123 3269
123 6794
123 5617
123 2244
123 2960
123 2110
123 6492
123 8038
123 8778
123 4219
123 6044
123 307
123 70
123 7479
123 1630
123 1198
123 1918
123 6509
123 9939
123 9573
123 3163
123 5707
123 1416
123 7471
123 613
123 9658
123 9215
123 9283
123 6777
123 1186
123 6301
123 1598
123 971
123 6234
123 6765
123 4188
123 6130
123 7328
123 9972
123 5110
123 6182
123 9807
123 8624
123 5387
123 1319
123 7565
123 4326
123 1233
123 1018
123 7511
123 6767
123 4299
123 7142
123 4466
123 5083
123 2909
123 1978
123 724
123 2526
123 9745
123 8550
123 6984
123 8008
123 3957
123 3047
123 3881
123 630
123 8168
123 1721
123 5830
123 5775
123 3341
123 7082
123 1404
123 3876
123 6971
123 756
123 6966
123 5440
123 2580
123 2825
123 2765
123 8422
123 980
123 10
123 3228
123 6552
123 6270
123 7538
123 5661
123 9701
123 2039
123 2032
123 4070
123 9880
123 5741
123 5267
123 7334
123 8970
123 1718
123 1146
123 3438
123 6771
123 5829
123 727
123 3995
123 473
123 7160
123 2650
123 5763
123 9129
123 4785
123 8814
123 8388
123 9238
123 40
123 7635
123 84
123 20
123 7294
123 9742
123 5471
123 9489
123 8658
123 3442
123 2293
123 4903
123 635
123 9807
123 6227
123 3697
123 3152
123 9728
123 5509
123 3487
123 3956
123 7767
123 9594
123 2242
123 3841
123 171
123 8569
123 2210
123 673
123 6863
123 2529
123 3706
123 2685
123 9792
123 2653
123 7342
123 4002
123 2447
123 8184
123 5796
123 7879
123 7906
123 6031
123 8721
123 5607
123 5250
123 2223
123 6881
123 1566
123 6692
123 6928
123 4105
123 7383
123 264
123 7249
123 8164
123 678
123 5398
123 4528
123 4152
123 6352
123 1259
123 5367
123 6474
123 899
123 161
123 8089
123 8028
123 2696
123 915
123 8863
123 7682
123 3757
123 9456
123 4193
123 9633
123 904
123 6585
123 9018
123 746
123 6836
123 5174
123 2114
123 4463
123 4053
123 1683
123 3038
123 2381
123 7119
123 9318
123 7316
123 7085
123 1211
123 2695
123 9112
123 2345
123 7451
123 6328
123 3075
123 9244
123 7961
123 1815
123 9601
123 9365
123 6130
123 1031
123 221
123 8595
123 54
123 5207
123 2338
123 7675
123 9619
123 2213
123 5015
123 8057
123 191
123 6895
123 68
123 4186
123 8391
123 1821
123 5140
123 5792
123 7919
123 8267
123 8008
123 6279
123 5889
123 9787
123 3825
123 5815
123 2661
123 3221
123 9522
123 219
123 617
123 4474
123 2088
123 9220
123 9869
123 8919
123 9939
123 205
123 1356
123 8754
123 9112
123 6037
123 302
123 2178
123 8482
123 8034
123 5506
123 1706
123 738
123 7714
123 2426
123 1482
123 8326
123 3391
123 543
123 5937
123 6084
123 219
123 7942
123 4615
123 4783
123 4774
123 8618
123 537
123 2296
123 7775
123 440
123 1927
123 1613
123 1031
123 4267
123 9651
123 7416
123 7211
123 7174
123 5218
123 5450
123 3530
123 5252
123 6674
123 1378
123 2946
123 3966
123 2250
123 8371
123 8954
123 6524
123 4082
123 5131
123 2591
123 3233
123 6885
123 8572
123 2716
123 7315
123 8877
123 7882
123 3185
123 5139
123 4846
123 9177
123 3002
123 1354
123 3661
123 2470
123 8042
123 1873
123 5103
123 5176
123 5441
123 202
123 3338
123 8863
123 4241
123 5051
123 6887
123 8480
123 8397
123 9724
123 7436
123 5773
123 724
123 6241
123 2323
123 1106
123 8887
123 9670
123 8056
123 410
123 7030
123 621
123 4695
123 6484
123 9125
123 6398
123 3450
123 6348
123 2651
123 3751
123 2332
123 8893
123 3686
123 8710
123 7213
123 9522
123 7009
123 1476
123 8118
123 1018
123 7304
123 6817
123 3115
123 2350
123 65
123 2958
123 4631
123 9635
123 3288
123 4427
123 5545
123 5979
123 3549
123 6821
123 4903
123 9416
123 2563
123 3966
123 5588
123 655
123 2813
123 436
123 8807
123 4867
123 3342
123 4910
123 2722
123 4220
123 9314
123 2317
123 5072
123 385
123 1416
123 5257
123 2144
123 8733
123 3719
123 7653
123 8913
123 8440
123 1071
123 6111
123 7719
123 5217
123 9634
123 6956
123 5300
123 5887
123 6636
123 9401
123 553
123 6527
123 7961
123 7842
123 7838
123 8394
123 4643
123 8718
123 3193
123 8350
123 1878
123 9932
123 3285
123 3009
123 6630
123 3282
123 9453
123 8324
123 2445
123 2880
123 1684
123 8834
123 2550
123 5029
123 9859
123 3284
123 4834
123 7523
123 2127
123 5842
123 4818
123 8831
123 2728
123 4633
123 5183
123 161
123 4140
123 1803
123 2979
123 5831
123 863
123 1839
123 8079
123 9958
123 4699
123 7351
123 9000
123 9907
123 3879
123 4057
123 4662
123 9472
123 861
123 9160
123 3190
123 7269
123 6155
123 9871
123 1356
123 8301
123 8028
123 1257
123 741
123 9164
123 403
123 5170
123 9225
123 9867
123 3835
123 4453
123 8893
123 7726
123 6871
123 9143
123 3950
123 1316
123 7663
123 3904
123 4736
123 4932
123 8165
123 8395
123 6441
123 6544
123 5768
123 4793
123 3617
123 4698
123 9701
123 9201
123 4062
123 2351
123 2055
123 6140
123 8193
123 8089
123 5775
123 7871
123 2487
123 7717
123 4452
123 2733
123 8090
123 1664
123 1266
123 9249
123 8182
123 6206
123 6930
123 5190
123 203
123 8937
123 8960
123 3335
123 1513
123 1493
123 7139
123 8139
123 9610
123 4968
123 2497
123 26
123 470
123 6014
123 9666
123 6530
123 1118
123 4077
123 4945
123 1995
123 5027
123 2746
123 4923
123 66
123 1426
123 686
123 3002
123 5678
123 2122
123 110
123 3663
123 5764
123 1923
123 3283
123 6820
123 404
123 1262
123 9995
123 7109
123 8635
123 2106
123 1509
123 5450
123 5634
123 754
123 8913
123 2724
123 497
123 3616
123 6378
123 7922
123 6336
123 4558
123 2274
123 5591
123 6905
123 4916
123 3613
123 9939
123 6480
123 9771
123 1793
123 5427
123 2211
123 6576
123 111
123 6205
123 660
123 4731
123 6011
123 9223
123 2749
123 7196
123 3535
123 8374
123 3838
123 7745
123 3952
123 9501
123 8141
123 9944
123 5027
123 8620
123 9217
123 6451
123 1900
123 8201
123 732
123 9731
123 5048
123 8843
123 4236
123 7789
123 3298
123 6198
123 3149
123 996
123 2346
123 5485
123 4693
123 8616
123 1779
123 8431
123 3982
123 6130
123 6039
123 9988
123 6987
123 6931
123 7317
123 4672
123 1597
123 4516
123 837
123 4862
123 8494
123 3731
123 5503
123 5908
123 6065
123 2198
123 5377
123 5386
123 6060
123 5491
123 9951
123 6353
123 9225
123 2173
123 3692
123 6933
123 2624
123 7274
123 7821
123 1088
123 2864
123 5312
123 9796
123 7918
123 1960
123 6455
123 8473
123 9320
123 5027
123 1899
123 5403
123 8374
123 1554
123 7080
123 5247
123 3269
123 4450
123 3799
123 765
123 4148
123 3596
123 4849
123 360
123 2679
123 3120
123 7256
123 8636
123 6729
123 4104
123 2713
123 2939
123 4958
123 6958
123 6305
123 1364
123 8696
123 166
123 7116
123 170
123 935
123 4626
123 6819
123 1104
123 4789
123 5313
123 4839
123 1574
123 6252
123 4464
123 1175
123 3159
123 8614
123 3020
123 489
123 6414
123 8369
123 9544
123 3547
123 2444
123 4961
123 8318
123 4602
123 4218
123 9209
123 857
123 5825
123 3078
123 7760
123 7546
123 2369
123 8435
123 3412
123 8622
123 4158
123 1095
123 3648
123 6222
123 3000
123 3208
123 2227
123 1716
123 6120
123 287
123 1174
123 5038
123 9697
123 3281
123 3020
123 5238
123 8506
123 1166
123 5621
123 3979
123 262
123 7022
123 4415
123 6186
123 5747
123 3059
123 9454
123 4573
123 8328
123 2579
123 7051
123 7270
123 8954
123 9317
123 8396
123 260
123 5216
123 7155
123 9972
123 8848
123 5588
123 5658
123 3128
123 4888
123 2412
123 9413
123 2638
123 8976
123 9750
123 1631
123 6608
123 9334
123 4673
123 4997
123 2559
123 1600
123 3100
123 5207
123 7030
123 6251
123 3761
123 5194
123 8562
123 2862
123 6401
123 491
123 6387
123 2939
123 2794
123 8703
123 9673
123 5530
123 1685
123 8565
123 4677
123 2339
123 1230
123 6541
123 9632
123 1562
123 5049
123 1451
123 9729
123 2159
123 471
123 71
123 7027
123 2788
123 70
123 9202
123 2644
123 2114
123 91
123 2152
123 1057
123 9715
123 1848
123 117
123 8877
123 9301
123 4697
123 1418
123 2920
123 8465
123 1677
123 4077
123 4934
123 1693
123 1405
123 9680
123 2821
123 5833
123 2334
123 9017
123 693
123 9764
123 7947
123 2453
123 2613
123 2467
123 4001
123 508
123 7359
123 6229
123 1400
123 2608
123 4058
123 4182
123 804
123 4479
123 1033
123 3920
123 7546
123 7151
123 2709
123 1389
123 7984
123 3050
123 1913
123 1781
123 846
123 7124
123 7427
123 6655
123 9688
123 3503
123 9120
123 8987
123 5049
123 632
123 5518
123 388
123 7390
123 369
123 1146
123 7193
123 4426
123 8997
123 3490
123 4645
123 8930
123 641
123 1925
123 902
123 5616
123 6032
123 3443
123 5065
123 8182
123 2117
123 2538
123 5966
123 116
123 449
123 5081
123 926
123 5353
123 4864
123 8534
123 6200
123 7382
123 1381
123 3347
123 3331
123 7894
123 5809
123 2879
123 8134
123 8560
123 7035
123 1686
123 1519
123 2045
123 6448
123 4530
123 3883
123 840
123 6474
123 932
123 7290
123 5006
123 3694
123 2637
123 2141
123 2439
123 4512
123 3818
123 7575
123 7726
123 3837
123 6365
123 7304
123 8207
123 9750
123 5113
123 5109
123 8323
123 9635
123 340
123 6713
123 5853
123 5720
123 7386
123 7247
123 6126
123 527
123 5733
123 6031
123 2806
123 5168
123 2392
123 2894
123 6344
123 5978
123 6946
123 2734
123 3691
123 7452
123 8080
123 7564
123 5360
123 1938
123 3949
123 7733
123 8438
123 9075
123 1234
123 6565
123 6644
123 434
123 219
123 5121
123 1010
123 7332
123 5735
123 6307
123 7303
123 2287
123 6322
123 45
123 8759
123 7089
123 6444
123 3734
123 5243
123 2948
123 9106
123 4700
123 2407
123 688
123 8715
123 3884
123 6965
123 1466
123 6530
123 2452
123 6651
123 970
123 3536
123 5574
123 5982
123 2576
123 8109
123 80
123 1394
123 7430
123 8284
123 5206
123 1864
123 1916
123 994
123 8155
123 3601
123 5494
123 3116
123 8701
123 9903
123 4362
123 1664
123 9528
123 9777
123 8921
123 2980
123 1559
123 1406
123 5501
123 3256
123 5956
123 9074
123 5331
123 5250
123 7042
123 4617
123 6211
123 8512
123 2844
123 7023
123 4856
123 2991
123 2482
123 6254
123 384
123 8351
123 2123
123 9889
123 1918
123 3843
123 3716
123 3684
123 5763
123 6075
123 3237
123 9646
123 133
123 4533
123 7642
123 7707
123 7903
123 7184
123 2272
123 9592
123 336
123 1013
123 2906
123 5984
123 7270
123 4833
123 9198
123 572
123 1733
123 4220
123 8707
123 7073
123 9444
123 902
123 3240
123 7836
123 6181
123 1465
123 1733
123 5099
123 8471
123 2698
123 6377
123 8519
123 5588
123 3442
123 1221
123 5046
123 3317
123 5275
123 4960
123 9748
123 2443
123 6868
123 2135
123 8677
123 7465
123 9387
123 9458
123 7371
123 3465
123 2741
123 6481
123 1078
123 1629
123 5062
123 2332
123 5312
123 6381
123 229
123 2736
123 7819
123 9590
123 800
123 4031
123 5553
123 9831
123 6182
123 3410
123 2757
123 7164
123 8396
123 7107
123 8739
123 6393
123 267
123 728
123 6444
123 4291
123 3392
123 8471
123 5407
123 8737
123 5731
123 436
123 5180
123 252
123 1151
123 9754
123 7844
123 8899
123 5788
123 3740
123 672
123 2004
123 8553
123 5810
123 2564
123 687
123 5631
123 7360
123 331
123 5649
123 1322
123 1336
123 3419
123 5207
123 64
123 1717
123 8191
123 1023
123 6976
123 5616
123 5324
123 9516
123 6773
123 7237
123 6450
123 9409
123 3397
123 5391
123 8613
123 8396
123 5202
123 8791
123 7639
123 4380
123 3037
123 5860
123 4024
123 9263
123 1075
123 8249
123 7415
123 5760
123 2734
123 9799
123 8300
123 187
123 6523
123 5163
123 7978
123 6717
123 9168
123 4802
123 421
123 1049
123 5855
123 5579
123 2113
123 3977
123 9934
123 8662
123 8459
123 7817
123 6936
123 8968
123 7862
123 1164
123 235
123 2857
123 7060
123 9949
123 8206
123 3288
123 3814
123 5262
123 5217
123 4178
123 5547
123 917
123 1312
123 8160
123 5022
123 6211
123 7909
123 4472
123 6654
123 1866
123 9373
123 6188
123 9550
123 9614
123 2800
123 8515
123 5876
123 8385
123 862
123 2380
123 5635
123 2585
123 5041
123 6
123 1456
123 413
123 9123
123 1718
123 9486
123 2706
123 5266
123 5688
123 4984
123 5262
123 7506
123 4834
123 3699
123 123
123 42
123 7598
123 2635
123 3778
123 128
123 1821
123 6299
123 2759
123 7943
123 3432
123 7015
123 9607
123 8257
123 4167
123 410
123 4651
123 1251
123 5046
123 9652
123 1606
123 2331
123 4814
123 4548
123 7420
123 3279
123 5076
123 4091
123 9369
123 9587
123 6339
123 3537
123 4855
123 1317
123 1682
123 9632
123 1874
123 7328
123 7267
123 54
123 632
123 5214
123 1422
123 5685
123 9268
123 1807
123 6500
123 6796
123 9155
123 1569
123 246
123 6744
123 7762
123 2740
123 5879
123 9272
123 9515
123 3561
123 2618
123 8001
123 7664
123 3441
123 864
123 9224
123 2586
123 6393
123 8761
123 1571
123 4529
123 6587
123 9347
123 8666
123 1236
123 8373
123 30
123 3347
123 3436
123 5602
123 8583
123 4556
123 3668
123 7606
123 2407
123 486
123 6392
123 1667
123 249
123 4086
123 9885
123 4324
123 8122
123 9508
123 2856
123 6363
123 3626
123 601
123 1281
123 8832
123 5399
123 5031
123 3396
123 9926
123 6912
123 141
123 3352
123 5083
123 6329
123 9123
123 6463
123 5138
123 6650
123 8612
123 1542
123 9877
123 2861
123 1287
123 8293
123 6836
123 5291
123 9575
123 202
123 7687
123 929
123 9060
123 5937
123 7052
123 6876
123 2667
123 4682
123 1104
123 2696
123 9250
123 3411
123 5771
123 844
123 2642
123 6546
123 6916
123 6924
123 9789
123 977
123 7319
123 3966
123 9040
123 1914
123 7806
123 7470
123 2210
123 7539
123 2377
123 404
123 6481
123 2922
123 9672
123 9909
123 4760
123 6175
123 5615
123 9895
123 5578
123 2315
123 4584
123 6279
123 6121
123 2791
123 8954
123 4057
123 4488
123 1163
123 9350
123 7951
123 9776
123 7891
123 454
123 828
123 1074
123 9698
123 9721
123 6628
123 8979
123 1488
123 8825
123 7017
123 5699
123 1280
123 212
123 3464
123 2368
123 1125
123 3564
123 8994
123 4645
123 9486
123 9554
123 6307
123 194
123 3032
123 715
123 1497
123 4155
123 8329
123 1767
123 5079
123 1173
123 6398
123 4259
123 4563
123 5103
123 5591
123 2856
123 5263
123 9970
123 778
123 3123
123 8589
123 8284
123 9293
123 3142
123 9527
123 5303
123 6620
123 3818
123 7517
123 335
123 7284
123 5204
123 7474
123 8675
123 8914
123 8699
123 139
123 274
123 9953
123 7458
123 3507
123 3726
123 3972
123 9855
123 9531
123 6672
123 6072
123 3355
123 2829
123 6218
123 9330
123 8618
123 615
123 5446
123 1761
123 6205
123 5564
123 4637
123 6775
123 701
123 5840
123 8272
123 2576
123 9626
123 9000
123 1425
123 8498
123 6957
123 8991
123 1632
123 8723
123 3618
123 7964
123 4835
123 6369
123 9771
123 7122
123 6484
123 3401
123 6264
123 3316
123 1412
123 4343
123 5067
123 616
123 8550
123 4264
123 1051
123 8569
123 9098
123 3986
123 9945
123 1367
123 9235
123 8013
123 9822
123 4639
123 963
123 3124
123 5948
123 9092
123 7175
123 8110
123 1350
123 2712
123 9558
123 7626
123 7941
123 5757
123 397
123 5617
123 5536
123 5242
123 1900
123 6301
123 8628
123 8147
123 9118
123 3162
123 3234
123 5071
123 5073
123 8931
123 8688
123 8537
123 9163
123 2027
123 1699
123 2677
123 2463
123 7416
123 2535
123 3511
123 6002
123 2366
123 5663
123 1544
123 608
123 60
123 9705
123 891
123 9424
123 6544
123 4033
123 1658
123 6683
123 8967
123 1870
123 4793
123 8830
123 5597
123 2217
123 1127
123 6603
123 568
123 5473
123 8818
123 9146
123 8830
123 70
123 5929
123 3756
123 9278
123 9988
123 7352
123 7369
123 6524
123 5471
123 7784
123 8355
123 4272
123 1810
123 5006
123 9738
123 5784
123 3521
123 146
123 7421
123 9384
123 3766
123 4173
123 9520
123 9494
123 1368
123 2327
123 5387
123 6137
123 249
123 709
123 5434
123 8415
123 8655
123 1744
123 5330
123 9896
123 7984
123 7745
123 691
123 6398
123 3595
123 4287
123 826
123 9142
123 2410
123 7618
123 2664
123 8721
123 4672
123 2818
123 8429
123 7880
123 9696
123 1933
123 3178
123 3556
123 7960
123 3792
123 778
123 1160
123 4374
123 9741
123 9431
123 6559
123 79
123 1998
123 328
123 3734
123 2606
123 3854
123 5535
123 8584
123 6763
123 3439
123 3703
123 1832
123 1063
123 5274
123 4685
123 6523
123 7064
123 6320
123 6678
123 8061
123 1445
123 5753
123 1952
123 7271
123 3174
123 174
123 9787
123 9439
123 610
123 8478
123 7699
123 4817
123 5874
123 3104
123 4548
123 8543
123 6343
123 6876
123 1628
123 457
123 5608
123 7159
123 324
123 7784
123 8736
123 1552
123 7442
123 6135
123 9184
123 1827
123 1797
123 6816
123 7206
123 5345
123 8146
123 905
123 2097
123 5656
123 7081
123 3058
123 3125
123 6511
123 1956
123 528
123 6478
123 6001
123 6448
123 5349
123 8090
123 35
123 8850
123 177
123 4670
123 6895
123 1684
123 724
123 7800
123 7060
123 7730
123 286
123 8422
123 5045
123 6068
123 4315
123 1576
123 2449
123 4219
123 5508
123 3722
123 3953
123 4983
123 2382
123 7495
123 467
123 9075
123 6809
123 1237
123 6162
123 7139
123 8465
123 3148
123 8590
123 7240
123 6682
123 2394
123 3627
123 6434
123 2656
123 2033
123 9440
123 7501
123 7485
123 1077
123 6212
123 4433
123 4008
123 5562
123 840
123 2787
123 2908
123 947
123 8311
123 3472
123 6057
123 700
123 4001
123 1087
123 2562
123 8401
123 3591
123 389
123 5481
123 3226
123 9830
123 6991
123 9693
123 1134
123 7867
123 882
123 3868
123 6619
123 3362
123 3862
123 2024
123 2351
123 99
123 4487
123 2627
123 6573
123 6321
123 6622
123 5717
123 579
123 1506
123 183
123 1011
123 1128
123 7800
123 5177
123 2467
123 5126
123 2822
123 2623
123 7270
123 6436
123 3074
123 8455
123 9711
123 7148
123 9658
123 8992
123 2928
123 8149
123 530
123 9079
123 3973
123 6355
123 6004
123 6484
123 187
123 8426
123 6728
123 8653
123 7328
123 3329
123 5848
123 408
123 2452
123 8572
123 9583
123 3688
123 6987
123 7476
123 2922
123 2922
123 7986
123 7301
123 9674
123 2137
123 8020
123 601
123 8573
123 2383
123 6685
123 4621
123 9678
123 571
123 9188
123 6106
123 7761
123 3331
123 9981
123 1346
123 1929
123 1965
123 1913
123 3814
123 3176
123 7096
123 3870
123 4233
123 4099
123 4118
123 2367
123 420
123 7489
123 3022
123 5065
123 6746
123 3012
123 8701
123 6683
123 5563
123 3719
123 331
123 269
123 5436
123 6571
123 917
123 9301
123 3525
123 3732
123 596
123 8586
123 1961
123 3821
123 9798
123 4428
123 560
123 4860
123 850
123 7037
123 718
123 3131
123 9124
123 630
123 7835
123 4650
123 7318
123 9222
123 2103
123 8503
123 8965
123 8547
123 12
123 3730
123 9769
123 7094
123 1405
123 4006
123 7848
123 1729
123 9443
123 6811
123 6498
123 5858
123 3308
123 6334
123 5550
123 609
123 5995
123 1804
123 9931
123 2005
123 2037
123 5489
123 6516
123 9585
123 2501
123 7066
123 2858
123 4457
123 7113
123 3591
123 3906
123 7237
123 5831
123 6776
123 5285
123 8851
123 4742
123 1810
123 4255
123 9669
123 3593
123 4424
123 1915
123 4937
123 4829
123 5428
123 2774
123 6973
123 6458
123 4439
123 256
123 7107
123 3610
123 7017
123 9262
123 2817
123 6108
123 1928
123 9349
123 8048
123 1919
123 7752
123 4653
123 7162
123 8811
123 554
123 9125
123 5515
123 9070
123 6844
123 8183
123 2100
123 4618
123 8528
123 382
123 2242
123 2372
123 9096
123 5180
123 819
123 2191
123 2731
123 5398
123 8960
123 2263
123 590
123 5485
123 9697
123 9250
123 959
123 9153
123 554
123 3074
123 2495
123 2496
123 3511
123 8647
123 2296
123 1188
123 5342
123 9417
123 2996
123 2834
123 3779
123 65
123 5611
123 8089
123 7474
123 8191
123 7361
123 6633
123 227
123 7344
123 6175
123 6586
123 2458
123 6225
123 6115
123 8466
123 5375
123 1428
123 411
123 7287
123 5819
123 3536
123 1357
123 8879
123 2255
123 8942
123 8763
123 9034
123 4869
123 2217
123 1190
123 6566
123 5249
123 6387
123 6692
123 3882
123 3614
123 948
123 2276
123 1157
123 4057
123 9970
123 3800
123 2705
123 780
123 5135
123 528
123 6640
123 781
123 1048
123 1071
123 1426
123 964
123 2668
123 9910
123 5401
123 144
123 7203
123 6247
123 7875
123 8913
123 5311
123 9377
123 2893
123 2832
123 8946
123 7322
123 9264
123 6927
123 5710
123 7929
123 2930
123 1952
123 2033
123 4162
123 297
123 5384
123 37
123 7798
123 3601
123 2628
123 5424
123 8253
123 1902
123 6394
123 6241
123 5754
123 3820
123 4713
123 4847
123 572
123 581
123 575
123 7945
123 2542
123 487
123 8630
123 2006
123 7581
123 8393
123 6957
123 3951
123 435
123 6285
123 4336
123 9401
123 5352
123 3561
123 6010
123 3379
123 8924
123 8097
123 3411
123 775
123 1806
123 1701
123 5793
123 6431
123 8522
123 6048
123 4276
123 7194
123 7094
123 7678
123 1234
123 772
123 2700
123 3174
123 529
123 8742
123 2085
123 8085
123 6531
123 3549
123 7943
123 5715
123 2413
123 1846
123 4990
123 4350
123 680
123 9019
123 1938
123 4033
123 1404
123 2227
123 6108
123 6467
123 6129
123 1821
123 9878
123 4154
123 7927
123 3471
123 699
123 7349
123 552
123 5853
123 8898
123 9937
123 2193
123 1231
123 9976
123 7812
123 1754
123 8790
123 633
123 5866
123 8169
123 3051
123 229
123 2176
123 5696
123 2219
123 1902
123 470
123 664
123 3812
123 70
123 4499
123 7650
123 7400
123 3517
123 364
123 5543
123 6812
123 5805
123 5433
123 6474
123 6652
123 7214
123 4916
123 3071
123 459
123 4930
123 9700
123 2016
123 368
123 715
123 1543
123 4373
123 601
123 7751
123 4204
123 5642
123 9648
123 910
123 1627
123 1028
123 8468
123 7131
123 6753
123 3884
123 4563
123 5164
123 7059
123 7783
123 4256
123 6361
123 5423
123 5222
123 8041
123 756
123 7406
123 8389
123 6318
123 5155
123 8535
123 9987
123 5379
123 2430
123 7704
123 4572
123 5989
123 3773
123 5257
123 3382
123 9380
123 8085
123 6876
123 8116
123 8041
123 5265
123 6841
123 1641
123 1112
123 2579
123 6777
123 6086
123 6751
123 5847
123 8472
123 1303
123 6299
123 9666
123 1859
123 9159
123 7604
123 3387
123 1756
123 1616
123 7330
123 2053
123 9465
123 3096
123 4615
123 4038
123 7816
123 63
123 897
123 9585
123 748
123 3328
123 3279
123 6976
123 1031
123 1013
123 1254
123 5549
123 2212
123 2671
123 9147
123 7274
123 3387
123 7504
123 9109
123 1115
123 7884
123 2170
123 2021
123 6897
123 9459
123 6138
123 6130
123 7888
123 2099
123 5056
123 5783
123 3825
123 2015
123 5112
123 5086
123 8596
123 2929
123 3844
123 3841
123 9298
123 8248
123 5374
123 5604
123 5895
123 6215
123 542
123 204
123 3185
123 6631
123 4892
123 5563
123 9305
123 244
123 9994
123 6181
123 7485
123 4398
123 6064
123 8098
123 270
123 1035
123 6345
123 2707
123 7942
123 5646
123 6239
123 4241
123 5337
123 8261
123 2628
123 8290
123 3797
123 73
123 1377
123 1182
123 7467
123 1792
123 3480
123 2586
123 5655
123 2324
123 2817
123 6157
123 5472
123 8861
123 986
123 5598
123 1482
123 1980
123 7189
123 5955
123 1567
123 1856
123 3636
123 2503
123 728
123 4158
123 9433
123 2062
123 7057
123 6744
123 8423
123 4094
123 6571
123 742
123 8957
123 1414
123 6150
123 2106
123 6051
123 2864
123 6288
123 2243
123 8910
123 2794
123 7880
123 8811
123 9279
123 4696
123 9752
123 273
123 8590
123 8833
123 6175
123 305
123 4385
123 6195
123 6055
123 654
123 8965
123 3654
123 8039
123 3532
123 5755
123 7631
123 8248
123 7150
123 1330
123 6134
123 9855
123 476
123 3599
123 1516
123 6221
123 5819
123 9083
123 8783
123 1825
123 327
123 4789
123 6804
123 7690
123 9996
123 2624
123 2266
123 526
123 2278
123 6826
123 8715
123 7324
123 5895
123 7388
123 5532
123 9593
123 8937
123 4930
123 4181
123 3989
123 8845
123 4996
123 1579
123 8529
123 377
123 2251
123 2925
123 6121
123 142
123 7527
123 8841
123 9637
123 8800
123 3213
123 4157
123 5219
123 4527
123 4928
123 8197
123 3080
123 3828
123 9978
123 8899
123 7468
123 8298
123 5536
123 5613
123 64
123 8426
123 2035
123 7934
123 3485
123 8034
123 9732
123 396
123 4147
123 5442
123 8915
123 5381
123 6189
123 9955
123 6719
123 9088
123 673
123 4774
123 6030
123 7895
123 6799
123 9901
123 4424
123 4975
123 4328
123 1166
123 3639
123 9489
123 8953
123 3935
123 2524
123 3221
123 4826
123 2623
123 8940
123 1983
123 957
123 9578
123 8600
123 1635
123 718
123 9457
123 1280
123 1081
123 6153
123 7661
123 7414
123 7054
123 1324
123 3951
123 498
123 8068
123 1415
123 4808
123 3311
123 7353
123 6793
123 657
123 8389
123 7135
123 3774
123 6537
123 5747
123 9089
123 6285
123 7308
123 3295
123 8329
123 5160
123 996
123 7940
123 756
123 4280
123 6367
123 7818
123 6125
123 5275
123 3317
123 8648
123 1671
123 5013
123 7190
123 9660
123 3627
123 2588
123 593
123 7072
123 6494
123 5031
123 8823
123 5590
123 2393
123 3458
123 7488
123 884
123 5354
123 3879
123 3417
123 8531
123 7880
123 9379
123 2463
123 7375
123 9620
123 2903
123 272
123 7778
123 524
123 2348
123 4636
123 7739
123 3282
123 2191
123 505
123 2336
123 2435
123 8369
123 1261
123 4470
123 9963
123 5627
123 2344
123 7382
123 9723
123 9064
123 5830
123 1892
123 5560
123 4075
123 7043
123 3861
123 448
123 1429
123 6808
123 9810
123 6500
123 6689
123 5429
123 1196
123 8191
123 5697
123 6989
123 288
123 3632
123 344
123 5067
123 3130
123 1256
123 1338
123 3469
123 7551
123 1735
123 7198
123 8053
123 6690
123 7495
123 1181
123 8261
123 1013
123 4656
123 375
123 9435
123 4278
123 4753
123 3658
123 9520
123 1430
123 6071
123 7769
123 6251
123 8884
123 6948
123 3175
123 3400
123 174
123 5875
123 3985
123 7202
123 2427
123 5764
123 8610
123 6533
123 1639
123 2189
123 392
123 2942
123 7219
123 7981
123 9931
123 9136
123 8767
123 8998
123 3308
123 6997
123 558
123 8421
123 2945
123 8742
123 1701
123 9417
123 309
123 7307
123 2438
123 8521
123 2170
123 4553
123 9559
123 4571
123 4663
123 8394
123 6392
123 537
123 1827
123 2424
123 5342
123 8111
123 7888
123 4158
123 3455
123 7363
123 4964
123 465
123 3957
123 6350
123 437
123 1291
123 9257
123 7983
123 700
123 5272
123 3371
123 4026
123 502
123 3321
123 4235
123 8546
123 9600
123 8787
123 8887
123 5683
123 954
123 5282
123 6972
123 9061
123 7167
123 5770
123 549
123 2692
123 4398
123 9004
123 665
123 5727
123 5465
123 1914
123 3666
123 5880
123 6355
123 9034
123 2713
123 8879
123 2864
123 2568
123 2469
123 3793
123 6576
123 9177
123 7433
123 6561
123 1913
123 2095
123 6882
123 6586
123 8469
123 9662
123 1896
123 3727
123 5335
123 3856
123 2429
123 5533
123 6662
123 4941
123 4898
123 7067
123 147
123 807
123 3260
123 8162
123 2688
123 2101
123 9045
123 5452
123 9909
123 6740
123 8306
123 9020
123 8787
123 9911
123 5970
123 6012
123 5090
123 8130
123 549
123 6056
123 9846
123 8485
123 4673
123 5832
123 1570
123 6620
123 9433
123 2636
123 3455
123 9583
123 2983
123 9280
123 7258
123 2124
123 6385
123 5178
123 8091
123 7521
123 2153
123 953
123 6839
123 6558
123 3472
123 6415
123 9425
123 717
123 4569
123 4252
123 4642
123 8199
123 5176
123 4278
123 4759
123 3861
123 4594
123 5581
123 5641
123 6660
123 3293
123 6413
123 5581
123 704
123 2532
123 4174
123 4574
123 8498
123 4968
123 316
123 8251
123 7480
123 1718
123 7539
123 3188
123 3446
123 3842
123 9091
123 2810
123 6947
123 8729
123 2539
123 5611
123 1265
123 4330
123 2842
123 9909
123 3052
123 6731
123 2083
123 1849
123 9228
123 9023
123 5682
123 5875
123 6232
123 1937
123 7458
123 9404
123 223
123 9218
123 8369
123 5888
123 9322
123 3202
123 6274
123 3024
123 1484
123 8569
123 6570
123 5293
123 4106
123 4735
123 6038
123 2573
123 3948
123 9861
123 4746
123 9032
123 8481
123 1937
123 3355
123 9024
123 2233
123 4917
123 5665
123 9205
123 4251
123 372
123 8752
123 8586
123 5246
123 7625
123 5537
123 750
123 5544
123 7851
123 7126
123 4943
123 7410
123 87
123 4777
123 5256
123 7857
123 9649
123 3820
123 9631
123 525
123 1899
123 4392
123 2892
123 7723
123 6847
123 6319
123 531
123 6241
123 2552
123 7992
123 2468
123 3002
123 7791
123 1579
123 8492
123 9171
123 6961
123 9426
123 9619
123 3802
123 2688
123 8972
123 2074
123 617
123 4115
123 6045
123 3114
123 4020
123 1319
123 8862
123 423
123 2927
123 8857
123 7590
123 9286
123 3512
123 3876
123 6805
123 4264
123 4472
123 6784
123 699
123 4594
123 883
123 4931
123 3370
123 5024
123 5260
123 2277
123 9049
123 6308
123 6907
123 521
123 9594
123 2077
123 3155
123 9649
123 9114
123 1311
123 8570
123 8370
123 8049
123 8116
123 743
123 7427
123 1555
123 3041
123 3738
123 1222
123 9547
123 2648
123 2805
123 5752
123 8228
123 6544
123 6447
123 3308
123 5462
123 3615
123 4428
123 6907
123 4824
123 1658
123 2827
123 9937
123 5679
123 7143
123 9729
123 8968
123 9129
123 4324
123 7639
123 211
123 2169
123 5409
123 1218
123 2584
123 4909
123 6018
123 1445
123 2863
123 8187
123 2640
123 9774
123 876
123 1428
123 1310
123 8404
123 5222
123 3097
123 9231
123 5248
123 2467
123 8577
123 3546
123 4685
123 5305
123 2823
123 3995
123 7702
123 7634
123 7640
123 8661
123 7513
123 7030
123 5919
123 4533
123 9254
123 7583
123 7681
123 7106
123 4837
123 8558
123 5272
123 5727
123 6568
123 6856
123 7553
123 3914
123 5620
123 3752
123 5425
123 6366
123 3951
123 8853
123 3538
123 6877
123 762
123 6775
123 5526
123 3886
123 7091
123 4487
123 2606
123 2859
123 4638
123 9799
123 7901
123 7249
123 7408
123 3962
123 1304
123 2228
123 7270
123 3848
123 2257
123 7930
123 7034
123 1675
123 264
123 1412
123 7117
123 2759
123 5501
123 9048
123 4421
123 4242
123 4346
123 3589
123 4493
123 278
123 7194
123 2601
123 572
123 1650
123 8392
123 7490
123 5614
123 268
123 624
123 4849
123 5892
123 1538
123 8619
123 4335
123 7260
123 55
123 9500
123 9799
123 7674
123 6596
123 9629
123 2889
123 2073
123 6886
123 286
123 835
123 8201
123 5092
123 7043
123 2650
123 4472
123 7527
123 142
123 457
123 3475
123 4528
123 5766
123 5155
123 7197
123 972
123 502
123 8158
123 2578
123 8411
123 3873
123 3412
123 8477
123 4282
123 6270
123 6416
123 7649
123 6164
123 2120
123 9462
123 9824
123 1557
123 650
123 4816
123 4487
123 6145
123 9079
123 60
123 4447
123 6017
123 5589
123 2300
123 3787
123 1805
123 1906
123 485
123 6300
123 5223
123 7856
123 7530
123 2991
123 962
123 2719
123 6474
123 9748
123 9415
123 738
123 7393
123 8772
123 8205
123 617
123 4279
123 9859
123 2975
123 1365
123 3614
123 135
123 421
123 9312
123 8849
123 3323
123 9021
123 3660
123 7509
123 2152
123 5448
123 394
123 146
123 9993
123 7118
123 6914
123 2853
123 314
123 3851
123 2216
123 7569
123 5057
123 4118
123 9983
123 6875
123 5515
123 3825
123 4406
123 2519
123 1827
123 8128
123 1112
123 9379
123 9655
123 9222
123 8003
123 9081
123 5161
123 5597
123 3388
123 9995
123 1868
123 705
123 1220
123 2831
123 5500
123 1532
123 5809
123 3544
123 5385
123 23
123 831
123 7773
123 3542
123 2838
123 9990
123 3537
123 5007
123 7414
123 9180
123 1394
123 5531
123 4782
123 2478
123 3796
123 5213
123 2133
123 6821
123 7848
123 9179
123 582
123 2710
123 8198
123 8893
123 6106
123 779
123 9268
123 203
123 4126
123 6582
123 8552
123 6700
123 702
123 8434
123 5197
123 9499
123 5805
123 5650
123 587
123 7030
123 6641
123 7036
123 145
123 931
123 1486
123 1956
123 8078
123 6633
123 7019
123 8841
123 9276
123 9750
123 4595
123 8471
123 5092
123 1838
123 3459
123 1871
123 2214
123 1640
123 1336
123 5177
123 6357
123 408
123 5393
123 6304
123 4980
123 2380
123 9027
123 763
123 5762
123 4026
123 2457
123 6480
123 45
123 8142
123 7570
123 9945
123 2971
123 1395
123 25
123 8544
123 4520
123 6406
123 4037
123 6422
123 8178
123 1971
123 7858
123 3706
123 6458
123 7505
123 384
123 1448
123 4971
123 318
123 1883
123 7125
123 9294
123 6794
123 4296
123 8030
123 1331
123 1090
123 9093
123 2421
123 4399
123 7436
123 3146
123 750
123 8753
123 4632
123 5579
123 1818
123 1767
123 3831
123 1088
123 1220
123 9493
123 3216
123 7674
123 1897
123 8819
123 5649
123 9272
123 9153
123 1936
123 7894
123 6240
123 4987
123 7342
123 2504
123 9183
123 9062
123 4096
123 5975
123 4065
123 6179
123 8543
123 9243
123 9104
123 2583
123 5233
123 9138
123 6389
123 5956
123 6237
123 1869
123 3711
123 6428
123 5603
123 2156
123 4562
123 8464
123 8150
123 4078
123 6782
123 5957
123 4327
123 2254
123 2815
123 5388
123 5358
123 4431
123 7041
123 4376
123 5387
123 9090
123 8166
123 5474
123 9844
123 4147
123 7120
123 7563
123 1748
123 5360
123 3447
123 9659
123 178
123 5518
123 5650
123 4516
123 7604
123 8026
123 3457
123 1833
123 5332
123 955
123 2479
123 3431
123 8748
123 176
123 4236
123 5231
123 6608
123 2653
123 7005
123 3394
123 1068
123 3501
123 5471
123 4439
123 7699
123 2889
123 9647
123 1712
123 7172
123 1402
123 6023
123 3032
123 2872
123 4934
123 6431
123 6859
123 1127
123 2720
123 2575
123 6839
123 3280
123 4598
123 6708
123 7051
123 1336
123 6091
123 1417
123 2825
123 1387
123 2403
123 3991
123 4445
123 1534
123 4928
123 3340
123 3607
123 3538
123 6366
123 9922
123 4962
123 9904
123 3025
123 1669
123 7588
123 632
123 5427
123 1360
123 3740
123 6329
123 788
123 3415
123 4718
123 6938
123 3484
123 596
123 6202
123 7759
123 2089
123 3550
123 7885
123 7025
123 4069
123 8696
123 4764
123 1709
123 1750
123 2409
123 9922
123 822
123 5631
123 1962
123 1149
123 7880
123 3646
123 6220
123 6245
123 6800
123 7465
123 1523
123 4345
123 7904
123 9435
123 756
123 3118
123 3283
123 6244
123 6051
123 4174
123 3216
123 7914
123 8109
123 1534
123 7880
123 3197
123 7598
123 493
123 1051
123 5000
123 6598
123 6732
123 5042
123 1895
123 566
123 8017
123 8563
123 4337
123 3790
123 3330
123 1751
123 6672
123 3791
123 6771
123 5073
123 8523
123 2657
123 6089
123 1323
123 1666
123 5762
123 8162
123 2437
123 967
123 851
123 6299
123 5342
123 490
123 2957
123 6678
123 3548
123 8369
123 3109
123 3791
123 3723
123 6523
123 1314
123 7214
123 8950
123 3829
123 6775
123 4572
123 2892
123 3828
123 814
123 8018
123 1589
123 571
123 460
123 4089
123 2095
123 8694
123 3199
123 9269
123 9684
123 6305
123 5812
123 6115
123 7833
123 1806
123 2813
123 7275
123 7718
123 8203
123 2423
123 7260
123 6418
123 1038
123 566
123 4295
123 5567
123 8506
123 5854
123 7109
123 4660
123 4869
123 1022
123 3992
123 5739
123 754
123 8789
123 3982
123 8672
123 6427
123 2614
123 2503
123 8748
123 6643
123 5311
123 6322
123 806
123 8158
123 989
123 5143
123 6613
123 3505
123 8304
123 9707
123 4713
123 7117
123 5466
123 8723
123 4473
123 2410
123 9984
123 9485
123 8522
123 888
123 8628
123 9507
123 337
123 6902
123 5547
123 9038
123 6153
123 4124
123 9041
123 6780
123 2955
123 2350
123 9946
123 3667
123 6746
123 5718
123 7087
123 2048
123 7814
123 5933
123 7797
123 104
123 2226
123 6597
123 3936
123 3866
123 1257
123 7239
123 6407
123 1650
123 2980
123 8133
123 3627
123 8283
123 2731
123 9501
123 1919
123 8934
123 1671
123 1196
123 8293
123 4919
123 5159
123 1453
123 8598
123 6304
123 5167
123 5813
123 6493
123 8663
123 3434
123 9803
123 1228
123 3832
123 4603
123 1466
123 4681
123 6997
123 1040
123 2347
123 642
123 4960
123 3563
123 8010
123 1793
123 2945
123 4801
123 1697
123 2372
123 9753
123 4390
123 7213
123 6966
123 3649
123 7747
123 9632
123 8429
123 3791
123 2616
123 4925
123 372
123 4567
123 118
123 2086
123 2203
123 2677
123 9525
123 3874
123 7188
123 9296
123 8475
123 4746
123 6492
123 2178
123 2835
123 7080
123 4684
123 5025
123 2955
123 9287
123 4654
123 3984
123 5505
123 1899
123 2436
123 3603
123 2637
123 229
123 4882
123 7094
123 2671
123 4694
123 5670
123 8245
123 9040
123 2410
123 7612
123 4830
123 6703
123 6123
123 1724
123 5852
123 7744
123 9101
123 6042
123 7472
123 388
123 7060
123 9635
123 4961
123 8135
123 729
123 9794
123 521
123 8243
123 5138
123 2862
123 9321
123 1277
123 4236
123 1682
123 8585
123 5941
123 1916
123 5117
123 7088
123 5909
123 3059
123 7623
123 4890
123 7878
123 673
123 9337
123 5656
123 2563
123 7735
123 9656
123 6417
123 2848
123 4824
123 9767
123 2098
123 5814
123 7133
123 2102
123 4667
123 7861
123 6966
123 7183
123 9248
123 4648
123 305
123 834
123 2042
123 67
123 8543
123 7222
123 7394
123 961
123 8973
123 5688
123 3861
123 6823
123 140
123 1857
123 1607
123 6177
123 629
123 5981
123 5995
123 3870
123 2403
123 3980
123 4687
123 5995
123 2268
123 9169
123 8129
123 1647
123 7578
123 5118
123 5738
123 3262
123 4744
123 2626
123 2649
123 9720
123 1682
123 6276
123 4368
123 8967
123 7749
123 8539
123 9155
123 9343
123 7296
123 1896
123 512
123 1363
123 5417
123 1943
123 4592
123 4142
123 6981
123 6955
123 9884
123 3213
123 2560
123 1870
123 9021
123 8923
123 7323
123 7171
123 5048
123 7160
123 1517
123 5624
123 6998
123 6603
123 3598
123 2350
123 2118
123 9226
123 9638
123 6189
123 4588
123 3274
123 5070
123 2846
123 3082
123 429
123 7391
123 2752
123 2003
123 1382
123 903
123 9154
123 3754
123 6534
123 7088
123 4356
123 1864
123 1038
123 6709
123 4623
123 7344
123 5917
123 2242
123 6679
123 3084
123 9450
123 1713
123 1297
123 3661
123 5571
123 7551
123 1934
123 384
123 8483
123 6546
123 8880
123 3934
123 5216
123 9499
123 1898
123 9428
123 341
123 1667
123 6822
123 1264
123 9555
123 7589
123 4065
123 7584
123 1377
123 6398
123 9540
123 6696
123 8639
123 6197
123 921
123 311
123 4027
123 8602
123 4754
123 920
123 6364
123 7052
123 2348
123 3173
123 6867
123 4966
123 4952
123 1593
123 7094
123 2346
123 1152
123 9472
123 2798
123 1927
123 1983
123 6292
123 406
123 8458
123 1712
123 3513
123 5352
123 7210
123 4766
123 1082
123 3961
123 313
123 1762
123 9488
123 3130
123 1999
123 134
123 4724
123 4500
123 6363
123 7290
123 5990
123 2357
123 3726
123 6801
123 8490
123 6965
123 4191
123 566
123 6149
123 7566
123 9495
123 2444
123 1618
123 1746
123 6743
123 1296
123 3391
123 409
123 120
123 3928
123 2386
123 52
123 9179
123 896
123 2831
123 6587
123 4793
123 636
123 4807
123 7404
123 6361
123 9898
123 8278
123 912
123 6381
123 941
123 960
123 5263
123 953
123 8475
123 4876
123 489
123 7339
123 1793
123 8932
123 767
123 2150
123 94
123 7363
123 6023
123 6259
123 1434
123 6396
123 4610
123 5041
123 8295
123 3962
123 1257
123 5030
123 5237
123 9812
123 7034
123 581
123 6590
123 5885
123 525
123 6639
123 4673
123 9247
123 1951
123 6202
123 1492
123 2479
123 4441
123 3583
123 9399
123 8827
123 9190
123 7042
123 8669
123 1981
123 3704
123 6915
123 2474
123 2810
123 4865
123 7799
123 2217
123 7908
123 1031
123 5912
123 8697
123 7286
123 9877
123 5212
123 7069
123 1066
123 1220
123 8367
123 6076
123 7501
123 6527
123 1170
123 4515
123 7189
123 9329
123 1505
123 411
123 805
123 3269
123 6437
123 860
123 202
123 6988
123 3532
123 3017
123 5229
123 7580
123 5010
123 9198
123 1104
123 6830
123 5797
123 1557
123 3682
123 6952
123 9101
123 4316
123 2481
123 5050
123 5586
123 4010
123 3776
123 8016
123 4741
123 721
123 8644
123 2090
123 9544
123 5762
123 3273
123 3790
123 8009
123 3791
123 1391
123 1447
123 7712
123 9816
123 1163
123 9047
123 1889
123 4056
123 1390
123 6607
123 8199
123 139
123 4362
123 3810
123 3751
123 4595
123 5197
123 6101
123 2477
123 8119
123 34
123 4978
123 3457
123 1568
123 7887
123 6692
123 1290
123 2163
123 3543
123 6069
123 2089
123 7867
123 1316
123 4682
123 1209
123 404
123 2025
123 5089
123 1304
123 9890
123 8014
123 5346
123 1790
123 6546
123 3590
123 533
123 3321
123 7451
123 689
123 490
123 3372
123 8827
123 2143
123 5502
123 1516
123 6797
123 7368
123 4135
123 5494
123 2109
123 7835
123 9952
123 1664
123 6771
123 2156
123 6325
123 5938
123 3094
123 3137
123 1062
123 3783
123 8082
123 1629
123 5063
123 395
123 8662
123 4540
123 1734
123 4625
123 5709
123 6836
123 6366
123 2763
123 7336
123 9877
123 7209
123 773
123 4429
123 943
123 2450
123 6059
123 3875
123 1275
123 9819
123 2377
123 7472
123 2493
123 8041
123 3966
123 6982
123 3726
123 1853
123 7508
123 8292
123 4293
123 4804
123 2999
123 154
123 9290
123 6556
123 7135
123 5476
123 7923
123 3907
123 5298
123 5635
123 6917
123 7251
123 737
123 766
123 3875
123 6699
123 2048
123 1517
123 7895
123 4579
123 2529
123 216
123 7316
123 3523
123 7520
123 1946
123 6926
123 1879
123 8316
123 8465
123 9472
123 647
123 3740
123 468
123 8827
123 8677
123 2980
123 6142
123 4642
123 5325
123 5780
123 6490
123 849
123 2311
123 8577
123 393
123 2832
123 8976
123 7678
123 4872
123 633
123 7674
123 3074
123 8533
123 8020
123 8499
123 8982
123 8642
123 9777
123 5089
123 9704
123 4824
123 2039
123 5702
123 1914
123 4832
123 3040
123 6302
123 6942
123 375
123 4093
123 4861
123 9168
123 3450
123 3167
123 8603
123 9113
123 6173
123 5890
123 8406
123 2322
123 9561
123 1333
123 7076
123 7626
123 9233
123 2406
123 726
123 888
123 8510
123 3223
123 4963
123 2822
123 1875
123 8271
123 108
123 1973
123 4257
123 728
123 2169
123 6462
123 4127
123 9780
123 8789
123 578
123 844
123 9269
123 1875
123 4827
123 9254
123 2530
123 1144
123 511
123 6982
123 747
123 5288
123 2451
123 2407
123 4683
123 9993
123 5933
123 3771
123 2119
123 4514
123 6478
123 2404
123 5853
123 1037
123 3526
123 5533
123 9595
123 3548
123 1636
123 6630
123 1613
123 5413
123 5283
123 3784
123 8461
123 7402
123 5853
123 9062
123 3638
123 378
123 1931
123 4318
123 8531
123 9347
123 6476
123 1429
123 5465
123 8121
123 6968
123 7426
123 5222
123 6283
123 7134
123 7481
123 3874
123 2693
123 1336
123 1232
123 6250
123 2240
123 5218
123 396
123 5910
123 5068
123 8712
123 8162
123 3954
123 9994
123 9983
123 3307
123 1510
123 6326
123 1424
123 4531
123 3249
123 817
123 1280
123 2952
123 1771
123 8959
123 6999
123 3258
123 5198
123 2344
123 8912
123 6454
123 2833
123 6309
123 5325
123 9707
123 6210
123 4575
123 2616
123 1222
123 5394
123 123
123 6448
123 652
123 2867
123 3989
123 2665
123 7979
123 9844
123 6238
123 8990
123 6364
123 2370
123 5796
123 1100
123 6912
123 7028
123 8391
123 9188
123 5831
123 8617
123 4304
123 3587
123 6955
123 4632
123 150
123 568
123 5093
123 3898
123 1418
123 1895
123 8183
123 9195
123 4974
123 4233
123 8708
123 6223
123 3259
123 7003
123 7348
123 3747
123 4395
123 9782
123 4344
123 2269
123 4913
123 2831
123 6525
123 1069
123 4331
123 6856
123 491
123 5956
123 3297
123 592
123 4894
123 2580
123 9514
123 7300
123 7305
123 2642
123 8162
123 3777
123 3636
123 2849
123 6051
123 7964
123 566
123 8953
123 1206
123 3759
123 3968
123 9732
123 2110
123 4113
123 8776
123 8230
123 3328
123 6021
123 8290
123 133
123 6724
123 3476
123 3365
123 1599
123 9993
123 7014
123 4465
123 1393
123 6728
123 910
123 2041
123 4678
123 4733
123 1639
123 3219
123 8297
123 1816
123 3695
123 5245
123 9894
123 763
123 1348
123 8671
123 5716
123 7725
123 7451
123 5747
123 4439
123 732
123 2876
123 1984
123 6865
123 7546
123 2682
123 1361
123 3836
123 4590
123 7600
123 8142
123 7193
123 1151
123 1943
123 778
123 1146
123 5587
123 1516
123 5852
123 3889
123 2759
123 7635
123 2542
123 1789
123 4394
123 5843
123 574
123 1026
123 6616
123 418
123 7128
123 3991
123 1347
123 8259
123 669
123 318
123 804
123 8260
123 2167
123 4863
123 6818
123 4750
123 6681
123 7507
123 9174
123 6102
123 777
123 2096
123 9714
123 2097
123 3737
123 4378
123 1405
123 6150
123 3037
123 1286
123 4096
123 975
123 7072
123 6391
123 1189
123 8795
123 568
123 8888
123 3927
123 9687
123 686
123 5947
123 2538
123 4155
123 4254
123 782
123 5938
123 8522
123 9119
123 1271
123 4218
123 4244
123 5079
123 6479
123 631
123 4729
123 2354
123 926
123 2307
123 5762
123 8092
123 8942
123 1396
123 8127
123 3842
123 3951
123 880
123 3518
123 9498
123 36
123 1757
123 7336
123 1658
123 5618
123 817
123 4467
123 6874
123 1602
123 744
123 6629
123 2775
123 8825
123 6736
123 2384
123 2504
123 2157
123 6390
123 3414
123 468
123 1101
123 2051
123 3151
123 9848
123 9218
123 7352
123 6343
123 4844
123 7248
123 2159
123 680
123 3132
123 7248
123 2653
123 4036
123 6488
123 7601
123 5744
123 3453
123 60
123 1238
123 9559
123 4441
123 3246
123 1915
123 4213
123 1692
123 7656
123 5896
123 9573
123 4813
123 124
123 8874
123 9255
123 5150
123 1230
123 481
123 2553
123 2320
123 2318
123 1232
123 8525
123 1529
123 6462
123 9244
123 8962
123 5274
123 1363
123 6573
123 9449
123 5525
123 4626
123 7510
123 239
123 4984
123 4414
123 3695
123 1163
123 8496
123 921
123 3368
123 7292
123 8239
123 6647
123 4626
123 4566
123 8750
123 5942
123 5006
123 7120
123 412
123 6784
123 2260
123 509
123 2471
123 265
123 3650
123 7564
123 9193
123 5748
123 3615
123 6098
123 5253
123 2168
123 2146
123 170
123 8940
123 8441
123 8723
123 9134
123 4278
123 8463
123 9153
123 1191
123 5664
123 8644
123 5143
123 664
123 1100
123 8469
123 8974
123 706
123 2630
123 7045
123 8094
123 5673
123 5066
123 1096
123 6998
123 9868
123 6593
123 2392
123 6217
123 1885
123 7362
123 5061
123 779
123 6270
123 4649
123 5770
123 2967
123 6702
123 5679
123 2230
123 6735
123 7447
123 1716
123 8004
123 3617
123 2260
123 9501
123 4081
123 2470
123 2494
123 8641
123 185
123 7902
123 8611
123 6033
123 1294
123 4725
123 1815
123 930
123 7323
123 8275
123 5037
123 6734
123 6465
123 2950
123 4987
123 8105
123 5126
123 3797
123 9479
123 4493
123 9950
123 8506
123 6766
123 3678
123 9897
123 9647
123 6095
123 1415
123 8825
123 9489
123 1199
123 5767
123 1569
123 2260
123 948
123 7245
123 8976
123 1176
123 3877
123 8316
123 9853
123 90
123 5811
123 8406
123 319
123 2104
123 2303
123 2959
123 3513
123 9991
123 102
123 7672
123 5133
123 5763
123 4385
123 1492
123 2773
123 9236
123 943
123 4456
123 9530
123 7929
123 5066
123 8988
123 4844
123 3149
123 1339
123 5731
123 8044
123 9603
123 1059
123 7520
123 2571
123 8369
123 6496
123 7573
123 1342
123 5593
123 3727
123 518
123 6219
123 1734
123 8246
123 7325
123 7069
123 8711
123 76
123 7753
123 8365
123 4796
123 7607
123 6398
123 3809
123 9595
123 1872
123 939
123 1936
123 3957
123 5473
123 3680
123 8178
123 2161
123 2895
123 9964
123 1352
123 6227
123 1413
123 9584
123 5036
123 4677
123 4305
123 9747
123 6811
123 616
123 611
123 717
123 830
123 6459
123 8137
123 7715
123 1686
123 5144
123 8925
123 5168
123 53
123 200
123 8926
123 1913
123 3054
123 9476
123 6066
123 8432
123 4842
123 9915
123 3452
123 9732
123 5349
123 3184
123 6911
123 9947
123 7686
123 4519
123 8608
123 7264
123 7140
123 9635
123 933
123 267
123 7269
123 7023
123 7400
123 9285
123 1031
123 5504
123 9763
123 8852
123 7436
123 9360
123 3067
123 9856
123 6689
123 5907
123 2870
123 2487
123 9278
123 2834
123 1326
123 3559
123 6998
123 5166
123 1375
123 4324
123 6354
123 4192
123 743
123 7347
123 7336
123 3193
123 9977
123 3553
123 3022
123 7327
123 1230
123 3030
123 7975
123 7504
123 7018
123 5690
123 5913
123 601
123 667
123 374
123 9611
123 856
123 2665
123 3499
123 8514
123 9792
123 9647
123 839
123 2015
123 4506
123 5217
123 8535
123 8886
123 6671
123 4345
123 1928
123 5810
123 7099
123 5539
123 3307
123 504
123 3199
123 7519
123 2170
123 7376
123 9182
123 9621
123 4079
123 6219
123 1353
123 7627
123 6727
123 6873
123 3336
123 9264
123 4281
123 5353
123 8574
123 6074
123 3621
123 9398
123 9944
123 883
123 8554
123 3909
123 8842
123 2583
123 594
123 9257
123 8570
123 2447
123 7420
123 7911
123 9375
123 8694
123 2584
123 7373
123 4978
123 8532
123 2574
123 9873
123 2952
123 9381
123 9831
123 1810
123 3766
123 3509
123 2799
123 8386
123 5866
123 2798
123 6612
123 1425
123 6624
123 2849
123 514
123 831
123 1493
123 8156
123 592
123 2649
123 6227
123 2560
123 8937
123 9223
123 9494
123 1712
123 2804
123 9384
123 5742
123 6743
123 9883
123 9173
123 642
123 893
123 8260
123 6035
123 3969
123 3276
123 2177
123 1979
123 7263
123 6543
123 7173
123 3658
123 6098
123 7624
123 701
123 9841
123 9321
123 3294
123 6822
123 9244
123 97
123 4770
123 6060
123 4198
123 6107
123 8059
123 4023
123 8112
123 8728
123 9277
123 4873
123 7198
123 3571
123 6659
123 8242
123 9445
123 7178
123 3471
123 696
123 6284
123 7266
123 8561
123 5323
123 4938
123 6323
123 3744
123 5561
123 1909
123 927
123 9757
123 1841
123 577
123 1616
123 4997
123 2146
123 8378
123 665
123 3756
123 85
123 1537
123 7597
123 3189
123 6566
123 7810
123 4794
123 706
123 3664
123 218
123 8030
123 6030
123 1791
123 7232
123 9282
123 4638
123 3736
123 7388
123 1665
123 1781
123 1694
123 8788
123 8821
123 8840
123 5863
123 6466
123 3625
123 6194
123 5711
123 3084
123 3529
123 9354
123 7494
123 924
123 2416
123 7565
123 4140
123 5651
123 1275
123 6593
123 6067
123 4812
123 2569
123 9923
123 4056
123 6535
123 5624
123 5089
123 7743
123 6411
123 2892
123 4337
123 5856
123 3010
123 9418
123 1366
123 6759
123 5012
123 369
123 8345
123 425
123 5420
123 3967
123 9933
123 5409
123 817
123 9659
123 3521
123 6930
123 6145
123 3880
123 7408
123 4649
123 7967
123 8244
123 1150
123 1238
123 1687
123 7512
123 4762
123 5331
123 693
123 7182
123 6042
123 4959
123 7889
123 3037
123 7690
123 53
123 2595
123 7501
123 8466
123 5114
123 8271
123 149
123 5108
123 5644
123 9043
123 2205
123 4205
123 4427
123 5496
123 7384
123 5774
123 6265
123 2705
123 3911
123 2740
123 2243
123 5964
123 5071
123 3036
123 7144
123 2201
123 8118
123 3562
123 6074
123 7521
123 3907
123 7698
123 8930
123 3876
123 2082
123 604
123 3763
123 301
123 9155
123 9021
123 2671
123 6707
123 9339
123 4797
123 6278
123 691
123 466
123 3843
123 5424
123 328
123 9835
123 4757
123 1133
123 8422
123 7333
123 3821
123 6480
123 6182
123 5687
123 5592
123 6426
123 6783
123 162
123 809
123 4226
123 1799
123 2577
123 5836
123 5510
123 5958
123 6970
123 350
123 3618
123 8199
123 6755
123 2508
123 2288
123 9497
123 5715
123 3296
123 4293
123 420
123 7681
123 4294
123 7124
123 3899
123 2237
123 5557
123 9297
123 1165
123 6286
123 2857
123 3395
123 1332
123 3840
123 5972
123 4437
123 7588
123 8857
123 2271
123 4652
123 5471
123 8486
123 2300
123 8269
123 1189
123 6551
123 6579
123 2414
123 462
123 9622
123 5350
123 2697
123 845
123 527
123 5475
123 4591
123 3013
123 6627
123 1218
123 4205
123 8961
123 2717
123 8115
123 4521
123 7608
123 889
123 1666
123 5715
123 749
123 2201
123 5051
123 639
123 4849
123 7500
123 2610
123 9064
123 6627
123 7230
123 8284
123 6774
123 2916
123 2587
123 749
123 8113
123 7751
123 2853
123 9457
123 3064
123 2164
123 6254
123 8307
123 2473
123 4662
123 4186
123 6156
123 7496
123 2831
123 1159
123 5903
123 1866
123 9068
123 5294
123 6345
123 8081
123 5882
123 6716
123 3549
123 1099
123 8746
123 3705
123 928
123 5640
123 6971
123 8915
123 9772
123 5677
123 5563
123 547
123 4428
123 7228
123 3535
123 5774
123 8858
123 8026
123 6639
123 6308
123 3799
123 171
123 5003
123 8411
123 6225
123 4354
123 8615
123 2224
123 5358
123 6741
123 6143
123 7744
123 1917
123 2128
123 5058
123 7292
123 9845
123 9440
123 3519
123 6819
123 2226
123 8181
123 6993
123 901
123 5604
123 6926
123 5087
123 8751
123 9439
123 7445
123 6548
123 1103
123 9895
123 554
123 2907
123 308
123 9708
123 2299
123 3737
123 8490
123 8324
123 1540
123 8984
123 1101
123 9046
123 2558
123 6359
123 5714
123 2403
123 8758
123 4232
123 8415
123 7451
123 6074
123 3028
123 2617
123 5237
123 7158
123 564
123 7655
123 1146
123 9966
123 9323
123 6998
123 5327
123 6806
123 6107
123 8422
123 2955
123 2477
123 7066
123 995
123 8507
123 2555
123 3542
123 6208
123 800
123 5456
123 6725
123 3102
123 8001
123 4337
123 1567
123 9728
123 4318
123 7458
123 2941
123 5800
123 2608
123 8078
123 9493
123 3861
123 9607
123 7483
123 3181
123 8825
123 3010
123 7248
123 4949
123 8229
123 2104
123 9321
123 9513
123 8047
123 6205
123 5020
123 4730
123 1396
123 7573
123 6542
123 3512
123 9990
123 8067
123 7072
123 8760
123 689
123 1228
123 8096
123 4284
123 1963
123 4027
123 4998
123 7178
123 7651
123 4984
123 4545
123 9619
123 7823
123 7887
123 353
123 558
123 9114
123 2822
123 4919
123 272
123 9363
123 8745
123 9324
123 3247
123 3898
123 4289
123 4194
123 7359
123 3322
123 6062
123 8018
123 9826
123 5133
123 6116
123 1403
123 2890
123 4025
123 2840
123 8384
123 4708
123 8214
123 1967
123 8359
123 3418
123 1638
123 6935
123 4754
123 4844
123 4367
123 309
123 9016
123 6817
123 6064
123 486
123 1011
123 5570
123 9857
123 407
123 9447
123 2186
123 6446
123 7478
123 8384
123 9566
123 805
123 6446
123 8452
123 2875
123 6310
123 9421
123 3861
123 8952
123 3643
123 9779
123 8786
123 2636
123 4322
123 9162
123 9239
123 496
123 1183
123 9294
123 9013
123 4904
123 678
123 2820
123 785
123 3959
123 4319
123 9913
123 5990
123 5194
123 9116
123 9838
123 9536
123 3559
123 9353
123 9213
123 7974
123 6635
123 4549
123 1175
123 2209
123 2559
123 940
123 2172
123 8344
123 8617
123 6331
123 5607
123 2751
123 983
123 664
123 4038
123 9967
123 8569
123 7140
123 4167
123 4504
123 6455
123 1240
123 1327
123 171
123 6865
123 7493
123 2698
123 2996
123 8166
123 6333
123 946
123 6352
123 4848
123 5881
123 2540
123 9364
123 3962
123 6012
123 7433
123 2209
123 5982
123 4530
123 9340
123 4392
123 558
123 7820
123 8335
123 4593
123 131
123 790
123 9980
123 3181
123 6880
123 3478
123 7701
123 990
123 963
123 4145
123 7641
123 444
123 529
123 1206
123 7701
123 7630
123 6471
123 8849
123 4985
123 6419
123 7372
123 3671
123 8377
123 8211
123 2635
123 2190
123 5461
123 3417
123 4253
123 1565
123 5509
123 3259
123 189
123 8375
123 2744
123 2988
123 4837
123 2801
123 6615
123 108
123 4531
123 8044
123 8286
123 3712
123 8573
123 7340
123 5069
123 3505
123 8746
123 3402
123 7009
123 9622
123 2784
123 7638
123 2352
123 6837
123 9762
123 8986
123 1105
123 9240
123 7883
123 4720
123 8414
123 3993
123 7623
123 8049
123 1973
123 5251
123 5710
123 9881
123 182
123 1840
123 7896
123 4571
123 281
123 4794
123 1001
123 2010
123 8171
123 3330
123 7193
123 898
123 4144
123 378
123 5973
123 537
123 1236
123 1230
123 1830
123 1002
123 5433
123 1429
123 8043
123 4012
123 9438
123 2476
123 9596
123 9369
123 4216
123 6454
123 666
123 4296
123 5048
123 3157
123 4665
123 5510
123 1305
123 5835
123 7300
123 6395
123 1659
123 4118
123 5615
123 4097
123 8950
123 5249
123 8495
123 3902
123 1439
123 7190
123 6585
123 726
123 9643
123 9710
123 2110
123 74
123 498
123 2048
123 1551
123 3303
123 3048
123 8235
123 6652
123 4532
123 2387
123 3687
123 1727
123 9055
123 1069
123 9139
123 7737
123 5583
123 9716
123 534
123 6096
123 7170
123 1023
123 5953
123 7688
123 8170
123 3902
123 3173
123 5058
123 7054
123 6959
123 3965
123 8242
123 7448
123 3043
123 3702
123 7211
123 2221
123 9080
123 7391
123 6395
123 7981
123 7906
123 5714
123 9251
123 9804
123 1314
123 7166
123 3361
123 8566
123 6056
123 4902
123 9000
123 5691
123 6987
123 9362
123 6671
123 2686
123 4099
123 291
123 1559
123 5288
123 2639
123 4231
123 5378
123 4578
123 8052
123 6090
123 8583
123 9903
123 9952
123 5874
123 8405
123 939
123 1843
123 4177
123 689
123 8762
123 5814
123 2532
123 6002
123 8244
123 3926
123 7201
123 2974
123 6642
123 498
123 7508
123 4344
123 5700
123 2032
123 2312
123 3678
123 7134
123 3972
123 703
123 3239
123 3818
123 6039
123 5520
123 5954
123 1531
123 336
123 791
123 6973
123 8611
123 8968
123 6674
123 2771
123 3338
123 374
123 8010
123 8270
123 1422
123 6102
123 5065
123 4946
123 8409
123 2243
123 7575
123 5388
123 4370
123 2236
123 5660
123 2290
123 708
123 279
123 3730
123 2326
123 1424
123 7045
123 5955
123 7891
123 3698
123 1934
123 4407
123 2171
123 5107
123 8581
123 3457
123 5513
123 7351
123 2828
123 6526
123 3559
123 8811
123 4893
123 3788
123 123
123 786
123 9940
123 1908
123 266
123 4758
123 3778
123 9417
123 1547
123 528
123 2911
123 3820
123 3922
123 7564
123 644
123 9015
123 1244
123 4399
123 3480
123 4143
123 9852
123 3442
123 4513
123 7435
123 2207
123 1024
123 3045
123 1167
123 6041
123 5031
123 2139
123 6317
123 1997
123 4974
123 8339
123 8004
123 5222
123 1835
123 255
123 5320
123 8886
123 7523
123 5249
123 1635
123 92
123 6306
123 5942
123 3976
123 1143
123 3038
123 741
123 2576
123 1652
123 5541
123 5129
123 4173
123 9432
123 986
123 2921
123 5173
123 672
123 8603
123 9211
123 3256
123 2338
123 3578
123 9222
123 8519
123 2281
123 9475
123 9795
123 7761
123 5023
123 9025
123 2709
123 7994
123 3680
123 5629
123 1575
123 7771
123 1001
123 423
123 6512
123 7438
123 4984
123 2231
123 3322
123 1893
123 7042
123 274
123 6388
123 1942
123 3187
123 1960
123 7010
123 2866
123 1198
123 612
123 1401
123 1264
123 9249
123 461
123 5059
123 3791
123 3955
123 8771
123 2734
123 3873
123 8314
123 7417
123 5711
123 4988
123 2511
123 8772
123 621
123 1620
123 3048
123 3248
123 6517
123 1472
123 8178
123 8329
123 9404
123 5027
123 104
123 1438
123 5969
123 1063
123 6912
123 1493
123 719
123 9206
123 9714
123 6482
123 3238
123 3115
123 2962
123 6909
123 4802
123 403
123 8401
123 7458
123 6048
123 7871
123 5646
123 1705
123 9928
123 3166
123 4820
123 7233
123 6672
123 6444
123 9259
123 1000
123 9963
123 8137
123 8722
123 7280
123 6054
123 1421
123 6095
123 3047
123 50
123 469
123 3046
123 8131
123 6054
123 8096
123 2603
123 9990
123 420
123 8872
123 9132
123 5450
123 9817
123 6323
123 8662
123 4250
123 8323
123 5279
123 5060
123 1734
123 275
123 3000
123 9985
123 542
123 8087
123 5139
123 7120
123 3635
123 6761
123 5168
123 3643
123 3505
123 9301
123 8334
123 4393
123 4909
123 9761
123 3751
123 6722
123 970
123 3127
123 725
123 6475
123 4994
123 3780
123 7900
123 8098
123 2842
123 6728
123 6317
123 4310
123 3204
123 8344
123 9985
123 3338
123 5614
123 5831
123 55
123 4159
123 8557
123 7116
123 1191
123 2732
123 2504
123 5410
123 1236
123 4688
123 5224
123 5143
123 7755
123 2439
123 9215
123 8492
123 7561
123 7183
123 3599
123 4229
123 7817
123 8769
123 5322
123 3095
123 9795
123 8891
123 7004
123 6431
123 8903
123 5583
123 1286
123 7281
123 7063
123 9482
123 4010
123 5678
123 6031
123 4823
123 1088
123 2344
123 2769
123 643
123 6388
123 7517
123 439
123 160
123 494
123 4118
123 1137
123 8790
123 2679
123 6988
123 8942
123 3776
123 936
123 2409
123 4382
123 906
123 7400
123 4617
123 3912
123 6264
123 9029
123 8553
123 498
123 3513
123 5861
123 536
123 3886
123 9655
123 1708
123 1104
123 1680
123 4752
123 4621
123 6731
123 4790
123 3570
123 6984
123 9636
123 3366
123 9608
123 7557
123 7413
123 1802
123 4500
123 337
123 6684
123 3906
123 8240
123 7564
123 7515
123 1829
123 8207
123 6724
123 7796
123 4851
123 7455
123 3884
123 9311
123 6610
123 5249
123 8218
123 9719
123 1875
123 5291
123 5049
123 7162
123 6451
123 9635
123 7267
123 6711
123 6317
123 8734
123 7458
123 389
123 4580
123 602
123 5585
123 4968
123 7350
123 4559
123 9576
123 4270
123 2123
123 7518
123 8656
123 5189
123 4769
123 3296
123 1760
123 9155
123 3713
123 7907
123 5882
123 3254
123 2415
123 6315
123 1704
123 7721
123 3723
123 8603
123 6334
123 9037
123 2216
123 6044
123 5517
123 335
123 3114
123 26
123 145
123 3339
123 8853
123 9310
123 4421
123 8556
123 6923
123 3587
123 5518
123 2943
123 5056
123 3802
123 7075
123 6753
123 2364
123 2214
123 1369
123 3801
123 7518
123 7662
123 7523
123 1849
123 7560
123 4003
123 5578
123 2342
123 3444
123 2196
123 8773
123 1200
123 899
123 8995
123 8889
123 4905
123 7711
123 7721
123 1989
123 8582
123 1013
123 9083
123 4408
123 5299
123 671
123 2523
123 1321
123 8317
123 7383
123 1035
123 2752
123 484
123 6557
123 4951
123 4353
123 7519
123 1575
123 2645
123 2802
123 4382
123 2538
123 8630
123 8173
123 6463
123 9086
123 2016
123 8095
123 9808
123 8377
123 801
123 1079
123 7084
123 1832
123 9958
123 8831
123 8532
123 6730
123 3787
123 9900
123 9595
123 1252
123 5515
123 9514
123 9461
123 4063
123 9582
123 2942
123 7234
123 2036
123 4621
123 2214
123 4946
123 2193
123 7565
123 8568
123 9137
123 6482
123 1875
123 5447
123 5218
123 457
123 5342
123 9395
123 1332
123 9478
123 5442
123 8697
123 945
123 8506
123 2707
123 2114
123 5862
123 4105
123 5082
123 2543
123 3917
123 9722
123 8738
123 2948
123 8028
123 7867
123 3304
123 4426
123 5854
123 5260
123 2005
123 8718
123 1763
123 9552
123 9640
123 37
123 5338
123 8717
123 3915
123 3546
123 3127
123 6703
123 8050
123 324
123 2874
123 1428
123 5174
123 1178
123 1929
123 3733
123 7446
123 4131
123 4073
123 8376
123 5379
123 2935
123 1469
123 650
123 5348
123 6460
123 958
123 4744
123 5730
123 1287
123 6417
123 2414
123 4662
123 2361
123 1403
123 3078
123 4873
123 9048
123 8801
123 8916
123 3576
123 6434
123 6686
123 1078
123 7862
123 4207
123 2133
123 5586
123 8595
123 7978
123 7176
123 24
123 8251
123 372
123 3654
123 4622
123 688
123 1743
123 6141
123 3809
123 3307
123 2846
123 4703
123 6845
123 4569
123 4321
123 1678
123 8615
123 2352
123 326
123 9216
123 4182
123 1096
123 6159
123 6780
123 3200
123 8226
123 2227
123 347
123 2767
123 2801
123 9191
123 7510
123 9821
123 1878
123 1634
123 5210
123 6675
123 2541
123 106
123 9315
123 5774
123 80
123 3872
123 7757
123 2278
123 5275
123 9228
123 1460
123 5562
123 6266
123 706
123 9767
123 3223
123 2968
123 5033
123 9584
123 3690
123 4502
123 168
123 9971
123 6036
123 2617
123 4283
123 6384
123 8079
123 6567
123 2004
123 1299
123 6360
123 7404
123 7789
123 427
123 4114
123 2175
123 8749
123 6248
123 5801
123 972
123 1796
123 3076
123 9309
123 2314
123 2425
123 379
123 9416
123 4830
123 4998
123 3560
123 8601
123 5707
123 6867
123 3940
123 3812
123 8877
123 1171
123 2144
123 264
123 8405
123 5670
123 1611
123 5882
123 5057
123 7437
123 1452
123 2461
123 6502
123 5767
123 374
123 2159
123 4135
123 8148
123 5886
123 402
123 1973
123 6624
123 5509
123 8795
123 5601
123 4404
123 9198
123 4143
123 1640
123 5066
123 4718
123 2165
123 694
123 9182
123 164
123 7002
123 9261
123 5726
123 369
123 103
123 8559
123 8101
123 6398
123 4602
123 748
123 7122
123 9865
123 3753
123 5519
123 5812
123 6280
123 4541
123 2502
123 3350
123 4145
123 50
123 7482
123 8005
123 9024
123 6682
123 2880
123 1414
123 4301
123 4826
123 5467
123 9045
123 2850
123 4071
123 6786
123 4174
123 6326
123 6542
123 4253
123 5240
123 1303
123 4482
123 3386
123 8916
123 3984
123 641
123 4161
123 3722
123 7680
123 2586
123 6943
123 1557
123 9807
123 4528
123 5957
123 6961
123 7590
123 2740
123 789
123 6468
123 4216
123 3181
123 8871
123 2899
123 9640
123 2408
123 4411
123 1919
123 2767
123 5373
123 1761
123 718
123 4239
123 6201
123 3665
123 1157
123 1522
123 535
123 7380
123 2219
123 538
123 551
123 4117
123 9106
123 545
123 6232
123 9787
123 8839
123 1483
123 8996
123 7510
123 4688
123 5522
123 6270
123 4866
123 4288
123 7001
123 8105
123 1348
123 8775
123 7509
123 9427
123 3987
123 2804
123 5306
123 4016
123 1620
123 7761
123 804
123 8807
123 775
123 3049
123 2339
123 9606
123 8628
123 2763
123 8940
123 1820
123 1018
123 7614
123 9320
123 2285
123 5965
123 4444
123 8807
123 793
123 5692
123 8160
123 8433
123 2412
123 2592
123 3462
123 2899
123 4191
123 7116
123 6175
123 6637
123 2339
123 8064
123 6548
123 9686
123 8481
123 8225
123 9366
123 7598
123 6078
123 861
123 8200
123 2106
123 608
123 4975
123 3665
123 1748
123 9597
123 9859
123 8007
123 4193
123 1102
123 1871
123 873
123 4468
123 1733
123 8917
123 3606
123 5815
123 7808
123 616
123 1914
123 2396
123 5739
123 4593
123 9247
123 5552
123 241
123 1894
123 5728
123 7862
123 1451
123 6980
123 9996
123 1688
123 4567
123 267
123 3778
123 1448
123 8080
123 3679
123 1561
123 1332
123 9210
123 2203
123 189
123 2667
123 7630
123 6880
123 5738
123 7668
123 1078
123 7234
123 7511
123 8777
123 8943
123 3583
123 1489
123 5322
123 2425
123 2224
123 8102
123 1708
123 2364
123 8934
123 1636
123 3859
123 8325
123 8780
123 1144
123 3130
123 5037
123 2692
123 5190
123 9407
123 4781
123 3774
123 5276
123 7625
123 6820
123 8819
123 5297
123 4398
123 7457
123 2998
123 6859
123 4007
123 6831
123 8193
123 2815
123 5444
123 1028
123 7940
123 3859
123 4746
123 612
123 4450
123 5512
123 9329
123 9165
123 5686
123 5362
123 3535
123 7928
123 2947
123 2888
123 7133
123 5141
123 1949
123 6710
123 966
123 1177
123 2852
123 6627
123 6479
123 3056
123 7220
123 261
123 8343
123 4441
123 2362
123 6672
123 1898
123 9701
123 6047
123 1778
123 9617
123 3148
123 7038
123 2921
123 3334
123 7028
123 9434
123 2438
123 1438
123 4368
123 1273
123 2554
123 2756
123 5267
123 372
123 6472
123 1346
123 7731
123 2880
123 2979
123 8913
123 6645
123 2491
123 4425
123 4076
123 6967
123 810
123 411
123 196
123 9751
123 1832
123 2042
123 5990
123 2079
123 5988
123 4068
123 5643
123 4511
123 1757
123 4781
123 7642
123 2131
123 5281
123 5993
123 4053
123 7795
123 973
123 7949
123 4452
123 8668
123 8584
123 6510
123 1235
123 9647
123 4683
123 2464
123 5523
123 9761
123 9039
123 5291
123 5381
123 142
123 8863
123 6242
123 571
123 4670
123 6374
123 8061
123 558
123 6865
123 7669
123 1209
123 4983
123 9144
123 3364
123 8918
123 8331
123 3017
123 3960
123 5934
1
123 5000
