------- test 1 -------
1 1
1
------- test 2 -------
3 10
1 2 5
------- test 3 -------
10 100
1 2 3 4 5 6 7 8 9 10
------- test 4 -------
25 1000
25000
25000
25000
25000
25000
25000
25000
25000
25000
25000
25000
25000
25000
25000
25000
25000
25000
25000
25000
25000
25000
25000
25000
25000
25
------- test 5 -------
25 9999
25000
25000
25000
25000
25000
25000
25000
25000
25000
25000
25000
25000
25000
25000
25000
25000
25000
25000
25000
25000
25000
25000
25000
25000
26
------- test 6 -------
25 9999
346
130
982
1090
1656
7117
7595
6415
2948
1126
9004
4558
3571
2879
8492
1360
5412
6721
2463
5047
7119
1441
7190
3985
1214
------- test 7 -------
25 999
7843
4639
1653
3876
5457
2152
2524
2412
7461
3564
4634
7717
5947
4056
1048
6123
1757
5964
1137
3094
671
5869
2719
631
3563
------- test 8 -------
25 100
25
24
23
22
21
20
19
18
17
16
15
14
13
12
11
10
9
8
7
6
5
4
3
2
1
------- test 9 -------
25 100
37
36
35
34
33
32
31
30
29
28
27
26
25
24
23
22
21
20
19
18
17
16
15
14
13
------- test 10 -------
5 10000
5 8 13 21 34
----------------------

----- our output ---------
1140524371

