5000 5000
5000
355 2500
1950 2501
4791 2502
4624 2502
4427 2502
2224 2500
1273 2501
4671 2500
1583 2500
1667 2502
2511 2502
2968 2502
1367 2500
923 2500
1420 2501
173 2501
3163 2501
4500 2501
369 2500
4304 2500
2067 2501
917 2501
2184 2500
4644 2501
4405 2502
3647 2501
257 2502
4725 2502
3499 2502
1162 2500
1584 2500
4419 2501
2834 2500
2673 2500
4525 2501
4428 2501
2788 2500
3681 2501
35 2502
3255 2500
294 2501
1526 2502
922 2501
3193 2502
4922 2502
1894 2500
1894 2501
4420 2500
1734 2501
3716 2501
3613 2502
1403 2502
2164 2500
4943 2500
4868 2500
1799 2502
689 2500
4560 2502
355 2501
2213 2501
3902 2502
4863 2502
1036 2501
1982 2502
1449 2502
3358 2500
1280 2502
3733 2500
2221 2501
1533 2500
4018 2501
2597 2502
1781 2501
4412 2502
538 2501
3345 2502
1221 2500
4220 2500
2763 2502
4401 2501
1706 2501
4199 2500
2310 2502
4876 2502
1429 2500
2691 2501
3189 2502
3456 2502
676 2501
4619 2500
752 2500
244 2502
809 2501
1526 2501
4196 2502
3302 2501
289 2502
3478 2500
3783 2500
2077 2501
2478 2500
4530 2502
381 2502
3745 2500
1997 2501
3892 2501
4182 2501
2054 2502
1881 2502
748 2500
2517 2500
797 2501
358 2502
844 2502
1147 2501
4147 2500
39 2500
3338 2501
2498 2501
3856 2502
3512 2502
2816 2502
771 2500
1176 2501
1796 2500
4959 2502
3280 2501
2253 2502
2593 2502
584 2500
2682 2501
380 2502
2463 2500
42 2502
436 2501
2436 2501
509 2501
1615 2500
3830 2500
3802 2501
4900 2501
174 2500
1564 2501
135 2500
4122 2501
4395 2500
3964 2500
3864 2501
2856 2501
210 2501
1763 2501
4157 2502
1956 2500
1224 2502
41 2502
2147 2500
2520 2500
4282 2501
1352 2502
1322 2500
2985 2500
3612 2502
1705 2501
3176 2502
2465 2502
4052 2501
4112 2501
4716 2500
1038 2500
1148 2502
2843 2500
2220 2501
1896 2501
347 2501
3926 2501
327 2501
2510 2500
1980 2502
450 2501
3452 2502
2826 2500
1949 2502
4641 2500
3601 2500
2385 2500
3834 2501
2347 2500
516 2502
556 2500
536 2500
3397 2501
1614 2500
4170 2500
650 2500
4269 2502
3083 2502
1387 2500
1160 2502
2183 2500
1323 2502
382 2501
1371 2502
3195 2500
2324 2500
3636 2502
4962 2502
2245 2501
1206 2502
1955 2502
4879 2501
1139 2500
2021 2502
4812 2502
1883 2501
99 2501
1115 2502
326 2501
486 2502
626 2502
1188 2501
4328 2500
3376 2502
246 2501
615 2502
770 2501
635 2500
4101 2500
172 2502
3981 2501
654 2500
536 2501
4495 2502
3084 2501
2712 2500
2211 2500
3969 2500
4635 2501
2776 2500
2915 2501
2504 2502
221 2500
1257 2501
4533 2502
1759 2501
4186 2502
3489 2502
939 2501
4386 2502
2940 2500
3125 2501
985 2501
3645 2500
538 2500
811 2500
4431 2500
3259 2500
3886 2501
1313 2501
2595 2501
4688 2501
1599 2502
3147 2502
860 2501
712 2500
703 2502
3369 2500
1895 2501
893 2502
294 2502
927 2502
2518 2502
2821 2500
3749 2500
1340 2502
100 2502
761 2500
1652 2500
4315 2500
3698 2501
2864 2501
501 2501
2781 2501
2581 2502
2466 2500
2214 2502
4228 2500
2782 2502
3493 2500
2107 2500
705 2500
4352 2501
491 2501
514 2500
2280 2500
3342 2500
2217 2502
29 2500
3527 2502
2242 2502
3794 2500
2555 2500
2954 2500
159 2500
2954 2502
360 2500
1610 2501
912 2501
300 2501
3992 2500
2929 2501
4703 2502
2133 2500
4928 2501
3376 2501
567 2501
62 2501
3909 2501
2178 2501
2306 2500
1942 2501
2851 2502
4622 2502
4132 2501
830 2502
4767 2501
2752 2502
949 2500
4115 2502
2709 2502
161 2500
3267 2500
2347 2502
4266 2502
670 2501
1568 2501
796 2500
2605 2501
1083 2500
1935 2500
3462 2501
1068 2500
1810 2500
2187 2502
3293 2501
2312 2501
4847 2502
2628 2500
2510 2502
492 2501
4957 2501
464 2501
2820 2501
2327 2502
934 2500
457 2502
342 2500
29 2502
2500 2500
4053 2502
1775 2500
1094 2502
835 2500
2068 2502
2517 2501
3886 2502
942 2501
2187 2500
4548 2501
3340 2500
1915 2500
2543 2502
4619 2502
2027 2501
2169 2502
2356 2502
3372 2500
14 2500
2737 2502
4057 2501
3618 2500
2373 2500
2298 2502
2336 2502
3932 2500
3446 2502
1045 2502
4608 2500
4886 2502
3192 2501
4903 2500
1073 2502
2193 2500
4826 2502
4529 2502
1686 2501
32 2502
2508 2500
812 2501
2975 2500
3491 2500
1798 2502
1258 2501
4783 2502
1515 2501
2607 2500
1958 2501
1724 2500
3739 2501
1047 2500
438 2500
156 2500
1509 2501
4300 2502
3102 2500
1469 2500
3436 2501
2344 2500
1316 2502
20 2500
4611 2500
2081 2501
882 2500
687 2500
973 2501
2792 2502
1232 2502
4459 2500
1626 2502
1314 2502
3799 2500
2575 2501
2033 2501
66 2501
3783 2502
2446 2502
49 2502
4877 2500
554 2500
1153 2500
78 2501
133 2500
2694 2500
2323 2501
4002 2501
1943 2501
2671 2502
51 2500
4057 2502
1028 2502
2298 2500
1205 2500
1956 2501
692 2502
1139 2502
1914 2501
4423 2500
3430 2502
3553 2501
2076 2500
507 2502
3257 2501
4125 2501
2186 2502
309 2502
1046 2502
678 2502
1578 2501
485 2502
1740 2502
752 2502
1826 2502
4471 2501
1187 2501
4944 2501
414 2500
1806 2501
2745 2502
1173 2502
4844 2501
4617 2500
1843 2501
1811 2502
1150 2501
2679 2501
2577 2502
1175 2501
2108 2500
1329 2501
4586 2500
1152 2500
1498 2502
511 2501
451 2500
3888 2502
3066 2500
367 2500
4571 2500
1544 2501
1991 2501
3743 2501
1249 2502
3228 2500
1645 2500
1559 2502
188 2502
3646 2501
483 2500
3949 2502
2013 2500
4549 2501
3366 2500
4376 2502
3561 2501
2684 2502
2420 2502
710 2502
4411 2500
593 2500
2090 2500
927 2501
895 2500
3294 2500
3815 2500
4519 2500
3143 2502
1204 2502
3646 2502
319 2501
3898 2501
539 2500
2352 2502
565 2502
1512 2502
4434 2500
2384 2502
216 2501
888 2501
2077 2502
4477 2500
909 2502
738 2502
3634 2502
2812 2502
1236 2502
3341 2501
1956 2502
4803 2501
1659 2500
4370 2500
1856 2500
3383 2501
2442 2501
2534 2501
11 2500
3823 2501
4526 2502
1802 2502
903 2502
118 2501
1097 2502
3423 2500
1158 2501
1761 2502
1783 2501
4603 2500
4414 2502
4651 2500
591 2500
3268 2501
1106 2502
4695 2502
2001 2501
3023 2500
4822 2502
592 2502
4374 2500
1167 2502
1270 2501
4001 2502
617 2501
3428 2500
2502 2500
881 2500
2596 2501
1874 2500
4322 2500
1242 2502
2108 2501
3155 2502
1697 2501
3343 2500
1344 2502
2771 2500
486 2500
2854 2500
2723 2502
1107 2501
3335 2502
890 2502
3887 2501
1846 2501
1404 2501
2867 2500
3926 2500
1718 2502
3500 2502
3506 2500
4871 2500
4920 2500
3886 2500
47 2502
4563 2502
3078 2500
266 2501
4821 2501
2061 2502
615 2500
932 2501
4845 2500
3671 2501
4305 2501
984 2502
1694 2500
4884 2500
2430 2502
2995 2502
372 2501
1934 2501
2411 2501
3296 2502
1446 2500
4048 2501
306 2500
1367 2501
4065 2500
4893 2501
1632 2500
1000 2500
123 2500
128 2502
1196 2501
2081 2502
145 2500
694 2500
1677 2502
4338 2502
895 2502
3045 2501
1969 2501
3618 2502
2824 2500
4449 2500
1723 2500
1840 2502
1307 2500
3806 2500
4146 2500
3088 2502
1615 2501
3735 2502
1744 2501
2441 2501
3945 2502
3485 2501
3368 2501
929 2501
3708 2500
425 2501
820 2500
1478 2501
4007 2500
2141 2501
2976 2501
3086 2502
4862 2500
300 2500
1102 2502
4554 2501
760 2500
3779 2501
392 2501
1274 2501
1785 2501
1102 2501
1096 2501
2189 2500
2348 2501
320 2500
4022 2501
548 2500
4323 2502
2521 2502
2991 2500
4542 2500
3821 2500
3148 2501
4492 2502
1529 2502
2892 2502
632 2501
986 2501
1792 2500
2648 2500
370 2502
2680 2500
2015 2502
3242 2501
1545 2500
1796 2501
9 2500
98 2501
4833 2500
1998 2502
2538 2501
1009 2502
4113 2500
2459 2500
470 2500
4488 2501
2901 2501
1108 2502
4704 2501
2200 2500
413 2500
188 2500
1836 2502
3895 2502
564 2500
2702 2500
3814 2502
4737 2501
2921 2502
4548 2500
96 2502
2797 2502
3289 2500
4609 2500
4968 2500
4036 2502
2763 2500
168 2500
2351 2500
1925 2500
2131 2501
4651 2502
1851 2501
620 2501
2424 2500
3917 2500
3990 2501
1606 2502
278 2501
4512 2500
3909 2500
1230 2501
1765 2501
1455 2500
3308 2500
1928 2502
2363 2502
4841 2501
4662 2501
4688 2500
1820 2502
2141 2500
3168 2500
1849 2500
904 2501
2258 2501
330 2500
1446 2501
4035 2502
178 2501
4509 2502
2508 2501
992 2502
3677 2500
2822 2500
3284 2502
3954 2501
555 2501
2584 2500
841 2501
3561 2502
2993 2500
3043 2500
2168 2502
1403 2501
896 2502
1770 2501
4216 2502
908 2501
4417 2500
2565 2500
3180 2501
1269 2500
3206 2501
2484 2500
2243 2502
237 2501
3371 2502
1556 2500
3582 2500
3118 2500
2815 2502
3699 2500
3563 2502
4064 2500
4177 2500
4133 2500
2344 2501
1579 2502
4986 2501
2425 2501
1048 2500
3236 2500
1447 2501
3982 2501
2174 2500
3022 2501
4585 2501
2282 2500
3209 2502
2276 2500
4455 2501
1747 2502
2250 2501
820 2501
493 2500
771 2501
2493 2502
4208 2502
4232 2500
615 2501
1247 2502
1617 2501
2558 2501
3659 2500
1753 2502
3902 2500
2689 2501
1231 2502
4814 2502
3087 2502
4871 2501
2070 2502
1937 2501
4803 2502
4085 2501
2208 2502
3541 2500
2668 2501
2087 2501
3768 2501
2434 2500
1766 2502
1777 2500
2502 2502
311 2501
4042 2500
3174 2500
3786 2501
4921 2501
932 2502
199 2500
786 2501
3642 2502
4005 2500
1309 2500
1470 2500
2932 2500
697 2502
2456 2502
1651 2501
247 2502
317 2502
203 2501
305 2500
698 2501
1917 2500
982 2500
2790 2502
3037 2502
175 2500
2748 2500
2706 2502
376 2501
1454 2500
3053 2502
3827 2501
113 2502
1037 2501
252 2502
3289 2501
2619 2502
387 2502
796 2501
406 2500
2916 2500
4409 2500
4058 2501
2307 2502
2389 2501
4701 2500
2815 2500
557 2500
4156 2502
904 2502
384 2500
1472 2502
2704 2501
3198 2500
3311 2502
3074 2501
4476 2500
4705 2502
386 2501
2846 2500
3089 2500
2892 2500
1827 2501
2882 2500
2400 2500
4342 2501
2529 2502
4428 2502
4106 2500
3422 2500
34 2501
2926 2502
4442 2502
2752 2500
607 2500
1679 2500
1927 2502
2959 2502
242 2502
1165 2501
2894 2502
2165 2502
1583 2501
2013 2502
3185 2502
4479 2501
2129 2501
493 2501
997 2500
2231 2501
1448 2501
3715 2502
1699 2501
4865 2500
120 2501
2721 2501
3025 2502
4615 2501
4408 2502
4776 2501
2709 2501
1290 2502
3639 2500
1766 2500
1821 2501
1205 2501
639 2500
1276 2501
620 2500
440 2500
4260 2502
3210 2502
2865 2500
2580 2500
1702 2501
4194 2500
2984 2500
3952 2500
1203 2502
2284 2500
2969 2502
2459 2501
531 2501
685 2502
3790 2502
3996 2502
2399 2502
2194 2500
3739 2502
1867 2501
672 2501
1056 2502
4422 2502
1639 2502
695 2501
2346 2500
87 2502
2874 2502
3834 2502
3394 2501
4884 2502
4941 2502
2329 2501
236 2502
1190 2500
1743 2500
3847 2502
1473 2501
1219 2502
3809 2500
4437 2502
1998 2501
668 2502
682 2500
1267 2502
927 2500
1862 2502
4335 2502
1917 2501
3686 2501
2378 2500
4696 2502
3996 2501
3626 2500
4797 2500
2845 2501
2792 2501
2581 2500
2145 2501
2241 2501
1764 2501
525 2500
1169 2502
1914 2500
4577 2500
3872 2500
4542 2502
361 2502
1296 2500
2037 2500
2121 2501
2326 2501
426 2500
3103 2500
1001 2502
437 2500
2440 2501
2631 2502
4947 2501
2253 2500
3583 2502
319 2500
2657 2502
3470 2501
2635 2502
1359 2501
1515 2500
3343 2501
1260 2502
980 2502
2748 2501
3680 2500
4559 2502
2246 2500
890 2500
1516 2501
2826 2502
1673 2502
3662 2501
1217 2500
4826 2500
2591 2500
254 2502
3730 2501
4591 2502
275 2501
1556 2502
1622 2501
531 2502
4397 2500
447 2502
2127 2501
4839 2500
4971 2500
3588 2502
1694 2502
387 2500
731 2501
743 2502
1408 2502
2466 2502
4888 2501
4506 2501
2006 2502
25 2501
4823 2500
856 2501
1255 2502
1871 2500
2375 2502
2374 2501
4018 2500
4967 2500
1657 2500
2720 2502
3607 2501
3127 2501
3214 2501
3861 2502
4537 2500
1962 2502
1789 2500
3636 2501
1460 2502
3301 2502
4430 2502
4867 2500
4394 2500
3648 2501
2229 2502
1323 2500
1466 2500
919 2500
4948 2502
2090 2501
680 2500
1888 2500
189 2500
1913 2502
688 2502
4272 2500
1763 2502
2246 2502
1655 2502
4063 2501
3210 2500
2019 2502
1450 2501
4103 2502
4891 2501
2501 2501
4789 2500
3545 2501
2937 2502
3406 2502
301 2502
2385 2502
71 2502
2107 2501
4559 2500
1877 2501
3903 2500
703 2501
1729 2502
4252 2502
3422 2501
609 2500
2401 2500
1347 2500
147 2501
3102 2502
3303 2500
4082 2500
2785 2502
804 2500
1599 2500
216 2502
140 2501
262 2501
1325 2502
1523 2500
2525 2502
1972 2501
952 2502
2482 2500
2488 2501
4742 2500
4788 2501
3422 2502
2533 2502
1967 2500
4046 2502
4584 2501
3946 2502
4667 2500
3324 2501
1896 2502
3835 2502
3885 2502
2505 2501
1136 2501
385 2500
2287 2500
3197 2502
792 2500
3707 2501
3040 2500
4837 2501
4584 2502
1444 2502
2629 2502
661 2500
4520 2502
3540 2501
27 2501
3861 2500
1247 2500
3978 2501
590 2500
3575 2500
1275 2502
4711 2502
872 2501
954 2502
2830 2501
1683 2501
3007 2500
240 2501
3726 2502
2250 2502
4115 2500
3531 2501
3209 2500
2111 2502
3194 2502
4874 2502
1192 2502
3959 2501
2103 2500
1737 2500
2156 2501
837 2502
1017 2500
4084 2501
3894 2501
1126 2501
2986 2501
3188 2501
3715 2500
1684 2500
2594 2500
4442 2501
3610 2500
3469 2501
2010 2500
3120 2500
2825 2501
810 2502
3378 2500
4840 2501
4689 2500
916 2501
2283 2500
2516 2502
4044 2501
334 2502
1619 2502
342 2502
632 2502
2972 2502
4114 2502
3226 2502
2367 2500
2956 2501
4049 2502
160 2500
303 2501
1136 2500
510 2501
4625 2501
3110 2500
787 2502
1970 2500
1388 2501
4686 2502
4454 2501
2469 2500
1094 2501
367 2502
3581 2500
791 2502
4287 2500
3062 2501
2918 2500
1377 2501
2733 2502
3985 2501
370 2501
2146 2502
1603 2500
4870 2502
2557 2500
4522 2502
473 2501
4746 2502
4024 2502
960 2501
2880 2500
3115 2500
455 2501
398 2500
3287 2502
2149 2502
576 2500
4833 2502
833 2502
2912 2502
616 2500
3948 2502
4273 2501
3448 2502
4300 2501
4604 2501
1574 2502
2623 2501
2534 2500
2278 2500
3339 2502
2588 2501
1039 2500
4151 2502
2590 2500
1784 2501
3334 2501
1282 2502
1250 2500
4169 2500
2182 2501
83 2501
4521 2501
1121 2500
1313 2502
3798 2501
4472 2501
1784 2500
929 2500
3885 2501
4680 2500
1666 2502
1594 2502
323 2500
3298 2500
92 2502
4129 2501
4934 2501
198 2501
4817 2500
2732 2500
3927 2502
2705 2502
2026 2500
1128 2500
2267 2501
1372 2501
3431 2501
3123 2502
172 2500
4985 2500
69 2502
2130 2500
2405 2502
3068 2501
3817 2502
843 2500
4849 2500
2303 2501
3696 2501
1092 2502
4393 2501
3200 2500
1821 2500
3939 2500
4778 2501
4706 2501
293 2500
1832 2501
1423 2501
1422 2502
157 2500
4950 2500
285 2502
2893 2502
1647 2501
4685 2502
569 2500
3592 2501
1182 2500
2780 2502
1966 2501
3959 2500
3434 2501
4996 2501
4931 2502
2398 2501
883 2501
2557 2501
1091 2501
871 2501
495 2502
320 2502
1743 2502
4493 2502
1719 2501
662 2500
1482 2501
730 2500
2072 2501
59 2500
4786 2500
3849 2500
2388 2500
4887 2500
2454 2501
2209 2502
3484 2501
1386 2500
4117 2502
503 2501
271 2500
793 2500
1522 2502
2887 2502
4386 2500
1567 2501
3260 2500
4183 2500
2259 2501
1238 2501
2895 2501
4648 2501
4735 2501
1790 2502
4280 2500
4285 2500
990 2501
3213 2501
698 2502
2837 2502
789 2500
1301 2500
861 2501
4325 2502
1997 2502
1244 2501
3465 2502
2459 2502
2723 2501
4160 2502
4532 2501
4790 2502
727 2500
4399 2501
1308 2502
4531 2502
518 2500
3487 2501
3333 2500
2341 2500
1303 2501
1437 2501
94 2500
2492 2502
4172 2501
3604 2500
2152 2501
288 2502
391 2502
2659 2500
350 2500
1418 2500
4967 2501
4911 2501
1723 2501
3319 2501
1207 2502
4470 2500
2082 2500
1169 2501
4373 2501
1693 2500
3275 2501
4508 2500
1872 2502
2121 2502
2971 2501
3260 2501
2618 2500
4510 2502
476 2501
2251 2502
2226 2502
1287 2500
2992 2501
3811 2502
2854 2502
1022 2501
238 2500
4487 2500
1228 2501
4341 2501
983 2502
2154 2502
2919 2501
110 2502
3094 2502
2552 2502
4836 2501
1478 2500
2758 2500
4144 2501
459 2500
3947 2502
2069 2501
4479 2502
3524 2500
2885 2502
1443 2500
3598 2502
2652 2501
3240 2502
874 2501
1715 2500
1247 2501
4078 2502
4255 2500
2872 2502
3036 2502
1372 2500
1644 2501
1475 2500
624 2501
4976 2500
4550 2500
1353 2502
3010 2500
2463 2501
2014 2500
4588 2500
856 2500
1334 2500
1638 2500
768 2500
968 2502
1682 2501
920 2502
1345 2502
1347 2502
1317 2502
3262 2502
523 2502
1785 2502
2294 2502
4851 2502
667 2501
3474 2500
4915 2501
735 2502
520 2501
409 2500
4461 2502
4223 2502
4753 2501
1458 2502
605 2501
3793 2501
2691 2500
287 2500
986 2502
1986 2500
119 2501
3385 2502
3299 2501
1960 2500
618 2502
90 2502
2197 2502
2651 2502
2892 2501
1915 2502
2560 2500
4467 2500
1547 2502
4710 2501
4305 2502
1998 2500
3602 2501
2454 2502
914 2500
3279 2500
214 2501
4027 2500
4405 2500
2155 2500
1254 2501
3216 2501
844 2501
3310 2501
2150 2500
4516 2500
2229 2501
1367 2502
3727 2502
3207 2500
347 2502
3786 2500
1710 2500
90 2500
1624 2500
658 2502
1631 2501
3383 2500
2051 2501
4977 2500
554 2501
2386 2500
3068 2502
4502 2500
3393 2501
4908 2502
4002 2502
1550 2500
4497 2501
1982 2500
1553 2500
187 2501
3826 2502
422 2500
1543 2502
1216 2500
2348 2500
3203 2501
2342 2502
2609 2500
103 2500
3579 2501
4600 2500
733 2500
1871 2501
1552 2502
1372 2502
967 2502
2252 2502
4281 2500
2793 2500
618 2500
2679 2500
2437 2500
4303 2501
159 2501
191 2501
1667 2501
2501 2500
3238 2501
4692 2501
4886 2500
2236 2500
2143 2502
2359 2500
2190 2501
3137 2502
4209 2500
1872 2501
1238 2502
1277 2500
2340 2501
2584 2502
127 2502
2699 2501
232 2501
3496 2502
3284 2500
508 2501
3852 2502
64 2500
213 2500
1590 2501
392 2500
297 2500
741 2501
816 2501
4635 2502
3148 2502
3651 2500
2032 2500
2713 2500
3964 2502
989 2502
751 2502
3209 2501
1992 2500
1845 2502
1496 2501
4131 2501
2736 2500
3737 2502
3427 2500
911 2502
1628 2500
3009 2500
838 2500
134 2501
4472 2502
3409 2500
1503 2501
3461 2501
1929 2500
1295 2501
2494 2500
4647 2500
2000 2502
4604 2500
1177 2500
336 2501
2415 2502
2080 2501
2832 2500
1076 2500
2605 2500
3926 2502
3854 2502
1913 2500
3644 2501
2174 2501
271 2501
1018 2502
1332 2500
1074 2501
1467 2500
1946 2502
1494 2502
504 2500
522 2502
1114 2500
3614 2502
3021 2502
2921 2500
4613 2501
438 2501
370 2500
2184 2501
641 2500
2743 2502
3714 2501
1906 2501
2675 2501
448 2500
312 2502
2533 2500
1625 2500
1593 2500
236 2500
3806 2502
4233 2501
3634 2501
3698 2502
4501 2501
1803 2500
1348 2502
4274 2502
1762 2500
1253 2500
3710 2502
3038 2501
2593 2501
440 2502
877 2502
1713 2501
4861 2500
4107 2500
2661 2502
932 2500
1931 2502
2631 2500
3607 2500
1860 2502
4363 2500
1576 2500
1907 2501
1929 2501
1639 2501
189 2502
1743 2501
4844 2502
3902 2501
66 2500
2057 2502
3983 2502
3944 2502
3964 2501
3849 2501
4359 2501
3808 2501
4746 2500
2618 2501
2051 2502
3179 2501
4135 2500
4269 2501
2394 2501
196 2501
316 2502
1536 2501
3433 2500
2187 2501
4177 2502
4317 2500
3765 2502
2612 2500
2230 2500
1863 2500
233 2501
4760 2500
3044 2502
652 2501
428 2501
772 2502
1391 2500
1184 2502
2496 2501
4874 2501
132 2501
3675 2501
2599 2500
4127 2501
583 2501
131 2500
809 2500
4191 2502
4459 2501
3703 2502
4946 2502
3204 2500
1453 2502
4784 2501
146 2500
2775 2500
3822 2502
2971 2502
1393 2500
390 2502
2684 2501
870 2500
3598 2501
4371 2501
1727 2500
1174 2500
578 2501
4173 2500
2755 2501
2050 2500
3638 2501
350 2502
3853 2501
4922 2501
2483 2502
3101 2500
2785 2500
40 2502
3190 2501
3230 2501
568 2501
3098 2502
1241 2501
561 2500
4578 2500
1125 2501
123 2502
2572 2502
2064 2502
2959 2501
3759 2500
1259 2500
585 2500
139 2500
3055 2500
704 2502
2617 2502
3080 2501
3368 2502
3002 2500
4842 2502
948 2501
300 2502
2037 2501
89 2501
2347 2501
1107 2502
70 2502
4670 2500
4498 2500
1695 2500
2598 2500
3331 2502
2372 2500
906 2502
803 2500
4543 2500
1989 2502
3062 2502
3836 2502
2830 2502
21 2501
4251 2502
1267 2501
295 2502
2556 2502
3516 2500
3706 2502
2341 2501
2772 2500
943 2501
2841 2501
1063 2501
3900 2500
1081 2502
3706 2500
3997 2500
4605 2500
1022 2500
4720 2501
2810 2501
3661 2500
1695 2502
2616 2500
1375 2501
4659 2501
1004 2500
828 2500
4363 2502
2132 2502
1634 2502
3712 2500
1075 2501
3479 2502
4885 2501
3483 2502
627 2500
4173 2502
1338 2500
1049 2502
4283 2501
1756 2500
3602 2500
137 2502
897 2500
573 2500
4573 2500
2744 2502
1746 2502
2159 2501
2204 2502
3681 2502
1459 2500
2614 2501
3087 2501
1101 2501
153 2501
1220 2502
1535 2501
3832 2500
1288 2501
2854 2501
1612 2501
2182 2502
4214 2502
1885 2502
3014 2502
4397 2502
298 2501
2343 2501
2142 2500
575 2501
4636 2502
4851 2500
4087 2501
1311 2501
657 2501
1496 2500
1118 2501
2712 2502
1988 2501
138 2500
4697 2500
2 2501
910 2501
1823 2501
915 2500
1828 2502
706 2502
1490 2502
4369 2502
713 2500
3654 2500
1151 2500
4815 2502
4431 2502
4509 2500
512 2500
3337 2501
4589 2500
3514 2502
3942 2502
4870 2500
3450 2501
1887 2500
568 2500
4296 2502
247 2501
4424 2502
2719 2500
3743 2502
2046 2502
2913 2502
3090 2500
2026 2502
1085 2500
2614 2500
4948 2501
4164 2501
2382 2502
717 2501
3317 2500
3275 2502
4390 2500
2728 2501
2988 2501
2972 2500
935 2502
2471 2502
2058 2502
135 2501
94 2502
574 2501
2192 2500
2602 2501
3786 2502
2254 2502
2297 2502
2413 2502
1902 2500
2673 2502
4901 2501
3865 2500
4626 2502
3928 2502
2356 2501
3994 2501
2154 2501
3752 2500
2582 2500
2482 2502
3158 2500
1770 2500
1207 2500
2091 2501
2930 2500
2291 2500
4602 2500
3855 2502
1394 2501
441 2502
4393 2500
3465 2500
2071 2500
1027 2502
613 2501
4171 2502
1116 2500
1808 2501
1398 2502
582 2502
50 2502
123 2501
2881 2501
2299 2502
3022 2500
4228 2501
2232 2502
1608 2501
4281 2501
816 2500
1235 2501
2543 2500
2777 2502
1508 2501
2685 2501
1108 2501
762 2502
944 2501
2641 2501
968 2501
800 2502
2587 2501
4298 2502
4049 2501
1275 2501
3087 2500
3113 2502
2428 2500
2472 2500
982 2501
3198 2501
2909 2500
4672 2500
2697 2501
2119 2500
3854 2500
1392 2501
3780 2502
1834 2500
3597 2502
933 2501
2974 2501
3863 2500
3458 2501
2701 2501
2301 2500
3906 2500
4906 2502
1405 2501
2177 2502
2054 2500
1698 2500
4126 2500
2907 2500
4071 2502
799 2501
1946 2500
3424 2500
2280 2502
1931 2500
4112 2500
2766 2502
3554 2502
1408 2501
4450 2500
4352 2502
4491 2500
3542 2500
9 2502
2739 2502
222 2501
4713 2501
2219 2502
229 2500
1398 2500
1510 2500
4114 2500
814 2502
2309 2502
3412 2501
2151 2501
4676 2502
3347 2502
4640 2501
1967 2501
2195 2500
4059 2501
177 2502
2263 2502
595 2501
1534 2501
717 2500
1691 2502
4500 2502
2702 2501
1554 2501
1994 2502
4069 2502
4971 2502
3603 2502
1985 2500
2095 2501
48 2502
3050 2501
4297 2502
2538 2500
2662 2502
500 2501
244 2501
2896 2500
1374 2500
1676 2500
1564 2502
2477 2502
144 2502
4835 2500
2181 2500
2236 2501
430 2501
2807 2501
3471 2500
4707 2502
4882 2502
3486 2502
3547 2502
4997 2500
850 2500
2915 2500
4384 2502
4575 2502
3879 2502
2982 2502
1605 2501
1566 2501
4553 2500
1738 2500
2871 2500
875 2500
3306 2500
1741 2501
4543 2502
2295 2500
4193 2501
2210 2502
530 2502
2376 2501
2192 2502
1960 2502
1221 2502
3403 2502
1738 2502
4738 2502
2445 2500
4940 2501
949 2501
869 2500
3111 2500
4732 2500
2531 2502
478 2500
4088 2502
4468 2502
4384 2500
1797 2501
1318 2501
3992 2502
1126 2500
2929 2500
4178 2500
1308 2500
4516 2502
337 2501
1357 2500
3522 2501
177 2500
1333 2500
4015 2500
1529 2500
4157 2500
691 2502
3487 2500
798 2502
3064 2501
3438 2501
2288 2501
2242 2500
2180 2500
4545 2501
4026 2501
4 2502
38 2501
802 2500
477 2500
4195 2502
3856 2500
1198 2500
1286 2501
3960 2502
4660 2500
1611 2502
1651 2500
3445 2501
3016 2500
1057 2500
4923 2502
2618 2502
3073 2502
4831 2502
1820 2501
4724 2502
867 2500
2704 2502
4561 2501
3493 2502
4349 2501
2178 2500
4550 2502
3185 2500
363 2502
1582 2501
2611 2501
2340 2500
1926 2500
4782 2500
2969 2501
2175 2501
3217 2501
1214 2500
1558 2500
3795 2502
600 2501
3282 2501
4204 2502
3160 2500
1131 2501
3146 2502
4756 2502
1817 2500
1951 2502
533 2500
1398 2501
4032 2501
2304 2500
4740 2501
1574 2500
2045 2501
3559 2502
3242 2500
478 2501
2200 2502
4786 2502
4748 2502
733 2502
246 2502
3914 2500
2131 2500
1395 2502
2367 2501
4843 2501
1698 2502
1100 2500
4452 2502
1876 2500
3548 2500
790 2501
3790 2501
2043 2500
1886 2502
375 2502
1036 2502
4915 2500
1912 2502
220 2500
4016 2501
4611 2501
3576 2500
1078 2502
1853 2501
4293 2501
2458 2500
4912 2501
4429 2502
4568 2501
4073 2501
648 2500
1328 2502
136 2500
2039 2502
4090 2500
857 2500
3033 2501
3596 2500
3837 2501
2960 2501
2828 2501
1364 2500
4629 2502
938 2500
4400 2502
3799 2501
2743 2500
2342 2500
4159 2502
3358 2502
1070 2501
3513 2502
1648 2502
2146 2501
2738 2500
1504 2501
46 2502
2389 2502
4639 2500
4558 2502
4461 2500
1345 2500
3435 2502
2469 2502
1501 2500
2538 2502
160 2501
1604 2502
4747 2500
3070 2500
143 2501
348 2501
3461 2502
1080 2501
485 2500
3961 2500
4188 2502
460 2501
2699 2502
2957 2500
2566 2502
3122 2500
2911 2501
1916 2502
2229 2500
1507 2501
1484 2502
4653 2502
2067 2502
2902 2501
4086 2501
4224 2501
2212 2502
4788 2500
4886 2501
1330 2500
1091 2502
820 2502
127 2500
1017 2501
591 2501
2803 2502
2863 2500
3200 2502
3875 2501
415 2500
1774 2500
1045 2500
2548 2500
501 2502
4620 2502
4493 2500
4128 2500
1071 2500
740 2502
4444 2501
1278 2500
3018 2502
2155 2501
4331 2500
1859 2502
1538 2502
1654 2502
4074 2502
4426 2500
2747 2502
2627 2500
1042 2501
4475 2501
4782 2501
4848 2501
1253 2501
1156 2500
1727 2501
338 2501
757 2501
2471 2501
2506 2501
2730 2500
4438 2502
301 2501
1804 2501
3605 2500
4693 2500
3577 2500
2740 2502
2082 2502
1083 2502
322 2500
4526 2501
4662 2500
2322 2502
3442 2502
419 2501
3009 2501
2824 2501
1386 2501
2744 2500
3239 2501
3440 2502
3492 2500
1597 2501
1885 2500
1750 2501
814 2501
4956 2500
2444 2500
2174 2502
4829 2502
1565 2500
2911 2502
855 2500
4787 2501
3548 2502
2511 2500
1351 2501
1219 2501
4293 2500
1353 2501
2186 2501
4183 2501
2462 2502
4129 2502
218 2500
1629 2501
2225 2502
1325 2501
2655 2501
3753 2501
961 2501
4334 2501
588 2500
378 2500
4071 2500
1434 2500
3717 2501
3380 2502
571 2501
590 2502
1887 2502
4534 2500
3914 2502
1635 2501
788 2501
4077 2500
2832 2502
2041 2500
2557 2502
4815 2500
4205 2500
4003 2500
1714 2500
3905 2502
2055 2501
542 2502
2053 2501
3992 2501
1002 2502
831 2501
1494 2500
996 2501
883 2502
3128 2502
3641 2500
3542 2501
607 2502
911 2500
1730 2500
2548 2501
3667 2501
3758 2500
4341 2502
3064 2502
4973 2501
3656 2501
2165 2501
1994 2501
1752 2500
4738 2501
4090 2501
2318 2501
4863 2501
3851 2500
2236 2502
1782 2500
1028 2501
2875 2501
385 2501
2272 2502
3418 2500
4429 2500
1519 2501
4327 2501
2164 2502
26 2500
2278 2502
4760 2502
2195 2501
902 2500
1339 2500
305 2501
4978 2502
2258 2502
2535 2501
4411 2502
2840 2500
3427 2502
2208 2500
3859 2500
4426 2502
402 2502
1256 2501
3189 2500
206 2502
86 2500
4951 2500
2366 2500
1907 2502
2329 2500
2525 2500
3160 2501
4682 2501
2205 2502
3665 2502
1452 2501
2415 2500
77 2502
3338 2500
691 2500
4256 2501
1983 2502
1801 2502
740 2501
552 2501
2449 2501
3518 2501
3513 2500
4419 2502
3520 2501
523 2501
4557 2501
925 2500
3305 2501
349 2502
331 2501
2310 2501
3691 2500
446 2500
1166 2501
3058 2501
4938 2501
45 2500
4674 2502
1511 2500
2665 2502
97 2501
2363 2501
4616 2500
1646 2502
3391 2501
1258 2500
676 2502
2651 2500
2935 2502
4174 2502
2235 2500
1605 2500
4571 2501
2062 2500
1980 2501
4768 2500
863 2501
669 2502
2857 2501
777 2502
3864 2500
2213 2502
3268 2500
3882 2501
4029 2500
4080 2501
2529 2500
3621 2502
1254 2500
533 2502
3179 2500
2402 2502
165 2500
1099 2501
863 2502
4570 2501
4715 2500
623 2501
688 2500
1110 2502
4669 2502
348 2502
4597 2502
1600 2500
1649 2502
3158 2502
146 2501
4941 2500
2088 2502
2433 2502
1159 2500
269 2502
3643 2502
4534 2502
4789 2501
604 2500
3546 2501
427 2502
4401 2502
1522 2501
3999 2502
121 2500
2270 2502
1740 2500
2270 2501
171 2500
1845 2500
241 2501
287 2501
2928 2502
1585 2502
4339 2501
909 2501
4456 2501
2633 2502
4739 2500
2355 2502
2423 2502
2446 2500
4919 2501
590 2501
2964 2500
249 2502
169 2501
3286 2500
3252 2501
2145 2500
1011 2500
1380 2501
1001 2500
1525 2501
3056 2501
1387 2502
4691 2501
2799 2502
3664 2500
4511 2501
3919 2501
845 2501
144 2501
1473 2500
2072 2502
1193 2502
4999 2501
4333 2502
3173 2502
596 2500
1987 2500
2373 2502
3406 2501
4864 2501
3799 2502
2808 2502
1518 2502
1120 2502
2177 2500
1086 2502
628 2502
886 2500
4064 2501
211 2501
981 2501
4931 2500
219 2502
1143 2500
1758 2501
3274 2502
1290 2500
4763 2501
205 2502
1161 2500
869 2501
4358 2501
1263 2500
1792 2502
4314 2501
4780 2500
972 2502
675 2502
4802 2502
1813 2501
4701 2502
1172 2501
206 2500
2920 2500
2999 2501
1575 2501
2206 2500
1639 2500
2927 2502
2465 2501
2580 2501
3046 2501
2999 2502
1977 2502
899 2502
954 2500
1555 2501
4782 2502
4200 2501
3300 2501
658 2500
3541 2501
1134 2502
1463 2501
825 2501
2807 2502
3356 2501
1905 2500
2266 2502
2067 2500
4258 2500
1542 2501
1700 2502
3558 2502
2157 2501
3952 2502
875 2502
2953 2501
896 2500
2135 2501
2681 2501
4022 2500
4258 2501
1276 2500
2949 2501
4772 2502
4217 2500
672 2500
747 2501
4962 2500
201 2500
4574 2501
3280 2502
1572 2500
2257 2500
834 2502
3492 2502
3616 2500
992 2500
1488 2501
3542 2502
933 2500
1572 2502
3789 2500
3696 2500
2631 2501
3890 2501
1493 2502
3490 2500
4271 2502
2515 2500
2225 2500
315 2500
1569 2502
4459 2502
4141 2502
2148 2501
1871 2502
2547 2502
386 2502
80 2502
1213 2501
3439 2502
704 2501
1158 2502
4533 2500
3708 2502
4088 2501
114 2502
4917 2502
1540 2500
1985 2501
585 2501
2601 2502
1616 2502
3562 2502
1324 2502
427 2501
937 2501
4005 2501
1123 2500
3168 2501
3546 2500
4894 2501
692 2501
3260 2502
1711 2501
1236 2501
3287 2500
1945 2502
827 2502
2868 2502
657 2500
4126 2502
4932 2501
4856 2501
765 2502
2435 2501
3398 2501
4156 2501
4464 2500
524 2502
478 2502
3770 2502
836 2502
3991 2500
4061 2502
605 2502
1133 2502
2991 2501
849 2502
2037 2502
4771 2502
2162 2502
3943 2500
1243 2502
2458 2501
1414 2500
2088 2500
2741 2501
859 2502
4050 2500
504 2501
702 2502
566 2501
3428 2501
2650 2500
1742 2501
1554 2500
3370 2501
808 2502
664 2500
2075 2500
1185 2502
1845 2501
2630 2500
4549 2502
4880 2501
4187 2501
1932 2500
4831 2500
1824 2500
4061 2500
2759 2501
1973 2500
4405 2501
494 2501
2504 2501
1567 2500
2524 2502
3606 2502
1990 2500
4041 2500
4260 2501
3104 2501
3223 2500
743 2500
721 2501
56 2500
47 2501
3429 2500
4034 2502
3288 2502
1145 2501
2086 2501
4438 2500
1765 2500
4863 2500
2779 2500
4529 2501
736 2501
3536 2501
2513 2502
417 2501
4954 2500
4528 2500
2227 2501
1404 2502
3776 2502
1516 2500
1139 2501
3206 2502
2562 2501
1125 2502
2698 2500
1999 2500
4243 2501
4353 2501
2102 2500
3922 2501
4806 2501
3026 2500
1980 2500
1889 2500
4752 2502
2027 2502
1613 2500
1282 2500
2070 2501
381 2501
1668 2501
1206 2500
3967 2502
940 2501
708 2500
3961 2502
1318 2502
2935 2500
2008 2500
4145 2500
4690 2501
3683 2501
2245 2502
3390 2502
909 2500
3423 2501
699 2501
4281 2502
4213 2500
2998 2500
416 2501
2676 2500
1029 2502
2636 2500
757 2500
2228 2501
4454 2502
2539 2502
3463 2500
972 2501
2244 2500
2015 2500
3011 2502
2153 2501
4811 2501
4588 2501
2309 2501
1104 2502
410 2501
810 2501
30 2502
1732 2502
4857 2501
1118 2502
795 2502
1095 2501
3826 2500
4855 2500
4348 2500
1617 2502
4563 2501
3318 2502
1688 2500
1565 2502
1733 2502
1032 2501
1289 2500
880 2500
2933 2501
1378 2502
4293 2502
3481 2501
4977 2502
1631 2500
3884 2501
4185 2500
1369 2501
439 2502
1487 2501
2725 2501
4883 2500
2428 2501
898 2500
1795 2500
2514 2501
463 2502
188 2501
703 2500
3523 2501
1918 2502
3304 2502
813 2502
379 2500
2163 2502
1444 2501
3572 2500
484 2501
198 2502
4732 2502
3034 2500
1311 2502
4249 2501
4175 2500
3718 2500
4294 2501
3623 2501
3169 2500
3494 2502
633 2500
1550 2502
4130 2501
255 2500
42 2500
1122 2502
475 2501
3814 2500
4172 2500
2268 2502
2288 2500
3865 2502
4507 2501
3601 2501
3820 2502
4249 2502
54 2500
3100 2502
2074 2502
806 2500
180 2502
4277 2501
2126 2502
1528 2500
3411 2501
2707 2502
1717 2502
258 2501
1712 2500
3499 2501
589 2500
2500 2502
104 2500
4937 2500
413 2501
1768 2500
2592 2500
1419 2501
4151 2501
3549 2502
336 2500
3297 2501
1113 2501
900 2500
4308 2502
1248 2501
2315 2501
4436 2501
1708 2500
808 2501
4599 2501
2418 2502
4007 2502
3759 2501
2935 2501
3616 2501
3791 2502
1762 2501
4399 2500
1071 2502
63 2501
3911 2501
2925 2500
3233 2501
1546 2500
2688 2500
1773 2500
3809 2501
4653 2501
2129 2502
1588 2502
578 2502
3073 2501
4447 2501
3985 2500
4107 2501
1393 2502
3763 2502
3251 2502
4673 2500
2000 2501
946 2501
4205 2501
1514 2500
2216 2502
1839 2502
2461 2502
3955 2502
3502 2500
3341 2502
3315 2501
495 2500
1062 2500
259 2500
95 2502
1031 2500
2691 2502
2209 2501
3619 2500
4905 2500
2792 2500
3827 2500
2358 2502
4100 2501
4202 2502
3357 2501
1070 2502
4092 2501
1017 2502
4745 2500
3596 2502
2302 2501
1747 2500
2670 2500
1942 2502
1477 2500
2422 2501
2537 2501
2436 2502
142 2500
1799 2500
266 2502
333 2501
2862 2500
1113 2500
4309 2502
150 2501
586 2500
4377 2502
2957 2502
488 2500
1976 2501
163 2502
4939 2500
2188 2500
1167 2501
3755 2501
3417 2501
4302 2501
1166 2500
2161 2500
684 2501
482 2501
837 2500
2063 2501
4186 2501
1793 2500
1489 2502
2717 2500
3523 2502
117 2502
1346 2500
404 2501
3482 2502
1688 2501
873 2500
3693 2502
465 2501
377 2502
1782 2502
3185 2501
1366 2502
20 2502
3285 2501
602 2501
2742 2501
2939 2500
3649 2502
847 2501
502 2502
1427 2502
1484 2501
4052 2502
4953 2500
3265 2502
1450 2502
1842 2500
124 2502
2784 2500
4195 2501
2535 2502
3037 2500
420 2501
2639 2500
2767 2500
4307 2502
617 2500
4020 2502
4718 2502
3864 2502
4930 2500
49 2501
4413 2500
3674 2502
1773 2502
584 2502
2106 2502
3779 2502
3874 2501
277 2500
3205 2502
1218 2500
681 2501
4933 2502
122 2500
696 2500
2851 2500
905 2502
2665 2500
1739 2502
3269 2500
2481 2501
846 2501
1268 2500
2954 2501
1939 2501
2339 2500
1718 2500
3473 2501
4661 2501
4412 2500
3231 2501
3535 2502
446 2502
3202 2502
3404 2502
2687 2501
1740 2501
2762 2500
3509 2501
519 2500
156 2502
1052 2502
549 2502
3590 2500
4596 2502
1147 2500
721 2502
2649 2502
55 2501
100 2500
569 2502
1910 2502
4808 2500
4875 2501
1277 2501
1107 2500
3130 2501
4677 2502
2632 2502
1042 2502
13 2501
2767 2501
2629 2501
1623 2501
3690 2501
4108 2500
304 2501
2414 2500
3511 2500
3890 2500
2544 2501
1744 2500
17 2502
83 2502
4726 2502
4496 2501
2760 2500
1363 2502
1675 2501
966 2502
2598 2501
2900 2502
825 2500
3600 2501
2153 2502
152 2501
546 2500
1084 2502
2849 2501
4575 2501
20 2501
3128 2500
2270 2500
1093 2501
1696 2500
3342 2501
4358 2500
867 2501
4045 2501
1960 2501
4081 2501
4781 2502
2974 2502
3121 2500
2333 2501
4218 2500
1978 2500
1693 2502
3391 2502
2120 2500
1636 2502
1082 2502
4865 2502
1787 2501
2646 2502
405 2500
2694 2501
34 2502
1241 2500
4691 2502
663 2502
2813 2500
3593 2500
723 2502
1014 2500
3937 2501
2352 2501
3673 2502
763 2502
547 2502
1878 2501
2179 2502
4338 2500
1664 2501
430 2500
2151 2500
3756 2502
3083 2501
957 2500
2281 2501
766 2501
2203 2501
4221 2500
3727 2501
2330 2501
4551 2502
4858 2502
784 2501
2181 2502
709 2501
586 2501
2357 2500
681 2500
2118 2501
1835 2500
3815 2501
443 2500
1485 2502
609 2501
408 2501
3972 2502
1973 2501
534 2501
1751 2502
2440 2502
2507 2502
2289 2502
3968 2500
3237 2502
3520 2502
975 2500
3901 2502
3901 2501
2062 2501
680 2502
584 2501
2282 2501
1581 2501
183 2500
1455 2501
4411 2501
1839 2501
2765 2500
4323 2501
2550 2501
1753 2501
354 2501
1236 2500
3705 2500
1203 2500
3936 2501
4959 2501
357 2501
1493 2501
2794 2502
2205 2500
4025 2501
3665 2501
1494 2501
1446 2502
4593 2500
3884 2500
1182 2501
1794 2501
1021 2501
3211 2502
2743 2501
4329 2500
1809 2502
1455 2502
2457 2500
1443 2502
2662 2501
1350 2500
2417 2500
1860 2500
2453 2502
3580 2502
965 2501
1804 2500
120 2502
475 2500
595 2502
2142 2502
3918 2501
136 2501
4730 2501
44 2502
3451 2502
1171 2500
2314 2502
384 2501
282 2500
2213 2500
4116 2501
463 2500
1502 2501
397 2501
4839 2501
3117 2500
4227 2502
2044 2501
4310 2501
3077 2502
1076 2502
4413 2502
487 2502
1051 2501
3382 2502
232 2502
2515 2502
3328 2501
1344 2501
4755 2500
1858 2500
4664 2501
2725 2500
3229 2502
2313 2502
1031 2501
2455 2502
2478 2502
1085 2501
4192 2500
2211 2501
3112 2501
33 2500
1156 2502
3781 2501
1119 2501
2066 2502
1049 2501
2722 2502
317 2500
788 2502
1420 2500
4993 2501
3401 2501
3252 2500
577 2500
4939 2502
2064 2501
254 2500
3145 2502
368 2501
3605 2501
1416 2501
4862 2502
2425 2500
2206 2502
2048 2501
1822 2500
2491 2502
2241 2500
3774 2502
4137 2500
238 2501
1715 2502
1298 2501
245 2501
3778 2500
4605 2501
589 2501
2345 2501
4969 2500
3024 2500
3805 2501
130 2501
1787 2500
1445 2501
798 2500
3738 2500
629 2501
885 2501
1696 2502
2655 2500
2638 2502
2225 2501
1233 2501
2559 2501
3940 2501
435 2502
4056 2501
2527 2500
3471 2501
888 2500
4466 2501
4993 2500
4859 2502
3271 2500
3108 2502
4599 2502
3278 2502
868 2500
923 2501
3134 2501
1632 2501
884 2502
1056 2501
1411 2501
3057 2500
1442 2500
4638 2502
4664 2502
3387 2500
3082 2501
1162 2502
3603 2501
3503 2501
833 2501
1849 2501
332 2501
2430 2500
112 2500
1072 2500
4640 2502
1562 2501
1351 2502
1835 2502
1752 2502
3978 2502
947 2500
2620 2502
1504 2500
2279 2500
716 2500
4371 2500
3364 2502
450 2500
1799 2501
4333 2501
2775 2501
2811 2500
2464 2500
4209 2501
225 2502
887 2501
687 2501
3507 2500
4366 2501
1111 2501
2295 2502
1549 2501
3835 2501
4531 2501
1961 2501
3154 2502
3009 2502
3813 2502
3092 2500
4635 2500
2831 2502
1759 2500
2663 2501
4702 2500
2328 2501
553 2502
3913 2501
1974 2500
389 2501
3950 2502
1155 2500
2983 2501
3803 2502
924 2501
2881 2500
4819 2500
1242 2501
2933 2502
1736 2500
2992 2502
107 2502
3316 2500
3171 2500
433 2501
2211 2502
2947 2500
1121 2501
1309 2501
4290 2500
1265 2501
3445 2502
3029 2501
4597 2501
3043 2501
508 2500
4031 2500
2544 2500
3714 2500
4071 2501
2408 2501
3814 2501
4254 2500
2888 2501
1748 2500
3397 2502
3044 2500
1218 2501
983 2501
2353 2500
4945 2502
32 2500
563 2500
1124 2502
755 2502
3175 2501
359 2500
3829 2500
1092 2500
1019 2501
513 2501
4403 2502
1954 2502
3543 2501
173 2502
3609 2500
4768 2501
4342 2500
943 2500
273 2502
3395 2501
2978 2502
116 2500
732 2500
593 2502
2810 2502
2379 2502
1057 2502
2245 2500
117 2500
2169 2501
3384 2501
1710 2501
4663 2502
1279 2502
2218 2502
407 2501
2105 2501
2202 2500
88 2500
4123 2501
4704 2502
3629 2502
2519 2502
3971 2501
1834 2501
3957 2502
2782 2500
4751 2501
28 2502
4769 2502
2652 2502
4076 2502
318 2501
4065 2501
4981 2502
1035 2502
750 2501
1601 2502
351 2502
775 2500
1298 2502
1862 2501
4105 2502
468 2500
4176 2502
3319 2502
4560 2501
4189 2501
4151 2500
2769 2500
4169 2502
2451 2502
3107 2502
1047 2502
3254 2502
1384 2501
4684 2502
4617 2502
1989 2500
4089 2502
261 2500
3286 2502
196 2502
879 2501
2081 2500
2136 2502
3647 2500
1301 2502
4415 2502
1649 2501
833 2500
4473 2501
1265 2502
1911 2502
4983 2500
4881 2502
426 2502
1462 2501
1697 2502
793 2501
2672 2502
785 2501
2429 2502
2101 2500
760 2502
1879 2500
2784 2502
283 2500
4988 2500
4717 2500
4883 2501
3119 2500
2705 2501
1199 2500
3821 2501
3403 2501
3830 2501
4749 2502
998 2502
989 2501
3482 2501
1341 2500
1735 2502
3744 2501
2791 2502
37 2502
1412 2500
924 2500
81 2502
4006 2501
479 2502
1817 2502
2468 2500
3325 2500
4620 2500
4223 2500
872 2500
427 2500
2354 2500
933 2502
1233 2500
1461 2502
2745 2500
1850 2500
353 2502
2065 2501
3124 2501
2901 2500
4385 2502
2005 2502
4913 2501
4985 2501
1089 2501
115 2501
1594 2500
3334 2500
4626 2500
4676 2500
4960 2502
1140 2502
3264 2502
2998 2501
2176 2500
2394 2502
63 2500
1052 2501
1563 2501
2207 2502
2166 2501
371 2500
3036 2500
474 2502
4220 2501
247 2500
622 2501
4223 2501
4477 2501
4946 2501
1079 2500
3738 2502
1813 2500
2450 2501
4511 2502
2922 2502
1864 2501
733 2501
3920 2501
3634 2500
4665 2500
4830 2502
2575 2500
982 2502
955 2501
1763 2500
4773 2501
2902 2500
1474 2502
1407 2500
4765 2501
106 2501
2891 2502
3970 2501
421 2500
4445 2502
1034 2502
1297 2502
2149 2501
4959 2500
1371 2500
4606 2502
1704 2500
2827 2501
2948 2502
5 2502
4231 2502
2559 2502
2329 2502
3033 2500
2484 2501
1735 2501
629 2502
524 2501
828 2501
2825 2500
2865 2501
3507 2501
834 2500
1148 2501
1035 2500
581 2502
2890 2502
2162 2500
1048 2502
2045 2502
980 2501
749 2500
1768 2502
1614 2502
2328 2502
166 2501
3426 2502
931 2500
2059 2501
1937 2500
4598 2501
2945 2502
2226 2500
1003 2501
1658 2501
4109 2501
1417 2501
2734 2502
2625 2500
2614 2502
242 2501
2269 2502
4530 2501
1737 2502
1390 2502
979 2501
1551 2500
2988 2500
2185 2502
2600 2501
1164 2500
1452 2500
3581 2502
4227 2501
3071 2502
1337 2500
4864 2500
3795 2500
1391 2501
2450 2500
1875 2500
2004 2502
3704 2501
986 2500
4922 2500
2069 2502
3648 2500
4539 2501
1575 2500
2993 2502
3872 2502
2476 2501
4923 2500
866 2500
4846 2501
3237 2501
2981 2501
1349 2500
13 2502
2496 2502
3068 2500
3778 2502
893 2501
521 2500
3365 2502
1676 2501
4581 2500
4966 2501
3776 2500
788 2500
1191 2501
2531 2501
1226 2500
1720 2500
3251 2500
2110 2501
288 2501
3253 2500
2923 2501
3916 2501
3365 2501
3948 2500
422 2501
3806 2501
4027 2502
1937 2502
640 2500
608 2502
2256 2501
112 2502
4207 2502
1761 2500
2540 2501
3740 2502
4934 2500
2573 2501
4070 2501
1111 2500
12 2501
1444 2500
3402 2502
3782 2501
3363 2501
315 2501
2396 2501
1855 2500
2399 2501
4450 2501
3281 2500
3456 2500
714 2500
3373 2502
3784 2502
4348 2502
1850 2501
1958 2502
3658 2500
4148 2502
4045 2500
2475 2501
571 2502
3468 2502
2978 2501
3911 2502
1886 2501
3100 2501
685 2501
1448 2502
4866 2502
2880 2502
1021 2502
1583 2502
1213 2500
1573 2500
2914 2500
710 2501
2616 2502
4772 2501
4366 2502
1736 2502
1760 2501
2801 2500
4063 2502
4650 2502
1879 2502
4306 2500
4910 2501
2150 2502
3850 2500
1946 2501
3883 2502
3798 2502
4744 2500
2433 2501
4749 2501
4594 2500
3201 2501
3824 2500
4343 2502
3314 2502
2109 2501
1099 2500
1574 2501
42 2501
366 2500
3327 2502
1848 2501
2788 2502
821 2501
2802 2502
3730 2500
35 2500
4334 2502
226 2500
399 2501
1636 2500
4430 2500
2162 2501
2360 2500
3762 2502
2055 2502
3329 2502
4010 2501
2137 2500
126 2501
811 2501
4292 2502
2530 2501
4974 2501
365 2500
1643 2502
2188 2501
791 2501
1332 2501
447 2500
3915 2500
951 2500
147 2502
4128 2502
384 2502
1067 2502
4326 2500
1143 2502
4091 2500
2780 2501
2305 2500
966 2500
4360 2502
4465 2502
3754 2502
2486 2502
2108 2502
1983 2500
3561 2500
4642 2501
324 2501
4229 2502
313 2500
3585 2502
3769 2501
3727 2500
2979 2501
2817 2501
3064 2500
2564 2502
2260 2502
1400 2502
1370 2502
2369 2501
1178 2502
1228 2502
1331 2500
4558 2500
1724 2502
4314 2502
644 2502
4654 2500
3999 2500
3153 2502
2628 2502
4418 2501
4818 2501
4034 2500
1708 2501
333 2502
3015 2502
2478 2501
2477 2500
3292 2502
1757 2502
2632 2500
2212 2501
876 2502
3664 2502
580 2500
3130 2500
1839 2500
2338 2501
1955 2501
1552 2501
4868 2501
4700 2502
3813 2501
1868 2502
2842 2500
1003 2502
772 2501
1231 2500
1416 2500
109 2500
1869 2502
2634 2500
2375 2501
4346 2501
4169 2501
4240 2500
3938 2501
1189 2501
1680 2500
3624 2502
3657 2501
1230 2502
3140 2500
184 2500
1033 2501
4556 2500
4138 2502
2786 2500
4728 2501
1709 2501
220 2502
744 2500
126 2502
4784 2502
1769 2502
3345 2500
3525 2502
2801 2501
234 2501
1513 2501
1154 2502
465 2500
3785 2502
1930 2500
913 2500
1713 2502
445 2502
873 2502
805 2500
1889 2501
2261 2502
1069 2502
4663 2500
1281 2501
2570 2502
3531 2500
564 2502
2183 2502
3875 2500
163 2500
257 2500
1479 2501
1055 2500
1549 2502
1528 2501
4912 2502
530 2500
4630 2501
2886 2501
3519 2500
955 2502
2483 2500
1297 2501
3457 2502
829 2502
1133 2500
649 2500
1063 2502
4665 2502
1333 2501
551 2501
2474 2500
2982 2500
4777 2500
2758 2502
2882 2501
3011 2501
4873 2501
4082 2501
4372 2500
840 2502
2018 2500
255 2501
573 2501
4591 2501
2 2502
4302 2502
1679 2502
3701 2500
2526 2501
3881 2501
1586 2501
1563 2502
4259 2500
2040 2501
1061 2500
161 2501
1869 2500
2050 2502
290 2501
3979 2500
4267 2502
4689 2501
273 2500
4758 2502
4308 2501
2907 2501
4617 2501
18 2501
1025 2502
16 2500
4994 2502
3688 2501
1442 2501
700 2502
254 2501
3595 2500
4835 2502
209 2500
4418 2502
2829 2501
37 2501
234 2500
948 2500
2266 2500
1061 2501
682 2502
4717 2502
1722 2501
783 2501
4118 2502
3321 2500
1699 2502
3489 2500
1482 2500
4511 2500
2768 2502
2716 2502
3907 2500
897 2501
4262 2500
2856 2500
1626 2500
187 2502
4053 2500
3602 2502
4183 2502
4855 2502
496 2500
2975 2502
3711 2502
2920 2501
3128 2501
1830 2502
4311 2502
4713 2500
2102 2502
3973 2500
4771 2500
4336 2500
269 2500
2859 2500
2378 2501
2571 2502
3959 2502
1058 2501
2621 2500
2004 2501
1172 2500
1128 2501
4238 2501
1450 2500
207 2500
3172 2501
2995 2501
4033 2502
1509 2500
871 2500
519 2501
2339 2502
1219 2500
1203 2501
2583 2502
514 2502
3474 2501
1629 2502
57 2502
787 2500
110 2500
210 2502
965 2502
2904 2502
4707 2500
2953 2500
1176 2502
1189 2502
2885 2500
1776 2501
341 2500
4858 2501
2092 2501
2276 2501
274 2502
573 2502
4416 2501
866 2502
2626 2502
4949 2502
185 2502
2622 2502
3245 2500
2726 2502
815 2500
467 2502
577 2502
2585 2500
3012 2501
1698 2501
2337 2500
3672 2502
3903 2501
4918 2502
4610 2502
4538 2502
1890 2502
513 2500
4790 2500
1461 2500
4286 2501
4693 2502
3372 2501
1689 2502
456 2500
1520 2501
400 2501
3272 2502
3568 2501
3804 2502
160 2502
3633 2502
4638 2500
2503 2502
3061 2502
800 2500
1110 2500
3560 2502
761 2502
1963 2501
3322 2502
1179 2502
1382 2500
1024 2501
3129 2500
3286 2501
542 2501
3330 2502
2122 2501
4275 2500
3775 2501
1756 2501
4718 2501
770 2502
4111 2501
4395 2502
2482 2501
1295 2500
3960 2500
281 2500
2264 2500
3956 2502
3524 2501
1376 2502
2406 2500
4297 2500
2023 2501
1699 2500
4072 2502
3039 2501
261 2501
2250 2500
2693 2502
2258 2500
1355 2501
3802 2500
3086 2501
3632 2500
1439 2502
856 2502
2114 2501
1335 2500
4666 2502
763 2500
4645 2502
518 2501
4452 2501
2418 2500
659 2502
1043 2500
3946 2500
1229 2500
2696 2502
823 2502
2395 2502
4239 2500
2542 2502
331 2502
2133 2502
3378 2501
2172 2500
1428 2500
533 2501
2502 2501
4672 2501
1039 2501
1853 2500
801 2500
2934 2502
322 2502
4519 2501
1284 2501
87 2500
4548 2502
2637 2500
3114 2501
1774 2501
131 2502
1164 2502
431 2501
4687 2501
268 2502
1953 2500
1015 2501
2794 2500
1113 2502
792 2501
3360 2502
2307 2500
1377 2500
3574 2501
1884 2501
238 2502
2273 2501
278 2502
1546 2501
4731 2500
633 2502
2293 2501
1451 2501
3241 2502
3847 2500
4302 2500
4713 2502
4158 2500
3508 2501
4165 2502
1908 2500
2506 2502
1308 2501
1492 2502
659 2501
3394 2500
1938 2501
2643 2501
4733 2500
4118 2500
2054 2501
4724 2500
1882 2502
3719 2501
3464 2501
1552 2500
4668 2502
1606 2501
3895 2500
3670 2500
1363 2501
2950 2502
443 2502
1200 2501
23 2502
3853 2502
3249 2500
4466 2502
4537 2501
4779 2501
1217 2502
321 2502
3723 2501
1424 2501
3161 2501
4678 2500
3276 2501
3472 2500
2858 2502
2806 2501
4289 2501
2228 2500
4248 2502
4924 2502
252 2500
4992 2502
2018 2502
1901 2501
1644 2502
4963 2502
1097 2501
2647 2500
544 2502
1210 2502
4820 2501
4244 2502
354 2500
3609 2501
2868 2500
2296 2501
2753 2501
3424 2502
4452 2500
3862 2502
600 2500
2204 2501
2281 2502
3439 2500
1528 2502
2639 2502
3632 2502
3135 2500
77 2500
2620 2500
359 2502
4059 2502
3691 2502
822 2500
4812 2501
2791 2501
987 2501
2192 2501
4058 2502
4631 2501
1795 2501
2964 2502
2983 2500
1843 2500
108 2502
1419 2500
967 2500
2951 2501
3532 2501
1996 2500
858 2501
3277 2502
1661 2501
1267 2500
1579 2500
3297 2502
3792 2502
186 2502
893 2500
2511 2501
2652 2500
4850 2500
3798 2500
2041 2502
3572 2502
2906 2501
817 2502
1730 2502
702 2500
611 2501
4796 2501
3431 2502
3320 2501
4563 2500
4140 2501
1481 2502
1457 2500
182 2501
3466 2501
418 2502
4692 2500
2564 2501
434 2500
1200 2502
1613 2502
1419 2502
1745 2501
4230 2501
4107 2502
1290 2501
1557 2501
1388 2500
1466 2502
2047 2501
4410 2501
1225 2500
3498 2500
2836 2502
3554 2500
4421 2500
1453 2501
2671 2501
2349 2500
2193 2502
2641 2502
302 2501
1376 2501
2844 2500
4253 2501
745 2501
3207 2501
3032 2501
2293 2502
572 2500
1163 2500
2232 2500
656 2502
1618 2500
601 2500
4313 2502
2426 2500
3263 2501
4489 2501
1268 2502
2259 2502
4778 2502
864 2501
2666 2500
4590 2500
2745 2501
1018 2500
356 2502
1179 2501
2858 2500
3159 2502
1200 2500
2317 2500
2765 2501
3575 2502
2199 2502
4681 2502
336 2502
1830 2500
3057 2502
2948 2501
366 2502
4361 2502
4953 2502
591 2502
1020 2500
535 2500
1618 2502
3695 2502
4916 2500
2664 2502
114 2501
926 2501
2791 2500
72 2502
3227 2501
617 2502
953 2501
3232 2501
4367 2501
4382 2500
1889 2502
376 2502
3838 2500
4727 2501
4472 2500
2551 2502
2635 2501
2177 2501
2590 2501
14 2501
1210 2500
3052 2501
853 2500
4821 2500
1563 2500
4435 2502
4358 2502
2855 2502
1949 2500
78 2500
346 2501
2008 2502
1389 2501
3275 2500
1243 2500
3411 2502
2121 2500
3139 2500
3698 2500
4462 2500
1061 2502
2714 2501
1902 2501
2611 2502
248 2501
4040 2500
2567 2500
1105 2500
2110 2502
412 2502
3782 2502
4275 2501
1665 2501
2274 2502
4634 2502
3448 2500
3172 2502
2601 2501
2112 2501
2417 2501
4439 2502
504 2502
1707 2501
995 2501
1310 2500
4554 2502
2179 2501
3573 2502
10 2500
4816 2502
2019 2500
1438 2501
45 2502
1750 2502
3049 2501
311 2500
3650 2501
1710 2502
2271 2500
3296 2501
2198 2502
1981 2500
3817 2501
393 2500
4859 2501
3109 2502
4781 2501
3228 2501
4878 2502
2380 2500
4380 2502
842 2501
2872 2501
1424 2502
2222 2502
383 2500
2548 2502
4665 2501
2123 2500
2613 2501
1883 2500
4289 2502
2284 2501
1041 2502
2207 2501
1673 2500
4670 2501
449 2501
262 2500
1122 2501
4304 2502
2029 2501
1984 2502
3953 2500
324 2500
3002 2502
2816 2500
259 2501
1728 2500
4095 2502
1413 2501
2738 2502
3157 2500
3122 2501
1269 2501
96 2501
1703 2502
2266 2501
727 2501
2232 2501
3885 2500
1187 2500
549 2500
261 2502
3459 2500
4774 2501
3679 2501
3563 2501
1392 2500
1261 2502
2541 2502
31 2500
2265 2502
4268 2502
749 2502
480 2500
4355 2501
3730 2502
110 2501
517 2501
1040 2500
4400 2500
3228 2502
4551 2501
3840 2500
1018 2501
2962 2500
4040 2501
844 2500
1345 2501
968 2500
2805 2501
3881 2500
3466 2502
3134 2500
2591 2502
4313 2501
2797 2501
2574 2501
2140 2500
3303 2502
2947 2502
358 2500
2031 2502
3117 2501
4550 2501
4103 2500
446 2501
1900 2502
2420 2501
154 2500
104 2501
3249 2502
2247 2502
27 2500
1356 2500
3615 2500
2462 2500
4036 2501
3694 2502
4458 2500
499 2502
2823 2502
2504 2500
1957 2501
454 2501
182 2502
2247 2500
4458 2501
3320 2500
1646 2500
2147 2502
4631 2500
1370 2501
1844 2500
3027 2502
1780 2502
2448 2502
4637 2500
2846 2502
777 2500
3315 2502
3890 2502
