5000 5000
5000
4 2
6 7
8 12
10 17
12 22
14 27
16 32
18 37
20 42
22 47
24 52
26 57
28 62
30 67
32 72
34 77
36 82
38 87
40 92
42 97
44 102
46 107
48 112
50 117
52 122
54 127
56 132
58 137
60 142
62 147
64 152
66 157
68 162
70 167
72 172
74 177
76 182
78 187
80 192
82 197
84 202
86 207
88 212
90 217
92 222
94 227
96 232
98 237
100 242
102 247
104 252
106 257
108 262
110 267
112 272
114 277
116 282
118 287
120 292
122 297
124 302
126 307
128 312
130 317
132 322
134 327
136 332
138 337
140 342
142 347
144 352
146 357
148 362
150 367
152 372
154 377
156 382
158 387
160 392
162 397
164 402
166 407
168 412
170 417
172 422
174 427
176 432
178 437
180 442
182 447
184 452
186 457
188 462
190 467
192 472
194 477
196 482
198 487
200 492
202 497
204 502
206 507
208 512
210 517
212 522
214 527
216 532
218 537
220 542
222 547
224 552
226 557
228 562
230 567
232 572
234 577
236 582
238 587
240 592
242 597
244 602
246 607
248 612
250 617
252 622
254 627
256 632
258 637
260 642
262 647
264 652
266 657
268 662
270 667
272 672
274 677
276 682
278 687
280 692
282 697
284 702
286 707
288 712
290 717
292 722
294 727
296 732
298 737
300 742
302 747
304 752
306 757
308 762
310 767
312 772
314 777
316 782
318 787
320 792
322 797
324 802
326 807
328 812
330 817
332 822
334 827
336 832
338 837
340 842
342 847
344 852
346 857
348 862
350 867
352 872
354 877
356 882
358 887
360 892
362 897
364 902
366 907
368 912
370 917
372 922
374 927
376 932
378 937
380 942
382 947
384 952
386 957
388 962
390 967
392 972
394 977
396 982
398 987
400 992
402 997
404 1002
406 1007
408 1012
410 1017
412 1022
414 1027
416 1032
418 1037
420 1042
422 1047
424 1052
426 1057
428 1062
430 1067
432 1072
434 1077
436 1082
438 1087
440 1092
442 1097
444 1102
446 1107
448 1112
450 1117
452 1122
454 1127
456 1132
458 1137
460 1142
462 1147
464 1152
466 1157
468 1162
470 1167
472 1172
474 1177
476 1182
478 1187
480 1192
482 1197
484 1202
486 1207
488 1212
490 1217
492 1222
494 1227
496 1232
498 1237
500 1242
502 1247
504 1252
506 1257
508 1262
510 1267
512 1272
514 1277
516 1282
518 1287
520 1292
522 1297
524 1302
526 1307
528 1312
530 1317
532 1322
534 1327
536 1332
538 1337
540 1342
542 1347
544 1352
546 1357
548 1362
550 1367
552 1372
554 1377
556 1382
558 1387
560 1392
562 1397
564 1402
566 1407
568 1412
570 1417
572 1422
574 1427
576 1432
578 1437
580 1442
582 1447
584 1452
586 1457
588 1462
590 1467
592 1472
594 1477
596 1482
598 1487
600 1492
602 1497
604 1502
606 1507
608 1512
610 1517
612 1522
614 1527
616 1532
618 1537
620 1542
622 1547
624 1552
626 1557
628 1562
630 1567
632 1572
634 1577
636 1582
638 1587
640 1592
642 1597
644 1602
646 1607
648 1612
650 1617
652 1622
654 1627
656 1632
658 1637
660 1642
662 1647
664 1652
666 1657
668 1662
670 1667
672 1672
674 1677
676 1682
678 1687
680 1692
682 1697
684 1702
686 1707
688 1712
690 1717
692 1722
694 1727
696 1732
698 1737
700 1742
702 1747
704 1752
706 1757
708 1762
710 1767
712 1772
714 1777
716 1782
718 1787
720 1792
722 1797
724 1802
726 1807
728 1812
730 1817
732 1822
734 1827
736 1832
738 1837
740 1842
742 1847
744 1852
746 1857
748 1862
750 1867
752 1872
754 1877
756 1882
758 1887
760 1892
762 1897
764 1902
766 1907
768 1912
770 1917
772 1922
774 1927
776 1932
778 1937
780 1942
782 1947
784 1952
786 1957
788 1962
790 1967
792 1972
794 1977
796 1982
798 1987
800 1992
802 1997
804 2002
806 2007
808 2012
810 2017
812 2022
814 2027
816 2032
818 2037
820 2042
822 2047
824 2052
826 2057
828 2062
830 2067
832 2072
834 2077
836 2082
838 2087
840 2092
842 2097
844 2102
846 2107
848 2112
850 2117
852 2122
854 2127
856 2132
858 2137
860 2142
862 2147
864 2152
866 2157
868 2162
870 2167
872 2172
874 2177
876 2182
878 2187
880 2192
882 2197
884 2202
886 2207
888 2212
890 2217
892 2222
894 2227
896 2232
898 2237
900 2242
902 2247
904 2252
906 2257
908 2262
910 2267
912 2272
914 2277
916 2282
918 2287
920 2292
922 2297
924 2302
926 2307
928 2312
930 2317
932 2322
934 2327
936 2332
938 2337
940 2342
942 2347
944 2352
946 2357
948 2362
950 2367
952 2372
954 2377
956 2382
958 2387
960 2392
962 2397
964 2402
966 2407
968 2412
970 2417
972 2422
974 2427
976 2432
978 2437
980 2442
982 2447
984 2452
986 2457
988 2462
990 2467
992 2472
994 2477
996 2482
998 2487
1000 2492
1002 2497
1004 2502
1006 2507
1008 2512
1010 2517
1012 2522
1014 2527
1016 2532
1018 2537
1020 2542
1022 2547
1024 2552
1026 2557
1028 2562
1030 2567
1032 2572
1034 2577
1036 2582
1038 2587
1040 2592
1042 2597
1044 2602
1046 2607
1048 2612
1050 2617
1052 2622
1054 2627
1056 2632
1058 2637
1060 2642
1062 2647
1064 2652
1066 2657
1068 2662
1070 2667
1072 2672
1074 2677
1076 2682
1078 2687
1080 2692
1082 2697
1084 2702
1086 2707
1088 2712
1090 2717
1092 2722
1094 2727
1096 2732
1098 2737
1100 2742
1102 2747
1104 2752
1106 2757
1108 2762
1110 2767
1112 2772
1114 2777
1116 2782
1118 2787
1120 2792
1122 2797
1124 2802
1126 2807
1128 2812
1130 2817
1132 2822
1134 2827
1136 2832
1138 2837
1140 2842
1142 2847
1144 2852
1146 2857
1148 2862
1150 2867
1152 2872
1154 2877
1156 2882
1158 2887
1160 2892
1162 2897
1164 2902
1166 2907
1168 2912
1170 2917
1172 2922
1174 2927
1176 2932
1178 2937
1180 2942
1182 2947
1184 2952
1186 2957
1188 2962
1190 2967
1192 2972
1194 2977
1196 2982
1198 2987
1200 2992
1202 2997
1204 3002
1206 3007
1208 3012
1210 3017
1212 3022
1214 3027
1216 3032
1218 3037
1220 3042
1222 3047
1224 3052
1226 3057
1228 3062
1230 3067
1232 3072
1234 3077
1236 3082
1238 3087
1240 3092
1242 3097
1244 3102
1246 3107
1248 3112
1250 3117
1252 3122
1254 3127
1256 3132
1258 3137
1260 3142
1262 3147
1264 3152
1266 3157
1268 3162
1270 3167
1272 3172
1274 3177
1276 3182
1278 3187
1280 3192
1282 3197
1284 3202
1286 3207
1288 3212
1290 3217
1292 3222
1294 3227
1296 3232
1298 3237
1300 3242
1302 3247
1304 3252
1306 3257
1308 3262
1310 3267
1312 3272
1314 3277
1316 3282
1318 3287
1320 3292
1322 3297
1324 3302
1326 3307
1328 3312
1330 3317
1332 3322
1334 3327
1336 3332
1338 3337
1340 3342
1342 3347
1344 3352
1346 3357
1348 3362
1350 3367
1352 3372
1354 3377
1356 3382
1358 3387
1360 3392
1362 3397
1364 3402
1366 3407
1368 3412
1370 3417
1372 3422
1374 3427
1376 3432
1378 3437
1380 3442
1382 3447
1384 3452
1386 3457
1388 3462
1390 3467
1392 3472
1394 3477
1396 3482
1398 3487
1400 3492
1402 3497
1404 3502
1406 3507
1408 3512
1410 3517
1412 3522
1414 3527
1416 3532
1418 3537
1420 3542
1422 3547
1424 3552
1426 3557
1428 3562
1430 3567
1432 3572
1434 3577
1436 3582
1438 3587
1440 3592
1442 3597
1444 3602
1446 3607
1448 3612
1450 3617
1452 3622
1454 3627
1456 3632
1458 3637
1460 3642
1462 3647
1464 3652
1466 3657
1468 3662
1470 3667
1472 3672
1474 3677
1476 3682
1478 3687
1480 3692
1482 3697
1484 3702
1486 3707
1488 3712
1490 3717
1492 3722
1494 3727
1496 3732
1498 3737
1500 3742
1502 3747
1504 3752
1506 3757
1508 3762
1510 3767
1512 3772
1514 3777
1516 3782
1518 3787
1520 3792
1522 3797
1524 3802
1526 3807
1528 3812
1530 3817
1532 3822
1534 3827
1536 3832
1538 3837
1540 3842
1542 3847
1544 3852
1546 3857
1548 3862
1550 3867
1552 3872
1554 3877
1556 3882
1558 3887
1560 3892
1562 3897
1564 3902
1566 3907
1568 3912
1570 3917
1572 3922
1574 3927
1576 3932
1578 3937
1580 3942
1582 3947
1584 3952
1586 3957
1588 3962
1590 3967
1592 3972
1594 3977
1596 3982
1598 3987
1600 3992
1602 3997
1604 4002
1606 4007
1608 4012
1610 4017
1612 4022
1614 4027
1616 4032
1618 4037
1620 4042
1622 4047
1624 4052
1626 4057
1628 4062
1630 4067
1632 4072
1634 4077
1636 4082
1638 4087
1640 4092
1642 4097
1644 4102
1646 4107
1648 4112
1650 4117
1652 4122
1654 4127
1656 4132
1658 4137
1660 4142
1662 4147
1664 4152
1666 4157
1668 4162
1670 4167
1672 4172
1674 4177
1676 4182
1678 4187
1680 4192
1682 4197
1684 4202
1686 4207
1688 4212
1690 4217
1692 4222
1694 4227
1696 4232
1698 4237
1700 4242
1702 4247
1704 4252
1706 4257
1708 4262
1710 4267
1712 4272
1714 4277
1716 4282
1718 4287
1720 4292
1722 4297
1724 4302
1726 4307
1728 4312
1730 4317
1732 4322
1734 4327
1736 4332
1738 4337
1740 4342
1742 4347
1744 4352
1746 4357
1748 4362
1750 4367
1752 4372
1754 4377
1756 4382
1758 4387
1760 4392
1762 4397
1764 4402
1766 4407
1768 4412
1770 4417
1772 4422
1774 4427
1776 4432
1778 4437
1780 4442
1782 4447
1784 4452
1786 4457
1788 4462
1790 4467
1792 4472
1794 4477
1796 4482
1798 4487
1800 4492
1802 4497
1804 4502
1806 4507
1808 4512
1810 4517
1812 4522
1814 4527
1816 4532
1818 4537
1820 4542
1822 4547
1824 4552
1826 4557
1828 4562
1830 4567
1832 4572
1834 4577
1836 4582
1838 4587
1840 4592
1842 4597
1844 4602
1846 4607
1848 4612
1850 4617
1852 4622
1854 4627
1856 4632
1858 4637
1860 4642
1862 4647
1864 4652
1866 4657
1868 4662
1870 4667
1872 4672
1874 4677
1876 4682
1878 4687
1880 4692
1882 4697
1884 4702
1886 4707
1888 4712
1890 4717
1892 4722
1894 4727
1896 4732
1898 4737
1900 4742
1902 4747
1904 4752
1906 4757
1908 4762
1910 4767
1912 4772
1914 4777
1916 4782
1918 4787
1920 4792
1922 4797
1924 4802
1926 4807
1928 4812
1930 4817
1932 4822
1934 4827
1936 4832
1938 4837
1940 4842
1942 4847
1944 4852
1946 4857
1948 4862
1950 4867
1952 4872
1954 4877
1956 4882
1958 4887
1960 4892
1962 4897
1964 4902
1966 4907
1968 4912
1970 4917
1972 4922
1974 4927
1976 4932
1978 4937
1980 4942
1982 4947
1984 4952
1986 4957
1988 4962
1990 4967
1992 4972
1994 4977
1996 4982
1998 4987
2000 4992
2002 4997
5 4
10 5
15 6
20 7
25 8
30 9
35 10
40 11
45 12
50 13
55 14
60 15
65 16
70 17
75 18
80 19
85 20
90 21
95 22
100 23
105 24
110 25
115 26
120 27
125 28
130 29
135 30
140 31
145 32
150 33
155 34
160 35
165 36
170 37
175 38
180 39
185 40
190 41
195 42
200 43
205 44
210 45
215 46
220 47
225 48
230 49
235 50
240 51
245 52
250 53
255 54
260 55
265 56
270 57
275 58
280 59
285 60
290 61
295 62
300 63
305 64
310 65
315 66
320 67
325 68
330 69
335 70
340 71
345 72
350 73
355 74
360 75
365 76
370 77
375 78
380 79
385 80
390 81
395 82
400 83
405 84
410 85
415 86
420 87
425 88
430 89
435 90
440 91
445 92
450 93
455 94
460 95
465 96
470 97
475 98
480 99
485 100
490 101
495 102
500 103
505 104
510 105
515 106
520 107
525 108
530 109
535 110
540 111
545 112
550 113
555 114
560 115
565 116
570 117
575 118
580 119
585 120
590 121
595 122
600 123
605 124
610 125
615 126
620 127
625 128
630 129
635 130
640 131
645 132
650 133
655 134
660 135
665 136
670 137
675 138
680 139
685 140
690 141
695 142
700 143
705 144
710 145
715 146
720 147
725 148
730 149
735 150
740 151
745 152
750 153
755 154
760 155
765 156
770 157
775 158
780 159
785 160
790 161
795 162
800 163
805 164
810 165
815 166
820 167
825 168
830 169
835 170
840 171
845 172
850 173
855 174
860 175
865 176
870 177
875 178
880 179
885 180
890 181
895 182
900 183
905 184
910 185
915 186
920 187
925 188
930 189
935 190
940 191
945 192
950 193
955 194
960 195
965 196
970 197
975 198
980 199
985 200
990 201
995 202
1000 203
1005 204
1010 205
1015 206
1020 207
1025 208
1030 209
1035 210
1040 211
1045 212
1050 213
1055 214
1060 215
1065 216
1070 217
1075 218
1080 219
1085 220
1090 221
1095 222
1100 223
1105 224
1110 225
1115 226
1120 227
1125 228
1130 229
1135 230
1140 231
1145 232
1150 233
1155 234
1160 235
1165 236
1170 237
1175 238
1180 239
1185 240
1190 241
1195 242
1200 243
1205 244
1210 245
1215 246
1220 247
1225 248
1230 249
1235 250
1240 251
1245 252
1250 253
1255 254
1260 255
1265 256
1270 257
1275 258
1280 259
1285 260
1290 261
1295 262
1300 263
1305 264
1310 265
1315 266
1320 267
1325 268
1330 269
1335 270
1340 271
1345 272
1350 273
1355 274
1360 275
1365 276
1370 277
1375 278
1380 279
1385 280
1390 281
1395 282
1400 283
1405 284
1410 285
1415 286
1420 287
1425 288
1430 289
1435 290
1440 291
1445 292
1450 293
1455 294
1460 295
1465 296
1470 297
1475 298
1480 299
1485 300
1490 301
1495 302
1500 303
1505 304
1510 305
1515 306
1520 307
1525 308
1530 309
1535 310
1540 311
1545 312
1550 313
1555 314
1560 315
1565 316
1570 317
1575 318
1580 319
1585 320
1590 321
1595 322
1600 323
1605 324
1610 325
1615 326
1620 327
1625 328
1630 329
1635 330
1640 331
1645 332
1650 333
1655 334
1660 335
1665 336
1670 337
1675 338
1680 339
1685 340
1690 341
1695 342
1700 343
1705 344
1710 345
1715 346
1720 347
1725 348
1730 349
1735 350
1740 351
1745 352
1750 353
1755 354
1760 355
1765 356
1770 357
1775 358
1780 359
1785 360
1790 361
1795 362
1800 363
1805 364
1810 365
1815 366
1820 367
1825 368
1830 369
1835 370
1840 371
1845 372
1850 373
1855 374
1860 375
1865 376
1870 377
1875 378
1880 379
1885 380
1890 381
1895 382
1900 383
1905 384
1910 385
1915 386
1920 387
1925 388
1930 389
1935 390
1940 391
1945 392
1950 393
1955 394
1960 395
1965 396
1970 397
1975 398
1980 399
1985 400
1990 401
1995 402
2000 403
2005 404
2010 405
2015 406
2020 407
2025 408
2030 409
2035 410
2040 411
2045 412
2050 413
2055 414
2060 415
2065 416
2070 417
2075 418
2080 419
2085 420
2090 421
2095 422
2100 423
2105 424
2110 425
2115 426
2120 427
2125 428
2130 429
2135 430
2140 431
2145 432
2150 433
2155 434
2160 435
2165 436
2170 437
2175 438
2180 439
2185 440
2190 441
2195 442
2200 443
2205 444
2210 445
2215 446
2220 447
2225 448
2230 449
2235 450
2240 451
2245 452
2250 453
2255 454
2260 455
2265 456
2270 457
2275 458
2280 459
2285 460
2290 461
2295 462
2300 463
2305 464
2310 465
2315 466
2320 467
2325 468
2330 469
2335 470
2340 471
2345 472
2350 473
2355 474
2360 475
2365 476
2370 477
2375 478
2380 479
2385 480
2390 481
2395 482
2400 483
2405 484
2410 485
2415 486
2420 487
2425 488
2430 489
2435 490
2440 491
2445 492
2450 493
2455 494
2460 495
2465 496
2470 497
2475 498
2480 499
2485 500
2490 501
2495 502
2500 503
2505 504
2510 505
2515 506
2520 507
2525 508
2530 509
2535 510
2540 511
2545 512
2550 513
2555 514
2560 515
2565 516
2570 517
2575 518
2580 519
2585 520
2590 521
2595 522
2600 523
2605 524
2610 525
2615 526
2620 527
2625 528
2630 529
2635 530
2640 531
2645 532
2650 533
2655 534
2660 535
2665 536
2670 537
2675 538
2680 539
2685 540
2690 541
2695 542
2700 543
2705 544
2710 545
2715 546
2720 547
2725 548
2730 549
2735 550
2740 551
2745 552
2750 553
2755 554
2760 555
2765 556
2770 557
2775 558
2780 559
2785 560
2790 561
2795 562
2800 563
2805 564
2810 565
2815 566
2820 567
2825 568
2830 569
2835 570
2840 571
2845 572
2850 573
2855 574
2860 575
2865 576
2870 577
2875 578
2880 579
2885 580
2890 581
2895 582
2900 583
2905 584
2910 585
2915 586
2920 587
2925 588
2930 589
2935 590
2940 591
2945 592
2950 593
2955 594
2960 595
2965 596
2970 597
2975 598
2980 599
2985 600
2990 601
2995 602
3000 603
3005 604
3010 605
3015 606
3020 607
3025 608
3030 609
3035 610
3040 611
3045 612
3050 613
3055 614
3060 615
3065 616
3070 617
3075 618
3080 619
3085 620
3090 621
3095 622
3100 623
3105 624
3110 625
3115 626
3120 627
3125 628
3130 629
3135 630
3140 631
3145 632
3150 633
3155 634
3160 635
3165 636
3170 637
3175 638
3180 639
3185 640
3190 641
3195 642
3200 643
3205 644
3210 645
3215 646
3220 647
3225 648
3230 649
3235 650
3240 651
3245 652
3250 653
3255 654
3260 655
3265 656
3270 657
3275 658
3280 659
3285 660
3290 661
3295 662
3300 663
3305 664
3310 665
3315 666
3320 667
3325 668
3330 669
3335 670
3340 671
3345 672
3350 673
3355 674
3360 675
3365 676
3370 677
3375 678
3380 679
3385 680
3390 681
3395 682
3400 683
3405 684
3410 685
3415 686
3420 687
3425 688
3430 689
3435 690
3440 691
3445 692
3450 693
3455 694
3460 695
3465 696
3470 697
3475 698
3480 699
3485 700
3490 701
3495 702
3500 703
3505 704
3510 705
3515 706
3520 707
3525 708
3530 709
3535 710
3540 711
3545 712
3550 713
3555 714
3560 715
3565 716
3570 717
3575 718
3580 719
3585 720
3590 721
3595 722
3600 723
3605 724
3610 725
3615 726
3620 727
3625 728
3630 729
3635 730
3640 731
3645 732
3650 733
3655 734
3660 735
3665 736
3670 737
3675 738
3680 739
3685 740
3690 741
3695 742
3700 743
3705 744
3710 745
3715 746
3720 747
3725 748
3730 749
3735 750
3740 751
3745 752
3750 753
3755 754
3760 755
3765 756
3770 757
3775 758
3780 759
3785 760
3790 761
3795 762
3800 763
3805 764
3810 765
3815 766
3820 767
3825 768
3830 769
3835 770
3840 771
3845 772
3850 773
3855 774
3860 775
3865 776
3870 777
3875 778
3880 779
3885 780
3890 781
3895 782
3900 783
3905 784
3910 785
3915 786
3920 787
3925 788
3930 789
3935 790
3940 791
3945 792
3950 793
3955 794
3960 795
3965 796
3970 797
3975 798
3980 799
3985 800
3990 801
3995 802
4000 803
4005 804
4010 805
4015 806
4020 807
4025 808
4030 809
4035 810
4040 811
4045 812
4050 813
4055 814
4060 815
4065 816
4070 817
4075 818
4080 819
4085 820
4090 821
4095 822
4100 823
4105 824
4110 825
4115 826
4120 827
4125 828
4130 829
4135 830
4140 831
4145 832
4150 833
4155 834
4160 835
4165 836
4170 837
4175 838
4180 839
4185 840
4190 841
4195 842
4200 843
4205 844
4210 845
4215 846
4220 847
4225 848
4230 849
4235 850
4240 851
4245 852
4250 853
4255 854
4260 855
4265 856
4270 857
4275 858
4280 859
4285 860
4290 861
4295 862
4300 863
4305 864
4310 865
4315 866
4320 867
4325 868
4330 869
4335 870
4340 871
4345 872
4350 873
4355 874
4360 875
4365 876
4370 877
4375 878
4380 879
4385 880
4390 881
4395 882
4400 883
4405 884
4410 885
4415 886
4420 887
4425 888
4430 889
4435 890
4440 891
4445 892
4450 893
4455 894
4460 895
4465 896
4470 897
4475 898
4480 899
4485 900
4490 901
4495 902
4500 903
4505 904
4510 905
4515 906
4520 907
4525 908
4530 909
4535 910
4540 911
4545 912
4550 913
4555 914
4560 915
4565 916
4570 917
4575 918
4580 919
4585 920
4590 921
4595 922
4600 923
4605 924
4610 925
4615 926
4620 927
4625 928
4630 929
4635 930
4640 931
4645 932
4650 933
4655 934
4660 935
4665 936
4670 937
4675 938
4680 939
4685 940
4690 941
4695 942
4700 943
4705 944
4710 945
4715 946
4720 947
4725 948
4730 949
4735 950
4740 951
4745 952
4750 953
4755 954
4760 955
4765 956
4770 957
4775 958
4780 959
4785 960
4790 961
4795 962
4800 963
4805 964
4810 965
4815 966
4820 967
4825 968
4830 969
4835 970
4840 971
4845 972
4850 973
4855 974
4860 975
4865 976
4870 977
4875 978
4880 979
4885 980
4890 981
4895 982
4900 983
4905 984
4910 985
4915 986
4920 987
4925 988
4930 989
4935 990
4940 991
4945 992
4950 993
4955 994
4960 995
4965 996
4970 997
4975 998
4980 999
4985 1000
4990 1001
4995 1002
5000 1003
1245 1451
1257 1417
1269 1383
1281 1349
1293 1315
1305 1281
1317 1247
1329 1213
1341 1179
1353 1145
1365 1111
1377 1077
1389 1043
1401 1009
1413 975
1425 941
1437 907
1449 873
1461 839
1473 805
1485 771
1497 737
1509 703
1521 669
1533 635
1545 601
1557 567
1569 533
1581 499
1593 465
1605 431
1617 397
1629 363
1641 329
1653 295
1665 261
1677 227
1689 193
1701 159
1713 125
1725 91
1737 57
1749 23
1 5000
4 4999
7 4998
10 4997
13 4996
16 4995
19 4994
22 4993
25 4992
28 4991
31 4990
34 4989
37 4988
40 4987
43 4986
46 4985
49 4984
52 4983
55 4982
58 4981
61 4980
64 4979
67 4978
70 4977
73 4976
76 4975
79 4974
82 4973
85 4972
88 4971
91 4970
94 4969
97 4968
100 4967
103 4966
106 4965
109 4964
112 4963
115 4962
118 4961
121 4960
124 4959
127 4958
130 4957
133 4956
136 4955
139 4954
142 4953
145 4952
148 4951
151 4950
154 4949
157 4948
160 4947
163 4946
166 4945
169 4944
172 4943
175 4942
178 4941
181 4940
184 4939
187 4938
190 4937
193 4936
196 4935
199 4934
202 4933
205 4932
208 4931
211 4930
214 4929
217 4928
220 4927
223 4926
226 4925
229 4924
232 4923
235 4922
238 4921
241 4920
244 4919
247 4918
250 4917
253 4916
256 4915
259 4914
262 4913
265 4912
268 4911
271 4910
274 4909
277 4908
280 4907
283 4906
286 4905
289 4904
292 4903
295 4902
298 4901
301 4900
304 4899
307 4898
310 4897
313 4896
316 4895
319 4894
322 4893
325 4892
328 4891
331 4890
334 4889
337 4888
340 4887
343 4886
346 4885
349 4884
352 4883
355 4882
358 4881
361 4880
364 4879
367 4878
370 4877
373 4876
376 4875
379 4874
382 4873
385 4872
388 4871
391 4870
394 4869
397 4868
400 4867
403 4866
406 4865
409 4864
412 4863
415 4862
418 4861
421 4860
424 4859
427 4858
430 4857
433 4856
436 4855
439 4854
442 4853
445 4852
448 4851
451 4850
454 4849
457 4848
460 4847
463 4846
466 4845
469 4844
472 4843
475 4842
478 4841
481 4840
484 4839
487 4838
490 4837
493 4836
496 4835
499 4834
502 4833
505 4832
508 4831
511 4830
514 4829
517 4828
520 4827
523 4826
526 4825
529 4824
532 4823
535 4822
538 4821
541 4820
544 4819
547 4818
550 4817
553 4816
556 4815
559 4814
562 4813
565 4812
568 4811
571 4810
574 4809
577 4808
580 4807
583 4806
586 4805
589 4804
592 4803
595 4802
598 4801
601 4800
604 4799
607 4798
610 4797
613 4796
616 4795
619 4794
622 4793
625 4792
628 4791
631 4790
634 4789
637 4788
640 4787
643 4786
646 4785
649 4784
652 4783
655 4782
658 4781
661 4780
664 4779
667 4778
670 4777
673 4776
676 4775
679 4774
682 4773
685 4772
688 4771
691 4770
694 4769
697 4768
700 4767
703 4766
706 4765
709 4764
712 4763
715 4762
718 4761
721 4760
724 4759
727 4758
730 4757
733 4756
736 4755
739 4754
742 4753
745 4752
748 4751
751 4750
754 4749
757 4748
760 4747
763 4746
766 4745
769 4744
772 4743
775 4742
778 4741
781 4740
784 4739
787 4738
790 4737
793 4736
796 4735
799 4734
802 4733
805 4732
808 4731
811 4730
814 4729
817 4728
820 4727
823 4726
826 4725
829 4724
832 4723
835 4722
838 4721
841 4720
844 4719
847 4718
850 4717
853 4716
856 4715
859 4714
862 4713
865 4712
868 4711
871 4710
874 4709
877 4708
880 4707
883 4706
886 4705
889 4704
892 4703
895 4702
898 4701
901 4700
904 4699
907 4698
910 4697
913 4696
916 4695
919 4694
922 4693
925 4692
928 4691
931 4690
934 4689
937 4688
940 4687
943 4686
946 4685
949 4684
952 4683
955 4682
958 4681
961 4680
964 4679
967 4678
970 4677
973 4676
976 4675
979 4674
982 4673
985 4672
988 4671
991 4670
994 4669
997 4668
1000 4667
1003 4666
1006 4665
1009 4664
1012 4663
1015 4662
1018 4661
1021 4660
1024 4659
1027 4658
1030 4657
1033 4656
1036 4655
1039 4654
1042 4653
1045 4652
1048 4651
1051 4650
1054 4649
1057 4648
1060 4647
1063 4646
1066 4645
1069 4644
1072 4643
1075 4642
1078 4641
1081 4640
1084 4639
1087 4638
1090 4637
1093 4636
1096 4635
1099 4634
1102 4633
1105 4632
1108 4631
1111 4630
1114 4629
1117 4628
1120 4627
1123 4626
1126 4625
1129 4624
1132 4623
1135 4622
1138 4621
1141 4620
1144 4619
1147 4618
1150 4617
1153 4616
1156 4615
1159 4614
1162 4613
1165 4612
1168 4611
1171 4610
1174 4609
1177 4608
1180 4607
1183 4606
1186 4605
1189 4604
1192 4603
1195 4602
1198 4601
1201 4600
1204 4599
1207 4598
1210 4597
1213 4596
1216 4595
1219 4594
1222 4593
1225 4592
1228 4591
1231 4590
1234 4589
1237 4588
1240 4587
1243 4586
1246 4585
1249 4584
1252 4583
1255 4582
1258 4581
1261 4580
1264 4579
1267 4578
1270 4577
1273 4576
1276 4575
1279 4574
1282 4573
1285 4572
1288 4571
1291 4570
1294 4569
1297 4568
1300 4567
1303 4566
1306 4565
1309 4564
1312 4563
1315 4562
1318 4561
1321 4560
1324 4559
1327 4558
1330 4557
1333 4556
1336 4555
1339 4554
1342 4553
1345 4552
1348 4551
1351 4550
1354 4549
1357 4548
1360 4547
1363 4546
1366 4545
1369 4544
1372 4543
1375 4542
1378 4541
1381 4540
1384 4539
1387 4538
1390 4537
1393 4536
1396 4535
1399 4534
1402 4533
1405 4532
1408 4531
1411 4530
1414 4529
1417 4528
1420 4527
1423 4526
1426 4525
1429 4524
1432 4523
1435 4522
1438 4521
1441 4520
1444 4519
1447 4518
1450 4517
1453 4516
1456 4515
1459 4514
1462 4513
1465 4512
1468 4511
1471 4510
1474 4509
1477 4508
1480 4507
1483 4506
1486 4505
1489 4504
1492 4503
1495 4502
1498 4501
1501 4500
1504 4499
1507 4498
1510 4497
1513 4496
1516 4495
1519 4494
1522 4493
1525 4492
1528 4491
1531 4490
1534 4489
1537 4488
1540 4487
1543 4486
1546 4485
1549 4484
1552 4483
1555 4482
1558 4481
1561 4480
1564 4479
1567 4478
1570 4477
1573 4476
1576 4475
1579 4474
1582 4473
1585 4472
1588 4471
1591 4470
1594 4469
1597 4468
1600 4467
1603 4466
1606 4465
1609 4464
1612 4463
1615 4462
1618 4461
1621 4460
1624 4459
1627 4458
1630 4457
1633 4456
1636 4455
1639 4454
1642 4453
1645 4452
1648 4451
1651 4450
1654 4449
1657 4448
1660 4447
1663 4446
1666 4445
1669 4444
1672 4443
1675 4442
1678 4441
1681 4440
1684 4439
1687 4438
1690 4437
1693 4436
1696 4435
1699 4434
1702 4433
1705 4432
1708 4431
1711 4430
1714 4429
1717 4428
1720 4427
1723 4426
1726 4425
1729 4424
1732 4423
1735 4422
1738 4421
1741 4420
1744 4419
1747 4418
1750 4417
1753 4416
1756 4415
1759 4414
1762 4413
1765 4412
1768 4411
1771 4410
1774 4409
1777 4408
1780 4407
1783 4406
1786 4405
1789 4404
1792 4403
1795 4402
1798 4401
1801 4400
1804 4399
1807 4398
1810 4397
1813 4396
1816 4395
1819 4394
1822 4393
1825 4392
1828 4391
1831 4390
1834 4389
1837 4388
1840 4387
1843 4386
1846 4385
1849 4384
1852 4383
1855 4382
1858 4381
1861 4380
1864 4379
1867 4378
1870 4377
1873 4376
1876 4375
1879 4374
1882 4373
1885 4372
1888 4371
1891 4370
1894 4369
1897 4368
1900 4367
1903 4366
1906 4365
1909 4364
1912 4363
1915 4362
1918 4361
1921 4360
1924 4359
1927 4358
1930 4357
1933 4356
1936 4355
1939 4354
1942 4353
1945 4352
1948 4351
1951 4350
1954 4349
1957 4348
1960 4347
1963 4346
1966 4345
1969 4344
1972 4343
1975 4342
1978 4341
1981 4340
1984 4339
1987 4338
1990 4337
1993 4336
1996 4335
1999 4334
2002 4333
2005 4332
2008 4331
2011 4330
2014 4329
2017 4328
2020 4327
2023 4326
2026 4325
2029 4324
2032 4323
2035 4322
2038 4321
2041 4320
2044 4319
2047 4318
2050 4317
2053 4316
2056 4315
2059 4314
2062 4313
2065 4312
2068 4311
2071 4310
2074 4309
2077 4308
2080 4307
2083 4306
2086 4305
2089 4304
2092 4303
2095 4302
2098 4301
2101 4300
2104 4299
2107 4298
2110 4297
2113 4296
2116 4295
2119 4294
2122 4293
2125 4292
2128 4291
2131 4290
2134 4289
2137 4288
2140 4287
2143 4286
2146 4285
2149 4284
2152 4283
2155 4282
2158 4281
2161 4280
2164 4279
2167 4278
2170 4277
2173 4276
2176 4275
2179 4274
2182 4273
2185 4272
2188 4271
2191 4270
2194 4269
2197 4268
2200 4267
2203 4266
2206 4265
2209 4264
2212 4263
2215 4262
2218 4261
2221 4260
2224 4259
2227 4258
2230 4257
2233 4256
2236 4255
2239 4254
2242 4253
2245 4252
2248 4251
2251 4250
2254 4249
2257 4248
2260 4247
2263 4246
2266 4245
2269 4244
2272 4243
2275 4242
2278 4241
2281 4240
2284 4239
2287 4238
2290 4237
2293 4236
2296 4235
2299 4234
2302 4233
2305 4232
2308 4231
2311 4230
2314 4229
2317 4228
2320 4227
2323 4226
2326 4225
2329 4224
2332 4223
2335 4222
2338 4221
2341 4220
2344 4219
2347 4218
2350 4217
2353 4216
2356 4215
2359 4214
2362 4213
2365 4212
2368 4211
2371 4210
2374 4209
2377 4208
2380 4207
2383 4206
2386 4205
2389 4204
2392 4203
2395 4202
2398 4201
2401 4200
2404 4199
2407 4198
2410 4197
2413 4196
2416 4195
2419 4194
2422 4193
2425 4192
2428 4191
2431 4190
2434 4189
2437 4188
2440 4187
2443 4186
2446 4185
2449 4184
2452 4183
2455 4182
2458 4181
2461 4180
2464 4179
2467 4178
2470 4177
2473 4176
2476 4175
2479 4174
2482 4173
2485 4172
2488 4171
2491 4170
2494 4169
2497 4168
2500 4167
2503 4166
2506 4165
2509 4164
2512 4163
2515 4162
2518 4161
2521 4160
2524 4159
2527 4158
2530 4157
2533 4156
2536 4155
2539 4154
2542 4153
2545 4152
2548 4151
2551 4150
2554 4149
2557 4148
2560 4147
2563 4146
2566 4145
2569 4144
2572 4143
2575 4142
2578 4141
2581 4140
2584 4139
2587 4138
2590 4137
2593 4136
2596 4135
2599 4134
2602 4133
2605 4132
2608 4131
2611 4130
2614 4129
2617 4128
2620 4127
2623 4126
2626 4125
2629 4124
2632 4123
2635 4122
2638 4121
2641 4120
2644 4119
2647 4118
2650 4117
2653 4116
2656 4115
2659 4114
2662 4113
2665 4112
2668 4111
2671 4110
2674 4109
2677 4108
2680 4107
2683 4106
2686 4105
2689 4104
2692 4103
2695 4102
2698 4101
2701 4100
2704 4099
2707 4098
2710 4097
2713 4096
2716 4095
2719 4094
2722 4093
2725 4092
2728 4091
2731 4090
2734 4089
2737 4088
2740 4087
2743 4086
2746 4085
2749 4084
2752 4083
2755 4082
2758 4081
2761 4080
2764 4079
2767 4078
2770 4077
2773 4076
2776 4075
2779 4074
2782 4073
2785 4072
2788 4071
2791 4070
2794 4069
2797 4068
2800 4067
2803 4066
2806 4065
2809 4064
2812 4063
2815 4062
2818 4061
2821 4060
2824 4059
2827 4058
2830 4057
2833 4056
2836 4055
2839 4054
2842 4053
2845 4052
2848 4051
2851 4050
2854 4049
2857 4048
2860 4047
2863 4046
2866 4045
2869 4044
2872 4043
2875 4042
2878 4041
2881 4040
2884 4039
2887 4038
2890 4037
2893 4036
2896 4035
2899 4034
2902 4033
2905 4032
2908 4031
2911 4030
2914 4029
2917 4028
2920 4027
2923 4026
2926 4025
2929 4024
2932 4023
2935 4022
2938 4021
2941 4020
2944 4019
2947 4018
2950 4017
2953 4016
2956 4015
2959 4014
2962 4013
2965 4012
2968 4011
2971 4010
2974 4009
2977 4008
2980 4007
2983 4006
2986 4005
2989 4004
2992 4003
2995 4002
2998 4001
3001 4000
3004 3999
3007 3998
3010 3997
3013 3996
3016 3995
3019 3994
3022 3993
3025 3992
3028 3991
3031 3990
3034 3989
3037 3988
3040 3987
3043 3986
3046 3985
3049 3984
3052 3983
3055 3982
3058 3981
3061 3980
3064 3979
3067 3978
3070 3977
3073 3976
3076 3975
3079 3974
3082 3973
3085 3972
3088 3971
3091 3970
3094 3969
3097 3968
3100 3967
3103 3966
3106 3965
3109 3964
3112 3963
3115 3962
3118 3961
3121 3960
3124 3959
3127 3958
3130 3957
3133 3956
3136 3955
3139 3954
3142 3953
3145 3952
3148 3951
3151 3950
3154 3949
3157 3948
3160 3947
3163 3946
3166 3945
3169 3944
3172 3943
3175 3942
3178 3941
3181 3940
3184 3939
3187 3938
3190 3937
3193 3936
3196 3935
3199 3934
3202 3933
3205 3932
3208 3931
3211 3930
3214 3929
3217 3928
3220 3927
3223 3926
3226 3925
3229 3924
3232 3923
3235 3922
3238 3921
3241 3920
3244 3919
3247 3918
3250 3917
3253 3916
3256 3915
3259 3914
3262 3913
3265 3912
3268 3911
3271 3910
3274 3909
3277 3908
3280 3907
3283 3906
3286 3905
3289 3904
3292 3903
3295 3902
3298 3901
3301 3900
3304 3899
3307 3898
3310 3897
3313 3896
3316 3895
3319 3894
3322 3893
3325 3892
3328 3891
3331 3890
3334 3889
3337 3888
3340 3887
3343 3886
3346 3885
3349 3884
3352 3883
3355 3882
3358 3881
3361 3880
3364 3879
3367 3878
3370 3877
3373 3876
3376 3875
3379 3874
3382 3873
3385 3872
3388 3871
3391 3870
3394 3869
3397 3868
3400 3867
3403 3866
3406 3865
3409 3864
3412 3863
3415 3862
3418 3861
3421 3860
3424 3859
3427 3858
3430 3857
3433 3856
3436 3855
3439 3854
3442 3853
3445 3852
3448 3851
3451 3850
3454 3849
3457 3848
3460 3847
3463 3846
3466 3845
3469 3844
3472 3843
3475 3842
3478 3841
3481 3840
3484 3839
3487 3838
3490 3837
3493 3836
3496 3835
3499 3834
3502 3833
3505 3832
3508 3831
3511 3830
3514 3829
3517 3828
3520 3827
3523 3826
3526 3825
3529 3824
3532 3823
3535 3822
3538 3821
3541 3820
3544 3819
3547 3818
3550 3817
3553 3816
3556 3815
3559 3814
3562 3813
3565 3812
3568 3811
3571 3810
3574 3809
3577 3808
3580 3807
3583 3806
3586 3805
3589 3804
3592 3803
3595 3802
3598 3801
3601 3800
3604 3799
3607 3798
3610 3797
3613 3796
3616 3795
3619 3794
3622 3793
3625 3792
3628 3791
3631 3790
3634 3789
3637 3788
3640 3787
3643 3786
3646 3785
3649 3784
3652 3783
3655 3782
3658 3781
3661 3780
3664 3779
3667 3778
3670 3777
3673 3776
3676 3775
3679 3774
3682 3773
3685 3772
3688 3771
3691 3770
3694 3769
3697 3768
3700 3767
3703 3766
3706 3765
3709 3764
3712 3763
3715 3762
3718 3761
3721 3760
3724 3759
3727 3758
3730 3757
3733 3756
3736 3755
3739 3754
3742 3753
3745 3752
3748 3751
3751 3750
3754 3749
3757 3748
3760 3747
3763 3746
3766 3745
3769 3744
3772 3743
3775 3742
3778 3741
3781 3740
3784 3739
3787 3738
3790 3737
3793 3736
3796 3735
3799 3734
3802 3733
3805 3732
3808 3731
3811 3730
3814 3729
3817 3728
3820 3727
3823 3726
3826 3725
3829 3724
3832 3723
3835 3722
3838 3721
3841 3720
3844 3719
3847 3718
3850 3717
3853 3716
3856 3715
3859 3714
3862 3713
3865 3712
3868 3711
3871 3710
3874 3709
3877 3708
3880 3707
3883 3706
3886 3705
3889 3704
3892 3703
3895 3702
3898 3701
3901 3700
3904 3699
3907 3698
3910 3697
3913 3696
3916 3695
3919 3694
3922 3693
3925 3692
3928 3691
3931 3690
3934 3689
3937 3688
3940 3687
3943 3686
3946 3685
3949 3684
3952 3683
3955 3682
3958 3681
3961 3680
3964 3679
3967 3678
3970 3677
3973 3676
3976 3675
3979 3674
3982 3673
3985 3672
3988 3671
3991 3670
3994 3669
3997 3668
4000 3667
4003 3666
4006 3665
4009 3664
4012 3663
4015 3662
4018 3661
4021 3660
4024 3659
4027 3658
4030 3657
4033 3656
4036 3655
4039 3654
4042 3653
4045 3652
4048 3651
4051 3650
4054 3649
4057 3648
4060 3647
4063 3646
4066 3645
4069 3644
4072 3643
4075 3642
4078 3641
4081 3640
4084 3639
4087 3638
4090 3637
4093 3636
4096 3635
4099 3634
4102 3633
4105 3632
4108 3631
4111 3630
4114 3629
4117 3628
4120 3627
4123 3626
4126 3625
4129 3624
4132 3623
4135 3622
4138 3621
4141 3620
4144 3619
4147 3618
4150 3617
4153 3616
4156 3615
4159 3614
4162 3613
4165 3612
4168 3611
4171 3610
4174 3609
4177 3608
4180 3607
4183 3606
4186 3605
4189 3604
4192 3603
4195 3602
4198 3601
4201 3600
4204 3599
4207 3598
4210 3597
4213 3596
4216 3595
4219 3594
4222 3593
4225 3592
4228 3591
4231 3590
4234 3589
4237 3588
4240 3587
4243 3586
4246 3585
4249 3584
4252 3583
4255 3582
4258 3581
4261 3580
4264 3579
4267 3578
4270 3577
4273 3576
4276 3575
4279 3574
4282 3573
4285 3572
4288 3571
4291 3570
4294 3569
4297 3568
4300 3567
4303 3566
4306 3565
4309 3564
4312 3563
4315 3562
4318 3561
4321 3560
4324 3559
4327 3558
4330 3557
4333 3556
4336 3555
4339 3554
4342 3553
4345 3552
4348 3551
4351 3550
4354 3549
4357 3548
4360 3547
4363 3546
4366 3545
4369 3544
4372 3543
4375 3542
4378 3541
4381 3540
4384 3539
4387 3538
4390 3537
4393 3536
4396 3535
4399 3534
4402 3533
4405 3532
4408 3531
4411 3530
4414 3529
4417 3528
4420 3527
4423 3526
4426 3525
4429 3524
4432 3523
4435 3522
4438 3521
4441 3520
4444 3519
4447 3518
4450 3517
4453 3516
4456 3515
4459 3514
4462 3513
4465 3512
4468 3511
4471 3510
4474 3509
4477 3508
4480 3507
4483 3506
4486 3505
4489 3504
4492 3503
4495 3502
4498 3501
4501 3500
4504 3499
4507 3498
4510 3497
4513 3496
4516 3495
4519 3494
4522 3493
4525 3492
4528 3491
4531 3490
4534 3489
4537 3488
4540 3487
4543 3486
4546 3485
4549 3484
4552 3483
4555 3482
4558 3481
4561 3480
4564 3479
4567 3478
4570 3477
4573 3476
4576 3475
4579 3474
4582 3473
4585 3472
4588 3471
4591 3470
4594 3469
4597 3468
4600 3467
4603 3466
4606 3465
4609 3464
4612 3463
4615 3462
4618 3461
4621 3460
4624 3459
4627 3458
4630 3457
4633 3456
4636 3455
4639 3454
4642 3453
4645 3452
4648 3451
4651 3450
4654 3449
4657 3448
4660 3447
4663 3446
4666 3445
4669 3444
4672 3443
4675 3442
4678 3441
4681 3440
4684 3439
4687 3438
4690 3437
4693 3436
4696 3435
4699 3434
4702 3433
4705 3432
4708 3431
4711 3430
4714 3429
4717 3428
4720 3427
4723 3426
4726 3425
4729 3424
4732 3423
4735 3422
4738 3421
4741 3420
4744 3419
4747 3418
4750 3417
4753 3416
4756 3415
4759 3414
4762 3413
4765 3412
4768 3411
4771 3410
4774 3409
4777 3408
4780 3407
4783 3406
4786 3405
4789 3404
4792 3403
4795 3402
4798 3401
4801 3400
4804 3399
4807 3398
4810 3397
4813 3396
4816 3395
4819 3394
4822 3393
4825 3392
4828 3391
4831 3390
4834 3389
4837 3388
4840 3387
4843 3386
4846 3385
4849 3384
4852 3383
4855 3382
4858 3381
4861 3380
4864 3379
4867 3378
4870 3377
4873 3376
4876 3375
4879 3374
4882 3373
4885 3372
4888 3371
4891 3370
4894 3369
4897 3368
4900 3367
4903 3366
4906 3365
4909 3364
4912 3363
4915 3362
4918 3361
4921 3360
4924 3359
4927 3358
4930 3357
4933 3356
4936 3355
4939 3354
4942 3353
4945 3352
4948 3351
4951 3350
4954 3349
4957 3348
4960 3347
4963 3346
4966 3345
4969 3344
4972 3343
4975 3342
4978 3341
4981 3340
4984 3339
4987 3338
4990 3337
4993 3336
4996 3335
4999 3334
2 2222
6 2222
10 2222
14 2222
18 2222
22 2222
26 2222
30 2222
34 2222
38 2222
42 2222
46 2222
50 2222
54 2222
58 2222
62 2222
66 2222
70 2222
74 2222
78 2222
82 2222
86 2222
90 2222
94 2222
98 2222
102 2222
106 2222
110 2222
114 2222
118 2222
122 2222
126 2222
130 2222
134 2222
138 2222
142 2222
146 2222
150 2222
154 2222
158 2222
162 2222
166 2222
170 2222
174 2222
178 2222
182 2222
186 2222
190 2222
194 2222
198 2222
202 2222
206 2222
210 2222
214 2222
218 2222
222 2222
226 2222
230 2222
234 2222
238 2222
242 2222
246 2222
250 2222
254 2222
258 2222
262 2222
266 2222
270 2222
274 2222
278 2222
282 2222
286 2222
290 2222
294 2222
298 2222
302 2222
306 2222
310 2222
314 2222
318 2222
322 2222
326 2222
330 2222
334 2222
338 2222
342 2222
346 2222
350 2222
354 2222
358 2222
362 2222
366 2222
370 2222
374 2222
378 2222
382 2222
386 2222
390 2222
394 2222
398 2222
402 2222
406 2222
410 2222
414 2222
418 2222
422 2222
426 2222
430 2222
434 2222
438 2222
442 2222
446 2222
450 2222
454 2222
458 2222
462 2222
466 2222
470 2222
474 2222
478 2222
482 2222
486 2222
490 2222
494 2222
498 2222
502 2222
506 2222
510 2222
514 2222
518 2222
522 2222
526 2222
530 2222
534 2222
538 2222
542 2222
546 2222
550 2222
554 2222
558 2222
562 2222
566 2222
570 2222
574 2222
578 2222
582 2222
586 2222
590 2222
594 2222
598 2222
602 2222
606 2222
610 2222
614 2222
618 2222
622 2222
626 2222
630 2222
634 2222
638 2222
642 2222
646 2222
650 2222
654 2222
658 2222
662 2222
666 2222
670 2222
674 2222
678 2222
682 2222
686 2222
690 2222
694 2222
698 2222
702 2222
706 2222
710 2222
714 2222
718 2222
722 2222
726 2222
730 2222
734 2222
738 2222
742 2222
746 2222
750 2222
754 2222
758 2222
762 2222
766 2222
770 2222
774 2222
778 2222
782 2222
786 2222
790 2222
794 2222
798 2222
802 2222
806 2222
810 2222
814 2222
818 2222
822 2222
826 2222
830 2222
834 2222
838 2222
842 2222
846 2222
850 2222
854 2222
858 2222
862 2222
866 2222
870 2222
874 2222
878 2222
882 2222
886 2222
890 2222
894 2222
898 2222
902 2222
906 2222
910 2222
914 2222
918 2222
922 2222
926 2222
930 2222
934 2222
938 2222
942 2222
946 2222
950 2222
954 2222
958 2222
962 2222
966 2222
970 2222
974 2222
978 2222
982 2222
986 2222
990 2222
994 2222
998 2222
1002 2222
1006 2222
1010 2222
1014 2222
1018 2222
1022 2222
1026 2222
1030 2222
1034 2222
1038 2222
1042 2222
1046 2222
1050 2222
1054 2222
1058 2222
1062 2222
1066 2222
1070 2222
1074 2222
1078 2222
1082 2222
1086 2222
1090 2222
1094 2222
1098 2222
1102 2222
1106 2222
1110 2222
1114 2222
1118 2222
1122 2222
1126 2222
1130 2222
1134 2222
1138 2222
1142 2222
1146 2222
1150 2222
1154 2222
1158 2222
1162 2222
1166 2222
1170 2222
1174 2222
1178 2222
1182 2222
1186 2222
1190 2222
1194 2222
1198 2222
1202 2222
1206 2222
1210 2222
1214 2222
1218 2222
1222 2222
1226 2222
1230 2222
1234 2222
1238 2222
1242 2222
1246 2222
1250 2222
1254 2222
1258 2222
1262 2222
1266 2222
1270 2222
1274 2222
1278 2222
1282 2222
1286 2222
1290 2222
1294 2222
1298 2222
1302 2222
1306 2222
1310 2222
1314 2222
1318 2222
1322 2222
1326 2222
1330 2222
1334 2222
1338 2222
1342 2222
1346 2222
1350 2222
1354 2222
1358 2222
1362 2222
1366 2222
1370 2222
1374 2222
1378 2222
1382 2222
1386 2222
1390 2222
1394 2222
1398 2222
1402 2222
1406 2222
1410 2222
1414 2222
1418 2222
1422 2222
1426 2222
1430 2222
1434 2222
1438 2222
1442 2222
1446 2222
1450 2222
1454 2222
1458 2222
1462 2222
1466 2222
1470 2222
1474 2222
1478 2222
1482 2222
1486 2222
1490 2222
1494 2222
1498 2222
1502 2222
1506 2222
1510 2222
1514 2222
1518 2222
1522 2222
1526 2222
1530 2222
1534 2222
1538 2222
1542 2222
1546 2222
1550 2222
1554 2222
1558 2222
1562 2222
1566 2222
1570 2222
1574 2222
1578 2222
1582 2222
1586 2222
1590 2222
1594 2222
1598 2222
1602 2222
1606 2222
1610 2222
1614 2222
1618 2222
1622 2222
1626 2222
1630 2222
1634 2222
1638 2222
1642 2222
1646 2222
1650 2222
1654 2222
1658 2222
1662 2222
1666 2222
1670 2222
1674 2222
1678 2222
1682 2222
1686 2222
1690 2222
1694 2222
1698 2222
1702 2222
1706 2222
1710 2222
1714 2222
1718 2222
1722 2222
1726 2222
1730 2222
1734 2222
1738 2222
1742 2222
1746 2222
1750 2222
1754 2222
1758 2222
1762 2222
1766 2222
1770 2222
1774 2222
1778 2222
1782 2222
1786 2222
1790 2222
1794 2222
1798 2222
1802 2222
1806 2222
1810 2222
1814 2222
1818 2222
1822 2222
1826 2222
1830 2222
1834 2222
1838 2222
1842 2222
1846 2222
1850 2222
1854 2222
1858 2222
1862 2222
1866 2222
1870 2222
1874 2222
1878 2222
1882 2222
1886 2222
1890 2222
1894 2222
1898 2222
1902 2222
1906 2222
1910 2222
1914 2222
1918 2222
1922 2222
1926 2222
1930 2222
1934 2222
1938 2222
1942 2222
1946 2222
1950 2222
1954 2222
1958 2222
1962 2222
1966 2222
1970 2222
1974 2222
1978 2222
1982 2222
1986 2222
1990 2222
1994 2222
1998 2222
2002 2222
2006 2222
2010 2222
2014 2222
2018 2222
2022 2222
2026 2222
2030 2222
2034 2222
2038 2222
2042 2222
2046 2222
2050 2222
2054 2222
2058 2222
2062 2222
2066 2222
2070 2222
2074 2222
2078 2222
2082 2222
2086 2222
2090 2222
2094 2222
2098 2222
2102 2222
2106 2222
2110 2222
2114 2222
2118 2222
2122 2222
2126 2222
2130 2222
2134 2222
2138 2222
2142 2222
2146 2222
2150 2222
2154 2222
2158 2222
2162 2222
2166 2222
2170 2222
2174 2222
2178 2222
2182 2222
2186 2222
2190 2222
2194 2222
2198 2222
2202 2222
2206 2222
2210 2222
2214 2222
2218 2222
2222 2222
2226 2222
2230 2222
2234 2222
2238 2222
2242 2222
2246 2222
2250 2222
2254 2222
2258 2222
2262 2222
2266 2222
2270 2222
2274 2222
2278 2222
2282 2222
2286 2222
2290 2222
2294 2222
2298 2222
2302 2222
2306 2222
2310 2222
2314 2222
2318 2222
2322 2222
2326 2222
2330 2222
2334 2222
2338 2222
2342 2222
2346 2222
2350 2222
2354 2222
2358 2222
2362 2222
2366 2222
2370 2222
2374 2222
2378 2222
2382 2222
2386 2222
2390 2222
2394 2222
2398 2222
2402 2222
2406 2222
2410 2222
2414 2222
2418 2222
2422 2222
2426 2222
2430 2222
2434 2222
2438 2222
2442 2222
2446 2222
2450 2222
2454 2222
2458 2222
2462 2222
2466 2222
2470 2222
2474 2222
2478 2222
2482 2222
2486 2222
2490 2222
2494 2222
2498 2222
2502 2222
2506 2222
2510 2222
2514 2222
2518 2222
2522 2222
2526 2222
2530 2222
2534 2222
2538 2222
2542 2222
2546 2222
2550 2222
2554 2222
2558 2222
2562 2222
2566 2222
2570 2222
2574 2222
2578 2222
2582 2222
2586 2222
2590 2222
2594 2222
2598 2222
2602 2222
2606 2222
2610 2222
2614 2222
2618 2222
2622 2222
2626 2222
2630 2222
2634 2222
2638 2222
2642 2222
2646 2222
2650 2222
2654 2222
2658 2222
2662 2222
2666 2222
2670 2222
2674 2222
2678 2222
2682 2222
2686 2222
2690 2222
2694 2222
2698 2222
2702 2222
2706 2222
2710 2222
2714 2222
2718 2222
2722 2222
2726 2222
2730 2222
2734 2222
2738 2222
2742 2222
2746 2222
2750 2222
2754 2222
2758 2222
2762 2222
2766 2222
2770 2222
2774 2222
2778 2222
2782 2222
2786 2222
2790 2222
2794 2222
2798 2222
2802 2222
2806 2222
2810 2222
2814 2222
2818 2222
2822 2222
2826 2222
2830 2222
2834 2222
2838 2222
2842 2222
2846 2222
2850 2222
2854 2222
2858 2222
2862 2222
2866 2222
2870 2222
2874 2222
2878 2222
2882 2222
2886 2222
2890 2222
2894 2222
2898 2222
2902 2222
2906 2222
2910 2222
2914 2222
2918 2222
2922 2222
2926 2222
2930 2222
2934 2222
2938 2222
2942 2222
2946 2222
2950 2222
2954 2222
2958 2222
2962 2222
2966 2222
2970 2222
2974 2222
2978 2222
2982 2222
2986 2222
2990 2222
2994 2222
2998 2222
3002 2222
3006 2222
3010 2222
3014 2222
3018 2222
3022 2222
3026 2222
3030 2222
3034 2222
3038 2222
3042 2222
3046 2222
3050 2222
3054 2222
3058 2222
3062 2222
3066 2222
3070 2222
3074 2222
3078 2222
3082 2222
3086 2222
3090 2222
3094 2222
3098 2222
3102 2222
3106 2222
3110 2222
3114 2222
3118 2222
3122 2222
3126 2222
3130 2222
3134 2222
3138 2222
3142 2222
3146 2222
3150 2222
3154 2222
3158 2222
3162 2222
3166 2222
3170 2222
3174 2222
3178 2222
3182 2222
3186 2222
3190 2222
3194 2222
3198 2222
3202 2222
3206 2222
3210 2222
3214 2222
3218 2222
3222 2222
3226 2222
3230 2222
3234 2222
3238 2222
3242 2222
3246 2222
3250 2222
3254 2222
3258 2222
3262 2222
3266 2222
3270 2222
3274 2222
3278 2222
3282 2222
3286 2222
3290 2222
3294 2222
3298 2222
3302 2222
3306 2222
3310 2222
3314 2222
3318 2222
3322 2222
3326 2222
3330 2222
3334 2222
3338 2222
3342 2222
3346 2222
3350 2222
3354 2222
3358 2222
3362 2222
3366 2222
3370 2222
3374 2222
3378 2222
3382 2222
3386 2222
3390 2222
3394 2222
3398 2222
3402 2222
3406 2222
3410 2222
3414 2222
3418 2222
3422 2222
3426 2222
3430 2222
3434 2222
3438 2222
3442 2222
3446 2222
3450 2222
3454 2222
3458 2222
3462 2222
3466 2222
3470 2222
3474 2222
3478 2222
3482 2222
3486 2222
3490 2222
3494 2222
3498 2222
3502 2222
3506 2222
3510 2222
3514 2222
3518 2222
3522 2222
3526 2222
3530 2222
3534 2222
3538 2222
3542 2222
3546 2222
3550 2222
3554 2222
3558 2222
3562 2222
3566 2222
3570 2222
3574 2222
3578 2222
3582 2222
3586 2222
3590 2222
3594 2222
3598 2222
3602 2222
3606 2222
3610 2222
3614 2222
3618 2222
3622 2222
3626 2222
3630 2222
3634 2222
3638 2222
3642 2222
3646 2222
3650 2222
3654 2222
3658 2222
3662 2222
3666 2222
3670 2222
3674 2222
3678 2222
3682 2222
3686 2222
3690 2222
3694 2222
3698 2222
3702 2222
3706 2222
3710 2222
3714 2222
3718 2222
3722 2222
3726 2222
3730 2222
3734 2222
3738 2222
3742 2222
3746 2222
3750 2222
3754 2222
3758 2222
3762 2222
3766 2222
3770 2222
3774 2222
3778 2222
3782 2222
3786 2222
3790 2222
3794 2222
3798 2222
3802 2222
3806 2222
3810 2222
3814 2222
3818 2222
3822 2222
3826 2222
3830 2222
3834 2222
3838 2222
3842 2222
3846 2222
3850 2222
3854 2222
3858 2222
3862 2222
3866 2222
3870 2222
3874 2222
3878 2222
3882 2222
3886 2222
3890 2222
3894 2222
3898 2222
3902 2222
3906 2222
3910 2222
3914 2222
3918 2222
3922 2222
3926 2222
3930 2222
3934 2222
3938 2222
3942 2222
3946 2222
3950 2222
3954 2222
3958 2222
3962 2222
3966 2222
3970 2222
3974 2222
3978 2222
3982 2222
3986 2222
3990 2222
3994 2222
3998 2222
4002 2222
4006 2222
4010 2222
4014 2222
4018 2222
4022 2222
4026 2222
4030 2222
4034 2222
4038 2222
4042 2222
4046 2222
4050 2222
4054 2222
4058 2222
4062 2222
4066 2222
4070 2222
4074 2222
4078 2222
4082 2222
4086 2222
4090 2222
4094 2222
4098 2222
4102 2222
4106 2222
4110 2222
4114 2222
4118 2222
4122 2222
4126 2222
4130 2222
4134 2222
4138 2222
4142 2222
4146 2222
4150 2222
4154 2222
4158 2222
4162 2222
4166 2222
4170 2222
4174 2222
4178 2222
4182 2222
4186 2222
4190 2222
4194 2222
4198 2222
4202 2222
4206 2222
4210 2222
4214 2222
4218 2222
4222 2222
4226 2222
4230 2222
4234 2222
4238 2222
4242 2222
4246 2222
4250 2222
4254 2222
4258 2222
4262 2222
4266 2222
4270 2222
4274 2222
4278 2222
4282 2222
4286 2222
4290 2222
4294 2222
4298 2222
4302 2222
4306 2222
4310 2222
4314 2222
4318 2222
4322 2222
4326 2222
4330 2222
4334 2222
4338 2222
4342 2222
4346 2222
4350 2222
4354 2222
4358 2222
4362 2222
4366 2222
4370 2222
4374 2222
4378 2222
4382 2222
4386 2222
4390 2222
4394 2222
4398 2222
4402 2222
4406 2222
4410 2222
4414 2222
4418 2222
4422 2222
4426 2222
4430 2222
4434 2222
4438 2222
4442 2222
4446 2222
4450 2222
4454 2222
4458 2222
4462 2222
4466 2222
4470 2222
4474 2222
4478 2222
4482 2222
4486 2222
4490 2222
4494 2222
4498 2222
4502 2222
4506 2222
4510 2222
4514 2222
4518 2222
4522 2222
4526 2222
4530 2222
4534 2222
4538 2222
4542 2222
4546 2222
4550 2222
4554 2222
4558 2222
4562 2222
4566 2222
4570 2222
4574 2222
4578 2222
4582 2222
4586 2222
4590 2222
4594 2222
4598 2222
4602 2222
4606 2222
4610 2222
4614 2222
4618 2222
4622 2222
4626 2222
4630 2222
4634 2222
4638 2222
4642 2222
4646 2222
4650 2222
4654 2222
4658 2222
4662 2222
4666 2222
4670 2222
4674 2222
4678 2222
4682 2222
4686 2222
4690 2222
4694 2222
4698 2222
4702 2222
4706 2222
4710 2222
4714 2222
4718 2222
4722 2222
4726 2222
4730 2222
4734 2222
4738 2222
4742 2222
4746 2222
4750 2222
4754 2222
4758 2222
4762 2222
4766 2222
4770 2222
4774 2222
4778 2222
4782 2222
4786 2222
4790 2222
4794 2222
4798 2222
4802 2222
4806 2222
4810 2222
4814 2222
4818 2222
4822 2222
4826 2222
4830 2222
4834 2222
4838 2222
4842 2222
4846 2222
4850 2222
4854 2222
4858 2222
4862 2222
4866 2222
4870 2222
4874 2222
4878 2222
4882 2222
4886 2222
4890 2222
4894 2222
4898 2222
4902 2222
4906 2222
4910 2222
4914 2222
4918 2222
4922 2222
4926 2222
4930 2222
4934 2222
4938 2222
4942 2222
4946 2222
4950 2222
4954 2222
4958 2222
4962 2222
4966 2222
4970 2222
4974 2222
4978 2222
4982 2222
4986 2222
4990 2222
4994 2222
4998 2222
562 2734
1889 3078
253 848
2419 2829
784 4526
1499 1733
326 2543
1134 3172
248 4942
4988 3778
2408 4765
4793 4885
3721 455
2737 4232
205 163
1932 449
2167 3758
4171 1923
1562 495
4306 1793
3273 281
1710 764
729 397
4584 1798
3220 734
4978 1504
1951 377
2522 4690
1022 3044
1789 121
3855 2086
4774 1806
100 1392
7 1604
4533 1203
4254 714
277 4113
4492 3770
2428 4728
1451 1408
