5000 5000
5000
7 4
21 15
35 26
49 37
63 48
77 59
91 70
105 81
119 92
133 103
147 114
161 125
175 136
189 147
203 158
217 169
231 180
245 191
259 202
273 213
287 224
301 235
315 246
329 257
343 268
357 279
371 290
385 301
399 312
413 323
427 334
441 345
455 356
469 367
483 378
497 389
511 400
525 411
539 422
553 433
567 444
581 455
595 466
609 477
623 488
637 499
651 510
665 521
679 532
693 543
707 554
721 565
735 576
749 587
763 598
777 609
791 620
805 631
819 642
833 653
847 664
861 675
875 686
889 697
903 708
917 719
931 730
945 741
959 752
973 763
987 774
1001 785
1015 796
1029 807
1043 818
1057 829
1071 840
1085 851
1099 862
1113 873
1127 884
1141 895
1155 906
1169 917
1183 928
1197 939
1211 950
1225 961
1239 972
1253 983
1267 994
1281 1005
1295 1016
1309 1027
1323 1038
1337 1049
1351 1060
1365 1071
1379 1082
1393 1093
1407 1104
1421 1115
1435 1126
1449 1137
1463 1148
1477 1159
1491 1170
1505 1181
1519 1192
1533 1203
1547 1214
1561 1225
1575 1236
1589 1247
1603 1258
1617 1269
1631 1280
1645 1291
1659 1302
1673 1313
1687 1324
1701 1335
1715 1346
1729 1357
1743 1368
1757 1379
1771 1390
1785 1401
1799 1412
1813 1423
1827 1434
1841 1445
1855 1456
1869 1467
1883 1478
1897 1489
1911 1500
1925 1511
1939 1522
1953 1533
1967 1544
1981 1555
1995 1566
2009 1577
2023 1588
2037 1599
2051 1610
2065 1621
2079 1632
2093 1643
2107 1654
2121 1665
2135 1676
2149 1687
2163 1698
2177 1709
2191 1720
2205 1731
2219 1742
2233 1753
2247 1764
2261 1775
2275 1786
2289 1797
2303 1808
2317 1819
2331 1830
2345 1841
2359 1852
2373 1863
2387 1874
2401 1885
2415 1896
2429 1907
2443 1918
2457 1929
2471 1940
2485 1951
2499 1962
2513 1973
2527 1984
2541 1995
2555 2006
2569 2017
2583 2028
2597 2039
2611 2050
2625 2061
2639 2072
2653 2083
2667 2094
2681 2105
2695 2116
2709 2127
2723 2138
2737 2149
2751 2160
2765 2171
2779 2182
2793 2193
2807 2204
2821 2215
2835 2226
2849 2237
2863 2248
2877 2259
2891 2270
2905 2281
2919 2292
2933 2303
2947 2314
2961 2325
2975 2336
2989 2347
3003 2358
3017 2369
3031 2380
3045 2391
3059 2402
3073 2413
3087 2424
3101 2435
3115 2446
3129 2457
3143 2468
3157 2479
3171 2490
3185 2501
3199 2512
3213 2523
3227 2534
3241 2545
3255 2556
3269 2567
3283 2578
3297 2589
3311 2600
3325 2611
3339 2622
3353 2633
3367 2644
3381 2655
3395 2666
3409 2677
3423 2688
3437 2699
3451 2710
3465 2721
3479 2732
3493 2743
3507 2754
3521 2765
3535 2776
3549 2787
3563 2798
3577 2809
3591 2820
3605 2831
3619 2842
3633 2853
3647 2864
3661 2875
3675 2886
3689 2897
3703 2908
3717 2919
3731 2930
3745 2941
3759 2952
3773 2963
3787 2974
3801 2985
3815 2996
3829 3007
3843 3018
3857 3029
3871 3040
3885 3051
3899 3062
3913 3073
3927 3084
3941 3095
3955 3106
3969 3117
3983 3128
3997 3139
4011 3150
4025 3161
4039 3172
4053 3183
4067 3194
4081 3205
4095 3216
4109 3227
4123 3238
4137 3249
4151 3260
4165 3271
4179 3282
4193 3293
4207 3304
4221 3315
4235 3326
4249 3337
4263 3348
4277 3359
4291 3370
4305 3381
4319 3392
4333 3403
4347 3414
4361 3425
4375 3436
4389 3447
4403 3458
4417 3469
4431 3480
4445 3491
4459 3502
4473 3513
4487 3524
4501 3535
4515 3546
4529 3557
4543 3568
4557 3579
4571 3590
4585 3601
4599 3612
4613 3623
4627 3634
4641 3645
4655 3656
4669 3667
4683 3678
4697 3689
4711 3700
4725 3711
4739 3722
4753 3733
4767 3744
4781 3755
4795 3766
4809 3777
4823 3788
4837 3799
4851 3810
4865 3821
4879 3832
4893 3843
4907 3854
4921 3865
4935 3876
4949 3887
4963 3898
4977 3909
4991 3920
10 10
11 32
12 54
13 76
14 98
15 120
16 142
17 164
18 186
19 208
20 230
21 252
22 274
23 296
24 318
25 340
26 362
27 384
28 406
29 428
30 450
31 472
32 494
33 516
34 538
35 560
36 582
37 604
38 626
39 648
40 670
41 692
42 714
43 736
44 758
45 780
46 802
47 824
48 846
49 868
50 890
51 912
52 934
53 956
54 978
55 1000
56 1022
57 1044
58 1066
59 1088
60 1110
61 1132
62 1154
63 1176
64 1198
65 1220
66 1242
67 1264
68 1286
69 1308
70 1330
71 1352
72 1374
73 1396
74 1418
75 1440
76 1462
77 1484
78 1506
79 1528
80 1550
81 1572
82 1594
83 1616
84 1638
85 1660
86 1682
87 1704
88 1726
89 1748
90 1770
91 1792
92 1814
93 1836
94 1858
95 1880
96 1902
97 1924
98 1946
99 1968
100 1990
101 2012
102 2034
103 2056
104 2078
105 2100
106 2122
107 2144
108 2166
109 2188
110 2210
111 2232
112 2254
113 2276
114 2298
115 2320
116 2342
117 2364
118 2386
119 2408
120 2430
121 2452
122 2474
123 2496
124 2518
125 2540
126 2562
127 2584
128 2606
129 2628
130 2650
131 2672
132 2694
133 2716
134 2738
135 2760
136 2782
137 2804
138 2826
139 2848
140 2870
141 2892
142 2914
143 2936
144 2958
145 2980
146 3002
147 3024
148 3046
149 3068
150 3090
151 3112
152 3134
153 3156
154 3178
155 3200
156 3222
157 3244
158 3266
159 3288
160 3310
161 3332
162 3354
163 3376
164 3398
165 3420
166 3442
167 3464
168 3486
169 3508
170 3530
171 3552
172 3574
173 3596
174 3618
175 3640
176 3662
177 3684
178 3706
179 3728
180 3750
181 3772
182 3794
183 3816
184 3838
185 3860
186 3882
187 3904
188 3926
189 3948
190 3970
191 3992
192 4014
193 4036
194 4058
195 4080
196 4102
197 4124
198 4146
199 4168
200 4190
201 4212
202 4234
203 4256
204 4278
205 4300
206 4322
207 4344
208 4366
209 4388
210 4410
211 4432
212 4454
213 4476
214 4498
215 4520
216 4542
217 4564
218 4586
219 4608
220 4630
221 4652
222 4674
223 4696
224 4718
225 4740
226 4762
227 4784
228 4806
229 4828
230 4850
231 4872
232 4894
233 4916
234 4938
235 4960
236 4982
5 100
15 100
25 100
35 100
45 100
55 100
65 100
75 100
85 100
95 100
105 100
115 100
125 100
135 100
145 100
155 100
165 100
175 100
185 100
195 100
205 100
215 100
225 100
235 100
245 100
255 100
265 100
275 100
285 100
295 100
305 100
315 100
325 100
335 100
345 100
355 100
365 100
375 100
385 100
395 100
405 100
415 100
425 100
435 100
445 100
455 100
465 100
475 100
485 100
495 100
505 100
515 100
525 100
535 100
545 100
555 100
565 100
575 100
585 100
595 100
605 100
615 100
625 100
635 100
645 100
655 100
665 100
675 100
685 100
695 100
705 100
715 100
725 100
735 100
745 100
755 100
765 100
775 100
785 100
795 100
805 100
815 100
825 100
835 100
845 100
855 100
865 100
875 100
885 100
895 100
905 100
915 100
925 100
935 100
945 100
955 100
965 100
975 100
985 100
995 100
1005 100
1015 100
1025 100
1035 100
1045 100
1055 100
1065 100
1075 100
1085 100
1095 100
1105 100
1115 100
1125 100
1135 100
1145 100
1155 100
1165 100
1175 100
1185 100
1195 100
1205 100
1215 100
1225 100
1235 100
1245 100
1255 100
1265 100
1275 100
1285 100
1295 100
1305 100
1315 100
1325 100
1335 100
1345 100
1355 100
1365 100
1375 100
1385 100
1395 100
1405 100
1415 100
1425 100
1435 100
1445 100
1455 100
1465 100
1475 100
1485 100
1495 100
1505 100
1515 100
1525 100
1535 100
1545 100
1555 100
1565 100
1575 100
1585 100
1595 100
1605 100
1615 100
1625 100
1635 100
1645 100
1655 100
1665 100
1675 100
1685 100
1695 100
1705 100
1715 100
1725 100
1735 100
1745 100
1755 100
1765 100
1775 100
1785 100
1795 100
1805 100
1815 100
1825 100
1835 100
1845 100
1855 100
1865 100
1875 100
1885 100
1895 100
1905 100
1915 100
1925 100
1935 100
1945 100
1955 100
1965 100
1975 100
1985 100
1995 100
2005 100
2015 100
2025 100
2035 100
2045 100
2055 100
2065 100
2075 100
2085 100
2095 100
2105 100
2115 100
2125 100
2135 100
2145 100
2155 100
2165 100
2175 100
2185 100
2195 100
2205 100
2215 100
2225 100
2235 100
2245 100
2255 100
2265 100
2275 100
2285 100
2295 100
2305 100
2315 100
2325 100
2335 100
2345 100
2355 100
2365 100
2375 100
2385 100
2395 100
2405 100
2415 100
2425 100
2435 100
2445 100
2455 100
2465 100
2475 100
2485 100
2495 100
2505 100
2515 100
2525 100
2535 100
2545 100
2555 100
2565 100
2575 100
2585 100
2595 100
2605 100
2615 100
2625 100
2635 100
2645 100
2655 100
2665 100
2675 100
2685 100
2695 100
2705 100
2715 100
2725 100
2735 100
2745 100
2755 100
2765 100
2775 100
2785 100
2795 100
2805 100
2815 100
2825 100
2835 100
2845 100
2855 100
2865 100
2875 100
2885 100
2895 100
2905 100
2915 100
2925 100
2935 100
2945 100
2955 100
2965 100
2975 100
2985 100
2995 100
3005 100
3015 100
3025 100
3035 100
3045 100
3055 100
3065 100
3075 100
3085 100
3095 100
3105 100
3115 100
3125 100
3135 100
3145 100
3155 100
3165 100
3175 100
3185 100
3195 100
3205 100
3215 100
3225 100
3235 100
3245 100
3255 100
3265 100
3275 100
3285 100
3295 100
3305 100
3315 100
3325 100
3335 100
3345 100
3355 100
3365 100
3375 100
3385 100
3395 100
3405 100
3415 100
3425 100
3435 100
3445 100
3455 100
3465 100
3475 100
3485 100
3495 100
3505 100
3515 100
3525 100
3535 100
3545 100
3555 100
3565 100
3575 100
3585 100
3595 100
3605 100
3615 100
3625 100
3635 100
3645 100
3655 100
3665 100
3675 100
3685 100
3695 100
3705 100
3715 100
3725 100
3735 100
3745 100
3755 100
3765 100
3775 100
3785 100
3795 100
3805 100
3815 100
3825 100
3835 100
3845 100
3855 100
3865 100
3875 100
3885 100
3895 100
3905 100
3915 100
3925 100
3935 100
3945 100
3955 100
3965 100
3975 100
3985 100
3995 100
4005 100
4015 100
4025 100
4035 100
4045 100
4055 100
4065 100
4075 100
4085 100
4095 100
4105 100
4115 100
4125 100
4135 100
4145 100
4155 100
4165 100
4175 100
4185 100
4195 100
4205 100
4215 100
4225 100
4235 100
4245 100
4255 100
4265 100
4275 100
4285 100
4295 100
4305 100
4315 100
4325 100
4335 100
4345 100
4355 100
4365 100
4375 100
4385 100
4395 100
4405 100
4415 100
4425 100
4435 100
4445 100
4455 100
4465 100
4475 100
4485 100
4495 100
4505 100
4515 100
4525 100
4535 100
4545 100
4555 100
4565 100
4575 100
4585 100
4595 100
4605 100
4615 100
4625 100
4635 100
4645 100
4655 100
4665 100
4675 100
4685 100
4695 100
4705 100
4715 100
4725 100
4735 100
4745 100
4755 100
4765 100
4775 100
4785 100
4795 100
4805 100
4815 100
4825 100
4835 100
4845 100
4855 100
4865 100
4875 100
4885 100
4895 100
4905 100
4915 100
4925 100
4935 100
4945 100
4955 100
4965 100
4975 100
4985 100
4995 100
100 4900
202 4878
304 4856
406 4834
508 4812
610 4790
712 4768
814 4746
916 4724
1018 4702
1120 4680
1222 4658
1324 4636
1426 4614
1528 4592
1630 4570
1732 4548
1834 4526
1936 4504
2038 4482
2140 4460
2242 4438
2344 4416
2446 4394
2548 4372
2650 4350
2752 4328
2854 4306
2956 4284
3058 4262
3160 4240
3262 4218
3364 4196
3466 4174
3568 4152
3670 4130
3772 4108
3874 4086
3976 4064
4078 4042
4180 4020
4282 3998
4384 3976
4486 3954
4588 3932
4690 3910
4792 3888
4894 3866
4996 3844
20 2000
90 2070
160 2140
230 2210
300 2280
370 2350
440 2420
510 2490
580 2560
650 2630
720 2700
790 2770
860 2840
930 2910
1000 2980
1070 3050
1140 3120
1210 3190
1280 3260
1350 3330
1420 3400
1490 3470
1560 3540
1630 3610
1700 3680
1770 3750
1840 3820
1910 3890
1980 3960
2050 4030
2120 4100
2190 4170
2260 4240
2330 4310
2400 4380
2470 4450
2540 4520
2610 4590
2680 4660
2750 4730
2820 4800
2890 4870
2960 4940
500 2500
1500 2500
2500 2500
3500 2500
4500 2500
4 3878
6 3875
8 3872
10 3869
12 3866
14 3863
16 3860
18 3857
20 3854
22 3851
24 3848
26 3845
28 3842
30 3839
32 3836
34 3833
36 3830
38 3827
40 3824
42 3821
44 3818
46 3815
48 3812
50 3809
52 3806
54 3803
56 3800
58 3797
60 3794
62 3791
64 3788
66 3785
68 3782
70 3779
72 3776
74 3773
76 3770
78 3767
80 3764
82 3761
84 3758
86 3755
88 3752
90 3749
92 3746
94 3743
96 3740
98 3737
100 3734
102 3731
104 3728
106 3725
108 3722
110 3719
112 3716
114 3713
116 3710
118 3707
120 3704
122 3701
124 3698
126 3695
128 3692
130 3689
132 3686
134 3683
136 3680
138 3677
140 3674
142 3671
144 3668
146 3665
148 3662
150 3659
152 3656
154 3653
156 3650
158 3647
160 3644
162 3641
164 3638
166 3635
168 3632
170 3629
172 3626
174 3623
176 3620
178 3617
180 3614
182 3611
184 3608
186 3605
188 3602
190 3599
192 3596
194 3593
196 3590
198 3587
200 3584
202 3581
204 3578
206 3575
208 3572
210 3569
212 3566
214 3563
216 3560
218 3557
220 3554
222 3551
224 3548
226 3545
228 3542
230 3539
232 3536
234 3533
236 3530
238 3527
240 3524
242 3521
244 3518
246 3515
248 3512
250 3509
252 3506
254 3503
256 3500
258 3497
260 3494
262 3491
264 3488
266 3485
268 3482
270 3479
272 3476
274 3473
276 3470
278 3467
280 3464
282 3461
284 3458
286 3455
288 3452
290 3449
292 3446
294 3443
296 3440
298 3437
300 3434
302 3431
304 3428
306 3425
308 3422
310 3419
312 3416
314 3413
316 3410
318 3407
320 3404
322 3401
324 3398
326 3395
328 3392
330 3389
332 3386
334 3383
336 3380
338 3377
340 3374
342 3371
344 3368
346 3365
348 3362
350 3359
352 3356
354 3353
356 3350
358 3347
360 3344
362 3341
364 3338
366 3335
368 3332
370 3329
372 3326
374 3323
376 3320
378 3317
380 3314
382 3311
384 3308
386 3305
388 3302
390 3299
392 3296
394 3293
396 3290
398 3287
400 3284
402 3281
404 3278
406 3275
408 3272
410 3269
412 3266
414 3263
416 3260
418 3257
420 3254
422 3251
424 3248
426 3245
428 3242
430 3239
432 3236
434 3233
436 3230
438 3227
440 3224
442 3221
444 3218
446 3215
448 3212
450 3209
452 3206
454 3203
456 3200
458 3197
460 3194
462 3191
464 3188
466 3185
468 3182
470 3179
472 3176
474 3173
476 3170
478 3167
480 3164
482 3161
484 3158
486 3155
488 3152
490 3149
492 3146
494 3143
496 3140
498 3137
500 3134
502 3131
504 3128
506 3125
508 3122
510 3119
512 3116
514 3113
516 3110
518 3107
520 3104
522 3101
524 3098
526 3095
528 3092
530 3089
532 3086
534 3083
536 3080
538 3077
540 3074
542 3071
544 3068
546 3065
548 3062
550 3059
552 3056
554 3053
556 3050
558 3047
560 3044
562 3041
564 3038
566 3035
568 3032
570 3029
572 3026
574 3023
576 3020
578 3017
580 3014
582 3011
584 3008
586 3005
588 3002
590 2999
592 2996
594 2993
596 2990
598 2987
600 2984
602 2981
604 2978
606 2975
608 2972
610 2969
612 2966
614 2963
616 2960
618 2957
620 2954
622 2951
624 2948
626 2945
628 2942
630 2939
632 2936
634 2933
636 2930
638 2927
640 2924
642 2921
644 2918
646 2915
648 2912
650 2909
652 2906
654 2903
656 2900
658 2897
660 2894
662 2891
664 2888
666 2885
668 2882
670 2879
672 2876
674 2873
676 2870
678 2867
680 2864
682 2861
684 2858
686 2855
688 2852
690 2849
692 2846
694 2843
696 2840
698 2837
700 2834
702 2831
704 2828
706 2825
708 2822
710 2819
712 2816
714 2813
716 2810
718 2807
720 2804
722 2801
724 2798
726 2795
728 2792
730 2789
732 2786
734 2783
736 2780
738 2777
740 2774
742 2771
744 2768
746 2765
748 2762
750 2759
752 2756
754 2753
756 2750
758 2747
760 2744
762 2741
764 2738
766 2735
768 2732
770 2729
772 2726
774 2723
776 2720
778 2717
780 2714
782 2711
784 2708
786 2705
788 2702
790 2699
792 2696
794 2693
796 2690
798 2687
800 2684
802 2681
804 2678
806 2675
808 2672
810 2669
812 2666
814 2663
816 2660
818 2657
820 2654
822 2651
824 2648
826 2645
828 2642
830 2639
832 2636
834 2633
836 2630
838 2627
840 2624
842 2621
844 2618
846 2615
848 2612
850 2609
852 2606
854 2603
856 2600
858 2597
860 2594
862 2591
864 2588
866 2585
868 2582
870 2579
872 2576
874 2573
876 2570
878 2567
880 2564
882 2561
884 2558
886 2555
888 2552
890 2549
892 2546
894 2543
896 2540
898 2537
900 2534
902 2531
904 2528
906 2525
908 2522
910 2519
912 2516
914 2513
916 2510
918 2507
920 2504
922 2501
924 2498
926 2495
928 2492
930 2489
932 2486
934 2483
936 2480
938 2477
940 2474
942 2471
944 2468
946 2465
948 2462
950 2459
952 2456
954 2453
956 2450
958 2447
960 2444
962 2441
964 2438
966 2435
968 2432
970 2429
972 2426
974 2423
976 2420
978 2417
980 2414
982 2411
984 2408
986 2405
988 2402
990 2399
992 2396
994 2393
996 2390
998 2387
1000 2384
1002 2381
1004 2378
1006 2375
1008 2372
1010 2369
1012 2366
1014 2363
1016 2360
1018 2357
1020 2354
1022 2351
1024 2348
1026 2345
1028 2342
1030 2339
1032 2336
1034 2333
1036 2330
1038 2327
1040 2324
1042 2321
1044 2318
1046 2315
1048 2312
1050 2309
1052 2306
1054 2303
1056 2300
1058 2297
1060 2294
1062 2291
1064 2288
1066 2285
1068 2282
1070 2279
1072 2276
1074 2273
1076 2270
1078 2267
1080 2264
1082 2261
1084 2258
1086 2255
1088 2252
1090 2249
1092 2246
1094 2243
1096 2240
1098 2237
1100 2234
1102 2231
1104 2228
1106 2225
1108 2222
1110 2219
1112 2216
1114 2213
1116 2210
1118 2207
1120 2204
1122 2201
1124 2198
1126 2195
1128 2192
1130 2189
1132 2186
1134 2183
1136 2180
1138 2177
1140 2174
1142 2171
1144 2168
1146 2165
1148 2162
1150 2159
1152 2156
1154 2153
1156 2150
1158 2147
1160 2144
1162 2141
1164 2138
1166 2135
1168 2132
1170 2129
1172 2126
1174 2123
1176 2120
1178 2117
1180 2114
1182 2111
1184 2108
1186 2105
1188 2102
1190 2099
1192 2096
1194 2093
1196 2090
1198 2087
1200 2084
1202 2081
1204 2078
1206 2075
1208 2072
1210 2069
1212 2066
1214 2063
1216 2060
1218 2057
1220 2054
1222 2051
1224 2048
1226 2045
1228 2042
1230 2039
1232 2036
1234 2033
1236 2030
1238 2027
1240 2024
1242 2021
1244 2018
1246 2015
1248 2012
1250 2009
1252 2006
1254 2003
1256 2000
1258 1997
1260 1994
1262 1991
1264 1988
1266 1985
1268 1982
1270 1979
1272 1976
1274 1973
1276 1970
1278 1967
1280 1964
1282 1961
1284 1958
1286 1955
1288 1952
1290 1949
1292 1946
1294 1943
1296 1940
1298 1937
1300 1934
1302 1931
1304 1928
1306 1925
1308 1922
1310 1919
1312 1916
1314 1913
1316 1910
1318 1907
1320 1904
1322 1901
1324 1898
1326 1895
1328 1892
1330 1889
1332 1886
1334 1883
1336 1880
1338 1877
1340 1874
1342 1871
1344 1868
1346 1865
1348 1862
1350 1859
1352 1856
1354 1853
1356 1850
1358 1847
1360 1844
1362 1841
1364 1838
1366 1835
1368 1832
1370 1829
1372 1826
1374 1823
1376 1820
1378 1817
1380 1814
1382 1811
1384 1808
1386 1805
1388 1802
1390 1799
1392 1796
1394 1793
1396 1790
1398 1787
1400 1784
1402 1781
1404 1778
1406 1775
1408 1772
1410 1769
1412 1766
1414 1763
1416 1760
1418 1757
1420 1754
1422 1751
1424 1748
1426 1745
1428 1742
1430 1739
1432 1736
1434 1733
1436 1730
1438 1727
1440 1724
1442 1721
1444 1718
1446 1715
1448 1712
1450 1709
1452 1706
1454 1703
1456 1700
1458 1697
1460 1694
1462 1691
1464 1688
1466 1685
1468 1682
1470 1679
1472 1676
1474 1673
1476 1670
1478 1667
1480 1664
1482 1661
1484 1658
1486 1655
1488 1652
1490 1649
1492 1646
1494 1643
1496 1640
1498 1637
1500 1634
1502 1631
1504 1628
1506 1625
1508 1622
1510 1619
1512 1616
1514 1613
1516 1610
1518 1607
1520 1604
1522 1601
1524 1598
1526 1595
1528 1592
1530 1589
1532 1586
1534 1583
1536 1580
1538 1577
1540 1574
1542 1571
1544 1568
1546 1565
1548 1562
1550 1559
1552 1556
1554 1553
1556 1550
1558 1547
1560 1544
1562 1541
1564 1538
1566 1535
1568 1532
1570 1529
1572 1526
1574 1523
1576 1520
1578 1517
1580 1514
1582 1511
1584 1508
1586 1505
1588 1502
1590 1499
1592 1496
1594 1493
1596 1490
1598 1487
1600 1484
1602 1481
1604 1478
1606 1475
1608 1472
1610 1469
1612 1466
1614 1463
1616 1460
1618 1457
1620 1454
1622 1451
1624 1448
1626 1445
1628 1442
1630 1439
1632 1436
1634 1433
1636 1430
1638 1427
1640 1424
1642 1421
1644 1418
1646 1415
1648 1412
1650 1409
1652 1406
1654 1403
1656 1400
1658 1397
1660 1394
1662 1391
1664 1388
1666 1385
1668 1382
1670 1379
1672 1376
1674 1373
1676 1370
1678 1367
1680 1364
1682 1361
1684 1358
1686 1355
1688 1352
1690 1349
1692 1346
1694 1343
1696 1340
1698 1337
1700 1334
1702 1331
1704 1328
1706 1325
1708 1322
1710 1319
1712 1316
1714 1313
1716 1310
1718 1307
1720 1304
1722 1301
1724 1298
1726 1295
1728 1292
1730 1289
1732 1286
1734 1283
1736 1280
1738 1277
1740 1274
1742 1271
1744 1268
1746 1265
1748 1262
1750 1259
1752 1256
1754 1253
1756 1250
1758 1247
1760 1244
1762 1241
1764 1238
1766 1235
1768 1232
1770 1229
1772 1226
1774 1223
1776 1220
1778 1217
1780 1214
1782 1211
1784 1208
1786 1205
1788 1202
1790 1199
1792 1196
1794 1193
1796 1190
1798 1187
1800 1184
1802 1181
1804 1178
1806 1175
1808 1172
1810 1169
1812 1166
1814 1163
1816 1160
1818 1157
1820 1154
1822 1151
1824 1148
1826 1145
1828 1142
1830 1139
1832 1136
1834 1133
1836 1130
1838 1127
1840 1124
1842 1121
1844 1118
1846 1115
1848 1112
1850 1109
1852 1106
1854 1103
1856 1100
1858 1097
1860 1094
1862 1091
1864 1088
1866 1085
1868 1082
1870 1079
1872 1076
1874 1073
1876 1070
1878 1067
1880 1064
1882 1061
1884 1058
1886 1055
1888 1052
1890 1049
1892 1046
1894 1043
1896 1040
1898 1037
1900 1034
1902 1031
1904 1028
1906 1025
1908 1022
1910 1019
1912 1016
1914 1013
1916 1010
1918 1007
1920 1004
1922 1001
1924 998
1926 995
1928 992
1930 989
1932 986
1934 983
1936 980
1938 977
1940 974
1942 971
1944 968
1946 965
1948 962
1950 959
1952 956
1954 953
1956 950
1958 947
1960 944
1962 941
1964 938
1966 935
1968 932
1970 929
1972 926
1974 923
1976 920
1978 917
1980 914
1982 911
1984 908
1986 905
1988 902
1990 899
1992 896
1994 893
1996 890
1998 887
2000 884
2002 881
2004 878
2006 875
2008 872
2010 869
2012 866
2014 863
2016 860
2018 857
2020 854
2022 851
2024 848
2026 845
2028 842
2030 839
2032 836
2034 833
2036 830
2038 827
2040 824
2042 821
2044 818
2046 815
2048 812
2050 809
2052 806
2054 803
2056 800
2058 797
2060 794
2062 791
2064 788
2066 785
2068 782
2070 779
2072 776
2074 773
2076 770
2078 767
2080 764
2082 761
2084 758
2086 755
2088 752
2090 749
2092 746
2094 743
2096 740
2098 737
2100 734
2102 731
2104 728
2106 725
2108 722
2110 719
2112 716
2114 713
2116 710
2118 707
2120 704
2122 701
2124 698
2126 695
2128 692
2130 689
2132 686
2134 683
2136 680
2138 677
2140 674
2142 671
2144 668
2146 665
2148 662
2150 659
2152 656
2154 653
2156 650
2158 647
2160 644
2162 641
2164 638
2166 635
2168 632
2170 629
2172 626
2174 623
2176 620
2178 617
2180 614
2182 611
2184 608
2186 605
2188 602
2190 599
2192 596
2194 593
2196 590
2198 587
2200 584
2202 581
2204 578
2206 575
2208 572
2210 569
2212 566
2214 563
2216 560
2218 557
2220 554
2222 551
2224 548
2226 545
2228 542
2230 539
2232 536
2234 533
2236 530
2238 527
2240 524
2242 521
2244 518
2246 515
2248 512
2250 509
2252 506
2254 503
2256 500
2258 497
2260 494
2262 491
2264 488
2266 485
2268 482
2270 479
2272 476
2274 473
2276 470
2278 467
2280 464
2282 461
2284 458
2286 455
2288 452
2290 449
2292 446
2294 443
2296 440
2298 437
2300 434
2302 431
2304 428
2306 425
2308 422
2310 419
2312 416
2314 413
2316 410
2318 407
2320 404
2322 401
2324 398
2326 395
2328 392
2330 389
2332 386
2334 383
2336 380
2338 377
2340 374
2342 371
2344 368
2346 365
2348 362
2350 359
2352 356
2354 353
2356 350
2358 347
2360 344
2362 341
2364 338
2366 335
2368 332
2370 329
2372 326
2374 323
2376 320
2378 317
2380 314
2382 311
2384 308
2386 305
2388 302
2390 299
2392 296
2394 293
2396 290
2398 287
2400 284
2402 281
2404 278
2406 275
2408 272
2410 269
2412 266
2414 263
2416 260
2418 257
2420 254
2422 251
2424 248
2426 245
2428 242
2430 239
2432 236
2434 233
2436 230
2438 227
2440 224
2442 221
2444 218
2446 215
2448 212
2450 209
2452 206
2454 203
2456 200
2458 197
2460 194
2462 191
2464 188
2466 185
2468 182
2470 179
2472 176
2474 173
2476 170
2478 167
2480 164
2482 161
2484 158
2486 155
2488 152
2490 149
2492 146
2494 143
2496 140
2498 137
2500 134
2502 131
2504 128
2506 125
2508 122
2510 119
2512 116
2514 113
2516 110
2518 107
2520 104
2522 101
2524 98
2526 95
2528 92
2530 89
2532 86
2534 83
2536 80
2538 77
2540 74
2542 71
2544 68
2546 65
2548 62
2550 59
2552 56
2554 53
2556 50
2558 47
2560 44
2562 41
2564 38
2566 35
2568 32
2570 29
2572 26
2574 23
2576 20
2578 17
2580 14
2582 11
2584 8
2586 5
2588 2
500 1
500 8
500 15
500 22
500 29
500 36
500 43
500 50
500 57
500 64
500 71
500 78
500 85
500 92
500 99
500 106
500 113
500 120
500 127
500 134
500 141
500 148
500 155
500 162
500 169
500 176
500 183
500 190
500 197
500 204
500 211
500 218
500 225
500 232
500 239
500 246
500 253
500 260
500 267
500 274
500 281
500 288
500 295
500 302
500 309
500 316
500 323
500 330
500 337
500 344
500 351
500 358
500 365
500 372
500 379
500 386
500 393
500 400
500 407
500 414
500 421
500 428
500 435
500 442
500 449
500 456
500 463
500 470
500 477
500 484
500 491
500 498
500 505
500 512
500 519
500 526
500 533
500 540
500 547
500 554
500 561
500 568
500 575
500 582
500 589
500 596
500 603
500 610
500 617
500 624
500 631
500 638
500 645
500 652
500 659
500 666
500 673
500 680
500 687
500 694
500 701
500 708
500 715
500 722
500 729
500 736
500 743
500 750
500 757
500 764
500 771
500 778
500 785
500 792
500 799
500 806
500 813
500 820
500 827
500 834
500 841
500 848
500 855
500 862
500 869
500 876
500 883
500 890
500 897
500 904
500 911
500 918
500 925
500 932
500 939
500 946
500 953
500 960
500 967
500 974
500 981
500 988
500 995
500 1002
500 1009
500 1016
500 1023
500 1030
500 1037
500 1044
500 1051
500 1058
500 1065
500 1072
500 1079
500 1086
500 1093
500 1100
500 1107
500 1114
500 1121
500 1128
500 1135
500 1142
500 1149
500 1156
500 1163
500 1170
500 1177
500 1184
500 1191
500 1198
500 1205
500 1212
500 1219
500 1226
500 1233
500 1240
500 1247
500 1254
500 1261
500 1268
500 1275
500 1282
500 1289
500 1296
500 1303
500 1310
500 1317
500 1324
500 1331
500 1338
500 1345
500 1352
500 1359
500 1366
500 1373
500 1380
500 1387
500 1394
500 1401
500 1408
500 1415
500 1422
500 1429
500 1436
500 1443
500 1450
500 1457
500 1464
500 1471
500 1478
500 1485
500 1492
500 1499
500 1506
500 1513
500 1520
500 1527
500 1534
500 1541
500 1548
500 1555
500 1562
500 1569
500 1576
500 1583
500 1590
500 1597
500 1604
500 1611
500 1618
500 1625
500 1632
500 1639
500 1646
500 1653
500 1660
500 1667
500 1674
500 1681
500 1688
500 1695
500 1702
500 1709
500 1716
500 1723
500 1730
500 1737
500 1744
500 1751
500 1758
500 1765
500 1772
500 1779
500 1786
500 1793
500 1800
500 1807
500 1814
500 1821
500 1828
500 1835
500 1842
500 1849
500 1856
500 1863
500 1870
500 1877
500 1884
500 1891
500 1898
500 1905
500 1912
500 1919
500 1926
500 1933
500 1940
500 1947
500 1954
500 1961
500 1968
500 1975
500 1982
500 1989
500 1996
500 2003
500 2010
500 2017
500 2024
500 2031
500 2038
500 2045
500 2052
500 2059
500 2066
500 2073
500 2080
500 2087
500 2094
500 2101
500 2108
500 2115
500 2122
500 2129
500 2136
500 2143
500 2150
500 2157
500 2164
500 2171
500 2178
500 2185
500 2192
500 2199
500 2206
500 2213
500 2220
500 2227
500 2234
500 2241
500 2248
500 2255
500 2262
500 2269
500 2276
500 2283
500 2290
500 2297
500 2304
500 2311
500 2318
500 2325
500 2332
500 2339
500 2346
500 2353
500 2360
500 2367
500 2374
500 2381
500 2388
500 2395
500 2402
500 2409
500 2416
500 2423
500 2430
500 2437
500 2444
500 2451
500 2458
500 2465
500 2472
500 2479
500 2486
500 2493
500 2507
500 2514
500 2521
500 2528
500 2535
500 2542
500 2549
500 2556
500 2563
500 2570
500 2577
500 2584
500 2591
500 2598
500 2605
500 2612
500 2619
500 2626
500 2633
500 2640
500 2647
500 2654
500 2661
500 2668
500 2675
500 2682
500 2689
500 2696
500 2703
500 2710
500 2717
500 2724
500 2731
500 2738
500 2745
500 2752
500 2759
500 2766
500 2773
500 2780
500 2787
500 2794
500 2801
500 2808
500 2815
500 2822
500 2829
500 2836
500 2843
500 2850
500 2857
500 2864
500 2871
500 2878
500 2885
500 2892
500 2899
500 2906
500 2913
500 2920
500 2927
500 2934
500 2941
500 2948
500 2955
500 2962
500 2969
500 2976
500 2983
500 2990
500 2997
500 3004
500 3011
500 3018
500 3025
500 3032
500 3039
500 3046
500 3053
500 3060
500 3067
500 3074
500 3081
500 3088
500 3095
500 3102
500 3109
500 3116
500 3123
500 3130
500 3137
500 3144
500 3151
500 3158
500 3165
500 3172
500 3179
500 3186
500 3193
500 3200
500 3207
500 3214
500 3221
500 3228
500 3235
500 3242
500 3249
500 3256
500 3263
500 3270
500 3277
500 3284
500 3291
500 3298
500 3305
500 3312
500 3319
500 3326
500 3333
500 3340
500 3347
500 3354
500 3361
500 3368
500 3375
500 3382
500 3389
500 3396
500 3403
500 3410
500 3417
500 3424
500 3431
500 3438
500 3445
500 3452
500 3459
500 3466
500 3473
500 3480
500 3487
500 3494
500 3501
500 3508
500 3515
500 3522
500 3529
500 3536
500 3543
500 3550
500 3557
500 3564
500 3571
500 3578
500 3585
500 3592
500 3599
500 3606
500 3613
500 3620
500 3627
500 3634
500 3641
500 3648
500 3655
500 3662
500 3669
500 3676
500 3683
500 3690
500 3697
500 3704
500 3711
500 3718
500 3725
500 3732
500 3739
500 3746
500 3753
500 3760
500 3767
500 3774
500 3781
500 3788
500 3795
500 3802
500 3809
500 3816
500 3823
500 3830
500 3837
500 3844
500 3851
500 3858
500 3865
500 3872
500 3879
500 3886
500 3893
500 3900
500 3907
500 3914
500 3921
500 3928
500 3935
500 3942
500 3949
500 3956
500 3963
500 3970
500 3977
500 3984
500 3991
500 3998
500 4005
500 4012
500 4019
500 4026
500 4033
500 4040
500 4047
500 4054
500 4061
500 4068
500 4075
500 4082
500 4089
500 4096
500 4103
500 4110
500 4117
500 4124
500 4131
500 4138
500 4145
500 4152
500 4159
500 4166
500 4173
500 4180
500 4187
500 4194
500 4201
500 4208
500 4215
500 4222
500 4229
500 4236
500 4243
500 4250
500 4257
500 4264
500 4271
500 4278
500 4285
500 4292
500 4299
500 4306
500 4313
500 4320
500 4327
500 4334
500 4341
500 4348
500 4355
500 4362
500 4369
500 4376
500 4383
500 4390
500 4397
500 4404
500 4411
500 4418
500 4425
500 4432
500 4439
500 4446
500 4453
500 4460
500 4467
500 4474
500 4481
500 4488
500 4495
500 4502
500 4509
500 4516
500 4523
500 4530
500 4537
500 4544
500 4551
500 4558
500 4565
500 4572
500 4579
500 4586
500 4593
500 4600
500 4607
500 4614
500 4621
500 4628
500 4635
500 4642
500 4649
500 4656
500 4663
500 4670
500 4677
500 4684
500 4691
500 4698
500 4705
500 4712
500 4719
500 4726
500 4733
500 4740
500 4747
500 4754
500 4761
500 4768
500 4775
500 4782
500 4789
500 4796
500 4803
500 4810
500 4817
500 4824
500 4831
500 4838
500 4845
500 4852
500 4859
500 4866
500 4873
500 4880
500 4887
500 4894
500 4901
500 4908
500 4915
500 4922
500 4929
500 4936
500 4943
500 4950
500 4957
500 4964
500 4971
500 4978
500 4985
500 4992
500 4999
500 4
505 9
510 14
515 19
520 24
525 29
530 34
535 39
540 44
545 49
550 54
555 59
560 64
565 69
570 74
575 79
580 84
585 89
590 94
595 99
600 104
605 109
610 114
615 119
620 124
625 129
630 134
635 139
640 144
645 149
650 154
655 159
660 164
665 169
670 174
675 179
680 184
685 189
690 194
695 199
700 204
705 209
710 214
715 219
720 224
725 229
730 234
735 239
740 244
745 249
750 254
755 259
760 264
765 269
770 274
775 279
780 284
785 289
790 294
795 299
800 304
805 309
810 314
815 319
820 324
825 329
830 334
835 339
840 344
845 349
850 354
855 359
860 364
865 369
870 374
875 379
880 384
885 389
890 394
895 399
900 404
905 409
910 414
915 419
920 424
925 429
930 434
935 439
940 444
945 449
950 454
955 459
960 464
965 469
970 474
975 479
980 484
985 489
990 494
995 499
1000 504
1005 509
1010 514
1015 519
1020 524
1025 529
1030 534
1035 539
1040 544
1045 549
1050 554
1055 559
1060 564
1065 569
1070 574
1075 579
1080 584
1085 589
1090 594
1095 599
1100 604
1105 609
1110 614
1115 619
1120 624
1125 629
1130 634
1135 639
1140 644
1145 649
1150 654
1155 659
1160 664
1165 669
1170 674
1175 679
1180 684
1185 689
1190 694
1195 699
1200 704
1205 709
1210 714
1215 719
1220 724
1225 729
1230 734
1235 739
1240 744
1245 749
1250 754
1255 759
1260 764
1265 769
1270 774
1275 779
1280 784
1285 789
1290 794
1295 799
1300 804
1305 809
1310 814
1315 819
1320 824
1325 829
1330 834
1335 839
1340 844
1345 849
1350 854
1355 859
1360 864
1365 869
1370 874
1375 879
1380 884
1385 889
1390 894
1395 899
1400 904
1405 909
1410 914
1415 919
1420 924
1425 929
1430 934
1435 939
1440 944
1445 949
1450 954
1455 959
1460 964
1465 969
1470 974
1475 979
1480 984
1485 989
1490 994
1495 999
1500 1004
1505 1009
1510 1014
1515 1019
1520 1024
1525 1029
1530 1034
1535 1039
1540 1044
1545 1049
1550 1054
1555 1059
1560 1064
1565 1069
1570 1074
1575 1079
1580 1084
1585 1089
1590 1094
1595 1099
1600 1104
1605 1109
1610 1114
1615 1119
1620 1124
1625 1129
1630 1134
1635 1139
1640 1144
1645 1149
1650 1154
1655 1159
1660 1164
1665 1169
1670 1174
1675 1179
1680 1184
1685 1189
1690 1194
1695 1199
1700 1204
1705 1209
1710 1214
1715 1219
1720 1224
1725 1229
1730 1234
1735 1239
1740 1244
1745 1249
1750 1254
1755 1259
1760 1264
1765 1269
1770 1274
1775 1279
1780 1284
1785 1289
1790 1294
1795 1299
1800 1304
1805 1309
1810 1314
1815 1319
1820 1324
1825 1329
1830 1334
1835 1339
1840 1344
1845 1349
1850 1354
1855 1359
1860 1364
1865 1369
1870 1374
1875 1379
1880 1384
1885 1389
1890 1394
1895 1399
1900 1404
1905 1409
1910 1414
1915 1419
1920 1424
1925 1429
1930 1434
1935 1439
1940 1444
1945 1449
1950 1454
1955 1459
1960 1464
1965 1469
1970 1474
1975 1479
1980 1484
1985 1489
1990 1494
1995 1499
2000 1504
2005 1509
2010 1514
2015 1519
2020 1524
2025 1529
2030 1534
2035 1539
2040 1544
2045 1549
2050 1554
2055 1559
2060 1564
2065 1569
2070 1574
2075 1579
2080 1584
2085 1589
2090 1594
2095 1599
2100 1604
2105 1609
2110 1614
2115 1619
2120 1624
2125 1629
2130 1634
2135 1639
2140 1644
2145 1649
2150 1654
2155 1659
2160 1664
2165 1669
2170 1674
2175 1679
2180 1684
2185 1689
2190 1694
2195 1699
2200 1704
2205 1709
2210 1714
2215 1719
2220 1724
2225 1729
2230 1734
2235 1739
2240 1744
2245 1749
2250 1754
2255 1759
2260 1764
2265 1769
2270 1774
2275 1779
2280 1784
2285 1789
2290 1794
2295 1799
2300 1804
2305 1809
2310 1814
2315 1819
2320 1824
2325 1829
2330 1834
2335 1839
2340 1844
2345 1849
2350 1854
2355 1859
2360 1864
2365 1869
2370 1874
2375 1879
2380 1884
2385 1889
2390 1894
2395 1899
2400 1904
2405 1909
2410 1914
2415 1919
2420 1924
2425 1929
2430 1934
2435 1939
2440 1944
2445 1949
2450 1954
2455 1959
2460 1964
2465 1969
2470 1974
2475 1979
2480 1984
2485 1989
2490 1994
2495 1999
2500 2004
2505 2009
2510 2014
2515 2019
2520 2024
2525 2029
2530 2034
2535 2039
2540 2044
2545 2049
2550 2054
2555 2059
2560 2064
2565 2069
2570 2074
2575 2079
2580 2084
2585 2089
2590 2094
2595 2099
2600 2104
2605 2109
2610 2114
2615 2119
2620 2124
2625 2129
2630 2134
2635 2139
2640 2144
2645 2149
2650 2154
2655 2159
2660 2164
2665 2169
2670 2174
2675 2179
2680 2184
2685 2189
2690 2194
2695 2199
2700 2204
2705 2209
2710 2214
2715 2219
2720 2224
2725 2229
2730 2234
2735 2239
2740 2244
2745 2249
2750 2254
2755 2259
2760 2264
2765 2269
2770 2274
2775 2279
2780 2284
2785 2289
2790 2294
2795 2299
2800 2304
2805 2309
2810 2314
2815 2319
2820 2324
2825 2329
2830 2334
2835 2339
2840 2344
2845 2349
2850 2354
2855 2359
2860 2364
2865 2369
2870 2374
2875 2379
2880 2384
2885 2389
2890 2394
2895 2399
2900 2404
2905 2409
2910 2414
2915 2419
2920 2424
2925 2429
2930 2434
2935 2439
2940 2444
2945 2449
2950 2454
2955 2459
2960 2464
2965 2469
2970 2474
2975 2479
2980 2484
2985 2489
2990 2494
2995 2499
3000 2504
3005 2509
3010 2514
3015 2519
3020 2524
3025 2529
3030 2534
3035 2539
3040 2544
3045 2549
3050 2554
3055 2559
3060 2564
3065 2569
3070 2574
3075 2579
3080 2584
3085 2589
3090 2594
3095 2599
3100 2604
3105 2609
3110 2614
3115 2619
3120 2624
3125 2629
3130 2634
3135 2639
3140 2644
3145 2649
3150 2654
3155 2659
3160 2664
3165 2669
3170 2674
3175 2679
3180 2684
3185 2689
3190 2694
3195 2699
3200 2704
3205 2709
3210 2714
3215 2719
3220 2724
3225 2729
3230 2734
3235 2739
3240 2744
3245 2749
3250 2754
3255 2759
3260 2764
3265 2769
3270 2774
3275 2779
3280 2784
3285 2789
3290 2794
3295 2799
3300 2804
3305 2809
3310 2814
3315 2819
3320 2824
3325 2829
3330 2834
3335 2839
3340 2844
3345 2849
3350 2854
3355 2859
3360 2864
3365 2869
3370 2874
3375 2879
3380 2884
3385 2889
3390 2894
3395 2899
3400 2904
3405 2909
3410 2914
3415 2919
3420 2924
3425 2929
3430 2934
3435 2939
3440 2944
3445 2949
3450 2954
3455 2959
3460 2964
3465 2969
3470 2974
3475 2979
3480 2984
3485 2989
3490 2994
3495 2999
3500 3004
3505 3009
3510 3014
3515 3019
3520 3024
3525 3029
3530 3034
3535 3039
3540 3044
3545 3049
3550 3054
3555 3059
3560 3064
3565 3069
3570 3074
3575 3079
3580 3084
3585 3089
3590 3094
3595 3099
3600 3104
3605 3109
3610 3114
3615 3119
3620 3124
3625 3129
3630 3134
3635 3139
3640 3144
3645 3149
3650 3154
3655 3159
3660 3164
3665 3169
3670 3174
3675 3179
3680 3184
3685 3189
3690 3194
3695 3199
3700 3204
3705 3209
3710 3214
3715 3219
3720 3224
3725 3229
3730 3234
3735 3239
3740 3244
3745 3249
3750 3254
3755 3259
3760 3264
3765 3269
3770 3274
3775 3279
3780 3284
3785 3289
3790 3294
3795 3299
3800 3304
3805 3309
3810 3314
3815 3319
3820 3324
3825 3329
3830 3334
3835 3339
3840 3344
3845 3349
3850 3354
3855 3359
3860 3364
3865 3369
3870 3374
3875 3379
3880 3384
3885 3389
3890 3394
3895 3399
3900 3404
3905 3409
3910 3414
3915 3419
3920 3424
3925 3429
3930 3434
3935 3439
3940 3444
3945 3449
3950 3454
3955 3459
3960 3464
3965 3469
3970 3474
3975 3479
3980 3484
3985 3489
3990 3494
3995 3499
4000 3504
4005 3509
4010 3514
4015 3519
4020 3524
4025 3529
4030 3534
4035 3539
4040 3544
4045 3549
4050 3554
4055 3559
4060 3564
4065 3569
4070 3574
4075 3579
4080 3584
4085 3589
4090 3594
4095 3599
4100 3604
4105 3609
4110 3614
4115 3619
4120 3624
4125 3629
4130 3634
4135 3639
4140 3644
4145 3649
4150 3654
4155 3659
4160 3664
4165 3669
4170 3674
4175 3679
4180 3684
4185 3689
4190 3694
4195 3699
4200 3704
4205 3709
4210 3714
4215 3719
4220 3724
4225 3729
4230 3734
4235 3739
4240 3744
4245 3749
4250 3754
4255 3759
4260 3764
4265 3769
4270 3774
4275 3779
4280 3784
4285 3789
4290 3794
4295 3799
4300 3804
4305 3809
4310 3814
4315 3819
4320 3824
4325 3829
4330 3834
4335 3839
4340 3844
4345 3849
4350 3854
4355 3859
4360 3864
4365 3869
4370 3874
4375 3879
4380 3884
4385 3889
4390 3894
4395 3899
4400 3904
4405 3909
4410 3914
4415 3919
4420 3924
4425 3929
4430 3934
4435 3939
4440 3944
4445 3949
4450 3954
4455 3959
4460 3964
4465 3969
4470 3974
4475 3979
4480 3984
4485 3989
4490 3994
4495 3999
4500 4004
4505 4009
4510 4014
4515 4019
4520 4024
4525 4029
4530 4034
4535 4039
4540 4044
4545 4049
4550 4054
4555 4059
4560 4064
4565 4069
4570 4074
4575 4079
4580 4084
4585 4089
4590 4094
4595 4099
4600 4104
4605 4109
4610 4114
4615 4119
4620 4124
4625 4129
4630 4134
4635 4139
4640 4144
4645 4149
4650 4154
4655 4159
4660 4164
4665 4169
4670 4174
4675 4179
4680 4184
4685 4189
4690 4194
4695 4199
4700 4204
4705 4209
4710 4214
4715 4219
4720 4224
4725 4229
4730 4234
4735 4239
4740 4244
4745 4249
4750 4254
4755 4259
4760 4264
4765 4269
4770 4274
4775 4279
4780 4284
4785 4289
4790 4294
4795 4299
4800 4304
4805 4309
4810 4314
4815 4319
4820 4324
4825 4329
4830 4334
4835 4339
4840 4344
4845 4349
4850 4354
4855 4359
4860 4364
4865 4369
4870 4374
4875 4379
4880 4384
4885 4389
4890 4394
4895 4399
4900 4404
4905 4409
4910 4414
4915 4419
4920 4424
4925 4429
4930 4434
4935 4439
4940 4444
4945 4449
4950 4454
4955 4459
4960 4464
4965 4469
4970 4474
4975 4479
4980 4484
4985 4489
4990 4494
4995 4499
5000 4504
1 2500
10 2509
19 2518
28 2527
37 2536
46 2545
55 2554
64 2563
73 2572
82 2581
91 2590
100 2599
109 2608
118 2617
127 2626
136 2635
145 2644
154 2653
163 2662
172 2671
181 2680
190 2689
199 2698
208 2707
217 2716
226 2725
235 2734
244 2743
253 2752
262 2761
271 2770
280 2779
289 2788
298 2797
307 2806
316 2815
325 2824
334 2833
343 2842
352 2851
361 2860
370 2869
379 2878
388 2887
397 2896
406 2905
415 2914
424 2923
433 2932
442 2941
451 2950
460 2959
469 2968
478 2977
487 2986
496 2995
505 3004
514 3013
523 3022
532 3031
541 3040
550 3049
559 3058
568 3067
577 3076
586 3085
595 3094
604 3103
613 3112
622 3121
631 3130
640 3139
649 3148
658 3157
667 3166
676 3175
685 3184
694 3193
703 3202
712 3211
721 3220
730 3229
739 3238
748 3247
757 3256
766 3265
775 3274
784 3283
793 3292
802 3301
811 3310
820 3319
829 3328
838 3337
847 3346
856 3355
865 3364
874 3373
883 3382
892 3391
901 3400
910 3409
919 3418
928 3427
937 3436
946 3445
955 3454
964 3463
973 3472
982 3481
991 3490
1000 3499
1009 3508
1018 3517
1027 3526
1036 3535
1045 3544
1054 3553
1063 3562
1072 3571
1081 3580
1090 3589
1099 3598
1108 3607
1117 3616
1126 3625
1135 3634
1144 3643
1153 3652
1162 3661
1171 3670
1180 3679
1189 3688
1198 3697
1207 3706
1216 3715
1225 3724
1234 3733
1243 3742
1252 3751
1261 3760
1270 3769
1279 3778
1288 3787
1297 3796
1306 3805
1315 3814
1324 3823
1333 3832
1342 3841
1351 3850
1360 3859
1369 3868
1378 3877
1387 3886
1396 3895
1405 3904
1414 3913
1423 3922
1432 3931
1441 3940
1450 3949
1459 3958
1468 3967
1477 3976
1486 3985
1495 3994
1504 4003
1513 4012
1522 4021
1531 4030
1540 4039
1549 4048
1558 4057
1567 4066
1576 4075
1585 4084
1594 4093
1603 4102
1612 4111
1621 4120
1630 4129
1639 4138
1648 4147
1657 4156
1666 4165
1675 4174
1684 4183
1693 4192
1702 4201
1711 4210
1720 4219
1729 4228
1738 4237
1747 4246
1756 4255
1765 4264
1774 4273
1783 4282
1792 4291
1801 4300
1810 4309
1819 4318
1828 4327
1837 4336
1846 4345
1855 4354
1864 4363
1873 4372
1882 4381
1891 4390
1900 4399
1909 4408
1918 4417
1927 4426
1936 4435
1945 4444
1954 4453
1963 4462
1972 4471
1981 4480
1990 4489
1999 4498
2008 4507
2017 4516
2026 4525
2035 4534
2044 4543
2053 4552
2062 4561
2071 4570
2080 4579
2089 4588
2098 4597
2107 4606
2116 4615
2125 4624
2134 4633
2143 4642
2152 4651
2161 4660
2170 4669
2179 4678
2188 4687
2197 4696
2206 4705
2215 4714
2224 4723
2233 4732
2242 4741
2251 4750
2260 4759
2269 4768
2278 4777
2287 4786
2296 4795
2305 4804
2314 4813
2323 4822
2332 4831
2341 4840
2350 4849
2359 4858
2368 4867
2377 4876
2386 4885
2395 4894
2404 4903
2413 4912
2422 4921
2431 4930
2440 4939
2449 4948
2458 4957
2467 4966
2476 4975
2485 4984
2494 4993
1363 3326
132 1229
2906 150
2468 3080
371 3477
954 1309
4897 2193
3774 396
2901 44
560 4596
4329 4402
298 978
2648 781
305 3162
1548 3107
2029 2387
4392 619
1551 2247
1464 331
4299 896
1669 2117
2470 1433
3581 2468
385 2547
4786 1842
1543 2031
2825 4979
3 2292
527 3999
3718 1537
4463 2123
2960 1549
2823 4474
1564 4653
1420 3147
1817 1694
2346 4267
1229 1564
1857 1276
4365 4186
1980 109
179 1611
2451 1492
640 2872
228 1097
4650 3602
862 2717
3495 2307
1486 3036
4506 4912
2734 4854
4973 4322
498 2724
2192 3910
660 3089
1769 4537
2963 1031
1317 2783
8 892
1398 2742
2649 2068
2726 935
4369 2513
2546 1445
2511 2223
202 2689
1814 3637
3360 2212
4286 834
4111 4950
4608 380
4366 1872
4584 263
3061 1501
4278 2595
575 3742
2677 3607
825 4382
592 525
3666 2562
4697 1270
2267 222
2052 1839
2281 1684
4164 4716
1761 2670
4764 4244
3027 654
985 77
4002 2451
3262 4642
4411 3903
4640 1794
2852 4064
4355 2699
3351 2148
836 4950
2575 2416
521 1501
609 3641
4493 4874
3175 1020
4713 474
1569 4932
4679 3290
2061 1827
873 2536
2713 307
4626 485
1502 532
1930 2442
2200 2345
2624 4121
4555 1214
3507 3821
2928 1877
4162 1285
2944 3225
1181 2325
680 1106
1011 3261
645 1787
773 3709
1538 688
4859 4081
2728 4148
1037 4554
454 4346
1821 4646
2129 1762
2051 2465
693 3070
2657 4
1149 709
649 3909
2919 3464
3155 4430
1955 996
3075 290
3278 2903
4859 293
1274 702
1917 1300
1832 2230
2483 4006
241 1242
338 2489
1 3485
2836 935
1661 4168
1045 106
1559 1414
4353 1246
4215 1853
2108 3030
2732 4392
282 2914
2371 259
2952 1335
3087 3503
2570 4687
394 2807
2839 3643
4355 2273
2618 1223
4377 801
4514 1653
1207 3947
3980 2004
3904 1032
1415 2913
2108 3250
1312 3511
2812 4387
4511 780
2219 1947
2338 260
4581 577
2169 377
4668 940
4986 4091
2449 1010
4646 4517
2184 1248
939 544
3527 3403
987 84
3256 2159
1501 1964
2644 622
1179 4913
1331 4771
2644 2066
3050 3479
2930 3531
1492 3876
1294 1611
2820 2233
4251 1058
3377 2013
272 3483
4379 3111
34 4382
3197 1685
2234 929
172 3003
1754 944
2167 1535
2174 2531
3144 3107
3937 1407
18 59
2957 327
690 111
3119 3333
2155 3898
4314 4051
3781 3036
1979 2039
293 4749
2725 2447
3027 4308
1486 777
3880 4687
4681 2390
4391 859
3222 1471
2846 1351
4759 632
52 4556
4724 325
2221 1375
3769 2723
2308 2026
1694 1752
3616 2159
2791 261
1562 3815
4837 3242
3030 723
2286 155
3416 1336
3032 882
4985 2504
3780 1765
3690 1447
1752 2946
2456 1803
4405 1048
4329 3200
3267 4144
4110 2075
81 267
4921 1773
489 1333
3584 98
2171 2651
99 2874
4297 3729
3315 88
2700 2439
4339 938
3877 1805
1916 4896
4822 1660
4699 1184
2770 1767
126 544
4537 2834
3271 470
3569 4969
3615 85
4890 2781
2039 3617
4928 491
4891 4093
2567 213
1832 4147
2218 1668
992 3252
4756 2198
2603 1032
4955 3565
1888 432
9 2177
573 2625
1189 4303
4139 308
1058 3993
3933 4373
4286 1880
3642 4097
1189 959
1489 3699
1575 4234
3021 4056
703 1383
4945 4841
3790 947
2565 793
2640 824
3506 232
1373 342
811 1047
3586 2512
3732 221
3713 5000
1439 2026
814 1093
4653 954
1500 3124
3210 147
296 1245
2420 1211
2459 2784
1661 1964
3638 4080
3079 1785
2433 4326
1159 2166
2060 2873
2109 514
1002 4420
3723 464
4915 2576
4228 1007
761 4428
4712 3951
3997 4362
2285 4709
3362 3805
4391 473
346 560
3555 4517
825 3887
120 1952
2823 1228
1832 2804
2625 3867
2182 4349
1402 3447
3071 460
4038 625
2014 3546
2335 1622
4515 873
3116 3968
2844 199
2406 4960
223 3860
4989 1890
574 4975
587 3201
1156 1147
343 1229
2071 968
4948 1754
3902 2415
763 3892
2549 1598
1439 1687
2879 2277
4783 2395
979 1840
593 4752
1626 2822
2581 2590
3968 1993
664 3265
1593 3335
1290 1859
1590 3264
3594 4930
1624 3177
4584 563
620 3121
3035 2071
4936 234
2876 134
3469 2282
2443 721
2869 2074
473 4404
231 3351
3430 1435
3984 1431
123 3036
3044 3230
978 2110
470 1090
2829 4441
708 1555
3917 830
1503 4256
1660 159
3554 230
4396 1962
1776 1562
1985 979
626 4512
2093 1040
1889 700
2411 3432
4449 4050
270 4582
2927 466
2042 3483
1397 2158
3707 1026
1652 3126
1309 144
185 4508
2956 3116
3266 4964
1886 4587
1594 3294
461 3719
2659 3447
1241 4184
2924 3492
1309 3107
276 4352
3520 2579
1982 840
2631 2341
3782 2134
1753 2457
1954 1827
4692 2133
4444 233
1926 500
4215 935
174 1120
4671 173
612 3355
230 1675
2926 60
2053 70
4469 776
864 331
1512 4999
1245 2534
4367 320
4326 4021
4538 2512
2277 1288
3074 2079
1976 2724
704 4275
93 657
3742 3169
1071 1609
627 3361
3817 370
1315 2354
1082 4549
1237 4230
1722 4855
1975 4959
173 2504
2495 1594
3686 3019
2747 1219
773 4605
2124 3689
3812 642
3598 547
4254 1420
4443 939
2153 581
232 2986
853 3695
2760 4116
1149 2825
4384 1757
2006 4349
4164 1197
4918 4584
2576 136
3375 2642
4568 1481
2812 4607
4059 2104
3763 4357
2774 2337
1900 1462
3310 3039
3033 4160
936 2048
1486 4444
84 259
282 1212
207 2520
4942 1648
2872 1815
4958 2483
3774 2547
4566 4073
3759 848
455 3252
4084 2107
2226 2511
4619 4273
117 4154
2381 3195
2947 1447
4546 240
1792 2637
2425 4539
2054 843
1469 631
3105 2663
540 2328
2034 992
2241 4483
362 3824
2437 881
21 262
2449 3681
2009 2539
2615 1036
79 4308
4690 2332
4041 1055
2147 1775
2269 305
2110 2888
41 4607
1804 111
2503 2124
1033 2642
4155 2451
1961 2604
3195 2221
1535 2413
1022 4996
1686 4595
4608 1
4420 2399
3101 2947
1300 2059
931 1906
522 1818
2630 2091
1796 2960
1518 1892
1415 4652
2147 4555
152 3995
3988 4626
829 784
1340 3397
243 1744
3126 4239
1320 3234
3523 3218
2947 3767
1106 3485
3883 2582
2911 3475
2582 716
2878 4530
2812 1234
2057 1217
2338 2855
2361 2454
3499 1567
2322 3662
68 364
4947 1470
4958 1788
3964 1890
4146 4123
183 2692
1352 2803
4796 2775
4593 4834
1944 236
2166 1107
1246 3637
1144 2526
2066 2184
4161 3932
201 2367
4706 4414
3172 2645
4119 4174
2719 1339
1392 2592
3277 2605
3001 1498
1838 4126
557 1778
4564 2947
4566 1079
1714 2598
328 1898
110 4570
4415 4510
3616 3439
3837 3398
4163 2454
3497 4502
1029 3527
173 254
2058 2808
4190 4610
533 1250
3802 1324
2609 3103
2620 3190
636 2310
3715 939
2293 3026
2309 4094
1384 927
4974 133
840 2087
3077 2743
4237 1604
2649 3195
1454 2159
3423 547
1480 3521
3792 2097
4511 4879
385 4177
4829 1563
194 2391
3209 3545
4571 3170
3657 1231
2923 2978
