100 100
5000
49 35
39 52
7 60
93 49
82 73
34 51
12 51
61 87
57 64
2 74
63 35
84 51
20 95
26 57
85 15
26 66
42 17
42 80
79 76
27 99
29 74
98 87
96 81
68 7
83 12
85 59
35 69
32 98
69 42
58 23
67 44
57 32
35 40
95 51
88 49
19 36
33 92
1 96
81 59
44 5
2 99
93 14
80 15
86 4
15 38
74 88
68 100
99 27
53 58
32 48
56 70
65 29
100 5
71 21
76 55
28 100
61 10
10 31
99 79
86 33
69 1
69 54
96 23
46 20
91 80
19 71
24 33
41 69
78 71
72 82
56 10
36 72
77 45
52 14
80 75
81 42
77 65
34 29
52 88
9 34
58 2
87 29
63 100
39 13
19 35
96 79
47 32
4 30
9 28
31 44
73 18
32 23
67 3
92 41
80 61
66 40
67 41
63 40
71 76
13 97
4 89
33 36
48 40
90 98
64 80
2 25
43 74
29 47
91 74
96 28
99 49
89 71
72 89
25 70
99 77
18 35
92 72
100 37
27 53
25 94
75 51
59 84
41 68
30 89
2 69
90 11
54 22
80 32
31 51
42 67
51 46
99 17
89 26
8 10
1 39
63 67
6 55
2 54
79 36
76 69
25 54
32 95
36 10
72 38
76 36
82 97
68 80
14 19
36 81
67 25
87 94
2 63
98 16
96 85
17 81
27 66
60 11
37 8
81 40
78 61
1 72
51 75
47 47
83 79
96 33
55 31
71 79
32 39
65 60
83 36
9 5
73 72
64 44
24 77
43 63
98 70
67 67
19 46
58 86
68 2
84 74
98 64
93 7
52 53
93 76
77 97
4 65
78 69
23 48
47 2
78 37
31 83
12 38
25 58
20 78
28 83
9 77
42 54
92 5
9 40
60 16
18 31
90 62
34 21
6 36
2 70
10 29
6 89
18 32
14 53
52 78
51 28
97 9
3 11
7 39
92 86
53 52
83 43
55 68
62 94
94 86
28 51
70 11
55 57
69 85
72 58
82 71
58 62
40 72
76 16
75 95
31 60
71 94
36 100
15 81
25 93
3 46
86 92
100 47
38 49
19 67
63 63
21 25
46 93
18 53
70 41
33 20
100 73
3 10
63 2
6 38
77 5
12 62
37 23
92 59
63 9
96 31
9 84
91 97
3 21
9 98
93 64
24 30
71 54
86 76
81 64
53 49
81 27
82 33
34 20
1 16
14 61
39 57
22 61
9 37
83 22
60 62
13 37
49 12
68 58
63 84
3 79
63 99
16 53
12 81
95 12
7 22
83 23
64 85
50 6
14 27
92 73
23 94
98 57
32 87
91 37
19 13
44 81
80 38
11 8
38 98
80 17
18 81
93 70
73 48
71 25
49 73
95 27
12 31
20 16
96 4
14 33
79 56
7 91
48 95
58 43
78 26
13 13
79 78
87 89
35 22
63 17
54 18
44 11
83 33
11 94
90 95
48 82
48 38
78 30
62 57
25 21
74 50
85 70
48 81
39 31
27 69
45 50
96 71
65 14
4 94
86 37
84 39
69 39
88 70
67 33
72 26
90 26
63 34
61 65
53 15
99 65
100 76
47 74
91 51
21 53
4 35
33 27
92 60
92 39
55 49
40 48
54 89
67 42
60 98
2 86
57 90
42 57
75 83
47 40
61 95
33 56
92 11
97 14
68 67
65 85
55 19
32 43
4 72
28 56
74 14
97 93
26 16
92 100
39 61
76 14
53 44
55 76
37 72
4 15
72 63
46 3
15 33
44 17
4 57
59 95
91 60
4 19
43 17
21 46
49 56
51 3
97 44
24 72
72 56
2 85
82 65
53 91
44 18
86 19
20 69
53 68
44 53
56 18
49 7
24 52
13 98
35 3
58 14
14 95
92 3
90 79
61 49
14 72
28 3
35 43
96 66
98 56
33 23
1 89
47 100
16 94
75 43
22 4
74 23
29 21
33 95
74 65
61 4
48 50
86 86
78 93
31 78
51 91
30 75
27 39
30 94
62 59
72 16
82 25
6 98
81 36
2 78
54 9
32 61
17 1
44 20
96 47
55 75
72 40
80 42
12 12
86 38
20 39
48 6
48 83
12 82
2 23
27 43
80 96
65 49
7 72
100 1
25 57
95 16
90 14
58 36
63 23
36 5
22 21
100 61
78 47
44 70
23 97
53 6
47 51
43 86
13 29
84 17
62 77
85 76
76 2
30 44
53 62
43 60
95 21
65 67
41 18
97 86
44 36
57 23
32 11
44 86
46 100
25 29
60 37
9 31
73 14
75 47
14 13
30 32
19 97
28 18
77 4
62 34
77 57
35 21
48 25
57 28
96 59
59 38
38 69
44 74
52 17
72 15
21 50
88 25
94 100
98 54
96 5
39 65
32 37
97 66
87 64
75 70
43 32
97 30
43 39
13 36
41 86
60 48
80 100
25 59
71 71
65 54
50 90
90 51
42 40
20 53
41 90
50 72
66 94
22 20
58 75
37 30
40 29
50 92
77 64
18 75
79 84
76 24
12 80
47 37
15 75
77 21
45 94
9 46
88 67
50 27
50 78
98 81
7 74
29 44
3 62
8 74
12 55
78 83
54 45
51 42
52 83
81 54
88 7
30 93
92 46
29 23
77 76
99 29
100 54
2 46
84 50
36 36
17 85
18 55
1 73
44 88
56 60
62 8
95 78
28 82
14 1
97 19
40 35
83 93
99 91
22 82
4 83
86 46
8 30
10 72
24 58
22 13
10 76
55 29
88 10
45 82
12 32
62 46
37 27
54 8
77 15
61 46
4 44
40 6
8 26
22 34
5 19
18 49
23 58
5 73
39 19
88 79
52 59
100 91
66 43
50 16
8 19
43 19
30 71
4 42
31 67
87 17
9 100
37 16
22 32
29 26
64 26
27 58
12 9
24 25
5 39
85 56
34 1
100 21
94 66
14 79
3 52
57 19
72 31
89 65
44 57
11 87
22 95
49 46
75 16
46 25
48 53
11 5
78 16
9 87
76 41
11 68
1 1
67 50
2 30
29 68
64 35
97 2
7 59
78 39
82 41
45 81
33 21
62 76
20 64
9 82
9 25
53 56
6 16
4 37
70 26
42 69
30 18
20 43
10 59
32 57
56 31
55 95
44 24
40 98
72 85
84 71
68 1
45 100
68 36
33 1
36 67
19 38
40 86
94 79
45 64
54 38
3 51
96 27
2 68
43 6
94 44
39 94
26 56
92 12
76 58
47 53
17 12
96 99
7 54
99 10
10 78
83 2
48 42
12 30
80 54
24 28
98 80
7 1
62 50
22 7
86 40
7 40
98 23
55 61
64 73
20 3
60 10
48 76
9 78
9 90
45 12
42 59
6 57
33 18
39 4
43 48
54 7
1 9
54 36
85 67
82 31
75 46
43 70
61 35
12 78
33 32
24 16
30 47
41 58
66 28
95 85
36 71
69 21
28 33
90 81
83 44
40 71
55 27
3 67
13 34
65 55
43 88
30 30
88 86
15 28
65 23
28 12
99 19
8 84
65 57
97 26
91 92
15 20
60 36
77 40
43 90
28 41
68 40
46 47
46 62
21 3
34 74
2 90
75 58
86 83
32 72
78 67
93 81
72 8
85 31
6 82
30 69
77 90
9 41
12 91
32 67
21 38
44 68
62 33
47 15
81 7
7 36
99 85
41 79
38 96
24 53
79 60
31 94
83 84
90 55
88 84
30 65
39 87
96 57
36 17
72 3
64 28
45 18
77 53
79 13
40 17
32 24
40 85
67 1
87 39
90 34
64 60
37 67
79 39
39 95
49 75
75 91
91 93
63 59
64 13
50 2
27 9
99 89
11 11
82 16
79 15
81 88
77 32
76 18
46 17
40 58
97 32
48 75
71 99
98 36
29 65
68 95
12 96
53 82
33 60
70 12
40 80
20 58
26 76
10 61
67 51
44 71
79 55
91 14
72 60
76 71
38 6
59 14
97 37
99 41
67 58
71 4
66 92
61 11
78 78
22 100
86 43
60 41
22 70
71 65
76 28
83 95
24 73
30 14
52 57
97 71
88 31
94 54
96 50
80 79
91 98
10 38
77 88
41 13
61 27
14 16
27 15
17 54
30 54
77 50
63 53
63 22
66 41
74 5
38 78
42 9
64 55
27 21
12 3
60 74
20 59
51 10
97 63
67 80
3 63
73 73
57 75
93 94
17 33
54 3
19 64
59 57
55 74
11 57
98 17
18 2
10 83
36 3
28 63
77 20
99 18
64 79
5 49
12 87
13 73
64 10
38 32
70 62
17 18
92 52
57 65
11 60
86 15
90 39
46 8
15 10
12 11
63 58
98 29
33 67
67 82
87 85
65 96
70 28
99 66
48 41
36 9
17 64
58 97
29 37
43 78
46 54
37 87
30 13
82 93
41 67
65 22
53 74
82 90
63 13
77 22
6 78
39 26
71 72
77 3
86 47
62 26
73 57
22 78
17 93
68 41
70 80
83 28
16 41
86 65
60 92
47 58
70 29
85 18
15 48
4 9
60 56
23 70
26 30
96 60
87 24
54 35
76 42
40 76
95 14
68 20
5 74
63 76
18 48
1 55
44 76
27 16
76 7
65 25
64 16
39 7
41 85
54 39
78 87
44 80
8 100
68 42
52 87
46 74
90 85
35 7
35 60
67 40
24 1
32 3
24 69
83 78
28 38
64 56
58 59
87 34
25 38
36 34
71 91
14 64
30 81
99 95
3 58
22 54
28 94
15 80
56 88
20 12
89 2
88 37
33 6
100 14
41 61
87 77
2 35
50 77
100 67
8 60
41 84
28 42
46 76
21 71
28 4
57 39
70 81
85 4
65 5
20 47
58 55
69 65
50 70
63 52
35 38
57 42
68 83
51 29
20 10
7 37
49 89
76 47
58 19
26 52
12 92
12 20
16 51
79 59
44 72
4 66
63 87
84 89
28 11
28 25
25 43
36 20
80 97
3 28
43 44
51 68
21 80
8 20
54 76
88 54
84 20
65 6
1 33
8 77
41 82
70 49
78 99
15 68
32 69
90 38
84 73
42 79
46 64
63 94
91 23
86 12
69 81
97 42
24 46
70 89
46 30
39 1
52 4
30 80
9 3
82 57
59 62
5 93
95 72
18 67
80 7
1 99
29 25
16 12
65 3
35 20
93 37
1 6
8 85
22 75
61 74
42 2
54 61
70 7
38 70
19 50
48 99
54 81
37 21
33 64
34 55
26 67
36 87
34 26
50 89
44 3
6 66
43 96
79 42
91 28
44 91
88 74
82 38
42 6
6 15
81 29
82 13
90 64
2 87
63 14
29 88
52 89
37 48
28 84
86 44
3 85
32 55
3 43
68 76
2 37
93 1
5 43
40 63
65 39
74 64
97 76
49 37
68 17
55 41
11 40
31 22
92 19
60 83
80 70
63 60
2 33
1 29
81 47
49 99
92 22
22 86
50 41
96 82
94 88
42 4
96 73
45 63
82 35
69 6
71 20
83 7
44 93
4 29
58 10
29 62
3 31
29 17
65 77
91 96
54 16
40 78
38 80
70 4
13 9
95 91
31 72
17 98
13 76
30 15
77 13
92 76
74 81
89 41
93 46
93 40
5 27
31 61
74 61
10 67
74 77
56 94
83 55
37 100
30 2
66 97
81 74
85 98
10 65
40 99
82 60
38 22
13 87
17 49
78 95
81 63
19 40
71 84
85 45
23 43
48 20
62 28
11 69
7 10
3 93
73 77
28 61
21 96
44 46
1 56
72 24
95 42
85 89
64 91
30 45
9 63
70 72
24 43
73 5
39 43
38 1
78 11
84 99
38 82
5 71
14 96
41 29
94 99
61 97
75 6
89 81
55 87
90 96
18 88
58 22
92 71
10 49
32 15
61 63
20 41
51 17
28 7
7 7
2 97
59 80
37 58
56 99
28 78
56 68
84 91
15 34
59 17
82 94
3 36
99 6
15 74
82 69
81 21
40 9
3 100
82 11
86 72
34 81
74 72
7 90
78 6
2 73
95 49
38 79
56 1
62 11
24 98
36 56
39 11
2 39
27 3
32 78
23 11
32 63
5 75
65 50
12 59
27 49
66 21
8 52
96 93
23 62
67 16
48 58
84 11
64 25
100 25
61 38
100 68
87 15
56 84
38 48
96 42
14 98
9 93
80 76
53 24
93 69
61 1
1 44
97 100
97 10
81 99
55 89
46 94
75 24
68 93
3 35
100 85
82 99
51 18
13 22
25 14
78 46
36 46
13 92
5 78
81 80
3 89
16 46
29 61
97 8
83 34
57 44
86 48
60 14
25 87
53 46
56 26
27 64
76 74
43 24
47 93
92 87
73 30
27 13
63 26
89 89
8 97
18 91
28 29
28 64
90 83
94 45
97 40
56 56
51 14
70 20
44 100
18 17
74 1
83 87
80 41
42 21
66 91
74 52
19 45
66 67
10 42
38 44
33 55
81 68
58 98
17 74
55 37
67 26
14 49
65 58
67 74
15 24
17 71
98 40
45 15
63 5
3 42
35 16
74 87
90 40
27 82
31 46
84 65
32 18
23 59
37 43
56 45
65 93
52 16
69 50
16 26
43 87
100 49
10 48
16 67
1 48
57 26
4 52
97 35
83 73
75 21
64 57
24 81
13 16
82 58
61 73
79 68
88 59
9 27
77 11
64 95
81 55
6 94
61 15
84 93
10 98
77 63
10 30
32 94
47 64
49 31
62 62
40 96
67 15
11 22
95 50
73 97
91 71
92 35
7 20
51 72
74 57
77 61
99 76
84 60
54 55
46 67
59 10
6 80
39 86
26 58
52 26
69 83
65 44
28 24
68 4
21 18
58 17
17 67
26 68
86 59
81 86
66 72
43 33
44 42
53 50
64 6
45 89
16 43
55 11
72 14
26 74
87 9
96 92
1 94
67 11
98 92
33 22
46 29
47 41
24 55
44 52
90 71
59 2
62 58
72 95
60 24
26 64
10 77
11 96
99 28
83 25
71 16
82 72
94 30
20 88
68 31
80 93
70 77
78 14
30 85
71 64
71 59
27 44
46 58
2 71
91 40
3 59
97 60
1 52
67 43
7 46
60 96
58 16
52 24
26 41
35 18
54 40
56 12
19 51
78 79
54 66
77 37
26 92
71 60
33 42
65 51
24 31
14 66
17 77
59 50
69 60
68 98
64 66
8 40
24 34
61 37
71 93
56 51
54 60
46 68
7 94
57 69
88 85
86 3
77 31
9 9
70 42
85 63
13 11
19 48
8 11
39 51
95 84
97 87
57 56
16 72
37 15
52 47
27 65
38 17
91 42
78 100
10 37
78 77
82 46
27 5
3 74
36 93
18 99
73 13
74 66
9 49
67 49
60 93
45 97
70 97
21 93
7 11
26 97
55 64
78 92
87 25
95 25
13 55
44 67
42 29
12 97
94 26
22 83
12 46
98 28
90 31
100 82
24 4
86 25
93 57
84 48
14 7
9 62
41 32
100 80
69 66
36 25
43 23
90 58
41 20
29 16
36 22
70 30
30 31
55 2
16 89
42 55
4 86
6 76
40 89
6 37
20 70
58 30
87 55
57 84
3 26
49 28
43 53
79 49
41 50
19 86
40 25
42 82
5 45
33 13
47 57
26 34
81 77
53 83
26 6
60 9
17 70
53 28
75 63
51 94
58 93
78 31
45 71
81 32
52 100
34 2
16 47
23 61
15 50
57 68
88 3
17 57
11 50
86 30
55 54
34 8
85 39
76 94
16 7
46 45
60 95
45 62
24 74
48 61
69 70
19 7
21 48
38 67
92 2
74 11
12 45
95 97
100 34
61 68
33 50
3 68
29 53
2 42
37 25
91 33
19 69
100 13
96 37
48 59
55 67
54 86
4 80
49 72
36 1
13 58
77 48
56 81
74 33
99 45
96 91
57 70
84 79
87 31
60 21
65 72
85 93
93 5
81 43
52 44
29 20
99 93
89 99
88 34
85 48
78 51
48 62
70 64
53 61
28 34
36 85
21 63
74 91
82 36
59 92
32 59
7 52
1 67
25 2
85 44
47 67
56 15
39 84
73 70
63 86
85 83
77 83
94 38
57 61
95 43
65 59
54 71
91 10
50 21
81 69
56 48
61 44
63 20
17 43
52 55
50 88
8 15
99 62
48 5
35 14
39 45
45 1
54 5
42 94
63 41
2 62
37 32
17 21
68 15
5 76
57 86
81 58
62 68
20 65
42 45
17 100
6 93
37 59
74 68
25 97
81 19
37 5
55 73
24 51
94 39
81 100
8 83
68 88
30 36
28 87
11 38
93 25
68 65
39 93
58 8
38 2
23 72
38 55
19 96
59 19
88 38
80 99
55 1
53 64
26 96
27 20
29 8
65 2
18 26
21 15
87 66
45 73
38 47
47 34
1 68
94 61
85 17
6 7
37 26
19 85
52 91
20 19
98 67
51 83
21 79
49 38
14 3
75 75
49 21
35 71
55 20
80 83
56 69
56 96
31 77
17 20
4 1
7 51
91 15
66 49
22 62
45 13
7 89
28 53
29 86
10 11
29 28
94 21
43 56
92 84
11 54
55 80
33 96
35 62
98 77
43 83
96 96
88 27
89 28
21 58
18 13
90 78
2 91
31 37
86 11
44 29
54 41
31 68
45 75
89 67
69 15
82 82
42 39
13 64
91 89
80 84
19 10
58 50
18 20
89 29
87 27
66 34
98 44
72 100
80 44
4 69
21 2
17 99
70 32
30 68
21 12
33 58
36 83
60 85
71 62
55 23
16 83
63 65
23 84
44 95
97 70
45 60
53 3
51 88
38 63
82 34
93 68
87 72
31 34
8 69
57 25
96 58
61 24
66 87
10 40
41 76
1 86
81 11
67 87
89 76
64 17
25 68
94 3
22 57
44 8
90 65
62 65
54 92
47 92
56 66
32 42
23 35
16 44
48 88
91 38
17 53
76 8
43 43
23 16
48 1
66 50
38 65
62 2
74 90
7 9
12 73
86 21
56 19
70 50
81 65
22 77
35 55
21 85
38 99
66 13
7 95
62 70
12 68
8 32
15 46
76 90
53 63
67 89
10 80
19 84
90 66
3 15
92 21
85 46
63 6
15 52
52 96
10 50
89 56
36 75
47 24
11 30
24 57
1 15
17 73
15 37
82 89
18 61
71 63
29 56
83 13
42 96
4 70
44 28
56 44
82 19
38 40
64 53
17 82
67 85
21 43
62 100
72 54
98 83
16 80
86 70
30 21
49 6
25 95
66 7
65 34
64 78
26 61
29 10
95 13
54 62
90 5
6 21
68 47
98 97
74 79
17 2
21 20
11 59
52 22
38 3
56 8
28 67
16 71
5 38
38 64
54 80
19 87
37 69
47 65
100 3
23 47
30 82
73 35
50 7
82 74
34 76
37 7
7 53
24 83
74 20
94 78
34 15
5 92
10 58
75 37
57 58
18 30
13 77
70 66
93 80
51 92
53 51
82 63
36 4
10 75
65 99
40 11
36 54
77 94
74 53
26 98
46 19
6 20
31 39
1 2
50 24
37 44
99 50
47 84
66 2
91 76
86 87
45 61
89 43
56 59
57 14
50 55
93 16
96 9
41 93
18 72
44 22
76 80
31 66
77 66
37 89
17 83
89 64
79 73
11 88
7 4
60 76
13 69
3 47
39 10
96 98
44 99
69 94
71 100
82 79
91 4
66 63
22 30
44 35
60 51
61 85
93 51
17 30
38 75
83 91
50 1
96 49
22 36
100 100
32 89
25 60
35 59
38 24
20 90
55 12
72 53
80 67
17 65
11 92
70 38
6 27
3 90
15 92
73 3
27 47
24 49
45 87
38 100
84 70
83 58
26 79
77 25
9 47
33 76
48 71
47 49
40 91
9 99
75 79
17 60
77 49
85 82
61 34
22 26
37 18
86 98
19 58
50 96
83 15
59 76
58 28
4 85
14 85
43 7
67 75
30 62
58 65
6 51
1 35
94 59
23 38
64 72
48 56
55 3
4 95
90 52
33 28
42 3
77 43
50 15
77 39
41 33
50 46
35 70
39 98
81 57
82 8
46 43
96 69
47 21
31 75
14 24
8 12
51 4
24 19
61 55
46 35
60 79
19 82
83 9
57 51
77 27
5 90
24 37
53 38
8 89
80 58
96 64
19 78
46 13
96 52
60 29
88 41
100 45
65 56
54 24
52 92
100 33
47 56
33 46
75 54
39 97
62 43
45 51
42 35
22 64
37 46
62 69
24 13
62 12
41 34
86 26
34 24
13 70
77 33
66 82
35 61
27 30
67 61
82 43
89 17
61 54
52 70
6 8
49 87
19 2
89 18
43 58
35 93
52 8
66 70
46 85
77 87
75 36
97 54
69 78
2 5
80 50
34 86
8 38
52 7
80 74
93 20
85 77
31 15
98 66
44 75
19 32
1 84
9 23
59 90
59 47
42 48
31 9
33 16
52 77
74 54
51 90
54 6
82 42
26 81
46 38
22 29
91 20
45 32
78 59
30 24
79 87
55 66
76 30
4 88
13 19
29 90
56 14
3 39
83 21
83 74
12 60
32 62
78 20
13 94
19 93
86 69
11 23
9 58
64 87
14 60
2 38
43 21
24 3
31 24
42 99
77 80
18 6
27 42
28 74
34 64
75 18
26 19
59 21
91 46
49 62
65 26
28 91
91 29
10 94
13 28
9 54
28 49
37 71
8 45
75 98
86 73
4 45
19 72
13 86
35 52
52 20
100 89
30 28
63 90
53 30
73 59
46 89
32 34
60 52
74 71
71 33
37 65
13 12
30 60
57 33
13 49
36 60
99 23
97 27
93 96
58 54
91 79
44 69
45 59
67 6
49 59
20 40
30 43
93 42
24 29
37 97
75 48
22 72
68 92
68 70
85 52
86 16
59 5
40 7
15 42
15 19
25 92
23 60
55 32
48 86
53 59
52 5
35 26
16 25
65 53
15 14
53 4
7 12
22 67
43 22
1 90
79 79
2 75
2 44
26 37
30 63
78 36
65 78
6 84
80 78
75 71
72 84
75 57
72 83
19 6
23 80
53 88
15 95
19 79
21 22
32 41
94 35
7 18
41 26
42 50
32 88
92 15
35 23
62 16
23 85
64 93
69 44
2 67
35 39
78 19
46 2
17 19
88 33
95 32
14 40
14 78
43 77
28 57
43 5
76 81
39 14
59 48
60 75
85 75
35 86
63 47
61 81
54 87
61 86
36 76
63 93
30 7
90 37
65 46
97 6
8 51
40 38
54 29
4 13
34 13
8 88
70 61
29 13
67 9
36 44
81 38
63 37
73 24
7 16
34 27
66 98
22 79
55 55
93 26
99 34
18 66
26 60
47 14
6 24
30 74
49 61
50 71
28 85
36 47
13 8
7 35
32 82
13 44
18 73
30 83
9 2
16 95
34 61
46 12
13 2
39 46
69 7
52 60
68 23
42 37
17 76
43 41
33 62
94 41
74 46
64 5
23 79
43 81
35 79
5 85
14 58
52 50
90 76
47 20
55 5
35 19
90 75
10 57
36 39
86 62
63 49
93 92
27 45
6 88
27 87
44 32
97 39
80 3
46 11
60 71
19 61
34 9
46 32
67 45
74 51
81 46
60 70
74 70
69 5
87 54
19 3
77 24
24 35
73 89
25 6
58 57
9 81
33 14
56 13
61 9
71 87
89 39
89 45
90 99
53 94
72 55
72 6
61 50
48 70
70 63
30 39
85 32
45 44
84 69
38 14
24 86
93 72
70 17
45 8
11 86
88 1
99 78
12 17
90 84
79 19
36 82
6 53
74 19
41 64
64 32
21 28
66 47
79 44
44 37
88 28
45 23
82 23
69 76
64 82
45 95
91 41
74 31
72 4
68 50
55 38
31 63
61 51
12 37
44 73
97 16
92 17
79 70
31 82
81 33
45 80
4 79
95 52
14 87
60 97
4 51
91 69
22 55
25 56
32 50
38 31
73 91
93 61
21 73
3 84
24 76
53 12
14 5
24 80
30 12
12 53
60 77
35 5
19 66
12 24
12 70
98 65
77 18
6 61
44 14
99 92
23 93
83 16
10 96
99 48
38 30
38 77
35 80
4 48
54 1
13 82
56 64
26 47
60 89
98 46
69 82
23 9
21 87
18 98
50 57
77 67
79 22
33 93
11 10
5 17
16 28
58 49
82 45
69 56
45 78
26 28
8 93
54 43
59 36
47 11
77 46
20 92
26 84
21 76
26 32
59 67
78 21
47 72
13 1
100 50
22 60
54 84
29 39
32 85
58 61
52 99
52 39
70 14
8 75
13 95
49 45
59 30
36 21
6 95
47 99
69 12
47 44
89 6
80 64
27 34
50 56
53 7
6 73
49 76
84 44
24 20
62 78
52 23
36 70
78 8
28 97
15 18
20 97
7 67
60 22
32 77
61 60
41 1
38 50
80 16
26 54
60 50
83 31
74 35
90 90
62 19
96 62
51 37
10 62
80 86
64 70
55 14
40 73
28 22
24 6
3 96
51 64
69 98
19 28
25 4
90 9
18 46
31 80
69 84
64 68
37 66
51 6
49 1
91 64
37 81
90 29
46 33
65 88
62 51
26 70
29 36
59 39
22 73
4 40
85 14
74 21
58 38
20 71
15 73
88 87
23 55
69 22
33 38
47 94
72 29
57 74
29 82
87 83
93 59
84 12
4 55
74 44
77 16
84 63
34 4
60 46
85 6
64 98
75 88
89 87
22 42
31 100
56 27
28 23
75 61
64 62
59 41
81 56
5 14
23 25
10 8
81 13
69 8
54 93
5 56
89 78
5 68
4 36
41 10
72 41
49 68
46 55
100 11
4 61
5 33
65 10
1 83
63 36
78 18
54 78
70 16
61 5
50 4
83 89
52 76
40 59
66 80
99 47
25 33
28 1
7 61
21 65
3 53
45 6
70 22
70 78
69 92
44 85
42 95
26 42
98 60
76 78
55 7
20 13
67 23
64 48
96 43
60 25
51 26
86 54
58 89
65 47
36 98
39 66
41 60
67 48
35 25
25 41
43 18
31 76
32 36
26 53
98 59
91 50
42 47
99 20
95 92
40 19
29 6
23 29
12 4
48 33
68 54
13 60
74 97
96 26
82 84
11 81
47 75
75 66
74 89
43 97
28 52
21 97
24 39
15 76
83 20
17 79
70 56
5 40
73 29
22 45
43 8
60 80
3 8
9 55
79 86
6 46
59 28
24 5
21 95
78 50
88 63
54 58
95 48
32 26
84 38
6 17
31 49
6 59
91 59
41 17
81 10
18 64
44 62
2 28
77 35
1 20
84 36
61 23
34 18
59 56
39 55
9 70
100 10
30 98
26 27
51 60
91 90
61 13
3 94
65 84
89 46
37 39
85 88
71 78
99 33
37 79
15 5
4 49
24 71
77 82
34 50
41 37
16 6
63 91
89 31
94 27
39 71
5 12
17 5
57 91
90 57
94 67
51 63
62 9
11 21
54 52
64 50
24 22
21 44
55 34
4 63
3 41
82 48
85 43
10 82
6 4
1 74
71 13
81 49
2 96
80 12
85 51
66 6
44 15
28 46
63 19
55 62
55 77
64 89
91 78
93 21
10 4
12 90
11 63
87 48
53 22
91 57
44 4
43 55
76 43
9 19
25 5
14 47
25 35
7 29
34 16
6 6
37 34
78 42
44 79
73 6
38 52
51 16
28 95
34 84
35 45
100 53
96 2
77 1
25 83
89 13
24 91
60 1
84 21
82 3
26 80
63 21
84 52
25 96
29 2
54 30
96 76
67 99
79 83
59 18
31 10
97 78
90 12
25 12
54 100
6 30
36 57
90 77
48 66
8 35
15 64
42 11
3 57
47 25
75 2
70 23
34 33
38 62
24 61
10 71
38 18
100 87
9 66
13 65
100 62
53 95
80 80
89 49
81 14
22 9
58 18
37 10
8 82
82 12
87 71
7 69
33 15
58 91
76 96
27 79
30 66
24 26
30 42
84 66
62 21
21 29
60 72
7 19
3 70
75 34
75 25
49 27
65 15
68 63
91 53
44 34
30 56
42 38
54 37
96 55
56 39
27 57
36 2
66 68
30 5
20 94
14 8
38 95
77 23
47 45
40 92
24 67
66 15
75 49
65 24
89 36
73 75
97 75
48 73
29 75
68 13
83 59
98 38
38 84
40 68
93 8
94 42
50 95
99 68
59 71
90 67
38 58
88 44
80 90
50 58
3 22
55 9
67 63
97 18
65 4
92 98
29 78
30 46
43 65
12 63
79 40
71 97
91 17
48 60
63 78
66 39
26 69
39 47
80 82
94 1
41 45
15 65
57 24
44 97
46 66
23 33
50 8
42 5
26 3
34 6
32 20
73 15
39 100
46 59
40 61
98 88
4 90
75 62
93 91
13 23
65 68
37 47
19 98
87 95
58 99
31 8
47 16
34 69
61 94
95 93
74 9
2 92
42 75
34 67
2 15
25 45
60 81
15 4
27 52
70 67
10 3
59 53
97 73
96 95
90 48
16 8
58 37
21 6
91 100
69 29
87 51
85 24
30 16
3 87
90 49
48 44
9 42
6 54
16 29
7 62
92 33
21 99
73 64
14 37
84 57
73 96
97 90
68 86
1 46
55 52
71 31
70 65
1 4
11 14
59 54
96 44
49 71
60 5
4 39
40 5
81 9
39 40
49 100
19 15
48 3
23 53
9 61
38 56
35 72
74 17
94 80
84 75
11 66
92 51
61 76
41 92
54 42
19 74
36 58
82 29
83 97
68 16
1 19
59 75
94 58
52 18
18 65
93 98
52 69
9 26
49 83
94 18
57 7
21 7
45 77
43 76
31 87
16 45
51 50
80 4
16 1
51 5
79 91
13 38
17 59
85 94
8 13
87 96
28 75
60 66
31 84
15 30
91 66
57 11
31 13
62 37
11 82
59 33
6 81
89 11
99 53
33 54
14 36
19 26
66 53
31 40
86 93
88 29
80 91
31 31
67 17
40 24
99 36
93 77
4 92
56 23
19 24
80 26
30 99
2 6
43 82
5 30
22 93
92 70
73 53
72 80
26 62
72 5
58 78
55 84
64 39
62 49
72 97
86 56
11 93
37 33
49 54
71 81
58 56
27 93
85 99
22 74
62 6
10 69
44 51
31 29
10 5
33 65
78 5
29 31
36 30
53 96
54 12
4 10
7 34
21 13
61 62
3 1
25 26
18 5
50 75
31 38
71 8
72 51
88 98
19 95
35 96
41 83
89 1
49 53
26 17
71 44
89 23
9 75
25 55
3 23
47 13
69 14
36 90
45 41
81 24
99 44
72 66
53 26
43 92
65 8
29 77
66 65
35 88
91 72
62 23
11 100
22 35
80 53
41 65
85 65
55 26
52 90
37 40
54 99
73 2
96 24
96 17
91 43
64 24
50 31
45 92
96 34
8 95
18 15
96 54
43 62
54 20
79 43
86 45
52 35
41 6
76 1
55 13
25 18
50 28
71 53
84 97
34 40
92 92
46 70
25 9
88 6
91 82
68 91
19 56
26 29
84 16
55 93
32 74
35 8
36 86
11 64
27 80
89 68
7 31
13 30
92 29
80 65
10 44
27 31
32 25
45 14
37 60
97 56
66 25
83 52
25 73
51 52
26 71
56 53
43 20
35 64
94 46
70 44
16 92
34 82
31 64
89 72
7 97
25 23
96 12
85 69
37 42
51 19
94 75
95 90
52 45
98 85
5 97
98 10
91 99
97 7
27 67
97 43
57 82
27 7
56 46
49 41
76 56
84 34
96 21
34 62
100 96
18 80
85 73
88 65
92 54
72 36
93 9
61 77
44 2
80 51
71 73
10 85
20 49
63 7
72 72
66 55
41 48
30 53
99 21
32 92
12 74
25 32
66 5
17 96
49 20
40 62
50 32
73 60
78 55
21 94
22 38
8 56
26 93
18 74
86 67
38 35
3 54
34 49
96 36
45 69
56 17
61 16
69 38
32 33
43 27
75 4
15 51
15 6
8 86
83 6
7 41
82 24
3 95
73 83
84 64
48 94
18 57
4 47
84 92
85 66
22 31
69 33
85 85
54 10
51 47
37 99
64 41
20 83
96 13
42 32
14 50
70 73
34 68
58 13
74 26
71 18
68 14
100 43
89 38
1 76
96 32
83 14
42 81
40 40
35 81
90 53
66 1
21 91
35 24
74 41
32 27
78 81
63 31
14 6
87 57
35 75
100 98
50 42
37 88
67 86
73 40
60 100
41 15
69 40
78 97
46 79
18 59
100 95
27 98
1 91
55 85
76 73
50 38
88 4
16 77
22 47
32 80
20 42
66 36
8 39
86 58
11 83
18 22
91 25
79 18
94 87
32 90
21 30
15 23
3 91
12 89
71 10
5 35
18 50
27 86
46 71
45 7
80 30
12 6
64 77
6 92
25 62
26 33
99 80
10 92
43 98
97 13
62 61
34 45
45 24
21 26
100 48
84 8
29 66
42 42
80 45
74 82
55 6
21 51
17 40
85 34
91 75
96 1
22 18
51 78
55 35
37 14
95 19
34 95
28 30
18 34
25 46
94 32
10 73
65 33
66 37
34 97
78 86
42 51
17 90
80 55
69 16
47 77
47 31
32 7
37 91
83 81
94 93
88 82
45 53
92 82
36 7
20 30
12 8
10 68
6 40
41 22
47 91
77 72
50 13
74 13
96 11
42 7
47 30
61 70
43 93
76 82
61 6
42 89
90 47
61 25
79 47
8 17
9 76
92 77
91 81
11 45
34 99
84 1
54 75
76 34
17 7
20 38
47 26
23 52
87 91
84 4
76 75
18 3
1 10
66 90
99 74
69 99
53 97
49 5
36 50
73 88
11 62
30 92
4 97
71 48
10 47
11 29
87 97
45 85
25 72
50 73
79 75
86 2
48 90
60 26
70 25
34 92
93 36
86 80
10 12
18 79
71 77
96 38
47 59
54 13
59 96
40 60
21 81
6 96
21 60
25 37
17 35
48 67
29 48
74 29
47 87
23 92
93 15
32 46
98 73
80 52
8 48
79 61
19 92
47 61
12 98
99 52
39 62
54 64
81 75
47 85
30 49
75 44
10 20
54 70
25 40
85 42
40 64
16 64
90 42
95 59
94 96
76 27
97 41
3 73
57 6
42 53
30 78
95 38
52 84
79 6
94 7
98 90
44 84
14 43
98 75
24 48
16 76
42 91
9 29
66 31
1 81
43 47
7 42
10 100
71 67
69 49
46 86
66 84
11 46
76 91
71 38
27 18
80 60
77 17
72 42
64 74
13 66
52 21
14 12
3 69
12 72
17 68
21 10
86 90
53 14
10 86
55 96
30 35
95 79
52 79
16 59
28 45
5 29
31 42
38 7
58 83
38 39
81 12
49 84
22 2
73 50
94 83
39 41
22 68
98 71
10 79
45 74
46 90
63 68
70 74
72 30
86 42
26 8
24 97
91 94
95 24
18 39
38 71
62 18
8 58
94 89
49 93
49 80
95 39
82 20
48 43
22 37
85 35
39 5
60 68
22 59
87 8
44 47
8 76
59 6
50 100
23 49
40 55
6 43
60 33
30 97
42 24
46 96
5 13
31 59
97 38
25 76
81 17
69 79
71 28
51 71
52 62
51 96
36 15
69 53
64 15
15 90
27 32
8 14
35 49
11 15
35 27
9 16
51 77
56 95
68 38
86 84
92 44
80 59
47 48
20 17
75 41
12 41
69 26
73 78
19 19
44 58
60 64
95 99
64 100
88 13
10 2
52 74
6 39
90 28
55 70
21 64
17 36
46 82
86 1
50 52
69 95
66 57
81 97
25 66
1 93
79 17
11 17
85 21
15 96
81 90
44 19
21 37
81 4
12 49
82 86
25 44
50 39
72 28
72 79
59 15
18 38
49 16
98 20
65 65
71 5
16 27
54 53
77 92
67 71
91 44
80 10
7 14
17 75
37 38
86 7
35 47
99 31
96 70
69 46
23 100
93 34
99 97
49 19
12 40
26 25
18 56
34 96
65 98
67 36
27 61
88 26
79 28
73 69
81 84
81 60
84 46
19 75
69 62
64 3
36 28
94 36
88 62
67 69
84 80
95 17
23 12
99 69
38 90
7 43
47 36
86 14
16 73
100 40
69 17
46 23
54 94
57 41
89 91
37 86
58 85
67 53
54 2
1 63
46 22
81 98
62 82
25 34
41 44
67 94
73 1
24 50
87 3
15 57
13 71
98 68
72 34
50 86
32 6
23 42
87 61
3 99
35 42
95 62
64 96
19 99
1 50
96 97
6 18
48 49
95 65
3 13
77 91
26 14
30 19
82 50
51 7
95 64
40 36
66 51
10 15
17 91
58 1
27 24
97 99
17 78
30 1
14 32
18 8
11 97
76 49
74 56
33 25
92 10
38 45
79 88
96 45
8 6
73 44
78 23
54 56
55 28
72 86
53 13
99 9
91 63
12 1
76 4
3 78
83 65
76 20
78 90
41 63
9 7
16 24
11 25
88 96
5 18
68 64
20 46
17 42
10 18
10 6
92 97
26 46
33 84
86 61
77 77
89 85
73 98
60 31
34 91
12 99
3 34
77 55
33 57
2 3
19 80
81 25
38 85
68 69
78 70
54 21
94 71
64 86
60 15
52 32
100 9
50 85
14 59
79 98
25 88
93 23
14 10
58 100
55 50
100 15
8 61
38 89
22 19
25 22
3 81
68 30
95 54
27 19
33 44
7 21
2 83
84 2
79 25
91 5
57 35
1 61
5 37
5 61
16 65
51 49
42 62
18 16
90 15
36 95
62 42
26 10
32 4
1 17
84 6
8 67
90 19
88 23
76 21
74 94
65 61
35 34
89 37
37 68
22 23
14 75
57 47
80 11
37 36
49 58
62 67
27 55
21 72
69 4
48 47
35 17
91 35
70 31
81 73
18 69
77 7
40 47
93 17
61 19
72 92
57 54
55 63
50 66
17 94
25 86
7 76
58 31
88 60
75 59
90 80
66 19
61 48
27 36
52 56
56 87
77 79
50 5
89 42
61 36
42 36
100 69
78 94
27 96
80 85
78 72
89 70
57 94
31 11
69 63
21 54
88 45
78 17
63 12
33 100
73 58
74 47
49 97
15 29
46 50
24 21
43 38
50 25
18 42
34 10
4 23
80 73
89 82
70 5
12 83
41 56
45 22
99 100
64 22
1 77
11 77
93 33
87 70
92 13
89 80
32 12
28 72
66 38
25 51
100 22
22 24
42 61
94 40
14 92
90 97
76 48
51 27
91 24
77 10
16 78
46 37
94 29
2 88
52 43
10 70
49 52
49 70
13 10
47 89
76 31
86 32
11 47
71 34
50 87
17 29
89 48
72 22
21 45
76 11
74 22
28 32
58 40
77 28
37 31
96 10
28 55
94 57
60 6
56 78
99 73
40 75
12 79
37 50
100 55
9 97
47 9
46 97
23 99
85 58
84 25
46 60
23 30
17 31
39 58
20 11
9 72
51 65
58 25
55 16
12 23
84 90
35 67
51 69
75 56
64 7
19 4
83 63
2 56
72 35
5 36
68 72
34 23
21 69
18 11
80 72
19 12
27 97
13 89
46 53
83 11
9 91
6 12
67 93
69 80
8 78
95 33
25 24
28 28
3 88
26 48
8 73
14 56
78 80
17 55
39 59
9 44
1 65
66 26
25 11
90 7
42 85
74 62
56 40
95 60
44 26
70 47
75 7
57 46
31 93
96 56
95 28
44 61
79 71
67 7
68 29
49 51
84 29
92 61
4 75
28 44
46 65
52 36
24 94
85 74
68 32
48 68
27 71
54 49
5 87
19 89
91 62
78 74
44 59
45 34
51 35
45 48
66 81
41 75
22 63
85 20
12 15
100 78
77 73
45 93
49 42
20 23
1 59
88 18
57 98
86 49
60 27
8 8
96 30
25 80
68 5
70 9
3 98
82 17
72 59
88 75
73 23
5 2
64 69
12 77
34 83
15 8
80 29
33 71
63 18
67 65
31 30
15 70
17 48
29 18
75 38
4 3
12 44
32 96
42 52
35 50
68 27
93 22
69 47
95 71
94 91
46 9
7 98
6 63
48 79
28 5
10 63
57 92
81 92
57 36
12 85
86 88
62 38
87 47
62 56
19 73
36 33
76 29
62 27
16 34
73 93
88 2
96 75
45 26
36 96
60 57
43 26
86 53
15 35
18 82
84 14
65 95
54 59
26 90
28 8
6 32
45 49
16 58
68 74
83 24
84 22
59 86
2 100
13 35
37 94
89 8
43 73
49 22
3 60
8 33
19 47
1 88
97 29
62 47
98 69
34 39
35 29
13 84
91 68
88 68
99 84
71 70
98 7
40 4
49 34
59 66
31 26
59 13
28 86
4 16
66 61
18 95
94 51
79 90
5 83
79 31
58 87
21 98
54 17
65 1
86 100
91 49
50 9
7 13
76 50
2 55
41 11
13 100
34 73
11 99
72 32
6 79
45 25
29 83
52 52
25 19
61 53
98 1
70 94
20 85
77 93
79 100
58 71
70 71
67 8
49 3
63 66
35 54
4 28
37 24
55 48
56 55
9 60
57 15
6 72
54 25
77 26
77 12
48 26
14 46
91 6
90 100
86 81
19 76
91 31
18 12
97 80
20 52
89 27
12 35
39 79
69 57
27 72
52 82
11 18
3 6
41 52
72 10
8 18
98 14
49 36
50 82
90 69
47 68
67 54
24 17
72 65
38 10
79 7
1 5
62 66
49 43
5 9
49 91
67 5
67 88
48 80
39 27
29 45
12 76
13 72
93 56
30 41
65 31
15 2
32 52
39 32
87 38
40 41
11 95
98 45
89 86
41 5
83 41
22 66
38 11
50 67
64 64
98 55
88 61
28 71
38 21
100 71
52 86
45 40
33 85
83 64
74 32
17 16
68 96
75 77
42 12
69 71
38 60
23 91
52 97
100 81
84 77
70 83
17 38
14 48
21 17
23 81
37 12
14 65
12 21
94 92
83 49
29 93
99 42
26 26
13 46
61 26
30 52
1 80
50 14
27 83
47 71
47 73
35 98
47 62
94 63
32 44
45 28
63 79
55 18
82 56
31 65
1 30
89 74
23 96
44 60
79 54
2 2
95 70
61 31
42 14
47 70
32 54
36 6
53 54
58 64
26 77
93 74
24 64
44 90
86 31
13 24
25 82
21 74
27 95
4 50
11 1
81 35
73 42
100 65
13 74
15 67
76 87
57 66
87 30
54 83
100 56
54 65
64 84
74 83
85 11
73 10
68 85
70 57
42 56
19 94
66 16
23 37
66 75
100 20
40 100
28 90
9 48
52 64
85 47
85 64
8 70
64 11
72 52
73 54
25 79
16 5
23 56
98 21
59 83
91 8
97 55
6 9
55 36
24 41
50 3
48 55
47 54
92 4
61 72
66 8
19 39
80 94
25 16
86 75
53 81
70 52
43 2
97 82
94 4
38 20
66 24
30 90
54 63
64 67
21 21
4 93
87 56
44 38
69 89
43 68
51 36
74 28
16 35
62 54
91 26
53 69
33 45
96 8
29 41
3 9
96 86
53 39
8 63
68 39
62 15
60 61
97 57
18 1
88 21
50 29
4 91
17 11
85 22
33 29
56 38
32 31
67 47
30 48
64 76
29 94
61 43
33 51
46 80
27 50
5 51
48 13
20 15
79 74
72 1
10 95
93 24
73 51
97 50
59 55
43 34
24 88
74 84
62 29
48 27
77 30
27 28
45 54
65 75
84 68
23 45
60 18
88 76
75 60
35 68
87 11
51 48
7 6
73 76
43 45
23 3
57 95
23 2
22 99
21 19
33 48
50 79
67 62
16 57
17 39
32 10
1 70
4 22
25 27
57 63
88 36
68 89
8 96
96 90
45 3
16 54
30 86
95 98
13 47
5 94
7 88
7 26
66 79
23 66
28 19
18 47
66 78
78 73
14 54
5 41
25 42
40 37
15 55
58 9
93 43
6 71
99 54
40 57
67 13
100 19
4 14
41 9
79 35
52 25
17 69
87 26
73 66
35 1
12 13
54 77
88 89
35 41
20 81
88 69
37 52
95 10
76 66
72 70
67 28
30 26
92 78
24 90
46 44
19 5
31 7
16 100
23 15
42 30
43 61
87 32
45 68
2 41
79 27
95 77
35 35
71 2
1 62
10 66
74 69
68 35
62 53
59 45
33 88
15 54
5 28
53 77
30 59
46 63
43 49
50 30
65 19
71 26
15 88
67 56
73 19
65 74
85 10
80 88
25 47
57 48
75 19
25 30
10 25
94 69
74 74
39 3
42 22
53 48
95 74
94 76
41 89
16 40
20 74
16 70
68 24
74 96
94 97
67 100
89 97
14 26
1 34
28 50
47 69
45 21
7 63
56 63
21 78
73 47
26 1
25 50
62 81
61 59
8 25
8 3
49 55
78 54
12 42
81 83
30 64
34 44
2 16
74 85
6 22
55 97
72 12
93 39
