500 500
3000
1 1
2 2
3 3
4 4
5 5
6 6
7 7
8 8
9 9
10 10
11 11
12 12
13 13
14 14
15 15
16 16
17 17
18 18
19 19
20 20
21 21
22 22
23 23
24 24
25 25
26 26
27 27
28 28
29 29
30 30
31 31
32 32
33 33
34 34
35 35
36 36
37 37
38 38
39 39
40 40
41 41
42 42
43 43
44 44
45 45
46 46
47 47
48 48
49 49
50 50
51 51
52 52
53 53
54 54
55 55
56 56
57 57
58 58
59 59
60 60
61 61
62 62
63 63
64 64
65 65
66 66
67 67
68 68
69 69
70 70
71 71
72 72
73 73
74 74
75 75
76 76
77 77
78 78
79 79
80 80
81 81
82 82
83 83
84 84
85 85
86 86
87 87
88 88
89 89
90 90
91 91
92 92
93 93
94 94
95 95
96 96
97 97
98 98
99 99
100 100
101 101
102 102
103 103
104 104
105 105
106 106
107 107
108 108
109 109
110 110
111 111
112 112
113 113
114 114
115 115
116 116
117 117
118 118
119 119
120 120
121 121
122 122
123 123
124 124
125 125
126 126
127 127
128 128
129 129
130 130
131 131
132 132
133 133
134 134
135 135
136 136
137 137
138 138
139 139
140 140
141 141
142 142
143 143
144 144
145 145
146 146
147 147
148 148
149 149
150 150
151 151
152 152
153 153
154 154
155 155
156 156
157 157
158 158
159 159
160 160
161 161
162 162
163 163
164 164
165 165
166 166
167 167
168 168
169 169
170 170
171 171
172 172
173 173
174 174
175 175
176 176
177 177
178 178
179 179
180 180
181 181
182 182
183 183
184 184
185 185
186 186
187 187
188 188
189 189
190 190
191 191
192 192
193 193
194 194
195 195
196 196
197 197
198 198
199 199
200 200
201 201
202 202
203 203
204 204
205 205
206 206
207 207
208 208
209 209
210 210
211 211
212 212
213 213
214 214
215 215
216 216
217 217
218 218
219 219
220 220
221 221
222 222
223 223
224 224
225 225
226 226
227 227
228 228
229 229
230 230
231 231
232 232
233 233
234 234
235 235
236 236
237 237
238 238
239 239
240 240
241 241
242 242
243 243
244 244
245 245
246 246
247 247
248 248
249 249
250 250
251 251
252 252
253 253
254 254
255 255
256 256
257 257
258 258
259 259
260 260
261 261
262 262
263 263
264 264
265 265
266 266
267 267
268 268
269 269
270 270
271 271
272 272
273 273
274 274
275 275
276 276
277 277
278 278
279 279
280 280
281 281
282 282
283 283
284 284
285 285
286 286
287 287
288 288
289 289
290 290
291 291
292 292
293 293
294 294
295 295
296 296
297 297
298 298
299 299
300 300
301 301
302 302
303 303
304 304
305 305
306 306
307 307
308 308
309 309
310 310
311 311
312 312
313 313
314 314
315 315
316 316
317 317
318 318
319 319
320 320
321 321
322 322
323 323
324 324
325 325
326 326
327 327
328 328
329 329
330 330
331 331
332 332
333 333
334 334
335 335
336 336
337 337
338 338
339 339
340 340
341 341
342 342
343 343
344 344
345 345
346 346
347 347
348 348
349 349
350 350
351 351
352 352
353 353
354 354
355 355
356 356
357 357
358 358
359 359
360 360
361 361
362 362
363 363
364 364
365 365
366 366
367 367
368 368
369 369
370 370
371 371
372 372
373 373
374 374
375 375
376 376
377 377
378 378
379 379
380 380
381 381
382 382
383 383
384 384
385 385
386 386
387 387
388 388
389 389
390 390
391 391
392 392
393 393
394 394
395 395
396 396
397 397
398 398
399 399
400 400
401 401
402 402
403 403
404 404
405 405
406 406
407 407
408 408
409 409
410 410
411 411
412 412
413 413
414 414
415 415
416 416
417 417
418 418
419 419
420 420
421 421
422 422
423 423
424 424
425 425
426 426
427 427
428 428
429 429
430 430
431 431
432 432
433 433
434 434
435 435
436 436
437 437
438 438
439 439
440 440
441 441
442 442
443 443
444 444
445 445
446 446
447 447
448 448
449 449
450 450
451 451
452 452
453 453
454 454
455 455
456 456
457 457
458 458
459 459
460 460
461 461
462 462
463 463
464 464
465 465
466 466
467 467
468 468
469 469
470 470
471 471
472 472
473 473
474 474
475 475
476 476
477 477
478 478
479 479
480 480
481 481
482 482
483 483
484 484
485 485
486 486
487 487
488 488
489 489
490 490
491 491
492 492
493 493
494 494
495 495
496 496
497 497
498 498
499 499
500 500
1 500
2 499
3 498
4 497
5 496
6 495
7 494
8 493
9 492
10 491
11 490
12 489
13 488
14 487
15 486
16 485
17 484
18 483
19 482
20 481
21 480
22 479
23 478
24 477
25 476
26 475
27 474
28 473
29 472
30 471
31 470
32 469
33 468
34 467
35 466
36 465
37 464
38 463
39 462
40 461
41 460
42 459
43 458
44 457
45 456
46 455
47 454
48 453
49 452
50 451
51 450
52 449
53 448
54 447
55 446
56 445
57 444
58 443
59 442
60 441
61 440
62 439
63 438
64 437
65 436
66 435
67 434
68 433
69 432
70 431
71 430
72 429
73 428
74 427
75 426
76 425
77 424
78 423
79 422
80 421
81 420
82 419
83 418
84 417
85 416
86 415
87 414
88 413
89 412
90 411
91 410
92 409
93 408
94 407
95 406
96 405
97 404
98 403
99 402
100 401
101 400
102 399
103 398
104 397
105 396
106 395
107 394
108 393
109 392
110 391
111 390
112 389
113 388
114 387
115 386
116 385
117 384
118 383
119 382
120 381
121 380
122 379
123 378
124 377
125 376
126 375
127 374
128 373
129 372
130 371
131 370
132 369
133 368
134 367
135 366
136 365
137 364
138 363
139 362
140 361
141 360
142 359
143 358
144 357
145 356
146 355
147 354
148 353
149 352
150 351
151 350
152 349
153 348
154 347
155 346
156 345
157 344
158 343
159 342
160 341
161 340
162 339
163 338
164 337
165 336
166 335
167 334
168 333
169 332
170 331
171 330
172 329
173 328
174 327
175 326
176 325
177 324
178 323
179 322
180 321
181 320
182 319
183 318
184 317
185 316
186 315
187 314
188 313
189 312
190 311
191 310
192 309
193 308
194 307
195 306
196 305
197 304
198 303
199 302
200 301
201 300
202 299
203 298
204 297
205 296
206 295
207 294
208 293
209 292
210 291
211 290
212 289
213 288
214 287
215 286
216 285
217 284
218 283
219 282
220 281
221 280
222 279
223 278
224 277
225 276
226 275
227 274
228 273
229 272
230 271
231 270
232 269
233 268
234 267
235 266
236 265
237 264
238 263
239 262
240 261
241 260
242 259
243 258
244 257
245 256
246 255
247 254
248 253
249 252
250 251
251 250
252 249
253 248
254 247
255 246
256 245
257 244
258 243
259 242
260 241
261 240
262 239
263 238
264 237
265 236
266 235
267 234
268 233
269 232
270 231
271 230
272 229
273 228
274 227
275 226
276 225
277 224
278 223
279 222
280 221
281 220
282 219
283 218
284 217
285 216
286 215
287 214
288 213
289 212
290 211
291 210
292 209
293 208
294 207
295 206
296 205
297 204
298 203
299 202
300 201
301 200
302 199
303 198
304 197
305 196
306 195
307 194
308 193
309 192
310 191
311 190
312 189
313 188
314 187
315 186
316 185
317 184
318 183
319 182
320 181
321 180
322 179
323 178
324 177
325 176
326 175
327 174
328 173
329 172
330 171
331 170
332 169
333 168
334 167
335 166
336 165
337 164
338 163
339 162
340 161
341 160
342 159
343 158
344 157
345 156
346 155
347 154
348 153
349 152
350 151
351 150
352 149
353 148
354 147
355 146
356 145
357 144
358 143
359 142
360 141
361 140
362 139
363 138
364 137
365 136
366 135
367 134
368 133
369 132
370 131
371 130
372 129
373 128
374 127
375 126
376 125
377 124
378 123
379 122
380 121
381 120
382 119
383 118
384 117
385 116
386 115
387 114
388 113
389 112
390 111
391 110
392 109
393 108
394 107
395 106
396 105
397 104
398 103
399 102
400 101
401 100
402 99
403 98
404 97
405 96
406 95
407 94
408 93
409 92
410 91
411 90
412 89
413 88
414 87
415 86
416 85
417 84
418 83
419 82
420 81
421 80
422 79
423 78
424 77
425 76
426 75
427 74
428 73
429 72
430 71
431 70
432 69
433 68
434 67
435 66
436 65
437 64
438 63
439 62
440 61
441 60
442 59
443 58
444 57
445 56
446 55
447 54
448 53
449 52
450 51
451 50
452 49
453 48
454 47
455 46
456 45
457 44
458 43
459 42
460 41
461 40
462 39
463 38
464 37
465 36
466 35
467 34
468 33
469 32
470 31
471 30
472 29
473 28
474 27
475 26
476 25
477 24
478 23
479 22
480 21
481 20
482 19
483 18
484 17
485 16
486 15
487 14
488 13
489 12
490 11
491 10
492 9
493 8
494 7
495 6
496 5
497 4
498 3
499 2
500 1
181 32
371 78
371 310
406 450
179 254
198 168
447 375
198 3
204 406
69 369
40 1
98 387
304 344
440 335
63 247
499 330
166 423
167 125
37 282
101 473
122 381
256 197
457 356
310 337
444 353
43 481
277 364
75 215
317 93
235 48
189 145
314 223
354 34
420 174
228 124
11 350
500 135
373 276
56 208
435 80
393 171
343 445
470 396
167 436
136 272
164 269
338 190
126 44
157 463
130 312
415 115
148 470
157 189
395 56
245 16
435 196
431 30
122 488
335 52
369 368
160 61
457 1
468 200
20 302
105 216
200 474
170 324
407 413
438 275
361 196
237 471
312 352
170 373
92 495
365 223
439 149
478 237
235 270
238 161
446 217
388 332
24 153
82 344
455 253
368 209
27 429
377 232
121 402
98 269
410 395
444 347
367 314
90 268
231 273
234 99
195 106
42 74
438 151
450 471
65 198
228 330
240 396
496 196
53 348
2 175
444 50
20 174
125 372
148 322
182 174
286 336
88 69
81 209
431 393
408 224
488 239
314 3
207 436
491 41
253 192
385 10
8 409
446 495
244 264
324 31
196 488
88 170
433 248
500 6
370 387
222 131
37 70
370 55
473 10
320 254
193 443
433 318
283 308
100 378
48 236
202 384
288 120
170 281
293 17
439 356
293 297
190 373
11 153
88 243
257 198
312 367
100 77
81 144
399 167
267 8
351 200
350 136
382 58
391 319
61 222
326 383
344 371
11 65
235 458
413 214
420 200
127 225
458 73
177 387
320 97
491 40
254 146
17 132
8 446
175 286
116 209
1 335
380 208
145 475
361 151
199 80
498 32
490 483
312 417
89 447
454 492
453 283
119 224
469 215
171 243
349 261
363 331
20 461
325 65
456 380
224 440
287 381
362 169
491 342
194 59
329 348
348 166
163 15
366 396
119 121
218 103
235 101
230 175
191 96
82 51
336 367
24 235
234 86
96 137
287 312
195 188
161 79
422 288
198 366
403 52
132 282
399 224
56 437
436 67
466 113
160 391
81 68
414 447
42 322
157 78
99 451
128 300
334 55
41 378
235 240
161 125
350 59
374 463
100 249
457 65
317 203
206 168
247 195
374 259
433 413
141 293
50 395
132 287
238 352
173 343
281 387
139 239
212 260
256 61
294 234
397 326
277 349
26 5
103 56
341 380
51 165
23 54
336 348
286 475
193 213
175 69
29 161
273 38
85 210
206 442
239 374
72 334
105 485
174 297
130 494
384 134
68 200
308 154
160 421
71 123
422 98
127 393
124 400
246 100
376 263
71 289
195 8
293 321
315 183
203 464
197 51
476 288
220 230
279 140
167 193
15 499
140 208
212 376
497 266
73 217
335 9
131 18
31 323
85 113
102 320
397 328
95 400
466 174
175 363
429 218
64 471
73 72
50 245
114 237
218 268
342 261
347 354
247 339
327 147
403 77
89 211
276 216
76 179
138 454
457 212
68 495
36 211
299 21
329 12
137 331
280 300
448 435
121 392
305 30
82 81
36 245
362 101
429 497
387 283
1 380
413 213
477 154
5 288
342 437
477 26
150 45
41 488
374 399
307 179
452 340
210 116
187 268
371 348
236 275
224 261
203 288
226 114
431 313
142 79
222 338
362 149
44 433
268 383
434 200
383 153
354 21
338 172
461 187
402 322
332 158
267 167
263 401
405 208
223 358
299 351
98 18
452 328
200 389
17 430
388 472
395 264
204 96
41 401
109 126
301 202
378 222
340 176
146 297
63 402
176 414
43 300
75 198
243 12
326 474
489 303
369 233
253 4
449 291
185 80
285 133
286 249
57 46
323 393
455 402
376 309
168 341
196 319
92 449
135 467
349 20
366 341
417 356
203 211
98 100
241 412
17 72
404 266
114 215
205 384
131 68
156 423
67 466
489 227
34 465
325 268
258 94
281 37
479 369
52 271
414 488
201 66
10 194
499 101
13 49
28 111
362 465
244 19
499 427
370 236
192 56
107 71
28 270
386 353
144 115
440 75
150 423
5 369
376 104
50 415
9 336
249 498
171 148
346 178
145 22
39 290
195 120
342 41
464 86
210 408
139 95
143 132
153 109
310 345
62 295
371 179
150 404
273 128
222 24
235 30
215 128
341 494
115 475
259 421
89 123
299 250
101 126
465 457
492 253
486 178
229 376
301 141
474 48
486 13
357 122
52 14
173 17
406 111
199 257
148 499
220 125
383 124
306 482
78 414
27 68
86 481
176 278
85 397
342 33
494 361
321 358
500 114
7 37
279 137
263 260
171 412
465 411
404 433
205 452
254 375
105 467
414 61
344 120
29 320
73 395
115 40
237 500
346 394
228 3
452 425
104 126
15 35
419 3
60 9
86 247
293 61
171 132
455 154
45 337
238 93
308 406
83 115
363 435
264 195
372 433
170 58
354 353
3 324
238 387
189 149
218 201
132 235
388 483
175 157
266 254
488 177
450 74
149 310
403 405
185 437
268 381
123 48
357 323
25 316
68 360
117 272
205 496
37 169
177 178
224 429
135 279
47 414
421 411
244 311
434 36
177 314
500 140
453 300
23 273
300 53
110 150
187 298
94 169
341 252
53 143
500 222
458 12
88 354
401 396
286 432
372 104
407 237
15 449
479 326
416 198
327 489
351 3
270 180
245 415
485 275
85 253
140 333
77 429
399 50
102 484
204 127
234 126
390 438
148 23
487 460
257 148
433 380
117 396
329 37
243 98
1 170
274 129
36 313
84 77
375 325
40 404
98 408
327 13
336 241
106 247
451 1
75 385
369 144
6 403
433 358
152 268
78 190
331 73
43 320
116 213
128 323
315 172
462 152
392 272
149 434
418 468
369 482
47 344
373 295
277 26
247 405
227 133
428 389
152 222
399 173
342 69
499 139
158 127
435 177
458 410
30 327
202 234
288 344
199 19
483 118
269 478
117 456
396 421
329 425
10 389
59 403
410 130
306 361
416 142
484 292
471 170
456 136
443 61
272 135
429 389
260 358
304 403
119 34
477 106
482 161
281 11
153 369
241 423
3 125
17 62
129 247
49 254
159 168
454 179
157 270
217 102
231 427
38 68
168 219
346 8
172 232
460 319
65 8
457 327
126 482
186 310
145 489
291 29
47 353
145 92
73 475
332 199
369 19
30 249
169 131
291 304
395 127
377 358
434 492
399 79
84 374
245 50
297 237
478 284
399 237
30 78
437 136
184 451
53 284
406 339
281 90
120 401
18 187
459 179
388 264
356 181
193 323
352 331
444 448
372 241
171 257
451 303
392 182
207 22
36 423
85 468
225 188
285 100
282 405
466 218
153 238
366 31
408 10
261 440
399 314
192 165
318 403
136 313
243 273
391 351
477 484
259 163
370 132
222 383
134 60
347 417
326 199
62 13
33 299
116 350
430 136
405 360
125 160
390 259
141 99
177 277
304 275
192 249
339 299
419 467
106 151
37 357
450 274
405 195
11 66
39 351
64 164
54 204
376 361
154 160
272 172
161 316
231 129
453 475
385 493
314 1
291 399
286 301
461 274
312 245
216 284
313 17
75 395
436 43
393 90
65 157
217 458
396 347
305 82
127 355
379 423
261 366
473 464
460 320
374 57
366 199
361 126
480 208
190 98
322 223
471 188
294 321
233 259
266 294
331 441
12 400
333 113
217 448
461 437
377 255
418 133
483 102
146 266
98 249
474 357
86 478
395 71
300 152
215 261
220 162
440 216
358 210
401 279
167 253
50 452
68 33
425 99
447 148
294 348
373 123
166 448
395 47
8 355
189 79
200 5
340 230
485 453
128 386
372 453
229 293
366 143
13 82
134 439
338 240
90 486
491 474
379 194
53 483
179 124
48 224
399 418
8 126
110 133
233 150
217 286
125 158
250 347
408 223
229 256
336 159
37 98
394 179
133 77
124 381
32 233
217 374
397 282
434 219
482 44
339 229
273 51
101 218
376 403
397 470
464 8
221 431
468 305
433 237
123 427
344 417
482 43
412 6
186 227
200 224
293 405
21 468
291 176
275 421
136 193
376 2
33 37
105 195
435 232
408 112
418 197
246 311
433 382
369 298
165 274
449 437
261 478
339 145
425 405
362 25
482 491
153 456
308 40
432 367
49 236
407 429
225 226
192 328
350 82
41 49
107 63
424 127
123 257
69 499
203 102
409 300
120 419
20 98
498 65
210 140
178 148
394 238
429 440
379 43
221 210
326 59
227 86
167 445
146 439
435 431
98 54
262 129
285 295
486 459
22 84
316 53
85 326
285 149
103 344
21 72
305 485
345 223
121 319
116 492
145 268
186 330
400 173
231 139
273 391
369 348
188 459
380 168
412 62
226 287
493 432
19 242
310 482
191 205
26 221
77 155
319 34
450 459
7 281
18 15
275 302
368 448
76 416
487 88
324 368
7 14
42 265
122 331
167 117
186 436
366 102
97 145
283 246
39 263
416 247
146 110
275 242
494 230
268 191
174 167
254 332
207 414
371 421
235 274
49 431
273 59
111 43
252 194
392 153
286 107
491 80
386 48
4 57
211 304
285 259
172 169
484 233
382 494
327 217
254 239
291 231
194 388
262 118
466 446
471 359
339 98
227 256
200 223
418 37
45 21
303 57
25 114
402 3
325 259
374 253
76 171
419 134
32 295
393 221
401 289
77 276
493 191
327 486
220 70
425 476
232 500
83 226
424 13
356 473
372 161
140 36
65 107
322 120
282 368
400 328
170 447
40 365
132 351
353 245
495 17
59 142
236 208
319 326
300 467
387 396
258 146
157 273
488 115
325 41
361 466
411 115
343 226
17 408
494 499
150 162
361 261
136 327
231 318
192 326
141 19
432 304
326 62
472 268
214 316
407 56
132 341
463 378
456 383
190 482
166 485
450 77
266 291
75 465
326 349
267 61
450 161
28 258
238 177
408 105
37 62
196 69
85 229
60 275
120 76
292 46
458 53
346 66
71 409
216 141
330 29
426 471
372 205
50 80
100 226
243 191
229 187
189 359
361 72
60 485
61 65
485 285
35 419
6 375
34 28
46 368
367 205
278 71
377 337
120 468
76 347
352 323
287 389
307 284
345 498
340 149
391 486
243 87
154 14
289 227
499 405
306 72
114 452
59 267
430 126
112 366
422 372
466 487
170 336
321 13
174 474
246 259
172 107
442 78
162 174
469 306
373 477
31 52
500 141
379 471
292 112
417 391
13 254
37 73
109 157
324 80
16 102
230 207
156 217
93 368
234 328
397 221
112 230
121 93
236 321
261 205
65 383
112 267
248 57
216 163
22 401
480 132
276 408
153 425
467 390
447 437
486 446
74 48
100 90
181 379
338 177
2 381
441 401
348 110
235 333
20 160
172 299
137 141
115 7
283 1
366 53
50 268
250 358
408 214
214 97
106 97
307 479
306 458
212 249
259 4
298 259
445 17
155 128
168 279
335 168
27 70
175 367
163 315
74 392
178 500
464 298
245 208
321 1
321 322
233 12
309 269
442 474
358 111
95 243
5 222
261 129
201 462
52 382
149 32
454 35
304 342
196 321
309 336
277 175
29 171
230 128
183 264
189 315
268 399
56 276
299 381
130 249
494 319
251 153
49 380
370 399
419 260
84 70
231 449
56 359
93 362
223 272
125 15
476 8
322 500
94 439
263 405
160 120
38 174
94 280
274 286
251 364
223 162
406 298
199 411
484 307
311 371
330 5
134 120
187 247
113 345
401 489
400 482
57 227
68 410
231 211
450 184
239 167
359 307
464 495
496 393
339 271
391 489
40 125
466 380
227 384
337 21
233 457
435 500
436 285
497 301
452 403
497 8
427 7
380 76
236 272
358 37
112 393
451 434
137 282
207 62
410 429
329 237
446 224
151 315
432 134
377 469
340 392
92 163
124 280
441 237
457 278
350 217
278 247
208 272
237 400
159 244
38 128
137 17
461 444
357 90
327 310
399 159
311 256
203 57
120 275
411 410
499 175
488 314
495 64
97 424
325 214
186 164
89 117
378 77
332 355
117 423
152 46
163 235
113 425
53 334
121 475
225 67
30 238
152 443
134 77
151 198
215 40
141 372
65 458
380 181
377 237
18 448
155 233
178 449
130 66
159 178
118 292
300 67
354 20
404 458
319 105
49 486
289 202
167 381
109 181
342 16
82 144
440 270
32 192
92 101
274 428
60 436
210 335
120 124
71 116
175 481
318 468
177 335
25 105
201 178
116 438
373 87
197 250
21 461
427 474
424 450
57 69
285 229
55 371
148 68
381 470
75 337
151 146
491 147
469 464
435 286
200 111
185 54
336 467
186 132
236 219
139 306
359 364
189 217
220 96
453 388
316 498
44 122
322 280
392 172
300 307
316 428
152 246
469 429
217 285
122 133
499 335
72 363
356 458
117 224
489 134
242 387
240 269
316 168
479 205
420 319
225 170
85 102
248 314
485 344
387 278
267 10
276 87
468 205
324 81
437 114
362 74
132 491
350 90
72 275
23 186
22 44
90 206
5 270
212 448
206 50
190 293
389 84
344 238
443 2
372 4
308 254
287 163
146 10
476 349
326 282
336 181
287 494
34 306
365 401
252 11
476 153
338 223
245 411
121 177
56 309
474 79
147 214
464 274
217 378
443 479
346 230
215 45
174 403
65 247
477 198
488 491
10 143
411 307
347 318
48 486
471 301
404 399
125 64
5 314
148 145
16 455
192 431
441 323
356 121
487 44
176 139
60 340
201 97
249 293
266 335
14 447
298 7
264 439
11 148
6 279
153 447
449 369
411 397
8 29
341 121
240 25
54 398
21 439
116 14
96 277
331 492
121 500
246 307
296 415
256 12
280 397
81 78
404 18
111 448
362 298
44 459
60 98
497 424
441 59
160 212
224 364
393 58
155 279
206 273
498 160
373 239
85 57
462 412
104 349
157 67
161 230
93 382
283 216
142 133
269 472
181 393
77 237
97 73
151 82
203 488
44 477
433 112
399 306
196 215
337 50
169 48
283 353
417 420
346 374
192 445
242 39
166 114
323 161
306 45
324 400
408 230
133 322
230 420
144 192
358 369
26 390
326 149
319 356
156 23
247 381
332 283
274 155
475 87
303 139
213 217
376 154
395 357
65 123
345 455
498 352
129 111
357 448
65 367
309 391
89 264
319 123
45 41
231 36
181 340
419 59
34 338
186 191
148 386
472 157
156 245
47 153
365 64
77 433
9 500
405 299
495 498
65 113
460 167
424 57
372 49
204 429
154 19
292 149
86 12
27 54
365 159
329 438
394 490
115 85
122 425
396 172
73 250
152 168
24 423
55 273
267 50
256 172
56 343
91 365
203 50
113 381
239 59
193 95
200 123
186 61
338 101
296 278
115 129
127 306
401 108
31 377
235 117
173 327
188 329
216 376
487 449
363 499
404 272
466 252
223 306
55 70
293 357
484 402
315 237
30 398
354 187
484 413
275 278
500 88
62 4
212 408
398 196
213 380
314 378
75 376
10 92
337 483
206 413
471 218
460 90
291 122
185 241
221 409
72 417
370 389
335 6
264 323
390 36
136 117
490 190
41 212
166 307
271 434
119 101
174 490
274 456
104 236
46 145
236 199
482 15
20 402
407 138
245 443
414 179
486 426
333 3
163 274
360 167
379 355
322 74
384 323
387 381
401 310
156 224
47 380
309 86
404 154
235 87
334 443
26 292
464 204
37 307
390 334
183 127
393 324
252 330
125 260
168 181
6 290
475 4
252 458
194 302
363 149
189 295
317 292
62 60
350 208
380 187
199 173
324 112
494 308
20 215
253 158
81 212
191 83
278 291
69 339
415 124
354 52
156 232
309 475
408 193
89 43
200 186
422 14
344 7
147 466
224 416
77 261
444 490
350 106
117 278
353 376
102 474
185 271
301 89
116 229
119 39
222 163
303 277
446 33
57 282
292 172
94 282
132 193
469 273
330 4
361 364
491 63
106 23
279 484
110 230
354 250
141 358
16 187
14 431
352 69
191 420
488 38
215 244
247 304
419 90
135 487
471 303
218 318
401 488
139 307
1 68
420 470
119 423
114 374
443 175
119 257
60 369
443 163
75 139
446 394
193 337
165 397
295 262
369 352
446 279
228 326
234 324
414 397
69 373
29 349
19 7
155 42
40 225
458 114
44 499
45 464
143 263
68 258
5 286
344 187
215 258
142 308
471 217
332 408
268 452
8 337
350 193
415 10
500 26
249 325
114 159
339 9
229 325
368 309
353 288
409 66
407 22
391 95
331 57
131 49
348 195
19 336
161 196
34 41
218 20
162 45
484 185
57 368
104 203
86 18
207 130
60 184
390 400
491 310
76 256
85 267
244 110
464 85
31 364
383 295
267 248
14 285
41 54
162 67
60 197
304 165
154 181
81 201
135 144
58 425
183 461
348 242
105 288
414 405
326 84
50 165
90 101
186 406
429 50
68 404
332 458
12 75
39 45
364 437
58 89
272 420
463 290
91 315
451 479
201 391
170 445
339 434
4 397
156 310
49 193
438 298
261 259
188 383
33 62
357 177
181 461
413 356
210 129
434 253
209 477
26 219
480 40
270 83
37 498
470 447
129 471
115 366
327 28
254 37
29 75
420 328
465 66
57 104
244 103
212 20
448 3
419 341
428 195
311 251
52 193
75 112
348 375
125 383
353 29
478 434
361 299
249 137
416 81
410 304
443 240
143 396
281 58
209 10
146 274
357 354
410 342
215 134
279 89
131 298
68 164
89 185
8 353
7 222
267 245
112 364
126 234
411 82
272 409
43 55
407 184
134 473
53 20
225 212
33 385
370 450
245 58
361 417
333 486
159 257
216 370
473 114
245 481
275 103
457 51
444 132
479 406
468 198
179 74
435 113
327 97
246 303
363 333
283 186
293 354
194 297
472 40
409 159
464 426
168 161
462 414
178 51
156 327
358 224
28 477
121 5
317 484
474 347
466 231
403 284
94 42
348 483
308 150
398 303
396 404
357 38
249 244
37 122
488 495
170 440
404 279
154 131
108 263
215 159
162 267
24 274
