9384
6 20
25 19
28 18
5 30
30 12
19 46
30 4
22 24
23 20
38 36
39 20
40 22
3 33
19 22
8 29
39 13
26 41
9 5
11 38
33 18
48 29
15 8
11 15
30 11
33 46
45 3
17 37
23 44
47 40
43 6
20 34
17 24
5 3
27 40
39 38
36 17
18 2
24 6
41 31
16 5
7 12
6 22
26 6
18 24
44 12
29 41
23 23
16 6
25 21
44 41
36 31
10 31
11 11
36 29
19 3
11 25
39 41
24 17
45 19
39 19
9 45
12 30
20 5
13 22
3 35
40 37
43 27
20 31
36 33
12 33
34 47
9 3
40 31
18 36
2 35
7 35
10 43
42 7
25 7
27 27
40 45
41 34
23 12
43 11
22 6
21 33
4 28
35 21
36 4
9 15
16 40
48 25
13 42
30 36
47 35
14 17
31 33
28 5
43 22
40 17
5 12
48 34
17 13
6 5
42 39
44 9
9 44
11 20
16 19
8 40
5 46
8 13
30 13
42 4
13 34
45 42
23 23
6 18
35 11
47 28
27 42
14 35
16 24
32 30
41 38
21 23
15 6
34 43
44 27
24 8
38 20
27 39
21 32
8 7
20 32
12 45
25 24
10 40
25 41
47 17
9 20
17 22
3 2
17 45
7 18
30 22
37 9
12 9
18 44
40 36
27 3
32 30
4 20
47 28
12 45
22 19
42 17
40 44
43 34
19 48
3 27
48 17
13 37
3 29
33 41
16 37
21 25
44 3
43 42
8 32
18 7
3 11
22 20
32 17
5 3
42 32
28 41
27 39
30 28
45 40
47 12
7 45
14 3
46 9
22 5
18 38
37 19
48 10
16 31
25 45
11 19
29 16
37 7
32 44
12 28
35 10
17 20
33 30
21 30
16 20
13 32
10 48
29 35
9 43
43 12
40 6
8 46
20 22
30 4
18 40
9 4
28 25
22 12
6 20
19 46
39 30
29 26
8 35
12 42
30 6
5 47
36 37
44 34
10 25
15 26
42 22
8 21
45 7
31 28
26 2
25 42
9 32
45 16
18 8
9 25
38 38
23 26
26 44
37 13
20 3
38 14
23 23
12 46
28 42
25 31
21 28
24 28
37 20
21 32
5 28
9 42
43 9
45 20
5 33
32 2
34 47
14 34
21 25
31 47
44 34
30 16
39 31
21 27
29 41
10 11
46 43
30 41
4 26
38 33
36 47
33 47
24 25
12 43
27 41
21 48
5 28
41 42
36 13
46 42
31 34
5 8
28 33
47 9
37 15
40 3
40 4
2 15
6 12
10 31
30 8
30 34
34 22
6 47
12 30
41 42
15 44
48 20
7 25
28 42
17 45
44 8
26 23
22 30
12 9
38 40
15 45
4 26
44 35
3 8
16 42
27 8
16 5
26 48
7 31
41 22
28 15
29 31
15 28
13 25
35 28
43 27
25 45
30 20
10 31
5 24
4 30
30 44
12 34
43 17
16 15
17 42
7 23
4 21
2 15
23 14
20 17
18 43
40 25
15 48
33 44
3 35
26 10
31 15
42 4
31 10
17 46
29 23
46 31
42 46
23 16
37 42
11 6
15 2
8 7
27 39
3 28
5 27
37 13
40 9
15 48
43 31
24 24
5 21
32 24
44 33
17 32
5 26
15 18
5 21
24 31
12 25
36 15
29 3
26 46
11 18
46 5
47 47
6 29
20 16
30 41
47 46
25 3
2 38
19 32
37 20
40 26
43 27
39 23
29 42
47 17
11 44
46 36
21 4
16 18
18 45
11 42
21 34
22 47
2 39
30 16
11 21
40 31
26 30
32 6
2 30
21 12
4 18
46 23
46 39
40 41
14 2
13 12
13 33
11 39
24 18
7 12
17 45
41 41
6 3
24 6
31 22
42 33
17 18
8 41
9 25
33 21
25 45
32 15
8 20
5 30
15 10
19 30
7 38
48 11
39 23
41 22
22 35
32 38
4 38
30 11
14 40
10 16
15 19
29 22
16 33
29 29
20 26
11 25
15 36
13 31
37 6
30 10
18 14
25 20
3 32
9 42
24 43
35 16
13 16
15 27
26 43
7 44
46 42
47 12
30 37
20 18
20 2
5 36
14 29
34 41
12 41
13 13
35 47
7 25
40 20
29 17
40 34
38 37
7 15
26 14
4 45
9 22
45 12
36 10
18 21
28 8
13 40
19 25
38 3
27 29
22 7
23 39
39 38
28 23
5 5
35 33
27 42
32 23
32 19
10 48
38 37
7 28
7 4
30 43
5 8
2 4
13 2
42 30
17 47
4 20
3 17
30 8
36 14
29 19
31 17
45 47
31 3
26 36
5 34
30 35
40 9
37 5
9 30
12 3
7 14
22 35
8 29
41 43
41 47
39 3
15 35
48 44
16 4
31 45
36 38
31 7
45 20
36 31
27 46
33 33
37 32
19 44
38 37
17 31
35 7
11 2
20 10
23 34
38 6
30 5
21 39
10 44
10 23
5 14
20 15
24 8
24 20
3 14
8 44
43 21
3 5
21 47
39 21
32 7
4 39
10 24
29 44
19 16
18 48
8 15
15 30
22 37
28 2
2 13
45 22
32 25
25 30
23 41
3 32
47 5
48 34
6 29
9 2
22 4
2 28
18 15
36 17
29 15
17 30
5 39
3 36
15 6
43 15
45 23
24 43
27 24
8 10
30 15
11 3
17 11
30 33
3 17
48 30
9 43
37 12
33 39
25 26
22 20
18 18
20 41
39 45
42 45
33 23
37 42
3 5
30 31
16 10
25 41
38 32
14 6
22 25
22 45
2 42
42 18
11 14
36 27
36 8
2 20
29 37
39 31
20 20
39 34
28 16
5 44
25 44
27 45
20 47
21 20
40 14
15 28
5 29
7 19
35 7
37 42
43 7
3 40
4 40
4 10
33 7
5 10
2 9
6 20
7 25
17 45
17 10
3 20
37 8
37 23
40 5
42 13
10 43
4 38
35 6
46 45
37 28
6 17
35 11
35 40
13 30
15 28
38 17
26 26
2 40
26 40
22 20
30 9
40 32
46 26
15 43
2 4
23 6
19 9
41 31
27 6
38 40
11 27
34 14
30 35
6 8
5 26
5 34
34 43
43 31
47 36
25 47
38 25
4 34
33 23
42 11
27 32
28 15
10 40
28 39
26 32
24 8
35 27
19 20
47 40
28 45
27 31
43 42
7 25
27 38
46 20
26 3
3 32
16 12
23 21
28 26
30 3
32 17
7 29
14 5
20 20
28 24
2 22
17 7
24 42
23 47
39 26
27 20
9 21
9 30
40 35
7 22
15 17
16 20
23 28
2 20
46 28
42 25
28 10
31 29
29 31
28 45
8 6
16 16
25 23
23 43
35 29
16 48
23 30
45 44
35 46
15 12
25 8
35 30
42 43
11 48
25 37
23 11
20 38
25 23
38 46
17 25
5 10
24 26
17 47
21 3
44 13
39 46
45 5
7 38
46 16
16 2
30 38
11 48
6 34
48 21
10 16
44 40
3 46
17 18
44 16
46 18
6 36
41 3
39 46
39 16
13 33
16 20
48 4
46 31
15 45
3 23
39 46
14 40
22 9
10 43
2 7
12 6
20 30
7 11
28 24
4 18
34 44
37 33
46 34
15 12
9 42
12 46
18 25
38 38
11 46
32 37
4 21
41 22
29 26
10 34
27 38
3 12
33 17
43 30
28 35
40 36
7 4
33 24
6 22
13 41
45 23
29 26
21 47
26 27
24 34
12 2
3 40
38 34
8 11
42 14
44 12
48 3
40 11
4 44
11 41
15 7
15 21
32 14
20 9
39 21
20 29
48 47
20 37
33 5
47 5
17 21
15 42
48 7
5 3
28 40
43 21
24 35
40 7
26 11
40 17
31 38
44 9
15 41
44 25
44 21
28 13
41 42
6 19
26 35
21 5
26 41
24 2
27 42
33 5
4 4
46 12
19 20
19 32
12 41
9 7
13 14
44 31
7 28
2 10
14 47
40 18
39 41
44 43
34 7
25 37
9 48
26 5
19 23
15 8
41 48
40 31
13 35
14 45
14 40
6 6
38 44
22 7
37 17
27 22
22 4
36 9
3 40
38 47
14 4
6 32
3 23
14 15
10 5
37 48
43 41
5 11
37 4
42 4
19 21
24 19
23 38
5 3
29 41
48 20
23 32
3 3
6 15
16 40
19 30
19 39
23 22
2 37
25 42
39 21
40 40
17 14
29 20
42 35
39 41
6 13
3 33
14 34
47 8
4 43
36 21
12 36
42 38
24 44
11 14
16 2
6 11
41 12
29 34
46 45
5 3
35 7
35 48
18 12
33 20
32 46
19 42
34 38
11 9
33 20
48 26
20 5
14 12
15 42
44 12
17 48
40 4
32 5
29 27
15 13
24 24
36 41
43 21
30 5
8 40
23 7
44 42
10 9
31 2
28 27
39 44
5 30
25 14
33 5
39 25
16 14
26 3
33 20
2 40
24 8
11 45
13 32
17 47
18 47
47 45
4 16
19 7
44 21
19 7
24 35
9 17
47 33
44 10
5 44
2 6
29 11
2 40
41 18
17 10
42 16
32 44
9 28
2 5
47 45
36 22
31 23
16 8
7 12
17 36
7 43
40 35
5 20
5 23
15 21
31 8
14 41
3 21
46 29
3 45
25 38
44 33
38 12
39 43
22 33
10 6
27 27
39 9
45 22
30 11
41 39
17 32
10 44
30 7
24 32
3 47
47 25
10 36
35 27
9 34
11 43
38 16
22 8
2 44
28 31
7 46
47 48
29 8
23 10
39 45
19 41
23 17
43 31
30 29
9 17
14 45
11 3
38 31
9 38
27 14
20 11
11 44
36 17
29 10
5 20
33 22
38 7
17 32
15 24
12 23
39 3
45 2
30 34
10 38
23 14
29 21
23 39
16 37
7 23
45 10
41 8
10 30
13 4
13 27
26 2
27 17
3 2
43 31
34 4
46 34
17 27
6 17
43 47
5 48
47 28
36 39
34 23
46 25
25 10
29 28
36 33
43 37
33 37
45 18
19 22
29 13
47 13
28 41
37 11
19 35
37 32
25 48
32 22
3 8
9 30
35 43
14 8
10 24
23 32
19 19
5 47
30 29
11 9
47 46
18 18
32 32
27 34
11 11
33 12
43 40
20 8
13 11
15 21
34 15
4 30
32 34
28 13
14 16
46 13
39 42
8 48
25 12
33 13
21 17
3 42
34 47
48 45
9 40
43 20
6 46
2 15
10 7
26 22
22 3
12 38
43 44
38 45
8 48
10 6
43 11
46 28
9 25
4 42
16 45
14 47
21 40
39 29
24 43
29 44
44 39
13 38
35 2
34 20
27 42
24 21
30 48
27 16
24 29
10 17
4 48
41 24
18 32
30 40
26 10
15 21
48 26
10 13
5 21
31 30
15 32
3 22
31 7
37 32
13 24
48 15
23 19
16 18
2 45
9 5
6 22
24 31
25 11
21 28
31 29
10 23
13 37
22 42
21 10
26 32
11 4
24 11
21 39
27 22
14 14
4 44
34 27
6 37
15 25
16 23
6 3
23 17
17 44
36 15
31 39
45 41
41 47
29 40
37 8
39 28
20 41
23 31
19 6
19 12
30 13
12 13
40 34
7 35
8 41
48 37
11 45
8 3
22 36
41 10
21 31
15 39
24 15
47 20
20 44
9 48
8 20
38 25
31 43
11 37
14 11
4 23
33 37
4 6
3 22
40 22
31 32
38 6
45 15
3 16
10 37
41 42
8 30
19 37
3 28
4 16
16 6
16 26
41 18
9 21
39 26
41 47
9 9
30 6
23 31
20 10
45 13
4 4
20 21
18 22
26 46
15 20
4 29
44 22
25 5
42 41
8 13
39 16
47 20
20 47
28 17
8 25
28 10
6 26
8 2
46 33
46 12
4 27
18 25
27 20
7 46
12 14
36 2
28 34
46 25
11 26
40 18
28 20
5 32
44 12
11 20
22 9
9 24
13 4
26 38
23 32
35 33
23 23
13 2
34 36
25 44
13 16
39 18
13 42
28 34
5 37
31 4
23 38
26 35
20 30
24 41
39 37
25 13
37 15
39 22
3 15
17 40
8 33
10 46
27 36
10 9
24 19
12 46
34 15
11 5
43 33
44 33
47 47
23 35
13 13
9 14
5 3
32 12
35 40
35 39
27 22
46 28
39 9
4 25
2 13
28 22
24 24
7 22
48 28
9 12
19 42
4 22
22 34
11 34
25 44
24 29
18 48
34 34
34 37
10 34
48 16
8 2
38 39
23 37
44 9
26 14
28 28
35 27
39 44
13 41
19 14
21 14
13 33
46 46
21 8
31 46
48 16
47 16
6 47
30 2
33 7
40 38
13 26
16 3
48 27
22 18
40 20
30 30
4 27
27 23
12 36
21 11
3 45
25 34
22 6
13 6
38 4
21 2
29 35
29 28
40 2
44 10
21 4
38 23
29 17
24 19
30 22
28 31
18 31
42 38
14 6
21 3
9 40
3 15
5 10
20 43
10 15
4 8
43 20
30 23
35 5
19 42
25 25
3 20
7 44
35 19
48 33
21 34
3 48
47 6
9 18
48 44
10 29
3 4
47 31
5 12
13 22
5 15
24 33
12 29
28 24
26 27
8 24
39 9
23 37
40 10
7 18
5 15
45 32
44 23
41 47
12 5
46 42
45 22
26 8
28 5
10 5
9 16
6 46
3 7
35 41
15 19
10 44
11 32
27 32
32 19
9 43
2 7
36 45
6 13
30 11
42 17
41 2
32 45
26 12
3 38
30 42
8 38
16 43
47 42
27 31
38 34
25 38
18 38
13 48
2 21
11 42
36 3
21 45
46 24
8 27
13 36
46 45
4 14
19 3
7 44
11 43
8 13
12 25
2 2
24 2
21 33
21 35
13 19
31 37
42 17
15 32
30 12
8 33
24 25
13 8
20 48
29 26
12 18
28 12
18 4
12 17
14 10
3 26
6 11
40 25
26 6
9 8
42 15
18 44
38 29
29 35
28 9
12 38
4 18
27 21
20 37
15 11
24 16
14 28
4 5
5 29
35 38
14 8
30 30
3 19
36 30
5 41
17 41
30 19
10 8
17 7
22 30
43 23
23 34
28 26
38 10
32 3
46 44
9 27
4 10
23 38
18 5
30 12
24 37
8 11
22 24
43 21
31 37
21 32
22 47
35 37
9 44
39 32
39 46
37 20
34 11
9 3
41 16
13 16
30 45
25 3
20 45
48 29
33 20
38 33
44 3
47 4
45 37
14 35
14 2
6 46
37 39
26 29
32 16
22 13
12 25
40 10
21 39
37 6
36 5
16 31
6 14
13 2
29 25
14 41
25 44
38 13
13 15
20 43
29 40
7 39
16 24
26 36
40 40
19 27
43 33
35 26
24 46
26 4
48 17
43 24
12 11
15 23
3 33
43 9
3 27
47 18
2 3
31 19
42 48
44 36
11 10
14 33
33 17
15 33
33 9
8 22
45 47
44 46
31 17
7 33
43 31
28 22
32 10
40 25
35 14
39 44
22 4
7 7
45 20
38 29
7 23
3 3
22 24
47 30
39 31
40 12
13 45
33 23
6 24
46 39
36 36
13 10
17 19
41 14
37 9
20 42
30 21
22 29
22 47
11 39
29 28
2 20
25 33
41 8
8 38
25 22
5 36
9 46
6 48
11 21
8 9
40 15
7 14
43 28
12 31
18 18
36 44
36 12
8 28
45 40
44 21
13 26
8 20
23 39
45 12
11 4
19 28
44 24
40 17
29 29
25 24
25 12
20 12
2 26
18 45
43 39
17 8
42 23
26 42
39 2
5 48
30 48
28 25
3 45
40 30
5 16
32 28
6 3
17 6
6 12
28 47
28 43
32 21
43 36
41 34
36 23
12 17
23 17
20 3
40 11
31 43
5 14
48 35
41 42
39 24
32 44
2 37
38 11
36 11
45 28
22 11
2 33
27 2
27 45
3 18
33 12
38 15
3 37
48 22
10 17
44 19
12 23
7 27
12 41
37 8
20 10
18 21
20 22
47 46
44 2
15 7
12 5
21 13
19 46
33 6
15 8
23 4
8 29
30 18
47 44
4 19
31 46
17 3
19 15
26 40
41 39
45 4
21 43
16 18
41 26
22 7
32 23
35 18
29 16
34 27
11 36
23 41
33 38
21 29
31 45
20 23
14 43
26 34
37 19
29 29
22 28
13 32
2 47
48 29
40 12
34 29
47 8
47 10
24 19
17 6
41 35
27 6
8 30
17 44
26 44
3 26
24 41
9 3
39 34
10 9
44 42
36 21
48 34
9 23
30 24
6 22
36 11
6 43
39 21
38 43
43 18
20 44
10 6
24 26
38 32
34 33
25 47
32 4
33 39
4 40
14 35
40 48
44 44
42 13
42 10
33 15
27 4
10 14
8 12
39 23
42 24
8 45
22 38
26 32
28 7
24 19
40 15
18 35
36 12
26 29
46 10
22 24
39 9
37 24
19 6
46 13
28 31
35 27
46 12
37 4
17 38
21 9
30 37
21 17
26 45
23 24
7 43
25 44
30 39
19 47
43 42
11 22
24 44
27 21
33 41
23 2
30 42
35 11
10 7
5 34
30 5
35 35
26 12
9 7
2 5
5 44
46 41
43 21
15 47
20 47
39 41
26 20
14 12
8 22
17 37
33 45
20 20
10 44
30 43
28 9
47 10
4 23
2 25
21 42
23 39
40 14
11 43
11 2
6 44
22 47
11 32
23 29
3 31
3 10
5 8
44 29
17 46
3 43
48 48
36 23
18 6
14 6
47 2
6 30
44 5
29 33
35 3
39 16
11 41
3 40
26 45
20 41
22 47
36 21
26 2
21 42
7 33
46 31
34 3
13 8
6 19
39 18
20 30
32 8
48 13
47 25
9 44
18 8
22 31
28 46
31 26
39 15
11 15
45 43
16 35
2 46
5 40
15 2
47 25
34 46
36 11
22 22
7 17
8 6
46 13
3 8
37 40
21 46
32 43
19 46
29 20
22 11
37 14
11 14
37 23
11 3
32 10
3 16
26 9
20 2
46 47
8 34
17 7
32 47
48 2
23 8
46 43
17 13
9 6
25 23
6 13
4 36
22 31
30 25
17 27
25 14
26 11
46 41
16 8
40 41
35 14
47 11
35 42
23 42
25 25
42 29
37 44
16 10
5 23
33 20
2 35
32 5
23 9
44 16
15 14
9 27
27 33
37 39
5 37
11 28
13 4
8 48
26 2
9 29
23 19
48 2
32 31
5 6
38 48
47 31
39 7
9 43
17 23
33 21
11 42
26 23
45 33
22 48
33 9
28 33
5 27
34 14
36 37
19 4
15 17
33 6
48 20
47 42
41 32
40 4
25 18
4 47
28 24
46 12
10 26
43 40
30 7
5 43
43 48
46 35
16 9
39 41
6 17
14 25
47 5
27 2
47 8
27 26
9 24
36 18
27 10
35 35
15 38
29 35
38 5
22 31
39 38
3 22
6 15
45 30
44 2
10 43
8 35
20 16
10 34
11 15
21 44
48 13
33 7
47 48
37 46
31 27
35 11
47 19
24 23
47 45
23 8
39 30
41 37
44 29
22 6
42 20
27 20
31 11
25 8
37 13
5 45
17 18
7 42
35 8
16 12
4 16
19 42
44 37
9 18
43 8
48 15
26 26
33 8
15 36
15 3
26 44
46 21
13 4
14 46
10 7
36 38
21 6
10 43
20 17
12 41
23 12
7 26
15 18
12 28
31 4
29 34
46 5
6 37
7 44
13 41
2 47
10 48
30 18
42 2
34 31
41 34
20 25
38 34
41 48
39 2
3 46
35 26
2 39
14 34
14 26
5 40
24 13
39 6
30 11
32 41
41 3
5 12
5 41
44 24
19 35
24 46
11 10
24 11
27 15
43 39
18 26
9 41
37 47
24 44
35 33
36 27
13 19
38 16
11 12
38 8
24 14
5 33
48 6
22 26
20 42
42 36
19 29
7 8
6 8
29 39
39 43
18 3
13 33
44 48
22 33
7 45
24 11
8 24
15 28
27 12
22 47
47 39
27 31
24 31
38 31
21 28
25 16
9 36
47 4
35 47
14 20
43 37
8 2
12 47
8 37
11 28
35 35
44 39
17 46
21 32
28 20
38 30
34 45
17 12
26 29
10 38
26 30
26 32
9 15
31 41
4 40
20 16
5 42
33 46
18 5
30 23
2 19
4 14
41 45
24 18
25 11
33 3
18 11
12 4
24 41
44 5
11 41
46 14
34 30
38 29
12 19
3 13
36 31
25 28
27 26
23 4
14 7
31 9
42 41
11 44
13 6
26 48
46 23
40 10
30 29
38 20
46 18
31 12
48 33
17 5
36 38
7 27
22 15
34 16
34 43
11 24
27 14
23 24
15 14
11 43
20 26
14 43
43 22
6 21
32 21
24 19
36 9
44 10
48 8
3 12
3 38
34 28
3 35
29 16
26 38
37 45
16 28
39 36
28 44
34 11
42 35
8 9
42 29
17 21
36 44
31 16
33 17
21 13
3 48
28 27
16 42
2 9
21 40
22 26
14 33
36 33
20 21
40 39
48 8
11 35
3 41
28 13
35 47
25 15
25 30
19 19
23 20
26 21
37 26
46 2
10 12
33 7
31 4
45 30
10 33
43 38
4 22
28 37
21 4
29 44
11 47
14 11
44 18
31 11
21 7
37 8
17 21
14 46
2 36
6 11
20 47
26 23
21 31
37 40
13 18
14 22
42 6
32 16
48 40
25 46
45 13
5 13
11 43
36 12
30 40
47 2
39 3
23 37
32 11
7 43
6 19
43 46
2 26
39 27
17 15
24 39
26 28
3 36
22 16
25 4
7 23
30 44
24 30
32 7
18 16
28 23
34 22
46 13
46 37
39 40
3 14
30 7
19 10
20 40
24 43
21 8
17 28
30 18
9 39
2 25
7 28
25 39
48 23
29 24
37 19
41 38
32 48
22 28
9 40
19 10
34 17
17 28
43 45
44 3
14 45
6 19
24 29
35 3
3 16
4 38
33 44
7 42
43 27
22 30
45 18
38 30
13 32
36 7
7 31
35 20
6 39
37 8
19 24
9 47
38 11
15 48
32 46
21 27
4 20
8 47
36 23
7 47
33 41
32 38
3 18
35 7
34 24
13 30
25 46
28 40
35 21
39 18
18 37
22 46
8 7
44 43
29 3
20 39
21 3
28 22
45 41
7 30
42 44
12 18
21 17
9 7
36 25
2 32
40 23
29 46
28 25
40 34
5 38
24 24
39 30
24 15
22 29
43 15
24 6
10 43
22 43
27 35
45 28
18 36
28 25
34 33
48 4
45 30
40 20
31 10
27 6
23 47
33 43
39 35
27 47
8 26
41 34
12 38
39 8
25 44
31 10
28 9
39 24
37 30
22 45
17 47
3 17
25 13
12 15
25 37
14 32
14 32
43 3
47 33
35 24
7 17
11 33
3 48
35 17
9 8
14 3
32 15
19 8
5 8
48 29
43 39
12 34
22 32
14 21
16 48
22 47
42 10
31 44
10 43
38 43
28 3
44 38
42 40
44 46
46 22
5 19
12 15
30 12
45 43
10 38
21 30
36 40
38 44
14 25
18 4
45 44
31 41
12 25
32 8
48 9
7 4
26 18
43 8
7 18
28 15
33 26
22 46
17 37
20 30
14 36
32 36
11 40
28 21
16 38
6 41
45 12
22 48
7 16
7 38
11 12
4 42
36 3
39 5
38 11
12 29
45 21
17 33
12 22
6 6
37 36
45 33
46 45
12 30
12 43
19 48
7 47
41 20
48 32
2 17
20 12
23 42
10 38
27 21
38 10
25 26
44 47
37 21
43 47
28 33
20 46
32 25
44 24
44 23
33 23
38 30
34 38
24 42
7 28
40 43
36 16
46 10
41 13
8 35
37 35
19 9
11 28
32 32
4 6
6 14
28 21
43 39
11 44
11 16
23 3
36 36
43 33
23 14
45 30
48 33
42 44
40 4
24 3
13 5
33 44
43 38
16 16
28 4
11 17
44 32
18 10
19 38
21 20
4 43
27 29
6 20
3 45
48 4
25 12
33 35
7 28
25 48
42 4
29 5
45 4
14 40
12 11
30 10
29 11
4 7
38 9
25 18
31 3
21 7
39 5
40 45
31 16
23 4
45 29
33 20
31 45
12 21
7 19
29 13
28 32
18 43
18 20
12 47
21 31
5 38
14 22
13 22
16 34
24 38
40 8
9 23
31 45
21 15
15 27
27 41
36 43
14 5
41 4
3 39
33 32
28 24
32 39
45 46
3 20
14 42
6 47
42 35
44 14
48 10
39 26
29 6
47 41
9 39
43 11
8 7
41 35
29 24
25 4
47 6
23 38
46 6
37 39
39 11
30 17
19 46
21 25
3 45
44 11
14 17
46 20
48 38
6 29
40 9
31 17
13 31
7 36
35 21
5 4
30 33
46 26
30 18
29 11
14 24
46 5
39 43
23 39
11 7
45 28
40 6
44 30
15 28
17 27
26 20
30 33
30 27
36 37
22 16
46 13
38 43
16 8
16 16
24 26
21 46
5 12
29 26
19 42
5 34
21 29
31 28
39 12
32 27
27 5
41 24
16 10
45 9
42 12
23 17
15 22
40 19
11 20
43 29
14 26
40 12
32 2
17 23
38 47
48 16
29 40
18 22
48 14
29 41
3 29
35 17
2 26
34 12
24 7
18 36
31 9
25 15
9 40
15 46
17 14
13 44
5 8
17 31
20 44
2 48
3 15
16 4
18 27
14 40
11 30
6 41
16 29
33 24
46 46
47 14
37 37
35 19
44 3
48 41
24 28
40 26
41 7
7 36
11 19
28 21
26 32
39 19
39 2
20 36
25 18
28 13
33 40
9 7
42 9
46 43
14 38
46 32
22 4
19 11
47 45
9 3
29 46
21 45
25 39
11 48
35 16
38 19
8 45
24 27
31 47
21 22
36 19
5 36
21 23
24 46
45 31
47 4
28 19
47 30
10 10
8 22
24 23
39 30
45 40
8 28
38 7
48 5
3 31
18 48
31 40
45 27
22 44
30 27
14 7
8 48
41 40
21 17
14 37
24 10
28 10
15 44
41 15
26 42
23 42
41 5
12 38
30 11
33 37
36 24
43 21
24 14
12 43
29 3
32 31
11 37
18 25
11 10
17 35
29 38
7 21
20 17
36 48
26 46
16 39
22 36
37 44
48 26
17 8
27 26
16 16
41 32
39 3
19 33
16 46
22 21
44 40
37 11
18 40
8 11
10 28
45 45
2 24
23 44
30 27
21 44
41 39
6 10
41 2
41 8
25 40
6 46
10 41
8 27
12 15
36 20
20 12
42 21
34 42
16 41
47 14
15 39
5 19
48 23
19 19
8 21
11 12
18 19
31 25
23 20
17 37
17 35
47 10
7 11
30 47
3 28
39 16
44 21
12 43
42 8
40 48
27 2
37 43
19 19
45 20
16 13
8 31
47 6
40 31
15 47
9 42
26 46
9 21
18 45
42 37
4 33
15 8
12 3
2 8
47 25
26 14
36 32
44 34
15 14
43 7
12 3
47 15
47 33
13 42
29 32
30 10
42 43
16 5
44 43
38 21
19 15
34 6
25 8
18 38
46 12
44 9
13 42
48 37
6 12
30 33
43 11
21 36
5 35
19 26
8 8
46 25
21 10
9 44
16 25
13 39
35 8
25 25
27 24
13 31
13 41
42 7
29 14
21 32
26 17
35 33
23 32
9 21
19 16
43 12
18 7
2 30
39 25
6 17
47 43
47 38
14 19
22 41
31 41
3 34
9 37
18 9
46 5
29 43
45 23
6 15
7 7
22 44
9 27
12 34
47 36
23 39
6 43
31 14
15 12
47 48
26 42
9 2
45 36
43 42
36 48
34 41
32 33
36 39
37 46
3 36
13 24
26 17
45 34
9 11
44 7
10 47
47 17
48 23
30 42
42 17
20 6
35 3
37 22
20 26
46 21
13 10
23 16
4 19
48 37
7 23
42 15
21 20
10 20
41 17
40 13
12 11
17 45
39 5
45 36
29 42
34 19
29 8
33 10
4 12
46 9
33 18
2 31
36 10
29 7
25 20
18 35
8 33
11 45
16 7
32 43
47 44
40 6
3 24
40 32
13 37
39 44
33 39
27 46
26 7
5 3
4 47
15 10
11 24
7 25
29 16
45 6
37 36
36 39
38 7
22 2
21 38
45 5
8 2
3 32
33 32
33 35
30 26
22 39
27 6
15 34
47 12
17 35
46 31
25 14
36 24
15 8
40 37
12 46
37 13
29 47
43 40
12 3
43 32
41 21
37 33
6 35
43 48
21 20
30 24
32 17
25 24
23 16
12 12
39 47
2 20
24 22
37 34
24 31
18 16
29 6
26 13
39 21
12 37
18 40
12 27
34 15
3 34
29 13
45 46
38 45
17 13
19 31
46 20
39 15
13 19
45 37
30 14
35 19
2 4
10 39
9 21
5 10
7 11
47 3
8 36
25 2
27 21
31 3
39 21
42 3
18 38
39 46
29 25
43 29
7 30
45 14
3 48
48 8
37 46
35 43
13 11
44 38
10 5
39 47
4 11
28 20
47 44
43 6
46 37
33 4
19 9
42 20
34 41
5 22
18 38
17 29
26 38
44 34
41 13
12 22
22 38
40 46
33 35
3 30
2 13
12 19
20 5
16 32
24 19
5 40
34 46
46 12
14 20
23 33
31 33
6 30
48 45
27 11
10 7
40 10
18 29
28 16
11 42
46 12
39 28
29 24
26 26
13 17
44 35
48 5
45 6
33 45
28 37
7 36
42 24
44 12
30 2
5 40
22 2
29 12
28 10
34 31
13 46
47 9
32 25
38 7
29 23
29 34
37 14
21 31
36 43
20 44
22 23
14 42
2 41
5 28
2 38
37 14
35 14
47 44
37 36
28 44
36 9
29 4
21 28
33 34
48 4
29 21
4 41
15 4
13 18
30 13
33 44
4 45
9 28
19 24
42 46
19 29
6 25
31 25
30 41
36 29
22 17
2 24
35 41
26 46
10 34
37 21
8 18
17 16
45 35
17 38
32 34
44 15
36 6
17 18
45 4
24 19
45 24
20 32
42 24
8 4
9 22
2 15
39 17
8 35
29 23
24 12
34 19
4 48
23 19
17 46
22 39
42 44
41 13
27 34
35 13
15 21
33 15
14 2
10 20
35 37
21 36
27 32
33 29
31 33
47 46
30 46
16 23
41 34
14 46
45 26
10 12
46 20
4 11
21 12
8 33
27 6
21 5
37 5
32 19
36 9
43 44
6 36
44 25
21 35
22 17
13 9
6 36
6 9
24 25
45 9
36 23
14 34
5 2
37 15
45 3
22 39
24 27
26 46
3 24
32 2
40 43
9 23
9 13
9 31
16 6
39 29
6 4
14 36
30 28
2 26
8 22
43 31
26 46
28 6
22 37
6 39
32 39
13 18
30 21
48 23
4 38
3 34
19 41
21 26
20 21
3 5
21 23
34 45
21 39
29 41
28 33
31 37
3 21
6 10
40 31
31 21
46 11
7 42
29 26
19 47
25 47
3 44
21 15
19 19
31 46
11 36
10 19
3 11
39 34
45 9
16 6
29 40
15 13
33 21
37 4
19 39
2 46
13 47
38 31
18 21
28 6
34 15
24 36
3 40
21 46
26 14
3 32
5 42
43 37
14 11
39 10
48 18
34 13
42 23
21 11
21 26
42 7
40 17
20 41
34 39
18 11
4 19
42 34
39 36
22 4
24 38
39 24
33 24
14 26
24 33
15 44
10 34
28 48
2 46
20 13
15 36
48 43
32 20
28 22
34 27
4 9
42 41
31 26
42 43
30 17
6 22
38 15
7 43
14 33
19 32
23 32
45 22
6 29
41 32
2 5
37 30
12 30
22 21
34 41
41 15
36 46
14 25
12 19
46 3
29 16
13 3
26 9
23 30
15 41
39 16
44 27
44 8
35 44
6 20
15 45
12 2
42 24
5 31
41 2
33 21
42 44
22 19
30 22
47 44
15 38
37 36
42 11
21 28
32 25
25 46
22 35
25 41
10 28
24 28
7 8
26 48
29 25
44 36
46 43
31 38
11 45
25 30
8 45
36 17
47 12
14 20
46 38
13 7
43 35
34 28
20 37
27 47
14 22
13 11
42 22
47 30
18 2
38 3
24 25
19 23
14 10
20 11
25 31
43 20
43 7
46 14
42 3
38 7
2 29
16 22
2 40
29 18
20 18
46 21
20 42
42 33
3 40
42 27
22 15
24 43
20 47
34 14
27 3
45 6
30 39
26 30
9 33
25 27
28 48
47 47
41 19
31 43
10 3
47 10
43 48
30 14
25 15
5 29
42 2
33 2
18 37
9 25
21 33
30 26
11 7
24 4
24 32
24 12
13 22
46 7
47 27
45 23
19 2
3 13
28 13
13 44
48 21
46 46
31 27
24 40
32 25
21 8
9 43
44 46
16 41
4 40
45 47
14 15
26 41
5 31
6 17
5 31
15 3
29 23
28 30
14 38
6 13
23 13
7 18
10 48
36 38
39 32
16 31
24 19
23 28
2 6
22 31
15 35
32 42
9 38
2 47
27 6
11 48
44 17
43 31
42 30
21 32
39 14
40 14
31 41
40 31
45 13
14 11
46 23
30 32
38 30
10 16
14 45
41 9
39 35
38 32
42 36
16 32
48 7
45 31
46 36
39 22
27 30
10 3
31 18
34 20
25 21
35 37
17 6
23 8
19 13
38 12
26 31
22 26
16 18
8 13
31 24
12 9
6 47
37 35
16 22
6 39
20 18
7 35
2 28
41 19
18 31
8 43
13 28
46 27
44 31
18 6
6 7
39 36
5 27
48 19
26 32
36 44
48 41
31 27
46 2
44 16
31 4
36 22
30 12
26 5
41 21
35 45
27 25
12 30
30 11
27 7
41 40
29 20
32 37
45 8
37 41
48 20
22 14
19 29
24 43
32 16
42 18
39 20
21 2
27 2
37 31
7 30
22 13
27 31
48 23
17 37
41 16
34 40
29 4
21 4
24 4
45 17
47 14
14 19
14 19
19 28
27 3
35 48
15 13
9 40
35 24
28 6
18 13
45 45
41 17
26 17
45 48
11 43
13 3
39 4
46 9
31 24
37 17
2 29
29 10
20 41
11 47
24 27
37 20
2 30
14 6
24 11
5 12
31 17
13 22
45 36
29 27
12 43
22 12
23 28
46 42
20 9
19 42
13 7
40 14
35 5
44 10
14 47
21 44
41 11
43 17
46 23
42 35
44 41
45 18
20 22
37 38
8 7
11 45
13 28
36 25
31 31
13 23
9 32
44 48
20 38
42 43
38 36
29 33
28 5
29 26
25 17
15 10
23 3
6 13
29 41
36 38
23 47
12 30
9 33
9 7
22 2
48 37
15 29
22 21
11 28
45 13
43 37
21 43
18 4
7 24
43 42
13 44
19 2
4 27
33 37
32 32
17 10
21 9
16 20
28 25
46 3
36 19
18 34
14 13
16 19
35 10
38 47
31 9
26 13
13 11
48 22
20 42
9 39
3 24
36 8
26 12
36 40
30 5
25 42
16 39
38 28
27 7
26 35
14 4
46 4
39 25
3 10
18 10
27 19
32 40
26 10
4 13
48 11
42 3
30 35
20 19
14 24
3 18
10 15
46 8
43 15
31 44
23 47
6 27
44 36
19 47
23 47
37 48
9 30
3 37
42 47
33 7
22 35
2 30
27 46
15 22
38 23
43 13
48 47
17 43
14 13
20 14
11 8
14 18
15 41
32 8
39 43
39 38
8 19
45 12
42 12
11 32
33 6
22 11
30 37
31 42
2 2
34 11
8 46
7 21
17 16
6 7
36 23
43 42
40 39
32 12
28 41
42 39
45 15
48 6
4 31
25 30
31 10
39 17
7 23
15 48
17 46
6 4
46 26
24 16
43 7
26 48
46 20
38 22
33 17
5 14
25 28
42 33
37 12
27 21
12 41
21 27
17 4
30 14
8 5
28 2
36 5
27 12
23 43
32 34
11 35
46 13
41 19
44 29
8 2
27 18
41 46
44 9
28 25
21 34
7 47
13 20
29 38
30 4
32 40
15 20
5 38
10 44
8 32
3 14
32 29
31 3
5 5
10 31
7 8
16 12
32 6
9 12
43 37
40 5
7 6
3 11
43 37
32 2
20 34
41 3
40 2
4 43
5 38
26 10
23 19
46 6
24 6
17 44
20 34
26 26
39 6
14 33
42 44
12 13
8 30
41 46
30 22
41 33
38 44
41 12
40 17
17 41
21 11
36 40
43 40
43 12
44 8
22 37
3 12
28 10
40 46
33 48
19 25
11 8
46 4
45 38
45 13
30 18
48 44
35 21
35 29
32 9
35 31
24 15
41 29
2 12
26 34
11 22
36 20
8 34
48 4
2 45
41 9
40 40
4 26
38 16
32 21
24 18
30 25
10 22
5 11
32 29
22 20
28 35
39 34
20 17
15 46
13 7
7 4
24 35
7 14
3 37
12 4
32 40
27 41
14 9
29 23
36 28
42 41
14 11
27 12
26 40
9 17
46 40
45 47
27 4
12 7
18 23
9 2
40 13
20 31
20 26
6 33
5 25
25 17
34 29
6 37
21 40
5 44
31 2
21 35
30 32
40 46
32 26
46 23
16 43
6 13
20 36
23 23
12 47
18 23
6 48
11 25
39 15
46 48
41 19
34 22
28 5
19 37
8 43
11 2
16 41
13 35
7 35
35 17
12 30
17 16
30 27
19 20
19 42
45 11
38 10
31 43
13 27
31 45
47 20
45 15
12 36
48 18
48 13
12 11
42 28
4 23
6 21
20 2
41 17
11 30
4 19
25 15
23 7
37 22
4 13
14 15
26 39
10 25
3 20
13 22
25 15
43 8
14 41
8 6
35 17
13 37
13 15
29 35
47 43
34 2
7 46
15 31
36 2
7 16
21 44
37 23
11 10
30 23
2 36
6 14
31 43
2 42
10 8
7 8
3 39
8 8
36 48
17 2
48 48
43 46
44 31
21 6
39 2
6 19
15 36
31 44
30 11
38 38
17 43
23 18
34 9
4 47
8 19
27 33
18 21
10 39
29 8
22 45
8 5
15 47
39 24
43 47
33 32
36 27
5 37
23 16
44 25
41 3
21 19
13 16
17 21
7 44
27 27
40 12
31 33
11 21
8 5
45 18
14 12
22 17
47 43
11 42
45 3
22 17
20 12
32 14
32 37
9 36
41 26
47 23
10 35
22 42
17 18
37 29
28 11
23 5
31 32
45 28
33 44
43 30
8 5
42 38
40 2
4 33
6 2
33 14
14 6
34 29
2 22
35 7
10 10
11 40
19 33
19 4
29 39
11 35
43 5
3 13
31 5
23 35
32 8
27 44
38 38
4 17
37 37
23 46
24 32
37 42
16 33
23 22
23 32
8 43
14 35
8 44
18 29
9 48
35 13
22 4
28 24
19 17
39 40
14 14
2 28
7 17
12 28
37 12
38 23
7 3
9 13
24 4
40 11
3 6
48 3
8 28
4 25
43 41
17 34
7 43
13 38
11 23
44 26
33 33
26 17
34 12
28 36
15 46
45 42
3 44
43 9
23 25
11 43
17 5
28 48
47 39
17 35
39 12
12 3
43 15
18 7
26 24
20 39
21 16
32 22
38 6
8 12
29 43
33 23
47 12
2 24
29 17
10 19
27 47
46 47
13 42
31 16
17 3
6 36
43 16
35 32
20 20
22 26
14 6
47 38
42 26
39 22
41 27
19 45
25 16
22 15
9 5
30 24
32 34
37 5
27 23
36 24
20 35
48 12
18 26
27 11
3 18
32 43
43 2
18 45
16 39
11 3
21 18
25 30
30 40
33 8
14 46
31 12
11 30
22 27
33 26
37 35
21 20
8 15
46 24
37 13
40 47
40 38
16 17
19 23
8 30
30 46
27 12
35 16
19 34
41 30
12 29
16 31
26 48
24 23
2 12
14 41
36 5
30 30
20 27
4 5
8 32
29 12
21 15
26 18
48 19
46 11
25 39
19 3
17 41
24 17
5 36
35 18
40 43
46 37
21 2
20 27
11 47
16 31
13 20
26 12
37 2
47 39
39 18
40 7
36 42
48 18
29 35
35 46
29 32
35 48
11 32
5 21
30 45
29 41
16 6
31 30
6 8
21 22
3 12
6 17
31 5
33 12
38 19
35 18
29 47
43 38
30 25
36 11
22 42
30 36
46 38
18 29
44 37
28 25
26 32
40 9
15 24
45 4
21 31
47 27
9 20
42 37
44 30
47 17
23 7
4 47
43 46
6 17
13 12
40 38
21 10
24 34
12 20
16 31
28 40
9 35
11 2
3 32
9 27
26 10
32 8
34 5
5 38
20 17
48 38
32 47
25 7
32 35
4 46
17 9
16 3
43 26
30 23
35 37
48 13
45 31
19 30
34 22
46 31
16 24
46 46
22 23
30 32
9 32
8 4
40 23
5 13
26 12
34 12
48 12
23 23
41 40
31 5
40 7
34 7
8 32
5 8
32 33
38 39
43 44
20 13
18 3
3 42
13 14
32 38
24 6
13 16
24 21
45 15
5 30
46 11
39 28
17 22
13 32
39 33
28 10
44 23
11 24
43 2
36 26
38 11
9 28
4 31
47 47
23 29
7 21
18 24
26 33
44 37
17 13
47 22
48 21
43 36
43 37
36 30
40 26
18 48
5 20
9 30
44 10
10 3
29 5
25 32
37 46
21 31
37 45
4 36
18 24
2 12
13 37
20 30
14 36
29 43
34 37
24 8
45 12
35 4
15 11
34 29
35 32
37 2
29 39
15 24
41 15
34 31
3 5
12 41
40 40
15 4
7 16
10 29
26 44
10 19
32 21
25 44
5 14
44 11
30 10
33 48
3 44
30 30
48 41
23 18
32 36
46 16
3 7
43 7
28 30
3 12
2 5
33 31
43 29
40 4
16 3
3 43
25 32
25 24
24 25
19 33
38 42
26 18
47 46
23 6
27 3
16 27
33 47
10 27
6 27
29 47
8 10
41 31
40 43
32 41
19 2
25 8
42 2
25 19
25 25
23 3
6 16
28 37
41 15
41 45
20 22
22 26
30 41
8 47
35 38
39 6
17 41
38 36
20 14
6 43
17 7
44 21
21 2
9 13
16 27
36 34
26 35
37 33
27 43
31 14
11 21
44 26
13 33
13 31
46 43
4 40
48 46
12 47
47 45
11 40
23 24
4 48
11 39
32 36
33 41
27 42
39 22
45 4
7 9
12 30
3 15
21 29
38 10
27 36
6 15
6 6
38 8
31 26
45 15
13 8
33 18
27 23
38 23
4 22
9 15
29 37
7 48
17 22
35 21
36 39
34 40
23 2
26 5
26 48
44 17
8 28
33 12
3 48
13 5
22 46
44 2
34 28
28 28
2 14
47 36
31 12
27 5
12 30
8 16
30 4
31 15
30 15
4 31
14 15
14 13
13 9
14 24
36 19
4 36
31 28
2 13
38 6
16 28
35 2
42 16
4 24
29 11
16 31
20 7
24 32
19 14
18 10
36 5
27 38
18 9
44 18
47 33
23 40
12 35
40 31
2 21
6 8
10 46
16 28
5 17
37 22
29 6
9 17
36 34
32 31
20 27
27 44
12 27
36 48
13 27
31 13
26 14
45 34
12 38
13 15
7 27
14 34
10 21
2 23
32 33
6 29
11 31
25 47
35 12
26 46
16 8
36 40
46 32
4 9
21 41
22 26
19 13
38 7
11 38
28 41
48 32
22 37
40 24
14 26
34 38
2 27
23 36
45 21
45 47
28 18
40 28
21 36
39 36
41 2
5 21
20 4
30 19
18 48
41 31
4 5
20 5
31 42
18 27
14 15
4 19
10 21
45 8
9 15
43 27
41 46
25 12
27 7
30 44
32 48
5 34
5 2
16 13
42 33
17 33
46 19
30 33
39 26
39 25
39 33
29 31
9 6
21 14
37 28
9 20
27 38
31 9
38 46
20 11
30 35
21 6
32 2
37 48
27 6
3 43
17 30
5 24
13 24
36 48
29 22
45 7
11 7
15 27
4 12
36 11
25 34
41 8
35 8
7 39
12 34
33 27
15 15
3 27
16 16
5 43
16 28
2 25
33 41
29 14
30 42
23 6
28 41
38 14
47 22
4 10
7 14
36 21
7 16
25 21
9 7
16 23
12 16
26 43
34 6
34 15
47 8
46 26
26 35
17 24
9 45
33 40
36 46
12 41
13 14
14 20
46 28
21 9
21 45
4 32
2 15
24 26
22 21
29 25
34 44
48 20
19 32
11 7
29 48
25 19
39 37
16 36
42 35
44 40
31 25
23 11
38 46
35 37
44 16
14 29
37 13
47 8
22 36
39 28
35 15
24 25
30 38
13 23
4 34
15 12
10 15
21 25
12 8
14 8
48 5
14 15
16 39
21 15
26 37
41 38
30 16
14 11
31 4
11 33
36 3
44 23
17 42
26 6
27 38
12 26
20 4
40 13
41 38
26 44
6 44
33 34
11 45
43 19
27 5
30 40
33 4
41 48
44 18
5 23
33 42
26 4
44 43
15 15
33 18
10 37
13 41
48 48
16 42
18 41
24 25
33 8
27 4
7 2
20 37
23 30
30 26
32 4
21 24
17 31
40 25
45 4
17 44
3 31
16 45
3 38
22 13
24 47
15 8
47 33
43 47
40 3
4 23
5 23
24 20
31 15
43 6
43 37
27 44
20 41
40 47
9 13
11 31
38 24
17 15
34 11
14 25
13 42
25 16
42 47
14 24
13 34
7 7
23 32
28 20
3 45
18 10
36 27
19 25
28 13
17 13
22 8
15 12
48 38
27 41
36 18
42 26
3 47
10 24
30 15
21 10
11 16
45 24
41 41
47 46
5 42
10 25
48 23
36 48
38 40
19 4
35 13
7 36
11 15
38 19
7 10
27 43
25 2
18 43
41 43
41 44
36 28
47 14
29 13
13 18
4 10
21 37
21 26
3 9
19 39
26 24
27 31
44 29
31 14
23 24
8 41
45 21
21 43
33 48
7 24
43 9
32 15
23 4
19 25
11 36
41 15
37 19
23 33
46 5
24 47
6 30
39 3
2 37
44 12
15 3
34 10
36 17
2 37
45 19
39 34
32 31
47 47
28 21
10 4
3 32
2 8
39 19
9 18
33 4
28 26
31 14
34 45
8 13
33 5
31 23
37 40
31 14
38 36
12 46
39 13
8 18
19 45
14 5
14 46
34 20
23 16
32 34
12 38
24 22
20 32
43 34
24 5
46 39
39 9
16 8
47 22
25 17
19 16
47 10
13 32
28 13
25 37
24 15
6 47
35 24
30 9
10 31
12 33
22 28
20 36
35 18
9 37
12 5
4 10
40 42
40 19
32 43
8 8
9 38
32 42
13 39
2 47
22 38
11 21
44 29
8 30
45 41
44 8
24 46
17 15
39 34
11 2
28 43
8 14
32 17
8 23
7 34
47 6
3 9
25 45
36 10
5 32
29 47
18 4
44 12
43 14
23 5
14 29
26 46
41 9
40 47
9 24
12 8
29 13
15 31
9 29
19 38
38 46
36 7
48 10
43 21
48 18
24 39
45 27
15 37
35 6
15 21
29 4
27 35
15 20
43 48
47 13
37 15
10 3
47 35
11 41
7 11
36 9
48 32
34 15
47 46
45 39
19 4
20 23
16 33
20 11
11 44
22 25
11 10
26 9
22 35
48 28
23 15
14 2
24 25
41 22
2 37
38 45
19 9
19 33
19 17
42 7
12 42
30 21
29 7
28 2
20 7
7 20
20 19
20 42
22 38
42 22
6 10
44 23
44 40
7 40
8 27
46 19
46 6
38 26
38 44
26 35
2 32
6 46
28 4
18 27
40 37
26 44
46 21
18 20
13 3
11 19
28 34
36 25
39 5
28 28
47 5
40 26
14 44
23 20
46 18
45 17
7 2
12 30
21 8
48 32
9 36
29 14
22 16
16 38
19 42
43 43
24 34
20 37
8 20
34 32
37 9
47 21
9 36
28 29
42 27
38 28
40 18
19 39
12 33
28 8
26 48
3 2
33 47
16 19
19 48
2 33
34 47
31 42
34 10
48 7
14 37
12 31
7 30
22 43
40 27
2 18
27 29
44 37
28 37
7 24
36 33
34 21
31 16
40 43
3 39
48 15
28 37
23 12
18 43
32 10
48 32
5 26
13 26
40 39
14 25
40 27
9 25
25 18
39 17
12 40
33 37
32 38
4 6
27 47
27 10
34 26
41 37
29 31
40 46
47 5
22 38
9 9
14 32
4 4
26 14
21 11
28 30
26 30
13 5
28 17
13 39
41 31
27 47
13 44
45 11
26 44
47 33
4 12
43 6
40 46
44 38
34 2
45 12
10 36
15 15
4 5
6 23
35 10
21 46
6 17
9 30
13 33
41 41
44 35
25 14
32 46
30 18
47 26
28 8
13 20
47 16
23 4
37 9
13 35
33 17
4 40
24 41
3 16
33 24
2 35
37 12
33 18
28 31
21 33
16 33
4 14
26 25
43 40
12 7
26 43
48 7
13 2
46 14
43 10
37 43
43 4
32 6
20 37
14 39
21 7
2 2
46 26
26 40
43 15
24 21
9 2
5 46
2 3
11 43
37 25
17 10
27 26
41 24
15 6
41 34
12 41
35 9
45 38
47 18
30 48
16 16
48 20
13 27
47 48
48 35
25 16
22 29
40 14
31 32
19 23
18 8
41 30
41 37
19 18
33 26
17 47
40 16
18 4
20 16
29 19
28 5
12 28
12 4
40 41
34 36
41 29
21 33
10 13
48 6
29 32
30 44
30 47
37 47
2 9
40 30
5 46
12 16
25 48
44 42
19 8
9 11
36 28
43 23
40 21
7 20
4 14
42 32
13 9
9 39
16 27
46 46
24 36
13 26
35 8
19 32
14 26
41 27
32 14
2 23
33 33
20 14
45 39
24 35
47 31
26 40
35 2
37 36
36 27
13 2
33 10
32 46
13 3
3 43
42 3
43 26
13 41
39 10
31 14
22 8
22 46
26 35
26 40
22 13
19 13
39 3
47 48
26 11
3 28
6 43
8 26
46 20
18 15
7 27
6 27
12 6
4 36
39 28
28 38
18 45
28 9
25 26
8 3
36 35
29 19
8 14
43 32
32 39
45 16
17 3
42 27
33 44
41 2
23 20
38 39
42 44
25 18
21 11
19 34
44 25
4 4
17 25
34 26
15 9
41 9
36 34
13 20
8 5
20 8
2 36
24 21
31 48
38 3
10 34
36 31
37 17
12 5
40 23
29 32
31 21
18 18
32 9
16 17
38 34
2 39
47 25
37 29
3 26
10 37
12 44
19 47
38 30
29 9
4 9
18 12
8 35
29 17
42 22
33 31
7 12
47 6
35 36
12 36
39 20
3 28
41 21
26 31
28 32
38 30
40 33
20 25
19 47
40 38
46 3
47 4
14 45
34 26
11 24
40 2
42 41
28 35
13 32
43 39
15 11
47 32
42 18
8 39
42 26
28 18
6 26
20 18
2 32
43 37
7 34
16 26
5 43
38 17
5 32
33 44
20 10
7 14
5 13
4 24
16 9
40 21
34 38
37 13
47 10
48 31
21 16
8 25
36 45
19 18
7 3
13 26
38 18
38 41
9 19
43 23
26 34
42 37
2 10
27 47
44 27
29 17
20 36
19 7
11 36
2 42
16 13
19 5
9 34
24 42
4 18
16 8
29 36
22 30
23 48
28 18
5 35
12 23
48 29
7 10
16 7
3 31
44 47
13 4
32 35
44 14
30 38
46 11
4 45
18 25
44 44
41 47
9 31
47 8
11 5
42 5
36 23
13 32
21 24
13 30
37 35
21 18
24 18
6 5
15 22
28 36
44 46
14 30
28 12
37 17
42 30
20 29
4 31
38 2
6 3
31 20
36 3
37 37
46 20
40 38
20 19
25 41
42 16
22 22
6 36
37 46
18 8
5 46
16 42
47 20
22 29
39 9
9 6
44 6
3 35
42 47
31 45
39 24
12 39
23 16
26 37
39 42
22 22
40 36
41 17
34 14
44 3
21 4
7 42
35 34
28 7
33 36
3 2
11 40
39 12
7 43
47 24
36 21
44 6
8 36
21 40
48 42
20 46
24 4
39 10
37 44
15 47
31 43
47 19
34 17
29 18
11 28
19 24
26 14
8 11
27 6
29 5
47 47
2 48
3 18
9 38
13 48
36 21
21 13
39 6
28 45
2 16
24 19
39 27
11 45
37 15
2 17
19 26
15 19
25 16
15 32
31 26
11 44
25 30
9 15
14 14
37 40
29 39
36 19
17 24
41 5
38 41
20 8
19 13
4 21
27 17
31 36
21 40
31 44
47 17
36 38
30 24
8 36
40 43
6 9
18 24
12 33
42 10
39 12
21 21
11 25
36 40
12 34
31 42
8 8
10 21
24 17
44 30
4 35
24 34
21 20
9 32
4 3
19 21
39 38
40 48
14 6
39 25
39 47
44 45
7 5
18 29
21 39
10 23
4 12
9 3
9 42
33 37
43 29
9 34
18 47
12 9
31 3
32 21
48 27
43 32
10 38
38 29
7 26
29 36
36 15
37 22
9 21
10 3
48 18
14 43
42 25
3 24
5 13
22 4
17 43
14 25
32 3
31 17
27 12
4 40
4 39
13 11
37 22
39 15
17 30
9 10
6 36
12 35
47 32
17 42
5 29
18 15
30 27
30 35
16 32
5 18
22 17
7 36
16 44
2 31
4 35
39 35
22 28
21 47
38 36
40 41
16 35
7 24
39 35
36 6
44 39
23 43
7 7
30 47
28 30
29 30
16 46
16 16
25 36
40 40
2 10
33 17
43 17
18 13
30 5
17 25
21 17
20 6
22 48
4 48
9 32
9 2
8 23
16 10
36 33
2 37
41 12
31 15
27 47
26 34
29 41
11 48
36 8
5 9
33 8
35 40
17 42
20 2
16 13
10 30
45 36
18 37
46 47
29 4
45 6
36 4
25 24
3 12
30 7
45 41
39 31
11 33
3 29
33 44
41 41
25 37
29 20
4 5
18 32
7 40
15 21
42 17
22 43
27 4
27 3
22 43
11 31
27 13
12 11
34 4
4 10
18 10
28 20
39 23
29 45
14 43
43 33
11 16
6 16
44 11
43 17
5 5
26 31
42 36
40 27
17 21
14 12
29 19
30 20
40 37
42 31
10 15
41 19
29 46
12 4
8 32
45 11
36 22
40 8
9 11
13 3
30 25
13 37
22 21
34 13
9 6
22 17
19 14
13 25
37 3
27 43
33 24
32 46
44 2
32 31
11 43
11 40
45 23
28 18
21 39
9 28
43 8
22 13
20 33
15 35
34 41
29 45
42 38
42 37
39 25
45 48
45 8
18 42
8 23
37 27
13 23
32 7
29 5
44 27
36 11
13 48
29 19
44 22
9 16
36 25
40 33
24 15
18 41
8 24
41 44
28 6
44 11
37 25
14 33
3 27
21 40
26 48
10 47
21 43
41 8
19 11
18 42
24 13
13 31
35 31
5 40
35 47
2 24
2 40
34 29
19 32
20 22
31 29
21 29
2 13
14 20
22 31
39 23
42 3
5 8
11 34
25 45
12 26
46 12
17 10
40 13
40 37
34 48
17 32
28 18
22 40
15 21
48 5
42 21
32 46
6 41
10 29
16 20
6 13
10 48
47 27
12 38
15 23
37 10
6 42
5 26
34 18
45 12
21 39
31 30
15 35
22 23
42 37
21 46
27 8
24 26
33 14
15 25
35 30
33 40
23 15
17 34
31 14
24 29
30 6
10 43
19 10
43 12
45 41
35 23
47 37
26 10
2 19
34 35
47 44
26 47
11 21
12 19
12 34
47 40
17 34
34 34
42 7
23 17
47 36
18 24
24 42
33 24
12 44
10 36
18 14
35 27
33 45
24 43
30 48
13 45
33 24
10 6
29 10
47 27
44 16
29 19
10 13
41 46
8 29
34 24
41 20
29 4
42 30
24 2
29 35
24 39
10 11
22 16
20 21
21 15
35 48
33 22
38 4
20 23
31 5
24 2
2 4
4 21
32 5
21 38
17 22
29 4
32 2
19 3
47 38
16 34
16 26
33 5
29 4
26 37
33 48
38 12
30 19
31 39
2 29
29 17
3 35
20 33
14 37
34 13
5 27
24 45
31 8
48 37
37 4
25 47
3 40
37 10
37 45
48 37
26 7
5 27
19 23
37 31
37 48
21 19
5 43
15 34
29 14
22 17
42 25
41 23
16 29
31 4
26 9
18 3
40 22
7 10
22 21
19 11
46 17
28 2
38 21
14 18
12 34
12 6
36 4
27 4
11 35
32 35
43 2
15 13
48 46
48 21
44 44
9 41
12 15
41 48
34 6
17 23
18 27
27 5
9 31
33 18
18 43
30 38
22 43
2 21
19 48
19 14
43 6
6 33
19 24
32 30
8 27
4 24
5 9
6 38
38 17
7 7
11 35
22 31
8 23
29 25
48 46
37 22
3 20
6 46
43 15
6 2
40 35
3 23
42 33
12 10
48 44
42 36
9 15
44 42
36 24
18 15
22 33
35 2
30 18
26 24
31 30
3 2
16 30
23 35
15 12
44 40
33 16
28 41
29 2
13 43
25 29
9 24
39 21
24 47
16 27
48 24
9 3
24 2
10 24
15 2
35 36
41 19
3 46
37 30
46 48
24 48
8 10
23 24
8 25
22 22
3 22
45 36
2 46
37 10
22 29
11 8
16 29
4 43
26 19
3 2
18 26
2 3
13 2
26 20
25 25
40 27
45 15
14 45
13 28
33 33
8 42
18 48
22 20
42 25
37 44
4 33
47 30
34 37
31 37
8 7
14 26
11 10
39 24
33 3
29 17
34 36
36 29
14 35
48 34
37 15
8 39
25 6
47 37
41 29
25 27
34 16
4 44
4 41
45 14
22 25
8 33
38 42
14 4
7 39
36 42
31 21
11 8
25 9
22 43
15 24
47 48
39 2
22 41
21 18
6 20
20 12
4 10
31 16
38 36
32 4
8 15
23 43
47 25
30 20
45 22
42 44
47 32
23 20
3 21
15 33
39 13
22 42
21 4
35 36
17 19
38 2
32 38
23 30
14 30
48 10
3 20
31 2
4 6
20 31
4 13
16 42
24 36
35 22
18 21
9 12
17 24
13 47
13 13
7 4
41 6
38 42
4 47
42 6
4 40
14 32
30 28
25 5
42 37
4 11
36 37
21 4
12 11
3 2
22 34
30 14
18 19
34 20
17 6
24 45
44 36
29 4
42 31
33 35
20 35
23 7
23 42
9 12
31 36
12 4
22 40
43 38
37 28
9 31
32 10
7 7
23 34
9 42
42 41
28 13
6 28
44 28
48 5
38 30
18 28
11 38
19 5
6 33
31 39
16 41
47 21
46 48
32 6
41 25
24 47
16 29
26 11
34 25
40 23
32 10
2 42
25 46
45 9
30 7
46 23
46 24
42 43
23 4
26 41
7 2
39 21
8 43
30 40
45 48
40 29
9 41
22 11
17 18
18 45
23 16
20 46
17 39
40 17
42 18
9 47
44 26
45 29
20 5
20 16
4 11
43 11
29 42
21 44
38 37
20 38
30 38
36 45
7 27
13 26
22 47
3 43
24 46
23 21
3 20
35 5
30 9
41 36
28 39
32 17
6 3
7 35
18 20
10 23
45 48
27 45
46 28
39 47
26 40
19 27
11 31
9 18
17 48
6 44
17 15
38 22
42 22
8 11
40 42
11 16
41 36
12 17
16 28
41 19
45 11
23 8
20 30
3 14
9 33
35 24
46 25
44 39
24 29
27 16
2 16
9 20
29 45
36 22
24 28
39 21
17 13
6 14
21 7
26 28
39 13
29 15
15 25
32 37
31 36
30 31
29 37
3 10
33 16
9 35
42 47
33 36
37 37
27 9
21 5
14 37
42 42
30 8
44 13
43 26
47 25
9 28
39 36
15 24
3 22
36 22
46 20
10 35
34 35
21 32
17 13
21 10
6 2
16 27
39 37
4 16
39 37
21 29
24 34
30 4
34 17
25 31
35 12
43 46
24 16
30 40
27 2
48 10
28 42
35 44
30 16
11 46
31 31
26 32
42 34
35 27
2 11
10 15
47 4
12 22
44 40
13 48
19 39
9 24
32 21
19 39
15 8
36 44
37 39
6 30
24 39
9 25
27 43
17 25
45 27
46 41
45 36
19 41
26 27
43 35
25 13
25 38
19 12
12 33
3 43
15 4
12 48
27 38
42 42
40 17
47 16
35 22
30 6
14 7
31 8
41 33
46 43
2 42
7 12
6 34
6 19
36 17
44 41
32 37
13 2
5 37
43 39
10 24
43 2
8 4
34 26
14 31
21 14
4 5
25 8
16 8
4 29
2 25
47 11
13 12
38 42
47 32
11 35
33 31
35 18
12 20
43 25
29 41
37 10
23 39
42 16
25 23
43 25
46 42
14 36
31 3
29 8
33 18
41 43
26 6
38 37
4 11
39 10
3 27
18 3
44 11
17 20
11 12
22 8
31 34
42 39
35 22
45 45
17 17
18 42
47 8
9 2
17 46
10 45
24 5
46 45
40 15
42 2
4 16
8 12
27 48
2 14
48 24
36 42
18 6
35 43
38 42
43 6
39 31
2 41
13 26
16 5
18 10
31 20
24 17
9 2
42 35
40 41
36 7
14 6
37 47
47 26
20 20
30 36
28 10
7 40
34 22
22 29
30 30
47 31
45 33
10 39
45 28
10 32
33 22
15 21
47 39
45 18
37 5
31 16
39 37
33 3
36 6
30 17
14 7
25 10
17 33
47 13
12 35
44 22
8 10
41 6
27 16
48 15
46 10
29 36
45 40
17 32
23 45
26 35
30 28
44 45
12 21
10 2
7 31
22 14
39 41
44 43
8 23
9 5
31 16
19 6
7 34
15 28
9 18
15 16
44 36
13 33
8 47
12 14
29 33
5 45
4 47
40 36
47 47
40 29
14 36
12 45
47 4
25 7
20 17
48 41
4 12
26 10
10 36
22 37
46 25
33 27
3 3
15 48
2 6
8 40
19 44
16 17
47 39
48 44
33 47
37 35
36 40
22 44
6 43
11 30
45 22
8 25
23 21
25 2
4 10
20 21
5 34
15 29
3 41
25 34
18 39
46 6
9 19
27 13
13 37
41 36
36 27
12 10
46 14
37 28
22 8
26 5
19 40
11 20
11 34
31 27
3 28
31 10
45 36
48 36
3 19
2 37
44 12
24 21
4 12
47 3
44 24
6 14
41 16
32 3
27 14
29 8
19 37
42 16
24 20
29 25
38 29
13 12
18 15
10 20
25 8
22 21
10 5
12 28
45 43
30 3
34 36
35 31
3 28
45 26
26 25
28 41
31 19
4 47
32 13
45 34
45 44
32 32
26 43
38 23
16 19
3 27
32 36
9 33
41 31
36 18
33 42
10 15
12 39
40 21
29 36
6 4
31 16
14 8
36 3
8 3
46 9
7 8
22 15
18 41
44 6
36 8
25 24
21 14
14 12
33 20
25 16
48 33
9 13
40 43
40 25
23 37
12 29
22 32
42 39
3 16
22 38
22 45
13 21
10 4
10 41
48 34
34 47
18 42
38 35
36 29
12 11
44 22
17 17
31 36
7 33
3 27
48 3
2 12
48 10
40 9
28 39
20 40
37 37
33 5
2 46
33 38
34 7
11 2
22 20
36 7
30 17
32 29
18 33
18 43
20 9
3 47
25 22
17 39
36 48
43 36
24 6
26 10
11 14
10 31
11 45
36 18
13 46
45 8
9 40
2 27
47 29
4 2
2 19
40 15
44 34
29 20
38 32
28 26
23 36
8 12
11 22
28 22
19 25
7 26
16 7
30 41
35 33
20 14
29 11
7 25
22 13
43 37
43 22
14 43
35 47
6 45
20 33
44 37
35 3
40 2
34 21
20 46
31 18
38 12
27 43
35 27
7 8
15 27
28 28
21 40
26 5
36 23
36 11
37 22
12 28
48 23
26 46
21 9
15 10
45 40
30 10
18 14
16 11
39 21
16 37
12 19
40 26
40 27
35 28
26 24
33 26
45 36
2 43
43 15
4 18
32 32
26 28
44 40
37 13
12 30
2 2
47 19
26 38
24 38
43 48
13 6
4 35
40 4
30 14
43 11
30 27
42 34
6 16
25 20
7 15
48 33
15 46
3 39
14 25
7 34
4 44
38 32
30 8
14 37
20 8
47 28
33 19
13 16
12 36
34 17
28 33
48 41
9 29
10 21
31 15
32 12
10 21
43 18
28 8
6 25
40 30
4 4
26 41
18 37
8 30
31 34
40 10
27 48
37 14
46 19
28 9
30 36
28 3
31 33
35 36
36 26
43 17
7 21
10 24
35 42
31 43
27 22
4 31
47 39
44 24
36 2
31 43
36 36
44 45
47 9
11 34
33 5
28 39
3 36
40 36
8 48
31 34
21 12
42 46
29 37
47 16
37 29
36 4
42 31
47 40
38 9
4 48
38 31
17 40
44 34
6 4
33 14
15 32
25 8
8 5
23 6
45 37
33 32
39 26
40 16
44 8
2 46
7 18
7 2
9 3
13 13
31 45
26 44
7 28
29 13
31 3
17 27
39 27
10 8
30 48
2 25
7 2
2 38
18 7
17 4
34 29
42 42
4 45
37 9
24 44
46 6
45 14
10 35
39 18
21 46
43 21
23 27
47 23
42 43
7 11
45 19
17 38
12 19
13 27
5 35
22 2
39 44
40 26
10 9
42 29
6 15
48 6
19 25
27 13
19 12
48 42
8 16
10 18
12 22
22 41
8 42
41 25
38 11
2 46
18 22
5 48
35 30
6 6
6 10
43 3
20 42
43 26
35 4
22 45
24 42
37 10
15 8
33 4
17 12
27 12
32 30
11 45
11 15
28 41
24 48
42 21
41 36
25 6
18 45
28 19
17 42
27 30
27 37
32 42
48 36
31 10
17 19
32 5
12 11
45 34
10 38
32 28
5 8
32 21
30 37
38 46
30 43
27 8
31 37
27 9
24 35
18 19
6 48
22 16
37 44
27 24
13 36
4 16
43 13
14 3
28 3
26 9
23 5
42 6
19 20
13 41
7 8
37 37
34 11
4 48
32 8
23 43
42 4
36 15
42 27
17 21
29 41
28 29
23 21
33 40
19 24
12 3
9 47
38 41
35 19
40 19
25 41
39 18
43 6
32 36
31 26
8 37
44 14
18 45
12 28
15 29
3 25
9 11
24 45
29 36
15 47
32 38
39 23
34 33
6 43
47 35
46 32
3 20
44 19
16 34
45 30
40 26
32 48
35 33
44 41
21 37
39 4
5 29
4 37
40 8
10 38
21 7
21 22
5 43
18 19
28 14
26 19
17 10
18 29
20 40
22 39
7 12
21 10
19 23
25 10
9 33
25 7
18 44
27 47
17 43
17 43
34 21
40 3
8 35
30 26
26 29
43 31
40 15
19 36
15 42
44 48
5 20
6 47
41 10
45 36
4 40
9 16
12 47
43 44
34 3
21 37
31 41
20 48
33 16
35 47
9 9
25 12
6 30
37 24
38 33
11 20
3 19
13 39
17 7
34 28
8 33
17 16
25 14
15 10
28 27
34 14
34 36
3 38
17 38
14 33
2 2
30 3
19 41
41 14
25 26
40 10
10 34
25 13
46 17
21 4
43 32
16 7
19 18
23 14
7 35
24 7
35 5
35 32
23 27
44 25
30 14
33 39
47 35
29 44
4 48
26 24
10 40
29 27
9 29
18 41
15 40
25 28
22 11
37 43
15 32
19 44
44 30
13 21
16 40
43 44
18 20
19 26
11 26
30 45
6 47
16 46
38 18
4 12
28 39
32 20
48 3
15 22
31 26
42 24
17 36
20 33
33 16
36 21
19 18
17 3
16 10
47 5
27 28
41 32
18 25
3 17
5 17
37 13
20 9
35 15
43 32
25 27
47 13
47 43
29 41
44 22
3 21
25 7
47 44
37 42
20 17
36 2
32 25
13 30
11 25
43 6
9 19
10 33
30 34
27 36
27 23
9 7
42 12
38 20
7 26
13 4
41 27
4 4
29 41
11 38
17 5
42 24
48 30
8 9
15 34
43 19
34 4
3 6
40 39
3 45
42 41
26 14
19 7
42 46
46 4
35 14
7 8
37 32
36 22
39 28
33 34
25 18
15 26
2 6
17 3
28 36
42 5
48 12
10 41
9 7
43 22
45 27
28 33
11 41
33 48
20 17
12 43
13 25
47 13
8 15
14 34
2 34
16 28
44 3
20 31
8 41
4 31
19 30
41 7
22 25
7 19
41 17
40 31
20 38
42 26
30 33
12 9
18 5
35 14
7 33
43 39
25 45
21 21
5 14
27 4
37 11
21 8
5 38
37 23
6 9
27 13
41 37
21 10
40 33
48 24
17 21
15 19
43 34
39 25
46 43
27 14
5 26
20 34
41 9
35 46
42 13
10 34
48 8
22 18
40 47
41 8
46 33
5 19
18 42
43 42
15 21
7 18
24 25
29 17
11 15
40 5
26 48
16 4
8 36
21 25
14 39
31 11
23 13
28 18
6 48
11 19
21 16
14 22
19 42
37 28
8 28
10 12
7 25
14 39
38 12
15 3
28 23
38 28
35 44
45 18
43 7
36 41
22 27
41 39
46 29
44 32
35 6
42 19
8 7
9 23
44 22
4 23
22 40
3 8
14 46
25 35
30 38
27 29
42 19
45 40
26 41
23 38
24 42
8 9
26 41
30 21
40 32
22 13
3 23
20 15
46 22
48 27
11 6
8 4
2 4
21 5
22 21
41 23
14 26
30 18
18 12
16 9
21 36
21 22
36 18
15 33
38 14
38 47
44 23
28 45
4 48
48 25
46 20
25 12
44 7
7 40
43 21
47 15
35 45
36 22
14 2
33 3
40 48
27 15
22 33
37 24
32 15
26 29
33 3
18 8
34 2
46 28
22 44
41 8
41 7
7 32
33 17
34 25
16 38
38 36
22 5
38 31
18 41
38 3
21 33
9 6
34 6
11 7
27 30
39 45
35 23
29 20
39 40
22 6
29 37
20 29
40 35
11 9
27 26
36 26
11 43
9 43
26 19
27 31
47 43
27 12
17 7
30 33
45 3
38 5
38 35
32 8
21 20
16 46
45 3
2 33
24 10
27 48
27 5
9 4
25 35
14 40
19 22
4 42
23 40
45 39
26 7
45 24
4 38
21 26
40 22
10 15
9 35
40 34
17 48
15 19
13 27
37 30
26 39
23 27
9 45
43 33
29 39
34 32
8 32
9 46
5 44
38 38
9 8
23 4
33 15
21 44
20 9
5 44
46 26
22 6
2 16
16 29
33 48
12 39
32 46
15 14
41 30
4 27
15 4
29 26
44 2
47 15
35 3
36 33
7 10
16 7
3 10
34 13
9 24
29 18
47 21
10 18
28 38
43 42
40 24
19 14
3 17
27 36
45 15
46 3
2 14
34 29
22 19
20 8
20 47
25 18
46 12
34 25
48 29
18 18
30 14
31 31
30 35
18 5
48 16
6 27
7 38
34 27
34 5
33 32
3 35
48 47
45 34
3 23
40 19
40 21
32 22
3 39
8 19
21 34
12 25
38 17
40 23
21 4
26 32
34 7
18 13
31 41
45 32
15 36
3 32
8 12
5 35
28 38
31 47
23 42
2 12
36 19
13 9
21 37
39 33
42 34
44 25
26 19
8 19
32 35
2 38
24 32
3 3
21 32
48 21
25 27
10 13
44 21
20 43
36 36
27 29
21 48
31 46
18 17
42 48
3 21
16 5
4 17
6 2
26 32
47 3
10 35
40 32
7 37
26 41
24 30
48 43
29 9
19 24
24 38
2 5
11 16
8 39
10 12
40 34
21 17
14 30
3 31
39 35
45 16
27 20
44 5
41 3
13 37
25 35
27 25
38 15
18 23
5 5
34 22
16 6
38 29
13 39
37 3
25 34
43 30
31 17
33 2
18 23
17 41
36 42
43 25
8 38
47 37
41 11
11 9
41 47
15 32
16 29
12 19
14 33
47 23
48 10
2 18
32 17
36 19
36 31
21 21
46 45
10 39
33 45
25 5
43 38
35 36
18 24
6 10
8 4
10 8
39 10
3 22
5 37
18 39
45 16
12 43
39 46
12 23
42 35
26 15
24 38
2 19
40 7
27 46
35 14
31 25
2 32
24 5
21 40
42 17
34 31
37 24
28 47
45 47
33 2
13 34
38 14
5 29
19 9
6 31
22 35
8 22
19 30
4 17
48 44
11 33
6 47
8 11
24 30
10 9
30 21
20 46
33 23
5 29
10 35
12 9
22 44
8 18
4 10
12 3
31 21
13 35
45 19
45 21
27 6
7 8
4 25
31 36
26 14
42 34
47 31
41 46
26 47
41 8
34 4
9 16
24 21
3 20
17 25
39 42
8 23
28 10
47 36
23 24
48 17
35 47
25 27
23 29
4 16
35 36
18 42
29 40
40 9
38 9
32 7
28 38
29 7
26 6
42 47
7 20
41 40
44 18
18 19
24 46
33 10
12 28
29 39
46 21
47 35
7 30
19 33
46 46
18 23
29 37
47 34
8 40
25 4
9 20
47 10
17 10
18 6
36 45
44 33
43 42
45 27
2 16
38 25
39 7
25 20
42 24
5 27
15 8
29 48
26 6
9 21
14 4
25 2
26 20
12 21
39 35
25 19
28 14
42 44
19 19
15 38
20 45
43 33
30 23
11 7
7 44
5 19
46 29
45 23
26 35
21 17
21 45
34 26
10 6
21 7
2 14
22 20
36 16
4 17
17 39
48 22
34 5
18 31
11 15
32 35
48 4
29 46
26 40
23 14
45 42
45 45
7 44
43 41
12 45
35 6
15 35
5 47
17 21
9 26
13 18
38 12
46 19
35 24
10 9
15 32
3 11
8 34
6 2
6 42
24 39
25 37
25 28
15 19
27 48
43 17
17 33
28 40
29 40
41 37
48 7
47 28
16 6
13 21
6 17
40 7
34 17
43 36
43 35
7 47
34 48
16 28
11 21
45 38
12 38
6 37
43 4
16 11
8 7
9 38
22 26
43 33
41 16
21 15
28 26
13 39
25 6
44 14
25 41
3 15
30 7
3 3
9 44
12 41
2 45
9 48
23 30
33 41
44 5
7 3
29 45
40 31
2 36
22 5
28 24
18 35
8 45
36 16
40 26
34 19
48 42
45 22
2 29
15 23
11 46
24 17
42 16
25 43
3 46
46 8
21 41
41 27
16 28
20 34
31 32
4 31
4 47
4 4
6 43
25 15
41 48
30 13
15 7
7 42
4 30
48 2
22 40
6 37
45 25
22 7
8 3
36 10
2 17
38 6
12 14
46 30
13 27
41 5
11 26
45 39
7 23
39 7
14 44
42 37
46 41
42 31
42 29
18 21
23 7
5 12
19 2
19 10
6 12
13 16
15 36
32 20
10 2
25 2
23 44
16 20
15 9
2 35
15 44
7 15
2 10
26 45
36 43
6 41
32 44
34 45
31 43
43 18
43 45
18 17
20 32
14 33
18 40
19 10
35 4
24 35
38 48
32 26
21 15
44 5
10 8
48 18
2 21
35 44
18 4
38 36
14 4
20 30
42 17
18 29
19 19
41 34
44 24
37 16
17 32
19 25
17 45
42 18
17 28
39 12
9 28
46 47
30 18
29 3
12 24
30 8
41 22
40 36
24 29
29 39
38 26
41 7
22 13
2 16
18 39
27 26
18 24
24 26
19 30
27 8
31 34
14 23
33 32
36 34
38 43
24 27
20 43
11 19
7 11
12 24
27 37
48 23
39 2
47 35
10 4
42 39
15 33
40 46
16 6
32 5
47 33
10 44
27 45
14 33
8 25
34 12
39 33
33 8
12 10
42 46
12 14
37 25
24 7
2 18
11 32
21 36
42 8
31 21
5 23
31 37
46 16
47 15
26 32
22 15
40 41
13 30
32 48
32 7
6 32
23 41
41 22
7 35
28 37
33 10
11 15
45 34
8 44
47 32
6 46
45 44
38 9
4 21
34 35
6 17
18 27
36 37
26 41
23 6
8 33
40 43
46 37
28 31
11 6
14 15
29 36
10 19
23 39
17 34
25 21
3 20
26 16
8 3
8 8
33 15
39 25
9 15
39 15
44 48
45 35
14 25
23 48
21 23
38 16
8 14
14 35
12 38
2 44
19 9
4 29
48 20
5 34
34 21
26 8
20 22
42 11
25 42
11 23
16 26
37 48
18 3
35 28
18 35
23 14
21 4
42 20
23 24
6 34
44 30
40 41
30 12
4 32
5 13
6 45
16 21
24 32
48 10
11 43
43 12
9 16
14 2
13 14
3 43
46 45
25 17
38 32
27 19
15 10
9 45
32 23
17 7
7 16
41 42
11 36
5 18
29 18
44 19
30 45
14 7
21 16
22 36
46 26
6 38
13 39
34 23
13 3
28 44
43 21
38 5
34 41
47 40
36 21
36 44
44 48
2 42
15 48
29 38
4 12
27 16
2 39
37 39
40 42
35 13
40 3
43 4
21 20
21 9
40 9
30 14
8 30
7 48
8 34
16 10
23 42
24 2
11 38
39 28
11 4
39 28
31 33
31 4
5 29
37 22
36 18
34 22
25 39
47 31
3 14
39 24
33 15
24 42
30 40
21 39
22 12
45 4
22 27
32 4
33 20
24 21
15 9
20 38
25 18
20 26
30 11
48 15
3 2
34 31
20 7
48 40
43 44
21 42
48 31
45 32
28 20
30 42
7 48
31 30
43 29
8 4
38 33
43 18
34 28
26 5
12 25
22 6
46 20
47 24
2 43
34 8
40 41
48 45
20 9
27 14
36 33
16 4
43 10
20 28
16 45
10 26
47 9
10 24
28 34
25 7
7 10
13 45
29 38
42 47
25 46
38 12
9 32
41 3
19 12
30 33
34 17
37 33
4 45
34 9
30 10
14 35
45 5
10 25
20 3
2 43
26 17
33 33
47 25
35 18
14 42
28 47
36 16
31 38
12 42
45 19
3 37
31 25
40 40
48 37
20 27
32 45
43 42
29 41
18 41
36 30
34 16
28 22
9 36
37 46
29 34
16 10
22 46
33 39
37 12
27 8
37 36
30 10
29 11
29 45
3 16
6 15
9 11
14 43
46 2
40 5
13 33
13 33
30 24
23 44
34 28
30 48
41 11
10 22
46 37
44 48
30 27
40 17
37 31
11 34
31 2
16 43
33 7
6 41
29 7
15 40
12 43
18 4
32 5
24 29
19 46
7 48
24 45
16 12
6 4
23 36
30 17
9 40
22 39
32 28
44 25
19 33
45 14
36 28
18 37
9 35
34 14
13 36
37 6
46 41
8 47
7 36
15 40
28 35
10 37
40 31
39 36
16 36
48 3
15 17
38 48
30 24
40 41
11 28
46 34
46 5
32 31
19 24
48 24
36 9
38 27
39 29
14 6
16 14
33 8
8 22
8 36
23 46
29 11
4 26
23 27
8 32
9 25
8 35
47 42
21 37
47 11
43 12
41 10
3 4
16 10
25 48
23 25
45 3
35 47
6 35
5 39
18 38
15 24
24 40
44 44
7 42
32 27
31 4
35 12
6 28
46 8
7 20
32 3
48 44
28 31
30 31
21 46
20 14
48 22
31 22
43 15
41 26
40 23
7 5
33 12
10 9
18 15
28 27
17 27
22 22
35 29
30 8
27 48
20 5
47 28
25 41
41 17
19 32
17 3
35 28
13 43
35 9
10 14
13 4
18 34
3 5
14 31
37 18
9 8
47 8
34 23
47 26
38 43
35 33
45 21
12 35
41 45
21 28
37 33
9 6
44 10
35 35
18 23
5 26
8 29
11 40
4 9
43 19
30 8
3 5
6 13
17 25
36 37
4 24
47 38
7 42
25 41
28 42
15 10
45 22
38 7
39 40
40 13
36 21
45 38
3 3
28 19
26 15
33 7
37 31
43 43
24 20
14 29
39 27
38 14
26 27
19 43
44 36
33 10
35 29
46 36
30 26
32 7
18 16
39 7
45 33
27 46
30 39
27 46
43 16
11 47
20 7
41 41
42 25
2 28
5 26
15 13
29 46
44 45
39 34
3 36
45 7
33 26
23 11
3 18
4 12
42 22
44 34
40 37
36 41
16 18
44 8
29 24
31 4
20 22
36 48
9 32
6 19
36 7
8 37
23 10
26 42
10 21
27 48
35 40
19 2
35 14
35 16
36 17
44 34
37 10
33 23
20 16
41 7
21 26
21 21
34 24
14 42
23 18
21 9
9 38
36 43
30 22
36 43
37 31
28 5
18 12
26 36
27 44
41 46
21 39
45 33
15 10
26 15
27 24
22 13
14 9
33 21
8 20
15 44
28 42
26 45
5 29
32 9
25 4
33 23
20 29
7 12
37 11
25 41
33 25
6 24
32 37
43 39
35 36
13 40
29 37
15 32
43 46
19 19
27 3
20 45
30 4
35 44
39 11
37 3
34 20
4 44
34 25
13 46
12 3
38 39
17 4
48 11
27 18
8 31
19 26
7 26
7 40
22 45
2 36
46 14
33 48
9 44
3 20
42 13
21 10
3 15
38 3
24 43
45 30
25 42
7 30
19 13
21 18
35 48
31 11
13 41
36 46
37 38
43 9
2 41
43 4
7 32
31 29
26 27
11 3
46 42
10 17
32 9
12 18
8 42
27 45
34 15
21 48
4 15
34 30
7 28
32 12
38 40
18 15
45 27
42 42
47 4
36 30
37 47
26 43
40 4
18 4
43 37
30 24
29 41
6 34
21 15
23 10
7 18
2 3
23 43
22 21
24 10
2 12
8 26
32 25
8 27
6 2
41 34
25 21
27 8
6 25
21 6
12 26
22 12
6 43
32 27
41 7
14 42
43 20
45 5
22 30
30 26
10 22
38 12
20 42
18 24
18 37
7 28
15 7
17 45
48 48
23 41
32 14
13 6
32 35
9 5
43 17
9 4
16 45
14 35
38 30
36 33
18 21
38 10
26 6
7 4
31 7
22 41
20 12
45 29
46 31
12 19
25 19
21 40
15 12
5 30
40 18
14 35
37 29
23 14
12 7
43 21
38 16
13 35
27 35
16 3
17 26
20 20
43 39
37 35
28 40
42 19
9 33
31 24
13 31
15 2
15 9
21 5
24 32
38 2
44 5
29 39
8 47
10 28
16 45
40 42
15 33
38 48
17 46
23 7
29 37
8 42
44 27
45 45
37 14
24 11
17 4
48 3
2 9
29 16
31 21
9 44
31 45
44 47
22 18
31 2
32 16
21 7
42 18
3 9
9 26
18 24
7 18
4 8
4 32
48 13
30 35
8 12
10 29
36 30
25 19
9 8
33 29
39 5
24 41
38 31
44 34
32 2
29 35
34 31
18 13
42 25
25 28
35 33
8 23
41 10
19 48
43 29
28 33
12 3
4 48
32 46
33 16
26 13
2 37
22 44
27 41
20 3
46 32
35 32
32 27
40 2
26 34
9 32
45 19
33 47
44 43
24 8
36 48
19 15
15 18
36 41
37 7
42 13
16 7
43 47
11 14
26 15
25 33
45 21
29 8
20 25
28 42
31 15
20 27
28 12
23 15
4 37
46 24
48 14
29 22
38 39
34 15
5 36
26 27
9 6
33 6
8 13
25 16
5 22
42 11
32 42
24 14
30 48
36 29
39 42
2 28
11 13
41 40
48 44
44 34
2 29
17 34
19 19
2 48
39 42
10 48
35 12
39 42
11 5
22 48
25 2
27 34
39 45
5 38
41 47
2 20
6 43
5 2
13 5
2 29
24 10
29 36
20 45
29 8
2 29
7 25
29 11
36 45
8 39
14 26
38 14
44 42
9 47
43 20
30 43
27 5
30 33
40 28
29 46
34 8
26 19
31 32
28 19
29 13
35 41
37 24
32 32
44 39
10 38
37 38
11 15
20 18
46 37
44 26
35 30
33 12
26 41
22 5
37 2
17 24
20 31
25 3
41 20
41 2
35 8
17 23
21 35
40 44
