900
5009 3599
4278 3788
7208 6711
1338 8796
7415 1878
503 1152
3524 8034
2682 6747
1407 6637
8542 6106
7625 7365
4419 4022
1420 3255
1992 3315
7805 161
3347 572
281 4657
6076 8508
2070 6186
7224 2438
917 2932
7638 5752
6002 4876
2853 2741
4311 499
7186 3100
3823 4658
2378 1858
4391 1573
88 2
1567 559
8022 1253
4714 8339
1513 1495
1817 4188
2867 5962
4248 79
5575 4218
5995 3768
8031 1025
4249 1253
2993 4733
4884 3019
4569 1397
7292 4394
617 6380
2763 2737
1371 4928
7459 8558
1562 493
2464 4273
5615 4343
4439 4417
5216 1567
8878 2541
142 1706
3325 2896
928 7545
8145 2041
7460 7367
6666 6516
1087 4643
4231 5417
1889 3544
3747 2632
7704 8545
4491 6014
2588 1527
5017 206
6148 4702
4667 102
4718 5160
2843 5355
8697 1665
642 3807
5412 4227
3316 2192
2457 106
5400 5162
372 137
8544 8568
4340 8632
5964 1059
5800 7493
6589 3929
4937 1878
4021 3613
7352 6260
4426 2954
7926 6108
8055 1765
7560 4416
1597 7076
3373 5733
1157 6786
6744 5895
7600 5302
3089 5034
407 131
2092 427
2494 5232
1601 4472
4767 2599
3765 7327
1718 1006
4223 3243
7939 147
6163 8398
4360 2805
5222 4311
1270 709
3231 1325
8926 1463
6784 3210
5937 4206
4615 1253
1859 395
5371 1977
4847 3845
1219 4475
4862 8929
3411 1793
1017 4967
7553 6082
3244 2126
3844 4277
3384 369
892 7856
6086 81
471 2209
3361 5628
3879 926
3307 2451
1929 4482
4136 6204
8102 3792
6314 7889
5763 5896
8661 2077
7655 2411
3148 7536
4295 7661
1313 4805
2915 1471
5903 404
2179 432
6369 4993
4461 3607
2540 4066
6704 5247
5153 608
5103 3337
6028 3690
6003 7514
877 2876
4228 3297
6758 4399
313 6136
513 3309
2787 7363
4696 5085
7092 1402
4291 3973
538 2195
229 600
40 833
1528 1006
1747 1437
8217 4830
1596 3729
6847 8310
100 156
5549 1304
621 8735
5848 4250
4833 3463
4864 7934
6666 4056
628 5316
8647 4623
6361 2341
1033 6979
3591 4422
8685 3157
2644 7732
5698 2507
5098 5632
2462 139
4962 7005
7681 78
6820 2306
8735 7204
4774 7988
2281 1625
4758 2020
6100 5028
5654 1740
2694 3482
3784 3187
8869 2295
1336 2513
1440 2171
5623 1880
5569 4901
4285 179
4350 5201
4576 2939
4482 3517
6345 4445
1294 6519
7465 2925
7336 1049
1140 5471
782 7319
2957 419
1850 5154
5105 689
8880 2924
3761 7696
2276 2302
2006 4673
8994 963
5432 6213
4424 5311
3518 5669
5516 973
2173 8946
7390 2830
6588 8843
269 8528
1365 309
1249 1010
4259 4236
2576 7563
23 2737
5272 1002
8462 4552
7426 2111
3582 2442
7979 1993
260 1480
2203 5109
5481 8012
600 3485
78 856
7050 1559
1904 2357
7048 639
1658 3055
8782 8531
3329 1208
2077 8101
2952 5280
3679 4035
4862 1021
925 1238
8035 3098
8362 8164
3860 1365
6907 8631
6425 5969
8525 4691
6878 4610
3057 2849
7660 1975
3194 4097
4705 2917
43 3965
4331 253
8470 2189
2276 6652
4348 164
2619 6435
2678 4498
1191 323
5606 383
5758 1275
2020 2083
3229 1132
8398 2362
3407 228
6021 5947
6119 1161
5123 8465
5476 3556
8258 2914
473 4583
1927 1919
51 1096
3295 5824
7232 8986
8772 3601
6939 8326
5604 3544
4310 4358
1546 2460
596 5501
8865 1351
3174 7605
1332 6441
997 2440
1954 7959
3506 5608
2941 4861
101 614
4095 1975
3436 5524
5132 4874
4380 599
2265 946
2348 1499
1346 4869
1127 1173
8598 704
6358 2929
4054 7473
6347 4848
921 4373
3306 363
500 1141
5384 7161
2412 2669
1610 130
720 6533
5755 2502
1503 2807
505 2791
5413 5108
6508 6789
3015 1518
1086 2364
6736 168
183 6652
4500 1616
209 5734
1784 2592
2243 3651
2267 7978
3964 3362
6636 5408
1761 8373
1500 1530
5294 830
251 6143
2685 6055
4892 3188
8892 6741
4658 1818
7 649
3954 8506
2960 2976
333 5840
8285 877
4660 8328
5644 7034
8106 5070
7885 3707
7128 4345
687 5472
7675 2205
5451 136
6689 1938
5712 1379
3937 2270
4523 3571
4817 2975
1706 2833
3758 2718
8667 85
7570 5029
1907 4029
7662 3587
7869 464
1528 2363
4246 642
3089 3260
5329 2599
374 7402
8656 7969
6048 4581
6988 7838
2018 7318
4711 4888
3498 3329
7571 5216
897 4513
5420 7019
665 5769
4483 1764
2239 3348
2698 1581
5500 2251
8630 5228
5840 4805
4707 2451
8535 3780
4211 3504
4760 6470
935 4035
7595 3982
7673 8842
4288 6801
1252 5274
1607 5158
1520 1891
8303 6121
2709 4072
6216 3913
4689 6445
7191 2493
1494 3607
1774 926
3732 6377
5163 197
688 2713
7918 7017
2967 8762
4837 7326
7352 8556
6282 5273
560 6117
4215 4918
5291 2445
907 2424
5102 4127
3512 4931
8579 5000
1741 7054
1880 368
1331 8150
7216 7673
3938 6746
7178 2933
5327 4112
7601 8994
3314 3425
1679 5817
8156 5566
7628 6871
5078 7703
1250 2081
576 465
8636 7031
5714 696
1771 7379
7052 3623
2638 3682
3427 4219
4818 4247
8046 6774
3997 6969
6927 1137
8507 3354
5051 1009
544 8773
63 5460
3542 1042
6897 7038
1746 354
8862 6362
5018 4468
2858 4976
1249 2876
6286 3987
5189 4519
7206 2339
3704 6467
6178 901
1930 4492
1274 844
1271 3176
1798 1087
8643 1910
4912 8469
5397 465
5655 3823
7784 8102
8733 2217
5219 7644
2716 5104
3850 7259
8764 4191
7533 7491
955 8007
3097 8685
3418 2489
8447 4891
7518 2770
7772 2511
6801 5937
3716 169
4636 825
4729 3960
6343 8472
1357 212
8519 1831
622 7141
1594 7067
929 5355
4510 8186
3944 6551
6758 5249
2819 3505
821 4905
2878 5894
4432 2504
7241 8817
708 8619
3066 8129
7104 5986
5411 3829
5326 225
4642 4766
7557 1823
4753 8683
5632 8673
3194 2931
3549 4547
8840 1214
8907 8622
8466 3743
4650 586
2144 4775
5370 5950
2737 146
7878 3361
475 3578
6133 4786
8777 193
485 8201
3263 173
6473 4731
3832 3538
1027 926
304 1994
4271 3083
4060 5199
8754 4486
4248 2782
5662 8543
766 4719
5743 8553
1109 4324
5238 5517
6920 5882
2666 3532
1363 6779
7782 2307
7336 4539
7350 48
6948 2600
8779 5425
6211 4802
253 563
7538 4591
1276 8621
1675 1713
7700 1166
4690 8775
7773 1684
2278 983
7074 3031
836 1818
3140 1138
3266 1560
652 1168
7144 6631
4358 989
2963 5550
7877 5888
8647 7266
920 5144
8476 6455
4785 5160
4060 887
5230 5766
3027 813
3659 33
5395 2865
3434 1937
914 5862
6816 2185
3143 7229
7536 1681
3917 1605
799 4825
4316 3182
2187 6342
737 4197
7665 7849
1173 7461
3171 268
5424 2142
6354 5229
6635 1568
5911 6389
1594 1161
5113 6121
5604 8317
673 3081
1691 4586
8181 1623
4753 4496
1978 883
6579 7359
5277 7431
3156 8840
5756 4672
1691 1908
3011 4190
7788 2885
6415 971
1174 7341
7090 3821
120 2660
727 1038
2170 5747
2862 2418
8750 8968
7318 7236
8322 7285
2247 1458
1775 7678
973 3428
2368 6211
2228 3083
8262 7086
5860 846
8781 1975
7215 8548
2631 8569
5959 667
3257 4798
2902 460
8032 7847
4006 3073
134 7015
6649 7371
6910 5176
5649 5021
7490 8373
3817 3483
4337 1454
6990 201
5036 4567
5933 5913
7251 4370
990 2290
3881 7379
5339 3830
2730 1748
2734 5571
8152 749
2301 193
5903 6847
5676 4142
5881 5113
2747 7030
6467 7119
2149 3200
1114 2018
7143 2124
7495 7995
5042 733
760 3821
1658 7019
5327 5310
1261 2644
8059 5915
946 1839
7448 7747
6071 4749
5386 2319
5025 5010
3982 4515
6748 2035
5980 1218
2722 7798
2758 3155
637 6557
636 93
1564 7109
5765 1473
2415 470
3567 4806
2302 3339
7407 4008
2158 2772
5879 7863
6051 8594
383 6095
1324 5343
90 6690
5998 3377
6608 4875
4898 3589
8745 4148
210 3065
3102 4496
7621 3674
8411 6173
3070 843
7519 5782
2621 6643
8253 6720
730 7780
8284 4153
4955 7264
927 7649
6747 7193
2486 5489
3306 6867
1110 337
1966 2211
8038 5943
4664 7438
7820 3462
870 7858
2459 8821
682 1296
2897 618
8660 211
467 7528
5077 2200
5761 8241
3964 6691
6006 2347
1884 1456
5546 179
2413 4750
3675 8162
7637 2859
5340 2517
1831 7006
5016 4895
5458 5402
7521 1157
4645 4126
5653 8841
3199 295
7123 6302
5857 3437
8422 5405
7782 3633
3360 5647
587 4478
5290 2340
5460 4359
3014 5405
1477 4033
6146 2323
7365 2604
8090 3922
5477 407
8380 4315
5189 3664
4328 3069
8612 4119
6868 8400
6213 408
3177 877
7265 6075
1272 5918
419 4275
672 2825
3131 6568
8449 789
4418 3813
7065 5367
1863 5294
884 1664
3983 8923
957 5002
339 13
409 377
7993 8591
589 5467
1382 1338
3178 702
5634 975
5639 2936
5981 6829
8167 5703
8702 8675
7226 7169
2024 1617
7577 8970
3351 7188
4139 3956
7893 8045
6227 4933
5240 7431
505 6409
6383 5189
3975 520
758 2090
7557 5061
8016 2154
4183 8077
6425 8811
4081 7933
2863 382
5449 3330
5660 8553
7970 6721
7575 8495
1671 1732
196 917
8857 5626
4159 4898
5738 8743
1871 7936
6798 7977
5618 6530
6315 6471
4337 5105
2458 664
4734 6895
427 7919
344 5372
6864 1536
6140 4761
2734 2463
176 8070
6306 4499
4529 5095
3482 2815
7059 382
4053 4865
1149 3769
6494 6990
1313 1946
5678 4826
8209 3871
3611 2691
4966 8977
2023 1283
7322 8600
6815 1885
5324 3878
834 7807
4580 5821
7096 3732
768 4746
4978 3830
8716 3333
1820 7815
4533 2166
86 4041
1835 383
2445 4677
3625 7198
8616 6061
3541 3413
4953 1599
5381 308
7918 1785
5558 3942
4639 6560
7813 4845
3311 3438
7344 8274
7510 3141
5009 2390
5818 2630
1378 1623
1076 5688
6021 3603
2890 7133
7960 5431
3065 5693
4157 6356
1583 3071
8217 1447
8051 2383
1540 2763
284 2416
3277 2290
1475 3008
641 3455
2264 1839
5524 3136
1233 4375
8211 8501
7830 1692
4428 2530
5769 622
4062 8224
5117 758
5232 7970
4910 7128
1427 1557
7156 8657
5500 7673
978 1234
7345 695
5844 8845
6702 8118
5875 1172
5560 5460
