600
1902 4331
1680 190
2820 1125
3043 4165
2331 6
3234 3743
4973 2839
2663 3983
2199 852
4492 1980
775 1493
699 3930
1877 2819
3246 3380
944 3199
2617 320
1236 2844
3770 2118
1822 3372
769 1482
3688 2138
746 3667
806 1795
409 1878
89 1151
3859 880
1916 4198
3534 2904
452 2772
952 1741
454 3115
4800 347
2230 1000
1487 1912
3484 1621
1689 2712
70 4578
3941 2395
4918 4616
483 1859
2959 1089
725 271
4182 218
2904 196
2692 1549
1174 3359
2265 4778
276 3841
3161 2165
3978 2050
1327 2972
2168 2469
1344 2636
1120 3207
130 4964
3885 156
3738 1113
4702 2949
2894 2455
1591 649
4495 2402
1822 4930
2904 3508
4564 4160
3849 3345
120 128
755 598
882 4109
1681 3030
4803 2264
2202 2054
1166 546
3618 839
654 3546
4585 1590
733 3369
2785 511
2782 1555
1828 2411
3769 1689
4617 4003
4726 3336
2861 2694
2626 4201
2994 2167
1196 324
1527 648
710 2258
2052 1287
2143 2336
1623 1618
3259 672
2749 1271
4870 2410
3136 2904
1313 28
4051 2763
101 1747
620 4051
2265 3576
3743 3382
4009 3262
2624 1053
4783 3261
42 1452
1418 1951
4829 4841
3211 1904
594 959
3638 71
47 4711
4497 2038
44 706
4487 3314
3887 2244
260 1802
2888 4178
115 2594
3459 4651
2433 1307
4090 1735
3229 4618
1377 1869
2466 4620
1319 3303
569 2236
947 3104
2930 1554
3230 2555
3095 583
446 3160
2669 2712
3697 4507
1130 3914
597 3367
3831 4604
4482 4467
3254 3729
3614 1103
737 114
417 4482
1885 672
2150 3905
1293 4438
786 484
2593 1224
2201 471
2332 3349
2178 1253
116 1736
3531 2440
1455 94
2529 1142
1909 1750
1285 2011
568 4471
2694 1559
255 3840
3563 1767
3149 2002
919 1357
1623 784
1220 1682
1497 4498
885 4945
2116 4130
4157 4893
1142 4508
2804 3473
2779 4028
3784 4610
2337 1458
2930 4572
329 982
786 845
1608 4823
2330 685
2519 4931
4218 2083
1434 3965
2875 1841
862 3088
729 4819
1561 2266
1426 4573
2469 1549
142 2225
4255 1874
215 4962
2686 3035
3540 172
375 2212
272 4711
1829 1164
310 275
57 533
510 1329
4301 4678
4956 1860
1453 2573
17 2247
754 4376
1801 3733
2890 2488
1905 1101
2639 2242
1707 2762
988 4983
3258 39
836 3151
3258 406
2066 3963
1132 767
4591 3369
2661 4493
154 88
1745 3469
3860 3209
4841 1315
2119 1572
4135 1051
1955 4255
4818 3741
3344 2687
3585 1773
1756 3631
1464 456
515 1036
3630 1679
870 3227
1552 691
2596 4256
4754 2663
3274 1633
2748 466
1416 1135
3543 2040
1095 2077
4804 504
4647 851
1292 896
1018 3748
736 670
1820 1752
3437 1998
3205 677
26 26
3782 2209
2020 2897
888 2828
891 4464
849 2450
554 3749
777 1074
478 4275
4936 2027
3488 3085
4787 1476
4288 2884
4703 2608
3729 2629
4158 2784
599 2617
4308 3631
1499 2452
1097 91
326 420
3321 0
1616 2262
4889 1729
3061 1303
366 4742
17 3703
158 3200
4973 1201
2958 1601
3703 361
4464 3971
3193 4128
4846 895
451 1539
1982 1840
708 3235
1802 2012
1963 3356
1529 2405
1698 4433
2170 3498
2276 43
3966 2133
2529 4076
4261 3229
4105 4958
2353 3779
131 3534
4420 1158
3882 4012
3604 1612
2379 1112
2625 1493
4565 2496
778 3823
1895 3771
1123 2063
4919 3568
1731 4371
2383 4468
834 2441
1179 2063
4749 1348
3385 359
2130 4793
1098 1698
4712 822
2564 2810
4428 1906
1703 1555
1926 1821
1560 494
4646 2939
864 427
433 1128
1318 1928
497 1735
2720 2537
2787 4219
2326 197
2668 1434
4152 594
1031 484
368 392
4209 451
3922 4856
717 2361
1531 4614
2464 129
1816 1463
4547 3740
3525 1558
4425 1300
4782 4168
1819 1767
3209 3667
800 3931
1637 341
4741 1730
588 4232
4036 4113
25 3127
1585 3757
1764 640
2142 3615
3264 1158
4476 896
1118 3481
1101 1109
3919 3909
3650 4012
2454 742
4648 2156
937 3553
2234 3572
2139 251
2094 2568
365 71
4226 2205
4622 2443
1837 2112
1197 1974
4840 1407
336 2178
4609 4351
996 644
4818 3328
1127 3138
4642 4196
4411 2011
1879 139
3578 443
3360 2517
794 2514
979 4024
4870 3913
4780 1364
390 13
2233 1965
4820 1632
4620 2950
2378 707
32 4449
2694 1923
4570 160
3726 1664
735 161
3630 1826
1685 4398
3190 253
4971 123
1916 2251
2553 2564
1643 3833
4704 1616
614 2417
3121 857
976 1317
1502 4987
2507 955
3294 613
1573 912
77 245
661 2487
472 2386
975 2257
1966 4296
2575 208
1816 1691
1777 1152
3990 1767
3410 135
455 237
2441 3189
2365 2675
1080 4637
3030 904
3908 1800
391 2118
445 1585
1480 4396
3074 3896
2996 3214
3305 4366
4300 2417
3640 4387
4329 4466
3537 1982
320 1993
1732 2396
3255 4843
811 683
1066 1833
2707 1586
1380 2625
2873 3305
4824 4842
4435 3516
2781 3147
202 4091
611 958
577 2354
3650 1354
1493 174
439 1811
4309 748
2978 2221
4265 2877
2526 3464
971 4456
1960 969
3526 663
2405 1876
1551 3109
4732 3244
1775 1539
908 1223
3008 4085
1332 4198
4661 2482
2941 308
1656 1465
597 4616
3647 2790
362 120
2727 1000
1978 4234
2104 4463
2246 151
3659 2116
2518 10
1690 458
945 1907
1326 2777
3734 4876
2820 2743
1738 2889
1802 4166
583 233
806 2540
3127 3820
3545 1503
1538 4099
3476 1054
198 2535
4299 3624
2459 74
4980 1860
4308 2155
2473 796
3665 3151
3163 3103
4101 3691
518 4210
2146 1880
2237 3078
2203 1361
3976 935
1678 647
4390 619
4951 1677
4754 1455
1653 178
2359 3351
176 899
4414 199
3147 1143
2519 3498
134 2832
2883 76
4230 3003
2358 3142
4571 3286
3877 1197
2646 274
3998 1129
3024 685
613 2552
2606 2710
1428 2559
2804 4764
1138 2731
3420 3330
4602 2693
537 4690
1712 3218
1186 1118
4188 4255
4517 3346
1369 1119
3908 3300
3859 1101
3771 1924
206 1835
4802 1367
1669 950
2563 2916
2137 1542
2173 2067
1052 4481
3319 4621
1371 1495
2628 2675
1954 2295
2450 80
597 3174
1379 1881
172 2360
2142 4261
1170 3387
4697 1012
2729 2248
1611 4982
1207 2236
3549 2071
3155 3722
2606 1716
4487 4696
4097 2668
723 2645
1086 4721
1728 3332
3475 3291
1545 566
918 2538
1122 2700
201 1106
4420 1774
987 4843
2649 1822
4191 938
1312 826
2598 2093
2469 59
3110 18
4010 4517
3740 518
3193 686
1257 2685
1224 3643
2956 3098
2506 477
2918 3987
2914 395
1276 2361
1785 2522
1669 3619
1617 4514
4805 4560
2754 1230
3638 3246
1689 432
1554 4991
