100
100 348
318 150
389 494
461 49
110 319
60 431
457 35
391 309
182 199
228 78
51 293
425 110
225 80
207 336
126 387
153 399
218 164
450 93
459 306
255 311
352 371
114 153
493 369
303 128
82 62
463 264
229 75
129 400
435 415
375 438
440 230
410 365
353 205
317 380
34 82
302 267
464 480
234 475
448 325
114 444
103 110
302 381
184 193
6 306
268 226
480 113
82 354
332 111
194 154
47 100
321 77
26 22
2 233
132 27
479 299
19 150
249 308
111 495
404 262
96 289
337 341
228 25
440 163
482 430
152 269
257 189
293 161
381 377
40 388
308 101
311 4
347 437
430 398
352 210
135 16
374 396
473 149
5 76
470 480
157 106
43 169
145 430
171 227
65 328
163 75
341 427
118 179
157 281
368 292
461 489
289 306
248 372
411 23
89 26
74 158
88 424
293 157
87 451
244 191
199 71
