100
419 291 359
75 366 460
347 269 22
446 252 329
466 207 121
270 65 397
247 336 461
251 29 238
439 22 37
56 456 151
392 19 300
351 77 421
58 369 66
90 467 259
424 27 313
20 395 76
410 290 297
45 177 127
175 168 346
464 37 266
193 364 495
255 36 230
199 11 296
42 86 106
184 69 473
130 418 435
125 164 197
369 90 1
372 227 151
341 359 419
274 289 335
63 149 116
429 207 78
443 241 191
159 219 237
411 449 239
491 399 426
414 138 118
404 335 110
158 56 115
105 242 375
213 114 439
167 324 136
203 109 383
290 282 38
275 273 194
52 392 285
154 306 225
333 162 58
281 154 321
418 329 327
466 273 422
266 245 288
118 468 45
304 129 341
382 294 36
330 269 452
355 56 157
469 375 38
265 185 402
6 371 229
234 84 227
450 400 262
488 180 418
323 202 416
243 494 237
267 49 62
361 439 62
492 466 48
195 324 330
192 327 168
221 374 104
129 68 197
231 79 433
439 360 483
50 276 187
159 460 421
274 246 333
41 247 321
89 138 126
385 206 335
50 381 74
433 122 30
442 351 63
197 136 90
64 317 336
296 223 442
114 221 386
278 458 168
241 6 94
192 162 67
344 146 132
389 427 180
456 207 440
58 144 28
444 120 295
349 252 129
210 457 56
450 47 406
148 474 207
