70
269 384 307
275 147 170
246 352 153
346 56 303
385 240 90
150 121 305
338 45 136
24 475 247
331 106 384
339 32 210
421 1 333
420 193 308
29 394 39
62 348 288
172 294 209
182 208 134
161 143 257
197 49 292
212 274 350
248 313 170
192 234 70
495 237 475
222 81 244
445 363 413
450 135 93
96 55 395
497 8 292
181 455 473
88 305 482
307 128 66
52 467 155
357 384 255
86 38 158
82 377 228
308 100 26
411 243 466
105 261 460
453 204 474
367 257 452
189 163 127
272 234 471
234 298 69
313 398 223
123 73 394
206 60 312
228 420 240
246 423 3
114 488 484
468 302 130
492 269 254
256 393 167
23 215 34
460 312 155
412 377 151
7 322 477
239 168 309
57 275 461
5 247 305
326 330 397
385 420 415
96 254 149
203 8 37
396 152 373
9 331 192
246 71 467
230 58 15
324 494 404
70 290 312
339 330 338
323 114 238
