4 8 15 15
6 10 14 8 6 14 12 2 12 0 4 2 10 12 4 
1 4 7 14 11 9 5 0 1 4 5 6 10 13 1 
2 15 15 11 14 8 5 0 0 7 13 7 14 13 4 
4 5 3 10 15 12 5 4 2 11 11 11 13 1 5 
5 1 0 0 5 7 15 9 4 0 4 4 3 8 1 
7 14 14 12 3 15 9 2 11 12 1 5 6 14 12 
3 9 1 7 12 5 2 10 10 9 6 15 13 7 13 
4 0 6 9 3 13 0 2 10 10 13 3 13 1 1 
7 14 9 2 14 15 14 14 12 2 13 0 1 2 8 
3 15 14 14 9 5 1 3 11 14 13 6 14 8 0 
4 7 13 5 2 9 6 10 12 1 3 9 3 8 0 
1 7 13 3 14 10 15 12 5 6 12 4 2 14 12 
0 3 15 12 7 10 13 1 7 15 15 13 6 15 9 
6 14 13 5 7 8 3 14 13 1 5 5 7 15 8 
3 9 3 11 9 0 2 9 1 2 11 11 9 3 8 
10
2 10 N X
4 1 S X
2 2 W Y
1 1 W X
14 2 S X
12 4 N X
1 1 W Y
1 3 S Y
9 1 N X
11 1 S Y
6 80
1 4 15 4
3 6 7 3
2 8 2 4
1 11 14 4
2 14 13 4
3 21 12 3
31
