3 3 10 10
6 14 14 14 14 14 14 14 14 12 
7 15 15 15 15 15 15 15 15 13 
7 15 15 15 15 15 15 15 15 13 
7 15 15 15 15 15 15 15 15 13 
7 15 15 15 15 15 15 15 15 13 
7 15 15 15 15 15 15 15 15 13 
7 15 15 15 15 15 15 15 15 13 
7 15 15 15 15 15 15 15 15 13 
7 15 15 15 15 15 15 15 15 13 
3 11 11 11 11 11 11 11 11 9 
30
10 3 W Y
1 3 W X
7 2 S Y
8 2 S X
6 3 E Y
10 1 W Y
8 3 W X
9 1 N Y
6 1 N X
3 1 N X
3 1 N X
9 1 S Y
3 3 E Y
10 2 N X
1 1 W Y
2 3 N Y
10 1 E Y
2 1 E Y
8 2 W X
4 2 E X
3 2 E X
8 2 E Y
8 1 N X
3 1 E X
4 2 E Y
1 1 N X
10 1 E Y
10 2 W X
8 2 W X
7 2 S X
5 60
4 1 2 2
2 3 9 2
3 4 2 1
2 5 2 4
1 6 8 1
16
