0 0 30 30
4 4 0 4 4 4 4 0 4 4 4 0 6 12 4 4 4 4 4 4 4 4 4 4 4 4 4 0 4 0 
5 5 4 5 5 5 5 4 1 5 5 4 5 5 1 5 5 5 5 5 5 5 5 5 5 7 13 4 5 4 
5 5 5 3 13 7 13 5 4 5 5 5 5 5 4 5 5 5 7 9 1 7 15 13 5 5 5 5 7 13 
5 5 5 0 5 7 9 5 5 5 5 5 1 5 7 15 15 13 5 4 4 5 5 5 5 5 5 5 5 5 
1 7 13 4 1 5 4 5 5 5 5 1 4 5 5 5 5 5 5 5 5 5 5 5 5 5 5 5 5 5 
0 5 5 5 4 5 7 15 9 5 5 4 5 5 5 1 5 5 5 5 5 5 5 5 5 1 5 5 5 5 
4 5 1 5 5 5 7 13 4 5 5 5 5 5 5 0 5 5 7 13 5 7 13 5 5 4 5 5 5 5 
1 5 4 5 5 3 13 5 5 5 1 7 13 5 5 4 5 5 1 5 1 5 5 5 7 13 5 5 5 5 
4 5 5 7 13 4 5 5 5 5 4 5 5 5 5 5 5 5 4 5 4 7 13 7 13 5 5 7 15 13 
5 5 5 5 5 5 5 5 5 5 5 5 5 5 7 13 1 5 5 5 5 3 13 7 13 5 7 13 1 5 
5 5 5 5 5 5 5 5 5 5 5 5 5 5 5 7 12 5 1 1 5 4 5 7 13 5 5 5 4 5 
5 5 5 5 5 5 5 5 5 5 5 7 13 5 5 5 5 5 4 4 5 5 5 5 5 5 5 1 1 5 
5 5 5 1 5 1 5 5 5 5 5 1 5 5 5 5 5 5 1 5 5 5 5 1 5 5 5 4 4 5 
1 5 5 4 5 4 5 5 5 5 5 4 5 5 5 5 5 5 4 1 1 5 5 4 5 5 1 5 5 5 
4 5 5 1 5 5 5 5 5 5 5 5 5 5 5 5 5 5 5 4 4 5 5 1 5 5 4 5 1 5 
5 5 5 4 5 5 5 5 5 5 5 5 5 5 5 5 5 5 5 5 5 1 7 12 7 13 5 5 0 5 
5 5 7 13 5 5 1 5 5 5 5 5 5 5 5 1 5 7 13 1 1 4 5 5 5 5 5 5 4 5 
5 5 5 5 5 5 4 5 5 5 5 7 13 5 5 6 13 5 5 0 6 13 5 5 5 5 5 1 7 13 
5 5 5 5 5 5 5 5 5 5 5 5 5 1 5 5 5 5 5 6 13 5 5 1 1 7 13 4 5 5 
5 5 5 5 7 13 5 5 1 5 5 5 5 4 5 1 5 5 5 5 5 1 5 4 4 5 5 1 5 5 
1 7 13 5 5 5 5 5 4 5 7 13 5 7 13 4 5 5 5 5 7 8 1 5 5 5 5 4 5 5 
4 5 5 7 13 5 5 7 9 1 5 5 5 5 1 5 5 5 5 5 5 4 0 5 7 9 5 5 5 5 
7 11 13 5 5 7 13 5 4 4 5 5 5 5 4 5 5 5 5 5 5 5 4 7 13 6 13 7 13 5 
5 4 5 5 1 1 5 5 5 5 5 5 7 13 5 5 5 5 1 5 5 5 5 5 5 7 15 13 1 5 
5 5 5 5 2 12 1 5 5 5 1 5 5 5 5 5 5 5 0 5 5 7 13 5 5 7 13 7 12 5 
5 1 5 1 0 1 0 5 5 7 12 5 5 7 13 5 5 3 14 13 5 7 13 5 5 5 5 5 5 5 
5 4 5 0 4 0 4 5 5 5 5 5 5 1 5 5 5 4 1 5 5 5 5 5 5 1 5 5 5 5 
5 1 5 4 5 4 5 1 5 1 1 5 5 4 5 1 5 5 4 5 1 5 5 5 5 4 5 5 1 5 
5 4 5 5 5 1 5 0 5 6 12 5 5 5 5 4 5 5 5 5 4 5 1 5 1 5 5 5 4 5 
1 1 1 1 1 2 9 0 1 1 1 1 1 1 1 1 1 1 1 1 1 1 0 1 0 1 1 1 1 1 
50
11 1 N X
26 1 E Y
11 1 N X
11 1 S Y
21 1 E X
21 1 S Y
1 1 N Y
1 1 W Y
11 1 S Y
1 1 W X
11 1 E Y
16 1 E Y
11 1 E X
1 1 N X
16 1 W X
1 1 E Y
26 1 E X
1 1 W X
1 1 N X
26 1 W Y
16 1 W X
1 1 E X
16 1 E Y
11 1 E Y
16 1 S X
21 1 W Y
1 1 N X
1 1 S X
1 1 E X
11 1 N Y
16 1 S X
21 1 S Y
11 1 E X
21 1 S X
1 1 W X
16 1 W X
16 1 E Y
16 1 W X
1 1 S X
26 1 S Y
26 1 N Y
21 1 E Y
1 1 E Y
11 1 S Y
21 1 W Y
21 1 N X
11 1 E Y
26 1 S X
1 1 N Y
11 1 S X
50 100
2 7 1 1
2 9 26 1
2 16 11 1
2 24 11 1
2 38 26 1
2 42 11 1
2 52 1 1
2 66 1 1
2 76 1 1
2 79 16 1
2 83 11 1
2 96 11 1
2 108 21 1
2 117 11 1
2 119 16 1
2 124 11 1
2 136 11 1
2 139 11 1
2 148 16 1
2 152 11 1
2 152 11 1
2 153 16 1
2 155 21 1
2 157 21 1
2 171 16 1
2 178 1 1
2 185 16 1
2 190 26 1
2 198 16 1
2 200 1 1
2 200 26 1
2 203 1 1
2 212 26 1
2 216 11 1
2 224 11 1
2 232 11 1
2 235 21 1
2 238 21 1
2 248 21 1
2 261 1 1
2 267 26 1
2 270 11 1
2 279 1 1
2 290 11 1
2 300 11 1
2 312 11 1
2 315 16 1
2 322 21 1
2 325 26 1
2 337 1 1
347
