3000 2999 976 1030
2405 644
1462 2440
280 566
2041 290
1844 2965
2675 1423
1553 1975
1610 2362
1788 2711
1690 1761
1124 2861
2746 1127
6 1441
1011 1597
1701 1885
2166 315
2145 1430
1699 2550
1882 1288
483 847
2301 1159
1744 1523
2972 2090
2123 595
2618 709
2077 2831
1060 257
2060 2495
231 2092
2318 2951
132 1653
1038 1271
1201 1603
2968 1524
1540 2197
1592 2310
1927 944
1617 2838
2628 1698
2802 1348
491 1423
2490 1941
1461 745
2663 2200
2180 2085
1244 2824
1716 1506
2107 1310
1538 1720
864 2981
2950 590
1793 1370
121 2949
873 889
2928 564
586 707
737 1422
1810 1992
113 1698
1585 2796
1924 2144
2508 764
2190 581
2127 1653
1454 1820
1977 2585
2437 1389
195 1986
2 1220
2931 683
418 1616
2412 559
2032 2698
2282 2025
2209 2239
1448 2259
2247 1019
907 2769
350 1184
1986 436
1521 1439
375 1300
831 2342
2925 601
2482 663
1342 1877
505 2120
1642 2615
2395 880
688 241
2692 282
1593 2836
826 2915
1937 763
876 2889
781 1509
1616 2528
1100 986
439 21
1074 852
525 2481
353 1830
2727 2525
1600 2621
2108 2773
78 2702
1000 1245
1058 2250
1944 859
1259 1887
2612 2976
1646 2725
945 724
828 2165
2121 1400
153 1834
2431 1279
199 1423
912 612
905 2039
770 145
962 91
2888 583
2958 2454
2940 1182
2223 2212
1597 459
151 1850
926 2753
2455 1622
2871 609
2292 1094
2742 1321
79 2104
535 169
2189 2167
182 1629
1377 2484
2009 1227
1216 932
790 1965
1359 1332
2576 2434
1649 2278
2279 425
649 1077
2423 2118
2149 377
2582 2012
1036 163
1294 2270
591 1293
1439 2878
2651 1811
2305 1998
1301 2204
2165 963
2780 2272
1707 448
1121 1515
2203 2278
1952 1367
1609 590
2703 2676
966 863
236 1055
101 2523
964 440
2115 2787
818 659
1446 549
2366 655
1858 2558
1012 85
931 935
413 2638
119 2058
1865 2475
1062 901
2882 911
502 2006
2352 2228
2439 2485
704 478
1993 3
843 727
508 1839
2876 2814
2984 717
938 1745
2865 1974
2428 97
422 2909
1997 743
449 1024
1914 652
1681 1990
2537 1757
2502 1099
1158 2128
206 2805
2375 43
1984 1143
36 1567
398 1636
735 667
1834 1906
2713 2980
1167 2186
1524 137
882 2849
2058 241
143 1143
624 1113
229 334
1947 391
822 453
2677 1420
1398 1013
2019 2116
351 1170
402 2091
1900 2105
2905 677
2579 1863
32 939
2104 842
245 2084
684 694
996 2297
1146 2329
2987 1328
1632 1097
2233 1253
1335 13
2842 1735
855 1698
1708 650
1657 1367
2754 523
1472 976
260 2602
2529 1831
615 1515
453 2751
2848 2314
2433 1132
169 2475
2584 472
2778 702
239 1076
1021 1256
1520 954
2648 2644
433 1476
1962 1394
2321 2142
2530 2851
2020 2450
1430 696
130 2053
1541 1533
1378 2089
2264 1297
249 2998
2753 89
734 451
2966 2730
2690 2922
281 1130
348 1658
1141 4
675 1996
2085 2343
1849 469
694 2736
1107 2522
2646 868
817 2470
254 629
1522 1717
1383 1643
1347 1476
1790 2955
2706 2157
1618 2734
797 1371
1313 1150
2397 2205
80 835
2785 692
1578 2010
44 758
2384 1760
858 2528
1843 410
1687 82
2055 1329
2034 871
37 1324
664 1381
1742 1126
1233 295
1829 2845
1801 1241
720 935
940 1293
1502 914
2471 2396
168 784
1648 29
2158 456
2790 1068
1847 2473
1450 2354
2351 551
1765 2076
252 2531
1164 1007
424 2246
742 2507
2806 812
1547 2946
326 1256
1118 442
2487 486
696 2749
159 460
1292 1763
803 2185
2328 425
1018 443
2841 1071
1133 373
150 903
1257 277
410 881
1497 549
2470 1554
287 456
235 2767
1426 1234
932 987
1183 2655
1768 1523
2816 2985
746 2828
1486 1031
2622 2830
2868 1328
455 295
1475 2243
1344 1495
1117 2088
1160 64
634 2481
2027 2586
1523 1281
2611 1008
908 1174
571 1903
869 656
2812 1604
870 903
222 1800
2869 1909
1695 2330
1956 1546
824 1014
2261 1281
1746 1915
345 1880
1464 2556
1010 2082
773 2340
1388 668
637 1350
1232 401
81 1496
1312 2995
1814 1625
2779 1863
916 2427
1961 2087
811 2879
332 1149
1764 2408
750 2356
2162 1418
2445 367
2974 1200
432 335
1611 504
1941 705
33 2221
2010 2720
171 1280
1715 1471
2981 1525
1786 2819
11 2381
1608 1270
147 1061
267 2923
555 2805
2201 1255
2623 1873
2099 1864
2541 2138
2248 114
910 767
1902 2883
2823 1965
186 1535
157 2680
142 741
1724 676
2242 464
2819 1474
2231 937
1587 3000
970 2528
1725 1013
1048 1629
1891 787
1785 1598
403 833
2240 1821
1135 550
1852 786
2316 1368
1918 712
862 1193
1412 1954
2193 948
1920 1798
2814 2133
1072 2543
440 678
754 1094
126 920
2596 2177
136 2389
1409 542
705 2995
2877 1061
1654 2308
110 2664
2074 1054
1225 471
52 2947
2097 1465
1003 1195
1304 217
465 528
507 1566
2191 1368
1458 731
462 1792
99 1975
1368 1231
594 2129
653 2586
1567 448
1689 2087
1556 265
144 1537
111 1643
2278 518
2116 65
2317 431
607 1677
2202 561
100 472
501 2001
1231 115
2043 1319
2929 1755
1772 1873
2747 1302
579 603
2948 2213
322 2156
659 102
2765 2697
527 1976
1513 452
2325 2481
1369 2535
2652 1275
689 2332
2359 275
2343 477
1573 774
2436 1912
611 814
1511 84
49 1423
2284 913
537 801
2396 135
232 2718
2861 851
384 2399
289 2805
271 2277
2773 1068
2887 1290
60 2288
1940 506
173 42
1479 1743
1622 1013
2254 2330
1509 2443
1323 1273
581 1315
1455 1647
2065 2075
536 2251
1441 1314
2712 1905
2161 443
1208 667
1129 1154
1436 269
2606 1176
2644 2954
16 960
562 2676
2275 344
1817 2978
651 2042
1061 1823
2257 2286
1953 259
1736 1478
1099 2843
774 1598
302 2013
2638 2265
2552 2685
2064 467
1341 761
154 2047
2507 699
201 2916
2520 2506
2864 2327
17 1346
70 2335
2336 1921
38 1220
1285 1975
1614 2167
2063 175
441 1706
51 2154
1463 703
2964 2594
2399 1046
2310 749
2026 2889
813 1452
2670 546
825 198
1172 806
395 316
1967 1397
789 577
2897 1247
359 944
1348 1314
496 543
867 2367
2322 2542
1685 1663
208 233
1033 1945
538 1784
2990 2613
214 1268
1443 1346
654 671
349 12
253 1476
1389 1771
1019 1405
1050 2891
307 1260
474 1298
2997 553
2853 2281
334 2241
1543 2327
2365 1698
1017 461
1345 2538
1718 490
1251 765
2037 1908
640 1943
460 787
2266 2528
1260 97
394 1255
513 812
1550 1052
2867 2821
2777 2589
1828 1166
1414 588
2195 2562
1664 2194
458 2204
1306 706
1224 1856
840 2771
1917 1560
2110 279
1897 1960
784 415
1245 1943
2229 1402
2934 2342
29 892
1427 621
2478 1309
727 2840
202 633
943 1059
887 489
1173 1460
106 1710
2866 2733
718 2908
1149 2194
656 1477
599 2682
2488 953
1911 1384
1647 140
1110 1804
1639 643
479 933
2235 744
1693 1366
981 2685
2160 1879
391 1680
2705 1954
2730 566
220 1734
716 541
1287 2258
2362 1307
448 1960
65 2200
2960 123
1384 1196
2801 2067
363 638
2385 493
1122 1349
1566 1503
1591 205
753 676
608 2030
904 2995
2616 1274
1324 2100
917 1583
19 2564
1827 1886
393 1757
312 1908
2880 43
489 1266
775 703
2684 2687
2694 687
2838 553
2546 1615
861 1782
930 2504
2277 2462
1130 146
564 2831
1266 95
2069 2796
498 196
1733 488
296 1741
604 2402
1103 2071
2710 1071
1252 1682
2422 616
2728 695
2750 2122
997 381
987 1279
1151 2440
776 263
1980 2669
2776 516
2804 1901
1738 328
2845 2716
223 1574
2627 269
1625 792
618 1712
759 2234
2737 2132
2215 1754
109 461
1240 2426
2571 1045
1364 1027
1756 892
1309 1992
1408 807
829 1209
1357 1113
2615 2369
1562 2339
2732 2922
1219 2377
1975 2798
452 2258
844 445
170 1782
1869 2326
1459 1332
766 1820
1936 2952
1575 1645
648 1370
2486 1678
965 84
1076 167
1572 680
2999 1258
133 1999
2913 377
767 1065
1363 1243
1374 2505
929 1148
530 1655
590 1281
1049 2090
2288 2419
2957 238
1476 2915
2477 642
1791 367
2164 2605
1407 400
2347 1682
1603 1723
788 2459
1908 1413
2474 757
196 370
1878 98
1037 213
1607 2330
2096 2213
2650 2131
476 2493
2693 1850
1031 2624
2600 845
456 1314
1262 1532
1735 2517
1526 2724
425 1525
2033 2213
601 264
1615 1630
955 1512
2463 2100
1014 300
1903 2687
2660 1747
1867 2793
2413 2219
758 576
685 712
1799 1421
24 148
691 1996
1290 2872
2270 2346
2443 2498
404 242
2392 1288
2295 224
1624 2076
241 2196
2938 73
711 1816
2826 339
1145 284
2453 1873
2996 846
1394 225
1568 971
1951 2890
90 1673
102 2828
1108 1193
1196 2207
2111 2689
1816 1187
2458 623
952 1602
1425 240
1362 373
219 1422
2634 1350
417 1119
57 279
1945 2146
1861 2932
1841 2340
1485 2547
2236 1084
1349 261
544 806
2011 1645
1899 2978
2234 2977
1385 2210
2184 1645
1411 1247
2066 2472
381 986
1495 1235
787 2135
2721 2420
677 454
1979 2447
86 1090
662 2175
509 1813
2324 259
1989 976
1339 668
765 1682
66 1217
2273 1555
622 764
2267 1002
2505 1211
337 1030
438 140
845 956
799 1777
2921 379
89 1703
1352 1752
2312 1837
2403 1915
1976 1529
295 2075
2549 928
112 2937
1413 2042
2157 2457
1269 2004
1743 149
1136 1278
661 467
668 1067
95 434
2625 957
1939 1171
520 2120
98 1239
1888 1366
2401 2402
1418 880
2597 2139
2680 2558
1111 1809
1181 2152
872 1990
881 1166
1157 1761
2179 2207
2904 751
768 2025
676 242
2534 1943
1563 510
1101 2090
2551 1092
1187 1596
1314 1932
2448 1823
975 2828
517 1469
1083 1815
2942 1663
2208 2607
1913 2862
1023 1005
1636 2481
2949 857
1992 477
1686 2339
1498 2494
519 1343
1635 2813
427 1590
2246 2216
2586 2345
1813 556
2971 380
2358 1360
2168 2217
635 331
1291 1041
1887 2444
619 356
2892 2943
1741 541
541 1691
2045 2740
178 1169
1095 2736
1862 303
2501 2320
1630 1209
2308 1676
1731 2073
77 1487
1333 2937
1218 871
284 1365
365 1970
401 2304
1971 1982
1702 726
2879 2008
1775 2337
584 580
2784 1604
2389 1258
2285 15
820 2900
1723 1660
1504 678
2315 1113
1712 667
506 807
1629 324
2511 1806
1623 2124
2013 891
1263 1883
329 1898
343 2135
906 915
1627 1658
1267 1185
2205 1200
2924 62
347 2356
1400 732
1660 751
836 2132
2078 2000
1876 2875
2769 1930
400 470
2850 2739
1318 2001
1808 1185
2781 228
2874 2380
2382 145
10 2181
1771 2475
851 1429
2820 2738
14 1596
2912 2789
612 988
914 2151
1473 104
2106 717
1988 2253
1320 387
2761 1410
2939 1379
1264 1395
791 2173
2429 268
224 2923
1671 713
944 2156
1774 1819
2101 842
1241 1080
719 48
1350 2151
103 1755
802 388
276 2808
1626 2364
1950 2187
2150 1235
26 644
690 769
2568 595
50 213
2425 692
1921 2835
2768 2852
1087 2762
1030 84
55 2029
128 2417
1713 300
2540 2327
1028 1758
578 46
1082 158
5 230
2930 1227
2702 1478
1697 2989
2330 1854
2514 1740
2760 2976
2221 2601
1873 2714
2174 1483
1694 1332
2135 1416
1104 815
163 796
285 747
761 514
1371 1711
1935 1580
1064 1487
2260 552
1235 1084
2239 1489
883 2479
1008 227
1599 1529
585 444
709 701
2394 801
1227 1872
575 1866
215 1667
1163 373
1147 1964
814 2217
2031 2741
633 409
431 2941
2098 739
2947 1948
228 2594
1934 1073
374 2274
703 492
985 92
810 117
1864 915
2496 272
2023 2863
2910 177
1435 1530
959 1039
67 477
63 2655
1737 854
1248 244
847 2320
372 1514
2046 323
1065 1336
849 1500
175 2654
1767 1795
1175 1641
152 980
2563 380
2532 1923
1840 918
1057 1836
2313 1634
165 1404
667 1886
1302 979
1365 2084
2250 1029
2300 2329
732 217
850 1606
2472 2049
477 1155
444 2268
577 1097
1279 2087
1577 2029
2452 499
1676 2805
1535 238
2679 2884
1518 717
1355 2641
1005 1416
1396 1598
1734 1586
1758 999
2740 2883
360 1750
2894 1453
1051 602
670 660
2917 554
2835 693
2333 390
1319 2211
733 2531
988 1091
2553 1131
2570 371
1069 923
1696 1928
1192 1376
1821 2629
1781 2212
1548 2281
954 386
2959 1757
2075 2093
707 1558
1406 683
722 35
524 2092
2624 837
2953 2299
2794 1576
504 1047
1981 764
2515 2088
1156 2018
2951 2562
1877 1759
893 1343
1307 842
1818 2810
1588 1029
1812 473
934 1905
2567 919
2251 2128
2509 1569
645 500
2696 1221
1784 950
434 1972
1670 1606
2296 2256
1268 470
1714 1904
2827 2426
2798 1860
2982 2718
2331 1957
1317 1068
191 701
2450 1131
1505 1580
2297 1068
1353 1544
160 1024
2590 983
1372 625
597 333
1445 514
871 2132
2906 313
1399 1169
1533 1661
2852 1174
1281 203
1672 1275
1838 2459
1711 2227
1055 919
2639 1128
1293 9
2856 2446
1898 2146
2918 1581
1994 2976
1534 2749
2803 2829
478 680
1221 2805
4 2258
2661 977
488 899
218 105
1481 1189
1270 2945
25 1704
93 2724
364 574
1539 396
2993 762
1691 2082
2424 1078
1094 321
2836 117
1850 2080
2513 2167
1381 532
993 2718
2833 2371
2411 982
358 1946
2039 1881
939 928
1512 582
76 2294
925 2183
243 2893
1382 495
203 1274
898 2604
620 2782
2447 1284
2491 1510
1949 2113
138 310
2144 609
1700 1214
310 2302
1527 275
450 2420
2751 1555
2022 2733
1331 1948
2916 2726
510 2522
1673 551
2454 1650
539 2095
756 1379
1066 2977
995 643
2169 1783
777 1229
1555 1168
1780 2575
1753 323
948 2243
1243 1752
1402 2791
2172 135
1013 2182
1893 39
958 1250
2783 2444
1656 1886
304 1912
1105 1109
263 1745
994 2181
1007 1531
2076 1706
2766 149
1763 1501
1682 1207
2503 2028
1928 2091
2199 96
1602 2857
2054 2133
2818 148
1096 2734
1889 1846
1138 1326
378 1800
2473 695
874 2756
2132 1222
409 2770
1081 1474
2859 2059
1885 1710
2701 125
2480 1466
2764 589
411 878
301 2714
442 1109
2545 2095
1343 2440
665 2350
266 1825
2832 804
669 2416
2291 2441
1434 1604
1674 511
1334 1925
2044 2467
2398 902
1068 1386
2220 902
84 494
2969 2167
2988 792
1569 2617
2056 2048
2560 1256
2851 2216
2840 897
379 1966
982 500
1296 2518
2724 1137
2294 1047
2185 2113
2656 2012
1024 313
1246 2214
2369 2726
2641 1179
1886 2881
1848 1152
1948 812
2621 2417
626 2355
2678 1510
1519 251
2283 560
1942 1120
1998 1638
333 894
2565 2335
1088 1705
1256 1340
2252 2498
2238 1040
2789 2105
1188 1460
336 1205
317 1859
1857 2668
516 2047
1531 1361
1484 2217
715 2086
2136 2146
414 587
557 338
212 2963
2028 487
609 1115
2967 1310
92 918
342 2086
1589 2332
2688 242
2891 2323
1732 1152
1202 1207
2090 1166
416 2896
2244 2188
2653 8
1854 1132
1197 2304
2414 1277
1890 551
1871 1206
2186 2614
1532 1748
740 969
736 969
2525 2073
796 1185
1605 592
2676 794
2617 2715
2538 197
2707 264
924 595
2626 712
187 1637
1769 1560
1501 1491
605 161
327 621
2194 2673
702 2391
565 920
968 2522
354 2005
428 963
472 2671
606 1789
2810 166
1991 942
2052 2419
2177 978
2735 1487
2314 1250
2548 819
570 512
2421 1338
2053 1043
277 1777
2506 1722
293 2122
2051 1114
48 83
2307 1974
1722 1046
512 2400
1922 480
1966 568
583 2271
745 1090
2572 2130
1490 468
2977 371
1752 2153
1740 41
1494 1880
804 2113
848 2645
1923 2141
420 729
2420 2941
2523 2695
523 1162
273 1453
2829 976
179 2720
2173 1261
2749 2637
921 1965
331 823
587 514
543 2024
614 471
2831 2619
2830 1415
1825 2361
2407 1423
2134 2933
2593 897
2216 2122
1783 2302
2782 2475
2564 983
451 105
1496 522
511 1749
554 1469
1106 542
47 636
900 1189
2038 792
2120 833
2517 306
2601 568
390 392
757 979
1750 1131
2632 2218
2335 405
1228 2927
341 1078
2757 2103
1165 421
392 1366
2878 1144
1265 2417
2533 695
1311 2932
2720 1703
1150 1271
548 816
1842 1640
2081 2609
107 1131
2047 2922
463 1545
744 2042
1551 490
853 1442
1153 1379
625 1546
1905 950
1420 1417
956 2298
2114 1207
2580 949
1728 808
1559 1795
549 1896
1403 2129
1207 2079
35 127
2817 2815
1026 699
2555 2147
1070 1727
961 2410
495 2393
2103 2708
2464 780
835 1978
1148 2902
155 1016
1440 2985
457 2758
27 724
2372 747
2575 189
2119 262
406 809
2287 2304
316 388
856 2218
1123 198
2734 1819
978 923
2566 426
1423 1200
328 1968
902 64
2992 1255
751 2631
2409 72
1792 1663
1226 415
1946 68
1332 114
2374 2689
724 2800
1116 2228
2718 2035
674 2807
560 821
1759 2171
1361 2125
2348 2729
1429 2245
2898 2259
2643 2040
2687 30
255 1289
2485 2500
1637 1726
2965 297
984 859
595 2581
1653 2004
1915 2594
1955 1433
2377 2061
2741 2416
40 1706
1171 1128
1471 610
1424 2461
2669 2672
127 2743
1594 1652
1002 2093
2995 339
647 1621
2786 388
1909 1284
1892 339
2989 2758
837 1969
2970 1195
1421 2444
556 854
1134 2726
1035 2550
1529 2276
1174 798
105 792
1316 2163
15 1161
2587 2813
2289 1416
698 629
217 636
2349 1170
183 1880
1884 1506
1137 2059
1706 12
2446 2631
2531 1987
1480 2417
278 2588
1613 748
2438 1373
2067 521
73 580
1045 1544
1351 257
487 546
528 2824
303 279
1367 185
1499 630
2430 2442
2175 628
1203 1191
2105 550
1932 1102
1128 2873
268 2770
2364 643
780 2263
2124 1957
1075 2672
890 875
2014 713
43 1931
894 1272
576 2963
2631 125
1815 2415
1205 1916
2073 602
2484 2619
59 632
888 2170
2129 1230
85 1969
1710 94
1803 545
2578 2417
1249 1826
838 1325
1789 2535
294 1
2459 986
1125 471
2857 747
1299 1972
1836 2440
708 355
2771 687
1820 2614
1213 2922
1598 632
2620 54
582 1214
2440 408
1258 1957
782 1875
692 1442
1669 2697
162 833
2813 72
2112 174
366 1546
1230 794
459 808
801 71
2926 1056
1115 1234
762 227
928 816
2704 1510
2599 1254
2691 2192
355 1247
2188 283
2510 2858
1860 23
1067 863
2344 922
1027 2197
2018 2504
1247 475
2021 23
1453 2642
2763 1837
2994 9
471 806
61 2668
3 2329
54 2633
1286 2072
258 1284
743 976
2805 1397
631 2151
671 1709
1329 2956
1373 2068
1883 1211
137 540
2875 2444
1870 2419
1185 823
221 2927
1943 859
1916 2334
967 1410
854 1289
2657 526
2357 2613
1826 1098
572 2543
68 573
288 2302
210 895
2932 12
2873 2535
884 1590
2113 193
2126 574
279 1749
1875 1195
2059 2086
1084 951
933 1193
2609 118
87 1447
1666 320
1078 1276
1747 2258
1595 630
125 1444
2915 30
1658 913
313 1305
1545 1376
1195 563
2304 532
2391 2935
2961 1973
1561 1620
500 247
1717 1925
764 2140
726 2561
2637 1310
1770 2334
2883 561
2426 2323
274 2591
2102 1020
842 2667
1726 793
380 2588
242 1910
2001 1328
1043 2908
2795 2281
320 1969
1152 951
868 1393
1272 1109
769 2024
2245 2588
2167 687
2550 2569
1474 660
2153 763
213 1354
325 2057
2030 2890
1970 2269
1606 2476
679 200
2767 830
771 983
1176 291
2008 2340
1954 1283
2469 979
2640 772
1370 397
69 1833
2015 998
2148 56
197 1667
1039 827
1491 713
909 2086
1198 2920
2774 1063
567 2280
468 1959
368 627
2907 2594
1755 1709
2214 2719
641 738
1973 503
493 2465
1874 2927
71 34
2460 172
1211 1982
2793 1460
1170 484
2222 1217
1802 88
2500 2163
8 747
362 1340
1025 2146
563 2666
629 94
2516 2927
292 2697
866 969
763 875
2872 1931
1974 1745
1190 2673
2163 297
1273 2211
1182 2896
2512 2535
1004 613
1804 1098
1162 2963
863 1041
553 2323
1777 1508
1338 2858
1109 1295
340 91
1704 1506
1071 2361
1661 2255
1354 1404
1300 1040
1209 2441
1442 1546
1193 1456
74 122
2152 193
21 2919
1444 2118
436 2388
1845 1200
526 1140
1089 1451
1751 2042
1601 2863
1515 1868
748 2050
1727 482
923 1705
75 1665
2141 700
1214 1242
339 2943
2983 739
2082 2178
1655 1703
2133 1811
1391 2854
2400 2071
566 2607
721 974
865 2809
305 1328
540 1787
2187 261
2293 2346
880 2946
2100 1305
1437 807
697 1080
1126 2262
129 2225
53 2927
415 2685
2985 655
592 2068
1552 529
1422 1132
1360 2262
1467 2543
2762 646
1619 672
942 832
319 2370
621 598
461 1186
2451 1220
2122 1488
2346 443
2311 2342
613 297
992 2716
521 778
1132 2899
1327 2332
2468 532
2708 421
1468 1645
2770 1536
2633 2084
989 2232
2091 1280
164 1762
1432 1583
1041 1798
2889 2519
2319 1376
41 1322
2084 547
1766 259
1356 827
699 466
655 2577
1798 1958
561 1794
443 1410
2497 2434
1063 1782
430 2017
2558 793
120 747
875 314
1006 1186
1452 2714
794 1431
1001 1303
1580 2356
2556 2726
2339 2933
2131 2716
1 1277
657 484
2899 2327
2975 2722
140 2057
936 2218
2796 2232
1800 311
1090 2465
2268 2715
1478 250
1093 1085
979 644
2860 145
1643 251
1047 1542
2332 264
2255 1965
1046 1958
823 1517
1295 2800
2083 2171
1684 1321
2837 2613
2095 2659
2797 2415
2276 806
421 2109
251 1288
2936 2619
2986 1958
1210 593
209 2061
1645 598
642 616
2368 658
2048 184
1990 1574
695 812
2004 2298
663 2674
2630 192
2605 2071
1652 2475
269 2658
233 1621
1278 2213
1514 2613
2417 1640
2087 682
2714 2787
710 778
795 2554
1604 2896
2788 2991
630 23
1754 2973
1688 2636
156 950
1965 2386
600 2154
1692 785
2755 1029
2664 574
2665 2729
261 141
1393 2441
499 376
2561 1415
2583 2614
545 1410
2736 731
1901 2821
2574 643
2005 892
176 2598
2697 728
2062 2036
1557 2137
1972 580
1910 1853
949 547
205 94
2494 2729
1086 1528
725 1537
1322 2342
2128 1009
2900 1508
2154 860
1794 1376
467 1298
1177 188
1919 552
2715 1034
1379 1665
2598 643
1465 610
2143 2499
419 2923
920 1283
2528 1907
2858 2542
2699 1044
2002 2521
1628 386
116 531
1650 749
2733 1831
2756 2719
739 1730
83 830
2467 115
1835 124
2792 2979
1428 971
1305 1282
469 860
344 1387
2811 1253
2232 2072
330 1930
1926 1517
2210 598
2207 1282
1417 2271
2383 2320
2682 1640
1390 2683
192 1447
798 2499
891 2040
1315 1169
2475 574
2671 2338
2380 1236
2614 1558
31 1530
2442 974
1337 2554
1795 2668
2181 1796
1204 1199
494 1933
1853 558
1492 700
2378 1530
1180 1073
2432 1506
2461 370
388 1964
1276 901
2402 2326
1456 2825
1663 2908
518 2465
2117 559
1079 9
2772 298
2140 1255
2654 2613
190 1449
2070 2386
1831 717
1328 2142
1154 2743
911 2881
141 2050
2212 2522
999 1776
324 2914
2410 1797
2466 1678
352 808
2156 2839
2681 723
2589 2224
1964 1194
34 1925
2973 2373
1586 1277
2281 529
1675 1271
194 558
2125 115
72 919
2042 1340
2419 2962
1236 473
1271 551
717 20
1872 1199
2846 852
596 731
1996 808
2980 256
1546 1823
899 145
2559 2000
335 445
1477 687
644 1833
2381 937
357 1503
2118 747
922 1451
974 2326
1466 529
901 1042
1040 149
2146 1489
701 522
1583 2024
1665 2373
1184 1863
1510 2927
1778 429
809 1912
299 446
1644 1336
2243 2686
1483 2350
386 1056
1579 574
167 1016
1139 2946
1822 580
2518 42
859 2178
2744 311
22 1931
2569 1995
738 2441
1776 1114
2683 2286
2588 473
2206 1143
2591 1489
2686 1488
1159 134
2390 497
1721 1641
1895 1199
262 1470
2689 1634
1199 514
2526 2370
193 1879
2388 2323
1340 2049
1080 1703
1516 318
598 947
2752 91
207 1560
2196 2524
2386 12
2462 1015
2695 158
1178 2557
953 602
2363 963
146 1380
2449 2909
370 2908
270 2896
46 2604
2595 1782
408 1739
1757 2504
1431 1415
639 2834
2418 2787
248 1449
941 64
1500 2171
2629 45
1761 259
1564 2668
1925 2884
2893 793
226 123
2200 161
1957 385
558 755
678 2739
1215 2807
1255 918
124 2198
1289 1931
1449 2649
1303 1667
2902 1042
2370 846
1253 700
2017 2667
373 283
118 1806
2360 2068
2495 1596
64 2863
1321 185
1119 396
2610 2843
482 2290
2109 1640
2739 315
311 2886
841 1308
446 2012
198 760
1963 552
1308 977
806 1912
569 2094
306 2024
1709 2800
2249 166
786 971
749 1517
2354 2943
760 2662
283 808
1366 300
2937 1098
346 1022
2040 265
529 2483
2408 1570
1542 259
412 227
2522 2219
1894 135
2306 1113
1168 646
361 2731
2094 1868
2885 778
1380 2350
88 2607
1536 2253
2613 2334
531 1503
830 480
227 2183
2863 1447
2668 1166
2334 1929
117 503
1112 972
259 2527
2204 2923
1144 632
2815 2922
2536 636
2049 1274
1387 1179
7 1376
2182 2371
1773 2259
1052 2298
2998 356
1169 1114
1641 2007
991 1191
2649 2955
2302 2919
2659 998
807 1059
658 1581
2155 1460
976 2457
383 1029
1582 2685
712 1824
1739 551
447 149
2719 1833
1009 1113
1809 1999
1325 161
2666 627
2954 546
1460 308
30 407
935 1929
2700 1508
2539 2142
371 1570
114 1220
2356 2265
1960 2808
2607 1242
2089 2920
2562 1404
2274 2342
2935 672
602 903
833 1280
2025 12
957 686
1127 2685
547 1748
2057 2093
2521 2035
497 800
1590 435
568 1958
2371 1200
247 2647
638 1698
291 2738
960 1358
2554 2978
2824 588
256 1487
1667 2956
2253 2258
1983 1749
1397 1487
1837 2350
1189 1525
23 82
1032 2224
318 1638
1558 1488
1022 1633
2577 39
1433 2079
376 1823
308 244
1470 2636
2003 2012
816 2007
286 1020
397 2262
1581 2228
1288 1015
1280 1574
643 1395
2946 792
2698 18
2542 2672
730 1659
470 1720
2338 1806
2493 752
687 2263
1958 1073
1284 714
2927 2050
1073 2151
2903 2072
2198 1907
211 250
2896 1438
1506 1912
779 1085
533 889
2991 1194
860 2323
1416 2716
895 2012
2479 1638
2976 282
1392 1447
2271 896
2376 2093
812 2259
1859 2303
1576 1703
1386 2881
1114 135
666 2225
559 897
2237 1881
1419 1904
1683 2963
181 1507
2481 534
832 2379
728 1549
546 2404
515 885
2962 752
56 1806
1985 834
1574 983
2603 2619
2080 315
2655 2499
680 1222
1186 323
969 1438
2920 2979
387 1297
184 2211
1554 2092
2298 2828
1326 265
2320 1863
1254 1868
2602 2527
464 1868
846 2635
237 1931
2619 1250
793 1881
2036 185
593 946
1571 852
1703 723
2821 145
2745 1077
1330 878
2256 827
2029 2726
805 2361
503 1906
946 2262
1131 2068
919 2241
2327 225
385 2068
1282 1140
1760 747
1451 972
1824 2265
2978 2016
1929 189
1805 300
1806 1544
1797 122
134 2224
1999 552
300 396
2326 1404
815 532
1222 1029
1879 1995
1748 2444
2138 244
2498 1200
200 2923
1528 2219
977 2373
1978 2024
264 2787
1447 240
2170 1508
1298 783
792 1596
1855 2151
189 2265
1020 2895
2807 2658
145 2524
1487 2822
1029 1503
2828 1640
673 1811
166 1730
2759 681
2890 1401
2717 475
892 1668
1274 244
918 2183
1868 2092
522 2006
216 1679
2573 2303
731 135
234 485
2226 108
972 2908
466 2604
480 28
2844 1102
2585 1678
636 2662
551 1651
821 2722
983 2217
1933 998
1537 122
1229 148
1549 115
1098 13
1968 1166
180 2269
2086 1507
2345 2355
2945 1375
2258 650
2217 2881
2524 913
1120 1261
91 1493
2881 2667
42 877
1054 257
588 2499
1896 1015
240 108
610 2092
2068 445
772 886
1277 2373
367 148
1059 706
2673 1782
2862 1762
131 896
405 2914
915 2290
2594 13
1931 1912
2674 627
2729 1179
1237 1234
382 2725
2151 2197
62 617
297 2088
39 158
356 1250
2415 2726
2178 2230
2230 1698
2914 2224
1194 2527
706 1762
1336 2492
185 2171
275 1698
20 1720
1698 1077
2071 2353
2171 514
2350 617
2265 1749
2007 2557
1906 827
2379 652
108 2088
1832 1659
426 3000
1091 282
2519 886
627 1044
1938 1730
1155 369
1250 2738
115 2791
12 1995
2012 2895
2604 1489
2834 2416
660 2923
971 161
2825 1811
686 1530
573 282
1242 1489
2716 752
2323 672
1217 1102
800 785
2457 1680
2809 1787
1680 1525
1507 2476
2361 139
1830 2263
1410 1200
1651 2387
2130 309
389 1525
2213 2269
2269 2476
2499 778
2808 2642
2849 1823
321 158
2870 2427
1907 2329
1912 2176
1866 1807
713 1489
2725 1488
2355 1987
819 1833
1261 2743
2476 123
2952 282
1584 2225
481 857
839 2645
580 1729
1239 889
2309 1092
2192 2723
2272 2731
2263 1863
2259 927
1705 1310
2672 1720
783 2608
2955 97
2406 1570
2093 45
534 2444
589 2901
878 172
2404 492
2286 1851
1238 2061
896 2224
492 2944
1730 2024
475 139
1987 135
2416 2444
1904 2050
889 885
1508 2353
172 1097
1856 632
2050 1779
265 2709
2373 2061
2139 2427
2079 2787
28 2504
1679 298
423 122
514 834
1401 2006
58 672
2393 2963
1034 2337
617 747
272 2933
45 2941
82 1223
1807 2218
2635 473
1720 435
1634 683
947 1633
225 877
2341 2299
834 396
2035 2092
2504 2483
435 96
2072 897
937 693
973 1659
1880 2581
785 1346
913 1851
257 473
323 123
1823 2176
2228 2963
1659 1596
1469 827
473 1191
628 886
1143 1346
1085 122
2722 1053
1811 2303
2662 2822
429 980
2839 1077
827 2527
879 778
1839 1863
1779 808
135 13
1640 1749
97 927
747 1638
396 2636
486 2225
2224 1493
1310 693
1161 1719
2557 377
148 1077
1142 437
2016 1404
1881 1346
1596 1677
1223 1719
1212 2723
1015 2901
1787 1969
96 681
2219 903
1959 2147
1375 123
2483 2088
1489 1053
2979 2303
2435 2387
1982 550
2944 950
1612 2176
1092 1056
603 9
2211 2667
158 2303
2843 250
885 2943
1102 1745
246 1796
2218 552
2748 2941
681 1200
1415 2456
1846 1668
2441 2738
149 139
2465 1200
250 2444
2854 2731
1493 1668
1234 1729
1782 2088
369 282
2645 1179
1796 2444
986 2919
244 2647
857 2387
2329 2547
2280 1677
2743 2923
623 2303
2544 204
2225 1140
2943 1851
2137 1395
1517 1995
2492 808
1631 1930
2726 2592
2886 1042
2895 927
2547 2367
399 1438
123 2337
1097 903
2434 1376
2909 2527
2444 646
2723 2337
723 484
2642 2092
1297 177
2535 2847
1662 1530
714 1819
2685 852
174 2142
1565 1719
1140 2933
741 1930
574 693
2290 2353
2731 646
682 2922
2092 2387
950 2592
1719 2543
1525 2608
2884 1633
2581 2758
1677 2147
2183 1530
18 1745
755 852
2489 2963
877 1930
1749 9
693 927
1833 177
2592 315
1819 2847
963 1620
980 1729
1482 1668
230 778
2303 1930
13 407
1358 2658
886 2787
700 94
1969 550
1570 1405
94 2908
2197 2088
188 2088
2847 1995
1560 1220
927 2299
338 2711
2855 2709
2758 3000
2142 2791
1053 2658
1851 2088
2822 1530
1404 2159
377 646
1457 632
1995 616
808 2941
204 238
1283 2543
998 1016
903 1405
454 1678
552 2367
1200 1633
2941 2956
2543 2159
3000 2227
1275 1930
542 2933
1620 282
1016 2647
2919 2000
314 1530
1638 2262
2658 1488
1729 2791
1762 752
650 2147
2791 616
1530 2608
1438 683
490 2337
2799 2000
2337 2241
990 550
683 2456
1376 1206
9 2608
2227 2024
445 2647
2709 2088
632 2456
2006 2667
2342 1930
1405 2176
315 2636
1206 652
2159 2456
1678 2787
2456 1179
778 1668
2787 1488
407 646
2387 550
2667 1633
2963 2901
1488 1166
2241 1633
652 1077
1191 672
1503 2647
1395 1042
1930 1346
2923 1544
1633 298
2775 1544
2427 1745
2922 951
1056 897
2176 2000
2608 1745
2911 2636
1863 309
1077 161
752 2340
2908 1621
2636 616
2367 437
616 309
1621 897
1544 550
309 2000
2933 951
2647 2262
1745 672
2061 951
139 2147
104 2088
2088 1166
1179 282
1346 2738
298 2527
1668 1113
2299 2711
290 2527
532 2527
177 852
2147 2901
161 1166
646 2956
1166 282
437 1113
282 550
238 2738
550 672
2527 2340
2024 2901
2800 1113
2340 2956
729 2262
852 2000
2711 2901
1044 2738
897 122
1220 672
2000 1042
2738 2901
2956 485
485 1042
2353 2901
2262 2901
672 484
2901 122
1042 484
1113 122
484 122
122 951
