4913
233 2 3 4 5 6 7 8 9 10 11 12 13 14 15 16 17 316 317 318 319 320 321 322 323 324 325 326 327 328 329 330 331 332 333 334 335 558 559 560 561 562 563 564 565 566 567 568 569 570 571 572 573 780 781 782 783 784 785 786 787 788 789 790 791 792 793 794 795 796 797 1069 1070 1071 1072 1073 1074 1075 1076 1077 1478 1479 1480 1481 1482 1483 1484 1485 1486 1487 1488 1489 1490 1491 1801 1802 1803 1804 1805 1806 1807 1808 1809 2122 2123 2124 2125 2126 2127 2128 2129 2130 2131 2132 2133 2134 2413 2414 2415 2416 2417 2418 2419 2420 2421 2422 2423 2786 2787 2788 2789 2790 2791 2792 2793 2794 2795 2796 2797 2798 2799 2800 2801 2802 2803 2804 2805 3021 3022 3023 3024 3025 3026 3027 3028 3029 3369 3370 3371 3372 3373 3374 3375 3376 3377 3378 3379 3380 3381 3382 3383 3384 3385 3386 3387 3388 3656 3657 3658 3659 3660 3661 3662 3663 3664 3665 3666 3667 3668 3669 3670 3671 3672 3673 3963 3964 3965 3966 3967 3968 3969 3970 3971 4282 4283 4284 4285 4286 4287 4288 4289 4290 4291 4292 4293 4294 4295 4296 4297 4298 4299 4300 4565 4566 4567 4568 4569 4570 4571 4572 4573 4574 4575 4576
3 18 19 20
3 20 21 22
2 22 23
2 23 24
2 24 25
3 25 26 27
3 27 28 29
1 29
1 29
1 29
1 29
1 29
1 29
1 29
1 29
1 29
3 30 31 32
5 32 33 34 35 36
3 36 37 38
2 38 39
4 39 40 41 42
1 42
2 42 43
1 43
4 43 44 45 46
4 46 47 48 49
2 49 50
1 50
3 51 52 53
2 53 54
2 54 55
3 55 56 57
1 57
1 57
2 57 58
2 58 59
3 59 60 61
2 61 62
2 62 63
3 63 64 65
1 65
1 65
1 65
1 65
1 65
1 65
1 65
1 65
1 65
3 66 67 68
1 68
5 68 69 70 71 72
3 72 73 74
2 74 75
2 75 76
4 76 77 78 79
3 79 80 81
5 81 82 83 84 85
2 85 86
3 86 87 88
4 88 89 90 91
1 91
1 91
1 91
3 92 93 94
2 94 95
5 95 96 97 98 99
5 99 100 101 102 103
4 103 104 105 106
1 106
5 106 107 108 109 110
4 110 111 112 113
4 113 114 115 116
3 116 117 118
2 118 119
1 119
1 119
1 119
1 119
1 119
1 119
1 119
1 119
1 119
1 119
1 119
1 119
1 119
1 119
1 119
3 120 121 122
2 122 123
3 123 124 125
2 125 126
3 126 127 128
3 128 129 130
3 130 131 132
3 132 133 134
3 134 135 136
1 136
1 136
1 136
3 136 137 138
3 138 139 140
3 140 141 142
3 142 143 144
2 144 145
1 145
1 145
1 145
1 145
1 145
1 145
1 145
1 145
1 145
1 145
1 145
1 146
1 146
2 146 147
3 147 148 149
3 149 150 151
1 151
2 151 152
1 152
1 152
1 152
2 152 153
1 153
1 153
3 153 154 155
2 155 156
2 156 157
3 157 158 159
1 159
3 159 160 161
2 161 162
2 162 163
3 163 164 165
3 165 166 167
1 167
1 167
1 167
4 168 169 170 171
3 171 172 173
2 173 174
3 174 175 176
3 176 177 178
1 178
2 178 179
3 179 180 181
5 181 182 183 184 185
1 185
3 185 186 187
1 187
3 187 188 189
5 189 190 191 192 193
3 193 194 195
2 195 196
1 196
1 196
1 196
1 196
1 196
1 196
2 197 198
2 198 199
1 199
3 199 200 201
1 201
2 201 202
3 202 203 204
2 204 205
2 205 206
1 206
1 206
3 206 207 208
1 208
2 208 209
2 209 210
3 210 211 212
1 212
1 212
1 212
3 212 213 214
2 214 215
1 215
3 215 216 217
3 217 218 219
3 219 220 221
1 221
1 221
1 221
1 221
4 222 223 224 225
3 225 226 227
2 227 228
3 228 229 230
3 230 231 232
2 232 233
5 233 234 235 236 237
5 237 238 239 240 241
5 241 242 243 244 245
1 245
1 245
2 245 246
1 246
1 246
1 246
1 246
1 246
1 246
1 246
1 246
1 246
1 246
1 246
1 246
1 246
3 247 248 249
1 249
1 249
1 249
1 249
1 249
3 249 250 251
3 251 252 253
2 253 254
2 254 255
3 255 256 257
3 257 258 259
1 259
2 259 260
1 260
1 260
1 260
1 260
1 260
1 260
1 260
1 260
1 260
1 260
1 260
7 261 262 263 264 265 266 267
3 267 268 269
3 269 270 271
2 271 272
3 272 273 274
2 274 275
1 275
3 275 276 277
2 277 278
5 278 279 280 281 282
2 282 283
5 283 284 285 286 287
1 287
3 287 288 289
2 290 291
2 291 292
3 292 293 294
3 294 295 296
3 296 297 298
1 298
1 298
3 298 299 300
3 300 301 302
3 302 303 304
3 304 305 306
3 306 307 308
3 308 309 310
3 310 311 312
2 312 313
1 313
2 313 314
1 314
1 314
1 314
1 314
1 314
1 314
1 314
1 314
1 314
1 314
1 314
1 314
1 315
1 315
1 315
1 315
1 315
1 315
1 315
1 315
1 315
1 315
1 315
1 315
1 315
1 315
1 315
1 315
1 315
1 315
1 315
1 315
1 315
1 315
1 315
1 315
1 315
1 4867
2 336 337
3 337 338 339
3 339 340 341
3 341 342 343
2 343 344
1 344
2 344 345
3 345 346 347
1 347
1 347
1 347
2 347 348
1 348
2 348 349
2 349 350
1 350
1 350
1 350
1 350
1 350
4 351 352 353 354
3 354 355 356
2 356 357
3 357 358 359
4 359 360 361 362
5 362 363 364 365 366
4 366 367 368 369
2 369 370
2 370 371
1 371
1 371
2 371 372
1 372
1 372
8 372 373 374 375 376 377 378 379
3 380 381 382
1 382
1 382
1 382
3 382 383 384
3 384 385 386
1 386
3 386 387 388
1 388
2 388 389
3 389 390 391
2 391 392
3 392 393 394
1 394
2 394 395
1 395
1 395
3 395 396 397
1 397
1 397
1 397
1 397
2 397 398
1 398
1 398
1 398
1 398
1 398
1 398
5 399 400 401 402 403
1 403
3 403 404 405
5 405 406 407 408 409
3 409 410 411
5 411 412 413 414 415
2 415 416
4 416 417 418 419
3 419 420 421
1 421
1 421
1 421
1 421
1 421
1 421
1 421
1 421
1 421
1 421
2 422 423
1 423
1 423
3 423 424 425
1 425
3 425 426 427
2 427 428
1 428
2 428 429
2 429 430
3 430 431 432
3 432 433 434
1 434
2 434 435
2 435 436
2 436 437
2 437 438
1 438
1 438
3 438 439 440
1 440
1 440
1 440
1 441
1 441
4 441 442 443 444
5 444 445 446 447 448
2 448 449
3 449 450 451
1 451
5 451 452 453 454 455
2 455 456
3 456 457 458
4 458 459 460 461
5 461 462 463 464 465
3 465 466 467
5 467 468 469 470 471
2 471 472
4 472 473 474 475
1 475
1 475
1 475
2 476 477
3 477 478 479
1 479
3 479 480 481
2 481 482
1 482
1 482
3 482 483 484
1 484
1 484
2 484 485
1 485
1 485
3 485 486 487
2 487 488
3 488 489 490
1 490
3 490 491 492
2 492 493
1 493
3 493 494 495
3 495 496 497
1 497
3 497 498 499
1 499
1 499
1 499
1 499
1 499
1 499
1 499
1 499
1 499
1 499
1 499
3 500 501 502
1 502
3 502 503 504
2 504 505
2 505 506
3 506 507 508
3 508 509 510
2 510 511
1 511
1 511
2 511 512
1 512
2 512 513
1 513
2 513 514
1 514
1 514
1 514
1 514
1 514
1 514
1 514
1 514
1 514
1 515
1 515
2 515 516
2 516 517
3 517 518 519
2 519 520
3 520 521 522
2 522 523
3 523 524 525
4 525 526 527 528
3 528 529 530
4 530 531 532 533
4 533 534 535 536
4 536 537 538 539
3 539 540 541
3 542 543 544
1 544
3 544 545 546
1 546
2 546 547
1 547
3 547 548 549
2 549 550
2 550 551
1 551
2 551 552
2 552 553
2 553 554
3 554 555 556
1 556
1 556
1 556
1 556
1 556
1 556
1 556
1 556
1 556
1 556
1 556
1 556
1 556
1 557
1 557
1 557
1 557
1 557
1 557
1 557
1 557
1 557
1 557
1 557
1 557
1 557
1 557
1 557
1 4868
4 574 575 576 577
4 577 578 579 580
3 580 581 582
5 582 583 584 585 586
4 586 587 588 589
1 589
1 589
1 589
1 589
1 589
1 589
1 589
1 589
1 589
1 589
1 589
3 590 591 592
2 592 593
3 593 594 595
3 595 596 597
2 597 598
1 598
3 598 599 600
3 600 601 602
2 602 603
1 603
1 603
1 603
1 603
1 603
1 603
1 603
2 604 605
5 605 606 607 608 609
2 609 610
2 610 611
2 611 612
1 612
5 612 613 614 615 616
2 616 617
1 617
1 617
1 617
1 617
1 617
1 617
3 618 619 620
3 620 621 622
4 622 623 624 625
2 625 626
4 626 627 628 629
3 629 630 631
1 631
1 631
1 631
1 631
2 631 632
1 632
1 632
3 632 633 634
5 635 636 637 638 639
2 639 640
5 640 641 642 643 644
4 644 645 646 647
4 647 648 649 650
4 650 651 652 653
2 653 654
3 654 655 656
1 656
3 656 657 658
1 658
1 658
2 658 659
1 659
1 659
1 659
1 659
1 660
2 660 661
2 661 662
2 662 663
1 663
2 663 664
1 664
2 664 665
1 665
2 665 666
3 666 667 668
2 668 669
3 669 670 671
3 671 672 673
2 673 674
3 674 675 676
1 676
1 676
1 676
1 676
1 676
1 676
1 676
1 676
1 676
5 677 678 679 680 681
3 681 682 683
2 683 684
4 684 685 686 687
1 687
4 687 688 689 690
3 690 691 692
1 692
4 692 693 694 695
1 695
3 695 696 697
3 697 698 699
1 699
1 699
1 699
1 699
1 699
4 700 701 702 703
5 703 704 705 706 707
5 707 708 709 710 711
1 711
3 711 712 713
4 713 714 715 716
3 716 717 718
4 718 719 720 721
2 721 722
2 722 723
1 723
1 723
1 723
1 723
1 723
1 723
1 723
1 723
1 723
1 723
1 723
1 723
1 723
3 724 725 726
3 726 727 728
2 728 729
1 729
3 729 730 731
2 731 732
2 732 733
1 733
2 733 734
2 734 735
2 735 736
3 736 737 738
2 738 739
3 739 740 741
1 741
1 741
1 741
1 741
1 741
1 741
1 741
1 741
1 741
1 741
1 742
2 742 743
2 743 744
3 744 745 746
2 746 747
3 747 748 749
2 749 750
2 750 751
3 751 752 753
1 753
1 753
1 753
1 753
1 753
1 753
1 753
1 753
1 753
3 754 755 756
5 756 757 758 759 760
3 760 761 762
5 762 763 764 765 766
2 766 767
1 767
1 767
1 767
1 767
1 767
1 767
1 767
1 768
2 768 769
3 769 770 771
1 771
2 771 772
3 772 773 774
3 774 775 776
1 776
1 776
3 776 777 778
1 778
1 778
1 778
1 778
1 779
1 779
1 779
1 779
1 779
1 779
1 779
1 779
1 779
1 779
1 779
1 4869
3 798 799 800
3 800 801 802
2 802 803
3 803 804 805
1 805
3 805 806 807
2 807 808
1 808
1 808
2 808 809
2 809 810
1 810
1 810
1 810
1 810
1 810
1 810
1 810
1 811
4 811 812 813 814
3 814 815 816
2 816 817
1 817
4 817 818 819 820
4 820 821 822 823
1 823
2 823 824
5 824 825 826 827 828
1 828
1 828
1 828
1 829
5 829 830 831 832 833
2 833 834
1 834
3 834 835 836
5 836 837 838 839 840
4 840 841 842 843
2 843 844
2 844 845
3 845 846 847
1 847
1 847
1 847
1 847
1 847
1 847
1 847
1 847
3 848 849 850
4 850 851 852 853
5 853 854 855 856 857
4 857 858 859 860
5 860 861 862 863 864
1 864
3 864 865 866
1 866
1 866
1 866
1 866
1 866
1 866
1 866
1 866
1 866
1 866
1 866
1 866
3 867 868 869
5 869 870 871 872 873
3 873 874 875
2 875 876
2 876 877
5 877 878 879 880 881
3 881 882 883
2 883 884
2 884 885
1 885
1 885
1 885
1 885
1 885
1 885
1 885
1 885
1 885
1 885
3 886 887 888
5 888 889 890 891 892
3 892 893 894
3 894 895 896
2 896 897
3 897 898 899
4 899 900 901 902
4 902 903 904 905
4 905 906 907 908
2 908 909
1 909
1 909
1 909
1 909
1 909
1 909
1 909
1 909
1 909
3 910 911 912
1 912
2 912 913
2 913 914
1 914
2 914 915
2 915 916
3 916 917 918
1 918
3 918 919 920
1 920
2 920 921
2 921 922
2 922 923
1 923
3 923 924 925
2 925 926
3 926 927 928
1 928
2 928 929
1 929
1 929
1 929
1 929
1 930
3 930 931 932
2 932 933
1 933
3 933 934 935
2 935 936
5 936 937 938 939 940
4 940 941 942 943
5 943 944 945 946 947
4 947 948 949 950
5 950 951 952 953 954
5 954 955 956 957 958
1 958
2 958 959
2 959 960
1 960
1 960
1 960
1 960
1 960
5 961 962 963 964 965
4 965 966 967 968
4 968 969 970 971
1 971
2 971 972
3 972 973 974
1 974
3 974 975 976
3 976 977 978
5 978 979 980 981 982
5 982 983 984 985 986
5 986 987 988 989 990
1 990
2 990 991
2 991 992
1 992
1 992
1 992
1 992
1 992
1 992
1 992
1 992
1 992
1 992
1 992
1 992
1 992
1 992
1 992
1 992
2 993 994
1 994
2 994 995
2 995 996
1 996
2 996 997
3 997 998 999
2 999 1000
3 1000 1001 1002
1 1002
2 1002 1003
2 1003 1004
2 1004 1005
2 1005 1006
1 1006
2 1006 1007
2 1007 1008
1 1008
1 1008
1 1008
1 1008
1 1008
1 1008
1 1008
1 1008
1 1008
1 1008
1 1008
1 1008
1 1008
1 1008
1 1008
1 1009
4 1009 1010 1011 1012
4 1012 1013 1014 1015
4 1015 1016 1017 1018
2 1018 1019
2 1019 1020
1 1020
3 1020 1021 1022
4 1022 1023 1024 1025
3 1025 1026 1027
3 1027 1028 1029
4 1029 1030 1031 1032
2 1032 1033
3 1033 1034 1035
5 1035 1036 1037 1038 1039
1 1039
2 1040 1041
3 1041 1042 1043
3 1043 1044 1045
1 1045
3 1045 1046 1047
1 1047
2 1047 1048
3 1048 1049 1050
1 1050
1 1050
1 1050
1 1050
1 1050
3 1050 1051 1052
3 1052 1053 1054
1 1054
1 1054
3 1054 1055 1056
3 1056 1057 1058
3 1058 1059 1060
2 1060 1061
2 1061 1062
1 1062
3 1062 1063 1064
1 1064
3 1064 1065 1066
2 1066 1067
1 1067
1 1067
1 1067
1 1067
1 1068
1 1068
1 1068
1 1068
1 1068
1 1068
1 1068
1 1068
1 1068
1 1068
1 1068
1 1068
1 1068
1 1068
1 1068
1 1068
1 1068
1 1068
1 1068
1 1068
1 1068
1 1068
1 1068
1 1068
1 1068
1 1068
1 1068
1 1068
1 4870
2 1078 1079
4 1079 1080 1081 1082
2 1082 1083
5 1083 1084 1085 1086 1087
3 1087 1088 1089
1 1089
2 1089 1090
3 1090 1091 1092
5 1092 1093 1094 1095 1096
2 1097 1098
1 1098
1 1098
4 1098 1099 1100 1101
2 1101 1102
1 1102
2 1102 1103
1 1103
4 1103 1104 1105 1106
4 1106 1107 1108 1109
4 1109 1110 1111 1112
1 1112
3 1112 1113 1114
1 1114
3 1114 1115 1116
1 1116
3 1116 1117 1118
1 1118
2 1118 1119
1 1120
2 1120 1121
3 1121 1122 1123
2 1123 1124
1 1124
1 1124
2 1124 1125
3 1125 1126 1127
2 1127 1128
1 1128
2 1128 1129
2 1129 1130
2 1130 1131
3 1131 1132 1133
2 1133 1134
3 1134 1135 1136
2 1136 1137
2 1137 1138
1 1138
2 1138 1139
1 1139
1 1139
1 1139
1 1140
5 1140 1141 1142 1143 1144
5 1144 1145 1146 1147 1148
1 1148
1 1148
5 1148 1149 1150 1151 1152
5 1152 1153 1154 1155 1156
4 1156 1157 1158 1159
1 1159
1 1159
1 1159
1 1159
1 1159
1 1159
1 1159
1 1159
1 1159
1 1159
1 1159
1 1159
2 1160 1161
3 1161 1162 1163
2 1163 1164
2 1164 1165
2 1165 1166
1 1166
1 1166
3 1166 1167 1168
1 1168
1 1168
1 1168
1 1168
1 1168
1 1168
1 1168
1 1168
1 1168
1 1168
1 1168
1 1168
1 1169
2 1169 1170
1 1170
2 1170 1171
1 1171
1 1171
1 1171
1 1171
5 1171 1172 1173 1174 1175
5 1176 1177 1178 1179 1180
6 1180 1181 1182 1183 1184 1185
7 1185 1186 1187 1188 1189 1190 1191
1 1191
3 1191 1192 1193
2 1193 1194
1 1194
3 1195 1196 1197
2 1197 1198
1 1198
1 1198
1 1198
1 1198
2 1198 1199
1 1199
1 1199
1 1199
1 1199
1 1199
1 1199
1 1199
1 1199
1 1199
1 1199
1 1199
1 1199
10 1200 1201 1202 1203 1204 1205 1206 1207 1208 1209
10 1209 1210 1211 1212 1213 1214 1215 1216 1217 1218
2 1218 1219
1 1219
4 1219 1220 1221 1222
2 1223 1224
5 1224 1225 1226 1227 1228
1 1228
2 1228 1229
2 1229 1230
1 1230
2 1230 1231
4 1231 1232 1233 1234
2 1234 1235
2 1235 1236
5 1236 1237 1238 1239 1240
1 1240
5 1240 1241 1242 1243 1244
2 1244 1245
2 1245 1246
1 1246
1 1246
1 1246
1 1246
1 1246
1 1246
1 1246
1 1246
3 1247 1248 1249
2 1249 1250
1 1250
2 1250 1251
2 1251 1252
2 1252 1253
1 1253
2 1253 1254
3 1254 1255 1256
2 1256 1257
1 1257
3 1257 1258 1259
1 1259
1 1259
3 1259 1260 1261
1 1261
1 1261
1 1261
1 1261
1 1261
1 1261
1 1261
1 1261
1 1261
3 1262 1263 1264
3 1264 1265 1266
3 1266 1267 1268
3 1268 1269 1270
1 1270
4 1270 1271 1272 1273
5 1273 1274 1275 1276 1277
4 1277 1278 1279 1280
4 1280 1281 1282 1283
1 1283
2 1283 1284
1 1284
1 1284
1 1284
1 1284
1 1285
2 1285 1286
1 1286
1 1286
1 1286
1 1286
1 1286
2 1286 1287
2 1287 1288
3 1288 1289 1290
3 1290 1291 1292
1 1292
2 1292 1293
2 1293 1294
2 1294 1295
2 1295 1296
1 1296
3 1296 1297 1298
1 1298
2 1298 1299
2 1299 1300
2 1300 1301
2 1301 1302
2 1303 1304
2 1304 1305
2 1305 1306
3 1306 1307 1308
1 1308
3 1308 1309 1310
2 1310 1311
1 1311
1 1311
1 1311
2 1311 1312
1 1312
3 1312 1313 1314
1 1314
2 1314 1315
2 1315 1316
3 1316 1317 1318
2 1318 1319
4 1320 1321 1322 1323
2 1323 1324
1 1324
4 1324 1325 1326 1327
5 1327 1328 1329 1330 1331
3 1331 1332 1333
1 1333
5 1333 1334 1335 1336 1337
2 1337 1338
2 1338 1339
1 1339
1 1339
1 1339
1 1339
1 1339
1 1339
1 1339
2 1340 1341
1 1341
3 1341 1342 1343
3 1343 1344 1345
2 1345 1346
2 1346 1347
3 1347 1348 1349
1 1349
1 1349
3 1349 1350 1351
3 1351 1352 1353
2 1353 1354
3 1354 1355 1356
3 1356 1357 1358
1 1358
1 1358
1 1358
1 1358
1 1358
1 1358
2 1359 1360
2 1360 1361
1 1361
3 1361 1362 1363
3 1363 1364 1365
1 1365
2 1365 1366
2 1366 1367
1 1367
2 1367 1368
3 1368 1369 1370
1 1370
1 1370
3 1370 1371 1372
1 1372
1 1372
1 1372
1 1372
1 1372
2 1373 1374
1 1374
1 1374
1 1374
2 1374 1375
2 1375 1376
2 1376 1377
2 1377 1378
2 1378 1379
2 1379 1380
1 1380
1 1380
3 1380 1381 1382
4 1382 1383 1384 1385
2 1386 1387
4 1387 1388 1389 1390
5 1390 1391 1392 1393 1394
1 1394
4 1394 1395 1396 1397
4 1397 1398 1399 1400
3 1400 1401 1402
3 1402 1403 1404
3 1404 1405 1406
1 1406
1 1406
1 1406
1 1406
1 1407
2 1407 1408
1 1408
1 1408
3 1408 1409 1410
1 1410
2 1410 1411
2 1411 1412
2 1412 1413
2 1413 1414
2 1414 1415
2 1415 1416
3 1416 1417 1418
1 1418
2 1418 1419
1 1419
1 1419
1 1419
1 1419
1 1419
1 1419
1 1420
2 1420 1421
1 1421
1 1421
3 1421 1422 1423
1 1423
1 1423
2 1423 1424
3 1424 1425 1426
1 1426
2 1426 1427
1 1427
4 1427 1428 1429 1430
4 1431 1432 1433 1434
1 1434
3 1434 1435 1436
3 1436 1437 1438
3 1438 1439 1440
3 1440 1441 1442
2 1442 1443
2 1443 1444
1 1444
1 1444
1 1444
1 1445
3 1445 1446 1447
2 1447 1448
3 1448 1449 1450
3 1450 1451 1452
1 1452
1 1452
2 1452 1453
2 1453 1454
3 1454 1455 1456
1 1456
1 1456
1 1456
1 1456
5 1457 1458 1459 1460 1461
4 1461 1462 1463 1464
1 1464
2 1464 1465
4 1465 1466 1467 1468
5 1468 1469 1470 1471 1472
3 1472 1473 1474
2 1474 1475
1 1475
1 1475
2 1475 1476
1 1476
1 1477
1 1477
1 1477
1 1477
1 1477
1 1477
1 1477
1 1477
1 1477
1 1477
1 1477
1 1477
1 1477
1 1477
1 1477
1 1477
1 1477
1 1477
1 1477
1 1477
1 4871
4 1492 1493 1494 1495
2 1495 1496
3 1496 1497 1498
5 1498 1499 1500 1501 1502
4 1502 1503 1504 1505
1 1505
3 1505 1506 1507
1 1507
1 1507
1 1507
1 1507
1 1507
1 1507
1 1507
3 1508 1509 1510
3 1510 1511 1512
1 1512
1 1512
1 1512
1 1512
3 1512 1513 1514
3 1514 1515 1516
2 1516 1517
4 1517 1518 1519 1520
4 1520 1521 1522 1523
3 1523 1524 1525
4 1525 1526 1527 1528
3 1528 1529 1530
2 1530 1531
1 1531
5 1532 1533 1534 1535 1536
3 1536 1537 1538
2 1538 1539
1 1539
1 1539
3 1539 1540 1541
3 1541 1542 1543
2 1543 1544
1 1544
4 1544 1545 1546 1547
2 1547 1548
3 1548 1549 1550
1 1550
4 1550 1551 1552 1553
2 1553 1554
3 1554 1555 1556
3 1556 1557 1558
1 1558
2 1558 1559
1 1559
1 1559
1 1559
1 1559
1 1559
1 1560
2 1560 1561
2 1561 1562
2 1562 1563
1 1563
2 1563 1564
2 1564 1565
1 1565
3 1565 1566 1567
3 1567 1568 1569
1 1569
1 1569
1 1569
1 1569
1 1569
1 1569
1 1569
1 1569
1 1569
1 1569
1 1569
1 1569
1 1569
1 1569
1 1569
1 1569
1 1569
1 1569
2 1570 1571
2 1571 1572
3 1572 1573 1574
5 1574 1575 1576 1577 1578
4 1578 1579 1580 1581
3 1581 1582 1583
2 1583 1584
2 1584 1585
2 1585 1586
1 1586
3 1587 1588 1589
4 1589 1590 1591 1592
2 1592 1593
2 1593 1594
3 1594 1595 1596
1 1596
5 1596 1597 1598 1599 1600
2 1600 1601
5 1601 1602 1603 1604 1605
1 1605
5 1605 1606 1607 1608 1609
4 1609 1610 1611 1612
4 1612 1613 1614 1615
1 1615
1 1615
1 1615
1 1615
1 1616
1 1616
3 1616 1617 1618
2 1618 1619
2 1619 1620
2 1620 1621
1 1621
2 1621 1622
1 1622
2 1622 1623
2 1623 1624
3 1624 1625 1626
1 1626
2 1626 1627
1 1627
2 1627 1628
2 1628 1629
1 1629
1 1629
3 1629 1630 1631
3 1631 1632 1633
2 1633 1634
1 1634
2 1634 1635
3 1635 1636 1637
2 1637 1638
2 1638 1639
1 1639
2 1639 1640
3 1641 1642 1643
1 1643
1 1643
2 1643 1644
3 1644 1645 1646
3 1646 1647 1648
1 1648
1 1648
2 1648 1649
2 1649 1650
3 1650 1651 1652
2 1652 1653
2 1653 1654
2 1654 1655
3 1655 1656 1657
1 1657
2 1657 1658
1 1658
1 1658
1 1658
2 1658 1659
1 1659
1 1659
1 1659
1 1659
1 1660
4 1660 1661 1662 1663
2 1663 1664
3 1664 1665 1666
1 1666
1 1666
5 1666 1667 1668 1669 1670
5 1670 1671 1672 1673 1674
3 1674 1675 1676
1 1676
2 1676 1677
4 1677 1678 1679 1680
4 1680 1681 1682 1683
2 1683 1684
4 1684 1685 1686 1687
1 1687
2 1687 1688
1 1688
1 1688
1 1689
2 1689 1690
2 1690 1691
2 1691 1692
3 1692 1693 1694
3 1694 1695 1696
3 1696 1697 1698
2 1698 1699
1 1699
2 1699 1700
1 1700
3 1700 1701 1702
1 1702
1 1702
2 1702 1703
2 1703 1704
2 1704 1705
1 1705
1 1705
1 1705
1 1705
1 1705
1 1705
1 1705
1 1705
1 1705
1 1705
1 1705
1 1705
4 1706 1707 1708 1709
1 1709
4 1709 1710 1711 1712
4 1712 1713 1714 1715
5 1715 1716 1717 1718 1719
4 1719 1720 1721 1722
3 1722 1723 1724
1 1724
1 1724
1 1724
2 1724 1725
1 1725
1 1725
1 1725
1 1725
1 1725
1 1725
3 1726 1727 1728
3 1728 1729 1730
1 1730
1 1730
1 1730
1 1730
2 1730 1731
1 1731
3 1731 1732 1733
2 1733 1734
1 1734
3 1734 1735 1736
2 1736 1737
2 1737 1738
3 1738 1739 1740
1 1740
1 1740
3 1740 1741 1742
1 1742
3 1742 1743 1744
2 1745 1746
1 1746
1 1746
3 1746 1747 1748
2 1748 1749
3 1749 1750 1751
3 1751 1752 1753
3 1753 1754 1755
1 1755
3 1755 1756 1757
1 1757
1 1757
1 1757
1 1757
1 1757
1 1757
1 1757
1 1757
1 1757
4 1758 1759 1760 1761
5 1761 1762 1763 1764 1765
4 1765 1766 1767 1768
5 1768 1769 1770 1771 1772
3 1772 1773 1774
3 1774 1775 1776
3 1776 1777 1778
2 1778 1779
1 1779
1 1779
1 1779
1 1779
1 1779
2 1780 1781
3 1781 1782 1783
3 1783 1784 1785
3 1785 1786 1787
1 1787
1 1787
1 1787
3 1787 1788 1789
1 1789
2 1789 1790
2 1790 1791
1 1791
2 1791 1792
2 1792 1793
3 1793 1794 1795
1 1795
1 1795
2 1795 1796
2 1796 1797
3 1797 1798 1799
1 1799
1 1799
1 1800
1 1800
1 1800
1 1800
1 1800
1 1800
1 1800
1 1800
1 1800
1 1800
1 1800
1 1800
1 1800
1 1800
1 1800
1 1800
1 1800
1 1800
1 1800
1 1800
1 4872
6 1810 1811 1812 1813 1814 1815
4 1815 1816 1817 1818
7 1818 1819 1820 1821 1822 1823 1824
6 1824 1825 1826 1827 1828 1829
1 1829
2 1829 1830
1 1830
1 1830
1 1830
1 1831
1 1831
1 1831
2 1831 1832
1 1832
3 1832 1833 1834
3 1834 1835 1836
1 1836
2 1836 1837
3 1837 1838 1839
3 1839 1840 1841
2 1841 1842
1 1842
2 1842 1843
2 1843 1844
2 1844 1845
1 1845
1 1845
1 1845
1 1845
1 1845
3 1846 1847 1848
2 1848 1849
2 1849 1850
1 1850
3 1850 1851 1852
2 1852 1853
3 1853 1854 1855
1 1855
1 1855
1 1855
1 1855
1 1855
1 1855
1 1855
1 1855
3 1856 1857 1858
6 1858 1859 1860 1861 1862 1863
2 1863 1864
3 1864 1865 1866
4 1866 1867 1868 1869
4 1869 1870 1871 1872
4 1872 1873 1874 1875
2 1875 1876
1 1876
1 1876
2 1877 1878
1 1878
2 1878 1879
3 1879 1880 1881
1 1881
3 1881 1882 1883
3 1883 1884 1885
2 1885 1886
3 1886 1887 1888
1 1888
1 1888
1 1888
1 1888
1 1888
1 1888
1 1888
1 1888
1 1888
1 1888
1 1888
1 1888
3 1889 1890 1891
3 1891 1892 1893
5 1893 1894 1895 1896 1897
3 1897 1898 1899
4 1899 1900 1901 1902
4 1902 1903 1904 1905
5 1905 1906 1907 1908 1909
2 1909 1910
1 1910
1 1910
1 1910
1 1910
3 1911 1912 1913
2 1913 1914
1 1914
1 1914
1 1914
1 1914
1 1914
1 1914
1 1914
1 1914
1 1914
1 1914
1 1914
1 1914
1 1914
1 1914
1 1914
1 1914
1 1914
1 1914
1 1914
1 1914
2 1915 1916
6 1916 1917 1918 1919 1920 1921
2 1921 1922
4 1922 1923 1924 1925
1 1926
3 1926 1927 1928
1 1928
2 1928 1929
1 1929
1 1929
1 1929
1 1929
1 1929
1 1929
1 1929
1 1930
7 1930 1931 1932 1933 1934 1935 1936
2 1936 1937
3 1937 1938 1939
3 1940 1941 1942
2 1942 1943
5 1943 1944 1945 1946 1947
5 1947 1948 1949 1950 1951
5 1951 1952 1953 1954 1955
1 1955
1 1955
1 1955
1 1955
4 1955 1956 1957 1958
1 1959
3 1959 1960 1961
3 1961 1962 1963
3 1963 1964 1965
1 1965
2 1965 1966
1 1966
1 1966
1 1966
1 1966
1 1966
1 1966
1 1966
1 1966
1 1966
1 1966
1 1966
1 1966
1 1966
3 1967 1968 1969
5 1969 1970 1971 1972 1973
1 1973
1 1973
2 1973 1974
3 1974 1975 1976
4 1976 1977 1978 1979
2 1979 1980
5 1981 1982 1983 1984 1985
1 1985
3 1985 1986 1987
2 1987 1988
4 1988 1989 1990 1991
2 1991 1992
1 1992
1 1992
1 1992
3 1992 1993 1994
2 1994 1995
1 1995
1 1995
1 1995
4 1996 1997 1998 1999
3 1999 2000 2001
3 2001 2002 2003
1 2003
4 2003 2004 2005 2006
3 2006 2007 2008
1 2008
2 2008 2009
3 2009 2010 2011
2 2011 2012
1 2012
1 2012
1 2012
1 2012
1 2012
1 2013
2 2013 2014
3 2014 2015 2016
2 2016 2017
2 2017 2018
2 2018 2019
1 2019
1 2019
1 2019
2 2019 2020
2 2020 2021
1 2021
1 2021
1 2021
1 2021
1 2021
1 2021
2 2022 2023
3 2023 2024 2025
1 2025
1 2025
1 2025
1 2025
1 2025
1 2025
1 2025
4 2026 2027 2028 2029
4 2029 2030 2031 2032
12 2032 2033 2034 2035 2036 2037 2038 2039 2040 2041 2042 2043
4 2043 2044 2045 2046
2 2047 2048
2 2048 2049
1 2049
1 2049
3 2049 2050 2051
3 2051 2052 2053
3 2053 2054 2055
3 2055 2056 2057
3 2057 2058 2059
2 2059 2060
3 2060 2061 2062
1 2062
2 2062 2063
1 2063
1 2063
1 2063
1 2063
1 2063
1 2063
1 2063
1 2063
1 2064
2 2064 2065
3 2065 2066 2067
1 2067
1 2067
2 2067 2068
1 2068
1 2068
1 2068
2 2068 2069
1 2069
1 2069
1 2069
1 2069
1 2069
1 2069
1 2069
3 2070 2071 2072
1 2072
7 2072 2073 2074 2075 2076 2077 2078
1 2078
4 2078 2079 2080 2081
1 2081
3 2082 2083 2084
1 2084
5 2084 2085 2086 2087 2088
3 2088 2089 2090
1 2090
4 2090 2091 2092 2093
4 2093 2094 2095 2096
4 2096 2097 2098 2099
1 2099
1 2099
1 2099
1 2099
5 2100 2101 2102 2103 2104
3 2104 2105 2106
2 2106 2107
2 2107 2108
5 2108 2109 2110 2111 2112
1 2112
5 2112 2113 2114 2115 2116
1 2116
1 2116
3 2116 2117 2118
3 2118 2119 2120
1 2120
1 2120
1 2120
1 2120
1 2120
1 2120
1 2120
1 2121
1 2121
1 2121
1 2121
1 2121
1 2121
1 2121
1 2121
1 2121
1 2121
1 2121
1 2121
1 2121
1 2121
1 2121
1 2121
1 2121
1 2121
1 2121
1 2121
1 2121
1 4873
2 2135 2136
1 2136
1 2136
2 2136 2137
1 2137
1 2137
1 2137
1 2137
3 2137 2138 2139
2 2139 2140
2 2140 2141
2 2141 2142
1 2142
2 2143 2144
2 2144 2145
3 2145 2146 2147
4 2147 2148 2149 2150
3 2150 2151 2152
4 2152 2153 2154 2155
1 2155
7 2155 2156 2157 2158 2159 2160 2161
1 2162
3 2162 2163 2164
2 2164 2165
2 2165 2166
1 2166
3 2166 2167 2168
2 2168 2169
1 2169
2 2169 2170
3 2170 2171 2172
2 2172 2173
3 2173 2174 2175
1 2175
1 2175
1 2175
1 2175
1 2175
1 2175
1 2175
3 2176 2177 2178
2 2178 2179
1 2179
2 2179 2180
3 2180 2181 2182
2 2182 2183
1 2183
3 2183 2184 2185
1 2185
1 2185
1 2185
1 2185
1 2185
1 2185
6 2186 2187 2188 2189 2190 2191
2 2191 2192
4 2192 2193 2194 2195
1 2195
1 2195
7 2195 2196 2197 2198 2199 2200 2201
3 2201 2202 2203
1 2203
3 2203 2204 2205
1 2205
2 2206 2207
3 2207 2208 2209
2 2209 2210
1 2210
3 2210 2211 2212
3 2212 2213 2214
2 2214 2215
3 2215 2216 2217
1 2217
2 2217 2218
2 2218 2219
3 2219 2220 2221
1 2221
1 2221
1 2221
2 2221 2222
1 2222
1 2222
1 2222
1 2222
2 2223 2224
2 2224 2225
2 2225 2226
2 2226 2227
3 2227 2228 2229
3 2229 2230 2231
1 2231
1 2231
1 2231
1 2231
1 2231
3 2231 2232 2233
1 2233
3 2233 2234 2235
1 2235
1 2235
1 2235
2 2236 2237
3 2237 2238 2239
1 2239
2 2239 2240
5 2240 2241 2242 2243 2244
1 2244
2 2244 2245
4 2245 2246 2247 2248
3 2248 2249 2250
5 2250 2251 2252 2253 2254
1 2254
1 2254
1 2254
4 2255 2256 2257 2258
3 2258 2259 2260
5 2260 2261 2262 2263 2264
2 2264 2265
5 2265 2266 2267 2268 2269
4 2269 2270 2271 2272
2 2272 2273
1 2273
1 2273
1 2273
1 2273
1 2273
1 2273
1 2273
1 2273
1 2273
1 2273
1 2273
1 2273
3 2274 2275 2276
2 2276 2277
2 2277 2278
2 2278 2279
2 2279 2280
1 2280
3 2280 2281 2282
1 2282
2 2282 2283
2 2283 2284
1 2284
1 2284
1 2284
1 2284
1 2284
1 2284
1 2284
1 2284
1 2284
2 2285 2286
2 2286 2287
2 2287 2288
5 2288 2289 2290 2291 2292
4 2292 2293 2294 2295
5 2295 2296 2297 2298 2299
1 2299
1 2299
1 2299
1 2299
1 2299
3 2300 2301 2302
1 2302
2 2302 2303
3 2303 2304 2305
2 2305 2306
3 2306 2307 2308
1 2308
2 2308 2309
1 2309
1 2309
1 2309
1 2309
1 2309
1 2309
1 2309
2 2310 2311
1 2311
3 2311 2312 2313
5 2313 2314 2315 2316 2317
2 2317 2318
1 2318
2 2318 2319
1 2319
1 2319
7 2319 2320 2321 2322 2323 2324 2325
1 2326
4 2326 2327 2328 2329
4 2329 2330 2331 2332
1 2332
4 2332 2333 2334 2335
5 2335 2336 2337 2338 2339
1 2339
1 2339
4 2339 2340 2341 2342
5 2342 2343 2344 2345 2346
2 2346 2347
1 2347
2 2347 2348
1 2348
1 2348
1 2348
1 2349
3 2349 2350 2351
3 2351 2352 2353
2 2353 2354
1 2354
3 2354 2355 2356
1 2356
3 2356 2357 2358
3 2358 2359 2360
3 2360 2361 2362
3 2362 2363 2364
1 2364
1 2364
1 2364
3 2364 2365 2366
2 2366 2367
1 2367
2 2367 2368
1 2368
3 2368 2369 2370
1 2370
1 2370
1 2370
1 2371
1 2371
2 2371 2372
1 2372
3 2372 2373 2374
1 2374
2 2374 2375
2 2375 2376
3 2376 2377 2378
1 2378
1 2378
3 2378 2379 2380
1 2380
1 2380
2 2380 2381
3 2381 2382 2383
1 2383
1 2383
1 2383
1 2383
1 2383
1 2383
3 2384 2385 2386
2 2386 2387
3 2387 2388 2389
2 2389 2390
2 2390 2391
1 2391
1 2391
1 2391
1 2391
1 2391
1 2391
1 2391
1 2391
1 2392
1 2392
4 2392 2393 2394 2395
4 2395 2396 2397 2398
6 2398 2399 2400 2401 2402 2403
6 2403 2404 2405 2406 2407 2408
1 2408
4 2408 2409 2410 2411
1 2412
1 2412
1 2412
1 2412
1 2412
1 2412
1 2412
1 2412
1 2412
1 2412
1 2412
1 2412
1 2412
1 2412
1 2412
1 2412
1 2412
1 2412
1 2412
1 2412
1 4874
5 2424 2425 2426 2427 2428
4 2428 2429 2430 2431
5 2431 2432 2433 2434 2435
4 2435 2436 2437 2438
1 2438
4 2438 2439 2440 2441
2 2441 2442
1 2442
1 2442
1 2442
1 2442
5 2443 2444 2445 2446 2447
4 2447 2448 2449 2450
3 2450 2451 2452
3 2452 2453 2454
3 2454 2455 2456
1 2456
2 2456 2457
4 2457 2458 2459 2460
2 2460 2461
2 2461 2462
1 2462
1 2462
2 2462 2463
1 2463
1 2463
1 2463
1 2463
1 2463
1 2463
3 2464 2465 2466
1 2466
2 2466 2467
1 2467
1 2467
2 2467 2468
3 2468 2469 2470
2 2470 2471
3 2471 2472 2473
1 2473
1 2473
2 2473 2474
1 2474
1 2474
1 2474
1 2474
1 2474
1 2474
1 2474
1 2474
1 2474
1 2475
4 2475 2476 2477 2478
3 2478 2479 2480
2 2480 2481
1 2481
3 2481 2482 2483
6 2483 2484 2485 2486 2487 2488
2 2488 2489
3 2489 2490 2491
4 2491 2492 2493 2494
3 2494 2495 2496
2 2497 2498
3 2498 2499 2500
3 2500 2501 2502
1 2502
1 2502
1 2502
2 2502 2503
2 2503 2504
2 2504 2505
1 2505
1 2505
3 2505 2506 2507
3 2507 2508 2509
2 2509 2510
2 2510 2511
1 2511
1 2511
1 2511
1 2511
1 2511
1 2511
1 2511
2 2512 2513
1 2513
1 2513
2 2513 2514
3 2514 2515 2516
3 2516 2517 2518
1 2518
3 2518 2519 2520
3 2520 2521 2522
2 2522 2523
2 2523 2524
1 2524
2 2524 2525
1 2525
1 2525
1 2526
2 2526 2527
3 2527 2528 2529
3 2529 2530 2531
3 2531 2532 2533
1 2533
3 2533 2534 2535
3 2535 2536 2537
4 2537 2538 2539 2540
3 2540 2541 2542
3 2542 2543 2544
3 2544 2545 2546
2 2546 2547
1 2547
4 2548 2549 2550 2551
4 2551 2552 2553 2554
4 2554 2555 2556 2557
2 2557 2558
3 2558 2559 2560
5 2560 2561 2562 2563 2564
5 2564 2565 2566 2567 2568
2 2568 2569
1 2569
2 2569 2570
2 2570 2571
1 2571
1 2571
1 2571
1 2571
1 2571
1 2571
1 2571
1 2571
1 2571
1 2571
1 2571
2 2572 2573
1 2573
2 2573 2574
1 2574
1 2574
2 2574 2575
2 2575 2576
3 2576 2577 2578
1 2578
2 2578 2579
1 2579
3 2579 2580 2581
2 2581 2582
3 2582 2583 2584
3 2584 2585 2586
2 2586 2587
1 2587
1 2587
2 2587 2588
1 2588
1 2588
1 2588
1 2588
1 2588
1 2589
1 2589
2 2589 2590
2 2590 2591
2 2591 2592
3 2592 2593 2594
3 2594 2595 2596
5 2596 2597 2598 2599 2600
2 2600 2601
1 2601
2 2601 2602
1 2602
4 2602 2603 2604 2605
2 2605 2606
3 2606 2607 2608
4 2608 2609 2610 2611
2 2611 2612
3 2613 2614 2615
1 2615
3 2615 2616 2617
1 2617
3 2617 2618 2619
2 2619 2620
2 2620 2621
1 2621
2 2621 2622
3 2622 2623 2624
1 2624
1 2624
1 2624
1 2624
2 2624 2625
1 2625
2 2625 2626
1 2626
1 2626
1 2626
1 2626
1 2626
1 2626
1 2626
2 2627 2628
4 2628 2629 2630 2631
2 2631 2632
3 2632 2633 2634
1 2634
4 2634 2635 2636 2637
5 2637 2638 2639 2640 2641
4 2641 2642 2643 2644
1 2644
1 2644
1 2644
1 2644
1 2644
1 2644
2 2645 2646
4 2646 2647 2648 2649
5 2649 2650 2651 2652 2653
5 2653 2654 2655 2656 2657
4 2657 2658 2659 2660
3 2660 2661 2662
3 2662 2663 2664
3 2664 2665 2666
2 2666 2667
3 2667 2668 2669
2 2669 2670
1 2670
1 2670
1 2670
1 2670
1 2670
1 2670
1 2670
5 2671 2672 2673 2674 2675
4 2675 2676 2677 2678
1 2678
4 2678 2679 2680 2681
1 2681
1 2681
2 2681 2682
2 2682 2683
3 2683 2684 2685
1 2685
3 2685 2686 2687
5 2687 2688 2689 2690 2691
4 2691 2692 2693 2694
3 2694 2695 2696
1 2696
1 2696
1 2696
1 2696
1 2696
1 2696
1 2696
1 2696
1 2696
1 2696
1 2696
1 2696
3 2697 2698 2699
2 2699 2700
3 2700 2701 2702
2 2702 2703
1 2703
1 2703
2 2703 2704
2 2704 2705
3 2705 2706 2707
2 2707 2708
1 2708
3 2708 2709 2710
3 2710 2711 2712
1 2712
1 2712
2 2712 2713
1 2713
1 2713
1 2713
1 2713
1 2713
1 2713
1 2713
1 2713
1 2713
1 2713
2 2714 2715
1 2715
1 2715
2 2715 2716
3 2716 2717 2718
1 2718
2 2718 2719
1 2719
1 2719
2 2719 2720
2 2720 2721
1 2721
1 2721
1 2721
1 2721
1 2721
1 2721
7 2722 2723 2724 2725 2726 2727 2728
3 2728 2729 2730
1 2730
3 2730 2731 2732
6 2732 2733 2734 2735 2736 2737
9 2737 2738 2739 2740 2741 2742 2743 2744 2745
1 2745
3 2745 2746 2747
1 2748
1 2748
1 2748
3 2748 2749 2750
2 2750 2751
3 2751 2752 2753
2 2753 2754
3 2754 2755 2756
3 2756 2757 2758
2 2758 2759
2 2759 2760
1 2760
1 2760
1 2760
1 2760
1 2760
1 2760
1 2760
1 2760
1 2760
1 2760
1 2760
1 2760
1 2760
1 2760
1 2760
2 2761 2762
2 2762 2763
3 2763 2764 2765
3 2765 2766 2767
4 2767 2768 2769 2770
1 2770
2 2770 2771
2 2771 2772
5 2772 2773 2774 2775 2776
3 2776 2777 2778
3 2778 2779 2780
4 2780 2781 2782 2783
2 2783 2784
1 2785
1 2785
1 2785
1 2785
1 2785
1 2785
1 2785
1 2785
1 2785
1 2785
1 2785
1 2785
1 2785
1 2785
1 2785
1 2785
1 2785
1 2785
1 2785
1 2785
1 2785
1 2785
1 2785
1 2785
1 4875
1 2806
5 2806 2807 2808 2809 2810
3 2810 2811 2812
3 2812 2813 2814
5 2814 2815 2816 2817 2818
1 2818
2 2818 2819
5 2819 2820 2821 2822 2823
4 2823 2824 2825 2826
5 2826 2827 2828 2829 2830
1 2830
2 2830 2831
1 2831
2 2831 2832
1 2832
1 2832
1 2832
1 2832
1 2832
1 2832
3 2833 2834 2835
1 2835
3 2835 2836 2837
1 2837
1 2837
1 2837
1 2837
1 2837
1 2837
2 2837 2838
1 2838
1 2838
3 2838 2839 2840
2 2840 2841
3 2841 2842 2843
2 2843 2844
1 2844
2 2844 2845
3 2845 2846 2847
2 2847 2848
2 2848 2849
1 2849
2 2849 2850
1 2850
2 2850 2851
2 2851 2852
7 2852 2853 2854 2855 2856 2857 2858
3 2859 2860 2861
2 2861 2862
2 2862 2863
2 2863 2864
2 2864 2865
1 2865
2 2865 2866
1 2866
1 2866
2 2866 2867
3 2867 2868 2869
3 2869 2870 2871
1 2871
2 2871 2872
2 2872 2873
3 2873 2874 2875
2 2875 2876
3 2876 2877 2878
2 2878 2879
3 2879 2880 2881
1 2881
1 2881
1 2881
1 2881
1 2881
1 2881
2 2882 2883
1 2883
2 2883 2884
2 2884 2885
1 2885
3 2885 2886 2887
2 2887 2888
3 2888 2889 2890
1 2890
3 2890 2891 2892
2 2892 2893
3 2893 2894 2895
2 2895 2896
3 2896 2897 2898
1 2898
1 2898
1 2898
2 2898 2899
1 2899
1 2899
1 2899
1 2899
1 2899
3 2900 2901 2902
3 2902 2903 2904
1 2904
2 2904 2905
1 2905
1 2905
2 2905 2906
3 2906 2907 2908
2 2908 2909
1 2909
3 2909 2910 2911
2 2911 2912
3 2912 2913 2914
1 2914
1 2914
1 2914
1 2914
1 2914
6 2915 2916 2917 2918 2919 2920
3 2920 2921 2922
3 2922 2923 2924
7 2924 2925 2926 2927 2928 2929 2930
3 2930 2931 2932
3 2932 2933 2934
4 2934 2935 2936 2937
2 2937 2938
6 2938 2939 2940 2941 2942 2943
2 2943 2944
1 2944
1 2944
1 2944
1 2944
1 2944
2 2945 2946
2 2946 2947
1 2947
1 2947
3 2947 2948 2949
1 2949
1 2949
2 2949 2950
1 2950
3 2950 2951 2952
1 2952
3 2952 2953 2954
3 2954 2955 2956
1 2956
1 2956
1 2956
2 2956 2957
3 2957 2958 2959
2 2959 2960
1 2960
3 2960 2961 2962
1 2962
2 2962 2963
2 2963 2964
3 2964 2965 2966
1 2966
1 2966
1 2966
1 2966
1 2966
3 2967 2968 2969
3 2969 2970 2971
2 2971 2972
1 2972
3 2972 2973 2974
2 2974 2975
1 2975
1 2975
3 2975 2976 2977
1 2977
1 2977
3 2977 2978 2979
2 2979 2980
3 2980 2981 2982
1 2982
2 2982 2983
2 2983 2984
1 2984
2 2984 2985
1 2985
1 2985
1 2985
1 2986
4 2986 2987 2988 2989
4 2989 2990 2991 2992
5 2992 2993 2994 2995 2996
1 2996
5 2996 2997 2998 2999 3000
5 3000 3001 3002 3003 3004
1 3004
1 3004
1 3004
1 3004
1 3004
1 3004
1 3004
1 3004
1 3004
1 3004
1 3004
1 3004
3 3005 3006 3007
3 3007 3008 3009
2 3009 3010
3 3010 3011 3012
3 3012 3013 3014
3 3014 3015 3016
3 3016 3017 3018
2 3018 3019
1 3019
1 3019
1 3019
1 3019
1 3019
1 3019
1 3019
1 3019
1 3019
1 3019
1 3019
1 3020
1 3020
1 3020
1 3020
1 3020
1 3020
1 3020
1 3020
1 3020
1 3020
1 3020
1 3020
1 3020
1 3020
1 3020
1 4876
1 3030
2 3030 3031
3 3031 3032 3033
5 3033 3034 3035 3036 3037
4 3037 3038 3039 3040
3 3040 3041 3042
3 3042 3043 3044
1 3044
5 3044 3045 3046 3047 3048
1 3049
2 3049 3050
1 3050
2 3050 3051
1 3051
1 3051
3 3051 3052 3053
3 3053 3054 3055
2 3055 3056
2 3056 3057
3 3057 3058 3059
1 3059
2 3059 3060
1 3060
2 3060 3061
1 3061
1 3061
2 3061 3062
5 3062 3063 3064 3065 3066
3 3067 3068 3069
1 3069
2 3069 3070
1 3070
1 3070
1 3070
1 3070
1 3070
1 3070
1 3070
1 3070
1 3070
1 3070
1 3070
1 3070
1 3070
1 3070
1 3070
9 3071 3072 3073 3074 3075 3076 3077 3078 3079
1 3079
10 3079 3080 3081 3082 3083 3084 3085 3086 3087 3088
7 3088 3089 3090 3091 3092 3093 3094
3 3095 3096 3097
2 3097 3098
3 3098 3099 3100
1 3100
1 3100
3 3100 3101 3102
2 3102 3103
2 3103 3104
3 3104 3105 3106
2 3106 3107
3 3107 3108 3109
1 3109
3 3109 3110 3111
2 3111 3112
3 3112 3113 3114
2 3114 3115
1 3115
1 3115
1 3115
1 3115
1 3115
1 3115
1 3115
1 3115
1 3116
2 3116 3117
3 3117 3118 3119
1 3119
1 3119
1 3119
2 3119 3120
1 3120
1 3120
3 3120 3121 3122
3 3122 3123 3124
1 3124
1 3124
3 3124 3125 3126
2 3126 3127
1 3127
2 3127 3128
1 3128
1 3128
1 3128
1 3128
2 3129 3130
2 3130 3131
2 3131 3132
1 3132
2 3132 3133
1 3133
3 3133 3134 3135
1 3135
1 3135
1 3135
1 3135
1 3135
1 3135
5 3136 3137 3138 3139 3140
2 3140 3141
2 3141 3142
2 3142 3143
6 3143 3144 3145 3146 3147 3148
3 3148 3149 3150
1 3150
3 3151 3152 3153
2 3153 3154
4 3154 3155 3156 3157
5 3157 3158 3159 3160 3161
1 3161
4 3161 3162 3163 3164
3 3164 3165 3166
4 3166 3167 3168 3169
2 3169 3170
2 3170 3171
2 3171 3172
1 3172
1 3172
1 3172
1 3172
2 3173 3174
3 3174 3175 3176
1 3176
1 3176
1 3176
1 3176
1 3176
1 3176
1 3176
1 3176
1 3176
1 3176
1 3176
1 3176
1 3176
1 3176
1 3176
1 3176
1 3176
1 3176
1 3176
1 3176
8 3177 3178 3179 3180 3181 3182 3183 3184
3 3184 3185 3186
2 3186 3187
2 3187 3188
1 3189
5 3189 3190 3191 3192 3193
5 3193 3194 3195 3196 3197
4 3197 3198 3199 3200
4 3200 3201 3202 3203
1 3203
1 3203
1 3203
1 3203
1 3203
1 3203
1 3203
2 3204 3205
2 3205 3206
1 3206
3 3206 3207 3208
3 3208 3209 3210
2 3210 3211
2 3211 3212
2 3212 3213
1 3213
1 3213
1 3213
1 3213
1 3213
1 3213
1 3213
1 3214
4 3214 3215 3216 3217
3 3217 3218 3219
1 3219
4 3219 3220 3221 3222
4 3222 3223 3224 3225
1 3225
1 3225
2 3225 3226
1 3226
5 3227 3228 3229 3230 3231
3 3231 3232 3233
3 3233 3234 3235
4 3235 3236 3237 3238
1 3238
2 3238 3239
5 3239 3240 3241 3242 3243
5 3243 3244 3245 3246 3247
1 3247
1 3247
1 3247
1 3247
2 3247 3248
2 3249 3250
1 3250
1 3250
3 3250 3251 3252
2 3252 3253
3 3253 3254 3255
1 3255
3 3255 3256 3257
2 3257 3258
1 3258
1 3258
1 3258
1 3258
1 3258
1 3258
1 3258
1 3258
1 3258
1 3258
1 3258
1 3258
1 3258
4 3259 3260 3261 3262
1 3262
7 3262 3263 3264 3265 3266 3267 3268
7 3268 3269 3270 3271 3272 3273 3274
6 3274 3275 3276 3277 3278 3279
4 3279 3280 3281 3282
1 3282
1 3282
1 3282
1 3282
1 3283
1 3283
1 3283
1 3283
3 3283 3284 3285
3 3285 3286 3287
2 3287 3288
1 3288
3 3288 3289 3290
3 3290 3291 3292
3 3292 3293 3294
1 3294
1 3294
1 3294
1 3294
1 3294
1 3294
1 3294
1 3294
1 3294
1 3294
1 3294
1 3294
1 3294
1 3295
2 3295 3296
3 3296 3297 3298
1 3298
2 3298 3299
1 3299
1 3299
1 3299
2 3299 3300
2 3300 3301
1 3301
2 3301 3302
4 3303 3304 3305 3306
2 3306 3307
1 3307
1 3307
5 3307 3308 3309 3310 3311
7 3311 3312 3313 3314 3315 3316 3317
3 3317 3318 3319
2 3319 3320
1 3321
3 3321 3322 3323
1 3323
3 3323 3324 3325
1 3325
3 3325 3326 3327
1 3327
1 3327
1 3327
1 3327
1 3327
1 3327
1 3327
1 3327
1 3327
1 3327
1 3327
1 3327
5 3328 3329 3330 3331 3332
6 3332 3333 3334 3335 3336 3337
2 3337 3338
6 3338 3339 3340 3341 3342 3343
1 3343
2 3343 3344
1 3344
3 3345 3346 3347
2 3347 3348
1 3348
1 3348
2 3348 3349
1 3349
1 3349
1 3349
1 3349
1 3349
1 3349
1 3349
1 3349
1 3349
1 3349
1 3349
1 3349
9 3350 3351 3352 3353 3354 3355 3356 3357 3358
5 3358 3359 3360 3361 3362
1 3362
2 3362 3363
5 3363 3364 3365 3366 3367
1 3368
1 3368
1 3368
1 3368
1 3368
1 3368
1 3368
1 3368
1 3368
1 3368
1 3368
1 3368
1 3368
1 3368
1 3368
1 3368
1 3368
1 3368
1 4877
3 3389 3390 3391
1 3391
1 3391
2 3391 3392
1 3392
3 3392 3393 3394
1 3394
3 3394 3395 3396
3 3396 3397 3398
3 3398 3399 3400
3 3400 3401 3402
1 3402
1 3402
3 3402 3403 3404
1 3404
1 3404
2 3404 3405
1 3405
1 3405
1 3405
2 3406 3407
4 3407 3408 3409 3410
5 3410 3411 3412 3413 3414
5 3414 3415 3416 3417 3418
5 3418 3419 3420 3421 3422
2 3422 3423
1 3423
3 3423 3424 3425
2 3425 3426
1 3426
2 3426 3427
3 3427 3428 3429
4 3429 3430 3431 3432
1 3432
1 3432
1 3432
1 3432
4 3433 3434 3435 3436
3 3436 3437 3438
3 3438 3439 3440
3 3440 3441 3442
4 3442 3443 3444 3445
3 3445 3446 3447
2 3447 3448
4 3448 3449 3450 3451
3 3451 3452 3453
5 3453 3454 3455 3456 3457
1 3457
4 3457 3458 3459 3460
1 3460
2 3460 3461
1 3461
1 3461
1 3461
1 3461
1 3461
1 3461
1 3461
1 3461
1 3461
1 3461
1 3461
1 3461
1 3461
5 3462 3463 3464 3465 3466
4 3466 3467 3468 3469
5 3469 3470 3471 3472 3473
4 3473 3474 3475 3476
3 3476 3477 3478
5 3478 3479 3480 3481 3482
4 3482 3483 3484 3485
1 3485
2 3485 3486
1 3486
3 3486 3487 3488
4 3488 3489 3490 3491
3 3491 3492 3493
2 3493 3494
1 3494
1 3494
1 3494
2 3494 3495
1 3495
1 3495
1 3495
1 3495
1 3495
1 3495
1 3495
1 3495
1 3495
1 3495
1 3495
1 3496
2 3496 3497
3 3497 3498 3499
1 3499
2 3499 3500
2 3500 3501
2 3501 3502
2 3502 3503
2 3503 3504
2 3504 3505
3 3505 3506 3507
3 3507 3508 3509
2 3509 3510
2 3510 3511
3 3511 3512 3513
2 3513 3514
1 3514
3 3514 3515 3516
1 3516
2 3516 3517
3 3517 3518 3519
1 3519
3 3519 3520 3521
1 3521
2 3521 3522
1 3522
1 3522
1 3522
1 3522
1 3522
1 3522
1 3522
1 3522
1 3522
3 3523 3524 3525
2 3525 3526
1 3526
1 3526
3 3526 3527 3528
1 3528
2 3528 3529
1 3529
2 3529 3530
3 3530 3531 3532
1 3532
3 3532 3533 3534
3 3534 3535 3536
2 3536 3537
2 3537 3538
3 3538 3539 3540
1 3540
2 3540 3541
1 3541
2 3541 3542
3 3542 3543 3544
1 3544
3 3544 3545 3546
1 3546
1 3546
1 3546
1 3546
2 3547 3548
2 3548 3549
1 3549
3 3549 3550 3551
2 3551 3552
3 3552 3553 3554
1 3554
3 3554 3555 3556
2 3556 3557
1 3557
2 3557 3558
1 3558
1 3558
2 3558 3559
2 3559 3560
3 3560 3561 3562
1 3562
1 3562
1 3562
1 3562
1 3562
1 3562
1 3562
1 3562
4 3563 3564 3565 3566
5 3566 3567 3568 3569 3570
3 3570 3571 3572
4 3572 3573 3574 3575
5 3575 3576 3577 3578 3579
1 3579
1 3579
1 3579
2 3579 3580
1 3580
1 3580
1 3580
1 3580
1 3580
1 3580
1 3580
3 3581 3582 3583
5 3583 3584 3585 3586 3587
3 3587 3588 3589
5 3589 3590 3591 3592 3593
2 3593 3594
5 3594 3595 3596 3597 3598
1 3598
1 3598
2 3598 3599
2 3599 3600
1 3600
1 3600
1 3600
1 3600
1 3600
1 3600
1 3600
1 3600
3 3601 3602 3603
2 3603 3604
5 3604 3605 3606 3607 3608
3 3608 3609 3610
4 3610 3611 3612 3613
4 3613 3614 3615 3616
2 3616 3617
3 3617 3618 3619
3 3619 3620 3621
5 3621 3622 3623 3624 3625
2 3625 3626
1 3626
3 3626 3627 3628
5 3628 3629 3630 3631 3632
2 3632 3633
1 3633
1 3633
1 3633
1 3633
1 3633
3 3634 3635 3636
3 3636 3637 3638
1 3638
2 3638 3639
3 3639 3640 3641
2 3641 3642
1 3642
2 3642 3643
1 3643
2 3643 3644
1 3644
1 3644
1 3644
1 3644
1 3644
2 3644 3645
2 3645 3646
3 3646 3647 3648
2 3648 3649
1 3649
3 3649 3650 3651
3 3651 3652 3653
2 3653 3654
1 3654
1 3654
1 3654
1 3654
1 3654
1 3654
1 3654
1 3654
1 3654
1 3654
1 3655
1 3655
1 3655
1 3655
1 3655
1 3655
1 3655
1 3655
1 3655
1 3655
1 3655
1 3655
1 3655
1 3655
1 3655
1 3655
1 3655
1 3655
1 3655
1 3655
1 3655
1 4878
2 3674 3675
4 3675 3676 3677 3678
1 3678
5 3678 3679 3680 3681 3682
2 3682 3683
1 3683
5 3683 3684 3685 3686 3687
4 3687 3688 3689 3690
2 3690 3691
4 3691 3692 3693 3694
1 3694
2 3694 3695
1 3695
1 3695
1 3695
1 3695
1 3695
1 3695
3 3696 3697 3698
2 3698 3699
1 3699
3 3699 3700 3701
3 3701 3702 3703
2 3703 3704
2 3704 3705
4 3705 3706 3707 3708
3 3708 3709 3710
1 3710
2 3710 3711
4 3711 3712 3713 3714
4 3714 3715 3716 3717
4 3717 3718 3719 3720
4 3720 3721 3722 3723
1 3723
2 3723 3724
5 3724 3725 3726 3727 3728
1 3728
1 3728
1 3728
1 3728
3 3729 3730 3731
2 3731 3732
1 3732
1 3732
1 3732
2 3732 3733
1 3733
1 3733
1 3733
2 3733 3734
3 3734 3735 3736
2 3736 3737
2 3737 3738
1 3738
2 3738 3739
2 3739 3740
1 3740
3 3740 3741 3742
3 3742 3743 3744
3 3744 3745 3746
1 3746
1 3746
1 3746
1 3746
1 3746
1 3746
1 3746
1 3746
1 3746
1 3746
1 3746
1 3746
1 3746
1 3747
2 3747 3748
5 3748 3749 3750 3751 3752
1 3752
1 3752
3 3752 3753 3754
1 3754
5 3754 3755 3756 3757 3758
4 3758 3759 3760 3761
3 3761 3762 3763
3 3763 3764 3765
4 3765 3766 3767 3768
1 3768
2 3768 3769
1 3769
1 3769
1 3769
1 3769
4 3770 3771 3772 3773
3 3773 3774 3775
2 3775 3776
4 3776 3777 3778 3779
5 3779 3780 3781 3782 3783
5 3783 3784 3785 3786 3787
1 3787
3 3787 3788 3789
4 3789 3790 3791 3792
3 3792 3793 3794
1 3794
1 3794
2 3794 3795
4 3795 3796 3797 3798
2 3798 3799
1 3799
1 3799
1 3799
1 3799
1 3799
1 3799
1 3799
1 3799
1 3800
1 3800
1 3800
3 3800 3801 3802
3 3802 3803 3804
3 3804 3805 3806
1 3806
2 3806 3807
2 3807 3808
1 3808
2 3808 3809
2 3809 3810
2 3810 3811
3 3811 3812 3813
2 3813 3814
2 3814 3815
2 3815 3816
2 3816 3817
2 3817 3818
3 3818 3819 3820
2 3820 3821
3 3821 3822 3823
1 3823
3 3823 3824 3825
1 3825
1 3825
1 3825
1 3825
1 3825
1 3825
3 3826 3827 3828
4 3828 3829 3830 3831
3 3831 3832 3833
1 3833
1 3833
4 3833 3834 3835 3836
3 3836 3837 3838
2 3838 3839
5 3839 3840 3841 3842 3843
1 3843
3 3843 3844 3845
2 3845 3846
4 3846 3847 3848 3849
2 3849 3850
2 3850 3851
4 3851 3852 3853 3854
2 3854 3855
2 3855 3856
2 3856 3857
2 3857 3858
1 3858
1 3858
1 3858
1 3858
1 3858
1 3858
3 3859 3860 3861
2 3861 3862
2 3862 3863
2 3863 3864
3 3864 3865 3866
3 3866 3867 3868
1 3868
3 3868 3869 3870
3 3870 3871 3872
3 3872 3873 3874
2 3874 3875
3 3875 3876 3877
2 3877 3878
2 3878 3879
1 3879
1 3879
3 3879 3880 3881
2 3881 3882
2 3882 3883
2 3883 3884
3 3884 3885 3886
2 3886 3887
1 3887
1 3887
1 3887
1 3887
1 3887
1 3887
1 3887
1 3887
1 3887
1 3887
1 3887
2 3888 3889
3 3889 3890 3891
3 3891 3892 3893
3 3893 3894 3895
3 3895 3896 3897
1 3897
1 3897
1 3897
3 3897 3898 3899
2 3899 3900
1 3900
1 3900
1 3900
3 3900 3901 3902
3 3902 3903 3904
1 3904
2 3904 3905
2 3905 3906
2 3906 3907
1 3907
2 3907 3908
2 3908 3909
1 3909
1 3909
2 3909 3910
2 3910 3911
2 3911 3912
1 3912
1 3912
3 3913 3914 3915
2 3915 3916
1 3916
3 3916 3917 3918
1 3918
2 3918 3919
2 3919 3920
2 3920 3921
2 3921 3922
2 3922 3923
3 3923 3924 3925
2 3925 3926
1 3926
1 3926
3 3926 3927 3928
1 3928
1 3928
2 3928 3929
2 3929 3930
1 3930
1 3930
2 3930 3931
1 3931
2 3931 3932
5 3932 3933 3934 3935 3936
1 3937
1 3937
5 3937 3938 3939 3940 3941
3 3941 3942 3943
4 3943 3944 3945 3946
5 3946 3947 3948 3949 3950
4 3950 3951 3952 3953
2 3953 3954
4 3954 3955 3956 3957
2 3957 3958
4 3958 3959 3960 3961
1 3961
1 3961
1 3961
1 3961
1 3961
1 3961
1 3961
1 3961
1 3961
1 3961
1 3961
1 3961
1 3961
1 3962
1 3962
1 3962
1 3962
1 3962
1 3962
1 3962
1 3962
1 3962
1 3962
1 3962
1 3962
1 3962
1 3962
1 3962
1 3962
1 3962
1 3962
1 3962
1 3962
1 3962
1 3962
1 3962
1 3962
1 3962
1 4879
6 3972 3973 3974 3975 3976 3977
3 3977 3978 3979
4 3979 3980 3981 3982
4 3982 3983 3984 3985
1 3985
1 3985
1 3985
1 3985
5 3985 3986 3987 3988 3989
1 3990
4 3990 3991 3992 3993
2 3993 3994
2 3994 3995
2 3995 3996
2 3996 3997
3 3997 3998 3999
4 3999 4000 4001 4002
5 4002 4003 4004 4005 4006
2 4006 4007
2 4007 4008
3 4008 4009 4010
2 4010 4011
1 4011
1 4011
1 4011
1 4011
1 4011
1 4012
1 4012
2 4012 4013
3 4013 4014 4015
2 4015 4016
3 4016 4017 4018
2 4018 4019
1 4019
1 4019
1 4019
1 4019
1 4019
1 4019
1 4019
1 4019
1 4019
1 4019
1 4019
1 4019
1 4019
1 4019
1 4019
3 4020 4021 4022
6 4022 4023 4024 4025 4026 4027
7 4027 4028 4029 4030 4031 4032 4033
5 4033 4034 4035 4036 4037
5 4037 4038 4039 4040 4041
1 4041
2 4041 4042
1 4042
1 4043
3 4043 4044 4045
2 4045 4046
1 4046
2 4046 4047
1 4047
1 4047
1 4047
1 4047
1 4047
1 4047
1 4047
1 4047
1 4047
1 4047
1 4047
1 4047
1 4047
1 4047
1 4047
1 4047
1 4047
1 4047
3 4048 4049 4050
1 4050
1 4050
2 4050 4051
1 4051
2 4052 4053
2 4053 4054
2 4054 4055
2 4055 4056
11 4057 4058 4059 4060 4061 4062 4063 4064 4065 4066 4067
9 4067 4068 4069 4070 4071 4072 4073 4074 4075
3 4075 4076 4077
2 4077 4078
3 4078 4079 4080
3 4081 4082 4083
2 4083 4084
3 4084 4085 4086
1 4086
3 4086 4087 4088
2 4088 4089
1 4089
1 4089
2 4089 4090
3 4090 4091 4092
2 4092 4093
1 4093
2 4093 4094
2 4094 4095
1 4095
2 4095 4096
3 4096 4097 4098
3 4098 4099 4100
1 4100
2 4100 4101
1 4101
1 4101
1 4101
1 4101
1 4102
1 4102
3 4102 4103 4104
1 4104
2 4104 4105
1 4105
1 4105
1 4105
1 4105
1 4105
1 4105
1 4105
1 4105
1 4105
1 4105
1 4105
1 4105
1 4105
1 4105
1 4105
1 4105
8 4106 4107 4108 4109 4110 4111 4112 4113
6 4113 4114 4115 4116 4117 4118
8 4118 4119 4120 4121 4122 4123 4124 4125
3 4125 4126 4127
3 4128 4129 4130
1 4130
1 4130
2 4130 4131
1 4131
3 4131 4132 4133
3 4133 4134 4135
1 4135
1 4135
1 4135
1 4135
1 4135
1 4135
1 4135
1 4135
1 4135
1 4135
1 4135
1 4135
1 4135
1 4135
1 4135
2 4136 4137
2 4137 4138
3 4138 4139 4140
1 4140
5 4140 4141 4142 4143 4144
3 4144 4145 4146
2 4146 4147
4 4147 4148 4149 4150
2 4151 4152
1 4152
4 4152 4153 4154 4155
5 4155 4156 4157 4158 4159
1 4159
3 4159 4160 4161
2 4161 4162
5 4162 4163 4164 4165 4166
3 4166 4167 4168
1 4168
3 4168 4169 4170
1 4170
1 4170
1 4170
1 4170
1 4171
2 4171 4172
2 4172 4173
3 4173 4174 4175
2 4175 4176
2 4176 4177
2 4177 4178
1 4178
1 4178
1 4178
1 4178
1 4178
1 4178
1 4178
1 4178
1 4178
1 4178
1 4178
1 4178
1 4178
6 4179 4180 4181 4182 4183 4184
6 4184 4185 4186 4187 4188 4189
6 4189 4190 4191 4192 4193 4194
1 4194
1 4194
1 4194
1 4194
1 4194
3 4195 4196 4197
1 4197
4 4197 4198 4199 4200
1 4200
5 4200 4201 4202 4203 4204
5 4204 4205 4206 4207 4208
4 4208 4209 4210 4211
4 4211 4212 4213 4214
3 4214 4215 4216
1 4216
1 4216
1 4216
1 4216
1 4216
1 4216
1 4216
2 4217 4218
1 4218
2 4218 4219
3 4219 4220 4221
3 4221 4222 4223
2 4223 4224
2 4224 4225
2 4225 4226
1 4226
3 4226 4227 4228
1 4228
1 4228
1 4228
1 4228
1 4228
1 4228
1 4228
1 4228
1 4228
1 4228
1 4228
1 4228
5 4229 4230 4231 4232 4233
3 4233 4234 4235
4 4235 4236 4237 4238
2 4238 4239
4 4239 4240 4241 4242
4 4242 4243 4244 4245
1 4245
2 4245 4246
2 4246 4247
2 4247 4248
1 4248
1 4248
3 4249 4250 4251
1 4251
3 4251 4252 4253
1 4253
1 4253
1 4253
1 4253
2 4253 4254
2 4254 4255
2 4255 4256
3 4256 4257 4258
2 4258 4259
2 4259 4260
2 4260 4261
1 4261
1 4261
1 4261
1 4261
1 4261
1 4261
1 4262
1 4262
3 4262 4263 4264
3 4264 4265 4266
3 4266 4267 4268
1 4268
2 4268 4269
1 4269
1 4269
1 4269
1 4269
1 4269
1 4269
1 4270
4 4270 4271 4272 4273
1 4273
4 4273 4274 4275 4276
1 4276
4 4276 4277 4278 4279
2 4279 4280
1 4280
1 4281
1 4281
1 4281
1 4281
1 4281
1 4281
1 4281
1 4281
1 4281
1 4281
1 4281
1 4880
2 4301 4302
2 4302 4303
3 4303 4304 4305
2 4305 4306
5 4306 4307 4308 4309 4310
3 4310 4311 4312
5 4312 4313 4314 4315 4316
1 4316
4 4316 4317 4318 4319
3 4319 4320 4321
3 4321 4322 4323
3 4323 4324 4325
1 4325
1 4325
1 4325
1 4325
1 4325
1 4325
1 4325
1 4326
5 4326 4327 4328 4329 4330
2 4330 4331
5 4331 4332 4333 4334 4335
4 4335 4336 4337 4338
1 4338
5 4338 4339 4340 4341 4342
2 4342 4343
1 4343
3 4343 4344 4345
5 4345 4346 4347 4348 4349
4 4349 4350 4351 4352
3 4352 4353 4354
3 4354 4355 4356
1 4356
2 4356 4357
2 4357 4358
1 4358
1 4358
1 4358
1 4358
1 4358
1 4358
1 4358
1 4358
1 4359
3 4359 4360 4361
3 4361 4362 4363
3 4363 4364 4365
3 4365 4366 4367
1 4367
1 4367
3 4367 4368 4369
1 4369
3 4369 4370 4371
2 4371 4372
1 4372
2 4372 4373
2 4373 4374
3 4374 4375 4376
2 4376 4377
1 4377
2 4377 4378
3 4378 4379 4380
1 4380
2 4380 4381
1 4381
1 4381
1 4381
1 4381
1 4381
1 4381
1 4381
1 4381
1 4381
1 4381
1 4381
1 4381
5 4382 4383 4384 4385 4386
4 4386 4387 4388 4389
1 4389
1 4389
2 4389 4390
4 4390 4391 4392 4393
4 4393 4394 4395 4396
3 4396 4397 4398
5 4398 4399 4400 4401 4402
4 4402 4403 4404 4405
3 4405 4406 4407
3 4407 4408 4409
3 4409 4410 4411
3 4411 4412 4413
2 4413 4414
1 4414
1 4414
2 4414 4415
1 4415
1 4415
1 4415
1 4415
1 4415
1 4416
2 4416 4417
1 4417
1 4417
2 4417 4418
3 4418 4419 4420
2 4420 4421
1 4421
2 4421 4422
3 4422 4423 4424
3 4424 4425 4426
2 4426 4427
1 4427
3 4427 4428 4429
1 4429
1 4429
3 4429 4430 4431
1 4431
1 4431
1 4431
1 4431
1 4431
1 4431
1 4431
1 4431
1 4431
1 4431
1 4431
1 4431
1 4431
1 4431
1 4431
1 4431
1 4431
2 4432 4433
5 4433 4434 4435 4436 4437
4 4437 4438 4439 4440
4 4440 4441 4442 4443
1 4443
1 4443
1 4443
3 4443 4444 4445
1 4445
4 4445 4446 4447 4448
2 4448 4449
3 4449 4450 4451
2 4451 4452
1 4452
3 4452 4453 4454
1 4454
3 4455 4456 4457
2 4457 4458
2 4458 4459
4 4459 4460 4461 4462
1 4462
3 4462 4463 4464
3 4464 4465 4466
1 4466
3 4466 4467 4468
4 4468 4469 4470 4471
3 4471 4472 4473
1 4473
4 4473 4474 4475 4476
2 4476 4477
1 4477
4 4477 4478 4479 4480
1 4480
1 4480
1 4480
1 4480
1 4480
1 4480
1 4480
3 4481 4482 4483
3 4483 4484 4485
3 4485 4486 4487
2 4487 4488
2 4488 4489
1 4489
2 4489 4490
3 4490 4491 4492
2 4492 4493
2 4493 4494
1 4494
1 4494
1 4494
1 4494
1 4494
1 4494
1 4494
1 4494
1 4494
1 4494
1 4494
1 4494
1 4494
1 4494
1 4494
1 4494
5 4495 4496 4497 4498 4499
5 4499 4500 4501 4502 4503
3 4503 4504 4505
3 4505 4506 4507
5 4507 4508 4509 4510 4511
3 4511 4512 4513
1 4513
5 4513 4514 4515 4516 4517
1 4517
1 4517
1 4517
1 4517
1 4517
1 4517
3 4518 4519 4520
1 4520
2 4520 4521
5 4521 4522 4523 4524 4525
4 4525 4526 4527 4528
2 4528 4529
3 4529 4530 4531
3 4531 4532 4533
5 4533 4534 4535 4536 4537
4 4537 4538 4539 4540
1 4540
1 4540
1 4540
1 4540
1 4540
1 4540
1 4540
1 4540
1 4540
1 4540
1 4540
1 4540
1 4540
5 4541 4542 4543 4544 4545
3 4545 4546 4547
1 4547
4 4547 4548 4549 4550
4 4550 4551 4552 4553
3 4553 4554 4555
3 4555 4556 4557
1 4557
2 4557 4558
4 4558 4559 4560 4561
1 4561
1 4561
2 4561 4562
2 4562 4563
1 4563
1 4563
1 4563
1 4563
1 4563
1 4563
1 4563
1 4563
1 4563
1 4564
1 4564
1 4564
1 4564
1 4564
1 4564
1 4564
1 4564
1 4564
1 4564
1 4564
1 4564
1 4564
1 4564
1 4564
1 4564
1 4564
1 4564
1 4564
1 4564
1 4564
1 4564
1 4564
1 4881
4 4577 4578 4579 4580
5 4580 4581 4582 4583 4584
2 4584 4585
1 4585
1 4585
5 4585 4586 4587 4588 4589
1 4589
1 4589
3 4589 4590 4591
2 4591 4592
2 4592 4593
7 4593 4594 4595 4596 4597 4598 4599
5 4600 4601 4602 4603 4604
5 4604 4605 4606 4607 4608
1 4608
3 4608 4609 4610
3 4610 4611 4612
2 4612 4613
2 4613 4614
3 4614 4615 4616
4 4616 4617 4618 4619
4 4619 4620 4621 4622
3 4622 4623 4624
1 4624
3 4624 4625 4626
1 4626
1 4626
1 4626
1 4626
1 4626
1 4626
1 4626
1 4626
1 4626
1 4626
1 4627
2 4627 4628
2 4628 4629
3 4629 4630 4631
3 4631 4632 4633
1 4633
3 4633 4634 4635
3 4635 4636 4637
2 4637 4638
2 4638 4639
2 4639 4640
3 4640 4641 4642
1 4642
2 4642 4643
3 4643 4644 4645
1 4645
1 4645
3 4645 4646 4647
3 4647 4648 4649
1 4649
1 4649
1 4649
1 4649
1 4649
1 4649
1 4649
1 4649
1 4650
1 4650
4 4650 4651 4652 4653
2 4653 4654
5 4654 4655 4656 4657 4658
2 4658 4659
5 4659 4660 4661 4662 4663
4 4663 4664 4665 4666
2 4666 4667
5 4667 4668 4669 4670 4671
1 4671
2 4671 4672
1 4672
1 4672
1 4672
1 4672
1 4672
1 4672
1 4672
1 4672
1 4672
1 4672
1 4672
3 4673 4674 4675
1 4675
2 4675 4676
1 4676
3 4676 4677 4678
3 4678 4679 4680
1 4680
1 4680
1 4680
3 4680 4681 4682
1 4682
1 4682
1 4682
1 4682
1 4682
1 4682
1 4682
1 4682
1 4682
1 4682
1 4682
1 4682
1 4682
7 4683 4684 4685 4686 4687 4688 4689
5 4689 4690 4691 4692 4693
5 4693 4694 4695 4696 4697
4 4697 4698 4699 4700
6 4700 4701 4702 4703 4704 4705
1 4705
2 4705 4706
1 4706
1 4706
1 4706
3 4707 4708 4709
1 4709
1 4709
2 4709 4710
3 4710 4711 4712
3 4712 4713 4714
1 4714
1 4714
3 4714 4715 4716
1 4716
3 4716 4717 4718
1 4718
1 4718
1 4718
1 4718
1 4718
1 4718
1 4718
1 4718
1 4718
1 4718
1 4718
1 4718
1 4718
3 4719 4720 4721
1 4721
1 4721
1 4721
3 4721 4722 4723
1 4723
1 4723
1 4723
2 4723 4724
1 4724
3 4724 4725 4726
2 4726 4727
2 4728 4729
7 4729 4730 4731 4732 4733 4734 4735
3 4735 4736 4737
5 4737 4738 4739 4740 4741
4 4741 4742 4743 4744
2 4744 4745
4 4745 4746 4747 4748
2 4748 4749
1 4749
1 4750
2 4750 4751
1 4751
3 4751 4752 4753
1 4753
1 4753
1 4753
3 4753 4754 4755
1 4755
2 4755 4756
1 4756
1 4756
1 4756
3 4756 4757 4758
1 4758
3 4758 4759 4760
1 4760
1 4760
1 4760
1 4760
1 4760
2 4760 4761
5 4762 4763 4764 4765 4766
2 4766 4767
3 4767 4768 4769
3 4769 4770 4771
4 4771 4772 4773 4774
3 4774 4775 4776
5 4776 4777 4778 4779 4780
1 4780
1 4780
1 4780
2 4780 4781
3 4781 4782 4783
1 4784
3 4784 4785 4786
2 4786 4787
1 4787
2 4787 4788
3 4788 4789 4790
3 4790 4791 4792
2 4792 4793
3 4793 4794 4795
2 4795 4796
3 4796 4797 4798
1 4798
1 4798
1 4798
1 4798
1 4798
1 4798
1 4798
1 4798
1 4798
1 4798
1 4798
5 4799 4800 4801 4802 4803
5 4803 4804 4805 4806 4807
1 4807
2 4807 4808
2 4808 4809
5 4809 4810 4811 4812 4813
1 4813
1 4813
1 4813
1 4813
1 4813
1 4813
1 4813
1 4813
1 4813
5 4814 4815 4816 4817 4818
1 4818
2 4818 4819
4 4819 4820 4821 4822
2 4822 4823
4 4823 4824 4825 4826
5 4826 4827 4828 4829 4830
3 4830 4831 4832
2 4832 4833
1 4833
3 4833 4834 4835
2 4835 4836
1 4836
1 4836
1 4836
2 4837 4838
2 4838 4839
3 4839 4840 4841
2 4841 4842
1 4842
3 4842 4843 4844
3 4844 4845 4846
3 4846 4847 4848
1 4848
1 4848
3 4848 4849 4850
2 4850 4851
2 4851 4852
1 4852
2 4852 4853
1 4853
1 4853
1 4853
1 4853
1 4853
1 4853
1 4853
1 4853
3 4854 4855 4856
2 4856 4857
3 4857 4858 4859
1 4859
3 4859 4860 4861
1 4861
1 4861
3 4861 4862 4863
2 4863 4864
1 4864
2 4864 4865
1 4865
1 4865
1 4865
1 4865
1 4865
1 4865
1 4866
1 4866
1 4866
1 4866
1 4866
1 4866
1 4866
1 4866
1 4866
1 4866
1 4866
1 4866
1 4882
2 4883 4868
2 4884 4869
2 4885 4870
2 4886 4871
2 4887 4872
2 4888 4873
2 4889 4874
2 4890 4875
2 4891 4876
2 4892 4877
2 4893 4878
2 4894 4879
2 4895 4880
2 4896 4881
2 4897 4882
1 4913
1 4898
1 4899
1 4900
1 4901
1 4902
1 4903
1 4904
1 4905
1 4906
1 4907
1 4908
1 4909
1 4910
1 4911
1 4912
1 4913
1 4913
1 4913
1 4913
1 4913
1 4913
1 4913
1 4913
1 4913
1 4913
1 4913
1 4913
1 4913
1 4913
1 4913
