500
26 24 26 21
21 30 33 25
46 44 46 41
31 23.5 37 26.5
27 24 35 21
41 50 53 45
61 70 73 65
81 90 93 85
47 44 55 41
51 43.5 57 46.5
71 63.5 77 66.5
91 83.5 97 86.5
101 110 113 105
111 103.5 117 106.5
121 130 133 125
22 22 26 27
42 42 46 47
66 64 66 61
141 150 153 145
62 62 66 67
131 123.5 137 126.5
67 64 75 61
86 84 86 81
161 170 173 165
87 84 95 81
106 104 106 101
126 124 126 121
151 143.5 157 146.5
171 163.5 177 166.5
107 104 115 101
127 124 135 121
191 183.5 197 186.5
82 82 86 87
211 203.5 217 206.5
102 102 106 107
146 144 146 141
147 144 155 141
167 164 175 161
181 190 193 185
201 210 213 205
122 122 126 127
166 164 166 161
221 230 233 225
186 184 186 181
142 142 146 147
231 223.5 237 226.5
187 184 195 181
162 162 166 167
251 243.5 257 246.5
207 204 215 201
182 182 186 187
206 204 206 201
271 263.5 277 266.5
291 283.5 297 286.5
227 224 235 221
226 224 226 221
241 250 253 245
261 270 273 265
246 244 246 241
202 202 206 207
266 264 266 261
286 284 286 281
306 304 306 301
222 222 226 227
242 242 246 247
281 290 293 285
326 324 326 321
262 262 266 267
282 282 286 287
311 303.5 317 306.5
301 310 313 305
346 344 346 341
247 244 255 241
331 323.5 337 326.5
366 364 366 361
351 343.5 357 346.5
302 302 306 307
321 330 333 325
386 384 386 381
341 350 353 345
406 404 406 401
371 363.5 377 366.5
426 424 426 421
361 370 373 365
446 444 446 441
322 322 326 327
342 342 346 347
362 362 366 367
391 383.5 397 386.5
382 382 386 387
411 403.5 417 406.5
267 264 275 261
402 402 406 407
287 284 295 281
431 423.5 437 426.5
381 390 393 385
422 422 426 427
307 304 315 301
442 442 446 447
401 410 413 405
327 324 335 321
421 430 433 425
466 464 466 461
486 484 486 481
347 344 355 341
506 504 506 501
441 450 453 445
451 443.5 457 446.5
526 524 526 521
462 462 466 467
471 463.5 477 466.5
546 544 546 541
491 483.5 497 486.5
566 564 566 561
511 503.5 517 506.5
482 482 486 487
531 523.5 537 526.5
586 584 586 581
367 364 375 361
502 502 506 507
461 470 473 465
522 522 526 527
481 490 493 485
606 604 606 601
387 384 395 381
551 543.5 557 546.5
542 542 546 547
501 510 513 505
521 530 533 525
626 624 626 621
407 404 415 401
541 550 553 545
571 563.5 577 566.5
591 583.5 597 586.5
562 562 566 567
646 644 646 641
427 424 435 421
611 603.5 617 606.5
447 444 455 441
631 623.5 637 626.5
582 582 586 587
666 664 666 661
686 684 686 681
651 643.5 657 646.5
467 464 475 461
602 602 606 607
622 622 626 627
706 704 706 701
487 484 495 481
642 642 646 647
662 662 666 667
671 663.5 677 666.5
561 570 573 565
507 504 515 501
726 724 726 721
746 744 746 741
691 683.5 697 686.5
527 524 535 521
711 703.5 717 706.5
581 590 593 585
547 544 555 541
601 610 613 605
682 682 686 687
567 564 575 561
621 630 633 625
641 650 653 645
766 764 766 761
786 784 786 781
702 702 706 707
722 722 726 727
806 804 806 801
731 723.5 737 726.5
751 743.5 757 746.5
661 670 673 665
742 742 746 747
771 763.5 777 766.5
587 584 595 581
791 783.5 797 786.5
762 762 766 767
681 690 693 685
826 824 826 821
607 604 615 601
627 624 635 621
647 644 655 641
701 710 713 705
782 782 786 787
667 664 675 661
846 844 846 841
866 864 866 861
802 802 806 807
687 684 695 681
811 803.5 817 806.5
721 730 733 725
741 750 753 745
761 770 773 765
822 822 826 827
707 704 715 701
781 790 793 785
886 884 886 881
831 823.5 837 826.5
906 904 906 901
842 842 846 847
801 810 813 805
851 843.5 857 846.5
926 924 926 921
727 724 735 721
946 944 946 941
966 964 966 961
821 830 833 825
747 744 755 741
871 863.5 877 866.5
767 764 775 761
787 784 795 781
841 850 853 845
986 984 986 981
891 883.5 897 886.5
861 870 873 865
881 890 893 885
1006 1004 1006 1001
901 910 913 905
911 903.5 917 906.5
1026 1024 1026 1021
807 804 815 801
931 923.5 937 926.5
921 930 933 925
951 943.5 957 946.5
971 963.5 977 966.5
862 862 866 867
827 824 835 821
1046 1044 1046 1041
882 882 886 887
941 950 953 945
991 983.5 997 986.5
1011 1003.5 1017 1006.5
961 970 973 965
981 990 993 985
1001 1010 1013 1005
1021 1030 1033 1025
1041 1050 1053 1045
1061 1070 1073 1065
847 844 855 841
867 864 875 861
902 902 906 907
1031 1023.5 1037 1026.5
922 922 926 927
1066 1064 1066 1061
1086 1084 1086 1081
1106 1104 1106 1101
887 884 895 881
1051 1043.5 1057 1046.5
907 904 915 901
1081 1090 1093 1085
927 924 935 921
1071 1063.5 1077 1066.5
947 944 955 941
942 942 946 947
967 964 975 961
1101 1110 1113 1105
962 962 966 967
987 984 995 981
1121 1130 1133 1125
1007 1004 1015 1001
1126 1124 1126 1121
1141 1150 1153 1145
982 982 986 987
1161 1170 1173 1165
1002 1002 1006 1007
1091 1083.5 1097 1086.5
1022 1022 1026 1027
1146 1144 1146 1141
1111 1103.5 1117 1106.5
1181 1190 1193 1185
1131 1123.5 1137 1126.5
1027 1024 1035 1021
1151 1143.5 1157 1146.5
1201 1210 1213 1205
1171 1163.5 1177 1166.5
1191 1183.5 1197 1186.5
1047 1044 1055 1041
1166 1164 1166 1161
1211 1203.5 1217 1206.5
1042 1042 1046 1047
1067 1064 1075 1061
1231 1223.5 1237 1226.5
1251 1243.5 1257 1246.5
1087 1084 1095 1081
1062 1062 1066 1067
1271 1263.5 1277 1266.5
1186 1184 1186 1181
1206 1204 1206 1201
1107 1104 1115 1101
1127 1124 1135 1121
1291 1283.5 1297 1286.5
1221 1230 1233 1225
1226 1224 1226 1221
1082 1082 1086 1087
1246 1244 1246 1241
1266 1264 1266 1261
1241 1250 1253 1245
1286 1284 1286 1281
1306 1304 1306 1301
1147 1144 1155 1141
1261 1270 1273 1265
1311 1303.5 1317 1306.5
1326 1324 1326 1321
1281 1290 1293 1285
1331 1323.5 1337 1326.5
1301 1310 1313 1305
1167 1164 1175 1161
1346 1344 1346 1341
1102 1102 1106 1107
1321 1330 1333 1325
1351 1343.5 1357 1346.5
1187 1184 1195 1181
1341 1350 1353 1345
1366 1364 1366 1361
1207 1204 1215 1201
1386 1384 1386 1381
1122 1122 1126 1127
1142 1142 1146 1147
1406 1404 1406 1401
1227 1224 1235 1221
1247 1244 1255 1241
1267 1264 1275 1261
1361 1370 1373 1365
1287 1284 1295 1281
1162 1162 1166 1167
1371 1363.5 1377 1366.5
1381 1390 1393 1385
1401 1410 1413 1405
1391 1383.5 1397 1386.5
1307 1304 1315 1301
1426 1424 1426 1421
1327 1324 1335 1321
1347 1344 1355 1341
1367 1364 1375 1361
1387 1384 1395 1381
1446 1444 1446 1441
1411 1403.5 1417 1406.5
1421 1430 1433 1425
1466 1464 1466 1461
1407 1404 1415 1401
1486 1484 1486 1481
1506 1504 1506 1501
1431 1423.5 1437 1426.5
1526 1524 1526 1521
1182 1182 1186 1187
1202 1202 1206 1207
1546 1544 1546 1541
1566 1564 1566 1561
1586 1584 1586 1581
1606 1604 1606 1601
1451 1443.5 1457 1446.5
1626 1624 1626 1621
1427 1424 1435 1421
1471 1463.5 1477 1466.5
1491 1483.5 1497 1486.5
1511 1503.5 1517 1506.5
1646 1644 1646 1641
1666 1664 1666 1661
1441 1450 1453 1445
1447 1444 1455 1441
1467 1464 1475 1461
1531 1523.5 1537 1526.5
1461 1470 1473 1465
1222 1222 1226 1227
1686 1684 1686 1681
1481 1490 1493 1485
1706 1704 1706 1701
1487 1484 1495 1481
1551 1543.5 1557 1546.5
1242 1242 1246 1247
1571 1563.5 1577 1566.5
1262 1262 1266 1267
1501 1510 1513 1505
1507 1504 1515 1501
1527 1524 1535 1521
1726 1724 1726 1721
1746 1744 1746 1741
1521 1530 1533 1525
1541 1550 1553 1545
1766 1764 1766 1761
1547 1544 1555 1541
1282 1282 1286 1287
1786 1784 1786 1781
1561 1570 1573 1565
1591 1583.5 1597 1586.5
1806 1804 1806 1801
1611 1603.5 1617 1606.5
1631 1623.5 1637 1626.5
1581 1590 1593 1585
1601 1610 1613 1605
1651 1643.5 1657 1646.5
1621 1630 1633 1625
1302 1302 1306 1307
1826 1824 1826 1821
1671 1663.5 1677 1666.5
1846 1844 1846 1841
1641 1650 1653 1645
1691 1683.5 1697 1686.5
1661 1670 1673 1665
1567 1564 1575 1561
1587 1584 1595 1581
1711 1703.5 1717 1706.5
1731 1723.5 1737 1726.5
1607 1604 1615 1601
1866 1864 1866 1861
1886 1884 1886 1881
1751 1743.5 1757 1746.5
1771 1763.5 1777 1766.5
1627 1624 1635 1621
1681 1690 1693 1685
1322 1322 1326 1327
1906 1904 1906 1901
1926 1924 1926 1921
1791 1783.5 1797 1786.5
1811 1803.5 1817 1806.5
1946 1944 1946 1941
1701 1710 1713 1705
1966 1964 1966 1961
1721 1730 1733 1725
1741 1750 1753 1745
1647 1644 1655 1641
1986 1984 1986 1981
1761 1770 1773 1765
1831 1823.5 1837 1826.5
1851 1843.5 1857 1846.5
1667 1664 1675 1661
1781 1790 1793 1785
1801 1810 1813 1805
1821 1830 1833 1825
2006 2004 2006 2001
1687 1684 1695 1681
1342 1342 1346 1347
1841 1850 1853 1845
1861 1870 1873 1865
2026 2024 2026 2021
1871 1863.5 1877 1866.5
1891 1883.5 1897 1886.5
2046 2044 2046 2041
2066 2064 2066 2061
2086 2084 2086 2081
1707 1704 1715 1701
1727 1724 1735 1721
1747 1744 1755 1741
1767 1764 1775 1761
1787 1784 1795 1781
1881 1890 1893 1885
1901 1910 1913 1905
1911 1903.5 1917 1906.5
1807 1804 1815 1801
1921 1930 1933 1925
1827 1824 1835 1821
1931 1923.5 1937 1926.5
1941 1950 1953 1945
1847 1844 1855 1841
2106 2104 2106 2101
1362 1362 1366 1367
1961 1970 1973 1965
1867 1864 1875 1861
1382 1382 1386 1387
2126 2124 2126 2121
1981 1990 1993 1985
2001 2010 2013 2005
1887 1884 1895 1881
1402 1402 1406 1407
2021 2030 2033 2025
1422 1422 1426 1427
1907 1904 1915 1901
2041 2050 2053 2045
2061 2070 2073 2065
1951 1943.5 1957 1946.5
1971 1963.5 1977 1966.5
2081 2090 2093 2085
1927 1924 1935 1921
2146 2144 2146 2141
2101 2110 2113 2105
1947 1944 1955 1941
1991 1983.5 1997 1986.5
2121 2130 2133 2125
1967 1964 1975 1961
2141 2150 2153 2145
2011 2003.5 2017 2006.5
2031 2023.5 2037 2026.5
2161 2170 2173 2165
2166 2164 2166 2161
1442 1442 1446 1447
2181 2190 2193 2185
2186 2184 2186 2181
2201 2210 2213 2205
2206 2204 2206 2201
1462 1462 1466 1467
1482 1482 1486 1487
1502 1502 1506 1507
2051 2043.5 2057 2046.5
2221 2230 2233 2225
2071 2063.5 2077 2066.5
2241 2250 2253 2245
2091 2083.5 2097 2086.5
2226 2224 2226 2221