24
BBB100000000000000000000
000010011000000010011000
000100001000000100001000
000100001011000100001011
00000000100000000000100E
11111110100011111110100E
00010000000100010000000E
000000000111000000000111
111100001111111100001111
000000000000000011100000
000000000000000010000000
000000000000000001000000
100000000000100001000000
000010011000000010011000
000100001000000100001000
000100001011000100001011
000000001000000000001000
111111101001111111101001
000100000001000100000001
000000000111000000000111
111100001111111100001111
000000000000000000000000
000000000000000000000000
000000000000000000000000


