500
448 750 4 101 226 245 487
558 773 9 42 68 100 160 166 220 242 297 422
416 173 2 152 439
535 668 3 16 48 232
460 811 2 51 297
576 976 8 17 28 73 299 346 375 408 461
726 843 3 204 422 428
579 935 5 181 322 328 375 464
894 881 7 105 190 204 271 327 430 479
447 42 1 23
136 970 3 45 169 383
38 503 2 211 248
792 131 5 142 335 344 391 441
819 178 3 213 351 391
547 432 4 121 168 309 462
139 640 9 4 48 155 165 189 214 406 427 486
151 811 3 6 115 470
298 205 5 99 109 234 347 490
6 144 3 153 240 332
831 35 3 138 168 405
128 295 5 76 143 419 458 467
677 686 2 128 198
319 124 5 10 347 372 478 485
165 701 2 196 420
565 690 4 190 245 422 428
971 107 3 27 324 336
979 139 4 26 336 337 426
488 940 2 6 346
822 4 2 59 237
266 127 2 62 306
406 904 3 34 73 461
449 376 8 39 69 132 155 215 227 229 365
924 880 3 252 276 327
383 890 3 31 73 375
500 845 2 136 457
816 47 6 138 189 317 401 405 465
17 890 10 61 80 95 193 321 366 368 402 418 476
353 393 1 313
505 425 6 32 57 155 187 215 365
109 554 1 145
145 392 1 247
702 930 7 2 166 181 220 242 323 367
188 34 3 180 294 379
41 284 3 85 203 350
328 952 9 11 53 125 158 259 329 383 388 423
551 581 6 83 89 281 398 494 496
331 440 3 118 123 313
776 684 5 4 16 137 147 197
964 324 12 71 83 119 140 149 150 206 219 244 314 433 495
528 778 1 297
529 801 5 5 68 100 297 457
996 609 3 325 426 474
533 997 4 45 259 299 430
496 927 1 375
309 244 5 99 109 191 436 477
781 718 2 190 339
621 300 3 39 94 155
84 94 4 360 364 458 493
558 0 7 29 237 257 262 379 396 412
256 74 1 305
42 750 3 37 80 248
259 109 3 30 124 305
343 45 4 305 347 411 478
549 904 1 328
402 586 2 89 159
551 681 9 128 167 190 198 233 236 275 409 472
580 142 9 77 126 194 195 241 268 307 372 412
659 912 6 2 51 75 100 181 457
448 383 4 32 227 229 326
85 722 0
755 431 7 49 156 170 251 264 291 495
60 119 0
511 948 4 6 31 34 375
710 526 1 244
594 867 2 68 457
128 359 5 21 189 247 458 467
561 114 1 67
459 622 4 120 298 333 413
573 954 3 184 238 342
34 767 5 37 61 178 248 300
625 797 2 87 422
852 291 1 170
481 585 4 46 49 89 495
958 819 2 271 488
7 122 15 44 131 153 188 203 239 240 266 350 376 415 421 429 493 497
513 639 2 246 406
805 945 4 81 181 430 481
605 942 2 375 482
330 609 6 46 65 83 120 165 311
95 239 3 145 212 458
919 480 6 222 260 274 338 406 451
45 687 3 182 248 321
380 416 4 157 189 261 405
524 329 5 57 155 157 261 462
94 923 9 37 192 193 248 283 361 376 438 470
851 453 2 140 424
772 658 1 137
548 579 1 496
315 390 3 18 55 347
569 792 3 2 51 68
425 772 1 1
603 415 5 154 168 410 444 495
910 532 2 260 327
479 256 1 477
844 956 3 9 204 456
993 906 1 466
685 828 3 204 382 422
227 667 4 427 472 479 486
379 221 5 18 55 144 191 234
736 480 3 244 445 496
512 895 2 148 255
372 184 1 372
580 635 2 333 363
400 526 2 229 311
210 797 4 17 460 461 470
403 224 3 134 404 439
691 112 2 174 401
254 475 4 47 123 162 301
981 936 5 49 243 425 430 466
306 635 8 78 89 165 235 281 333 406 489
509 438 5 15 187 217 309 462
250 154 2 393 394
308 443 8 47 118 295 313 347 370 381 467
282 142 6 62 295 347 358 393 432
274 929 3 45 329 388
533 166 6 67 195 270 307 348 395
905 152 6 170 273 286 337 349 384
720 687 4 22 66 198 233
757 478 1 445
179 691 4 196 345 374 435
99 637 7 85 265 353 355 376 415 429
444 431 5 32 229 365 459 495
219 76 2 143 279
489 249 5 116 228 352 401 477
924 60 2 179 237
579 885 2 35 297
800 684 6 48 97 147 416 479 483
747 84 2 20 36
178 380 3 189 230 381
721 541 9 49 96 222 282 363 390 424 437 469
800 715 5 146 190 296 341 343
805 109 3 13 359 441
113 244 6 21 133 278 306 458 467
348 221 1 109
122 434 8 40 90 196 212 376 392 415 458
854 716 4 141 339 341 479
396 650 3 48 137 483
461 851 4 111 255 386 397
859 407 3 49 244 249
965 435 6 49 210 252 271 319 488
474 847 2 345 397
416 193 4 3 234 385 404
1 190 6 19 85 312 332 387 471
741 179 4 102 221 480 495
458 364 8 16 32 39 57 94 157 189 292
895 341 5 71 208 264 272 291
536 305 5 93 94 155 189 292
244 950 2 45 383
575 530 3 65 229 287
431 790 4 2 297 422 442
223 621 5 165 216 289 302 492
260 421 5 118 209 301 381 500
803 667 2 260 416
307 103 1 305
291 643 8 16 89 120 161 289 302 311 326
637 881 3 2 42 254
234 669 2 66 233
549 485 6 15 20 102 187 309 410
206 993 1 11
917 226 7 71 82 127 177 251 291 337
234 799 6 256 356 375 420 461 470
856 205 3 324 384 452
263 756 2 417 464
751 63 7 117 195 340 348 377 401 449
11 505 5 178 288 371 387 471
84 408 4 265 355 414 453
882 313 1 170
17 682 8 80 175 211 300 402 450 471 497
989 38 3 135 324 426
40 76 3 43 266 294
769 986 11 8 42 68 87 297 322 375 397 422 482 487
48 617 1 92
829 327 0
342 839 3 79 258 375
759 371 2 263 351
964 166 3 380 425 426
479 452 7 39 121 168 217 365 462 495
52 355 1 85
122 613 14 16 36 76 93 139 155 157 230 247 301 313 381 405 446
892 825 13 9 25 56 66 141 250 296 341 343 409 428 456 479
462 245 3 55 109 477
78 725 4 95 239 283 376
55 947 3 37 95 331
611 111 5 67 195 257 316 431
694 94 8 67 126 174 194 257 316 340 348
121 676 10 24 130 145 345 376 420 435 446 464 470
232 644 2 48 406
660 710 5 22 66 128 339 479
112 508 1 415
759 807 2 204 456
545 240 3 317 465 498
428 785 3 226 422 442
87 557 2 44 85
844 969 8 7 9 105 107 200 382 422 456
330 371 5 313 317 401 473 477
925 408 2 49 390
553 33 0
897 327 2 156 291
152 565 3 162 301 381
912 425 4 150 252 390 437
37 386 3 12 178 300
99 299 2 90 145
715 374 3 14 344 495
335 492 3 16 216 302
454 390 2 32 39
212 612 4 161 214 455 492
514 459 3 121 187 309
252 291 4 295 358 394 432
712 548 4 49 249 363 445
613 792 2 2 42
856 25 8 154 237 263 359 377 391 441 480
765 624 7 91 140 246 338 363 403 451
919 496 3 252 260 475
376 756 2 245 435
397 919 2 293 408
398 795 6 1 202 245 297 422 487
380 489 4 32 69 455 492
423 225 3 134 348 439
423 562 6 32 69 114 132 159 311
191 280 5 139 189 269 381 434
12 304 2 240 332
261 662 3 4 427 479
339 672 4 66 128 167 479
333 210 6 18 109 152 372 385 490
537 641 2 120 406
428 707 2 66 275
986 14 6 29 59 135 221 262 396
504 913 4 79 285 290 464
100 700 5 85 192 248 283 497
21 501 4 19 85 231 332
506 57 2 67 307
610 783 4 2 42 323 422
980 403 5 119 380 426 466 474
897 370 6 49 74 110 149 249 496
545 726 8 1 25 224 226 345 422 435 446
756 648 4 86 222 338 363
132 373 4 41 76 189 467
43 398 8 12 61 80 92 95 239 300 321
753 505 3 149 219 244
824 808 3 190 428 456
819 363 3 71 170 291
943 459 9 33 150 210 223 271 276 319 327 437
913 857 0
652 880 2 166 367
463 853 3 111 148 386
311 837 3 171 375 461
554 30 6 59 194 195 340 412 431
449 894 2 184 417
355 956 5 45 53 299 329 373
842 681 8 91 103 163 223 406 416 475 479
815 56 4 93 94 405 463
746 30 4 59 237 340 396
890 31 5 185 221 324 357 391
975 308 5 71 156 291 314 425
89 557 3 131 176 350
34 84 3 85 180 294
787 338 1 324
526 93 2 67 307
127 559 2 230 434
439 201 4 126 307 372 439
930 943 5 9 84 150 252 430
792 402 1 156
787 378 7 127 280 324 349 384 399 495
830 602 1 91
417 701 4 66 236 354 440
928 661 2 33 252
401 117 2 372 490
237 91 4 143 330 394 467
203 44 7 133 306 308 310 360 454 468
649 479 2 273 495
616 604 5 46 120 298 398 496
791 492 1 140
62 571 3 95 192 239
265 141 1 306
381 833 2 238 342
833 330 1 127
463 537 4 159 448 459 495
3 303 3 175 312 471
313 568 2 161 165
303 780 2 238 464
916 288 7 71 156 170 208 251 264 337
516 333 2 155 157
141 825 4 225 400 408 470
200 39 5 43 180 266 308 360
277 357 5 123 124 218 347 467
879 795 3 141 190 341
409 800 9 2 5 50 51 136 160 181 226 457
617 617 3 78 281 413
363 946 5 6 53 259 373 375
33 697 4 80 178 211 248
136 590 4 118 162 189 209
172 622 3 161 165 214
278 108 1 306
348 12 2 308 310
286 118 6 60 62 63 164 306 347
235 70 7 30 143 279 284 303 305 330
518 124 6 67 126 241 268 270 372
299 36 4 279 294 304 310
532 437 4 15 121 168 217
443 28 4 279 304 308 379
385 519 4 89 114 165 229
3 345 3 153 288 484
435 354 7 38 47 123 189 205 473 498
975 648 2 49 264
248 123 1 393
603 74 2 194 195
455 287 5 36 201 205 401 498
750 271 2 344 391
959 465 2 150 252
939 995 2 430 466
52 781 5 37 92 248 368 418
554 910 4 8 181 328 397
721 931 2 42 242
870 93 9 26 172 179 263 267 273 337 384 399
999 885 3 52 466 474
422 468 3 69 165 492
911 527 5 9 33 103 252 479
528 905 4 8 64 322 345
244 913 4 45 125 259 388
259 134 4 278 306 393 394
131 923 3 193 423 438
16 474 5 19 153 231 240 471
665 630 5 78 113 120 447 496
618 634 0
784 167 3 13 359 391
990 55 3 26 27 426
960 128 8 27 127 170 291 324 384 425 426
839 572 4 91 222 246 403
640 712 4 56 146 198 479
581 19 5 174 195 257 262 449
886 778 5 141 146 190 296 479
490 912 3 79 285 464
843 766 2 141 190
675 357 6 13 213 318 391 441 495
309 772 8 130 151 196 245 328 374 397 464
295 863 3 6 28 461
289 177 9 18 23 63 99 123 124 295 305 473
599 171 4 126 174 195 228
894 140 2 127 273
61 294 5 44 85 265 355 415
706 414 3 14 185 495
355 212 1 134
77 520 1 131
459 691 4 275 446 472 486
102 494 4 131 176 350 453
216 769 3 171 420 464
867 55 2 263 391
255 259 3 124 218 432
833 78 4 142 221 335 391
105 218 5 58 279 294 454 458
69 809 1 95
141 235 1 467
704 633 8 113 140 219 222 246 445 447 489
83 125 4 58 415 458 493
450 423 4 32 39 132 187
70 798 1 37
606 831 2 42 254
48 806 2 37 321
748 889 2 382 430
295 407 2 123 467
9 633 3 175 402 476
495 13 12 23 67 112 234 270 277 307 412 439 478 485 490
149 842 5 259 299 388 400 408
305 714 3 130 345 435
639 987 15 6 8 34 54 73 88 171 181 184 256 299 417 430 464 482
110 759 11 85 95 131 145 192 196 392 415 429 470 491
830 25 3 174 221 401
159 887 1 400
420 0 3 43 59 310
983 364 2 186 243
201 301 8 123 139 162 189 209 230 467 500
816 950 5 107 204 369 422 430
101 939 4 11 45 158 423
895 130 5 127 172 273 324 337
415 171 3 152 234 439
395 821 2 148 255
0 677 4 153 175 476 484
233 932 5 45 125 329 373 423
578 478 2 410 495
917 369 4 140 206 210 433
748 311 9 13 14 221 263 318 335 344 357 359
120 673 2 145 376
264 152 6 122 124 315 330 394 432
236 101 5 122 218 278 330 393
535 131 1 126
889 14 3 59 237 262
740 972 5 148 151 181 322 345
586 578 2 46 281
855 207 2 273 324
121 843 5 293 373 378 438 470
369 337 8 36 117 134 174 205 317 377 477
11 513 3 37 178 371
793 601 2 222 338
396 202 2 116 152
413 376 5 20 36 93 189 261
840 655 8 16 86 91 120 197 235 260 416
835 506 3 424 469 475
318 901 4 6 225 293 373
756 755 2 66 190
589 453 3 102 168 389
363 39 1 63
490 1 5 59 67 257 372 431
588 607 2 78 298
95 575 2 176 453
108 402 8 85 131 145 199 350 364 376 493
778 656 5 137 163 260 406 483
286 819 4 173 258 375 464
75 773 2 37 321
149 272 1 21
182 719 5 24 171 196 356 470
40 120 1 85
570 726 16 2 7 25 81 107 160 181 202 204 226 242 245 382 430 442 481
133 940 5 45 331 383 388 438
913 451 4 96 140 407 437
979 338 4 119 186 264 337
999 163 8 27 52 179 186 243 336 337 474
220 652 4 16 108 232 486
600 738 4 7 25 190 250
91 612 3 85 131 376
865 997 11 9 53 87 119 271 320 369 375 382 422 481
570 90 3 194 257 412
256 177 4 124 218 358 393
906 378 2 49 390
174 361 2 230 269
419 719 5 130 196 224 245 374
420 241 1 55
876 436 4 140 210 252 424
125 861 4 95 331 400 423
489 24 6 3 116 228 270 372 385
501 683 2 275 472
796 116 6 13 142 221 344 480 495
421 794 3 160 202 422
729 206 2 480 495
722 213 1 102
637 534 4 110 129 219 363
163 679 5 189 196 245 354 486
664 616 3 333 363 496
443 466 1 287
761 54 2 174 340
23 596 1 178
782 604 3 91 222 475
843 241 1 172
101 538 3 176 355 414
179 133 2 279 360
222 606 2 216 227
768 812 5 105 190 200 204 250
445 814 5 35 51 68 75 297
114 322 8 21 58 76 90 143 145 360 364
550 511 3 132 287 495
220 807 3 115 461 470
213 823 7 6 31 115 171 256 346 460
720 208 5 15 94 121 187 463
697 173 2 261 462
258 749 10 8 173 196 238 290 342 345 356 375 417
650 165 3 36 201 498
994 979 5 106 119 243 320 325
214 226 10 21 76 123 143 247 278 295 362 370 381
178 92 1 279
832 509 4 140 407 475 499
144 707 11 17 95 115 171 196 293 376 400 420 460 491
18 563 5 153 175 178 288 332
267 682 4 66 108 354 440
313 415 4 205 313 347 477
989 417 4 52 243 325 426
929 466 6 223 260 407 451 469 499
13 861 3 37 371 387
344 322 7 55 104 134 191 205 401 473
390 51 4 23 63 372 485
891 693 12 9 108 137 146 190 198 232 233 260 327 339 341
782 135 5 154 221 441 443 495
706 855 3 87 422 430
645 983 3 88 181 375
744 665 3 137 147 416
1 308 2 312 387
402 47 3 23 372 478
188 680 5 16 108 354 427 446
372 782 3 1 181 226
954 685 2 84 150
639 637 2 120 363
385 104 4 18 234 277 372
131 734 2 376 470
358 534 4 161 216 227 326
49 101 4 58 85 364 415
462 608 1 46
582 529 18 49 71 83 102 132 154 187 213 273 280 287 344 351 389 441 443 459 480
590 547 7 46 98 110 244 281 333 447
28 255 3 85 178 239
547 266 4 201 313 317 465
731 559 2 469 475
213 362 2 162 381
