700
826 37 7 14 236 275 419 455 486 597
527 978 4 266 435 526 665
709 372 8 7 145 172 183 296 351 652 663
100 915 5 71 287 376 438 569
641 694 6 141 164 209 330 518 530
180 378 3 493 525 673
860 249 5 3 172 183 558 652
961 928 7 9 131 155 228 278 382 623
877 897 4 8 228 308 623
61 985 6 41 122 417 445 588 639
207 983 3 122 385 417
810 962 6 73 124 332 408 628 692
439 874 4 559 635 660 682
866 12 17 1 69 93 99 116 208 274 343 401 455 456 460 466 483 486 501 610
440 143 7 224 291 341 470 539 611 667
71 17 11 26 136 171 173 283 284 298 403 454 476 554
724 634 4 18 320 662 669
732 672 3 17 320 662
309 901 3 92 385 395
740 768 5 43 78 164 437 534
580 749 11 25 127 197 347 349 354 414 436 515 518 595
205 49 5 137 191 321 557 690
984 857 5 155 302 381 478 584
518 225 10 65 89 113 121 165 281 457 552 646 699
578 725 4 21 290 349 354
31 36 3 16 171 283
740 428 3 199 394 615
752 443 9 31 199 249 340 367 430 447 615 659
596 909 4 109 126 347 577
755 331 2 296 652
940 798 11 28 40 157 254 367 381 447 480 543 655 659
194 310 3 95 319 643
716 983 7 102 190 435 541 587 588 644
132 498 3 448 657 695
342 434 3 55 218 597
566 379 11 53 110 117 235 322 354 391 404 423 436 474
433 0 2 412 460
354 92 13 130 204 213 245 289 318 406 407 452 520 529 636 656
713 162 4 116 401 456 466
943 781 9 31 52 189 229 340 381 413 543 668
173 996 5 10 572 588 639 693
83 841 6 107 114 256 438 544 555
756 802 3 20 164 437
945 188 9 62 174 180 237 483 487 547 652 698
133 159 5 194 319 642 658 690
306 897 3 395 420 618
352 373 3 121 502 550
744 838 5 59 262 500 622 672
422 563 6 76 357 369 473 497 568
991 144 6 177 267 274 352 479 501
112 857 5 186 287 492 569 687
882 638 4 40 157 340 668
526 457 7 36 90 110 230 235 354 444
566 574 3 90 144 375
242 522 6 35 99 218 236 419 597
902 305 5 75 174 532 558 605
71 132 5 373 412 498 538 554
207 721 3 246 542 563
719 812 5 48 328 484 500 622
791 593 6 87 394 434 464 507 615
915 332 3 111 394 547
934 158 7 44 237 247 333 346 441 698
786 799 3 143 320 510
237 568 6 72 134 166 390 427 601
541 241 8 24 113 165 439 457 460 552 646
522 60 3 350 452 494
749 197 3 100 466 591
693 950 3 73 408 644
765 26 10 14 153 192 348 439 460 491 597 608 610
233 824 5 138 285 604 631 700
96 936 3 4 376 438
266 518 5 64 134 436 601 671
760 948 11 12 68 124 238 262 347 408 472 588 644 681
345 758 4 105 134 635 689
925 303 11 56 174 180 276 277 351 532 547 663 679 683
401 575 7 49 140 357 369 386 436 568
388 27 6 170 198 201 383 452 520
681 643 4 20 288 518 534
395 480 3 295 594 596
849 276 4 174 358 558 652
896 462 4 185 337 399 593
211 619 4 338 435 564 695
710 239 6 203 456 466 474 592 619
634 500 4 117 320 354 696
129 44 3 412 476 556
106 158 7 271 319 363 554 566 643 690
806 647 6 60 362 464 489 507 675
391 803 4 184 357 389 635
496 264 3 24 281 552
584 561 7 53 54 144 235 324 375 423
575 732 2 349 436
344 882 9 19 132 169 181 385 395 551 565 580
803 115 3 14 208 466
142 569 4 187 286 485 540
200 318 13 32 128 316 319 325 442 521 528 554 590 616 643 688
232 334 4 289 318 582 636
284 432 3 121 226 446
344 940 3 169 253 433
196 563 19 14 55 105 134 211 218 275 299 300 314 323 419 435 446 455 456 635 671 695
759 276 4 67 203 591 619
522 125 4 341 494 567 581
698 979 3 33 190 644
853 823 3 155 228 308
193 470 3 224 446 603
381 822 5 74 99 134 323 635
854 497 2 336 377
77 827 3 42 114 555
249 67 3 321 428 690
606 846 5 29 126 347 514 577
529 407 3 36 53 235
607 422 17 61 115 200 320 394 396 398 474 547 574 607 625 630 662 663 669 679
583 83 6 118 259 261 366 471 508
711 8 9 24 65 121 251 359 366 460 524 699
89 790 7 42 107 256 459 511 555 680
665 466 3 111 200 625
782 101 4 14 39 401 456
623 462 6 36 84 320 354 391 474
553 139 14 112 125 146 251 259 261 280 359 366 372 494 524 573 649
430 845 5 265 389 559 660 682
72 584 3 429 459 511
364 391 18 24 47 97 113 162 224 226 255 281 301 341 446 502 524 550 552 567 661
441 989 8 10 11 385 417 433 526 588 665
117 340 5 128 195 215 549 641
846 972 5 12 73 234 588 628
551 162 3 118 251 359
631 911 9 29 109 151 161 335 347 449 514 577
532 647 3 21 197 515
121 400 8 95 123 195 215 463 521 525 688
749 533 4 250 308 394 507
260 259 3 38 213 318
916 940 5 8 155 238 382 588
224 958 3 92 385 551
42 943 4 379 417 445 555
230 580 9 64 72 74 99 105 323 390 671 689
454 131 6 341 452 519 529 611 645
130 12 4 16 171 412 454
208 93 4 22 293 319 557
241 835 8 70 285 297 395 481 580 604 631
532 70 3 280 452 494
459 397 5 76 188 386 436 515
624 633 4 5 178 330 518
321 491 5 216 436 594 601 648
783 737 9 63 176 307 308 320 394 510 517 626
587 622 9 54 90 260 290 324 375 423 444 462
795 303 3 3 351 558
610 24 2 118 573
915 839 5 155 269 381 468 614
858 465 4 185 199 337 377
878 194 5 237 272 333 570 697
151 614 14 160 210 219 227 264 286 356 380 504 536 542 553 665 686
622 826 4 126 335 514 595
396 910 3 253 583 665
617 163 6 69 192 273 439 552 608
880 209 2 272 309
999 952 12 8 23 103 131 147 228 267 308 381 424 584 588
406 660 4 184 197 497 568
831 568 5 31 52 340 655 668
761 399 3 311 394 606
790 213 4 233 466 591 634
218 700 6 150 246 516 563 583 665
662 869 5 126 258 262 440 449
285 458 3 121 301 552
73 502 4 187 217 429 511
701 696 10 5 20 43 207 209 328 437 518 530 622
647 95 4 24 65 457 699
282 625 4 64 427 601 629
9 694 6 379 400 403 450 467 503
332 700 3 179 242 689
319 959 6 92 98 181 433 551 565
434 48 2 77 383
14 15 8 16 26 136 283 334 412 506 684
819 281 2 3 7
106 24 2 16 454
948 259 10 44 56 75 80 180 277 358 558 605 652
778 884 4 353 437 637 677
729 609 9 143 252 307 320 517 546 585 625 669
995 576 9 50 206 241 267 352 370 505 537 547
618 621 4 141 330 411 518
348 569 4 168 242 427 689
952 285 5 44 75 174 277 547
373 889 9 92 169 240 246 253 313 542 580 583
952 448 7 221 223 268 270 292 342 458
811 289 3 3 7 558
368 724 8 88 156 197 357 389 473 488 497
904 469 8 81 148 196 326 337 377 399 413
92 894 3 51 492 687
55 428 12 94 163 286 327 392 429 459 465 533 536 540 680
471 452 3 140 386 515
893 583 5 40 229 336 340 413
695 971 5 33 102 587 588 644
191 86 4 22 557 579 690
731 40 4 69 153 273 439
373 181 5 289 318 578 582 611
159 99 3 45 642 690
111 366 3 123 128 463
890 416 3 185 326 399
483 562 9 21 127 156 184 389 414 469 515 568
443 23 3 77 201 452
735 402 11 27 28 148 220 249 304 337 340 377 394 615
699 409 4 111 115 394 625
375 10 13 77 198 222 259 293 317 319 378 412 452 520 535 633
33 336 7 305 425 571 589 653 654 664
611 280 8 83 100 331 360 405 474 591 619
304 112 8 38 213 319 325 520 525 600 673
266 336 3 224 550 667
965 709 3 177 505 537
704 721 3 164 328 530
883 77 6 14 93 346 441 466 483
650 684 3 5 164 518
131 673 3 150 227 504
167 520 5 99 314 589 685 695
884 777 3 464 614 675
311 126 8 38 130 204 318 339 493 525 673
33 665 3 443 562 640
132 387 4 123 128 549 641
421 418 5 142 248 295 436 594
73 481 5 163 256 504 511 536
440 345 6 35 55 99 299 301 597
154 666 8 150 264 285 356 492 542 631 687
764 437 4 199 304 336 377
945 521 5 182 223 270 416 620
517 10 6 201 259 280 452 573 649
939 635 6 182 221 292 370 416 505
230 373 13 15 104 121 205 226 255 291 318 446 550 603 611 667
166 948 5 385 410 417 438 461
306 406 4 97 121 224 446
90 877 8 150 210 356 380 492 504 545 650
848 829 5 8 9 103 155 308
904 624 3 40 189 413
578 497 2 53 354
70 236 3 554 616 643
776 370 3 547 598 679
787 233 3 159 466 591
835 975 3 124 588 628
497 411 4 36 53 90 110
647 174 4 1 55 419 597
910 164 6 44 62 149 272 333 487
888 966 6 73 131 262 382 472 588
813 901 5 320 431 437 534 609
195 739 4 181 313 542 631
965 602 3 177 370 505
363 672 6 168 179 357 576 596 689
897 739 4 367 381 430 480
671 922 5 262 353 397 513 522
317 201 3 38 289 636
340 855 7 58 160 181 516 542 563 583
877 159 3 62 333 346
435 411 4 216 295 357 436
820 531 3 28 199 340
785 675 5 129 308 507 614 694
544 184 5 113 118 125 359 524
748 679 5 176 320 499 510 517
448 979 6 98 152 181 433 583 665
934 775 2 31 543
335 361 3 121 224 550
115 650 8 42 114 217 504 511 544 545 650
739 330 4 296 329 591 630
668 874 9 161 262 335 374 411 440 484 586 595
623 7 10 112 118 201 222 412 460 471 508 523 573
535 526 3 144 290 423
564 120 3 112 118 366
650 929 16 48 73 161 238 244 258 347 382 397 440 449 484 522 531 622 672
47 481 3 392 465 680
142 676 3 150 219 356
506 834 5 119 495 575 676 682
505 984 2 2 526
999 558 7 50 155 177 424 478 537 584
975 327 12 182 292 311 342 345 370 394 426 432 458 547 606
932 820 5 147 381 430 464 468
926 382 5 182 221 342 602 620
153 105 3 86 363 690
883 199 6 149 154 237 309 487 570
707 63 3 153 192 439
981 74 10 14 50 310 343 344 352 479 483 501 547
282 491 4 1 99 419 455
848 329 3 75 351 663
948 267 3 75 174 180
885 930 5 8 308 382 402 623
456 366 5 322 404 436 456 671
529 52 6 118 139 222 452 494 649
493 266 4 24 89 121 552
294 291 2 318 611
32 81 6 16 26 171 403 506 684
65 79 3 16 298 554
164 789 8 70 138 219 395 631 670 687 700
141 577 8 94 150 187 485 536 553 665 686
128 876 5 4 51 438 492 569
604 515 2 78 518
372 145 9 38 96 193 245 407 578 582 636 638
586 636 8 25 144 260 349 354 368 423 436
320 261 3 15 224 611
959 432 4 182 223 268 370
198 227 6 137 201 319 378 535 633
521 114 3 453 494 561
412 454 7 79 216 248 357 576 594 596
684 385 7 3 30 257 329 591 652 663
199 758 2 138 580
28 177 6 16 284 393 403 463 554
215 524 3 99 218 446
376 822 3 99 435 635
209 521 6 121 162 218 446 552 597
964 862 4 23 381 478 505
182 255 3 512 642 658
850 550 5 199 220 336 340 666
79 404 4 202 418 571 653
307 889 7 376 395 409 420 560 670 687
708 484 4 143 176 394 625
797 767 15 9 103 129 143 155 228 250 278 320 394 402 431 614 626 694
899 204 5 154 272 487 570 591
946 107 4 274 344 483 547
825 386 5 158 268 394 432 606
362 784 3 357 635 689
247 789 4 181 240 580 631
166 503 5 99 211 361 446 589
40 820 2 482 640
78 256 2 95 554
318 9 5 201 412 428 633 690
146 466 17 38 96 130 193 213 224 282 339 361 406 525 582 589 603 611 656 674
185 268 17 32 45 86 95 137 201 204 293 325 520 535 557 566 599 642 643 658
793 850 24 17 18 63 84 111 117 143 176 239 252 308 354 431 474 499 510 546 585 609 613 626 662 669 696
238 114 5 22 108 428 633 690
496 349 6 36 279 404 456 474 592
242 611 3 99 105 134
482 412 5 90 144 375 423 462
210 292 6 95 204 319 387 442 600
893 376 6 185 196 381 399 413 678
68 631 3 187 459 680
728 782 9 59 164 207 330 484 530 586 622 624
704 330 6 257 296 398 607 630 663
638 712 9 5 141 178 328 374 411 530 586 624
688 285 4 203 360 405 591
610 949 5 12 588 628 644 692
795 169 7 62 149 237 247 346 466 697
108 8 2 171 412
634 830 4 126 151 258 595
784 455 7 106 189 220 304 377 413 666
770 415 7 81 148 185 199 394 399 593
209 620 3 82 435 564
174 404 3 213 318 525
903 649 11 28 40 52 157 189 199 249 304 447 655 666
394 327 18 15 101 121 135 452 453 490 496 502 519 539 550 567 581 611 645 647 661
933 356 8 182 268 270 345 458 602 606 678
940 47 3 14 274 501
970 147 3 274 310 547
878 377 3 268 342 606
796 153 6 62 208 247 333 441 466
565 934 16 21 29 73 109 126 262 414 422 449 509 514 575 595 635 681 682
732 72 4 69 552 597 608
563 684 6 21 25 91 290 368 436
495 102 4 66 452 453 494
728 363 7 3 75 145 276 558 663 683
982 171 4 50 177 274 547
748 898 8 175 244 513 522 531 622 637 677
604 458 16 21 25 36 53 84 117 230 290 320 391 444 518 534 609 613 696
176 489 3 361 446 603
130 750 6 150 219 227 264 380 492
357 725 15 49 76 88 184 242 248 295 312 369 436 473 488 576 635 689
888 229 3 80 174 652
616 78 5 113 118 125 251 366
598 291 5 203 331 474 591 630
158 489 5 314 318 355 446 603
799 678 4 87 507 614 675
139 139 3 86 271 690
48 393 5 448 503 657 691 695
537 726 4 414 469 575 676
605 80 7 112 113 118 261 359 460 508
814 581 6 28 31 243 430 475 480
583 653 2 290 349
390 641 3 49 76 357
982 548 8 177 223 241 268 292 426 505 547
27 560 6 388 392 443 450 477 562
533 153 3 118 494 524
68 99 4 57 476 498 554
664 794 4 258 330 411 586
564 570 5 54 90 144 324 462
170 937 9 4 71 306 420 438 560 569 612 687
892 517 7 106 148 185 199 220 336 413
219 192 3 201 293 633
5 862 8 133 167 400 445 450 467 555 640
102 837 3 150 227 356
962 871 14 23 31 40 147 155 243 269 302 326 413 430 480 505 678
854 950 8 8 131 238 262 278 402 437 531
460 44 4 77 170 452 520
618 977 2 541 644
191 972 12 11 19 92 122 132 225 395 410 417 433 461 551
429 503 5 76 140 188 515 568
221 281 3 325 442 600
19 448 4 371 450 477 632
385 714 9 88 119 184 197 469 495 559 635 676
299 677 4 64 134 427 689
589 414 3 36 117 354
40 405 9 187 263 371 443 465 540 665 680 691
22 189 3 298 463 554
715 394 20 27 60 61 111 129 143 158 199 200 268 307 308 311 337 399 507 547 606 615 625
324 891 14 19 46 92 138 285 306 385 409 420 461 481 580 618 670
597 387 3 111 474 574
782 925 4 244 262 513 531
625 409 4 111 329 607 663
856 419 10 81 185 196 326 337 394 451 593 606 678
13 787 3 167 379 450
778 125 4 14 39 116 466
841 909 4 278 308 382 437
1 170 8 16 167 283 298 463 467 503 506
553 376 4 36 279 322 436
676 282 3 203 331 591
283 225 3 38 318 656
413 101 4 38 289 529 638
737 954 5 12 68 73 644 692
305 887 3 306 395 670
163 967 3 225 385 417
651 779 6 178 258 330 374 518 595
197 2 18 37 57 85 136 171 201 259 317 334 421 454 460 476 498 538 554 556 690
922 587 8 40 185 189 229 326 336 377 381
554 743 6 21 197 347 365 509 575
402 135 2 529 638
941 596 4 221 223 505 620
61 980 11 10 11 122 133 225 385 410 438 445 548 555
113 445 2 305 653
359 425 5 1 55 99 236 275
198 928 6 46 306 376 395 612 618
151 78 3 412 554 690
533 807 3 347 509 575
463 384 7 36 90 144 260 290 324 436
989 814 3 155 267 584
90 402 3 202 589 653
973 417 2 268 370
288 655 8 64 166 179 390 596 627 629 689
264 43 4 108 317 321 633
75 597 4 120 163 187 511
828 641 8 28 243 269 367 381 434 464 615
811 817 4 239 308 320 437
838 382 3 268 311 606
341 969 7 98 122 169 253 385 551 665
852 701 4 60 430 464 615
477 974 15 2 33 82 99 300 338 526 541 564 588 621 644 665 691 695
452 371 18 21 36 72 76 91 140 142 216 248 279 290 349 357 404 423 515 601 671
823 935 13 20 43 164 175 239 382 402 431 531 534 622 637 677
60 961 13 4 42 71 225 287 376 417 461 492 544 548 555 612
723 9 7 65 69 153 192 273 460 552
661 878 3 161 258 262
916 150 5 62 208 346 483 698
193 348 6 95 325 387 525 600 688
49 651 7 214 371 392 482 562 640 680
593 534 3 53 144 354
35 951 4 10 133 379 417
186 531 12 97 99 104 121 224 226 299 301 314 355 361 603
796 507 5 28 31 340 655 659
38 365 5 34 364 503 657 695
636 914 4 126 161 262 347
16 832 9 167 371 379 388 400 562 632 640 651
808 406 3 399 606 678
513 36 19 38 66 77 135 139 198 201 222 280 341 350 383 453 490 494 519 520 529 647
443 228 7 294 341 350 452 494 561 581
140 28 4 16 136 173 412
390 403 4 1 14 99 275
664 183 10 14 39 83 99 116 279 322 466 592 671
617 129 4 24 65 165 646
963 380 3 182 268 342
74 606 6 114 120 187 327 511 680
717 2 11 14 37 65 69 113 259 366 412 439 508 523
251 935 5 225 385 395 438 618
575 596 3 144 324 375
15 192 13 128 195 298 393 403 503 525 527 528 554 589 641 664
874 741 10 60 87 212 269 430 434 468 489 614 675
51 510 5 187 263 392 533 680
760 154 16 14 39 67 83 93 159 208 233 333 346 401 456 591 619 634 697
2 621 3 167 379 403
898 776 4 147 269 464 614
436 678 3 197 365 389
395 242 4 15 539 550 667
638 38 3 112 259 508
846 966 3 73 238 588
418 598 5 49 184 357 488 497
552 299 12 36 83 111 117 203 320 322 360 396 574 592 630
923 780 2 367 480
81 70 6 16 85 373 412 498 556
19 446 5 371 388 503 632 691
972 817 5 23 267 302 505 584
984 76 3 50 274 501
918 778 5 31 243 367 381 475
287 860 3 138 395 580
48 811 5 315 443 555 640 680
910 51 8 14 44 208 274 310 441 547 698
691 819 7 59 258 262 328 500 586 672
273 735 3 94 286 665
787 49 5 1 14 491 597 610
919 199 6 44 237 272 309 591 652
392 654 3 184 357 473
825 674 3 87 464 675
461 154 4 341 452 519 647
779 35 4 69 486 597 610
82 920 10 51 186 219 227 287 356 438 544 545 687
192 357 4 6 213 525 673
540 92 14 66 101 118 139 280 294 350 372 452 453 524 561 567 581
492 825 3 265 389 676
453 131 2 341 611
447 550 5 49 156 184 473 568
117 68 5 57 373 412 476 556
792 846 3 252 320 510
729 841 4 48 59 484 672
985 34 5 14 50 274 343 479
345 323 5 47 121 341 550 661
6 348 10 167 364 403 448 463 477 632 651 664 691
125 690 7 150 210 217 227 256 536 650
936 671 12 177 206 223 241 302 370 381 416 478 537 620 678
1 118 4 171 283 403 684
783 653 7 60 87 129 250 362 394 614
661 38 6 112 259 366 460 471 523
536 812 4 347 414 422 575
780 795 6 63 143 252 320 499 517
87 690 7 114 120 163 217 256 429 459
173 147 3 303 642 658
781 922 4 244 353 397 531
608 774 5 109 126 151 347 595
493 515 8 21 127 140 188 197 386 436 568
304 814 3 160 246 563
776 768 4 143 176 252 510
601 543 11 5 21 78 141 164 178 209 288 354 411 595
470 119 5 135 341 452 490 645
337 64 7 38 77 201 204 319 383 452
177 339 4 95 128 590 641
752 879 4 244 262 353 622
669 16 3 259 460 508
523 213 7 113 118 121 251 372 494 567
145 452 13 6 128 204 213 318 339 442 463 493 589 600 674 688
709 992 6 2 122 266 435 588 665
114 395 2 463 589
65 252 4 95 463 554 590
462 63 7 38 135 407 415 452 611 638
668 718 6 5 164 207 328 330 624
804 938 7 262 353 382 397 437 513 637
895 309 5 56 75 558 617 683
53 622 3 187 465 680
813 902 6 20 78 239 354 437 609
208 235 3 201 293 319
103 557 6 150 187 217 286 504 553
967 777 4 177 206 267 505
101 106 2 57 412
380 287 4 15 341 470 550
376 855 4 94 187 392 665
527 973 4 33 384 435 644
200 722 8 58 150 181 219 240 246 563 631
882 662 4 31 40 254 668
88 845 5 42 256 438 492 545
115 674 5 227 256 492 544 650
742 663 3 176 320 585
977 313 17 44 61 75 111 177 180 232 268 274 310 344 352 370 394 483 598 679
39 917 3 417 438 555
126 361 3 123 215 641
297 306 10 47 121 205 224 255 341 470 502 539 667
309 957 6 92 132 169 385 433 565
526 265 12 24 65 89 121 153 162 281 301 348 439 597 608
143 595 3 150 286 536
57 231 17 16 57 86 95 231 284 298 316 373 393 412 421 463 528 616 643 690
23 873 11 42 107 114 133 379 417 438 482 548 640 680
98 69 4 85 412 476 498
186 244 7 22 137 191 319 579 642 690
816 306 12 7 56 80 145 174 183 351 532 605 617 652 683
396 754 4 13 119 389 635
194 892 3 306 376 687
488 137 3 294 453 494
31 583 5 214 371 443 450 640
192 691 5 58 160 246 516 542
93 470 5 82 338 435 691 695
339 893 3 92 169 551
93 191 4 86 319 599 643
509 157 5 101 121 341 494 524
470 526 7 49 76 156 197 386 497 515
140 888 5 4 51 287 376 687
866 231 6 149 272 309 591 634 697
156 518 5 202 305 653 664 685
449 997 3 41 588 693
554 29 5 118 146 222 259 649
602 396 4 111 396 474 630
518 781 8 265 347 365 414 422 509 676 682
383 571 4 242 295 357 596
613 888 3 29 109 126
361 184 3 193 289 582
190 75 3 191 557 690
316 871 8 92 138 181 297 313 395 481 631
498 152 4 101 341 453 494
218 375 5 96 193 289 318 578
290 788 6 152 160 181 246 253 665
980 750 5 23 155 267 424 478
745 683 4 176 320 546 669
678 824 5 258 328 330 374 484
750 981 3 33 190 588
947 996 21 10 33 41 73 122 124 131 155 190 234 238 332 435 472 526 572 587 628 639 644 693
32 295 12 202 211 314 318 425 463 525 527 653 654 674 685
121 333 4 95 521 528 641
803 284 17 67 100 159 203 233 257 296 309 331 360 405 466 487 570 630 634 652
669 194 4 83 322 456 474
841 433 3 81 337 399
301 618 7 79 142 216 295 627 629 648
616 667 8 21 151 258 335 347 411 514 518
360 546 6 79 242 295 427 576 627
691 136 11 1 35 55 69 218 236 301 348 486 491 552
892 329 3 232 547 679
156 247 3 319 566 643
258 208 5 204 325 387 442 525
253 541 7 64 72 142 166 436 629 648
925 374 4 270 342 620 678
184 456 6 104 224 318 355 361 446
221 804 3 70 138 631
906 298 3 56 174 558
797 408 10 158 268 311 342 345 394 399 432 451 678
673 326 4 111 329 398 630
701 88 4 69 153 348 552
678 615 5 239 320 354 534 613
788 25 4 14 69 486 491
455 85 11 15 135 193 224 282 291 318 341 496 529 638
214 937 4 376 420 438 618
734 729 3 320 354 609
913 865 10 147 212 250 308 362 464 468 507 675 694
831 659 7 27 28 60 199 394 430 434
135 267 4 95 231 554 643
820 322 3 532 558 683
234 923 5 46 395 420 461 612
725 268 4 83 100 203 466
919 505 6 221 270 416 505 602 678
422 905 3 435 665 691
764 828 8 48 59 164 262 328 353 437 522
889 923 3 8 9 278
657 718 3 328 330 530
665 484 7 111 115 176 200 307 394 669
791 799 3 143 308 320
354 552 3 427 594 596
720 961 5 12 124 234 332 588
280 579 5 166 427 594 601 648
606 292 8 111 257 329 360 474 574 591 607
165 712 10 70 138 219 240 285 313 542 580 604 700
12 493 5 388 450 477 503 651
291 37 6 201 293 317 321 378 428
824 205 5 159 466 570 591 697
436 908 15 13 74 88 99 105 300 312 347 357 389 559 644 681 682 689
289 249 4 38 96 245 289
789 898 4 175 353 437 531
379 166 5 289 407 415 529 611
170 991 3 10 41 588
21 861 8 214 315 379 443 450 482 555 562
146 368 6 123 215 463 521 549 590
187 96 8 45 194 303 319 512 557 658 690
76 207 9 32 86 95 231 319 554 566 599 616
465 931 14 33 68 73 102 190 332 384 408 435 541 588 635 681 692
435 197 3 135 341 519
557 191 3 24 65 457
452 185 3 341 452 490
307 538 4 142 594 601 629
546 105 4 118 222 280 573
119 697 4 227 256 504 545
15 811 3 450 503 632
889 222 11 3 7 30 44 80 174 296 358 487 558 591
123 450 7 202 305 418 425 571 589 685
21 283 3 202 589 664
805 520 4 31 157 340 447
331 142 3 38 318 406
108 471 4 34 364 448 695
149 164 5 45 303 319 512 642
786 493 3 28 31 447
514 865 3 13 119 682
350 338 3 121 341 502
696 580 5 17 18 111 320 669
662 399 9 3 75 111 276 296 329 351 398 679
24 339 7 202 463 503 571 654 685 695
480 987 17 2 122 150 152 160 253 286 392 433 435 485 526 540 583 621 686 691
865 561 3 304 336 340
351 248 5 15 205 224 470 550
880 652 4 40 52 157 543
724 614 7 17 111 176 320 585 625 662
148 830 5 285 306 395 409 687
260 512 6 72 99 134 279 436 456
699 872 4 48 262 484 500
269 201 4 6 204 213 493
69 347 3 318 525 589
829 727 6 87 212 362 464 489 614
485 796 5 265 365 389 495 575
775 873 3 175 353 437
895 371 9 326 342 381 399 451 505 602 606 620
649 408 6 75 111 232 547 598 663
56 797 11 114 187 263 327 392 443 459 465 482 533 555
479 929 4 73 347 635 644
542 868 7 13 119 265 347 575 635 660
759 343 5 75 351 532 558 617
26 65 3 171 283 506
206 590 6 211 571 589 653 664 695
237 701 3 150 286 665
112 833 10 51 186 219 285 306 376 492 560 569 670
129 398 4 95 128 442 525
327 727 10 74 134 168 179 242 312 357 390 427 635
190 16 16 22 45 86 108 191 194 271 317 321 363 412 421 554 557 579 642
10 365 9 364 392 435 477 503 564 621 665 695
735 954 4 12 332 408 644
632 998 3 41 572 588
865 801 3 250 308 614
312 740 12 34 82 99 211 364 435 448 564 657 664 685 691
710 670 3 84 320 354
856 208 5 149 333 466 570 634
930 140 4 44 62 441 483
652 83 3 24 113 165
176 744 3 70 285 631
