100
291 486 5 58 62 67 90 96
219 575 7 21 24 42 58 62 70 91
393 199 9 19 25 28 50 62 74 81 84 94
785 226 7 26 42 46 49 65 66 100
35 454 5 6 13 76 79 91
46 412 4 5 13 87 91
108 234 3 48 69 87
336 126 7 15 33 39 63 80 86 89
617 17 7 12 33 38 66 92 95 97
577 125 3 38 57 64
19 339 3 17 76 92
607 74 3 9 38 66
100 56 7 5 6 48 69 79 87 92
369 426 4 32 58 78 84
94 534 7 8 37 39 56 62 80 91
214 52 6 33 39 48 53 59 83
15 539 4 11 76 91 92
734 548 7 28 41 42 47 51 52 82
514 320 7 3 28 41 50 51 71 94
783 111 3 60 65 95
414 576 3 2 24 58
509 228 7 23 29 31 54 61 72 99
453 106 12 22 26 30 31 34 38 44 46 57 64 77 99
440 567 4 2 21 58 62
374 311 7 3 52 75 84 88 93 94
669 215 7 4 23 46 49 57 66 100
705 270 3 44 46 77
354 139 13 3 18 19 33 45 47 51 54 62 72 73 81 82
753 449 6 22 31 42 44 46 98
399 130 2 23 38
567 258 6 22 23 29 44 61 99
330 412 4 14 58 67 78
392 28 13 8 9 16 28 38 48 54 55 59 62 63 80 92
612 249 3 23 44 77
165 119 6 39 40 43 48 87 91
250 454 3 62 67 78
175 224 4 15 39 43 56
507 32 11 9 10 12 23 30 33 54 55 57 64 66
239 284 12 8 15 16 35 37 40 43 48 53 83 86 89
167 153 3 35 39 43
528 389 5 18 19 51 52 94
799 587 12 2 4 18 29 46 47 52 58 65 70 72 91
167 167 6 35 37 39 40 56 91
645 306 8 23 27 29 31 34 46 77 98
376 136 3 28 54 73
776 275 10 4 23 26 27 29 42 44 49 77 98
648 426 5 18 28 42 72 82
152 40 10 7 13 16 33 35 39 69 83 87 92
749 253 3 4 26 46
422 245 4 3 19 71 94
631 440 4 18 19 28 41
703 566 9 18 25 41 42 58 68 88 93 94
235 62 5 16 39 59 63 86
379 113 8 22 28 33 38 45 55 72 73
493 36 3 33 38 54
150 277 4 15 37 43 91
684 207 6 10 23 26 38 64 66
572 577 14 1 2 14 21 24 32 42 52 62 67 68 84 90 96
272 54 4 16 33 53 63
767 87 5 20 65 66 85 95
668 367 2 22 31
146 539 16 1 2 3 15 24 28 33 36 58 67 74 78 80 81 91 96
245 75 5 8 33 53 59 86
574 124 4 10 23 38 57
799 139 6 4 20 42 60 66 95
758 182 11 4 9 12 26 38 57 60 65 85 97 100
320 446 6 1 32 36 58 62 78
473 466 5 52 58 75 84 88
124 95 4 7 13 48 87
201 593 3 2 42 91
484 322 3 19 50 94
615 330 6 22 28 42 47 54 73
515 255 4 28 45 54 72
288 383 4 3 62 78 84
506 447 4 25 68 84 88
28 256 6 5 11 17 79 91 92
633 240 5 23 27 34 44 46
319 361 7 14 32 36 62 67 74 84
39 366 4 5 13 76 92
156 509 4 8 15 33 62
343 174 3 3 28 62
533 320 3 18 28 47
203 134 3 16 39 48
315 343 8 3 14 25 58 68 74 75 78
725 52 4 60 66 95 97
254 131 5 8 39 53 63 89
87 381 7 6 7 13 35 48 69 91
576 498 5 25 52 68 75 93
263 212 3 8 39 86
383 488 2 1 58
26 595 13 2 5 6 15 17 35 42 43 56 62 70 76 87
7 41 8 9 11 13 17 33 48 76 79
599 492 3 25 52 88
501 399 7 3 19 25 41 50 52 71
797 40 6 9 20 60 65 85 97
277 516 3 1 58 62
619 18 4 9 66 85 95
742 323 3 29 44 46
547 234 3 22 23 31
693 216 3 4 26 66
