< test data #1 >
3 3
0 0 0
0 0 0
0 0 0

RESULT : 
0 0
5

< test data #2 >
3 3
1 1 0
1 1 1
0 0 0

RESULT : 
2 3
5

< test data #3 >
7 5
0 0 0 0 0
0 1 1 1 1
0 1 1 1 1
0 0 1 0 0
1 1 1 1 0
1 1 1 1 0
0 0 0 0 0

RESULT : 
4 3
19

< test data #4 >
10 10
0 0 0 0 0 0 1 0 0 0
0 1 1 1 1 0 1 1 1 1 
0 0 0 1 0 0 1 0 1 0 
1 1 0 1 1 1 1 0 1 1
0 0 0 0 1 0 0 0 0 1
1 1 1 0 1 0 1 0 1 1
0 0 0 0 0 0 1 0 1 1
1 1 1 0 1 0 1 0 1 0
1 1 0 0 1 0 1 0 1 0
0 0 0 0 0 0 0 0 0 0

RESULT : 
2 8
19

< test data #5 >
10 10
0 0 0 0 0 0 0 0 0 0
0 1 1 1 1 1 1 1 1 1 
0 1 0 1 1 1 1 0 1 1 
0 0 0 0 0 0 0 0 0 0
1 1 1 0 1 1 1 1 1 1
1 1 1 0 1 1 1 1 1 1
0 0 0 0 0 0 0 0 0 0
1 1 1 1 1 0 1 1 1 0
1 1 1 1 1 0 1 1 1 0
0 0 0 0 0 0 0 0 0 0

RESULT : 
2 8
23

