64
371 90 3 1 6
0 100 200 1 1
0 101 200 1 1
1 102 98 1 2
5 110 3 1 6
12 106 3 1 6
24 104 9 1 5
25 106 3 1 6
32 102 3 1 6
2 104 47 1 3
3 106 22 1 4
4 108 9 1 5
48 102 22 1 4
49 104 9 1 5
50 106 3 1 6
57 102 3 1 6
69 100 9 1 5
101 106 3 1 6
108 102 3 1 6
120 100 9 1 5
121 102 3 1 6
128 98 3 1 6
144 98 22 1 4
145 100 9 1 5
146 102 3 1 6
153 98 3 1 6
165 96 9 1 5
166 98 3 1 6
173 94 3 1 6
199 98 98 1 2
200 100 47 1 3
201 102 22 1 4
202 104 9 1 5
203 106 3 1 6
70 102 3 1 6
77 98 3 1 6
98 100 47 1 3
99 102 22 1 4
100 104 9 1 5
210 102 3 1 6
222 100 9 1 5
223 102 3 1 6
230 98 3 1 6
246 98 22 1 4
247 100 9 1 5
248 102 3 1 6
255 98 3 1 6
267 96 9 1 5
299 102 3 1 6
306 98 3 1 6
318 96 9 1 5
319 98 3 1 6
326 94 3 1 6
268 98 3 1 6
275 94 3 1 6
296 96 47 1 3
297 98 22 1 4
298 100 9 1 5
342 94 22 1 4
343 96 9 1 5
344 98 3 1 6
351 94 3 1 6
363 92 9 1 5
364 94 3 1 6
