100 147
81 92 1
71 82 1
82 93 1
61 72 1
72 83 1
83 94 1
51 62 1
62 73 1
73 84 1
84 95 1
41 52 1
52 63 1
63 74 1
74 85 1
85 96 1
31 42 1
42 53 1
53 64 1
64 75 1
75 86 1
86 97 1
21 32 1
32 43 1
43 54 1
54 65 1
65 76 1
76 87 1
87 98 1
11 22 1
22 33 1
33 44 1
44 55 1
55 66 1
66 77 1
77 88 1
88 99 1
1 12 1
12 23 1
23 34 1
34 45 1
45 56 1
56 67 1
67 78 1
78 89 1
89 100 1
2 13 1
13 24 1
24 35 1
35 46 1
46 57 1
57 68 1
68 79 1
79 90 1
3 14 1
14 25 1
25 36 1
36 47 1
47 58 1
58 69 1
69 80 1
4 15 1
15 26 1
26 37 1
37 48 1
48 59 1
59 70 1
5 16 1
16 27 1
27 38 1
38 49 1
49 60 1
6 17 1
17 28 1
28 39 1
39 50 1
7 18 1
18 29 1
29 40 1
8 19 1
19 30 1
9 20 1
35 44 1
36 45 1
45 54 1
37 46 1
46 55 1
55 64 1
38 47 1
47 56 1
56 65 1
65 74 1
48 57 1
57 66 1
66 75 1
58 67 1
67 76 1
68 77 1
18 19 2
19 20 2
34 35 2
35 36 2
36 37 2
37 38 2
44 45 2
45 46 2
46 47 2
47 48 2
54 55 2
55 56 2
56 57 2
57 58 2
64 65 2
65 66 2
66 67 2
67 68 2
73 74 2
74 75 2
75 76 2
76 77 2
77 78 2
82 83 2
81 91 2
82 92 2
73 83 2
34 44 2
44 54 2
54 64 2
64 74 2
35 45 2
45 55 2
55 65 2
65 75 2
36 46 2
46 56 2
56 66 2
66 76 2
37 47 2
47 57 2
57 67 2
67 77 2
18 28 2
28 38 2
38 48 2
48 58 2
58 68 2
68 78 2
10 20 2
91 56 10