100
484 4597
-28025 -17888
-20716 11752
-10828 1473
-1047 17045
23390 23554
-14034 15307
-24148 21908
-14734 19625
-3029 7282
-12950 28987
3262 16216
-16051 -15429
-20017 -18063
3653 10322
-12959 -3414
-13379 6581
8858 11723
-1809 20748
-19992 23216
-26631 12156
-470 9084
7405 16100
-20626 7077
14056 28396
-22658 -14339
-10788 9234
-21120 -20555
9893 19560
-24801 -17107
-19971 -5981
-23045 -18174
-19801 23640
-29058 -8396
-25819 -23448
-17950 29722
-3201 29259
-27558 -24802
-23984 -5116
-11124 16940
-1744 1631
-14133 -10302
-11495 -11487
-3904 6042
-25343 19754
-23148 -13282
-15171 -979
-20311 -7423
-19688 1734
-2369 7697
-1508 10467
-14527 9074
-20671 -6126
13046 15858
-8690 -1201
6125 13987
-13556 3157
-5312 26616
-5983 26455
-18377 17992
9355 11108
4036 27748
-16804 787
-16003 14316
25904 28978
2240 13195
-10771 -5075
-20193 14558
8476 21932
-10961 15496
26061 28505
-6444 9468
-6691 -3855
-19765 -7387
-16904 19221
-27766 -27515
-24222 1918
-14590 -10772
-27496 20096
7930 14251
-7226 29937
-21701 -2271
-28676 23848
-15646 9874
-22451 11782
-21683 -1537
-8700 24803
15444 22898
-24978 12073
-11728 29280
-20488 24981
-1386 8269
-14096 2580
-21313 4847
5269 20826
-13131 -7457
-17215 12215
-15363 6762
-11342 -3575
-7813 216
