100 99
0 54 45 38 18 75 35 89 83 30 6 89 76 59 84 45 82 23 32 96 39 17 73 15 3 1 44 14 68 73 37 98 18 62 37 55 50 55 16 53 58 30 94 8 98 28 24 2 30 14 12 25 70 81 32 100 33 29 42 79 100 82 65 66 100 80 40 64 36 92 7 75 41 9 29 80 98 43 20 15 7 4 76 65 41 77 79 5 60 69 81 96 38 51 19 76 63 62 81 49 
54 0 70 2 83 13 73 86 56 27 32 73 5 64 54 52 63 45 44 2 81 5 1 98 72 81 89 82 71 74 74 77 14 85 49 65 2 60 47 96 51 58 60 51 93 65 66 35 45 85 79 20 82 16 26 9 52 39 66 39 73 50 55 8 24 38 72 26 96 55 10 91 15 74 45 78 74 79 90 46 16 97 47 59 4 95 59 10 89 67 83 57 56 33 79 56 20 65 42 97 
45 70 0 77 74 63 36 80 66 54 18 16 5 28 91 3 82 52 13 48 39 76 26 78 51 57 33 25 93 75 36 43 12 65 55 35 34 58 13 4 18 55 2 66 84 33 96 60 32 2 41 92 87 7 95 41 70 9 31 69 42 23 81 59 17 50 42 37 95 2 21 74 2 21 27 49 96 12 97 67 31 7 69 95 17 36 75 29 91 64 80 49 30 55 35 66 9 10 66 30 
38 2 77 0 55 55 72 7 81 27 55 69 64 27 52 34 52 81 89 90 48 97 36 22 73 48 75 9 49 61 63 85 7 59 1 38 54 28 95 43 9 52 13 5 49 89 28 100 60 40 56 91 40 81 64 27 65 91 76 68 32 78 41 69 19 16 87 62 72 89 35 56 31 78 95 18 55 66 14 29 8 6 93 90 95 29 62 79 7 26 10 25 52 100 65 98 47 2 28 83 
18 83 74 55 0 29 54 52 45 83 89 60 45 25 77 9 16 44 1 88 54 52 36 48 42 31 91 68 57 24 74 42 81 81 43 96 60 88 98 21 36 90 73 32 1 42 94 31 84 2 50 94 34 95 53 55 7 57 24 9 17 100 98 99 52 2 65 27 29 51 43 35 87 69 22 2 80 33 45 13 82 10 85 31 53 45 79 33 95 97 68 53 39 78 26 75 77 82 1 22 
75 13 63 55 29 0 5 60 70 100 80 27 29 25 54 62 7 4 88 85 36 82 15 65 70 47 53 53 70 92 34 91 62 28 48 85 83 49 81 99 8 38 28 62 93 23 72 36 13 67 10 35 40 99 3 59 33 76 58 20 77 78 89 18 65 28 86 63 50 41 27 91 43 88 71 62 13 84 63 100 48 82 82 58 36 98 77 72 30 17 13 80 42 31 73 73 48 63 38 60 
35 73 36 72 54 5 0 41 98 93 2 12 4 77 7 93 58 33 43 50 45 66 44 65 60 74 88 75 82 50 8 20 38 31 16 74 37 83 11 1 83 7 36 6 56 43 66 40 66 66 92 11 66 54 73 72 32 11 33 35 97 31 70 69 49 85 45 63 67 26 42 74 26 73 39 69 28 92 100 63 91 23 15 76 71 65 15 6 27 83 73 30 7 44 19 51 81 38 97 84 
89 86 80 7 52 60 41 0 90 98 67 12 24 75 99 96 21 79 59 76 82 47 23 42 4 45 31 18 24 61 15 34 69 5 4 30 17 69 53 63 53 62 93 67 38 74 41 40 51 82 85 95 55 55 64 60 21 71 73 61 67 97 6 74 57 59 61 75 4 35 34 77 24 6 18 95 94 10 35 2 52 12 10 38 91 45 30 34 97 45 84 94 65 20 35 29 63 80 16 54 
83 56 66 81 45 70 98 90 0 56 72 98 57 83 48 28 55 84 2 87 40 69 4 57 29 35 90 50 21 20 99 95 78 95 36 30 33 90 67 90 44 52 95 49 85 27 35 3 9 69 44 48 62 67 26 40 93 1 45 97 31 94 92 32 75 96 30 60 70 60 51 89 20 38 96 27 99 68 38 11 22 70 12 6 31 25 68 62 57 66 40 83 28 41 13 8 53 76 65 36 
30 27 54 27 83 100 93 98 56 0 81 9 89 14 63 24 44 15 90 36 61 12 63 77 57 93 63 36 54 19 55 73 84 62 28 96 77 27 81 6 84 7 58 91 66 55 55 85 87 38 99 72 34 56 4 47 10 78 26 11 31 95 21 31 65 25 2 10 28 86 34 25 4 66 45 73 95 92 85 65 54 58 23 38 13 83 19 98 78 74 44 77 79 67 92 15 49 9 70 52 
6 32 18 55 89 80 2 67 72 81 0 38 71 87 37 24 43 42 38 19 96 40 69 47 79 11 7 86 26 86 18 50 32 89 73 3 1 10 64 79 86 10 2 9 58 19 9 20 12 100 86 7 30 13 72 49 48 66 70 67 5 85 58 89 46 92 57 36 54 20 86 76 74 50 61 67 15 13 78 44 85 24 31 57 46 2 11 23 50 44 34 98 35 2 36 39 48 33 2 41 
89 73 16 69 60 27 12 12 98 9 38 0 74 68 51 41 27 73 42 70 99 55 43 30 16 72 4 95 87 3 92 5 10 52 20 50 18 23 35 19 13 47 97 7 100 4 96 51 43 14 75 2 60 34 70 87 100 55 52 76 87 20 83 14 97 53 67 22 47 38 5 30 56 21 44 53 61 84 24 64 59 60 4 76 36 40 91 3 71 36 35 81 70 57 21 44 17 62 26 40 
76 5 5 64 45 29 4 24 57 89 71 74 0 9 41 58 49 30 96 63 26 76 62 3 12 52 54 91 33 58 70 3 44 4 34 31 21 51 23 7 70 20 46 67 60 77 28 76 31 33 65 91 99 56 99 68 9 42 91 13 42 45 21 70 56 17 18 33 34 36 29 7 42 92 27 74 64 18 100 5 9 2 76 76 76 2 59 18 44 87 17 61 100 10 95 19 60 66 13 50 
59 64 28 27 25 25 77 75 83 14 87 68 9 0 88 21 89 54 89 66 80 47 63 87 58 54 95 12 29 86 87 5 6 17 87 87 33 44 33 53 96 45 57 48 94 6 77 93 22 45 21 9 31 1 98 33 9 2 79 81 77 3 91 47 11 98 85 82 95 85 93 67 31 7 26 2 92 40 24 30 48 46 22 33 61 69 35 92 62 91 29 70 27 25 74 2 46 56 61 55 
84 54 91 52 77 54 7 99 48 63 37 51 41 88 0 8 22 62 35 11 31 24 5 89 8 80 100 91 84 56 90 3 96 70 94 30 29 90 75 37 64 53 32 85 54 20 25 34 11 50 31 50 7 85 78 21 81 24 61 78 54 65 71 46 45 27 56 26 90 86 37 20 49 70 92 9 19 42 56 84 21 95 18 65 93 24 80 78 46 63 62 40 18 71 9 28 95 57 89 71 
45 52 3 34 9 62 93 96 28 24 24 41 58 21 8 0 13 21 36 43 25 97 27 97 44 86 51 27 40 62 53 76 11 31 12 2 5 33 45 8 1 70 77 42 38 41 93 84 4 74 92 23 53 33 71 36 89 90 52 81 67 46 79 5 48 76 16 88 76 98 39 21 95 40 89 35 85 87 58 92 32 4 69 33 7 6 51 14 78 70 44 19 21 69 34 80 59 6 72 84 
82 63 82 52 16 7 58 21 55 44 43 27 49 89 22 13 0 93 49 66 17 58 34 100 6 61 30 65 22 35 46 66 98 80 71 84 20 2 19 53 67 34 81 44 29 61 46 3 93 4 6 38 39 12 86 4 8 5 36 88 4 14 17 28 95 78 13 76 50 15 9 43 5 55 59 27 85 40 2 73 69 76 17 56 32 46 7 37 45 74 96 88 74 37 9 38 58 24 43 26 
23 45 52 81 44 4 33 79 84 15 42 73 30 54 62 21 93 0 1 40 89 20 63 47 12 89 83 46 54 85 20 87 57 15 47 15 85 76 77 41 32 20 67 37 93 19 69 56 2 21 73 64 88 31 28 91 74 31 63 96 63 83 7 34 32 98 34 38 88 37 16 91 91 25 25 13 17 37 66 28 57 42 70 39 11 63 37 81 6 41 66 70 66 52 44 30 73 80 49 1 
32 44 13 89 1 88 43 59 2 90 38 42 96 89 35 36 49 1 0 60 79 25 30 51 41 91 29 10 96 41 9 5 57 99 84 44 45 83 29 1 99 37 17 81 19 98 100 41 25 50 55 25 99 24 75 16 91 10 16 76 43 36 86 71 27 69 82 48 44 10 60 77 76 24 48 1 48 91 89 24 89 99 17 85 36 84 60 21 91 34 68 100 63 50 57 7 3 94 84 65 
96 2 48 90 88 85 50 76 87 36 19 70 63 66 11 43 66 40 60 0 70 15 18 81 32 79 43 99 48 94 54 40 18 59 69 18 69 28 36 25 47 15 47 42 84 31 41 94 26 89 4 11 73 49 60 89 20 56 46 26 64 35 70 32 50 100 59 83 20 35 68 19 58 8 81 42 75 84 68 41 30 74 24 85 42 17 59 4 82 12 65 10 86 94 27 74 12 91 1 16 
39 81 39 48 54 36 45 82 40 61 96 99 26 80 31 25 17 89 79 70 0 48 35 38 19 10 74 62 18 42 64 87 84 35 71 89 62 10 75 5 58 50 8 77 58 42 4 30 66 21 6 74 30 55 10 42 72 82 73 47 66 35 80 61 90 57 5 13 93 48 34 2 10 49 8 23 56 2 50 100 39 87 23 23 18 82 100 93 51 42 72 62 61 44 97 68 50 99 6 72 
17 5 76 97 52 82 66 47 69 12 40 55 76 47 24 97 58 20 25 15 48 0 11 67 57 70 47 92 79 10 67 74 72 74 49 9 22 59 49 13 92 19 58 51 38 94 54 100 28 3 87 55 4 9 24 22 61 45 87 85 90 8 31 11 61 4 81 78 85 57 73 71 30 63 22 58 43 100 76 72 44 76 50 12 35 35 20 5 14 79 72 22 15 57 69 3 64 58 50 73 
73 1 26 36 36 15 44 23 4 63 69 43 62 63 5 27 34 63 30 18 35 11 0 100 60 14 19 11 85 3 4 63 99 35 72 65 14 16 44 37 23 65 50 41 40 75 91 30 60 77 81 79 20 97 66 55 75 79 62 84 60 85 21 74 79 18 53 68 57 92 19 50 14 2 33 16 9 97 68 14 86 32 19 58 90 92 18 44 74 50 45 50 79 84 30 59 91 89 7 80 
15 98 78 22 48 65 65 42 57 77 47 30 3 87 89 97 100 47 51 81 38 67 100 0 62 11 94 20 13 52 69 69 85 65 19 50 70 87 29 4 80 32 84 62 97 87 54 67 48 42 45 99 52 92 68 82 2 35 17 92 92 17 13 82 83 37 4 24 11 75 65 77 23 44 5 8 48 29 14 41 88 29 68 84 47 48 9 9 66 55 26 19 88 73 63 90 31 96 71 24 
3 72 51 73 42 70 60 4 29 57 79 16 12 58 8 44 6 12 41 32 19 57 60 62 0 77 4 22 87 64 81 15 84 96 94 94 36 37 45 94 3 23 54 46 49 56 88 49 53 4 77 56 81 76 56 58 42 98 64 34 98 66 27 38 96 78 77 1 65 48 15 7 50 95 90 33 42 94 80 8 50 8 63 69 97 77 57 97 73 73 20 77 28 4 92 91 51 94 50 82 
1 81 57 48 31 47 74 45 35 93 11 72 52 54 80 86 61 89 91 79 10 70 14 11 77 0 98 91 96 83 21 43 10 67 82 13 8 12 72 34 43 22 33 13 69 7 15 63 18 66 47 73 13 78 61 11 67 27 54 48 70 86 16 14 47 83 17 64 72 62 81 82 9 73 36 74 88 99 70 97 79 60 78 80 59 95 41 62 55 65 10 21 47 73 38 17 13 60 45 15 
44 89 33 75 91 53 88 31 90 63 7 4 54 95 100 51 30 83 29 43 74 47 19 94 4 98 0 4 50 42 16 28 22 7 68 41 75 41 70 4 55 98 51 23 30 8 44 23 66 91 25 69 93 92 30 98 14 21 46 62 58 26 69 47 10 99 20 79 28 37 41 72 89 37 24 29 60 83 22 56 42 79 91 1 81 89 96 70 4 50 56 34 58 4 35 92 17 21 68 86 
14 82 25 9 68 53 75 18 50 36 86 95 91 12 91 27 65 46 10 99 62 92 11 20 22 91 4 0 40 68 35 40 41 78 55 27 53 89 24 19 42 6 65 41 67 39 23 74 30 93 58 35 15 52 78 65 65 33 66 70 85 47 44 43 31 56 16 97 68 55 45 53 60 61 11 10 69 58 85 36 30 61 81 7 82 48 24 47 17 47 86 69 28 92 24 94 18 62 93 46 
68 71 93 49 57 70 82 24 21 54 26 87 33 29 84 40 22 54 96 48 18 79 85 13 87 96 50 40 0 55 9 46 80 28 82 7 62 97 65 20 56 85 20 69 23 4 75 68 98 75 30 12 49 23 23 97 85 3 36 88 10 53 86 54 96 19 64 46 75 52 81 35 15 16 90 82 81 16 17 68 55 83 2 47 5 16 62 52 84 27 75 19 52 92 21 59 79 47 51 37 
73 74 75 61 24 92 50 61 20 19 86 3 58 86 56 62 35 85 41 94 42 10 3 52 64 83 42 68 55 0 59 23 31 99 73 84 41 96 10 45 62 49 33 26 36 7 57 42 36 41 40 71 27 21 63 95 55 19 82 66 44 6 50 92 43 49 64 92 100 3 65 6 1 100 27 27 57 26 58 29 75 84 78 59 94 41 64 73 29 58 40 72 94 93 11 32 47 88 5 82 
37 74 36 63 74 34 8 15 99 55 18 92 70 87 90 53 46 20 9 54 64 67 4 69 81 21 16 35 9 59 0 45 9 31 8 29 79 7 52 45 52 84 94 10 66 1 54 30 45 2 29 91 63 62 99 8 55 35 5 79 81 88 38 6 37 17 47 42 6 24 8 31 48 43 45 77 37 92 58 43 13 54 55 87 90 37 26 44 62 43 65 74 64 84 83 68 26 67 13 42 
98 77 43 85 42 91 20 34 95 73 50 5 3 5 3 76 66 87 5 40 87 74 63 69 15 43 28 40 46 23 45 0 68 6 41 100 95 69 80 16 12 11 17 95 42 24 36 71 57 34 68 13 4 84 54 73 34 42 83 69 29 46 84 31 19 59 38 92 88 25 89 68 74 96 15 99 43 43 46 98 52 95 83 81 82 34 9 20 56 89 42 99 16 52 30 16 76 67 27 97 
18 14 12 7 81 62 38 69 78 84 32 10 44 6 96 11 98 57 57 18 84 72 99 85 84 10 22 41 80 31 9 68 0 38 1 51 78 70 63 77 23 43 73 50 26 23 46 69 66 15 98 53 61 60 30 6 3 71 9 12 8 23 92 76 61 70 17 38 94 13 7 71 87 86 2 3 17 90 88 66 39 39 10 3 46 42 50 62 77 97 70 80 19 11 76 96 80 28 21 9 
62 85 65 59 81 28 31 5 95 62 89 52 4 17 70 31 80 15 99 59 35 74 35 65 96 67 7 78 28 99 31 6 38 0 67 80 99 3 65 29 46 52 34 33 99 52 24 2 30 65 27 63 9 38 71 8 16 75 66 53 36 35 6 70 86 18 52 17 92 20 83 48 51 34 46 1 39 48 98 71 48 37 61 50 48 100 89 37 54 32 67 32 70 84 43 68 17 5 6 33 
37 49 55 1 43 48 16 4 36 28 73 20 34 87 94 12 71 47 84 69 71 49 72 19 94 82 68 55 82 73 8 41 1 67 0 12 10 20 31 90 76 23 8 41 14 92 27 81 5 7 95 84 57 86 32 24 71 45 93 52 74 47 11 46 5 90 3 69 2 11 85 62 97 40 33 22 53 91 66 75 49 27 57 14 58 73 56 88 6 26 48 35 77 30 5 31 41 68 69 46 
55 65 35 38 96 85 74 30 30 96 3 50 31 87 30 2 84 15 44 18 89 9 65 50 94 13 41 27 7 84 29 100 51 80 12 0 66 41 30 98 5 72 20 72 5 30 1 4 37 85 59 10 93 12 88 42 42 37 76 50 5 54 70 60 27 6 37 6 11 48 3 55 99 2 81 62 53 99 60 70 28 52 91 26 91 18 22 5 74 11 20 8 11 36 41 50 68 75 79 92 
50 2 34 54 60 83 37 17 33 77 1 18 21 33 29 5 20 85 45 69 62 22 14 70 36 8 75 53 62 41 79 95 78 99 10 66 0 88 26 57 19 70 10 91 39 21 42 87 1 74 97 8 92 25 60 69 28 85 83 88 94 88 45 70 44 59 47 32 22 88 20 59 2 98 85 92 32 72 55 41 58 14 97 31 17 5 61 54 88 54 90 55 75 71 4 24 15 87 99 2 
55 60 58 28 88 49 83 69 90 27 10 23 51 44 90 33 2 76 83 28 10 59 16 87 37 12 41 89 97 96 7 69 70 3 20 41 88 0 93 42 28 93 47 54 16 92 43 11 86 98 25 80 28 46 86 84 95 18 91 45 73 62 94 34 90 86 63 28 11 56 83 24 2 58 23 1 95 63 56 83 39 47 17 94 71 4 65 54 91 19 71 17 78 14 73 93 31 55 16 50 
16 47 13 95 98 81 11 53 67 81 64 35 23 33 75 45 19 77 29 36 75 49 44 29 45 72 70 24 65 10 52 80 63 65 31 30 26 93 0 64 30 43 46 46 69 28 91 18 45 32 74 69 95 76 69 11 24 96 48 29 29 90 17 50 83 11 4 8 44 31 10 44 23 7 63 19 57 89 67 84 41 10 10 85 64 74 8 35 89 1 41 45 37 37 83 41 5 88 63 59 
53 96 4 43 21 99 1 63 90 6 79 19 7 53 37 8 53 41 1 25 5 13 37 4 94 34 4 19 20 45 45 16 77 29 90 98 57 42 64 0 84 93 58 40 2 84 67 31 67 59 62 95 21 6 58 48 91 8 5 33 47 79 47 26 46 32 45 5 84 59 8 70 18 13 32 45 99 63 95 47 61 21 2 56 22 16 26 74 30 6 44 99 13 6 22 12 76 20 22 97 
58 51 18 9 36 8 83 53 44 84 86 13 70 96 64 1 67 32 99 47 58 92 23 80 3 43 55 42 56 62 52 12 23 46 76 5 19 28 30 84 0 87 57 16 83 9 34 62 52 10 9 22 83 17 85 1 75 43 13 61 29 49 23 2 29 66 39 61 98 62 75 25 78 50 97 7 93 33 23 69 60 99 67 63 11 27 90 64 65 53 48 53 37 32 41 42 22 53 10 100 
30 58 55 52 90 38 7 62 52 7 10 47 20 45 53 70 34 20 37 15 50 19 65 32 23 22 98 6 85 49 84 11 43 52 23 72 70 93 43 93 87 0 31 55 2 55 10 71 67 39 47 82 79 64 71 93 60 77 54 100 2 89 38 82 52 31 70 80 72 23 82 85 31 18 9 21 30 3 61 15 37 12 47 64 27 48 88 88 89 59 88 61 16 62 14 30 31 65 56 7 
94 60 2 13 73 28 36 93 95 58 2 97 46 57 32 77 81 67 17 47 8 58 50 84 54 33 51 65 20 33 94 17 73 34 8 20 10 47 46 58 57 31 0 56 91 15 39 92 32 88 42 18 51 98 13 53 66 46 2 19 15 20 43 31 49 44 48 56 60 13 60 72 66 76 46 59 83 29 57 61 99 72 15 53 72 95 63 41 83 52 35 38 46 76 83 44 26 3 18 72 
8 51 66 5 32 62 6 67 49 91 9 7 67 48 85 42 44 37 81 42 77 51 41 62 46 13 23 41 69 26 10 95 50 33 41 72 91 54 46 40 16 55 56 0 52 58 1 39 86 64 44 77 28 37 48 84 20 22 55 50 30 26 26 3 84 25 18 92 16 71 99 64 7 3 41 43 96 76 48 73 16 6 61 34 45 54 85 85 33 50 90 53 79 71 29 21 32 77 21 21 
98 93 84 49 1 93 56 38 85 66 58 100 60 94 54 38 29 93 19 84 58 38 40 97 49 69 30 67 23 36 66 42 26 99 14 5 39 16 69 2 83 2 91 52 0 89 21 48 3 54 32 5 77 42 99 62 95 88 42 78 82 44 99 8 66 19 21 64 33 64 11 66 53 29 76 31 89 20 46 52 52 66 32 11 8 30 59 68 3 77 65 87 100 24 92 21 7 100 55 38 
28 65 33 89 42 23 43 74 27 55 19 4 77 6 20 41 61 19 98 31 42 94 75 87 56 7 8 39 4 7 1 24 23 52 92 30 21 92 28 84 9 55 15 58 89 0 89 19 31 96 38 19 42 48 91 53 70 99 81 86 99 78 2 90 92 59 74 95 22 98 98 77 59 96 67 35 24 87 49 71 19 43 90 86 46 90 49 26 19 42 37 94 81 38 49 44 39 92 62 98 
24 66 96 28 94 72 66 41 35 55 9 96 28 77 25 93 46 69 100 41 4 54 91 54 88 15 44 23 75 57 54 36 46 24 27 1 42 43 91 67 34 10 39 1 21 89 0 11 35 10 83 28 69 82 28 52 3 69 36 66 99 3 55 15 90 13 65 22 1 47 13 81 42 69 3 41 90 100 81 86 40 2 15 30 41 68 21 18 92 33 21 66 18 49 91 27 95 62 87 12 
2 35 60 100 31 36 40 40 3 85 20 51 76 93 34 84 3 56 41 94 30 100 30 67 49 63 23 74 68 42 30 71 69 2 81 4 87 11 18 31 62 71 92 39 48 19 11 0 60 13 7 52 54 10 71 44 42 98 78 51 69 65 36 98 81 17 98 52 78 51 25 16 22 78 100 16 71 2 1 23 70 19 79 3 55 48 40 98 1 46 67 65 93 21 98 69 21 100 82 41 
30 45 32 60 84 13 66 51 9 87 12 43 31 22 11 4 93 2 25 26 66 28 60 48 53 18 66 30 98 36 45 57 66 30 5 37 1 86 45 67 52 67 32 86 3 31 35 60 0 99 66 36 18 98 18 30 65 96 67 4 96 47 23 73 94 40 87 93 55 88 11 65 41 100 18 46 85 61 66 39 20 8 45 33 74 98 75 66 14 67 21 87 72 71 64 75 41 21 60 7 
14 85 2 40 2 67 66 82 69 38 100 14 33 45 50 74 4 21 50 89 21 3 77 42 4 66 91 93 75 41 2 34 15 65 7 85 74 98 32 59 10 39 88 64 54 96 10 13 99 0 69 89 37 29 42 92 33 15 88 64 42 73 81 75 83 85 92 42 34 38 54 93 54 29 95 92 58 9 9 26 27 44 98 54 49 57 88 90 71 29 25 61 34 30 68 85 7 53 80 14 
12 79 41 56 50 10 92 85 44 99 86 75 65 21 31 92 6 73 55 4 6 87 81 45 77 47 25 58 30 40 29 68 98 27 95 59 97 25 74 62 9 47 42 44 32 38 83 7 66 69 0 55 13 29 2 86 100 15 20 100 42 20 98 77 62 5 100 47 88 48 27 64 4 46 47 26 97 78 38 68 88 53 62 81 1 37 35 63 62 82 36 62 81 47 94 25 6 54 9 12 
25 20 92 91 94 35 11 95 48 72 7 2 91 9 50 23 38 64 25 11 74 55 79 99 56 73 69 35 12 71 91 13 53 63 84 10 8 80 69 95 22 82 18 77 5 19 28 52 36 89 55 0 1 48 53 75 47 3 84 78 1 60 53 47 32 26 1 30 52 30 51 61 66 50 82 95 73 16 90 18 13 12 31 100 18 66 33 92 54 53 99 30 10 18 59 53 16 19 14 98 
70 82 87 40 34 40 66 55 62 34 30 60 99 31 7 53 39 88 99 73 30 4 20 52 81 13 93 15 49 27 63 4 61 9 57 93 92 28 95 21 83 79 51 28 77 42 69 54 18 37 13 1 0 55 11 23 84 55 77 69 28 7 8 75 28 11 51 77 48 98 30 49 34 14 55 84 1 32 8 5 22 63 53 46 61 43 36 39 62 62 24 73 67 11 55 55 55 18 43 28 
81 16 7 81 95 99 54 55 67 56 13 34 56 1 85 33 12 31 24 49 55 9 97 92 76 78 92 52 23 21 62 84 60 38 86 12 25 46 76 6 17 64 98 37 42 48 82 10 98 29 29 48 55 0 70 42 26 99 44 5 70 97 86 16 39 55 21 88 54 9 71 86 18 5 55 10 55 33 98 53 43 50 30 42 67 29 57 93 90 93 98 95 64 62 60 51 75 86 43 93 
32 26 95 64 53 3 73 64 26 4 72 70 99 98 78 71 86 28 75 60 10 24 66 68 56 61 30 78 23 63 99 54 30 71 32 88 60 86 69 58 85 71 13 48 99 91 28 71 18 42 2 53 11 70 0 51 81 59 97 17 41 51 14 36 57 83 46 11 98 9 84 2 90 80 34 11 61 98 44 5 69 74 69 31 94 7 74 76 5 35 29 53 83 67 77 37 17 65 37 53 
100 9 41 27 55 59 72 60 40 47 49 87 68 33 21 36 4 91 16 89 42 22 55 82 58 11 98 65 97 95 8 73 6 8 24 42 69 84 11 48 1 93 53 84 62 53 52 44 30 92 86 75 23 42 51 0 50 78 32 31 86 88 87 34 45 72 3 65 73 59 39 75 89 66 16 63 91 87 76 93 82 45 97 31 51 62 20 12 75 51 68 42 61 5 17 53 6 79 12 20 
33 52 70 65 7 33 32 21 93 10 48 100 9 9 81 89 8 74 91 20 72 61 75 2 42 67 14 65 85 55 55 34 3 16 71 42 28 95 24 91 75 60 66 20 95 70 3 42 65 33 100 47 84 26 81 50 0 94 23 74 30 96 94 96 50 12 79 71 60 5 59 59 96 62 72 26 88 56 69 63 23 21 39 27 19 19 5 2 45 18 54 25 71 57 100 78 79 10 55 89 
29 39 9 91 57 76 11 71 1 78 66 55 42 2 24 90 5 31 10 56 82 45 79 35 98 27 21 33 3 19 35 42 71 75 45 37 85 18 96 8 43 77 46 22 88 99 69 98 96 15 15 3 55 99 59 78 94 0 31 35 8 40 9 19 71 27 31 92 1 79 67 39 70 64 33 73 65 96 23 99 15 85 25 29 15 22 94 90 37 46 34 72 21 6 54 58 12 36 48 99 
42 66 31 76 24 58 33 73 45 26 70 52 91 79 61 52 36 63 16 46 73 87 62 17 64 54 46 66 36 82 5 83 9 66 93 76 83 91 48 5 13 54 2 55 42 81 36 78 67 88 20 84 77 44 97 32 23 31 0 47 68 69 54 59 12 52 76 2 6 37 52 50 88 75 84 3 74 41 23 25 98 52 27 54 17 16 78 27 8 96 6 31 74 30 71 47 98 84 49 85 
79 39 69 68 9 20 35 61 97 11 67 76 13 81 78 81 88 96 76 26 47 85 84 92 34 48 62 70 88 66 79 69 12 53 52 50 88 45 29 33 61 100 19 50 78 86 66 51 4 64 100 78 69 5 17 31 74 35 47 0 36 76 62 80 8 55 11 54 73 72 46 97 41 20 33 93 20 84 46 27 35 86 60 9 30 51 58 49 89 91 29 13 79 28 76 3 58 52 14 85 
100 73 42 32 17 77 97 67 31 31 5 87 42 77 54 67 4 63 43 64 66 90 60 92 98 70 58 85 10 44 81 29 8 36 74 5 94 73 29 47 29 2 15 30 82 99 99 69 96 42 42 1 28 70 41 86 30 8 68 36 0 48 40 63 9 13 25 32 49 56 50 92 99 54 81 22 61 60 36 52 61 92 87 70 13 20 87 11 97 95 6 11 43 19 1 41 96 92 10 88 
82 50 23 78 100 78 31 97 94 95 85 20 45 3 65 46 14 83 36 35 35 8 85 17 66 86 26 47 53 6 88 46 23 35 47 54 88 62 90 79 49 89 20 26 44 78 3 65 47 73 20 60 7 97 51 88 96 40 69 76 48 0 64 53 8 15 10 39 100 70 100 80 95 54 56 56 41 40 41 34 50 44 18 15 13 39 3 96 16 15 69 95 70 75 6 32 57 78 5 8 
65 55 81 41 98 89 70 6 92 21 58 83 21 91 71 79 17 7 86 70 80 31 21 13 27 16 69 44 86 50 38 84 92 6 11 70 45 94 17 47 23 38 43 26 99 2 55 36 23 81 98 53 8 86 14 87 94 9 54 62 40 64 0 12 97 63 96 39 31 86 70 74 24 79 87 17 24 98 53 18 48 67 80 48 84 19 83 51 87 73 5 99 8 5 16 42 11 17 3 81 
66 8 59 69 99 18 69 74 32 31 89 14 70 47 46 5 28 34 71 32 61 11 74 82 38 14 47 43 54 92 6 31 76 70 46 60 70 34 50 26 2 82 31 3 8 90 15 98 73 75 77 47 75 16 36 34 96 19 59 80 63 53 12 0 14 80 63 60 22 38 36 91 59 49 87 22 4 66 63 62 13 15 55 55 31 91 72 37 100 11 62 65 36 56 88 41 3 46 6 26 
100 24 17 19 52 65 49 57 75 65 46 97 56 11 45 48 95 32 27 50 90 61 79 83 96 47 10 31 96 43 37 19 61 86 5 27 44 90 83 46 29 52 49 84 66 92 90 81 94 83 62 32 28 39 57 45 50 71 12 8 9 8 97 14 0 49 58 27 76 29 62 35 78 90 58 26 29 33 4 52 36 30 12 28 79 13 3 83 12 12 5 30 38 60 70 8 54 36 7 99 
80 38 50 16 2 28 85 59 96 25 92 53 17 98 27 76 78 98 69 100 57 4 18 37 78 83 99 56 19 49 17 59 70 18 90 6 59 86 11 32 66 31 44 25 19 59 13 17 40 85 5 26 11 55 83 72 12 27 52 55 13 15 63 80 49 0 84 74 3 55 93 2 32 44 19 41 10 54 100 23 18 53 36 73 36 58 65 96 13 95 97 15 15 21 77 31 79 78 25 3 
40 72 42 87 65 86 45 61 30 2 57 67 18 85 56 16 13 34 82 59 5 81 53 4 77 17 20 16 64 64 47 38 17 52 3 37 47 63 4 45 39 70 48 18 21 74 65 98 87 92 100 1 51 21 46 3 79 31 76 11 25 10 96 63 58 84 0 19 45 25 55 1 78 9 98 36 83 9 66 18 23 21 72 47 6 60 56 60 43 44 63 24 38 81 95 98 85 14 91 34 
64 26 37 62 27 63 63 75 60 10 36 22 33 82 26 88 76 38 48 83 13 78 68 24 1 64 79 97 46 92 42 92 38 17 69 6 32 28 8 5 61 80 56 92 64 95 22 52 93 42 47 30 77 88 11 65 71 92 2 54 32 39 39 60 27 74 19 0 47 87 77 9 84 77 33 64 1 75 28 51 1 51 65 49 87 88 82 54 24 10 64 17 90 7 8 17 29 71 76 51 
36 96 95 72 29 50 67 4 70 28 54 47 34 95 90 76 50 88 44 20 93 85 57 11 65 72 28 68 75 100 6 88 94 92 2 11 22 11 44 84 98 72 60 16 33 22 1 78 55 34 88 52 48 54 98 73 60 1 6 73 49 100 31 22 76 3 45 47 0 39 46 13 28 6 5 38 53 12 65 96 83 42 47 74 31 2 88 74 29 77 27 45 92 52 47 62 16 10 17 63 
92 55 2 89 51 41 26 35 60 86 20 38 36 85 86 98 15 37 10 35 48 57 92 75 48 62 37 55 52 3 24 25 13 20 11 48 88 56 31 59 62 23 13 71 64 98 47 51 88 38 48 30 98 9 9 59 5 79 37 72 56 70 86 38 29 55 25 87 39 0 48 44 19 22 57 78 78 73 40 59 98 70 6 92 30 89 65 92 59 51 49 32 34 97 26 36 48 67 2 19 
7 10 21 35 43 27 42 34 51 34 86 5 29 93 37 39 9 16 60 68 34 73 19 65 15 81 41 45 81 65 8 89 7 83 85 3 20 83 10 8 75 82 60 99 11 98 13 25 11 54 27 51 30 71 84 39 59 67 52 46 50 100 70 36 62 93 55 77 46 48 0 77 24 86 21 80 81 23 29 84 63 41 26 48 69 44 86 29 61 97 39 46 46 7 12 68 77 73 98 9 
75 91 74 56 35 91 74 77 89 25 76 30 7 67 20 21 43 91 77 19 2 71 50 77 7 82 72 53 35 6 31 68 71 48 62 55 59 24 44 70 25 85 72 64 66 77 81 16 65 93 64 61 49 86 2 75 59 39 50 97 92 80 74 91 35 2 1 9 13 44 77 0 48 11 37 78 94 1 74 52 81 82 72 13 96 49 37 39 24 47 52 71 11 54 65 54 9 21 28 73 
41 15 2 31 87 43 26 24 20 4 74 56 42 31 49 95 5 91 76 58 10 30 14 23 50 9 89 60 15 1 48 74 87 51 97 99 2 2 23 18 78 31 66 7 53 59 42 22 41 54 4 66 34 18 90 89 96 70 88 41 99 95 24 59 78 32 78 84 28 19 24 48 0 10 66 32 82 46 8 36 51 76 6 46 14 29 19 17 61 31 36 59 52 85 93 7 90 22 38 34 
9 74 21 78 69 88 73 6 38 66 50 21 92 7 70 40 55 25 24 8 49 63 2 44 95 73 37 61 16 100 43 96 86 34 40 2 98 58 7 13 50 18 76 3 29 96 69 78 100 29 46 50 14 5 80 66 62 64 75 20 54 54 79 49 90 44 9 77 6 22 86 11 10 0 35 3 39 83 94 82 16 74 73 17 86 80 31 37 96 18 98 47 45 61 24 86 52 97 18 15 
29 45 27 95 22 71 39 18 96 45 61 44 27 26 92 89 59 25 48 81 8 22 33 5 90 36 24 11 90 27 45 15 2 46 33 81 85 23 63 32 97 9 46 41 76 67 3 100 18 95 47 82 55 55 34 16 72 33 84 33 81 56 87 87 58 19 98 33 5 57 21 37 66 35 0 89 58 21 47 33 48 98 11 39 69 80 49 11 1 42 32 65 20 54 9 41 17 87 74 100 
80 78 49 18 2 62 69 95 27 73 67 53 74 2 9 35 27 13 1 42 23 58 16 8 33 74 29 10 82 27 77 99 3 1 22 62 92 1 19 45 7 21 59 43 31 35 41 16 46 92 26 95 84 10 11 63 26 73 3 93 22 56 17 22 26 41 36 64 38 78 80 78 32 3 89 0 92 3 51 25 98 22 93 69 5 3 99 97 53 5 27 23 71 83 31 20 29 98 79 93 
98 74 96 55 80 13 28 94 99 95 15 61 64 92 19 85 85 17 48 75 56 43 9 48 42 88 60 69 81 57 37 43 17 39 53 53 32 95 57 99 93 30 83 96 89 24 90 71 85 58 97 73 1 55 61 91 88 65 74 20 61 41 24 4 29 10 83 1 53 78 81 94 82 39 58 92 0 2 61 93 91 5 20 64 53 89 1 77 61 49 3 16 96 37 78 61 69 32 68 64 
43 79 12 66 33 84 92 10 68 92 13 84 18 40 42 87 40 37 91 84 2 100 97 29 94 99 83 58 16 26 92 43 90 48 91 99 72 63 89 63 33 3 29 76 20 87 100 2 61 9 78 16 32 33 98 87 56 96 41 84 60 40 98 66 33 54 9 75 12 73 23 1 46 83 21 3 2 0 24 62 59 13 86 16 8 62 48 60 96 52 71 89 87 86 99 23 25 83 44 78 
20 90 97 14 45 63 100 35 38 85 78 24 100 24 56 58 2 66 89 68 50 76 68 14 80 70 22 85 17 58 58 46 88 98 66 60 55 56 67 95 23 61 57 48 46 49 81 1 66 9 38 90 8 98 44 76 69 23 23 46 36 41 53 63 4 100 66 28 65 40 29 74 8 94 47 51 61 24 0 53 94 61 33 90 81 66 13 56 49 3 9 66 46 33 60 89 99 34 18 4 
15 46 67 29 13 100 63 2 11 65 44 64 5 30 84 92 73 28 24 41 100 72 14 41 8 97 56 36 68 29 43 98 66 71 75 70 41 83 84 47 69 15 61 73 52 71 86 23 39 26 68 18 5 53 5 93 63 99 25 27 52 34 18 62 52 23 18 51 96 59 84 52 36 82 33 25 93 62 53 0 17 89 14 32 25 64 52 86 53 37 54 15 54 83 64 88 71 81 61 89 
7 16 31 8 82 48 91 52 22 54 85 59 9 48 21 32 69 57 89 30 39 44 86 88 50 79 42 30 55 75 13 52 39 48 49 28 58 39 41 61 60 37 99 16 52 19 40 70 20 27 88 13 22 43 69 82 23 15 98 35 61 50 48 13 36 18 23 1 83 98 63 81 51 16 48 98 91 59 94 17 0 25 48 66 64 46 63 1 13 23 85 93 36 83 26 67 52 83 100 29 
4 97 7 6 10 82 23 12 70 58 24 60 2 46 95 4 76 42 99 74 87 76 32 29 8 60 79 61 83 84 54 95 39 37 27 52 14 47 10 21 99 12 72 6 66 43 2 19 8 44 53 12 63 50 74 45 21 85 52 86 92 44 67 15 30 53 21 51 42 70 41 82 76 74 98 22 5 13 61 89 25 0 95 37 81 85 87 38 9 91 23 9 88 82 40 49 76 79 20 97 
76 47 69 93 85 82 15 10 12 23 31 4 76 22 18 69 17 70 17 24 23 50 19 68 63 78 91 81 2 78 55 83 10 61 57 91 97 17 10 2 67 47 15 61 32 90 15 79 45 98 62 31 53 30 69 97 39 25 27 60 87 18 80 55 12 36 72 65 47 6 26 72 6 73 11 93 20 86 33 14 48 95 0 56 17 3 87 61 92 44 11 46 75 97 75 87 95 69 49 93 
65 59 95 90 31 58 76 38 6 38 57 76 76 33 65 33 56 39 85 85 23 12 58 84 69 80 1 7 47 59 87 81 3 50 14 26 31 94 85 56 63 64 53 34 11 86 30 3 33 54 81 100 46 42 31 31 27 29 54 9 70 15 48 55 28 73 47 49 74 92 48 13 46 17 39 69 64 16 90 32 66 37 56 0 22 22 3 15 66 50 40 36 25 35 98 32 87 99 47 68 
41 4 17 95 53 36 71 91 31 13 46 36 76 61 93 7 32 11 36 42 18 35 90 47 97 59 81 82 5 94 90 82 46 48 58 91 17 71 64 22 11 27 72 45 8 46 41 55 74 49 1 18 61 67 94 51 19 15 17 30 13 13 84 31 79 36 6 87 31 30 69 96 14 86 69 5 53 8 81 25 64 81 17 22 0 29 38 54 53 10 85 28 87 6 70 33 35 82 28 70 
77 95 36 29 45 98 65 45 25 83 2 40 2 69 24 6 46 63 84 17 82 35 92 48 77 95 89 48 16 41 37 34 42 100 73 18 5 4 74 16 27 48 95 54 30 90 68 48 98 57 37 66 43 29 7 62 19 22 16 51 20 39 19 91 13 58 60 88 2 89 44 49 29 80 80 3 89 62 66 64 46 85 3 22 29 0 70 55 21 24 3 31 25 74 56 77 56 59 88 15 
79 59 75 62 79 77 15 30 68 19 11 91 59 35 80 51 7 37 60 59 100 20 18 9 57 41 96 24 62 64 26 9 50 89 56 22 61 65 8 26 90 88 63 85 59 49 21 40 75 88 35 33 36 57 74 20 5 94 78 58 87 3 83 72 3 65 56 82 88 65 86 37 19 31 49 99 1 48 13 52 63 87 87 3 38 70 0 74 8 36 97 48 6 77 36 16 28 68 67 27 
5 10 29 79 33 72 6 34 62 98 23 3 18 92 78 14 37 81 21 4 93 5 44 9 97 62 70 47 52 73 44 20 62 37 88 5 54 54 35 74 64 88 41 85 68 26 18 98 66 90 63 92 39 93 76 12 2 90 27 49 11 96 51 37 83 96 60 54 74 92 29 39 17 37 11 97 77 60 56 86 1 38 61 15 54 55 74 0 6 81 13 93 48 89 15 43 88 6 20 10 
60 89 91 7 95 30 27 97 57 78 50 71 44 62 46 78 45 6 91 82 51 14 74 66 73 55 4 17 84 29 62 56 77 54 6 74 88 91 89 30 65 89 83 33 3 19 92 1 14 71 62 54 62 90 5 75 45 37 8 89 97 16 87 100 12 13 43 24 29 59 61 24 61 96 1 53 61 96 49 53 13 9 92 66 53 21 8 6 0 85 53 66 34 40 45 83 17 61 74 23 
69 67 64 26 97 17 83 45 66 74 44 36 87 91 63 70 74 41 34 12 42 79 50 55 73 65 50 47 27 58 43 89 97 32 26 11 54 19 1 6 53 59 52 50 77 42 33 46 67 29 82 53 62 93 35 51 18 46 96 91 95 15 73 11 12 95 44 10 77 51 97 47 31 18 42 5 49 52 3 37 23 91 44 50 10 24 36 81 85 0 16 40 79 49 2 68 84 9 79 56 
81 83 80 10 68 13 73 84 40 44 34 35 17 29 62 44 96 66 68 65 72 72 45 26 20 10 56 86 75 40 65 42 70 67 48 20 90 71 41 44 48 88 35 90 65 37 21 67 21 25 36 99 24 98 29 68 54 34 6 29 6 69 5 62 5 97 63 64 27 49 39 52 36 98 32 27 3 71 9 54 85 23 11 40 85 3 97 13 53 16 0 89 2 91 93 100 74 98 1 83 
96 57 49 25 53 80 30 94 83 77 98 81 61 70 40 19 88 70 100 10 62 22 50 19 77 21 34 69 19 72 74 99 80 32 35 8 55 17 45 99 53 61 38 53 87 94 66 65 87 61 62 30 73 95 53 42 25 72 31 13 11 95 99 65 30 15 24 17 45 32 46 71 59 47 65 23 16 89 66 15 93 9 46 36 28 31 48 93 66 40 89 0 55 68 15 13 64 56 60 34 
38 56 30 52 39 42 7 65 28 79 35 70 100 27 18 21 74 66 63 86 61 15 79 88 28 47 58 28 52 94 64 16 19 70 77 11 75 78 37 13 37 16 46 79 100 81 18 93 72 34 81 10 67 64 83 61 71 21 74 79 43 70 8 36 38 15 38 90 92 34 46 11 52 45 20 71 96 87 46 54 36 88 75 25 87 25 6 48 34 79 2 55 0 99 7 50 74 49 79 69 
51 33 55 100 78 31 44 20 41 67 2 57 10 25 71 69 37 52 50 94 44 57 84 73 4 73 4 92 92 93 84 52 11 84 30 36 71 14 37 6 32 62 76 71 24 38 49 21 71 30 47 18 11 62 67 5 57 6 30 28 19 75 5 56 60 21 81 7 52 97 7 54 85 61 54 83 37 86 33 83 83 82 97 35 6 74 77 89 40 49 91 68 99 0 34 16 6 71 9 20 
19 79 35 65 26 73 19 35 13 92 36 21 95 74 9 34 9 44 57 27 97 69 30 63 92 38 35 24 21 11 83 30 76 43 5 41 4 73 83 22 41 14 83 29 92 49 91 98 64 68 94 59 55 60 77 17 100 54 71 76 1 6 16 88 70 77 95 8 47 26 12 65 93 24 9 31 78 99 60 64 26 40 75 98 70 56 36 15 45 2 93 15 7 34 0 87 62 53 51 49 
76 56 66 98 75 73 51 29 8 15 39 44 19 2 28 80 38 30 7 74 68 3 59 90 91 17 92 94 59 32 68 16 96 68 31 50 24 93 41 12 42 30 44 21 21 44 27 69 75 85 25 53 55 51 37 53 78 58 47 3 41 32 42 41 8 31 98 17 62 36 68 54 7 86 41 20 61 23 89 88 67 49 87 32 33 77 16 43 83 68 100 13 50 16 87 0 84 37 44 49 
63 20 9 47 77 48 81 63 53 49 48 17 60 46 95 59 58 73 3 12 50 64 91 31 51 13 17 18 79 47 26 76 80 17 41 68 15 31 5 76 22 31 26 32 7 39 95 21 41 7 6 16 55 75 17 6 79 12 98 58 96 57 11 3 54 79 85 29 16 48 77 9 90 52 17 29 69 25 99 71 52 76 95 87 35 56 28 88 17 84 74 64 74 6 62 84 0 84 21 51 
62 65 10 2 82 63 38 80 76 9 33 62 66 56 57 6 24 80 94 91 99 58 89 96 94 60 21 62 47 88 67 67 28 5 68 75 87 55 88 20 53 65 3 77 100 92 62 100 21 53 54 19 18 86 65 79 10 36 84 52 92 78 17 46 36 78 14 71 10 67 73 21 22 97 87 98 32 83 34 81 83 79 69 99 82 59 68 6 61 9 98 56 49 71 53 37 84 0 67 70 
81 42 66 28 1 38 97 16 65 70 2 26 13 61 89 72 43 49 84 1 6 50 7 71 50 45 68 93 51 5 13 27 21 6 69 79 99 16 63 22 10 56 18 21 55 62 87 82 60 80 9 14 43 43 37 12 55 48 49 14 10 5 3 6 7 25 91 76 17 2 98 28 38 18 74 79 68 44 18 61 100 20 49 47 28 88 67 20 74 79 1 60 79 9 51 44 21 67 0 98 
49 97 30 83 22 60 84 54 36 52 41 40 50 55 71 84 26 1 65 16 72 73 80 24 82 15 86 46 37 82 42 97 9 33 46 92 2 50 59 97 100 7 72 21 38 98 12 41 7 14 12 98 28 93 53 20 89 99 85 85 88 8 81 26 99 3 34 51 63 19 9 73 34 15 100 93 64 78 4 89 29 97 93 68 70 15 27 10 23 56 83 34 69 20 49 49 51 70 98 0 
