50 50
0 46 51 73 60 18 46 33 56 27 6 29 40 27 12 52 100 24 12 100 76 66 68 7 37 80 35 47 58 61 14 52 67 2 1 40 16 83 76 10 45 72 70 88 81 95 29 84 55 15 
46 0 26 43 67 54 47 46 93 37 79 61 59 70 58 74 69 20 75 25 24 40 15 61 15 81 25 36 21 38 80 82 7 92 46 58 36 64 15 25 4 66 5 34 17 61 94 86 94 4 
51 26 0 91 57 37 94 18 25 52 100 85 12 52 88 52 79 20 18 52 69 87 34 67 49 85 21 40 51 26 49 100 44 82 72 96 56 11 11 19 78 100 89 91 45 68 41 12 51 13 
73 43 91 0 69 56 90 31 63 77 68 5 70 40 87 81 15 31 42 27 61 65 33 7 26 31 41 53 25 11 57 69 61 5 15 54 39 96 28 76 20 96 71 84 98 86 9 83 2 22 
60 67 57 69 0 17 76 20 99 87 87 38 45 71 58 100 42 58 54 76 52 27 68 35 39 78 39 36 53 85 96 4 90 72 34 24 83 47 30 16 30 11 18 14 28 69 16 23 10 51 
18 54 37 56 17 0 29 80 55 85 31 83 79 28 37 9 56 83 69 4 92 23 41 57 4 49 41 32 17 87 69 82 29 76 81 15 68 27 1 33 93 27 73 22 40 55 90 3 91 74 
46 47 94 90 76 29 0 85 30 58 1 12 43 54 82 16 65 46 88 12 41 71 71 61 17 99 70 80 61 22 32 77 8 72 27 23 48 22 10 75 27 85 33 59 91 77 44 14 27 33 
33 46 18 31 20 80 85 0 78 23 51 58 77 15 82 10 53 81 53 77 19 79 11 55 3 62 37 91 83 27 60 97 39 99 74 99 76 48 49 20 9 80 41 70 56 57 82 41 40 20 
56 93 25 63 99 55 30 78 0 68 72 47 68 18 96 32 38 33 18 25 82 5 44 27 48 31 21 57 84 74 80 28 64 4 67 11 53 2 56 86 17 26 98 18 86 33 30 55 84 60 
27 37 52 77 87 85 58 23 68 0 1 10 31 57 8 99 30 69 24 9 40 63 11 68 62 100 87 85 24 44 51 37 96 17 24 72 29 71 22 2 37 10 18 51 22 24 96 45 68 57 
6 79 100 68 87 31 1 51 72 1 0 66 93 88 91 41 58 60 51 45 63 41 25 47 29 82 93 97 92 45 68 62 94 35 42 21 3 53 33 44 46 91 32 83 10 54 50 27 12 50 
29 61 85 5 38 83 12 58 47 10 66 0 50 34 69 30 77 94 88 5 74 44 99 36 72 70 43 21 78 45 61 77 22 16 74 29 96 92 5 15 46 51 38 26 51 27 69 71 50 72 
40 59 12 70 45 79 43 77 68 31 93 50 0 33 98 44 68 57 56 48 95 52 42 6 100 61 100 50 6 93 16 16 83 59 3 3 26 34 85 77 73 69 96 7 85 70 95 54 52 70 
27 70 52 40 71 28 54 15 18 57 88 34 33 0 14 77 12 13 46 82 75 79 79 87 34 55 90 26 29 98 2 59 93 88 29 13 100 16 90 27 70 99 36 19 54 82 70 54 25 12 
12 58 88 87 58 37 82 82 96 8 91 69 98 14 0 86 24 37 32 28 21 47 4 90 24 79 85 50 67 18 80 59 14 14 96 90 6 89 8 63 22 14 78 39 92 68 21 16 18 31 
52 74 52 81 100 9 16 10 32 99 41 30 44 77 86 0 78 10 55 24 75 61 75 59 27 38 98 99 79 84 96 100 38 90 56 32 79 21 10 47 83 88 18 100 6 94 16 81 15 44 
100 69 79 15 42 56 65 53 38 30 58 77 68 12 24 78 0 8 70 93 49 8 75 68 9 35 60 46 13 45 20 10 33 2 19 80 58 94 48 63 37 74 10 23 82 35 87 81 1 14 
24 20 20 31 58 83 46 81 33 69 60 94 57 13 37 10 8 0 16 74 3 20 11 96 61 81 54 30 58 10 14 22 17 87 96 73 24 55 90 26 60 19 14 17 45 56 30 56 6 23 
12 75 18 42 54 69 88 53 18 24 51 88 56 46 32 55 70 16 0 25 24 77 72 28 37 43 50 61 75 37 5 1 23 92 68 40 10 75 36 23 19 83 27 57 27 51 27 67 61 35 
100 25 52 27 76 4 12 77 25 9 45 5 48 82 28 24 93 74 25 0 1 86 40 26 91 65 59 58 77 91 12 68 13 78 3 64 19 53 34 68 46 76 29 87 89 13 78 69 63 34 
76 24 69 61 52 92 41 19 82 40 63 74 95 75 21 75 49 3 24 1 0 56 20 28 16 11 9 68 41 71 64 7 79 64 73 78 20 94 89 29 68 77 63 62 55 86 3 9 82 90 
66 40 87 65 27 23 71 79 5 63 41 44 52 79 47 61 8 20 77 86 56 0 74 43 45 42 43 3 61 13 88 63 52 22 69 4 92 45 79 14 79 67 76 3 43 63 25 24 47 59 
68 15 34 33 68 41 71 11 44 11 25 99 42 79 4 75 75 11 72 40 20 74 0 18 10 94 72 43 11 92 61 42 37 94 17 30 100 72 1 36 47 23 58 13 99 87 34 91 60 66 
7 61 67 7 35 57 61 55 27 68 47 36 6 87 90 59 68 96 28 26 28 43 18 0 5 19 39 14 58 72 26 5 21 56 78 45 96 7 58 18 81 2 67 52 39 81 31 93 98 7 
37 15 49 26 39 4 17 3 48 62 29 72 100 34 24 27 9 61 37 91 16 45 10 5 0 74 54 49 48 37 54 10 17 78 97 33 56 11 2 30 97 21 52 71 81 11 62 57 75 20 
80 81 85 31 78 49 99 62 31 100 82 70 61 55 79 38 35 81 43 65 11 42 94 19 74 0 24 5 72 66 51 51 97 50 66 5 18 86 50 72 91 81 15 76 16 33 97 77 51 80 
35 25 21 41 39 41 70 37 21 87 93 43 100 90 85 98 60 54 50 59 9 43 72 39 54 24 0 41 48 59 54 85 84 25 79 95 13 32 77 75 93 19 1 88 36 24 73 27 78 18 
47 36 40 53 36 32 80 91 57 85 97 21 50 26 50 99 46 30 61 58 68 3 43 14 49 5 41 0 49 68 18 51 75 33 36 9 64 15 33 92 62 72 94 29 31 53 14 35 6 71 
58 21 51 25 53 17 61 83 84 24 92 78 6 29 67 79 13 58 75 77 41 61 11 58 48 72 48 49 0 89 16 67 66 17 40 82 84 4 76 54 29 32 11 37 79 66 63 45 57 70 
61 38 26 11 85 87 22 27 74 44 45 45 93 98 18 84 45 10 37 91 71 13 92 72 37 66 59 68 89 0 81 26 38 9 69 27 62 100 10 10 73 98 32 54 19 63 97 10 51 18 
14 80 49 57 96 69 32 60 80 51 68 61 16 2 80 96 20 14 5 12 64 88 61 26 54 51 54 18 16 81 0 49 28 52 31 2 32 33 22 8 62 29 45 82 53 25 42 28 86 65 
52 82 100 69 4 82 77 97 28 37 62 77 16 59 59 100 10 22 1 68 7 63 42 5 10 51 85 51 67 26 49 0 6 38 61 42 67 13 33 49 30 76 72 83 77 22 73 71 68 82 
67 7 44 61 90 29 8 39 64 96 94 22 83 93 14 38 33 17 23 13 79 52 37 21 17 97 84 75 66 38 28 6 0 93 21 45 44 19 68 85 4 64 5 96 93 90 83 5 53 49 
2 92 82 5 72 76 72 99 4 17 35 16 59 88 14 90 2 87 92 78 64 22 94 56 78 50 25 33 17 9 52 38 93 0 69 35 10 42 33 16 13 97 66 31 83 55 94 38 61 64 
1 46 72 15 34 81 27 74 67 24 42 74 3 29 96 56 19 96 68 3 73 69 17 78 97 66 79 36 40 69 31 61 21 69 0 98 70 72 87 92 57 9 96 75 65 55 89 14 11 44 
40 58 96 54 24 15 23 99 11 72 21 29 3 13 90 32 80 73 40 64 78 4 30 45 33 5 95 9 82 27 2 42 45 35 98 0 76 72 30 78 83 28 56 95 31 11 18 25 5 10 
16 36 56 39 83 68 48 76 53 29 3 96 26 100 6 79 58 24 10 19 20 92 100 96 56 18 13 64 84 62 32 67 44 10 70 76 0 76 4 8 45 22 99 100 96 67 11 3 62 34 
83 64 11 96 47 27 22 48 2 71 53 92 34 16 89 21 94 55 75 53 94 45 72 7 11 86 32 15 4 100 33 13 19 42 72 72 76 0 7 95 37 81 50 62 98 72 71 25 67 30 
76 15 11 28 30 1 10 49 56 22 33 5 85 90 8 10 48 90 36 34 89 79 1 58 2 50 77 33 76 10 22 33 68 33 87 30 4 7 0 65 34 61 68 43 20 85 57 29 1 74 
10 25 19 76 16 33 75 20 86 2 44 15 77 27 63 47 63 26 23 68 29 14 36 18 30 72 75 92 54 10 8 49 85 16 92 78 8 95 65 0 14 31 60 54 65 78 54 23 77 46 
45 4 78 20 30 93 27 9 17 37 46 46 73 70 22 83 37 60 19 46 68 79 47 81 97 91 93 62 29 73 62 30 4 13 57 83 45 37 34 14 0 91 7 9 66 42 20 73 52 2 
72 66 100 96 11 27 85 80 26 10 91 51 69 99 14 88 74 19 83 76 77 67 23 2 21 81 19 72 32 98 29 76 64 97 9 28 22 81 61 31 91 0 63 56 17 84 84 3 34 63 
70 5 89 71 18 73 33 41 98 18 32 38 96 36 78 18 10 14 27 29 63 76 58 67 52 15 1 94 11 32 45 72 5 66 96 56 99 50 68 60 7 63 0 63 98 4 37 22 54 81 
88 34 91 84 14 22 59 70 18 51 83 26 7 19 39 100 23 17 57 87 62 3 13 52 71 76 88 29 37 54 82 83 96 31 75 95 100 62 43 54 9 56 63 0 34 17 39 33 32 38 
81 17 45 98 28 40 91 56 86 22 10 51 85 54 92 6 82 45 27 89 55 43 99 39 81 16 36 31 79 19 53 77 93 83 65 31 96 98 20 65 66 17 98 34 0 61 71 21 56 33 
95 61 68 86 69 55 77 57 33 24 54 27 70 82 68 94 35 56 51 13 86 63 87 81 11 33 24 53 66 63 25 22 90 55 55 11 67 72 85 78 42 84 4 17 61 0 38 67 42 32 
29 94 41 9 16 90 44 82 30 96 50 69 95 70 21 16 87 30 27 78 3 25 34 31 62 97 73 14 63 97 42 73 83 94 89 18 11 71 57 54 20 84 37 39 71 38 0 81 12 6 
84 86 12 83 23 3 14 41 55 45 27 71 54 54 16 81 81 56 67 69 9 24 91 93 57 77 27 35 45 10 28 71 5 38 14 25 3 25 29 23 73 3 22 33 21 67 81 0 92 99 
55 94 51 2 10 91 27 40 84 68 12 50 52 25 18 15 1 6 61 63 82 47 60 98 75 51 78 6 57 51 86 68 53 61 11 5 62 67 1 77 52 34 54 32 56 42 12 92 0 72 
15 4 13 22 51 74 33 20 60 57 50 72 70 12 31 44 14 23 35 34 90 59 66 7 20 80 18 71 70 18 65 82 49 64 44 10 34 30 74 46 2 63 81 38 33 32 6 99 72 0 
