200
11111111111101111111011111111111111111111110111111111111010111111111111111111111111111111111111111111111011111111111111111111101111110111111111111111111111111111111111111110111111111111111111111111111
11111111111111111111111111111111110111111111111111111111111111111111111111111111111111111111111111111101111111111111111111111111111111111111111111111111111111111111011111111111111111111111111101111111
11110011111111111111111111111111111111111111111111111111111111111111111111111011111011111111111111101111111111111011101111110111111111111100111101111110111111111111111111111111111111111111111111111111
10111111111111111111011111111111111110110111111111111111111111111111111111111111111110111111111111111111111111111111111111111111111111110111111111011111111111111111111111111111111111111111111111111111
11111111111111111111111110111111111101111111111111110111111111111111111111111111111111111111111111111111111111001111111111111111111111111111111111111111111111111111111111011111111111111110111111111111
10111111111111100111111111111111111110011111111111111111111111111111111011111111111101111111111101111111111110111111111111111111111111101110111010111111111111111111111111111111111111111111111111111111
11111111111111111111111111111111111111111111101111111111111111111111101111111111111111111111111111111111010111111111111111111100111111101011111111111111111111110011111111111111111111111111101111111111
11111111111111111111111111111111111111111111111111111111111011111111111111111111111011111101101111111111111110101111111111111111111111111111111110111101111111111011111101011111111111110111101011111111
11111111111111111111110111111111111111111110110111111111111111111111100111111111111111111111111111111111111111111111111111011111111111111111111111111111111111111111111111111111111111111111111111110011
10111110111111110111111101111111111101111111111111111111111101111111111111111101111111101111111111111101101111111111111011111111111111111111111111111111111111111111111111101111111111111111111110111111
11111111101111111110110111111111111111111111110111111011111111111111111111101111111111111111111101111111101111111111011111111111111111111111111111111111111111011101011100111111111111111011111111111111
11111011111111111111111111111111111111111111111111111111111111111111111111111111101111111111111110110111111101111111111111111111111111111111110111111111001111111110111111111111111111011111101111111111
11111111111111111111111111111111111111110111111101111111111101111111111111111111111111111111111111111111111111111111111111111111011111111111111111111111111111111111111111111110111111111111111111111111
11111111111111111111111011111111111111111111111111111111111111111111111111111111111101111111111111111111111111111111111011111101111111111111111111111111110111011111111111111111111111111111111111110111
11111111111111111111111111111111111111111111111111110111111111111111111111111111111111111111111111101111111111111111111111111111111111111111111111111101111111101111110111110111111101111111111111111111
11111111111111111111111111111111111111111111111111111111111111111111111111111101111111111111111111111111111111111111111001111111111111111111110011111111111110101111111111111111111111011111111111111111
11111111101111111101011111111101111111111111111111111111111111111111111111111110111111111111111111110111111111111111111111111110111111111111111111111111111111111111111111111111111111111110111111111111
11111111111111011110111111111111110111010111111111110111111111111111111111111110111111111111111111111111111111111101111001111011011111111111111111110111011111111110101111011111111111111111111111011101
11101111111111111111111111111111111011111101011111111111101111111111110110111101111111111111111111111111111101111111111101111111111111111111111111101111111101111110110111111111111111111111111111111011
11111101111111111111111111110111111111111111111111111111111111111111111111111111111111111111111011111110011111111111111111111111011110111111111111111111110101111101111111111011110110111100111111111111
11111111111011111101111111101111111111111111111111111111111111111111111111111111111111111111111111111111111111111111111111111111111111111111111111111111111111111111011111101111111111111111110111111110
01111111111110111111111111111110111111111111111111111111111101111011111111111101011111101111111111111111111111111111110111111111111111111111111111111111011111101111111111111111111111111111111111111111
11111111111111110111111111011111111111111111011111111111111111111111111111111111111111011111101111111111111011110111111111111111111111111111111111111111111101111111111111111101111111111111111111111110
11111111111111111111111111111111111111011111111111110111111111111111011111111111111111111111111111111111101111111111111111111101111111111111110111111111111111110111101111111111111111111011011110111111
11111111111111111111111111111110111111111111111011101111111111111111111111111111111111011111111111110111111111111111111111111011111111111111111111111111111111111111111111111111111111111111111111111111
11101111111101111011111111111111111110111111111111111110111011011111111111111111111111111111111111111111111111111111111111111111111111111111111111111111111110111111111111111111111111011111111101011111
11011110111111111111111111111110111111111111111111111111111111111111111111101111111111111110111111111111111111111111111111111111111111111111111101111111111111111011111101111111111011111111111111111111
11111111111111111111111111110111111111111111111111111111111111111111111111111111111111111111111111111111111111111111111111110101111111111111111111101111111111111111111111111111111111111011111111111111
11111111111110101111111111111111110111111111111101111010111111111111111111111111111111111111111111111111111111111111111111111111110111111111111111110111101111111101111111110111111111111111111111101111
11111111111111111111111111110111111111111111111111111111111111111111111111111111111111110111111111011111111111111111110111111110111111111111111111111111111111111111111110110111111111111111111111111111
01011111111111111110111111111111111111111110111111111111111111111011111111111101111111111111111111111111110111110111111111111111111110111111111111111111111111101111111111111111111111111111111111111110
11111111111101111111111111101111111111111111111111111111111111111111111111101111111111111111111111111111111111111111111111111111111111111011111101111111110101111111111111111111111110111111111111111111
11111111111111111011111111111111111111111111111111111101111111101111101110111111111111111111111111111111111111101111111111111111111111111111111111111111111111111111101111111111111111111111111111111110
11111111111011111111111111111111111111111101111111111111101111111110111111111111111111111111111111010111111111111111111101111110111111111111111111111111111111111111111111111111111111111111111111111110
01111111111111111111111111101111111110111101111111111111111111111111111111111111111111111111111111111111101111111111111111101111111111111111111111110111111111111111110111111111111110110111111111111111
11111111111111011111111111111111111111101111111111111111111111111111101111111111111001111111111111111111111111110111111111111110111111111111111111111111111111111111111111011111011111111011110111111111
11111111111111111111111101110111111111111111111111111111111111101111111111111111111111111111111101111111111111011111111111111111111111111111111111111111111110111111111111111111111111101111111111111111
11111111111111111111101011111111111101111111111011011101111111111111110111111111111111111111111111110111111111111111111111111111111111111111111111111111111111111111111111111111111111111111111110111111
11011111111111111111111111111110111111111111111111111111111111111111111111111111111110011111111111111111101111111111111111111011111111111110111111111111111111110111101111111001111111111111111111111111
01111111101111111110111111111111111111111111111111111111111111110111011111111111101111111111111011111111111111111111111111111111111101111101111111111111111111111111111111111011111111111111111111111111
11111111111111111110111111111111111111111111111111111111111111111111111111111111111111101011111111111111111111111111111111111111111111111111111111111111111111111111111111111111111111111111111111111111
11111111111111111111111111111111111101111111111111111111101111111011111111111111111111111111111101111111111111111111111111101111111111111111011111111110111101101111110111111111111111111111111111111111
11111111111111101111111111111111011111111111011111111111111101111111111111111111111110111111111111111111111111111111111011111011111111011111111111111111111111111111111111111111111111111111111011101101
11111011111111111111111111111011101111011111111111111011111111101111111111011111111111111111101111111111111111111111111111011111111111111111111111111111111111111101111111111111111101111101111111111111
01111111111111111111111111111111110111111111111111111111111111111100111111111111101111111111111111111111111111111111111011111111011111111111111111111111111111111111111111111111111111111110111011111101
11111111111111111011111011111111111111111111111111110111111111111111111111111111111111111111111101011111101111111111111111011111111111101111111111111111111111101111011110111110111111111111111011111111
11111111111111111111111111111111111111111111111111110111111111110111111111111101111111110111111111111111101111111111111101011111111111110111111111111111111111010111111011111111111111011111111111111111
11111111111111111111111111111110111111111111111111111111101111111011111110111110111111111111001111110111011111111111110111111111101111110111111111101111111111111111111111111111111111111111111111010111
11111111111111111111111111101111111111111111111111111111011111111101111111111111011111111111111111111111111111111011101111111011111111111111110111111111111111111111111111111111011111111101111101111111
11111111111111111111111111111101110111111101111011111111111111111111111111111111011111111111111111111111111111111111111101111111111011101111111111101111111111111111111111111111111011111111111110111111
11101111111111111111111110111111111111111111110111111111111111111111011111111011111111111111111111111101111111111111111111111111111111111111111111111111111011111111111111111111111110111111011111111111
11111111111111111111111111111111111111111111111111111111111111101111110111111111111111111111101110111111111111111111111110111111111111111111111111011111111111111101111111111111111111111111111111111111
11111111111111111111111111111111111111111111111111111111111111111111111111111111111111111111101111111111111111111111111111111111111111111111111111101111111111111111111111111101110111110111111111110111
11111111111101111110111111111111111111111111011111011110111111111111111111111111111111111111111111111111111111111111111111111111111111111111011111110111111111111111111111111111111101111101111111111111
11111111111111111111111111110111111111111110111111111111110111111111111111111111111111111111111111111111111111111111111111111111111111111111111111111101111111111011111111111111111111111111111111111111
11111111111111111111111111111111111111110111111111111111111111101111111111111111101111111111111111111111111111111111111111111101111111111111111111111111111111110111111111101111111111101111111111111111
11111111111111111111110111111111111111111011110111110111111011111111111111111111111111111011011111111111111111111011111011111111111111111111111111111111111111111111111111111111111111111111111111111110
11111111111111101111111011111111111111011111111101111111111111111101111111111111111111011111111111001111111111111111111111111111111111111111111111111111111111111111111111111111111111111101011111111111
11111011110111111111110111111111111111111011110111111111111111111111111111111111111110111111111111111111111111111111111111111111111111111111110011111111100111011111111111111111111111111111111111111111
11111110111111111111111111111111111111110111111111111011111111111111111111111111111111111111111111111111111111111011111110111111110111111111111111111111111111111111111111111111111111101110111111111111
11111111111110111111111111111111111111111111111111111111111110111111111111111111111111111111111111111111111011101111110111111111111111111111111111111111111111111111111111111111111111111111111111111111
11111111111111111111111111111111111111011111111111111111111111111111111111111111011111111110101111110111111011111111111111111111111111111111111111111111111111111111111111011111111111111111111111110111
01111111111011111111111111111111111111011111111111111111111110111111111111111111111101111011111111111111111011111111111111110111111111101111111101111111111111111111110111111111111111111111111111111111
11111111111111011111111111111111111111111101111111110110111111111011111111111111111111111111111111111111011111111111110110111111111110111101111111111111111110111111101111111011111111111111111111111111
11111111111101111110110111111111111111111111101111111111111111111011111111111111111111111111111110111111111011101111111111111111111111111111111111111111111111111111111111111111101111111101111111111111
11111111111111111111111111111111111111111011111111111111111011111111111111111111111111111111101111111111111111111111111111111111111111111111111100111111111111111111111111101111111111111101111111111111
11101111111011111110111111101111111111111111111111111111111111111111111111111111111111111111011111101111111111111111111111100011110111111111111111111111111111111111111111111101111111111111111111111111
11100011111111111111111111111111111111111111111111111111111101111111111111111111111111111111111011111111111101111111111111111111011111111111111111111111111111111111111111011111111011111111111111111111
11011011111011111111111111101111111111111111111111111111111101111111111111111111111111111111111111111111111111111111110111111111111111111111111111111111111111111111111111111111111111111111111111111111
11111111111111111111111111111111111101111111111101111111111111111111111111011111111111111111111111111111111111111111111111111111111111111111111111111111101111111111111111111111111011111111111111111111
11111111111111111111111111111110111111111111111111111111111011111111111111110111111111111111111111111111111111111111111111111111111011111111111111111111111111110111111111111111111111111111111111111111
11110111101110111111111111111111111111111101111111111111111111110111111111111101111111111111111111111111111111111111111111111111111110111111111111110101111111111111111111111111111111111111111111111111
11111111111111111101111111111110111111111111111111111111111111111111111111111111111111111111111111011110111111111111110111111010101111111110111111111111111111111011111111111111111111111101111111111111
11111011111011111111111111111111111111111101111111111111111111101011111011111111110111111111111111111111111111111111111111111111111111111111111111111110111111111111110111111111111011111111111111101111
11111111111111111111111111111111111111011111111011111111111110111111111111111111111111111111111111111111111110110111111111111111111111111111111111111111111111111111111111111111111111111110111111111111
11110111111111111111111111101111111011111111111111011111111110111111111111111111111111111111101111111001111111111111110111100111101111111111111111111111111111111111110111101111111111111111111111111111
11111111111111111111111110111111111111110111111111111111111111111111111111111111111111111111111111111111111110111111111101111111111111101111111111111111111111011111111111111111111101011111111111111111
11111111111111111111111111111111111101111111111111111111111111111111101111111111111111111111111111111111011111111111011111111111110111111111111101111111111110111111111111011101111111101111111111111111
11111111111111111011111101111111111111111111111111111111111111111111111101111111101111111111111111111111111111110111111111111111111111111111111111111111111111111111111111111111111111101111111111111111
10111111111011111111110111111111111111111111111111111111111111111111111111111111111111111111111111101111110111111110111111111111111101111111111111011111111111101111111110111011111011110111111111111111
11101111111111111111111111111111111110111111011111111110111011111111111111111111111111110111110111111111111111111111111011111111111111101111111111111111111111111111010111111111111111111111111111111111
11111111110111111110111111110111111111111111111111111101111111111101111111111111111111111111111111101111111111111111011111111111111111111111110111111111110111111111101111111111111111111111111111111111
11111111111111111111111111111111111111111111111111111110111111111111111111111111111111111111111111101111111111111111111111111111111111111111111111111111111111111111011111110111111111011111111111111111
11111111101111111111111111111111111111111111111111111111111110111011111111111101111111111111111111110111111111111111111111111111111111011111111111011111111111101111111101111111111111111111111111111111
11111111111111111110111111111111111111111111111111111111111111111111111110111111111111111011011111111111111111110011111111111111111111111111111111111111111111111111100101111111111100111111111111110111
11111110111111111110101011111110111111111111111011111111111111111111111110111111111110111111111110111111111111111101111111111111111100111111111111111111111011101111111111111111111110111111111111111111
11111111110111111111111111111111111111011111111111111111111101111110111111111111111111111111111111111111111111111110111110111011111111111111111111111111011111111111101111111111111111111111110111111111
11011111111111111111111111111111111111111111111111111111110111111111111111111101111111111111111110111111111011111111111111111101101111110101111111110111111011111111111111111111111111111111111111111111
11111111111111111111001111111111101111011111111111111111011111110111111111111111111111111111111111111111110111111100110110110111111111111111111111111111111111111111110111111111111111111111111111111111
11111111111111111011111111111111111111111111110101111110111111111111111111111111111111111111011111111101111111111111111111111111111111101110111111111111111111111111111111111101111111111111111111111111
11011111111111110110111111111111111111111110111111111111111111010111101111111111111111111111111110110111111111111111111111111111111111111111111111111111111111111011111111111111110111111111111111111111
11011111011111111111011111111111111111111111111110111111111111111111111111111111111111111111111111111111011111111110111111111111110111111110111111111111111111011111111111111111111111111111111111111011
11111111111111111111111111111111111111111111111111111011111111111111111111111111111101101011111111111111111111111111111101111111111111111111111111111111101111011111111111111111111111111111111111111111
11111111110111111111111111111111111111111111111111111111111111111111111111111111111111111111111111111111111111111111111111111111111111111011111111111111111111011111111111111111111011111111111111111111
11111111111111111101101111011111101110111111111110111111101111011111111111111111111111111111111111111111110111111111111111111111111011111111111111111111101111111111111111111111111111111111111111111111
11101111111111111111111101111111111110111011111111111111111111111111111111111111111111111111011111111111111111111111111111011111111111111111111111111101111111111111110011111111111111111111111111111111
11111111111111111111111111101111111111111111111111111111111111111111011111111111111111111111111111111011011111111111111111111111111111111111101101111111111111111010111111101111111111011111111111111101
11101111111111110111110111111111111111111101111111111111011111111011111111111111101111111111111111111101111111111111111111111111111111111111111111111111111111111111111101111111111111111111111111111111
11111111100111111111111111111111101101111111111111111111111111111011111111111111111111111111111111111111111111111111111110111111111111111111111111111111111111111111111111111111101111111111111111111111
11111111111111111111111111111111111111111111111111111111111111111101111111111111111111111111111111111111111111111111111111111111111111111111111111111101111111111111111111111111111011111111111111111111
11111111110111111111111111111111111111011111111111111111011111111111111111111111111111111111111111111111100101111111110111111111111101111111111111111111111101111111111111111111111111111111111111111111
11101111111111111111010111111111111111111101011111111111011111111111111111111111111111111111111111011111110111111111111101111111111111111110111111111111111111111111111111111110111111111111111111111111
11111111111111111111111111011111111111111111111111111111111101101111110111111111111111111111111111110101111111111110111111111111111111111111111111111111111111111110110111011111111111111111111101011111
11111111011111111111111111111111111111111111111100111111111111111111101111111111111011111111110111111111111111111111111111111111111111111111111111110111111101111111101111111111111111111111111111111111
11111111111111111111101111011111111111111111111111111111111011111111111111111011111101111111111111111111111111111111111111111111111111111111111111101111011111111111111111111111111101111111111101111011
11101111111111111111111111111111111111111111111111010111111111111110111111111111111111111101101110111011111111111111011111111011111111111111111111111011111111111111111111111111111111101110111111111111
11111111111111111111111111111111111111111111111111111011111011111111111111111101111111111111111111111111111111111111111101111111111011111111101111111111101111111111111111111111111111111111111111111111
11111111111111111111111111111111111111111111111111111111111101111110111111111111011011111011111111111111111101110110111011111111111111111111111011111101111111111111111111101111111111111111111111111111
11101111111111111111111111011111111011111111111111111111111111011111111111111111111111111111111111111111111111111111111111111111101110101111111111111111111111111111111111110111111111111111111111111111
11111111111111111111110110111111111011111101111111111111110111111111111110111010110111111101111111111111011111111111111101111110111111011111111111111011111111111111101111111111111111111111111111111111
11111111111111111110111111111111111111111111111111111111111111111111111111111111111111111111111111010111111111101110111111111111111111111011111111111101111111111111111111111111111111111111111111111111
11111111111101111111111111111011111101111111111111111111111111111111111111111111111111111111111111111111111111111111111111111011111111111101111111111111101111111111111111111111111111110011111101011111
11111111111111110111111111111111111111111111111111111111111110111111111111111111111111111111111111111111111111101111111111111111011111111111111111101111011111111111111111111111111111111111110111111111
11111111111111111111011111111111111111111101111111111101111111111111111111111111111111111110111111111111111111011101111111111111111111111111111111111111011111111111111111111111111111111110111111111111
11111111111111111111110111101111101111110110111111111111011111111111111111111111111111111111111111111011111110111111111111111111111111111011111101111111111111111111111111111111111111111111111111110111
11110111111111111111111111111111111111111111111111111111111111011111111111111111111111111111011111111111101111110111111111101111111111111011111111111111111111111111110111011111111111111111111111111111
11111110111111111111111111111111110111111111111111111111111110111111111111111111111111111111111111111111110111111111111111111110111111011111111111111111111111111111111111111110111111111111111111111111
11111111111110111111111111111111111111111111111111111111101111111111111111111111111111111111111111111111111111111111111111110111111111011111111111111111111111011101111110111111111111111111111111101111
11111111111111111111111111101111111111111111111101011011111111111111111011101111111111111111111111111111111111111101111111111111111101111111011011111110110111111011111111111111111111111111111111111111
11111011111101111111111111101111111111111111111111111111111111101111111111111111111111111111011111011110111111111111111111111011111111111111111111111111111111111111111111111111111110111111111111111111
11111111111111011111111110101011111111111111111111111111111111011111111101111111111111111011111111111111111111111111111111111011111111111111111111111111111110111110111111111111111111011111111111111110
11111111111111111111111011111111111011101111110111111111111111110111111111111111111111111111101111111011111111111111111111111111111111101110101011001101111111111111111111110111111111111111111111111111
11111111111111011111111111111110111111111011111111111111111111111111111101011111111111101111111111111111111011101111111111111111111110111111111101111110011011101111111111111110111111111111111111111111
11111111111011101111111111111111111110111111011111111111111011111111111111111110111011111011111111111111111111111111111111111111111111111111111111111111111111111111111111111110111111111111111111111111
11111111111111111111111011101101111111111111111111111111111111111111111111111111111111111010111111111111111111111111111111111101111111111110101111111111111111111111111110111111111111111111110110111111
11010101111111111111111111111111111111111011110111111111111111111011111101111011111111111011111111111111111111111101101111110111111111111111111110111111101111111111011111111111111111101111111111111111
11111111111111111111111111111111111111111111111111111111111111101111111111111111111111011111111111111111111111111101111111111111111111111111111111111111111111111111111111111111111101111111111111111111
11111111110111111101111111111001011111111111111111111111111111111111111111101101111011111011111111111111111111111111111111111111111111111111111111100111111111111111111111111111111111111111111111111111
11101011111111110111111111111101111111111011111111111111111111110111111111111111111111001111111111101111111111111111111101111111111011111111111011111111111111111111111111011110111111111111111111111111
11111111111111111111111110111101111111111111111110111111111111111111111111111101111110111111111111111111111101111111111111111111111111011111111111111111111111111111111111101111111111111111111111111111
11111111111110111111111111111111111111111111111111111111111111111111111111111110111111101111111110111111111111111111111111111111111110111111111111111111111111111111111111111111111111111111101111111111
11111111111111111111111111111111111101111101111111111111111111110111111101111111011111111111111111111110111111111111111111111111111111111111111011111111111111111111111111111111111111111111111111111111
11111111111111111111111111111111111111111111111111111111111111111111111111111111111111111111111111111111111111111111111111111101101111111111111110111111111111111111111111111111111111111111111111111111
11111111111111111111111111111111101111111011111111111111111111111111111111111111011111111111111111111111111111101101111111111101111111111111111111111101111111110111110101111111111111111111011111110110
11111111111111111111111111101111111111111011110110111111111111111111111111111111111111111110111111111111011111111111111111111111111111011111111111111110111111111111111111111111111111111111111111111111
11111111111111111111111111101111111111111111111111111111110111111111111111111111111111111111111111111111111111111111111111111111111111111111111111101111111011100111111101111111111111101111110111111011
11111111011110111111111111110111111111111111011111111111111111111111111111111011111111111111111101111011111111011111111111111101111111111111011011111101111111111111011111111111111111110111111111111111
11111111111111110111111011111111111111111111111111111011111111111111111111011011101111111111111111111111110111111111111111101111011111111111111110111111111111111111111111011101111111111111111101111101
01101111111101111111011101111111111111111011111111111111101011111111111111111011111111111111111111111111111111111111111111111111111111111111111111111111111111111111110111111111111111111111111111111111
11111111111111111111111111111111101111101111111111111111111111111111111111011111111111111111111111111111111111111111111111111111111111110101111111111111111111111111111111111111111111111111111101111111
11111111111111111111111111111111111111111111111101111111111111111111111111111111111110111111111111111111111111111111110111111111110111111111111111110111111111111111111101011111111111101101111111111111
11111111111111111111111111101111111111011111111110111111111111111111101111111111111011111111111110111111111101111111111111111111111111111111011011111111111111011111111111111111111110111111111111111111
11111111111111111111111111111111111111111111011111111111111111111111111011111111111111111111111111111111111011111111110101111011111111111111111111111111111111111111111111111011111111111111011111111111
11111001111111101111111111111111111111111111111111111111111111111011111111111111111111111111111111111111011111111111111011111110111111111111111111111111111111011111111111111111111111111111110111111011
11111111111011011111111111111111111111111111111011111111111111111111111111111111111110111111111111111111111011111110111111111111111111011111111111111111111111111101111111111111111111111111111111011111
11111111111011111111111111110111111111111111111111111111111110111111111111111111111111111101111111101111111111111111111110111111111111111111101111110011111111111111111111111111111101101111111111111111
10111111111111111111111111111111111111111111110111111111111111111111111111111111111111111111111111111111111111111111111111111111111111111110111111111111111111110111111110111111111111111111111011111111
10111111111101111111111111111111111111110111111111111111111110111111111111111111111111101111111111111111111111111111111111111111111111111111101110111111111111111111110111111111111111101111111111111111
11111111111111111111111111111111111111111111111011111111101111111111111111111111111111111111111111111111111110111111111111110101111111111110111111111111110111101111111111110111111101111111111111111111
11111110111111111111111111110111111111111011111111111111111111111111111101111011111111111110111111111111111111111111111110111111111111111111111111111111111110111111100111111111111111111111111110111111
11111111111111111011110111111110111111111111111111111111110110111111111111111111101111100111111111111111111111111110111111111111111111111111111111111011111101111111111011111111111111111111111111111111
11111111111111111111101111110111111111111101111111111111111111111110111111111111111111111111111111110111111111111111101111111110111110111111011111111111111111111111111111111111101111111011111111111111
11111111111011111111111111111111111111111111111110111111101011111111111111111010111111111111111111111110111100101111111111111111111111111111111111111101111111100111111111001111111111110111111111111111
11111111111111111111111111111111111011111111111111111111110111111111101111111111111111111111111111111111111111111111111111111111110111110111111111111111111111111111111111111111111111111111111111110111
11111111111111111111111111101111111111111111111101111111111111111111111101110011111111011111111111111111111111110111111111111111111111010111111101111111111111111111111111111110111111111111111101111111
11111111111111111111111111111011111111111111111111111111111111111111111111111111111111111111111111111111111111111111111111111111111111110111111111111111111111111111111111111111111111111111111011111111
11111111111111111111011111111111111111111111111111111111111111111111111111111111111111110111111111011111111111111111111111111111111111111111111111111111011111111111111111111111111111110111111011111111
11111111111111111101111111111111111111111011111111110111111111111111111111111111110011111111111111111111111111111111111111111111111111111111111011111111111111111111111111111111111111111111111111111111
11011111111111111110111111101111111111111111111111111111111111111110111111111111111111111110110011111111011111111111111111111111111111111111111111111111111111111111111111111111111111111111111110111111
11111111111111111111111111111111111111111111111110111111111111111111011111111111110111111111111111111111111111110110111111111111111111111111111111111111111111111111111111101111111111110111110111111111
11111111011111111111111011111111111101111111111111111111111111111111111111111111011111101111110111111111111110111111111111111011111111110111011111111111111111111110101111111111111111111111111111111110
11111111011111111111111111111111111111111111111110111011111111111111111111111111101111111111111111111111111111111111111011110110111111111111110111111110111111111011111111001111111111111111111111111111
11011111111111111111111011111111111111111101111111111111111111111111111111111111111111111111111011111111111111111111111111111111111111111111111111111111111111110110111111111111111011111111111111111111
11111111111101111111111111111111111111111111111111111111111111111011111111111111111111110111111111111111111111111110111111111111111111111111111111110111111111111111110101111110111111111111111111010111
11111111111111111111111111111111111111111111111111111111111111111111111111111111111111111110111111111011011101111111110111111111111111111111111111111101111111101111111111110101011111111110111111111111
11111111111111011111111111111111111111111111111111111111111111111111111111111111111111110111111011111111111101111111111111111111111111111111111111111111111111111101111111111111111111111111111111111111
10111111011111111011111111111111111111011111111011111111111111111111111111111101111111111111111111111111111111111111111111111111111111111101111111111111111111111111111101111111111111111111111111111111
11111111111111111111011111111111110110111111111111011111111111111111111111111111111111111111111111111111111111111111111111111111111111011111111111111111111110011111111111111110111111111111111111111110
11111011111111111111111111111111111111111110111111111111111111111111101111111111011111111111111110011111111111111111111111111111110110111111111110011111111111111111111111111111111111111111101111111111
11101111110111111111111111111111111111111111111110111111111111111111110111111111111111011111110111111110111111101111111111111111111101111011111111111111110111111011111111111111111101011111111111111111
11111011111110111011111111111111111111111111111111111111111111111011111111111111111111111111011111111111111011111111111111011101111111111111111111111111111111111111010111111101111111111111111111111111
11110111111111111111111101111111110111111111111111111111111111111111110111111111111111111111111111111111111111111111111111111111111111111111111111111111111111110111111111110111111111111011111111111101
11111111110111111111111111111111111111111111111111011111111111111111111111111111111111111110111111111111111110111111111111111111111011111110111101011111111110111111111111100111111111111111111111111111
11111111111101111101111111111111111111111111111111110110111101111111111111111111111111111111111111111111111111111111111111111111111111111110111011111111111111111011111111111111101111111111111101111111
10111111110111111111111111101111111111101111111011111111111111111111111101111111111111101111111111111111111101111111111111111111111111111101111111111111111011111111111101111111111111111111111111111111
11101111101110111111111111111111011111111111111111111111111111111111111111111111111111111111111111011111111111111111111111111111111111111111111111101111111111111011111111111111111111111111111111111110
11101111111111111111111111111111101111111101111111111111111110111111111111111111111111111111011111111111111111111111111111111111111111111101111111101111111111111111111111111111111111111111111111111111
11111111111111111111111111111111111111111111111101111111111111111111111111111101111111011111111111111111111101111111110111111111111110111110011111001111111111111111111111111111111111111111111111010111
11010110111111111111111111011111111111111111111111111111101111111110111111111111111111111111111111111111111111111111111111111111111111111111111111111111111111111111111111111111111111111111110111111111
11111111111111111111111111111110111111111111111111111111111111110111111111111111111111111011111111111101011111111111111111111111111111111111111111111111111111111111111111111111111111111110111111111011
11111111111111111011111110111111111111111111111111111101111111111111111111111111111111111111111101111010111111101111111111111111111111101111111111101110111111111101110111101111111111110101111111101111
11111111111111110111111111111111111111110111111111111101111111111101111111111111111111101111111111111110111111111111111111111111111111101111111111111111111111111111111111111111111111111101111111111111
11011111111111111111011111111111111111111111111011111111111111111101111111111101111111111111111110111111111111111111111101111111111111111111111111111111111011111111111111111111111111111111011111111101
11111111111011110011111111111110111111111111110111111111111011111111111111111111111111111111101111111111111111111111111111111111111111111111111111111011111001111111111111111111111111111111111101111111
11111111111111111110111111110111111100111111111101111111111111111111111111111111011110111111111111111111111111111110111111111011111111111111111101011111111111111111111111101111111111110111111111101110
11111101111111111111011111111111111111111111011111111011101101111011111111111111111111111111111110111111111111111111111111111111111111111111111111111111111111111111111111111111111111111111111101111111
11101011111111111110111111111110111111111111111111111111111111101111111111101111111101111101111111111110111111110111111111111111101111111111111111111111111111111111111111111111111111111111110111111111
11111111111111111111111111011111111111111111111111111111111111111111111111111111011110111101111111110111011111111111111111111111111111111111111111110111111111111111011111111111111111111111110111111111
11111111111111111111111111111111111111111111111111111110111111101111110111111111111101111111111111110111111111111111111111110111111111101011111111111111111111111111111111111111111111111111111111111111
11111111111111011111111101111111111101111111111110111111111111011101111111111111111111110111111111111111110111111111111101111011111111111111111111111111110111111111110110111111111111011111111111111111
11111111111110111111111111111111101111011101111111111111110110111111111111111111111111111111111111011111111111111111111111111111011101111111111111111111110111111111111111111101111111111011111111111111
11011111101111111111111111111111111111111111111111111111111111111111011111111111111111111111111111111111110111111111111111111111111110111111111111111111111111111111110111011111111111111111111101111111
11111111111111111111111111111111111111111111111111011111111111110111111011011111001111111111111111111110111111111111111111111111101111111111111111111100111110111101101101111011101100111111111111111111
11111110111111111111110111111110111111111111111111111111111111111111110111111111111111111110111111111111111111110111111111111111111011101111111101111111111111111111111111111111111111111111111111101111
01111111111111111111110111111111111111011111111111111111111111111111111111111111111111111111111111111111111111111111111111111111111111111111101111111111101111110111111111111111111011111111111111111101
11011111110111111111011111111111111111111101111111111110110111111111111111111111110111111101111111111111111111111111111110111111011111111111111111111111111111111111111111111111111111111111111111111110
11111111111111111101111111111111111111111111111111111111111111111111111111111111111111101111111111111111111111111111111111111111110111111111111111110111111111111111111101111111110101111110111111111111
11111111111111101011111111100111111111111111111111110111111111111111111111111111111011111111111111111111111111101011111111111111111111111111101111111111111111111111111111111111111111111111111111111111
11111111111111101111111111111111111111111111111111111111101111111111111111111111111111111111111101111111101111011111111110111111111111111111111111011111111111111111111111111111110111111111111111111111
10011111111111111111111111111111111111110111111111101111111111111111111111111111111111111111110111011111111011111111111111111101111111111111111111111111111111110111111111111111111111110111111111111111