52
3
6 12 30
2
5 4
1 6
1
10
5
1 1
1 2
2 2
4 1
10000 10000
4
30 72 6 60
62
1 1
2 1
3 1
4 1
5 1
6 1
7 1
8 1
9 1
10 1
11 1
12 1
13 1
14 1
15 1
16 1
17 1
18 1
19 1
20 1
21 1
22 1
23 1
24 1
25 1
26 1
27 1
28 1
29 1
30 1
1784 1663
15 4178
82 269
2637 238
1405 990
1011 3128
349 2617
200 110
2087 6
1462 1225
3796 140
1559 1514
628 643
3701 2150
2221 3488
1291 949
1369 2440
289 311
65 641
1967 7002
218 252
92 729
338 261
455 4654
67 55
82 3551
470 229
175 3
1150 2932
1224 310
167 5024
7108 5766
5
100 40 50 5 30
41
1 1
2 1
3 1
4 1
5 1
6 1
7 1
8 1
9 1
10 1
11 1
12 1
13 1
14 1
15 1
16 1
17 1
18 1
19 1
20 1
21 1
22 1
23 1
24 1
25 1
26 1
27 1
28 1
29 1
30 1
1011 125
105 242
1100 3231
1433 317
1720 12
1047 763
1942 47
2792 409
4119 492
1569 121
2281 38
11
35 100 20 10 70 45 50 80 95 5 40
49
1 1
2 1
3 1
4 1
5 1
6 1
7 1
8 1
9 1
10 1
11 1
12 1
13 1
14 1
15 1
16 1
17 1
18 1
19 1
20 1
21 1
22 1
23 1
24 1
25 1
26 1
27 1
28 1
29 1
30 1
6690 319
1475 1393
257 3960
1226 1974
413 899
135 1082
5267 162
871 3396
51 239
364 348
584 1021
494 2861
1519 800
4 2990
716 1782
708 218
760 81
191 55
1808 365
19
95 40 60 15 75 10 85 55 80 30 65 100 90 5 35 70 20 45 25
53
1 1
2 1
3 1
4 1
5 1
6 1
7 1
8 1
9 1
10 1
11 1
12 1
13 1
14 1
15 1
16 1
17 1
18 1
19 1
20 1
21 1
22 1
23 1
24 1
25 1
26 1
27 1
28 1
29 1
30 1
1044 2061
15 831
1 814
531 524
517 3832
1168 656
3772 2421
2550 1192
3889 6114
2853 2656
475 1620
1678 6008
29 2076
285 3024
1109 202
51 147
2123 2718
293 28
1727 4295
1374 8127
3988 994
1787 657
1251 2435
3
100 5 65
47
1 1
2 1
3 1
4 1
5 1
6 1
7 1
8 1
9 1
10 1
11 1
12 1
13 1
14 1
15 1
16 1
17 1
18 1
19 1
20 1
21 1
22 1
23 1
24 1
25 1
26 1
27 1
28 1
29 1
30 1
82 1106
197 2593
29 26
724 4112
440 2479
972 2905
4141 1003
224 87
3 273
44 2742
653 854
2648 38
697 127
111 2039
1930 4304
60 1815
47 39
6
20 5 45 10 65 70
55
1 1
2 1
3 1
4 1
5 1
6 1
7 1
8 1
9 1
10 1
11 1
12 1
13 1
14 1
15 1
16 1
17 1
18 1
19 1
20 1
21 1
22 1
23 1
24 1
25 1
26 1
27 1
28 1
29 1
30 1
434 2839
666 57
1945 644
421 630
1647 94
47 2984
4183 2799
1 913
1946 1011
34 73
775 1065
32 599
719 5053
575 67
722 451
1297 1999
43 253
821 666
36 1558
224 435
50 16
495 4199
395 45
1804 2666
1128 1181
16
5 65 15 60 20 85 10 30 75 95 25 35 100 55 50 45
65
1 1
2 1
3 1
4 1
5 1
6 1
7 1
8 1
9 1
10 1
11 1
12 1
13 1
14 1
15 1
16 1
17 1
18 1
19 1
20 1
21 1
22 1
23 1
24 1
25 1
26 1
27 1
28 1
29 1
30 1
1066 378
1066 1036
4260 1371
3653 130
112 193
286 1087
1097 510
266 644
310 2740
454 428
73 804
3617 8
754 76
2578 1105
251 2575
1560 758
4 1786
500 728
39 754
184 4521
427 2561
919 265
960 401
1 6929
170 321
868 357
1093 2833
1283 327
1548 853
24 684
72 340
1065 2207
37 3812
617 335
44 517
1
15
67
1 1
2 1
3 1
4 1
5 1
6 1
7 1
8 1
9 1
10 1
11 1
12 1
13 1
14 1
15 1
16 1
17 1
18 1
19 1
20 1
21 1
22 1
23 1
24 1
25 1
26 1
27 1
28 1
29 1
30 1
235 5440
2127 209
644 3595
2115 168
63 1207
1125 2794
453 2271
9 388
14 342
291 573
727 4102
5306 205
622 160
4095 2645
1059 3066
554 3414
3766 81
980 466
525 31
403 1201
949 7
1605 5023
2176 90
3109 470
1 3876
61 16
365 2006
1880 216
76 474
1952 8
1975 627
42 1248
2231 2114
70 519
26 645
5384 89
2240 968
12
55 75 45 100 5 15 25 80 30 10 65 90
70
1 1
2 1
3 1
4 1
5 1
6 1
7 1
8 1
9 1
10 1
11 1
12 1
13 1
14 1
15 1
16 1
17 1
18 1
19 1
20 1
21 1
22 1
23 1
24 1
25 1
26 1
27 1
28 1
29 1
30 1
993 644
10 984
570 160
2086 2802
44 1828
1776 88
157 15
2211 30
1839 1597
1121 355
1038 214
2067 3520
358 1578
2340 244
18 1654
2300 1351
68 2480
40 7
369 2102
128 329
2488 245
969 118
433 2365
744 125
1345 678
1512 4116
1713 1150
880 79
1143 1873
7340 344
5 975
540 1991
1774 2580
12 580
1078 1111
342 198
3677 2012
2 48
244 638
466 156
15
75 45 35 10 5 95 55 85 80 25 20 65 60 50 30
53
1 1
2 1
3 1
4 1
5 1
6 1
7 1
8 1
9 1
10 1
11 1
12 1
13 1
14 1
15 1
16 1
17 1
18 1
19 1
20 1
21 1
22 1
23 1
24 1
25 1
26 1
27 1
28 1
29 1
30 1
6240 759
95 1395
2615 592
236 2633
5997 1225
766 1124
2476 51
913 364
1957 103
738 895
737 47
2613 3190
789 28
732 37
2973 651
24 64
7768 551
89 2090
861 13
1342 593
6763 2609
3976 689
5550 2928
15
15 50 20 55 70 100 10 85 5 75 45 60 30 65 95
68
1 1
2 1
3 1
4 1
5 1
6 1
7 1
8 1
9 1
10 1
11 1
12 1
13 1
14 1
15 1
16 1
17 1
18 1
19 1
20 1
21 1
22 1
23 1
24 1
25 1
26 1
27 1
28 1
29 1
30 1
269 1137
1277 329
3241 504
219 2904
164 4091
15 2339
57 888
945 30
1760 1443
61 1106
24 7640
318 107
38 1415
115 646
237 2320
2418 4769
227 1112
1025 153
88 14
315 75
3554 3498
1423 657
80 57
2560 171
794 757
1361 79
188 15
384 82
486 4550
3828 1407
874 376
385 629
502 238
62 106
265 390
543 407
101 994
26 1608
15
5 30 100 50 80 40 75 55 65 10 90 70 20 15 85
66
1 1
2 1
3 1
4 1
5 1
6 1
7 1
8 1
9 1
10 1
11 1
12 1
13 1
14 1
15 1
16 1
17 1
18 1
19 1
20 1
21 1
22 1
23 1
24 1
25 1
26 1
27 1
28 1
29 1
30 1
2 1124
122 2864
1928 3074
2573 415
6468 1862
104 421
160 3861
55 412
8 136
1337 307
90 5268
125 1865
559 1900
630 1039
3103 212
257 643
454 266
1897 44
23 642
10 522
1290 1535
2509 630
1261 1334
1189 749
3116 955
204 223
88 2754
58 2950
2178 1177
269 1277
133 951
394 633
2268 1594
731 3053
364 18
1520 1541
6
50 5 80 95 75 10
66
1 1
2 1
3 1
4 1
5 1
6 1
7 1
8 1
9 1
10 1
11 1
12 1
13 1
14 1
15 1
16 1
17 1
18 1
19 1
20 1
21 1
22 1
23 1
24 1
25 1
26 1
27 1
28 1
29 1
30 1
78 1434
434 4231
1548 762
139 538
3928 2112
85 602
4161 265
2327 229
55 355
674 1
2832 2393
3944 1652
8 323
265 135
140 1418
290 1330
1456 3972
372 862
2727 514
578 1076
708 1507
1401 180
910 160
5836 603
204 1027
1698 1780
547 2151
3289 247
3590 8
3236 508
5058 2687
1623 236
242 27
363 52
2547 632
413 194
3
5 40 100
66
1 1
2 1
3 1
4 1
5 1
6 1
7 1
8 1
9 1
10 1
11 1
12 1
13 1
14 1
15 1
16 1
17 1
18 1
19 1
20 1
21 1
22 1
23 1
24 1
25 1
26 1
27 1
28 1
29 1
30 1
7291 354
719 1070
641 625
144 1436
1978 1048
454 902
316 213
255 141
1841 157
3421 543
563 1812
30 960
426 13
1703 236
61 2070
3391 3417
892 218
42 1378
343 2029
3420 565
21 1809
458 301
73 1982
2026 220
811 1293
137 1151
676 499
40 1770
543 946
32 223
116 1288
762 177
1469 7
223 1566
144 1045
88 183
3
5 60 75
70
1 1
2 1
3 1
4 1
5 1
6 1
7 1
8 1
9 1
10 1
11 1
12 1
13 1
14 1
15 1
16 1
17 1
18 1
19 1
20 1
21 1
22 1
23 1
24 1
25 1
26 1
27 1
28 1
29 1
30 1
368 238
2182 402
869 524
719 997
110 37
211 4828
124 277
247 2671
2424 154
2782 141
1059 2080
832 667
203 16
3845 86
38 41
356 20
18 594
51 141
1585 75
2327 1900
81 346
1281 19
1089 1162
1250 455
6060 109
88 768
351 547
4041 14
6418 13
264 609
2864 1449
368 228
640 907
3418 914
211 4609
268 288
6 1838
470 341
18 470
705 1591
4
85 5 15 70
65
1 1
2 1
3 1
4 1
5 1
6 1
7 1
8 1
9 1
10 1
11 1
12 1
13 1
14 1
15 1
16 1
17 1
18 1
19 1
20 1
21 1
22 1
23 1
24 1
25 1
26 1
27 1
28 1
29 1
30 1
665 1342
2562 5036
6 1884
3010 35
28 3834
702 1184
3749 121
1448 46
96 966
1168 221
852 1905
300 2491
4031 8
191 528
4834 133
547 552
87 1979
101 68
129 4
2576 203
625 2805
2847 31
2799 802
7002 367
7374 2
3556 603
1338 478
2113 6
678 2309
7092 8921
301 4703
68 1774
1776 436
698 1700
1661 332
13
55 10 15 45 25 5 85 40 75 65 100 90 70
69
1 1
2 1
3 1
4 1
5 1
6 1
7 1
8 1
9 1
10 1
11 1
12 1
13 1
14 1
15 1
16 1
17 1
18 1
19 1
20 1
21 1
22 1
23 1
24 1
25 1
26 1
27 1
28 1
29 1
30 1
1532 4612
8199 86
2556 284
14 2
560 316
182 539
10 26
4770 78
634 1348
711 149
489 2362
4151 1735
39 87
174 4294
2 2182
596 1356
292 60
2 52
1017 2744
109 374
343 536
1773 514
274 160
163 26
336 786
2049 582
1109 2716
228 58
689 1588
2064 1751
2443 488
1445 420
1218 399
73 2117
3512 82
138 276
8028 4621
591 613
410 63
19
50 65 70 15 30 85 100 35 25 80 60 95 90 55 45 75 20 40 5
69
1 1
2 1
3 1
4 1
5 1
6 1
7 1
8 1
9 1
10 1
11 1
12 1
13 1
14 1
15 1
16 1
17 1
18 1
19 1
20 1
21 1
22 1
23 1
24 1
25 1
26 1
27 1
28 1
29 1
30 1
2155 2423
605 4783
1175 6573
2502 3634
390 739
8 1703
6294 6002
4031 1158
54 28
107 745
38 778
27 115
3062 210
49 820
4224 1330
304 3296
2108 533
1556 604
1225 561
46 96
295 65
1488 127
1242 474
93 4161
482 1653
894 4533
963 1913
804 3688
2729 192
717 929
38 520
1138 1140
2201 2819
1660 44
1149 86
59 2396
30 396
4688 2327
77 1519
2
9 72
45
1 1
2 1
3 1
4 1
5 1
6 1
7 1
8 1
9 1
10 1
11 1
12 1
13 1
14 1
15 1
16 1
17 1
18 1
19 1
20 1
21 1
22 1
23 1
24 1
25 1
26 1
27 1
28 1
29 1
30 1
236 12
46 96
135 901
297 1273
3395 47
1677 3237
971 107
173 2647
46 313
1452 2
140 35
575 123
1448 1804
77 3436
90 33
4
20 35 90 5
69
1 1
2 1
3 1
4 1
5 1
6 1
7 1
8 1
9 1
10 1
11 1
12 1
13 1
14 1
15 1
16 1
17 1
18 1
19 1
20 1
21 1
22 1
23 1
24 1
25 1
26 1
27 1
28 1
29 1
30 1
1097 1448
218 1252
1305 504
1828 1488
431 2063
1659 541
3170 6539
3452 1535
951 1145
1098 787
196 5032
698 3385
6572 2061
1369 126
1354 171
1 501
173 245
3492 428
1441 11
115 1851
629 120
88 1302
2579 910
1201 642
632 340
105 8
1445 3374
1467 5062
2646 2267
113 1063
2482 156
4471 29
35 913
2631 2106
4485 4352
94 134
184 994
1692 2070
49 9
17
75 80 65 95 70 15 20 85 45 40 10 55 5 60 50 100 30
69
1 1
2 1
3 1
4 1
5 1
6 1
7 1
8 1
9 1
10 1
11 1
12 1
13 1
14 1
15 1
16 1
17 1
18 1
19 1
20 1
21 1
22 1
23 1
24 1
25 1
26 1
27 1
28 1
29 1
30 1
1156 49
129 986
394 10
1845 232
986 713
15 5361
16 18
427 242
1899 69
25 700
3630 2540
1463 2252
705 1937
2581 125
350 2527
1683 409
223 4855
1223 738
50 10
333 2898
3188 1996
375 1544
5 734
1404 164
320 67
26 225
1872 2292
411 519
2614 2778
189 5589
3 1627
278 105
398 440
1595 9
795 586
1836 4079
665 806
461 5344
171 1122
20
65 70 60 10 100 55 45 85 40 35 30 95 90 15 80 50 25 5 20 75
49
1 1
2 1
3 1
4 1
5 1
6 1
7 1
8 1
9 1
10 1
11 1
12 1
13 1
14 1
15 1
16 1
17 1
18 1
19 1
20 1
21 1
22 1
23 1
24 1
25 1
26 1
27 1
28 1
29 1
30 1
1388 290
490 46
610 1673
241 34
33 2169
243 148
447 887
916 813
648 1595
4412 759
393 37
344 1086
843 4286
518 3562
4766 31
415 2922
1 1395
2510 8386
600 29
18
90 20 25 95 45 30 65 75 35 50 40 15 55 85 70 5 80 10
60
1 1
2 1
3 1
4 1
5 1
6 1
7 1
8 1
9 1
10 1
11 1
12 1
13 1
14 1
15 1
16 1
17 1
18 1
19 1
20 1
21 1
22 1
23 1
24 1
25 1
26 1
27 1
28 1
29 1
30 1
2564 1012
88 1413
1502 231
112 4698
1337 608
251 349
4120 1237
507 2553
1645 265
158 384
1431 1735
821 992
517 122
1165 198
7340 235
4239 728
78 82
722 11
36 4038
662 1226
4027 492
1406 1483
156 506
99 236
2939 1501
472 2915
12 412
32 2035
725 135
861 113
2
5 85
54
1 1
2 1
3 1
4 1
5 1
6 1
7 1
8 1
9 1
10 1
11 1
12 1
13 1
14 1
15 1
16 1
17 1
18 1
19 1
20 1
21 1
22 1
23 1
24 1
25 1
26 1
27 1
28 1
29 1
30 1
91 156
45 922
711 204
73 29
45 1729
324 3
4716 512
607 111
1383 1080
1201 7
1822 1272
100 1397
810 1897
4 11
378 144
58 547
90 918
2380 1662
6 1688
19 143
326 848
2779 1505
401 280
1457 792
16
90 25 15 5 20 30 100 65 60 40 45 95 80 70 10 85
62
1 1
2 1
3 1
4 1
5 1
6 1
7 1
8 1
9 1
10 1
11 1
12 1
13 1
14 1
15 1
16 1
17 1
18 1
19 1
20 1
21 1
22 1
23 1
24 1
25 1
26 1
27 1
28 1
29 1
30 1
142 1322
2973 1887
1 411
46 2492
92 1173
489 19
3120 14
524 78
1145 6403
207 4637
3612 1397
259 1093
74 158
72 1194
394 492
540 5183
635 292
696 2399
872 4035
223 3629
1266 445
2061 136
888 21
2534 835
702 1268
338 2551
2372 1004
5967 36
298 388
1703 1319
1057 273
1639 107
11
75 95 35 20 25 45 60 70 100 5 55
70
1 1
2 1
3 1
4 1
5 1
6 1
7 1
8 1
9 1
10 1
11 1
12 1
13 1
14 1
15 1
16 1
17 1
18 1
19 1
20 1
21 1
22 1
23 1
24 1
25 1
26 1
27 1
28 1
29 1
30 1
255 6286
1787 3170
167 1675
134 141
188 330
1418 2277
4468 348
2026 44
1731 1798
1298 2440
335 1217
743 25
731 21
407 1477
166 366
4331 1473
587 2168
1672 105
864 3666
124 37
2820 474
11 149
679 523
3796 1754
322 3140
1369 2831
5568 15
8838 3702
145 1418
975 99
3487 1129
1 247
752 2
10 674
3546 655
443 641
345 120
122 635
429 853
3096 8188
14
65 80 5 70 50 60 25 30 35 15 75 40 100 85
36
1 1
2 1
3 1
4 1
5 1
6 1
7 1
8 1
9 1
10 1
11 1
12 1
13 1
14 1
15 1
16 1
17 1
18 1
19 1
20 1
21 1
22 1
23 1
24 1
25 1
26 1
27 1
28 1
29 1
30 1
29 181
754 2937
68 225
232 383
528 8
51 84
17
35 55 40 10 25 60 75 95 15 70 50 85 100 80 20 30 5
64
1 1
2 1
3 1
4 1
5 1
6 1
7 1
8 1
9 1
10 1
11 1
12 1
13 1
14 1
15 1
16 1
17 1
18 1
19 1
20 1
21 1
22 1
23 1
24 1
25 1
26 1
27 1
28 1
29 1
30 1
888 438
1184 2266
100 604
7055 127
5628 4548
319 1908
1778 384
197 2507
1104 1634
798 200
1208 624
21 324
3636 674
1442 81
42 1817
4737 3739
24 154
1870 2054
328 250
360 121
324 1039
80 34
41 122
292 3523
356 1174
2534 47
130 4683
67 870
37 4850
641 764
626 284
4471 7512
200 1521
1431 1874
20
80 65 5 60 40 15 25 30 10 85 95 50 90 70 75 45 20 100 55 35
70
1 1
2 1
3 1
4 1
5 1
6 1
7 1
8 1
9 1
10 1
11 1
12 1
13 1
14 1
15 1
16 1
17 1
18 1
19 1
20 1
21 1
22 1
23 1
24 1
25 1
26 1
27 1
28 1
29 1
30 1
354 899
1386 226
1265 259
732 1785
298 1759
1717 7394
1061 2155
1320 739
741 104
1366 927
1629 1068
2938 55
2250 40
988 6297
2659 164
416 661
220 3735
286 620
1791 1
1040 3433
1389 2864
3718 70
144 4614
824 385
5 6
549 3660
60 700
601 2130
6201 1264
23 5
712 2563
2994 194
605 1226
2202 62
815 77
22 970
1111 595
20 64
1455 19
2727 21
13
20 10 90 45 50 100 70 60 75 5 95 80 25
67
1 1
2 1
3 1
4 1
5 1
6 1
7 1
8 1
9 1
10 1
11 1
12 1
13 1
14 1
15 1
16 1
17 1
18 1
19 1
20 1
21 1
22 1
23 1
24 1
25 1
26 1
27 1
28 1
29 1
30 1
102 3333
324 969
242 4149
1161 160
973 864
18 3715
662 1368
786 591
3046 80
91 700
791 4981
1491 927
188 336
1559 150
15 505
712 1414
263 37
1873 1975
53 54
975 848
661 328
1987 566
783 1051
1019 374
3663 1247
11 1458
1348 1802
19 1002
180 526
509 1333
470 2580
27 784
1777 16
218 621
215 1775
20 4946
1301 3353
4
75 90 5 100
68
1 1
2 1
3 1
4 1
5 1
6 1
7 1
8 1
9 1
10 1
11 1
12 1
13 1
14 1
15 1
16 1
17 1
18 1
19 1
20 1
21 1
22 1
23 1
24 1
25 1
26 1
27 1
28 1
29 1
30 1
2136 111
108 1062
119 632
109 181
161 312
140 203
205 99
145 849
129 226
1418 4393
462 10
699 243
1673 1161
304 206
169 526
1844 244
1498 49
2554 900
469 8
3544 34
447 2686
704 514
2914 45
596 113
612 600
618 626
6062 278
58 101
1844 902
1529 494
1564 402
520 30
2472 3
1572 593
5260 498
3145 2023
878 11
4 2113
6
25 90 60 70 5 100
44
1 1
2 1
3 1
4 1
5 1
6 1
7 1
8 1
9 1
10 1
11 1
12 1
13 1
14 1
15 1
16 1
17 1
18 1
19 1
20 1
21 1
22 1
23 1
24 1
25 1
26 1
27 1
28 1
29 1
30 1
263 743
370 763
21 1458
1068 1230
10 1659
43 268
1233 2168
1153 1432
1398 2151
90 96
104 701
322 7055
21 1304
532 3525
13
65 45 40 85 75 100 50 30 60 35 80 90 5
70
1 1
2 1
3 1
4 1
5 1
6 1
7 1
8 1
9 1
10 1
11 1
12 1
13 1
14 1
15 1
16 1
17 1
18 1
19 1
20 1
21 1
22 1
23 1
24 1
25 1
26 1
27 1
28 1
29 1
30 1
1083 874
155 492
643 5784
6 161
3233 1788
267 891
771 2828
122 4716
77 300
196 1464
286 147
71 1880
207 125
149 1368
423 3898
2983 181
4359 194
2027 2837
1595 143
23 594
3121 37
1173 2668
5384 148
5491 3682
1071 279
914 2940
208 405
820 552
1966 387
117 199
586 262
481 2898
5864 273
437 275
2701 1233
578 409
276 1525
1417 206
1687 260
1439 2147
2
95 5
51
1 1
2 1
3 1
4 1
5 1
6 1
7 1
8 1
9 1
10 1
11 1
12 1
13 1
14 1
15 1
16 1
17 1
18 1
19 1
20 1
21 1
22 1
23 1
24 1
25 1
26 1
27 1
28 1
29 1
30 1
1711 29
5708 211
679 4548
498 3130
2480 66
3161 1385
1061 30
1433 438
35 935
255 203
471 3219
1992 1151
744 511
3 749
148 194
1204 2291
120 216
936 413
6511 638
6416 716
1854 113
15
90 100 55 60 70 20 65 85 30 15 40 75 5 95 50
64
1 1
2 1
3 1
4 1
5 1
6 1
7 1
8 1
9 1
10 1
11 1
12 1
13 1
14 1
15 1
16 1
17 1
18 1
19 1
20 1
21 1
22 1
23 1
24 1
25 1
26 1
27 1
28 1
29 1
30 1
2666 317
327 4512
497 480
248 216
239 2626
363 252
118 513
63 3472
523 151
894 60
103 5035
131 212
3649 115
2630 2445
4447 2680
381 882
71 98
93 34
5 232
3390 1122
2362 1694
2365 86
4095 4733
314 4
1125 1108
859 3096
19 2844
1935 1812
2624 3108
1806 499
1553 3374
1647 11
1969 496
3214 2666
15
70 60 30 65 5 45 10 85 100 90 40 20 75 25 50
59
1 1
2 1
3 1
4 1
5 1
6 1
7 1
8 1
9 1
10 1
11 1
12 1
13 1
14 1
15 1
16 1
17 1
18 1
19 1
20 1
21 1
22 1
23 1
24 1
25 1
26 1
27 1
28 1
29 1
30 1
1287 238
83 19
2 11
232 1485
367 970
3484 1794
764 910
882 704
624 25
299 278
772 4202
786 3379
1770 797
212 12
696 1142
31 751
2 944
550 3484
1151 1630
714 291
3 10
2440 1
798 5194
46 2312
526 1
1616 1216
644 3965
14 312
884 57
14
75 10 80 45 30 35 5 65 40 85 95 90 70 25
69
1 1
2 1
3 1
4 1
5 1
6 1
7 1
8 1
9 1
10 1
11 1
12 1
13 1
14 1
15 1
16 1
17 1
18 1
19 1
20 1
21 1
22 1
23 1
24 1
25 1
26 1
27 1
28 1
29 1
30 1
866 159
737 54
1150 2082
849 990
71 520
35 5385
2437 3853
435 128
1716 139
538 446
40 885
799 469
3163 112
936 849
4084 709
863 241
29 183
4591 620
96 1533
220 3922
29 388
334 1828
4416 918
1519 875
1634 38
1210 598
285 581
122 240
34 612
189 172
197 286
1435 2588
3004 561
7610 1835
526 428
489 178
1518 130
5 285
562 94
5
60 42 54 6 72
59
1 1
2 1
3 1
4 1
5 1
6 1
7 1
8 1
9 1
10 1
11 1
12 1
13 1
14 1
15 1
16 1
17 1
18 1
19 1
20 1
21 1
22 1
23 1
24 1
25 1
26 1
27 1
28 1
29 1
30 1
308 608
905 2907
1298 1965
361 3881
2445 3569
263 2375
83 2545
2691 568
2567 613
787 1923
4664 2542
207 1529
2922 13
610 373
51 390
163 875
5992 82
45 4318
1627 1643
124 15
1093 1673
1201 4453
757 624
2742 7
2700 233
2169 987
1759 520
2786 3519
5216 1825
11
20 15 100 90 80 5 25 40 60 35 55
51
1 1
2 1
3 1
4 1
5 1
6 1
7 1
8 1
9 1
10 1
11 1
12 1
13 1
14 1
15 1
16 1
17 1
18 1
19 1
20 1
21 1
22 1
23 1
24 1
25 1
26 1
27 1
28 1
29 1
30 1
4342 1364
22 922
946 266
120 31
2937 104
3616 378
8083 1812
628 99
1399 2537
1694 243
30 3284
10 220
1294 412
26 5357
1308 599
833 30
169 82
151 357
3737 1625
3376 680
572 2
8
70 30 40 20 85 45 5 65
68
1 1
2 1
3 1
4 1
5 1
6 1
7 1
8 1
9 1
10 1
11 1
12 1
13 1
14 1
15 1
16 1
17 1
18 1
19 1
20 1
21 1
22 1
23 1
24 1
25 1
26 1
27 1
28 1
29 1
30 1
612 3605
1159 47
116 635
27 30
217 3050
769 1536
325 2037
188 1419
1003 660
1728 99
483 1340
1674 227
642 844
370 1916
63 411
2021 2695
1173 388
2508 1829
366 417
504 597
530 2028
495 3016
84 958
931 1484
1409 1505
2862 107
6582 22
1556 60
30 3409
20 3281
439 1653
829 1267
585 967
133 3581
1338 912
169 1902
706 2758
164 1070
7
20 95 65 55 75 5 100
63
1 1
2 1
3 1
4 1
5 1
6 1
7 1
8 1
9 1
10 1
11 1
12 1
13 1
14 1
15 1
16 1
17 1
18 1
19 1
20 1
21 1
22 1
23 1
24 1
25 1
26 1
27 1
28 1
29 1
30 1
918 403
588 362
5886 1793
598 1415
2088 301
3978 77
3627 783
736 4137
1927 142
483 24
2349 76
232 240
846 385
1948 151
936 1837
6491 642
4332 319
2527 85
837 57
1467 71
63 5
2400 293
585 701
674 9
850 4500
93 454
328 579
108 12
1573 1
1523 1433
4233 380
392 6332
2253 732
3
55 80 5
70
1 1
2 1
3 1
4 1
5 1
6 1
7 1
8 1
9 1
10 1
11 1
12 1
13 1
14 1
15 1
16 1
17 1
18 1
19 1
20 1
21 1
22 1
23 1
24 1
25 1
26 1
27 1
28 1
29 1
30 1
2222 3135
10 310
193 26
6896 107
155 468
480 113
978 97
920 1530
443 6498
91 153
1541 76
2551 1
2704 64
226 870
32 2755
1454 1294
2629 104
1140 1180
997 2143
510 182
2289 49
1714 680
268 915
408 3783
1 1
457 1133
46 225
292 698
152 4484
600 285
2074 35
270 872
230 1726
53 600
3505 584
1205 27
969 1084
435 279
1827 147
1139 1043
16
45 30 50 70 55 75 15 60 40 5 25 80 65 95 90 35
68
1 1
2 1
3 1
4 1
5 1
6 1
7 1
8 1
9 1
10 1
11 1
12 1
13 1
14 1
15 1
16 1
17 1
18 1
19 1
20 1
21 1
22 1
23 1
24 1
25 1
26 1
27 1
28 1
29 1
30 1
378 990
1510 4851
40 5
1345 1991
2334 2113
43 753
913 5
2224 337
976 2393
1009 500
296 15
515 2634
71 3370
10 226
505 3266
555 369
691 190
4 597
72 3417
82 2728
379 115
205 361
169 96
453 1476
1046 806
4636 1191
89 400
124 1792
1053 24
1064 131
614 244
4116 1098
660 59
4791 577
67 92
741 681
2969 1706
1139 1
1
26
49
1 1
2 1
3 1
4 1
5 1
6 1
7 1
8 1
9 1
10 1
11 1
12 1
13 1
14 1
15 1
16 1
17 1
18 1
19 1
20 1
21 1
22 1
23 1
24 1
25 1
26 1
27 1
28 1
29 1
30 1
200 1451
1386 103
3321 1092
751 2123
3591 3384
119 16
3456 4531
485 2259
187 1859
1501 338
315 1362
9 22
2243 1
30 3774
4265 709
2560 203
96 50
2888 943
640 332
17
35 65 80 30 85 45 25 90 60 95 40 55 20 70 50 5 10
59
1 1
2 1
3 1
4 1
5 1
6 1
7 1
8 1
9 1
10 1
11 1
12 1
13 1
14 1
15 1
16 1
17 1
18 1
19 1
20 1
21 1
22 1
23 1
24 1
25 1
26 1
27 1
28 1
29 1
30 1
60 1740
283 1231
555 48
6754 100
2590 203
258 1129
1456 23
10 1679
320 314
1775 4905
1 212
348 6035
338 111
805 292
75 1773
1 9221
357 6032
124 1331
224 185
377 951
8101 143
622 5417
71 2159
571 408
96 478
1122 1809
2760 325
369 4587
469 177
12
95 20 40 80 90 50 25 75 10 70 5 45
63
1 1
2 1
3 1
4 1
5 1
6 1
7 1
8 1
9 1
10 1
11 1
12 1
13 1
14 1
15 1
16 1
17 1
18 1
19 1
20 1
21 1
22 1
23 1
24 1
25 1
26 1
27 1
28 1
29 1
30 1
2432 62
3 1010
1047 1231
83 4
1659 8
2849 1278
9 2213
15 106
3841 2682
522 98
155 1530
994 354
637 264
7 252
130 332
5698 599
4 789
88 84
1421 562
10 1796
2500 105
879 1180
437 1736
1537 47
6458 4452
3152 326
337 360
627 1522
152 97
185 1817
33 1125
83 2587
269 193
16
75 55 50 80 85 20 70 45 40 95 35 100 65 5 25 60
70
1 1
2 1
3 1
4 1
5 1
6 1
7 1
8 1
9 1
10 1
11 1
12 1
13 1
14 1
15 1
16 1
17 1
18 1
19 1
20 1
21 1
22 1
23 1
24 1
25 1
26 1
27 1
28 1
29 1
30 1
930 1357
292 491
102 132
386 342
2229 4690
324 824
3188 270
2324 123
16 1938
1 1699
466 1058
2137 437
25 207
1167 463
468 1994
448 184
662 505
1473 2593
320 243
312 997
2359 775
39 752
3773 739
1733 109
99 19
2549 534
935 3632
1801 580
415 733
1177 2854
301 1574
543 1437
2339 70
921 1961
872 203
21 848
5986 2221
24 1721
1850 1393
1525 636
13
55 75 5 80 15 10 95 40 50 70 45 30 35
62
1 1
2 1
3 1
4 1
5 1
6 1
7 1
8 1
9 1
10 1
11 1
12 1
13 1
14 1
15 1
16 1
17 1
18 1
19 1
20 1
21 1
22 1
23 1
24 1
25 1
26 1
27 1
28 1
29 1
30 1
2640 97
1505 1046
165 1494
33 21
2281 1597
24 178
779 4464
239 493
482 226
337 1094
157 80
1964 61
4439 172
1064 327
814 208
1316 2835
329 32
1379 6
521 7
2389 1099
965 26
215 1309
1085 477
1719 443
578 3070
1780 577
138 2229
2066 607
28 3626
610 1800
2978 57
1584 1030
8
95 90 35 100 10 45 75 5
69
1 1
2 1
3 1
4 1
5 1
6 1
7 1
8 1
9 1
10 1
11 1
12 1
13 1
14 1
15 1
16 1
17 1
18 1
19 1
20 1
21 1
22 1
23 1
24 1
25 1
26 1
27 1
28 1
29 1
30 1
6 208
621 1
1595 1353
1189 15
1102 1558
14 1313
9 90
116 185
142 1771
323 1791
755 1109
2201 1005
163 1445
275 42
26 3077
705 188
13 3206
514 1905
2617 920
2652 139
29 149
355 2184
575 1760
6610 1782
908 16
1473 57
1085 176
506 7392
90 119
1317 60
1651 3655
72 5
1696 1884
29 1216
652 308
24 8
2228 663
3153 135
133 148
13
90 80 35 45 50 10 30 40 60 95 5 65 100
42
1 1
2 1
3 1
4 1
5 1
6 1
7 1
8 1
9 1
10 1
11 1
12 1
13 1
14 1
15 1
16 1
17 1
18 1
19 1
20 1
21 1
22 1
23 1
24 1
25 1
26 1
27 1
28 1
29 1
30 1
74 2012
675 969
438 1790
2174 815
434 450
1084 3149
1263 106
1168 1125
292 162
3624 216
433 1896
409 757
