26 30
6 7 21 16 29 18 26
5 19 25 12 15 8
7 16 19 10 18 28 29 22
4 10 9 17 19
6 9 6 25 29 14 16
5 20 2 3 7 15
9 23 6 5 15 1 20 8 16 27
2 15 16
3 30 5 17
7 29 13 16 12 25 2 14
10 14 16 9 26 4 27 28 2 12 18
10 26 1 7 21 15 23 24 16 8 17
6 18 29 21 16 5 12
7 28 16 17 20 11 6 5
9 16 13 23 26 24 6 29 25 2
6 4 27 3 15 23 26
4 19 5 13 7
3 28 7 11
3 26 2 7
5 28 7 18 23 27
1 11
1 3
10 2 1 12 6 5 14 21 25 22 20
1 8
8 14 12 8 27 29 19 15 22
5 8 19 13 24 27
34 38 47 17 30 58 50 33 34 54 4 42 16 37 22 49 16 37 10 31 57 5 13 25 50 26
15 26 22 24 9 19 3 29 1 29 18 10 10 19 2 27 30 6 13 13 12 8 29 17 6 15 2 18 6 4