100
0 626 208 742 788 599 331 675 774 823 600 758 780 809 592 637 598 738 633 538 813 712 613 268 734 451 619 302 548 596 603 769 519 550 645 532 592 576 609 413 582 724 521 805 625 568 801 615 527 702 714 804 621 718 577 872 741 449 726 757 328 814 555 519 556 601 549 542 584 819 751 496 800 547 713 662 500 131 492 882 716 160 743 675 699 270 590 595 528 712 507 751 570 657 734 613 246 751 693 648
626 0 524 582 628 527 571 515 434 483 440 598 384 413 520 565 526 578 473 466 473 552 117 508 574 309 547 542 640 136 695 609 611 642 573 460 520 504 149 653 510 384 449 645 717 496 641 455 619 542 318 644 161 558 505 712 581 689 654 417 568 474 647 611 484 529 641 470 676 479 411 588 404 475 373 502 428 625 584 486 320 654 403 603 539 586 518 523 368 552 435 411 498 317 574 117 562 591 785 488
208 524 0 640 686 497 229 573 672 721 498 656 678 707 490 535 496 636 531 436 711 610 511 166 632 349 517 200 446 494 501 667 417 448 543 430 490 474 507 311 480 622 419 703 523 466 699 513 425 600 612 702 519 616 475 770 639 347 624 655 226 712 453 417 454 499 447 440 482 717 649 394 698 445 611 560 398 207 390 780 614 236 641 573 597 112 488 493 426 610 405 649 468 555 632 511 66 649 591 546
742 582 640 0 458 643 687 497 730 779 422 132 736 765 636 681 642 560 455 582 769 382 569 624 404 425 663 658 756 552 811 439 727 758 689 576 636 620 565 769 626 680 565 475 833 612 339 437 735 524 670 178 577 540 621 410 563 805 770 713 684 770 763 727 600 645 757 586 792 775 707 704 756 591 669 484 544 741 700 838 672 770 699 719 521 702 634 639 350 250 551 707 614 613 404 569 678 421 901 470
788 628 686 458 0 689 733 543 776 825 468 474 782 811 682 727 688 606 501 628 815 86 615 670 348 471 709 704 802 598 857 383 773 804 735 622 682 666 611 815 672 726 611 419 879 658 517 483 781 570 716 520 623 586 667 588 609 851 816 759 730 816 809 773 646 691 803 632 838 821 753 750 802 637 715 530 590 787 746 884 718 816 745 765 567 748 680 685 396 428 597 753 660 659 348 615 724 177 947 516
599 527 497 643 689 0 544 576 675 724 501 659 681 710 405 450 137 639 534 245 714 613 514 481 635 352 158 515 613 497 668 670 584 615 458 345 405 283 510 626 289 625 334 706 690 275 702 516 592 603 615 705 522 619 390 773 642 662 433 658 541 715 620 584 369 128 614 355 649 720 652 561 701 360 614 563 313 598 557 783 617 627 644 382 600 559 403 122 429 613 320 652 109 558 635 514 535 652 758 549
331 571 229 687 733 544 0 620 719 768 545 703 725 754 537 582 543 683 578 483 758 657 558 129 679 396 564 233 493 541 548 714 464 495 590 477 537 521 554 344 527 669 466 750 570 513 746 560 472 647 659 749 566 663 522 817 686 380 671 702 125 759 500 464 501 546 494 487 529 764 696 441 745 492 658 607 445 330 437 827 661 359 688 620 644 291 535 540 473 657 452 696 515 602 679 558 267 696 638 593
675 515 573 497 543 576 620 0 663 712 153 513 669 698 569 614 575 391 286 515 702 467 502 557 489 358 596 591 689 485 744 524 660 691 622 509 569 553 498 702 559 613 498 560 766 545 556 268 668 337 603 559 510 353 554 627 130 738 703 646 617 703 696 660 533 578 690 519 725 708 640 637 689 524 602 315 477 674 633 771 605 703 632 652 352 635 567 572 163 467 484 640 547 546 489 502 611 506 834 301
774 434 672 730 776 675 719 663 0 433 588 746 588 617 668 713 674 726 621 614 355 700 421 656 722 457 695 690 788 404 843 757 759 790 721 608 668 652 417 801 658 334 597 793 865 644 789 603 767 690 522 792 429 706 653 860 729 837 802 367 716 356 795 759 632 677 789 618 824 429 75 736 608 623 255 650 576 773 732 690 524 802 353 751 687 734 666 671 516 700 583 361 646 175 722 421 710 739 933 636
823 483 721 779 825 724 768 712 433 0 637 795 637 666 717 762 723 775 670 663 472 749 470 705 771 506 744 739 837 453 892 806 808 839 770 657 717 701 466 850 707 281 646 842 914 693 838 652 816 739 571 841 478 755 702 909 778 886 851 314 765 473 844 808 681 726 838 667 873 150 410 785 657 672 372 699 625 822 781 739 573 851 232 800 736 783 715 720 565 749 632 308 695 316 771 470 759 788 982 685
600 440 498 422 468 501 545 153 588 637 0 438 594 623 494 539 500 316 211 440 627 392 427 482 414 283 521 516 614 410 669 449 585 616 547 434 494 478 423 627 484 538 423 485 691 470 481 193 593 262 528 484 435 278 479 552 219 663 628 571 542 628 621 585 458 503 615 444 650 633 565 562 614 449 527 240 402 599 558 696 530 628 557 577 277 560 492 497 88 392 409 565 472 471 414 427 536 431 759 226
758 598 656 132 474 659 703 513 746 795 438 0 752 781 652 697 658 576 471 598 785 398 585 640 420 441 679 674 772 568 827 455 743 774 705 592 652 636 581 785 642 696 581 491 849 628 355 453 751 540 686 66 593 556 637 426 579 821 786 729 700 786 779 743 616 661 773 602 808 791 723 720 772 607 685 500 560 757 716 854 688 786 715 735 537 718 650 655 366 266 567 723 630 629 420 585 694 437 917 486
780 384 678 736 782 681 725 669 588 637 594 752 0 399 674 719 680 732 627 620 627 706 371 662 728 463 701 696 794 354 849 763 765 796 727 614 674 658 367 807 664 538 603 799 871 650 795 609 773 696 304 798 379 712 659 866 735 843 808 571 722 628 801 765 638 683 795 624 830 633 565 742 66 629 527 656 582 779 738 472 114 808 557 757 693 740 672 677 522 706 589 565 652 471 728 371 716 745 939 642
809 413 707 765 811 710 754 698 617 666 623 781 399 0 703 748 709 761 656 649 656 735 400 691 757 492 730 725 823 383 878 792 794 825 756 643 703 687 396 836 693 567 632 828 900 679 824 638 802 725 139 827 408 741 688 895 764 872 837 600 751 657 830 794 667 712 824 653 859 662 594 771 419 658 556 685 611 808 767 109 335 837 586 786 722 769 701 706 551 735 618 594 681 500 757 400 745 774 968 671
592 520 490 636 682 405 537 569 668 717 494 652 674 703 0 423 404 632 527 344 707 606 507 474 628 345 425 508 606 490 661 663 577 608 431 318 378 382 503 619 388 618 87 699 683 374 695 509 585 596 608 698 515 612 343 766 635 655 532 651 534 708 613 577 342 407 607 328 642 713 645 554 694 333 607 556 266 591 550 776 610 620 637 481 593 552 356 401 422 606 155 645 376 551 628 507 528 645 751 542
637 565 535 681 727 450 582 614 713 762 539 697 719 748 423 0 449 677 572 389 752 651 552 519 673 390 470 553 651 535 706 708 622 653 164 329 227 427 548 664 433 663 352 744 728 419 740 554 630 641 653 743 560 657 408 811 680 700 577 696 579 753 658 622 353 452 652 339 687 758 690 599 739 344 652 601 331 636 595 821 655 665 682 526 638 597 421 446 467 651 338 690 421 596 673 552 573 690 796 587
598 526 496 642 688 137 543 575 674 723 500 658 680 709 404 449 0 638 533 244 713 612 513 480 634 351 149 514 612 496 667 669 583 614 457 344 404 282 509 625 288 624 333 705 689 274 701 515 591 602 614 704 521 618 389 772 641 661 432 657 540 714 619 583 368 139 613 354 648 719 651 560 700 359 613 562 312 597 556 782 616 626 643 381 599 558 402 133 428 612 319 651 100 557 634 513 534 651 757 548
738 578 636 560 606 639 683 391 726 775 316 576 732 761 632 677 638 0 263 578 765 530 565 620 552 421 659 654 752 548 807 587 723 754 685 572 632 616 561 765 622 676 561 623 829 608 619 191 731 418 666 622 573 434 617 690 457 801 766 709 680 766 759 723 596 641 753 582 788 771 703 700 752 587 665 292 540 737 696 834 668 766 695 715 159 698 630 635 244 530 547 703 610 609 552 565 674 569 897 278
633 473 531 455 501 534 578 286 621 670 211 471 627 656 527 572 533 263 0 473 660 425 460 515 447 316 554 549 647 443 702 482 618 649 580 467 527 511 456 660 517 571 456 518 724 503 514 140 626 313 561 517 468 329 512 585 352 696 661 604 575 661 654 618 491 536 648 477 683 666 598 595 647 482 560 133 435 632 591 729 563 661 590 610 224 593 525 530 139 425 442 598 505 504 447 460 569 464 792 95
538 466 436 582 628 245 483 515 614 663 440 598 620 649 344 389 244 578 473 0 653 552 453 420 574 291 265 454 552 436 607 609 523 554 397 284 344 44 449 565 116 564 273 645 629 86 641 455 531 542 554 644 461 558 329 712 581 601 260 597 480 654 559 523 308 247 553 294 588 659 591 500 640 299 553 502 252 537 496 722 556 566 583 209 539 498 342 241 368 552 259 591 216 497 574 453 474 591 697 488
813 473 711 769 815 714 758 702 355 472 627 785 627 656 707 752 713 765 660 653 0 739 460 695 761 496 734 729 827 443 882 796 798 829 760 647 707 691 456 840 697 373 636 832 904 683 828 642 806 729 561 831 468 745 692 899 768 876 841 406 755 127 834 798 671 716 828 657 863 468 332 775 647 662 136 689 615 812 771 729 563 841 392 790 726 773 705 710 555 739 622 400 685 238 761 460 749 778 972 675
712 552 610 382 86 613 657 467 700 749 392 398 706 735 606 651 612 530 425 552 739 0 539 594 272 395 633 628 726 522 781 307 697 728 659 546 606 590 535 739 596 650 535 343 803 582 441 407 705 494 640 444 547 510 591 512 533 775 740 683 654 740 733 697 570 615 727 556 762 745 677 674 726 561 639 454 514 711 670 808 642 740 669 689 491 672 604 609 320 352 521 677 584 583 272 539 648 101 871 440
613 117 511 569 615 514 558 502 421 470 427 585 371 400 507 552 513 565 460 453 460 539 0 495 561 296 534 529 627 123 682 596 598 629 560 447 507 491 136 640 497 371 436 632 704 483 628 442 606 529 305 631 148 545 492 699 568 676 641 404 555 461 634 598 471 516 628 457 663 466 398 575 391 462 360 489 415 612 571 473 307 641 390 590 526 573 505 510 355 539 422 398 485 304 561 48 549 578 772 475
268 508 166 624 670 481 129 557 656 705 482 640 662 691 474 519 480 620 515 420 695 594 495 0 616 333 501 170 430 478 485 651 401 432 527 414 474 458 491 281 464 606 403 687 507 450 683 497 409 584 596 686 503 600 459 754 623 317 608 639 126 696 437 401 438 483 431 424 466 701 633 378 682 429 595 544 382 267 374 764 598 296 625 557 581 228 472 477 410 594 389 633 452 539 616 495 204 633 575 530
734 574 632 404 348 635 679 489 722 771 414 420 728 757 628 673 634 552 447 574 761 272 561 616 0 417 655 650 748 544 803 187 719 750 681 568 628 612 557 761 618 672 557 223 825 604 463 429 727 516 662 466 569 532 613 534 555 797 762 705 676 762 755 719 592 637 749 578 784 767 699 696 748 583 661 476 536 733 692 830 664 762 691 711 513 694 626 631 342 374 543 699 606 605 86 561 670 311 893 462
451 309 349 425 471 352 396 358 457 506 283 441 463 492 345 390 351 421 316 291 496 395 296 333 417 0 372 367 465 279 520 452 436 467 398 285 345 329 292 478 335 407 274 488 542 321 484 298 444 385 397 487 304 401 330 555 424 514 479 440 393 497 472 436 309 354 466 295 501 502 434 413 483 300 396 345 253 450 409 565 399 479 426 428 382 411 343 348 211 395 260 434 323 340 417 296 387 434 610 331
619 547 517 663 709 158 564 596 695 744 521 679 701 730 425 470 149 659 554 265 734 633 534 501 655 372 0 535 633 517 688 690 604 635 478 365 425 303 530 646 309 645 354 726 710 295 722 536 612 623 635 725 542 639 410 793 662 682 453 678 561 735 640 604 389 160 634 375 669 740 672 581 721 380 634 583 333 618 577 803 637 647 664 402 620 579 423 154 449 633 340 672 59 578 655 534 555 672 778 569
302 542 200 658 704 515 233 591 690 739 516 674 696 725 508 553 514 654 549 454 729 628 529 170 650 367 535 0 464 512 519 685 435 466 561 448 508 492 525 191 498 640 437 721 541 484 717 531 443 618 630 720 537 634 493 788 657 227 642 673 230 730 471 435 472 517 465 458 500 735 667 412 716 463 629 578 416 301 408 798 632 330 659 591 615 262 506 511 444 628 423 667 486 573 650 529 238 667 609 564
548 640 446 756 802 613 493 689 788 837 614 772 794 823 606 651 612 752 647 552 827 726 627 430 748 465 633 464 0 610 73 783 333 364 659 546 606 590 623 575 596 738 535 819 329 582 815 629 341 716 728 818 635 732 591 886 755 611 740 771 490 828 369 333 570 615 363 556 288 833 765 310 814 561 727 676 514 547 150 896 730 576 757 689 713 508 604 609 542 726 521 765 584 671 748 627 484 765 397 662
596 136 494 552 598 497 541 485 404 453 410 568 354 383 490 535 496 548 443 436 443 522 123 478 544 279 517 512 610 0 665 579 581 612 543 430 490 474 59 623 480 354 419 615 687 466 611 425 589 512 288 614 57 528 475 682 551 659 624 387 538 444 617 581 454 499 611 440 646 449 381 558 374 445 343 472 398 595 554 456 290 624 373 573 509 556 488 493 338 522 405 381 468 287 544 123 532 561 755 458
603 695 501 811 857 668 548 744 843 892 669 827 849 878 661 706 667 807 702 607 882 781 682 485 803 520 688 519 73 665 0 838 388 419 714 601 661 645 678 630 651 793 590 874 384 637 870 684 396 771 783 873 690 787 646 941 810 666 795 826 545 883 424 388 625 670 418 611 343 888 820 365 869 616 782 731 569 602 205 951 785 631 812 744 768 563 659 664 597 781 576 820 639 726 803 682 539 820 452 717
769 609 667 439 383 670 714 524 757 806 449 455 763 792 663 708 669 587 482 609 796 307 596 651 187 452 690 685 783 579 838 0 754 785 716 603 663 647 592 796 653 707 592 64 860 639 498 464 762 551 697 501 604 567 648 569 590 832 797 740 711 797 790 754 627 672 784 613 819 802 734 731 783 618 696 511 571 768 727 865 699 797 726 746 548 729 661 666 377 409 578 734 641 640 187 596 705 346 928 497
519 611 417 727 773 584 464 660 759 808 585 743 765 794 577 622 583 723 618 523 798 697 598 401 719 436 604 435 333 581 388 754 0 289 630 517 577 561 594 546 567 709 506 790 410 553 786 600 214 687 699 789 606 703 562 857 726 582 711 742 461 799 294 206 541 586 118 527 369 804 736 235 785 532 698 647 485 518 277 867 701 547 728 660 684 479 575 580 513 697 492 736 555 642 719 598 455 736 478 633
550 642 448 758 804 615 495 691 790 839 616 774 796 825 608 653 614 754 649 554 829 728 629 432 750 467 635 466 364 612 419 785 289 0 661 548 608 592 625 577 598 740 537 821 441 584 817 631 297 718 730 820 637 734 593 888 757 613 742 773 492 830 65 289 572 617 319 558 400 835 767 134 816 563 729 678 516 549 308 898 732 578 759 691 715 510 606 611 544 728 523 767 586 673 750 629 486 767 509 664
645 573 543 689 735 458 590 622 721 770 547 705 727 756 431 164 457 685 580 397 760 659 560 527 681 398 478 561 659 543 714 716 630 661 0 337 235 435 556 672 441 671 360 752 736 427 748 562 638 649 661 751 568 665 416 819 688 708 585 704 587 761 666 630 361 460 660 347 695 766 698 607 747 352 660 609 339 644 603 829 663 673 690 534 646 605 429 454 475 659 346 698 429 604 681 560 581 698 804 595
532 460 430 576 622 345 477 509 608 657 434 592 614 643 318 329 344 572 467 284 647 546 447 414 568 285 365 448 546 430 601 603 517 548 337 0 284 322 443 559 328 558 247 639 623 314 635 449 525 536 548 638 455 552 303 706 575 595 472 591 474 648 553 517 106 347 547 16 582 653 585 494 634 97 547 496 226 531 490 716 550 560 577 421 533 492 316 341 362 546 233 585 316 491 568 447 468 585 691 482
592 520 490 636 682 405 537 569 668 717 494 652 674 703 378 227 404 632 527 344 707 606 507 474 628 345 425 508 606 490 661 663 577 608 235 284 0 382 503 619 388 618 307 699 683 374 695 509 585 596 608 698 515 612 363 766 635 655 532 651 534 708 613 577 308 407 607 294 642 713 645 554 694 299 607 556 286 591 550 776 610 620 637 481 593 552 376 401 422 606 293 645 376 551 628 507 528 645 751 542
576 504 474 620 666 283 521 553 652 701 478 636 658 687 382 427 282 616 511 44 691 590 491 458 612 329 303 492 590 474 645 647 561 592 435 322 382 0 487 603 154 602 311 683 667 124 679 493 569 580 592 682 499 596 367 750 619 639 298 635 518 692 597 561 346 285 591 332 626 697 629 538 678 337 591 540 290 575 534 760 594 604 621 247 577 536 380 279 406 590 297 629 254 535 612 491 512 629 735 526
609 149 507 565 611 510 554 498 417 466 423 581 367 396 503 548 509 561 456 449 456 535 136 491 557 292 530 525 623 59 678 592 594 625 556 443 503 487 0 636 493 367 432 628 700 479 624 438 602 525 301 627 84 541 488 695 564 672 637 400 551 457 630 594 467 512 624 453 659 462 394 571 387 458 356 485 411 608 567 469 303 637 386 586 522 569 501 506 351 535 418 394 481 300 557 136 545 574 768 471
413 653 311 769 815 626 344 702 801 850 627 785 807 836 619 664 625 765 660 565 840 739 640 281 761 478 646 191 575 623 630 796 546 577 672 559 619 603 636 0 609 751 548 832 652 595 828 642 554 729 741 831 648 745 604 899 768 160 753 784 341 841 582 546 583 628 576 569 611 846 778 523 827 574 740 689 527 412 519 909 743 441 770 702 726 373 617 622 555 739 534 778 597 684 761 640 349 778 720 675
582 510 480 626 672 289 527 559 658 707 484 642 664 693 388 433 288 622 517 116 697 596 497 464 618 335 309 498 596 480 651 653 567 598 441 328 388 154 493 609 0 608 317 689 673 146 685 499 575 586 598 688 505 602 373 756 625 645 188 641 524 698 603 567 352 291 597 338 632 703 635 544 684 343 597 546 296 581 540 766 600 610 627 137 583 542 386 285 412 596 303 635 260 541 618 497 518 635 741 532
724 384 622 680 726 625 669 613 334 281 538 696 538 567 618 663 624 676 571 564 373 650 371 606 672 407 645 640 738 354 793 707 709 740 671 558 618 602 367 751 608 0 547 743 815 594 739 553 717 640 472 742 379 656 603 810 679 787 752 111 666 374 745 709 582 627 739 568 774 277 311 686 558 573 273 600 526 723 682 640 474 752 201 701 637 684 616 621 466 650 533 105 596 217 672 371 660 689 883 586
521 449 419 565 611 334 466 498 597 646 423 581 603 632 87 352 333 561 456 273 636 535 436 403 557 274 354 437 535 419 590 592 506 537 360 247 307 311 432 548 317 547 0 628 612 303 624 438 514 525 537 627 444 541 272 695 564 584 461 580 463 637 542 506 271 336 536 257 571 642 574 483 623 262 536 485 195 520 479 705 539 549 566 410 522 481 285 330 351 535 84 574 305 480 557 436 457 574 680 471
805 645 703 475 419 706 750 560 793 842 485 491 799 828 699 744 705 623 518 645 832 343 632 687 223 488 726 721 819 615 874 64 790 821 752 639 699 683 628 832 689 743 628 0 896 675 534 500 798 587 733 537 640 603 684 605 626 868 833 776 747 833 826 790 663 708 820 649 855 838 770 767 819 654 732 547 607 804 763 901 735 833 762 782 584 765 697 702 413 445 614 770 677 676 223 632 741 382 964 533
625 717 523 833 879 690 570 766 865 914 691 849 871 900 683 728 689 829 724 629 904 803 704 507 825 542 710 541 329 687 384 860 410 441 736 623 683 667 700 652 673 815 612 896 0 659 892 706 418 793 805 895 712 809 668 963 832 688 817 848 567 905 446 410 647 692 440 633 171 910 842 387 891 638 804 753 591 624 273 973 807 653 834 766 790 585 681 686 619 803 598 842 661 748 825 704 561 842 124 739
568 496 466 612 658 275 513 545 644 693 470 628 650 679 374 419 274 608 503 86 683 582 483 450 604 321 295 484 582 466 637 639 553 584 427 314 374 124 479 595 146 594 303 675 659 0 671 485 561 572 584 674 491 588 359 742 611 631 290 627 510 684 589 553 338 277 583 324 618 689 621 530 670 329 583 532 282 567 526 752 586 596 613 239 569 528 372 271 398 582 289 621 246 527 604 483 504 621 727 518
801 641 699 339 517 702 746 556 789 838 481 355 795 824 695 740 701 619 514 641 828 441 628 683 463 484 722 717 815 611 870 498 786 817 748 635 695 679 624 828 685 739 624 534 892 671 0 496 794 583 729 401 636 599 680 101 622 864 829 772 743 829 822 786 659 704 816 645 851 834 766 763 815 650 728 543 603 800 759 897 731 829 758 778 580 761 693 698 409 109 610 766 673 672 463 628 737 480 960 529
615 455 513 437 483 516 560 268 603 652 193 453 609 638 509 554 515 191 140 455 642 407 442 497 429 298 536 531 629 425 684 464 600 631 562 449 509 493 438 642 499 553 438 500 706 485 496 0 608 295 543 499 450 311 494 567 334 678 643 586 557 643 636 600 473 518 630 459 665 648 580 577 629 464 542 169 417 614 573 711 545 643 572 592 152 575 507 512 121 407 424 580 487 486 429 442 551 446 774 155
527 619 425 735 781 592 472 668 767 816 593 751 773 802 585 630 591 731 626 531 806 705 606 409 727 444 612 443 341 589 396 762 214 297 638 525 585 569 602 554 575 717 514 798 418 561 794 608 0 695 707 797 614 711 570 865 734 590 719 750 469 807 302 126 549 594 244 535 377 812 744 243 793 540 706 655 493 526 285 875 709 555 736 668 692 487 583 588 521 705 500 744 563 650 727 606 463 744 486 641
702 542 600 524 570 603 647 337 690 739 262 540 696 725 596 641 602 418 313 542 729 494 529 584 516 385 623 618 716 512 771 551 687 718 649 536 596 580 525 729 586 640 525 587 793 572 583 295 695 0 630 586 537 182 581 654 403 765 730 673 644 730 723 687 560 605 717 546 752 735 667 664 716 551 629 342 504 701 660 798 632 730 659 679 379 662 594 599 182 494 511 667 574 573 516 529 638 533 861 328
714 318 612 670 716 615 659 603 522 571 528 686 304 139 608 653 614 666 561 554 561 640 305 596 662 397 635 630 728 288 783 697 699 730 661 548 608 592 301 741 598 472 537 733 805 584 729 543 707 630 0 732 313 646 593 800 669 777 742 505 656 562 735 699 572 617 729 558 764 567 499 676 324 563 461 590 516 713 672 212 240 742 491 691 627 674 606 611 456 640 523 499 586 405 662 305 650 679 873 576
804 644 702 178 520 705 749 559 792 841 484 66 798 827 698 743 704 622 517 644 831 444 631 686 466 487 725 720 818 614 873 501 789 820 751 638 698 682 627 831 688 742 627 537 895 674 401 499 797 586 732 0 639 602 683 472 625 867 832 775 746 832 825 789 662 707 819 648 854 837 769 766 818 653 731 546 606 803 762 900 734 832 761 781 583 764 696 701 412 312 613 769 676 675 466 631 740 483 963 532
621 161 519 577 623 522 566 510 429 478 435 593 379 408 515 560 521 573 468 461 468 547 148 503 569 304 542 537 635 57 690 604 606 637 568 455 515 499 84 648 505 379 444 640 712 491 636 450 614 537 313 639 0 553 500 707 576 684 649 412 563 469 642 606 479 524 636 465 671 474 406 583 399 470 368 497 423 620 579 481 315 649 398 598 534 581 513 518 363 547 430 406 493 312 569 148 557 586 780 483
718 558 616 540 586 619 663 353 706 755 278 556 712 741 612 657 618 434 329 558 745 510 545 600 532 401 639 634 732 528 787 567 703 734 665 552 612 596 541 745 602 656 541 603 809 588 599 311 711 182 646 602 553 0 597 670 419 781 746 689 660 746 739 703 576 621 733 562 768 751 683 680 732 567 645 358 520 717 676 814 648 746 675 695 395 678 610 615 198 510 527 683 590 589 532 545 654 549 877 344
577 505 475 621 667 390 522 554 653 702 479 637 659 688 343 408 389 617 512 329 692 591 492 459 613 330 410 493 591 475 646 648 562 593 416 303 363 367 488 604 373 603 272 684 668 359 680 494 570 581 593 683 500 597 0 751 620 640 517 636 519 693 598 562 327 392 592 313 627 698 630 539 679 318 592 541 189 576 535 761 595 605 622 466 578 537 187 386 407 591 258 630 361 536 613 492 513 630 736 527
872 712 770 410 588 773 817 627 860 909 552 426 866 895 766 811 772 690 585 712 899 512 699 754 534 555 793 788 886 682 941 569 857 888 819 706 766 750 695 899 756 810 695 605 963 742 101 567 865 654 800 472 707 670 751 0 693 935 900 843 814 900 893 857 730 775 887 716 922 905 837 834 886 721 799 614 674 871 830 968 802 900 829 849 651 832 764 769 480 180 681 837 744 743 534 699 808 551 1031 600
741 581 639 563 609 642 686 130 729 778 219 579 735 764 635 680 641 457 352 581 768 533 568 623 555 424 662 657 755 551 810 590 726 757 688 575 635 619 564 768 625 679 564 626 832 611 622 334 734 403 669 625 576 419 620 693 0 804 769 712 683 769 762 726 599 644 756 585 791 774 706 703 755 590 668 381 543 740 699 837 671 769 698 718 418 701 633 638 229 533 550 706 613 612 555 568 677 572 900 367
449 689 347 805 851 662 380 738 837 886 663 821 843 872 655 700 661 801 696 601 876 775 676 317 797 514 682 227 611 659 666 832 582 613 708 595 655 639 672 160 645 787 584 868 688 631 864 678 590 765 777 867 684 781 640 935 804 0 789 820 377 877 618 582 619 664 612 605 647 882 814 559 863 610 776 725 563 448 555 945 779 477 806 738 762 409 653 658 591 775 570 814 633 720 797 676 385 814 756 711
726 654 624 770 816 433 671 703 802 851 628 786 808 837 532 577 432 766 661 260 841 740 641 608 762 479 453 642 740 624 795 797 711 742 585 472 532 298 637 753 188 752 461 833 817 290 829 643 719 730 742 832 649 746 517 900 769 789 0 785 668 842 747 711 496 435 741 482 776 847 779 688 828 487 741 690 440 725 684 910 744 754 771 145 727 686 530 429 556 740 447 779 404 685 762 641 662 779 885 676
757 417 655 713 759 658 702 646 367 314 571 729 571 600 651 696 657 709 604 597 406 683 404 639 705 440 678 673 771 387 826 740 742 773 704 591 651 635 400 784 641 111 580 776 848 627 772 586 750 673 505 775 412 689 636 843 712 820 785 0 699 407 778 742 615 660 772 601 807 310 344 719 591 606 306 633 559 756 715 673 507 785 234 734 670 717 649 654 499 683 566 28 629 250 705 404 693 722 916 619
328 568 226 684 730 541 125 617 716 765 542 700 722 751 534 579 540 680 575 480 755 654 555 126 676 393 561 230 490 538 545 711 461 492 587 474 534 518 551 341 524 666 463 747 567 510 743 557 469 644 656 746 563 660 519 814 683 377 668 699 0 756 497 461 498 543 491 484 526 761 693 438 742 489 655 604 442 327 434 824 658 356 685 617 641 288 532 537 470 654 449 693 512 599 676 555 264 693 635 590
814 474 712 770 816 715 759 703 356 473 628 786 628 657 708 753 714 766 661 654 127 740 461 696 762 497 735 730 828 444 883 797 799 830 761 648 708 692 457 841 698 374 637 833 905 684 829 643 807 730 562 832 469 746 693 900 769 877 842 407 756 0 835 799 672 717 829 658 864 469 333 776 648 663 137 690 616 813 772 730 564 842 393 791 727 774 706 711 556 740 623 401 686 239 762 461 750 779 973 676
555 647 453 763 809 620 500 696 795 844 621 779 801 830 613 658 619 759 654 559 834 733 634 437 755 472 640 471 369 617 424 790 294 65 666 553 613 597 630 582 603 745 542 826 446 589 822 636 302 723 735 825 642 739 598 893 762 618 747 778 497 835 0 294 577 622 324 563 405 840 772 139 821 568 734 683 521 554 313 903 737 583 764 696 720 515 611 616 549 733 528 772 591 678 755 634 491 772 514 669
519 611 417 727 773 584 464 660 759 808 585 743 765 794 577 622 583 723 618 523 798 697 598 401 719 436 604 435 333 581 388 754 206 289 630 517 577 561 594 546 567 709 506 790 410 553 786 600 126 687 699 789 606 703 562 857 726 582 711 742 461 799 294 0 541 586 236 527 369 804 736 235 785 532 698 647 485 518 277 867 701 547 728 660 684 479 575 580 513 697 492 736 555 642 719 598 455 736 478 633
556 484 454 600 646 369 501 533 632 681 458 616 638 667 342 353 368 596 491 308 671 570 471 438 592 309 389 472 570 454 625 627 541 572 361 106 308 346 467 583 352 582 271 663 647 338 659 473 549 560 572 662 479 576 327 730 599 619 496 615 498 672 577 541 0 371 571 116 606 677 609 518 658 45 571 520 250 555 514 740 574 584 601 445 557 516 340 365 386 570 257 609 340 515 592 471 492 609 715 506
601 529 499 645 691 128 546 578 677 726 503 661 683 712 407 452 139 641 536 247 716 615 516 483 637 354 160 517 615 499 670 672 586 617 460 347 407 285 512 628 291 627 336 708 692 277 704 518 594 605 617 707 524 621 392 775 644 664 435 660 543 717 622 586 371 0 616 357 651 722 654 563 703 362 616 565 315 600 559 785 619 629 646 384 602 561 405 10 431 615 322 654 111 560 637 516 537 654 760 551
549 641 447 757 803 614 494 690 789 838 615 773 795 824 607 652 613 753 648 553 828 727 628 431 749 466 634 465 363 611 418 784 118 319 660 547 607 591 624 576 597 739 536 820 440 583 816 630 244 717 729 819 636 733 592 887 756 612 741 772 491 829 324 236 571 616 0 557 399 834 766 265 815 562 728 677 515 548 307 897 731 577 758 690 714 509 605 610 543 727 522 766 585 672 749 628 485 766 508 663
542 470 440 586 632 355 487 519 618 667 444 602 624 653 328 339 354 582 477 294 657 556 457 424 578 295 375 458 556 440 611 613 527 558 347 16 294 332 453 569 338 568 257 649 633 324 645 459 535 546 558 648 465 562 313 716 585 605 482 601 484 658 563 527 116 357 557 0 592 663 595 504 644 107 557 506 236 541 500 726 560 570 587 431 543 502 326 351 372 556 243 595 326 501 578 457 478 595 701 492
584 676 482 792 838 649 529 725 824 873 650 808 830 859 642 687 648 788 683 588 863 762 663 466 784 501 669 500 288 646 343 819 369 400 695 582 642 626 659 611 632 774 571 855 171 618 851 665 377 752 764 854 671 768 627 922 791 647 776 807 526 864 405 369 606 651 399 592 0 869 801 346 850 597 763 712 550 583 232 932 766 612 793 725 749 544 640 645 578 762 557 801 620 707 784 663 520 801 239 698
819 479 717 775 821 720 764 708 429 150 633 791 633 662 713 758 719 771 666 659 468 745 466 701 767 502 740 735 833 449 888 802 804 835 766 653 713 697 462 846 703 277 642 838 910 689 834 648 812 735 567 837 474 751 698 905 774 882 847 310 761 469 840 804 677 722 834 663 869 0 406 781 653 668 368 695 621 818 777 735 569 847 228 796 732 779 711 716 561 745 628 304 691 312 767 466 755 784 978 681
751 411 649 707 753 652 696 640 75 410 565 723 565 594 645 690 651 703 598 591 332 677 398 633 699 434 672 667 765 381 820 734 736 767 698 585 645 629 394 778 635 311 574 770 842 621 766 580 744 667 499 769 406 683 630 837 706 814 779 344 693 333 772 736 609 654 766 595 801 406 0 713 585 600 232 627 553 750 709 667 501 779 330 728 664 711 643 648 493 677 560 338 623 152 699 398 687 716 910 613
496 588 394 704 750 561 441 637 736 785 562 720 742 771 554 599 560 700 595 500 775 674 575 378 696 413 581 412 310 558 365 731 235 134 607 494 554 538 571 523 544 686 483 767 387 530 763 577 243 664 676 766 583 680 539 834 703 559 688 719 438 776 139 235 518 563 265 504 346 781 713 0 762 509 675 624 462 495 254 844 678 524 705 637 661 456 552 557 490 674 469 713 532 619 696 575 432 713 455 610
800 404 698 756 802 701 745 689 608 657 614 772 66 419 694 739 700 752 647 640 647 726 391 682 748 483 721 716 814 374 869 783 785 816 747 634 694 678 387 827 684 558 623 819 891 670 815 629 793 716 324 818 399 732 679 886 755 863 828 591 742 648 821 785 658 703 815 644 850 653 585 762 0 649 547 676 602 799 758 492 134 828 577 777 713 760 692 697 542 726 609 585 672 491 748 391 736 765 959 662
547 475 445 591 637 360 492 524 623 672 449 607 629 658 333 344 359 587 482 299 662 561 462 429 583 300 380 463 561 445 616 618 532 563 352 97 299 337 458 574 343 573 262 654 638 329 650 464 540 551 563 653 470 567 318 721 590 610 487 606 489 663 568 532 45 362 562 107 597 668 600 509 649 0 562 511 241 546 505 731 565 575 592 436 548 507 331 356 377 561 248 600 331 506 583 462 483 600 706 497
713 373 611 669 715 614 658 602 255 372 527 685 527 556 607 652 613 665 560 553 136 639 360 595 661 396 634 629 727 343 782 696 698 729 660 547 607 591 356 740 597 273 536 732 804 583 728 542 706 629 461 731 368 645 592 799 668 776 741 306 655 137 734 698 571 616 728 557 763 368 232 675 547 562 0 589 515 712 671 629 463 741 292 690 626 673 605 610 455 639 522 300 585 138 661 360 649 678 872 575
662 502 560 484 530 563 607 315 650 699 240 500 656 685 556 601 562 292 133 502 689 454 489 544 476 345 583 578 676 472 731 511 647 678 609 496 556 540 485 689 546 600 485 547 753 532 543 169 655 342 590 546 497 358 541 614 381 725 690 633 604 690 683 647 520 565 677 506 712 695 627 624 676 511 589 0 464 661 620 758 592 690 619 639 253 622 554 559 168 454 471 627 534 533 476 489 598 493 821 148
500 428 398 544 590 313 445 477 576 625 402 560 582 611 266 331 312 540 435 252 615 514 415 382 536 253 333 416 514 398 569 571 485 516 339 226 286 290 411 527 296 526 195 607 591 282 603 417 493 504 516 606 423 520 189 674 543 563 440 559 442 616 521 485 250 315 515 236 550 621 553 462 602 241 515 464 0 499 458 684 518 528 545 389 501 460 202 309 330 514 181 553 284 459 536 415 436 553 659 450
131 625 207 741 787 598 330 674 773 822 599 757 779 808 591 636 597 737 632 537 812 711 612 267 733 450 618 301 547 595 602 768 518 549 644 531 591 575 608 412 581 723 520 804 624 567 800 614 526 701 713 803 620 717 576 871 740 448 725 756 327 813 554 518 555 600 548 541 583 818 750 495 799 546 712 661 499 0 491 881 715 39 742 674 698 269 589 594 527 711 506 750 569 656 733 612 245 750 692 647
492 584 390 700 746 557 437 633 732 781 558 716 738 767 550 595 556 696 591 496 771 670 571 374 692 409 577 408 150 554 205 727 277 308 603 490 550 534 567 519 540 682 479 763 273 526 759 573 285 660 672 762 579 676 535 830 699 555 684 715 434 772 313 277 514 559 307 500 232 777 709 254 758 505 671 620 458 491 0 840 674 520 701 633 657 452 548 553 486 670 465 709 528 615 692 571 428 709 341 606
882 486 780 838 884 783 827 771 690 739 696 854 472 109 776 821 782 834 729 722 729 808 473 764 830 565 803 798 896 456 951 865 867 898 829 716 776 760 469 909 766 640 705 901 973 752 897 711 875 798 212 900 481 814 761 968 837 945 910 673 824 730 903 867 740 785 897 726 932 735 667 844 492 731 629 758 684 881 840 0 408 910 659 859 795 842 774 779 624 808 691 667 754 573 830 473 818 847 1041 744
716 320 614 672 718 617 661 605 524 573 530 688 114 335 610 655 616 668 563 556 563 642 307 598 664 399 637 632 730 290 785 699 701 732 663 550 610 594 303 743 600 474 539 735 807 586 731 545 709 632 240 734 315 648 595 802 671 779 744 507 658 564 737 701 574 619 731 560 766 569 501 678 134 565 463 592 518 715 674 408 0 744 493 693 629 676 608 613 458 642 525 501 588 407 664 307 652 681 875 578
160 654 236 770 816 627 359 703 802 851 628 786 808 837 620 665 626 766 661 566 841 740 641 296 762 479 647 330 576 624 631 797 547 578 673 560 620 604 637 441 610 752 549 833 653 596 829 643 555 730 742 832 649 746 605 900 769 477 754 785 356 842 583 547 584 629 577 570 612 847 779 524 828 575 741 690 528 39 520 910 744 0 771 703 727 298 618 623 556 740 535 779 598 685 762 641 274 779 721 676
743 403 641 699 745 644 688 632 353 232 557 715 557 586 637 682 643 695 590 583 392 669 390 625 691 426 664 659 757 373 812 726 728 759 690 577 637 621 386 770 627 201 566 762 834 613 758 572 736 659 491 761 398 675 622 829 698 806 771 234 685 393 764 728 601 646 758 587 793 228 330 705 577 592 292 619 545 742 701 659 493 771 0 720 656 703 635 640 485 669 552 228 615 236 691 390 679 708 902 605
675 603 573 719 765 382 620 652 751 800 577 735 757 786 481 526 381 715 610 209 790 689 590 557 711 428 402 591 689 573 744 746 660 691 534 421 481 247 586 702 137 701 410 782 766 239 778 592 668 679 691 781 598 695 466 849 718 738 145 734 617 791 696 660 445 384 690 431 725 796 728 637 777 436 690 639 389 674 633 859 693 703 720 0 676 635 479 378 505 689 396 728 353 634 711 590 611 728 834 625
699 539 597 521 567 600 644 352 687 736 277 537 693 722 593 638 599 159 224 539 726 491 526 581 513 382 620 615 713 509 768 548 684 715 646 533 593 577 522 726 583 637 522 584 790 569 580 152 692 379 627 583 534 395 578 651 418 762 727 670 641 727 720 684 557 602 714 543 749 732 664 661 713 548 626 253 501 698 657 795 629 727 656 676 0 659 591 596 205 491 508 664 571 570 513 526 635 530 858 239
270 586 112 702 748 559 291 635 734 783 560 718 740 769 552 597 558 698 593 498 773 672 573 228 694 411 579 262 508 556 563 729 479 510 605 492 552 536 569 373 542 684 481 765 585 528 761 575 487 662 674 764 581 678 537 832 701 409 686 717 288 774 515 479 516 561 509 502 544 779 711 456 760 507 673 622 460 269 452 842 676 298 703 635 659 0 550 555 488 672 467 711 530 617 694 573 150 711 653 608
590 518 488 634 680 403 535 567 666 715 492 650 672 701 356 421 402 630 525 342 705 604 505 472 626 343 423 506 604 488 659 661 575 606 429 316 376 380 501 617 386 616 285 697 681 372 693 507 583 594 606 696 513 610 187 764 633 653 530 649 532 706 611 575 340 405 605 326 640 711 643 552 692 331 605 554 202 589 548 774 608 618 635 479 591 550 0 399 420 604 271 643 374 549 626 505 526 643 749 540
595 523 493 639 685 122 540 572 671 720 497 655 677 706 401 446 133 635 530 241 710 609 510 477 631 348 154 511 609 493 664 666 580 611 454 341 401 279 506 622 285 621 330 702 686 271 698 512 588 599 611 701 518 615 386 769 638 658 429 654 537 711 616 580 365 10 610 351 645 716 648 557 697 356 610 559 309 594 553 779 613 623 640 378 596 555 399 0 425 609 316 648 105 554 631 510 531 648 754 545
528 368 426 350 396 429 473 163 516 565 88 366 522 551 422 467 428 244 139 368 555 320 355 410 342 211 449 444 542 338 597 377 513 544 475 362 422 406 351 555 412 466 351 413 619 398 409 121 521 182 456 412 363 198 407 480 229 591 556 499 470 556 549 513 386 431 543 372 578 561 493 490 542 377 455 168 330 527 486 624 458 556 485 505 205 488 420 425 0 320 337 493 400 399 342 355 464 359 687 154
712 552 610 250 428 613 657 467 700 749 392 266 706 735 606 651 612 530 425 552 739 352 539 594 374 395 633 628 726 522 781 409 697 728 659 546 606 590 535 739 596 650 535 445 803 582 109 407 705 494 640 312 547 510 591 180 533 775 740 683 654 740 733 697 570 615 727 556 762 745 677 674 726 561 639 454 514 711 670 808 642 740 669 689 491 672 604 609 320 0 521 677 584 583 374 539 648 391 871 440
507 435 405 551 597 320 452 484 583 632 409 567 589 618 155 338 319 547 442 259 622 521 422 389 543 260 340 423 521 405 576 578 492 523 346 233 293 297 418 534 303 533 84 614 598 289 610 424 500 511 523 613 430 527 258 681 550 570 447 566 449 623 528 492 257 322 522 243 557 628 560 469 609 248 522 471 181 506 465 691 525 535 552 396 508 467 271 316 337 521 0 560 291 466 543 422 443 560 666 457
751 411 649 707 753 652 696 640 361 308 565 723 565 594 645 690 651 703 598 591 400 677 398 633 699 434 672 667 765 381 820 734 736 767 698 585 645 629 394 778 635 105 574 770 842 621 766 580 744 667 499 769 406 683 630 837 706 814 779 28 693 401 772 736 609 654 766 595 801 304 338 713 585 600 300 627 553 750 709 667 501 779 228 728 664 711 643 648 493 677 560 0 623 244 699 398 687 716 910 613
570 498 468 614 660 109 515 547 646 695 472 630 652 681 376 421 100 610 505 216 685 584 485 452 606 323 59 486 584 468 639 641 555 586 429 316 376 254 481 597 260 596 305 677 661 246 673 487 563 574 586 676 493 590 361 744 613 633 404 629 512 686 591 555 340 111 585 326 620 691 623 532 672 331 585 534 284 569 528 754 588 598 615 353 571 530 374 105 400 584 291 623 0 529 606 485 506 623 729 520
657 317 555 613 659 558 602 546 175 316 471 629 471 500 551 596 557 609 504 497 238 583 304 539 605 340 578 573 671 287 726 640 642 673 604 491 551 535 300 684 541 217 480 676 748 527 672 486 650 573 405 675 312 589 536 743 612 720 685 250 599 239 678 642 515 560 672 501 707 312 152 619 491 506 138 533 459 656 615 573 407 685 236 634 570 617 549 554 399 583 466 244 529 0 605 304 593 622 816 519
734 574 632 404 348 635 679 489 722 771 414 420 728 757 628 673 634 552 447 574 761 272 561 616 86 417 655 650 748 544 803 187 719 750 681 568 628 612 557 761 618 672 557 223 825 604 463 429 727 516 662 466 569 532 613 534 555 797 762 705 676 762 755 719 592 637 749 578 784 767 699 696 748 583 661 476 536 733 692 830 664 762 691 711 513 694 626 631 342 374 543 699 606 605 0 561 670 311 893 462
613 117 511 569 615 514 558 502 421 470 427 585 371 400 507 552 513 565 460 453 460 539 48 495 561 296 534 529 627 123 682 596 598 629 560 447 507 491 136 640 497 371 436 632 704 483 628 442 606 529 305 631 148 545 492 699 568 676 641 404 555 461 634 598 471 516 628 457 663 466 398 575 391 462 360 489 415 612 571 473 307 641 390 590 526 573 505 510 355 539 422 398 485 304 561 0 549 578 772 475
246 562 66 678 724 535 267 611 710 759 536 694 716 745 528 573 534 674 569 474 749 648 549 204 670 387 555 238 484 532 539 705 455 486 581 468 528 512 545 349 518 660 457 741 561 504 737 551 463 638 650 740 557 654 513 808 677 385 662 693 264 750 491 455 492 537 485 478 520 755 687 432 736 483 649 598 436 245 428 818 652 274 679 611 635 150 526 531 464 648 443 687 506 593 670 549 0 687 629 584
751 591 649 421 177 652 696 506 739 788 431 437 745 774 645 690 651 569 464 591 778 101 578 633 311 434 672 667 765 561 820 346 736 767 698 585 645 629 574 778 635 689 574 382 842 621 480 446 744 533 679 483 586 549 630 551 572 814 779 722 693 779 772 736 609 654 766 595 801 784 716 713 765 600 678 493 553 750 709 847 681 779 708 728 530 711 643 648 359 391 560 716 623 622 311 578 687 0 910 479
693 785 591 901 947 758 638 834 933 982 759 917 939 968 751 796 757 897 792 697 972 871 772 575 893 610 778 609 397 755 452 928 478 509 804 691 751 735 768 720 741 883 680 964 124 727 960 774 486 861 873 963 780 877 736 1031 900 756 885 916 635 973 514 478 715 760 508 701 239 978 910 455 959 706 872 821 659 692 341 1041 875 721 902 834 858 653 749 754 687 871 666 910 729 816 893 772 629 910 0 807
648 488 546 470 516 549 593 301 636 685 226 486 642 671 542 587 548 278 95 488 675 440 475 530 462 331 569 564 662 458 717 497 633 664 595 482 542 526 471 675 532 586 471 533 739 518 529 155 641 328 576 532 483 344 527 600 367 711 676 619 590 676 669 633 506 551 663 492 698 681 613 610 662 497 575 148 450 647 606 744 578 676 605 625 239 608 540 545 154 440 457 613 520 519 462 475 584 479 807 0
