8 1865 30
231 39 83 313 347 341 99 247
131 130 270 6 246 88 319 258
82 252 95 165 162 283 289 354
355 387 396 388 147 309 351 354
90 250 271 149 30 244 84 141
386 310 213 369 190 342 65 102
245 114 209 387 386 81 298 306
261 108 390 120 157 204 229 105
22 6 400 6 5 244 47 312
289 373 331 306 293 201 86 354
195 325 314 312 347 158 176 202
236 100 290 375 314 316 243 26
145 179 13 306 297 63 122 48
298 152 183 192 258 8 311 348
245 270 84 189 20 105 139 19
81 259 232 135 162 76 287 191
100 201 270 290 369 333 207 77
21 342 114 21 334 251 234 29
98 229 102 90 294 59 371 69
252 178 368 369 348 228 323 174
54 33 250 222 294 260 101 262
26 296 50 135 272 330 184 237
51 208 136 167 392 266 352 200
292 40 67 333 96 29 278 321
96 130 11 350 384 398 99 4
272 165 32 270 33 254 217 19
288 313 2 363 115 288 331 132
274 62 343 339 72 110 176 46
73 309 360 41 294 114 35 239
207 293 52 212 153 46 230 393
352 39 300 208 302 229 282 16
125 250 261 347 345 383 8 334
58 49 121 184 49 185 300 207
304 320 151 400 303 274 309 245
108 179 78 348 2 335 86 245
62 342 37 204 62 137 200 72
10 222 167 355 184 330 390 316
395 47 15 57 267 115 111 96
347 387 32 184 103 104 88 347
396 138 400 383 141 306 39 86
50 196 184 114 276 317 265 13
199 169 149 264 103 360 61 306
150 145 74 204 100 72 295 154
192 397 396 236 142 37 381 302
154 268 277 109 204 122 317 347
29 278 274 117 104 9 278 371
356 197 101 15 161 389 282 298
273 70 387 171 298 119 147 217
121 61 166 172 361 202 202 302
84 191 93 104 377 143 81 122
94 214 87 347 232 185 91 114
89 112 348 52 185 354 287 399
344 127 84 326 210 324 345 302
261 123 221 392 399 385 24 129
316 28 393 310 94 332 193 380
173 96 238 158 50 189 154 184
302 315 149 276 288 1 368 371
7 82 28 143 357 71 290 62
165 335 228 73 142 212 259 270
359 64 67 290 382 48 300 11
4 232 195 350 139 55 24 36
163 237 129 131 241 250 263 330
209 24 14 188 206 59 395 97
63 216 258 137 212 36 174 258
209 382 68 60 218 288 202 331
129 18 387 189 251 144 158 45
41 78 193 295 390 376 304 76
364 46 115 136 109 400 22 3
206 230 34 373 182 148 252 254
392 188 284 165 396 292 257 318
341 377 52 321 111 84 154 297
327 44 62 218 16 364 62 263
339 167 372 275 198 89 328 278
96 64 83 98 124 43 375 71
316 193 94 211 353 214 145 78
344 297 235 294 54 1 204 390
375 249 209 172 243 185 212 43
115 264 96 78 322 287 57 254
263 63 41 198 179 6 45 180
230 382 354 131 278 358 362 71
307 293 259 89 260 380 154 324
6 363 315 47 119 199 13 60
270 251 28 367 189 12 150 131
25 241 187 282 26 195 78 68
382 306 113 306 242 168 400 171
388 2 253 334 19 91 220 281
312 11 271 57 361 1 229 163
90 76 318 387 167 353 66 307
177 296 115 287 85 119 368 166
3 211 364 323 364 260 190 380
125 233 138 395 108 12 208 12
81 87 147 38 215 279 365 253
19 63 353 183 356 80 369 62
283 88 225 149 141 377 364 159
70 396 277 188 225 133 384 213
341 297 291 314 194 301 183 42
397 336 3 35 168 348 347 283
117 121 292 302 140 227 348 152
363 77 120 5 238 165 286 343
239 26 244 281 31 27 296 210
390 2 353 331 136 258 214 52
153 60 238 356 226 136 183 32
275 178 347 94 187 51 240 346
167 322 255 57 327 74 40 364
167 382 275 151 189 26 346 3
94 219 181 240 38 146 374 175
375 165 55 63 353 311 272 102
340 298 253 147 162 369 255 18
120 186 322 159 190 380 319 30
237 238 195 202 224 41 192 61
47 334 386 400 152 314 372 163
398 89 180 143 151 89 245 250
400 225 164 171 180 161 173 238
397 219 30 378 106 115 140 337
305 36 69 248 279 371 166 280
174 327 366 356 350 217 178 77
248 264 50 258 38 352 380 331
87 92 288 55 10 346 20 389
120 223 313 240 103 138 109 79
156 77 386 284 161 249 190 18
295 169 85 77 221 114 117 253
306 217 352 75 104 85 399 271
250 71 276 225 95 216 257 318
319 258 263 45 85 161 82 67
198 331 147 372 321 221 350 11
343 344 22 396 333 29 213 376
80 21 32 272 72 84 361 62
304 286 39 208 340 74 52 246
300 38 38 239 9 59 384 190
382 355 377 35 145 185 158 263
17 272 3 72 57 134 111 374
166 9 169 333 310 283 366 52
242 2 37 293 94 356 324 207
126 161 51 24 299 209 33 166
262 288 231 368 347 166 58 160
26 268 325 28 323 364 22 85
48 168 7 272 391 254 400 116
271 299 155 50 323 365 105 283
102 125 99 255 278 61 386 290
323 94 227 356 114 374 150 49
237 176 294 198 93 339 318 5
107 232 217 155 259 262 331 320
218 368 46 382 161 146 144 341
90 120 379 303 91 176 276 80
49 320 25 112 231 43 373 172
71 224 149 329 384 323 176 283
281 65 290 85 149 190 314 225
183 1 165 35 103 146 298 153
22 130 376 278 110 172 364 79
238 27 376 53 85 45 400 181
252 22 198 220 233 71 345 190
113 225 185 345 110 341 175 181
273 61 107 144 42 16 189 391
262 226 72 327 88 106 195 229
283 9 322 26 246 120 149 20
353 304 192 73 71 127 331 381
221 298 58 277 82 238 111 12
359 300 30 103 129 197 354 277
349 225 158 169 195 38 7 170
62 183 48 282 395 315 357 166
400 384 253 334 223 351 58 150
202 385 290 252 281 115 99 43
250 326 290 127 329 43 261 265
225 29 2 22 257 94 279 395
306 359 364 387 232 106 358 13
23 186 173 367 328 174 256 16
44 369 215 69 336 126 57 234
385 42 351 227 146 66 152 291
92 391 79 300 118 71 171 312
309 30 117 361 325 397 111 124
344 201 275 83 175 327 201 338
375 183 205 218 54 174 64 245
102 377 302 385 64 190 353 33
237 373 308 63 137 184 186 295
57 199 335 208 318 31 239 380
219 171 294 339 180 379 136 58
167 308 354 10 127 152 32 158
342 104 16 60 331 215 167 360
309 1 3 6 343 396 241 63
196 190 128 149 132 79 118 394
248 400 33 62 202 92 128 376
185 366 259 23 356 83 208 88
388 242 8 91 31 265 249 226
10 217 165 298 127 324 163 93
256 70 325 182 394 355 233 246
381 303 4 343 395 388 124 384
271 79 388 296 209 187 366 46
327 259 380 184 285 338 23 58
232 93 228 362 183 163 100 130
107 84 298 229 41 112 67 390
158 337 337 373 306 92 264 203
96 148 365 264 37 288 347 235
39 269 392 50 120 119 215 226
91 340 175 313 294 145 253 50
8 1 325 298 365 387 79 81
128 212 224 210 320 358 149 134
230 367 279 277 198 36 332 367
324 231 314 347 361 126 162 78
70 183 10 94 264 393 379 263
125 44 44 382 277 172 79 372
349 378 139 397 216 372 233 257
383 309 179 131 91 336 74 192
15 121 295 74 155 37 164 374
175 259 299 195 93 203 79 269
163 22 363 16 183 61 72 272
339 359 114 24 3 334 269 114
140 353 164 7 304 95 370 39
95 306 373 314 96 330 367 280
32 284 31 359 346 154 63 387
153 356 79 35 362 224 227 298
100 6 88 74 140 287 61 320
325 192 368 60 181 81 182 63
206 371 302 106 394 240 88 52
8 341 18 60 103 190 388 304
240 241 285 318 10 46 333 281
360 117 69 239 325 328 203 312
354 259 18 321 191 25 394 313
313 177 324 283 371 225 232 366
360 41 122 362 127 179 219 124
320 281 108 75 39 88 40 28
279 244 338 355 272 189 61 59
67 128 203 40 181 336 232 347
387 390 279 149 118 374 13 255
119 277 333 282 148 56 132 211
99 159 102 281 182 226 233 178
127 282 144 250 294 371 362 350
138 160 157 280 245 32 76 380
354 288 145 226 243 337 87 196
158 91 231 123 136 242 21 198
373 392 188 59 142 195 296 16
84 192 66 171 212 328 337 345
220 66 286 125 29 314 377 329
161 225 363 193 31 52 203 78
108 1 53 225 196 311 104 185
26 317 303 262 300 118 386 94
267 20 222 49 281 251 242 184
132 39 219 387 194 17 387 355
61 285 213 133 305 7 260 272
83 160 380 241 261 3 249 149
199 253 327 358 352 188 250 42
190 343 335 57 202 175 179 61
351 245 50 382 220 76 98 191
136 143 226 387 54 326 317 261
217 133 99 198 330 278 137 119
7 105 96 138 366 312 388 68
187 112 134 262 238 61 188 60
321 84 279 229 248 311 245 53
73 53 377 263 382 48 40 71
217 387 68 223 343 356 350 320
168 310 248 179 95 114 297 368
197 327 68 352 82 159 155 318
14 36 320 275 181 211 125 386
74 383 69 320 93 314 74 360
287 192 191 63 197 132 193 307
348 142 98 25 141 149 134 88
241 266 2 368 70 181 225 191
290 213 329 293 151 370 158 70
24 340 277 224 331 57 108 237
383 99 360 171 112 273 270 395
249 320 278 167 138 192 205 247
170 91 330 357 62 20 275 400
250 397 305 398 151 76 306 22
134 94 125 333 292 363 379 206
287 141 388 15 312 220 263 322
41 59 367 250 73 41 226 271
30 32 187 339 258 354 283 165
57 149 347 6 353 204 213 395
331 393 84 210 361 351 329 152
89 125 351 394 145 184 209 75
347 279 251 85 387 133 271 67
398 82 297 207 270 251 356 72
212 108 270 134 261 19 297 273
319 183 180 30 173 313 26 171
282 297 41 366 387 268 262 136
128 108 159 272 196 241 256 14
18 79 298 324 259 400 129 196
165 163 261 222 230 36 340 56
66 175 317 324 41 159 152 284
309 300 101 321 58 357 162 36
30 121 400 36 379 348 120 298
387 120 186 18 164 210 183 331
92 63 320 159 46 183 333 23
325 329 339 297 153 223 352 324
352 18 328 46 87 97 326 395
160 239 331 385 126 331 250 298
143 339 8 393 234 363 398 368
185 59 273 130 56 311 339 133
111 211 347 282 284 358 339 271
293 62 352 244 77 309 71 398
292 243 254 297 180 164 1 241
57 314 151 98 16 70 68 286
292 3 271 127 53 388 150 14
346 32 321 307 184 266 5 238
35 310 315 262 100 232 336 96
364 383 269 338 185 227 249 344
70 27 62 150 376 354 281 15
70 314 326 198 392 1 12 132
259 132 293 201 51 257 321 326
219 113 139 202 394 54 92 139
46 241 334 39 381 200 388 268
177 6 72 165 212 227 52 230
77 37 342 378 297 375 14 394
30 217 57 33 11 168 371 270
276 367 281 170 301 318 189 203
133 331 109 344 5 262 181 381
24 242 132 145 205 96 365 198
155 29 368 225 214 96 360 75
207 157 245 135 112 77 205 53
327 209 174 86 66 244 392 177
125 193 313 373 24 214 328 272
317 119 294 256 352 278 98 328
344 17 220 117 61 188 220 289
178 353 84 200 132 85 3 42
131 301 220 320 370 96 86 257
26 47 213 327 52 66 57 270
182 357 181 317 204 180 386 185
187 338 37 278 83 272 271 335
83 299 100 296 370 23 191 193
347 267 115 126 375 189 340 117
274 208 183 88 71 251 120 115
221 268 283 168 102 109 149 89
245 21 187 166 256 354 91 24
7 165 106 125 100 255 285 149
163 267 300 171 164 219 100 361
30 8 253 101 118 276 123 240
272 258 360 146 69 393 34 398
55 21 208 283 1 14 27 53
50 189 155 193 363 76 144 337
326 349 290 199 330 30 11 156
45 331 115 307 25 52 300 266
194 273 191 113 134 164 134 287
326 94 316 369 117 356 162 195
78 147 292 164 11 306 395 213
131 23 164 339 211 28 369 181
257 323 110 216 29 248 70 73
72 326 103 162 185 13 36 393
110 51 138 325 144 120 261 355
91 110 67 152 124 56 185 135
363 2 165 373 251 50 4 140
96 62 52 93 368 270 109 153
205 371 284 194 18 297 288 93
44 296 168 107 299 321 92 120
25 135 108 195 42 171 230 256
325 237 348 170 306 400 356 173
36 14 242 67 361 107 323 12
399 318 59 388 313 381 34 368
211 73 171 137 322 218 181 252
48 348 21 385 278 186 387 283
266 345 68 31 76 265 248 232
220 135 213 298 318 310 52 342
144 64 138 110 379 280 218 170
8 353 88 281 373 356 145 284
184 126 202 223 276 232 6 9
330 236 188 359 337 324 152 116
376 84 273 347 44 155 235 48
374 6 382 60 86 215 102 247
70 148 268 203 8 178 341 103
209 339 154 145 170 286 344 192
149 238 56 232 221 253 193 199
337 323 45 272 386 249 330 182
123 227 2 347 369 254 365 41
330 390 133 353 291 268 362 147
93 357 183 269 23 166 85 103
82 46 110 190 17 53 101 63
303 244 260 119 54 53 150 56
285 365 262 31 145 22 280 292
360 2 199 50 370 156 270 375
80 81 186 206 394 400 319 139
363 238 43 39 304 381 40 253
129 62 294 147 255 244 200 13
399 91 62 350 21 137 35 273
165 260 168 296 309 276 352 226
343 314 301 306 166 257 107 333
335 147 396 21 179 175 292 324
345 378 85 202 377 132 206 283
54 109 95 291 395 344 305 12
106 366 4 113 161 374 24 275
239 211 351 28 21 335 323 50
191 39 325 255 213 342 70 334
29 86 297 344 356 212 8 352
109 388 134 172 153 6 293 54
264 7 393 97 190 218 93 47
89 312 20 210 178 246 83 322
226 375 77 191 39 33 62 8
232 100 189 75 373 40 219 285
290 150 369 172 69 170 202 211
14 167 364 126 359 300 61 79
236 118 291 256 365 38 268 106
210 148 15 309 302 36 307 321
358 248 143 357 116 342 146 38
263 332 292 314 189 209 92 108
244 125 147 51 94 203 152 47
371 78 310 308 219 371 387 314
28 374 27 3 128 167 189 63
59 61 259 365 236 251 392 115
226 163 229 335 193 217 348 367
100 25 153 94 117 396 197 256
155 358 285 352 244 19 163 23
51 244 3 32 379 53 345 42
45 161 241 30 238 375 382 305
173 222 304 44 195 375 368 106
316 195 125 194 341 389 60 326
7 24 107 283 3 116 167 234
157 77 367 102 46 157 184 335
21 164 338 86 190 253 363 162
310 306 307 178 110 274 208 180
222 210 307 6 267 290 138 139
43 97 343 208 73 84 113 303
69 339 217 4 382 180 48 190
98 109 375 136 373 52 199 201
48 73 19 376 236 198 138 276
239 37 385 292 150 355 161 90
228 132 348 29 58 391 86 295
296 347 18 220 66 178 394 236
262 341 275 123 285 248 48 335
240 336 326 313 382 114 352 248
139 285 19 218 11 27 5 181
207 292 10 69 398 20 15 6
296 174 91 261 327 321 242 370
263 298 76 57 312 185 310 97
130 72 39 179 376 378 165 223
63 49 72 108 385 323 352 368
173 61 195 223 386 376 202 310
252 123 236 90 29 369 91 28
384 397 158 208 362 75 126 271
385 377 309 218 82 310 259 79
110 249 67 97 21 53 366 387
6 204 383 101 356 177 151 370
13 387 17 217 216 263 248 171
285 100 375 260 218 181 194 302
242 315 36 258 104 369 312 33
13 228 11 66 230 2 274 252
82 66 200 6 331 133 187 108
298 139 72 389 400 185 339 4
66 297 44 300 276 51 111 87
122 43 266 344 91 43 116 207
119 386 76 398 234 349 367 106
49 5 383 308 237 345 16 216
70 61 52 69 257 339 138 286
373 330 371 385 186 148 293 374
35 396 195 330 366 23 45 189
90 106 243 40 248 29 176 147
261 303 101 166 103 218 131 110
357 359 301 323 172 341 190 24
303 103 391 98 303 316 139 284
60 115 302 298 26 317 267 237
375 245 181 311 12 350 193 303
131 365 114 343 344 327 357 300
354 43 110 382 132 259 338 257
191 327 23 178 171 370 73 398
70 169 366 144 27 10 28 217
102 241 249 389 7 17 307 283
341 49 18 213 278 100 395 242
172 302 22 264 290 292 242 109
327 291 311 88 90 83 236 68
39 13 394 53 304 107 257 221
240 48 394 145 140 264 92 376
347 160 259 260 232 361 286 356
21 281 119 360 289 131 121 247
397 232 253 14 188 398 85 234
154 224 365 216 95 86 15 266
355 86 214 189 116 139 53 25
213 309 376 57 122 65 347 379
129 43 346 74 83 241 105 10
140 329 245 387 390 246 346 258
221 87 247 60 207 97 287 341
258 238 321 65 154 70 314 360
171 189 41 383 156 28 292 340
381 308 25 234 346 305 167 262
64 204 334 137 272 51 132 96
66 61 234 88 27 344 318 54
386 70 322 150 80 200 157 321
118 297 49 293 227 366 125 32
325 267 35 236 192 394 396 354
141 361 283 120 293 129 192 396
95 318 222 166 134 236 142 217
14 398 373 11 136 309 132 118
372 175 223 125 214 333 224 82
141 154 252 103 208 249 230 292
9 158 323 345 374 400 190 196
190 205 237 261 50 30 100 176
324 381 88 227 331 85 54 281
247 248 37 238 35 166 394 116
297 45 122 117 330 364 373 362
157 141 65 203 152 98 341 136
29 271 103 152 311 376 328 159
37 316 318 341 214 226 242 277
182 259 300 36 168 313 331 323
20 390 393 213 3 232 31 357
361 156 21 226 289 16 380 124
239 221 160 84 322 117 168 159
217 345 319 172 200 174 200 22
203 1 110 123 234 57 378 238
77 44 312 266 82 20 220 56
109 323 305 291 47 5 98 10
74 6 157 149 243 356 20 108
57 245 150 149 86 348 190 348
132 104 330 71 241 253 15 235
326 279 314 105 180 236 154 317
48 274 172 249 321 178 391 397
55 59 266 394 238 153 307 327
67 167 274 131 263 322 332 348
258 336 164 192 58 66 327 337
163 246 310 398 265 368 218 241
364 73 291 83 11 168 33 182
85 321 263 20 283 11 77 116
234 7 245 398 120 29 336 399
333 41 194 286 116 134 131 399
305 313 7 360 101 34 209 259
240 222 227 100 310 321 345 363
38 130 199 395 215 71 239 396
355 179 296 79 217 397 299 129
157 131 48 321 243 302 137 4
348 151 317 249 128 91 72 153
109 107 48 241 366 183 219 195
128 204 208 202 225 188 187 61
25 109 261 213 46 36 19 2
114 51 29 267 192 241 322 245
248 233 298 311 102 102 396 267
298 189 34 166 131 283 57 60
269 257 205 110 61 109 389 309
202 91 75 244 335 203 223 313
110 165 236 132 263 171 154 283
9 269 326 301 72 35 175 229
272 278 130 98 345 176 249 213
363 38 351 218 228 354 7 155
376 54 365 257 56 318 109 252
358 309 356 357 56 43 68 274
379 373 395 186 297 165 197 10
142 252 33 151 184 349 34 148
349 180 103 86 2 279 77 86
169 364 308 103 266 251 63 138
53 69 144 238 54 53 99 395
138 21 281 385 322 53 232 268
358 152 353 107 60 335 307 33
153 186 382 395 390 347 122 196
119 286 201 134 264 327 218 369
280 362 271 289 203 176 194 362
187 105 131 263 95 13 309 245
14 359 362 9 229 164 236 265
56 376 142 377 278 19 18 68
80 386 28 382 395 8 310 280
211 271 101 84 114 281 364 377
82 156 48 9 319 14 29 129
337 284 55 320 24 305 226 300
313 134 390 2 137 117 205 140
199 274 111 248 366 92 385 86
138 80 153 274 172 319 293 275
89 17 348 307 72 74 4 305
107 172 246 307 13 45 304 399
206 171 393 124 171 205 346 100
129 299 171 109 338 113 316 297
265 208 341 330 27 325 111 362
320 62 101 378 80 186 325 249
81 241 60 200 192 356 257 251
285 70 352 34 348 43 186 153
9 320 138 205 108 235 140 256
93 164 41 79 202 4 326 386
327 28 270 83 197 266 60 371
262 216 254 25 400 198 391 140
352 377 260 164 369 195 81 171
397 260 236 394 146 81 26 209
9 37 136 167 99 294 197 163
309 185 223 42 134 312 283 26
87 99 137 262 242 69 23 163
357 232 68 194 193 107 8 320
78 35 51 266 146 80 371 37
130 322 250 300 168 235 46 347
261 199 259 140 296 73 390 256
224 87 75 337 95 218 26 389
111 351 53 181 297 209 222 399
20 266 374 201 155 23 233 311
147 220 120 222 379 328 70 378
4 330 136 301 211 228 263 25
276 303 104 96 17 176 254 298
100 217 157 231 26 147 226 325
40 362 338 292 274 169 16 360
361 24 51 351 5 195 199 340
164 13 274 387 146 21 202 349
345 72 134 62 282 119 338 270
29 394 375 245 342 276 378 371
121 329 132 335 222 222 386 13
24 224 253 277 163 232 236 306
156 317 329 392 38 267 386 362
90 307 81 203 14 274 78 147
25 166 211 356 6 94 400 398
295 145 144 15 188 370 91 223
325 275 78 332 276 360 248 353
390 221 215 172 35 266 130 64
179 149 296 8 180 265 57 45
42 343 67 298 182 346 32 93
331 223 301 49 188 148 238 298
121 352 321 177 348 132 320 129
143 257 251 97 241 378 133 147
217 314 157 380 249 377 225 244
150 235 366 128 7 58 299 191
269 213 326 130 146 297 159 160
101 127 116 120 324 246 140 264
331 51 232 397 396 229 167 76
175 382 57 177 109 127 7 358
103 307 208 263 157 400 231 3
27 393 219 261 6 199 55 291
152 104 27 311 40 313 154 189
30 192 343 188 37 173 137 232
322 3 54 327 84 321 111 147
156 182 232 287 239 372 316 30
9 292 222 96 5 314 19 222
90 26 302 72 248 123 267 13
148 60 240 395 303 20 49 248
142 318 180 224 214 85 100 15
150 252 281 321 186 66 152 248
124 371 199 63 237 50 68 173
357 102 55 123 168 370 20 297
266 186 101 110 195 99 280 319
214 58 21 34 191 312 115 179
91 276 251 279 173 105 380 351
286 281 369 191 68 386 368 224
199 97 149 274 224 21 126 86
34 341 168 75 397 340 234 263
240 147 48 57 400 216 107 61
263 110 103 63 270 397 301 195
301 91 394 100 178 67 112 28
97 261 267 132 124 319 135 316
179 58 240 125 333 391 153 349
135 28 193 387 348 106 227 379
294 305 190 156 148 70 373 392
316 339 279 52 99 191 272 25
203 177 49 91 364 15 255 296
279 139 24 2 214 33 219 48
184 202 135 194 59 101 308 164
395 326 114 197 123 47 271 216
337 94 253 122 326 119 179 325
158 340 162 165 357 138 315 42
139 206 15 189 50 280 391 166
325 198 229 349 235 356 187 111
156 267 11 67 323 376 62 158
229 222 25 20 305 62 188 240
184 38 29 70 159 71 117 23
258 364 265 180 220 328 204 311
165 79 195 30 234 40 201 121
3 305 243 295 225 324 375 92
199 345 57 117 138 251 54 95
236 287 213 180 165 322 378 311
323 211 28 371 116 241 362 111
385 38 298 373 30 20 242 212
223 271 299 130 13 171 34 213
56 199 176 324 367 107 93 217
47 366 48 330 393 91 10 328
103 196 53 392 367 391 327 257
184 384 331 196 45 64 385 179
209 157 276 75 98 330 333 67
112 248 310 106 399 140 274 172
172 51 251 6 29 356 396 282
172 85 49 21 340 273 171 63
108 344 216 114 101 247 82 303
383 185 182 349 81 222 217 83
136 268 22 24 79 147 315 217
192 101 165 299 378 118 152 338
324 208 148 113 161 298 388 3
116 170 185 393 117 249 198 36
228 342 109 310 190 205 315 356
351 153 271 143 247 231 192 116
383 158 272 192 237 28 299 183
390 354 149 263 100 339 211 377
104 361 136 344 242 217 259 100
303 392 343 185 369 93 348 108
5 360 340 358 130 132 64 229
110 186 227 367 357 294 151 152
12 141 111 229 354 15 13 353
232 394 37 145 83 223 178 132
368 249 216 77 311 346 57 259
35 72 283 168 97 393 106 281
86 395 26 118 118 376 336 387
211 167 194 94 195 21 139 274
133 182 180 59 229 87 127 235
286 150 198 316 95 357 100 118
193 330 385 387 40 154 324 146
136 312 36 57 154 168 224 255
94 345 32 41 339 114 315 115
102 188 202 177 40 353 189 54
83 179 76 164 157 384 1 373
62 324 133 283 383 319 151 3
99 89 116 111 171 99 99 163
84 208 209 240 355 261 29 48
165 204 4 97 288 175 95 54
302 227 139 266 347 242 378 246
220 222 360 340 226 195 353 181
224 300 177 49 9 137 140 333
206 400 319 18 55 49 262 171
287 174 224 158 213 218 256 383
16 385 309 226 114 393 316 272
33 248 84 395 178 86 274 341
198 148 358 14 154 109 158 381
314 76 138 65 262 302 368 248
375 41 353 47 19 301 395 43
383 26 256 296 373 51 215 208
55 130 306 94 258 331 208 275
198 277 115 377 213 198 4 247
42 286 70 36 300 104 264 303
371 44 335 318 187 24 84 309
151 289 25 250 343 340 98 215
380 145 370 207 123 187 243 389
17 377 282 281 22 97 90 132
149 165 344 214 347 78 159 254
78 393 133 330 64 271 13 399
292 313 303 315 160 260 37 249
323 97 263 54 25 288 345 114
92 222 323 392 190 156 225 353
261 275 61 197 278 36 10 260
53 341 226 389 331 153 98 77
377 190 67 82 220 61 29 400
369 334 392 380 27 155 163 391
307 325 120 341 352 28 335 238
311 379 3 197 84 82 242 55
218 233 232 310 295 81 46 247
204 189 223 89 11 241 252 152
385 202 240 32 295 14 310 5
4 213 378 194 341 8 13 241
143 25 45 139 211 323 292 48
180 132 368 89 134 200 3 59
23 119 332 95 354 210 182 305
289 218 79 325 163 66 91 321
239 230 42 87 104 140 135 129
33 169 195 130 259 23 162 106
332 54 388 378 218 241 198 185
121 66 314 54 121 9 52 223
83 73 71 290 349 163 240 322
29 6 256 285 362 183 304 283
89 78 352 313 151 178 240 262
338 326 243 29 125 259 273 213
179 72 268 310 363 336 101 397
253 371 383 81 357 63 372 359
357 360 280 147 320 301 155 288
308 189 274 386 359 26 360 154
118 78 81 89 202 11 15 24
283 391 393 264 297 391 376 134
89 59 212 257 237 171 287 287
152 48 64 12 48 294 290 149
117 96 174 228 96 221 311 13
255 186 148 264 145 72 387 80
333 367 172 331 88 226 180 219
86 117 115 53 224 221 136 239
215 232 395 143 152 45 147 306
129 36 329 203 3 24 77 236
88 300 296 249 230 285 210 379
245 278 52 67 94 249 400 400
277 285 272 306 248 3 285 384
184 254 65 183 215 178 286 147
82 171 240 307 162 337 321 264
126 139 76 239 371 98 324 176
326 279 117 373 137 296 347 30
396 175 67 164 230 171 350 93
133 323 205 289 290 24 185 346
280 298 274 1 374 126 107 182
339 207 259 255 210 35 359 134
262 399 262 156 8 157 374 258
278 156 309 298 62 297 210 329
316 221 45 208 368 279 220 139
387 348 336 218 172 76 376 350
238 55 292 358 244 399 156 330
320 335 386 359 399 284 68 189
1 300 375 101 184 373 65 200
63 214 278 76 94 187 54 239
267 397 116 121 146 137 265 365
312 51 186 16 397 26 264 301
160 221 263 377 135 206 241 323
351 278 155 397 193 281 344 65
86 44 205 14 60 260 134 386
201 224 7 397 255 106 100 83
273 298 389 114 37 220 180 36
26 307 25 343 124 350 136 92
22 105 185 29 40 231 361 226
89 303 63 85 318 356 146 117
347 106 216 344 345 134 114 5
153 197 327 321 184 160 381 23
324 222 159 141 78 58 12 117
304 263 284 18 337 49 104 124
374 118 26 357 92 149 307 396
355 373 380 258 77 393 95 300
135 130 215 184 311 198 181 227
231 208 149 250 1 72 240 64
12 133 114 159 181 239 287 146
113 250 322 339 114 240 230 161
120 126 121 36 346 114 398 196
246 307 18 358 341 321 320 360
34 175 89 176 61 127 382 96
363 44 272 332 112 205 267 319
367 233 365 138 1 182 189 31
148 151 266 302 198 341 242 46
179 268 277 254 315 10 88 155
232 195 30 293 366 201 52 158
323 203 12 178 65 59 284 45
26 228 55 266 284 315 205 152
101 229 255 226 72 266 230 238
240 40 212 261 373 123 234 261
93 316 12 164 68 312 306 86
159 290 224 17 318 379 137 351
16 1 79 243 299 86 398 127
28 242 218 70 108 108 326 350
68 85 230 392 82 117 247 338
156 250 365 44 260 206 334 347
333 392 190 347 205 134 185 8
132 362 296 62 220 370 270 15
369 109 114 245 18 330 163 57
41 211 215 355 280 187 356 115
148 35 242 160 6 323 48 271
239 151 342 342 60 103 43 385
203 188 329 324 397 320 78 98
269 278 196 78 351 186 163 305
380 361 372 363 189 244 105 109
166 161 236 262 294 115 358 124
139 283 385 285 11 398 112 391
48 9 45 293 324 115 179 395
142 290 237 20 219 97 382 281
16 32 339 197 255 220 86 231
297 81 244 136 227 157 353 30
379 166 314 400 221 31 364 106
369 279 3 83 199 163 230 157
54 205 161 109 321 348 2 380
60 198 249 173 253 196 121 352
86 165 340 54 338 133 374 294
222 271 256 255 42 97 232 335
96 111 95 276 244 170 180 273
332 211 359 307 371 395 32 325
152 188 337 128 316 365 297 215
348 242 395 162 300 3 142 56
21 46 150 99 47 239 323 255
243 127 184 308 234 314 207 356
314 309 75 182 163 320 222 164
356 329 204 114 164 161 111 160
29 99 316 98 395 50 135 174
342 178 211 262 108 154 92 54
36 200 264 64 366 165 267 374
78 395 346 8 234 132 19 159
146 53 299 281 96 43 88 278
144 260 16 178 129 98 337 100
237 123 306 37 86 181 153 246
369 368 335 396 119 83 114 333
185 188 154 303 261 371 382 286
279 30 151 15 209 170 388 308
93 72 112 191 354 390 65 281
374 368 2 213 99 263 212 65
189 177 352 381 178 64 17 288
339 7 288 87 163 43 95 30
109 103 9 228 11 130 186 90
228 276 91 317 229 167 289 212
84 155 247 380 240 365 329 242
173 136 179 160 319 364 232 92
309 30 311 77 40 48 331 16
228 371 130 282 38 363 193 62
326 18 6 18 119 159 14 77
221 392 328 387 142 325 281 148
140 263 209 82 162 169 382 370
157 358 128 341 29 235 332 343
60 158 181 231 286 144 104 25
10 143 183 40 40 335 217 64
379 377 47 107 241 164 122 105
56 68 43 374 179 112 219 151
254 296 172 117 94 263 63 253
396 21 344 215 292 240 48 134
153 269 281 239 12 281 295 173
92 197 316 84 240 97 324 85
99 311 195 82 366 204 188 35
189 19 195 119 219 3 149 95
351 201 151 215 219 81 44 230
354 369 171 329 235 342 224 251
147 212 146 327 199 232 37 209
258 288 33 290 84 397 194 50
52 200 81 59 248 35 51 236
322 33 113 347 364 376 360 351
104 70 241 268 65 258 372 288
262 244 136 142 56 40 190 41
226 111 175 51 88 391 323 118
67 236 196 3 300 270 34 330
167 117 41 345 275 370 319 152
15 264 2 148 79 59 273 346
62 152 186 87 342 245 36 46
350 218 190 377 323 176 120 99
27 313 224 214 150 337 336 384
293 387 373 268 368 63 148 110
114 362 184 319 280 102 399 218
90 116 181 5 121 391 321 340
26 347 351 218 81 134 46 274
225 109 379 78 115 234 317 285
22 141 386 114 150 113 282 307
64 225 371 207 20 90 68 339
236 34 399 223 205 185 272 276
235 95 59 209 385 7 181 191
17 90 161 233 73 175 126 320
71 169 143 158 191 289 235 217
282 118 390 43 161 259 304 383
298 32 140 46 18 219 308 283
156 232 123 316 377 390 35 139
136 37 129 251 240 389 285 366
284 240 334 182 166 266 261 59
119 136 328 93 125 160 99 123
382 319 106 195 365 48 114 42
139 107 176 302 287 29 18 314
281 167 285 298 275 233 263 272
25 288 246 342 395 125 184 5
336 136 389 85 46 277 129 182
87 326 118 111 21 97 98 357
74 227 317 366 17 293 62 54
265 158 398 1 387 90 61 162
42 90 67 124 3 283 218 311
341 395 298 230 74 25 357 230
150 45 149 249 264 296 242 180
47 285 40 133 270 176 360 330
19 285 222 366 261 188 179 21
220 180 244 266 149 222 355 38
390 204 284 196 127 297 187 291
370 162 172 124 52 150 243 180
276 90 13 20 251 256 246 39
69 8 236 212 95 343 356 253
65 152 44 375 223 1 145 267
90 215 82 140 284 20 4 90
244 327 184 182 78 61 218 295
23 368 267 316 95 221 320 387
336 297 92 42 79 22 396 356
320 163 2 174 255 274 37 370
316 191 327 268 390 157 22 123
107 242 375 42 78 230 272 352
155 8 148 372 360 386 389 341
396 318 149 234 228 281 301 101
35 359 114 77 170 343 324 124
168 376 153 310 212 364 138 331
297 316 44 95 241 333 2 280
213 193 289 247 308 385 52 235
210 249 305 66 114 196 219 274
247 10 9 359 136 87 376 109
195 14 92 257 35 141 13 227
356 355 367 31 374 240 50 92
32 396 172 211 392 171 67 212
208 142 64 215 35 77 240 79
208 389 124 259 165 140 364 47
368 237 184 120 147 16 15 31
390 136 267 136 241 132 228 188
106 238 20 188 364 392 188 230
281 89 21 189 224 2 201 100
146 229 82 171 50 24 35 45
92 166 230 25 248 391 326 48
350 322 335 143 219 368 306 93
21 290 141 54 252 309 362 90
50 357 23 256 252 320 166 367
137 109 278 78 67 205 321 345
243 176 7 167 106 347 348 299
189 265 61 184 288 191 89 152
359 69 317 238 361 241 192 27
86 118 81 14 362 141 302 367
178 82 390 30 367 323 64 183
72 213 78 89 53 120 189 359
378 107 190 31 224 34 266 329
250 39 288 274 70 144 323 74
307 16 51 122 290 31 376 250
48 62 262 370 2 278 365 223
2 113 385 137 298 156 170 115
238 282 300 18 271 236 41 225
332 144 69 356 332 152 363 108
282 269 239 283 336 99 323 88
216 318 190 341 78 309 89 159
377 151 364 326 316 187 41 286
24 268 246 260 229 245 177 69
400 217 15 364 327 86 230 106
99 219 44 219 69 375 304 342
388 340 343 197 166 277 9 391
301 379 61 354 52 78 66 381
218 250 80 108 254 328 158 61
284 207 37 131 246 282 229 112
215 347 87 153 52 96 99 245
276 198 178 6 49 268 342 59
207 377 169 261 269 320 339 376
394 130 272 356 330 164 178 389
393 355 355 296 383 214 157 288
52 308 173 7 278 373 117 392
264 333 338 253 237 70 173 276
246 236 69 328 313 271 61 29
147 117 258 187 206 79 1 63
358 317 374 398 232 99 39 204
45 14 18 173 358 66 293 57
312 102 397 133 58 131 192 255
92 376 190 138 378 49 213 251
177 297 357 211 82 62 117 255
293 244 163 124 175 205 129 351
87 359 238 244 341 214 178 164
236 68 126 381 395 294 307 269
350 385 83 62 170 189 325 41
376 376 108 132 369 62 378 126
60 376 193 220 276 370 363 21
109 98 58 267 392 197 130 203
277 172 390 119 216 184 240 161
287 193 165 107 99 93 168 285
174 175 110 7 348 94 354 359
165 88 26 301 313 151 58 109
381 114 103 37 309 199 271 352
242 168 166 250 94 131 164 37
198 310 254 203 56 227 193 117
348 1 151 75 312 227 3 13
174 332 127 194 217 163 88 222
216 340 360 377 362 119 388 94
123 165 39 162 334 216 351 102
363 18 39 333 10 241 341 146
129 369 148 116 11 147 197 211
106 141 241 192 78 177 370 336
134 146 259 386 358 293 132 225
170 85 243 139 10 121 216 3
174 266 304 52 372 271 204 231
367 395 154 87 163 74 132 147
303 327 392 35 313 98 9 399
16 177 131 77 382 340 132 57
60 125 281 170 187 64 311 66
144 327 92 5 112 121 100 46
93 108 32 287 223 216 116 8
310 62 224 218 142 281 33 44
196 244 281 157 217 333 253 299
341 184 333 244 189 374 361 59
360 215 321 141 351 110 254 340
51 5 320 251 275 273 56 339
318 246 119 390 165 30 165 219
117 246 166 218 372 234 139 176
217 370 85 212 305 189 191 282
160 365 237 120 213 290 303 88
113 220 394 62 40 187 281 186
57 218 400 400 107 348 354 262
232 324 195 205 399 203 96 164
84 126 205 89 155 182 15 305
197 77 156 219 58 45 32 192
168 267 226 77 218 372 389 116
332 390 243 112 382 354 263 312
360 305 106 373 78 149 193 7
243 129 68 261 210 59 18 68
250 289 211 363 202 74 302 308
334 207 333 340 121 282 126 127
148 45 203 342 133 261 203 50
147 113 10 278 393 126 167 16
393 341 381 48 195 103 373 76
246 343 185 355 278 41 347 145
399 282 39 18 377 240 183 90
60 227 342 340 246 221 343 106
107 174 103 85 108 50 320 229
299 295 303 307 365 297 88 37
289 48 344 178 273 350 28 55
295 65 176 9 50 400 74 379
200 68 297 210 125 20 24 247
117 85 103 397 199 193 76 213
52 40 261 382 230 133 305 240
251 83 304 363 20 63 121 379
297 31 395 143 176 323 133 10
46 235 121 217 300 218 206 215
173 346 182 14 192 175 144 46
321 64 303 35 21 19 42 50
118 200 116 259 123 90 95 38
187 225 173 175 35 139 136 228
39 348 147 41 278 243 208 9
353 384 227 312 284 291 230 311
38 6 159 88 374 222 255 50
70 398 60 199 341 332 257 68
216 24 180 184 16 346 393 137
354 251 53 132 386 247 310 179
289 274 337 276 10 169 123 71
215 122 124 72 329 22 193 190
168 149 321 19 376 171 259 38
220 234 302 253 143 264 368 46
65 291 147 192 254 258 45 397
262 29 167 363 152 208 400 252
80 155 290 274 195 286 198 391
72 260 276 188 42 365 30 304
43 273 269 324 299 161 27 92
10 48 99 328 170 2 198 148
296 275 224 29 28 267 170 245
190 385 65 201 348 286 182 113
298 196 263 311 217 63 47 188
283 298 314 39 118 196 43 207
215 196 177 284 393 139 199 153
341 298 203 12 364 340 210 40
324 165 10 83 15 322 143 356
162 195 322 160 100 191 119 197
262 7 14 294 290 133 309 168
118 310 108 156 3 150 233 255
273 347 364 318 246 149 357 238
119 84 117 170 301 234 147 222
252 386 224 132 288 130 188 285
73 397 347 227 216 284 2 60
122 302 71 17 101 157 392 240
81 3 106 239 9 317 341 354
290 175 301 190 235 152 357 63
309 328 335 167 196 159 135 232
375 87 17 100 245 212 352 211
169 155 312 85 287 209 118 136
271 246 31 284 346 1 70 101
194 334 338 241 175 166 47 347
319 253 180 239 350 353 341 334
358 33 377 117 72 157 95 281
284 61 109 245 150 325 313 232
249 375 171 265 128 73 386 220
139 344 278 329 263 365 127 27
17 127 52 294 76 121 118 205
272 382 14 227 246 378 36 128
354 171 194 342 304 96 232 37
306 1 17 348 104 47 278 80
369 156 177 98 114 206 101 28
37 128 76 300 275 266 225 229
276 371 319 66 22 164 265 348
285 158 316 94 202 239 226 118
31 1 104 127 146 291 354 238
336 316 174 25 52 237 326 46
280 54 42 275 379 44 29 346
195 282 111 120 325 261 171 69
307 133 369 102 373 272 391 26
187 57 364 82 66 313 125 293
213 189 171 2 278 289 269 359
381 26 386 65 80 346 377 101
260 256 21 95 67 222 155 121
62 255 158 367 213 200 365 352
52 110 298 327 64 89 159 346
179 280 141 355 20 101 309 46
11 234 394 98 275 20 86 355
225 310 380 199 228 113 62 344
29 179 64 122 353 286 76 45
380 123 24 100 232 14 325 375
271 28 169 359 318 330 192 128
330 87 302 83 55 13 392 325
199 20 259 274 336 264 93 22
369 332 235 365 149 286 290 297
9 221 347 373 27 25 48 280
356 105 380 11 248 3 35 318
10 248 188 392 213 381 184 318
185 241 318 102 243 92 197 125
48 197 70 261 35 87 160 50
5 117 254 327 396 267 231 125
368 311 340 4 57 215 87 109
93 53 137 247 57 288 4 168
173 333 35 63 253 14 200 216
69 370 108 95 334 366 124 72
398 281 17 94 148 382 272 139
180 125 4 360 112 275 105 181
24 332 155 267 98 246 302 192
302 136 47 299 132 370 122 232
255 327 205 94 205 376 45 191
327 147 280 16 367 364 187 250
232 394 389 321 362 134 171 227
341 319 221 242 38 33 297 309
312 247 239 60 125 175 373 51
302 334 139 281 158 243 241 97
149 48 312 120 108 342 375 376
53 48 31 381 109 115 321 311
4 100 334 399 44 362 255 205
32 230 7 201 391 49 357 16
25 181 350 249 209 110 282 361
291 50 94 228 337 191 235 181
89 35 292 272 1 2 229 214
69 244 290 217 16 93 286 304
57 177 142 380 112 359 157 76
138 77 273 111 25 77 205 105
47 238 360 327 148 270 158 70
86 207 246 48 321 31 84 393
144 348 112 169 370 120 166 283
128 10 383 213 381 5 368 329
383 316 2 364 142 86 306 4
283 15 346 8 371 335 367 18
100 335 396 328 110 169 239 348
189 160 322 272 359 48 61 110
129 6 330 103 215 83 105 186
315 125 277 23 334 150 87 20
365 305 218 385 269 259 206 7
106 263 33 374 13 293 283 271
268 275 72 383 38 235 283 350
63 223 177 342 89 235 260 8
308 155 178 155 87 189 397 198
255 119 243 64 343 204 97 6
345 315 372 365 356 264 336 73
399 256 229 269 188 359 302 260
81 244 28 79 179 303 371 63
35 89 98 70 254 189 73 345
95 182 358 361 56 338 225 195
114 229 169 292 257 305 62 288
299 388 336 309 138 290 23 316
367 228 389 240 58 369 138 322
343 93 70 139 299 32 340 131
128 216 181 386 61 97 218 182
298 3 86 357 259 349 211 35
234 321 356 341 274 144 155 7
137 359 301 283 53 202 242 99
50 144 129 113 75 207 315 60
8 298 375 182 214 24 126 141
173 311 23 30 398 288 54 336
284 253 321 64 157 248 388 249
48 374 261 119 145 52 234 348
10 176 185 338 349 171 160 385
80 238 231 115 263 123 162 391
280 341 155 244 395 83 400 206
145 224 41 141 327 23 349 140
251 301 245 255 382 159 33 329
106 302 298 124 213 184 39 146
215 121 340 333 57 130 400 394
254 280 181 299 182 160 238 132
193 202 36 358 273 299 201 363
259 336 329 369 128 80 77 187
398 17 194 196 204 221 10 277
14 150 210 200 182 280 307 126
260 366 316 287 223 216 352 352
276 395 76 186 399 233 333 296
232 179 255 16 111 173 216 150
154 305 38 174 334 278 198 193
301 241 231 337 272 45 270 64
181 231 76 94 122 77 397 98
43 89 274 235 151 9 305 87
362 145 90 163 391 258 350 372
388 140 172 390 203 130 76 3
253 93 143 102 170 260 390 16
47 186 50 107 79 329 124 222
245 398 343 304 8 308 35 272
48 166 114 180 105 399 384 272
133 20 47 234 119 37 336 12
285 111 233 345 221 181 227 164
340 353 51 317 154 389 156 173
234 55 115 292 305 221 179 385
117 84 66 338 56 376 20 284
156 191 222 13 9 326 29 192
302 129 24 306 133 141 51 227
89 168 246 270 76 275 110 284
324 150 66 213 373 389 328 233
182 386 329 127 285 99 210 220
283 102 349 166 224 50 255 249
214 95 163 106 161 89 55 154
298 177 326 13 104 37 246 363
240 385 50 23 94 117 218 30
21 280 361 275 115 46 200 233
233 55 370 79 345 200 264 147
208 285 341 208 391 287 388 282
100 2 65 92 294 3 365 80
178 32 150 367 135 72 22 233
329 293 219 391 188 23 279 318
46 259 57 327 378 187 140 366
26 16 334 311 13 197 163 24
42 390 251 259 84 312 18 82
206 51 278 360 353 318 382 293
59 74 265 346 26 161 149 62
266 96 33 176 155 179 357 255
326 240 80 22 337 167 386 107
129 264 299 27 48 358 212 366
224 202 141 65 126 282 294 355
394 44 386 335 295 214 121 204
30 40 237 386 247 44 223 14
250 364 83 215 322 357 81 2
68 43 77 35 352 366 89 229
213 155 138 60 185 5 296 105
281 101 138 125 333 400 258 306
80 376 308 6 95 246 61 137
80 262 113 361 277 35 181 108
209 149 207 303 250 168 27 60
127 400 15 304 364 329 385 190
156 19 375 398 63 94 160 107
140 178 369 268 55 131 178 320
231 147 234 175 322 200 216 174
10 207 148 243 108 113 165 11
101 310 229 377 360 55 18 287
15 312 53 33 78 69 24 56
382 60 308 37 40 108 137 359
127 188 66 78 212 240 23 17
100 23 132 13 197 56 139 254
97 206 118 387 146 178 95 253
222 328 163 105 85 140 228 191
233 303 79 233 60 108 286 23
225 32 398 130 124 106 227 257
107 207 298 249 361 160 31 311
241 288 321 179 144 97 291 285
174 239 148 219 350 95 209 119
307 168 249 210 133 355 50 109
149 144 378 186 174 170 241 302
77 235 181 314 146 50 61 362
86 148 218 334 111 160 282 327
67 392 31 148 122 301 112 301
22 219 127 191 39 133 27 234
266 193 326 151 258 151 41 143
362 38 311 360 154 136 160 272
152 327 135 127 128 352 246 120
183 55 127 240 349 59 262 387
65 219 158 387 89 233 97 18
354 350 69 34 293 334 363 186
363 157 201 188 66 227 250 293
144 204 276 197 375 131 283 240
122 192 356 164 191 303 60 315
101 19 314 211 184 314 179 301
259 227 317 51 389 190 325 317
40 51 389 310 157 245 224 378
108 120 352 18 187 113 98 100
172 205 352 37 124 277 192 320
361 176 154 396 292 217 400 56
199 34 393 314 249 378 223 89
319 75 90 71 373 231 171 339
286 100 238 238 217 69 186 381
372 172 202 318 309 397 273 382
374 164 202 202 273 281 110 229
109 322 234 361 391 266 143 370
260 321 139 231 6 117 377 394
61 79 197 34 80 160 338 231
141 334 111 46 93 250 55 293
187 356 360 82 150 337 342 199
261 284 209 120 43 122 149 336
316 322 289 49 158 317 90 378
195 74 96 78 182 230 352 179
324 298 28 312 205 213 265 170
186 59 183 25 290 334 182 391
216 252 279 80 199 57 288 304
97 239 181 210 19 307 35 85
174 298 14 52 82 268 366 165
219 120 309 321 176 344 324 342
298 86 351 10 98 78 126 289
158 214 342 113 126 12 231 180
289 367 6 221 381 128 206 31
303 362 387 170 176 224 152 311
57 294 369 230 328 227 27 117
83 374 235 372 60 390 4 40
6 78 381 157 247 57 210 287
239 346 265 154 72 223 344 256
78 118 182 91 368 225 383 244
135 295 300 100 391 27 114 104
293 33 25 186 392 301 400 158
114 190 207 74 384 300 46 138
368 254 20 226 35 207 82 325
99 177 289 86 327 258 153 222
133 159 244 253 7 150 98 36
145 144 158 50 209 63 64 221
296 228 293 259 25 85 44 258
351 349 242 181 84 292 113 272
239 48 356 190 157 140 158 248
3 152 12 57 115 193 376 272
318 130 31 198 169 315 293 337
258 370 344 184 52 120 386 343
314 285 99 181 209 181 334 228
17 284 146 89 13 153 253 61
313 176 44 371 43 234 277 395
245 24 329 182 194 374 196 155
383 285 23 265 76 299 345 110
307 375 89 392 152 15 102 362
353 340 323 257 328 121 53 72
191 360 382 184 148 134 64 100
229 120 362 132 245 229 7 367
16 350 279 399 59 332 29 352
335 232 43 394 280 1 267 271
105 217 368 214 259 289 12 105
261 294 131 60 373 220 271 239
144 235 342 166 31 262 137 343
11 83 62 132 162 376 304 137
282 67 70 120 246 142 225 3
311 272 362 346 196 263 187 38
316 276 316 197 107 184 130 151
156 190 387 280 111 296 381 383
107 175 183 102 101 373 24 363
130 382 103 374 217 126 2 12
316 292 291 19 136 215 208 295
139 176 370 365 71 153 40 391
260 100 189 311 26 271 359 119
334 374 82 279 221 393 364 376
215 16 338 378 302 285 107 33
384 257 83 333 192 81 267 345
140 362 383 20 27 275 216 79
325 34 211 55 295 257 17 387
310 322 209 272 68 1 27 155
306 281 78 286 101 266 237 303
140 378 308 357 352 329 242 189
364 137 18 108 400 189 42 133
321 337 71 222 35 220 264 158
9 257 59 41 332 268 261 256
75 59 358 98 290 362 284 359
302 387 311 303 207 70 381 310
127 86 46 363 146 36 186 338
127 352 274 6 222 189 285 99
354 309 76 275 136 109 160 310
113 153 250 88 61 163 243 46
296 56 397 225 282 227 154 398
9 399 92 173 386 247 316 129
72 96 318 175 364 218 181 258
397 162 243 367 177 172 4 340
53 127 108 182 2 81 398 44
369 21 159 54 81 337 362 50
150 181 324 367 179 217 291 195
11 39 379 59 117 281 105 98
382 275 211 35 3 228 80 114
175 106 340 280 98 100 63 29
67 187 119 12 135 211 2 81
67 30 296 277 174 19 184 190
90 205 251 400 325 182 358 121
251 102 84 172 142 183 291 12
392 299 205 251 224 15 90 307
236 385 116 213 326 225 315 225
242 180 90 149 143 63 26 313
348 386 117 234 156 18 286 373
253 363 303 183 246 390 163 179
47 376 309 51 117 283 168 82
126 129 41 106 377 69 242 106
138 229 385 58 357 77 184 193
297 53 149 327 271 143 197 359
51 73 293 391 2 58 313 379
52 138 64 214 125 82 264 387
286 263 46 388 337 113 153 88
101 305 296 18 182 258 264 24
193 238 170 121 310 356 53 98
159 25 136 371 48 158 147 13
48 16 246 255 391 389 297 114
328 149 174 113 65 327 36 45
336 31 158 48 9 164 388 96
373 102 279 359 125 127 378 144
199 313 208 244 96 113 17 359
235 43 337 156 217 295 386 336
41 2 88 101 274 111 317 397
111 71 103 283 170 207 247 276
380 234 4 91 227 238 375 382
133 43 247 43 5 377 248 311
388 369 176 160 121 175 74 161
148 70 63 198 239 85 273 209
246 25 57 188 41 163 308 48
127 59 186 358 205 37 160 187
248 307 350 25 375 139 258 388
317 27 198 114 261 298 240 79
350 128 41 79 297 329 177 21
145 37 49 36 203 84 256 20
317 385 26 184 36 204 397 109
273 364 262 261 308 293 300 357
267 310 75 92 396 22 212 37
370 49 115 366 53 269 370 298
317 338 396 308 71 345 355 165
329 35 358 120 323 62 269 252
294 100 295 378 250 276 311 135
10 325 314 124 323 56 300 85
222 190 140 358 297 218 61 260
156 151 238 195 58 173 364 12
55 288 53 274 138 234 65 357
67 27 253 6 382 190 312 140
168 365 82 214 97 119 273 306
115 321 69 174 307 75 63 317
261 197 318 268 84 385 202 181
194 10 292 260 45 54 237 232
180 312 198 76 200 297 152 215
326 248 101 64 99 95 47 150
185 104 104 336 354 96 281 256
242 91 71 221 266 216 371 65
73 342 112 128 6 103 122 170
396 196 70 195 213 337 164 369
218 387 76 309 249 143 360 366
313 148 14 10 202 284 242 111
320 95 265 377 290 73 144 325
93 157 318 381 159 282 23 196
49 381 51 101 20 183 30 199
335 288 161 4 23 315 177 314
353 140 311 81 100 152 336 302
307 220 246 23 393 225 334 360
149 318 355 246 313 382 179 178
29 212 200 160 105 140 170 249
291 4 356 318 262 395 356 94
52 264 198 9 44 238 243 325
287 127 38 369 192 223 95 233
203 282 300 329 296 72 213 69
47 79 118 121 269 106 258 28
232 202 102 346 16 138 220 259
87 359 258 142 322 159 298 226
224 89 147 278 218 166 296 326
220 150 135 73 228 62 196 306
312 136 303 228 284 252 275 329
228 398 193 260 247 360 109 390
85 153 342 158 138 254 76 340
307 96 189 280 80 222 321 326
75 268 359 269 265 252 47 144
14 189 201 173 278 273 46 28
65 387 206 378 190 216 9 103
187 293 114 300 348 322 17 129
234 126 280 270 318 259 8 81
111 203 292 79 39 322 358 350
205 334 33 98 255 109 184 310
237 78 29 142 222 275 267 123
221 196 120 15 276 200 294 385
300 208 89 67 228 212 30 162
32 194 41 398 116 36 351 27
289 114 294 38 334 71 89 252
363 232 289 280 242 83 208 107
128 100 64 145 179 254 108 145
67 136 61 278 101 373 199 220
62 361 293 172 261 185 130 396
173 146 73 288 65 60 320 166
161 368 305 305 204 344 41 115
190 183 4 321 12 249 345 226
237 139 353 280 251 62 238 306
58 376 10 289 265 28 398 217
55 363 116 26 88 283 110 256
232 391 168 136 318 263 171 21
149 65 388 385 55 128 389 103
315 292 187 145 369 362 240 285
395 366 17 278 190 222 226 160
185 209 128 115 38 231 263 380
127 82 326 64 306 22 32 211
231 157 340 9 146 15 79 266
85 352 176 11 376 153 332 282
235 379 212 170 26 146 68 385
354 263 173 382 340 360 341 158
151 364 285 320 371 385 179 392
220 153 377 66 219 181 6 120
19 144 396 165 178 143 266 218
7 39 322 16 131 303 93 272
243 296 190 272 61 315 36 399
56 337 20 34 65 25 391 336
236 133 368 251 263 38 368 400
181 138 381 241 266 354 96 352
66 169 335 207 39 226 315 22
371 161 122 197 338 109 327 266
172 244 72 69 161 191 256 187
37 152 375 376 335 234 327 103
237 391 120 391 170 384 174 70
130 112 177 17 165 41 254 16
139 164 28 76 87 307 305 2
319 330 6 364 139 301 88 30
395 267 225 142 158 364 343 55
96 6 34 16 115 6 212 393
306 382 308 181 34 169 59 79
298 119 131 166 149 165 221 42
373 396 146 28 250 158 12 225
83 252 22 296 132 299 305 204
201 72 232 251 201 138 294 248
271 391 87 366 277 42 28 118
290 3 259 11 262 63 375 396
163 121 83 50 31 193 205 34
7 44 337 101 261 253 282 310
21 83 57 396 181 226 47 41
395 310 61 65 92 325 286 287
137 245 115 389 172 175 112 131
196 2 5 170 94 330 400 305
357 226 144 311 187 263 13 394
56 335 358 24 369 235 203 324
157 121 189 11 53 173 130 183
170 240 173 147 155 265 350 241
182 108 198 121 95 368 94 34
32 22 312 166 240 358 181 97
102 236 233 266 79 195 60 277
47 352 290 8 372 99 205 29
17 186 18 152 218 374 89 185
75 241 393 132 382 176 308 239
109 374 318 27 228 330 132 343
43 58 219 353 115 383 102 318
46 306 220 317 4 288 232 375
227 362 259 9 86 144 368 181
169 80 70 182 124 73 147 275
327 4 143 294 157 181 175 124
4 111 331 383 276 198 354 67
285 281 349 143 350 367 49 93
3 160 24 243 159 200 2 306
26 168 56 302 253 366 194 303
124 70 201 72 66 400 351 231
340 52 350 92 142 356 399 13
83 353 268 105 68 400 360 172
158 253 173 34 88 225 357 79
157 385 157 223 248 7 87 169
237 229 32 9 208 103 370 318
240 216 106 385 291 104 348 344
232 28 117 330 233 22 66 244
80 215 175 395 363 338 323 322
115 291 346 62 265 112 210 120
98 143 122 388 181 88 264 32
114 316 202 222 22 166 352 229
28 81 184 69 134 26 217 266
268 247 260 339 308 264 167 99
370 221 84 135 226 9 131 346
228 309 19 22 135 344 310 267
394 133 190 277 255 182 66 249
80 232 326 15 166 86 122 375
392 362 209 101 257 66 276 303
85 288 376 233 293 20 206 62
257 317 250 370 158 94 358 86
329 78 40 252 250 114 385 267
59 175 327 85 379 203 325 119
126 99 129 176 24 339 367 86
26 273 340 390 252 330 254 330
12 209 18 32 38 197 101 168
356 99 287 366 135 76 333 250
311 217 151 228 327 155 353 283
397 231 181 359 321 35 208 205
355 314 156 388 386 198 383 6
58 63 386 313 14 254 324 319
327 7 96 346 379 135 92 196
225 25 275 126 52 32 342 103
38 208 302 176 23 285 37 45
166 361 102 382 8 280 18 287
214 167 133 381 395 188 8 379
287 111 280 19 110 89 279 352
301 300 49 267 285 179 273 117
336 315 197 181 284 115 335 18
110 320 318 100 32 4 125 278
318 239 394 158 198 119 202 352
271 228 139 127 347 271 298 261
47 140 246 6 82 389 164 80
68 218 84 54 386 118 35 285
279 291 3 214 229 144 265 302
100 194 101 130 362 137 183 183
172 149 176 168 51 121 87 241
307 110 13 252 296 74 259 26
354 243 42 245 386 271 187 243
133 158 344 381 321 26 2 225
174 45 29 5 247 164 321 109
96 35 275 286 138 297 51 260
214 261 359 161 230 377 184 183
106 206 154 264 121 169 258 236
270 396 260 35 133 192 219 59
134 65 348 372 34 154 332 386
59 179 17 259 361 56 103 66
106 28 309 187 169 238 287 95
371 331 77 299 278 116 59 4
139 65 98 374 373 325 87 237
10 356 66 323 18 243 162 171
286 32 160 141 346 385 225 260
278 241 368 292 161 296 91 128
87 394 204 11 94 3 234 253
347 113 1 24 250 387 272 220
349 192 114 8 4 43 272 81
14 342 69 392 399 5 193 215
83 372 129 156 98 187 191 74
373 97 166 252 312 15 314 395
160 278 389 50 238 19 228 288
196 114 100 301 120 322 279 321
151 215 283 369 172 293 141 75
49 220 57 181 133 31 166 257
206 185 288 388 49 66 293 6
96 366 229 204 19 375 259 5
138 236 225 162 34 282 363 138
390 154 83 44 216 283 237 198
64 306 363 261 148 15 364 270
377 33 208 141 73 268 143 28
53 139 299 199 316 321 307 13
141 164 234 89 170 300 103 113
238 392 78 127 16 242 303 79
392 180 269 104 161 154 306 222
159 90 129 199 19 194 252 285
366 113 119 84 82 121 109 172
351 291 17 264 76 35 7 240
84 397 228 373 4 25 324 323
145 51 187 299 223 326 142 146
256 57 162 52 41 394 293 109
188 379 44 138 129 27 237 59
358 6 350 11 265 287 269 99
387 45 97 60 343 323 321 19
155 213 100 2 247 184 328 29
188 361 39 331 343 193 87 214
37 23 113 339 345 358 181 293
156 256 395 223 340 68 301 170
136 60 355 262 307 330 287 276
184 100 299 83 165 157 383 185
138 22 247 229 155 101 132 83
276 133 338 255 45 254 154 61
95 6 297 248 166 248 241 330
295 293 334 316 147 120 315 158
269 141 262 105 312 389 258 147
100 147 124 371 331 155 224 197
247 252 12 128 279 203 325 102
2 290 105 76 219 57 309 252
325 116 120 279 40 172 295 270
36 35 242 242 246 386 215 282
73 229 134 22 207 202 277 50
208 277 389 93 242 360 20 90
362 337 228 214 338 84 379 171
379 59 157 293 309 11 136 324
269 361 46 337 85 397 296 324
138 198 8 149 163 61 336 33
325 30 145 127 111 197 343 276
386 213 19 132 384 271 121 234
394 337 348 170 258 285 182 117
312 59 172 381 227 209 176 9
350 242 313 58 38 165 321 175
305 217 126 23 273 149 243 262
328 68 87 233 206 208 134 157
369 94 103 12 93 28 30 186
364 22 19 31 240 318 211 166
303 285 293 150 349 341 303 190
144 298 329 326 288 289 386 307
142 198 339 220 23 116 49 299
184 273 135 86 212 200 275 47
308 59 15 248 367 24 35 75
106 331 185 137 1 21 33 337
54 396 103 99 185 291 81 53
218 299 349 391 187 297 379 386
73 378 38 38 380 149 9 4
397 400 351 73 184 118 204 349
18 39 394 298 61 176 247 225
265 28 29 57 141 75 17 25
374 307 257 232 223 180 87 307
98 32 3 191 350 299 361 384
106 239 134 153 232 307 25 293
45 285 95 325 257 246 319 202
306 141 280 358 366 94 71 78
272 148 301 307 250 364 65 386
309 205 258 88 292 101 32 105
208 357 347 83 159 128 108 367
230 368 67 296 321 10 256 255
16 131 22 253 245 290 140 266
315 40 246 174 9 349 212 247
87 157 202 107 177 323 112 30
57 4 58 149 209 192 138 236
42 293 388 181 71 100 115 178
133 8 266 309 255 388 14 5
12 28 258 292 348 374 322 112
292 162 245 38 326 153 381 397
357 274 240 162 135 395 76 304
363 101 198 307 77 368 148 173
135 138 396 88 219 274 60 364
399 81 300 340 103 12 177 380
25 307 99 158 285 317 16 301
260 40 306 337 363 283 255 277
32 319 113 61 340 286 117 348
161 330 375 212 317 337 286 64
367 255 3 111 178 292 56 129
41 8 71 151 210 173 216 214
366 68 87 236 207 226 181 22
354 4 110 337 383 304 300 64
127 142 74 254 46 120 251 84
241 13 283 156 154 284 102 151
329 368 280 253 85 214 5 51
347 327 90 50 358 2 211 133
208 121 78 370 56 15 352 397
293 160 23 282 170 114 320 226
170 171 202 7 350 323 75 267
196 251 49 270 106 334 75 359
203 71 201 133 121 67 113 70
381 184 84 375 11 134 112 45
25 221 279 212 81 96 176 342
84 25 172 270 98 76 380 301
328 400 210 365 329 11 85 341
48 46 72 300 132 65 381 385
157 191 118 202 70 294 92 347
116 56 292 378 310 53 383 353
190 45 320 179 335 64 52 19
294 232 45 113 302 234 31 326
351 313 111 66 279 283 40 260
188 80 256 74 64 400 234 313
53 4 397 271 339 281 262 248
281 96 9 286 256 281 366 84
150 17 361 276 377 313 266 359
386 330 295 390 117 230 55 350
342 336 288 25 318 334 162 107
254 349 86 10 211 359 322 210
123 225 126 360 343 312 188 29
289 365 355 213 272 365 396 200
233 294 289 345 120 103 35 118
288 264 315 367 319 298 163 362
293 256 341 197 327 46 116 286
63 305 267 80 134 79 275 271
197 96 344 86 296 317 158 63
244 344 80 355 107 141 393 98
77 391 294 389 289 133 332 321
101 334 38 319 18 115 306 139
195 117 381 26 279 311 44 303
245 85 284 159 112 5 108 179
379 268 154 286 94 101 42 192
186 29 398 42 314 2 339 19
42 62 8 27 236 238 101 398
201 312 345 250 309 124 340 5
262 26 135 329 118 52 360 193
23 261 154 313 150 275 189 160
51 65 354 337 80 88 209 307
280 344 30 190 179 41 186 143
247 294 6 78 304 204 61 189
211 31 98 83 63 350 232 282
118 56 257 262 59 336 41 168
76 29 387 321 49 308 308 299
277 330 15 244 277 52 353 284
103 2 270 225 365 220 315 41
298 155 174 289 100 363 3 115
170 207 48 109 280 358 299 79
89 189 27 260 396 69 108 246
378 294 359 332 39 356 384 197
7 81 210 393 67 67 104 221
204 119 126 104 80 70 56 228
74 119 320 279 366 38 166 50
373 259 35 345 310 142 46 213
183 178 387 135 2 319 81 62
42 396 83 378 224 396 369 162
81 97 392 3 195 255 199 73
112 146 219 163 177 370 78 386
351 22 75 67 182 71 373 350
140 262 264 221 368 273 32 128
86 226 185 193 34 328 343 164
114 26 247 337 81 249 86 20
234 213 224 53 330 19 347 132
41 142 229 311 137 44 332 216
384 274 61 24 307 74 334 105
52 35 272 202 302 394 111 19
237 216 172 116 340 172 109 330
217 283 323 178 99 197 60 80
295 234 394 98 47 124 277 16
157 38 92 151 127 302 225 359
131 391 102 298 380 250 258 230
293 197 168 372 230 37 106 49
69 129 378 229 158 118 34 355
86 394 325 192 284 11 100 184
370 120 309 157 59 179 226 257
21 325 206 230 8 306 221 19
271 175 52 122 87 145 174 312
118 87 1 157 143 107 305 141
2 21 147 310 328 337 149 338
176 66 28 207 260 231 61 222
96 284 304 169 355 68 130 152
22 134 170 294 45 22 110 383
268 69 343 220 45 11 355 339
223 148 169 281 80 345 242 361
62 97 374 346 122 295 196 107
94 110 359 338 177 226 149 198
296 1 377 313 239 234 276 26
217 164 319 346 4 98 148 174
209 149 382 148 355 115 206 281
117 87 47 314 192 41 156 74
205 16 145 292 216 245 208 305
39 329 213 219 314 345 299 339
34 337 64 160 198 127 86 10
100 298 396 230 293 99 397 338
372 74 55 116 288 68 111 14
160 59 371 36 391 359 207 65
297 316 4 119 332 339 230 37
242 334 149 14 214 6 303 24
100 231 3 66 143 335 281 297
173 227 160 285 229 18 120 336
141 206 338 79 349 8 101 307
200 187 98 282 171 252 106 162
246 336 30 374 140 191 342 236
166 103 230 141 60 116 255 135
102 223 114 384 144 133 155 236
189 105 283 369 381 332 133 89
226 268 126 327 79 123 255 78
178 386 380 366 260 293 186 352
78 8 333 196 158 258 383 40
378 1 296 396 308 127 282 245
79 68 364 63 337 299 42 278
378 233 27 374 308 395 227 209
218 64 41 97 366 8 11 143
262 314 241 372 151 188 112 205
69 398 1 340 362 232 193 189
21 198 329 334 324 16 288 3
133 255 368 256 89 13 326 233
362 13 206 222 319 315 383 283
318 260 339 271 209 377 330 107
124 64 303 366 173 364 379 30
53 78 392 329 86 124 184 237
254 192 264 197 227 388 287 261
367 142 300 88 143 134 175 392
22 207 341 77 391 53 106 57
370 84 43 388 126 394 106 388
169 78 197 96 332 160 216 324
291 162 386 375 267 152 246 43
380 332 356 197 153 245 311 222
197 89 95 297 249 193 242 118
68 220 142 6 98 134 227 128
144 234 15 3 94 54 297 29
117 206 338 268 76 180 233 131
374 374 110 303 302 200 313 363
230 68 284 368 396 255 6 97
110 333 185 198 239 376 111 23
42 189 265 395 87 376 343 193
60 242 95 240 342 375 135 298
296 29 53 374 370 177 42 158
166 196 282 134 199 199 240 63
291 306 191 362 83 395 347 256
144 293 105 162 232 119 325 333
161 239 99 272 142 38 24 145
207 54 169 12 206 345 164 29
87 4 190 209 135 212 12 136
201 24 182 110 141 15 265 378
378 131 285 294 133 118 102 224
291 331 94 80 331 57 99 235
79 331 252 295 60 12 210 385
32 289 13 75 348 87 301 218
91 63 58 159 114 71 62 100
