5 149 28
35 34 6 4 68
59 40 99 77 82
98 77 18 31 44
1 37 24 54 96
42 65 35 88 67
62 34 78 14 16
84 12 3 98 52
63 28 17 79 82
30 70 52 24 14
66 39 91 12 82
88 62 7 73 11
64 53 42 69 45
11 70 78 100 88
97 32 26 66 12
38 82 98 47 70
5 2 48 48 48
96 100 73 44 92
48 63 57 100 3
37 14 12 62 85
16 9 100 72 72
2 75 13 34 32
50 38 4 93 24
87 88 64 73 69
17 99 12 10 91
31 33 2 44 91
48 97 45 30 37
34 6 14 85 56
83 29 13 38 56
31 58 20 34 68
1 7 78 24 71
98 61 15 16 35
20 58 68 24 50
27 74 51 20 16
76 66 76 63 74
91 94 21 30 3
50 40 80 89 50
89 47 89 3 66
72 42 49 80 42
65 65 21 5 59
65 43 23 68 74
88 63 89 1 93
100 7 10 57 74
17 14 48 75 32
98 75 81 97 64
54 6 67 66 43
28 29 18 96 21
70 72 68 82 55
22 78 80 25 91
6 43 100 41 12
7 95 62 79 27
45 53 70 44 67
34 5 2 39 10
2 48 36 11 77
94 91 92 93 62
73 48 88 48 14
24 90 11 2 22
92 91 70 63 82
24 89 29 27 54
63 65 13 27 46
35 37 31 95 36
24 22 15 39 77
15 6 83 85 71
93 43 40 51 87
63 38 98 41 78
10 78 86 65 18
2 35 99 11 88
68 1 82 85 3
32 99 69 58 93
93 51 63 100 63
56 54 16 77 95
18 54 97 29 24
80 23 93 93 64
12 95 86 96 39
89 76 4 54 35
24 87 42 67 61
6 39 15 93 39
39 97 38 68 81
67 32 70 39 76
58 61 59 11 56
85 64 91 28 35
84 67 25 56 85
15 87 17 66 6
1 7 52 1 67
41 25 12 36 56
31 4 95 3 52
64 60 19 52 28
69 16 47 23 89
13 37 7 97 28
48 71 6 53 81
52 62 65 77 52
94 14 97 79 47
69 35 78 44 11
59 18 64 76 47
89 44 65 75 40
63 7 67 84 75
69 9 44 31 39
61 43 71 43 60
22 52 16 65 45
61 64 74 67 65
86 26 87 53 73
69 88 80 100 85
87 14 34 88 23
34 39 78 69 35
36 72 2 96 43
9 22 67 3 40
58 75 91 10 100
90 56 21 80 29
56 10 87 29 20
63 12 86 46 75
51 54 40 82 1
84 19 12 63 86
11 33 90 87 42
70 79 21 91 59
89 42 34 24 51
29 89 37 18 88
84 77 35 36 60
97 53 12 24 64
89 13 97 90 81
46 32 83 42 23
14 37 5 39 64
25 21 94 26 78
35 60 80 18 74
56 27 85 72 92
9 67 89 81 25
10 94 46 29 44
72 8 16 73 70
28 54 52 32 40
10 82 34 78 39
16 17 27 26 15
56 24 67 1 13
55 82 49 77 39
40 21 49 55 10
79 71 100 49 58
20 54 39 6 3
34 73 63 10 65
37 78 52 59 65
56 15 40 49 63
26 63 10 31 21
18 71 29 11 69
37 74 17 58 5
1 78 75 96 93
99 58 91 26 19
70 44 2 77 11
29 69 53 72 30
64 100 47 28 25
12 33 45 40 91
42 89 80 47 67
39 92 30 58 48
11 39 85 51 87
