8 26 5
8 16 10 19 4 4 20 15
20 1 14 15 9 2 4 19
3 8 8 2 13 19 16 11
13 17 1 16 3 12 14 10
19 18 18 6 4 15 12 2
2 3 12 10 6 16 2 17
17 18 19 3 2 9 17 9
12 11 4 11 19 19 14 20
14 5 18 3 1 11 5 13
3 19 9 18 19 14 3 5
14 4 14 14 16 20 16 18
17 3 5 10 10 5 2 11
12 16 19 2 3 11 20 10
6 1 8 15 18 10 11 1
8 9 15 20 8 4 1 19
20 9 13 18 12 13 9 20
15 14 1 8 6 5 12 8
19 16 10 19 1 12 15 8
14 14 20 4 13 13 11 2
9 20 11 17 1 4 12 6
6 16 11 8 2 11 14 8
10 17 11 4 2 14 19 19
4 12 5 6 6 19 7 18
16 17 12 1 17 2 6 1
1 18 10 15 3 18 2 8
7 17 18 2 15 2 6 20
