10 398 30
11 71 98 4 27 38 91 8 96 48
96 90 24 80 76 61 59 20 24 75
55 79 96 52 87 70 11 71 77 21
70 37 37 13 27 70 75 5 93 28
56 6 44 91 51 51 83 46 71 73
24 20 71 74 10 27 34 17 97 43
12 17 6 46 37 25 55 59 8 26
81 45 15 15 10 57 49 34 30 42
48 60 57 91 84 91 63 90 32 29
14 25 52 81 83 78 30 68 15 87
100 6 73 77 38 66 9 40 52 93
86 68 63 63 3 6 12 46 7 18
81 37 71 84 15 32 25 24 36 77
2 66 6 30 18 22 55 24 75 25
6 44 95 20 50 31 71 72 50 39
29 94 45 72 64 48 11 84 91 53
39 55 34 5 98 13 79 24 100 21
36 18 9 22 40 7 11 20 21 94
78 22 30 19 88 33 84 73 59 31
89 12 59 5 83 71 96 18 90 1
67 25 45 26 4 84 78 12 44 54
72 71 24 70 81 68 6 93 12 80
26 54 28 25 76 72 50 93 4 92
59 87 86 44 78 78 87 6 9 35
19 25 37 63 32 8 59 29 59 56
84 49 2 25 60 96 42 32 23 62
38 8 3 26 51 49 30 72 66 16
36 85 31 32 47 58 62 16 19 2
11 2 27 18 86 96 44 6 69 37
81 98 2 86 14 4 56 89 62 95
69 62 71 81 79 72 31 73 91 94
22 64 19 43 93 25 94 79 81 14
38 35 28 81 77 38 19 23 92 44
85 64 68 47 3 55 25 85 69 87
5 62 99 70 41 26 59 69 26 65
42 92 95 49 94 88 61 23 91 94
51 66 72 58 55 25 92 51 64 75
68 72 81 23 95 20 2 9 93 7
30 71 44 89 17 36 61 54 3 27
41 6 89 75 51 81 34 70 5 90
24 86 25 29 8 71 58 95 59 78
14 93 34 65 7 64 49 24 5 43
68 16 90 58 30 94 73 69 61 11
51 40 65 29 59 53 88 16 43 82
66 26 7 9 87 67 26 57 66 45
27 52 30 79 98 66 94 21 14 19
72 95 13 75 11 53 50 37 43 59
15 49 45 80 44 67 47 53 38 85
75 31 82 100 55 24 28 50 69 50
44 54 88 56 12 53 22 78 100 63
7 15 77 45 15 10 15 70 27 14
86 75 86 53 51 35 49 47 92 15
7 82 84 26 7 48 16 41 19 60
35 13 34 26 6 93 27 14 47 18
52 31 86 67 2 85 74 38 74 59
3 72 60 52 85 84 50 44 24 51
92 55 71 62 87 78 89 93 3 65
78 39 64 40 100 46 30 69 78 12
5 65 17 13 13 38 84 67 14 4
84 8 94 59 49 79 85 53 19 62
22 71 13 22 53 25 22 7 40 86
48 57 30 17 97 43 80 78 44 47
82 76 81 11 82 3 100 63 58 45
28 91 68 76 39 17 93 26 28 90
35 83 63 38 88 23 80 73 79 54
19 89 17 92 75 40 70 20 14 6
53 6 91 16 57 96 9 71 38 70
95 15 83 50 56 41 37 75 78 31
20 48 85 84 33 3 65 56 47 50
68 29 66 6 21 85 1 78 58 57
59 3 47 47 20 73 51 89 12 88
6 22 21 44 11 88 25 50 60 58
62 33 100 78 77 67 73 27 12 47
87 77 76 23 7 93 10 77 63 23
1 96 92 25 24 100 57 50 36 25
8 94 98 12 70 35 78 35 44 77
70 23 79 26 56 83 47 6 21 94
64 21 37 49 1 36 75 6 70 81
60 40 95 93 34 1 98 36 13 36
69 52 51 70 83 65 21 55 9 17
50 52 19 18 38 88 73 60 49 60
91 17 40 95 20 54 88 82 54 80
75 55 61 46 32 48 31 45 66 98
75 2 59 23 80 10 37 73 23 44
58 24 83 94 100 5 85 29 3 76
41 63 2 27 68 97 87 24 50 46
11 21 69 49 77 74 58 58 50 15
4 52 5 99 35 41 80 12 67 43
59 7 13 41 51 42 17 57 25 36
56 44 84 93 88 91 1 50 22 81
74 48 79 57 68 24 91 45 68 70
85 34 100 98 19 99 31 6 4 20
51 54 91 12 66 28 71 71 21 59
31 27 23 22 17 41 18 41 54 27
37 60 64 85 2 15 62 80 24 84
38 60 3 23 48 45 87 98 63 77
67 85 34 41 91 42 61 35 27 24
16 97 73 45 67 25 41 88 70 28
72 24 99 61 87 86 22 40 24 29
84 78 61 8 71 58 24 68 28 44
32 90 62 97 45 75 71 24 57 86
29 76 57 58 38 85 6 61 87 15
37 96 93 17 61 51 73 46 48 43
10 22 67 55 100 63 6 88 55 1
90 49 49 23 49 9 20 42 27 30
47 56 71 30 91 50 90 4 61 34
5 1 70 64 69 39 93 25 54 41
73 84 81 17 94 57 31 19 13 15
20 18 63 7 48 48 53 45 36 25
14 41 21 88 81 78 70 97 30 41
7 10 18 82 64 1 57 35 34 14
92 5 16 81 87 38 78 86 28 83
18 79 69 19 3 13 90 53 7 91
59 99 95 91 96 10 12 50 86 36
76 75 5 83 51 15 90 19 15 67
72 19 26 97 17 81 39 96 18 84
6 15 15 45 68 36 47 32 94 17
52 36 52 70 45 37 53 84 41 78
65 1 80 90 43 17 11 98 1 17
56 47 37 70 26 57 21 44 90 57
76 52 51 39 74 50 44 68 54 19
59 5 83 18 56 43 85 77 90 6
77 3 9 31 26 24 9 7 97 8
14 4 28 15 5 46 6 57 5 14
82 61 29 18 5 99 45 2 73 19
19 69 35 40 85 67 3 16 8 57
94 68 51 69 81 32 19 48 56 17
41 1 33 82 50 32 15 80 67 3
85 88 90 76 27 62 31 31 62 88
54 5 87 20 39 97 66 1 100 2
52 43 39 93 67 94 19 88 48 17
45 63 70 99 14 82 89 26 72 80
97 18 4 70 68 80 93 39 81 87
70 22 2 67 92 1 45 41 56 53
54 86 80 73 8 39 28 32 69 75
39 45 99 55 37 5 77 47 31 95
89 62 45 22 31 76 68 13 89 74
100 27 100 78 79 38 12 27 59 36
100 39 68 6 60 83 94 53 6 47
14 74 18 30 98 42 77 8 42 29
25 78 20 34 67 78 55 72 92 89
60 64 28 64 41 83 4 90 34 86
27 50 9 98 96 3 93 81 98 89
94 30 43 46 71 31 49 86 32 5
26 51 6 48 18 56 8 81 87 99
79 8 60 21 25 34 83 56 17 35
96 96 18 3 65 31 70 29 95 90
37 41 56 45 30 14 15 33 29 75
29 39 34 80 10 3 45 91 3 43
15 28 24 97 39 84 9 68 52 9
97 30 38 94 24 37 56 16 14 3
5 90 18 75 37 61 95 34 26 27
48 46 90 13 87 40 32 86 33 20
82 5 68 1 49 30 36 66 95 6
22 64 44 29 6 36 76 67 84 100
63 41 74 54 99 68 36 65 38 100
52 54 80 19 66 48 83 52 34 71
55 58 69 94 93 4 14 29 34 15
62 6 61 45 69 58 61 72 34 95
12 62 85 43 53 47 33 7 35 81
21 61 65 46 94 63 41 7 88 61
84 12 59 48 100 64 58 88 49 90
35 43 12 84 50 95 37 75 91 62
35 76 33 16 9 5 20 57 19 7
81 71 53 62 25 6 31 65 23 42
95 56 34 37 70 59 94 54 57 89
50 89 55 13 10 20 31 28 89 17
96 87 42 76 30 62 58 44 47 29
54 53 54 61 79 29 96 58 33 35
61 1 28 11 76 77 84 24 97 74
88 2 51 3 81 24 91 39 36 81
47 10 65 25 70 94 34 54 35 30
47 56 57 49 99 78 18 98 23 85
34 59 53 94 33 28 16 99 71 13
22 58 40 50 10 66 49 38 75 6
45 98 48 3 39 39 14 84 76 19
95 28 56 63 4 91 38 77 89 93
63 1 28 35 73 92 3 88 16 33
98 23 86 70 16 33 62 30 9 18
50 57 64 15 67 95 77 46 61 10
14 61 82 13 78 88 35 97 26 34
58 87 11 38 62 26 60 74 4 51
36 52 86 14 62 78 33 90 57 35
10 32 98 32 33 56 16 85 90 100
26 57 13 33 6 99 84 95 22 22
33 17 59 41 29 97 86 51 39 13
74 14 66 25 85 74 15 27 98 41
73 85 83 9 49 98 60 10 100 48
11 8 42 12 30 34 6 26 98 40
64 54 45 63 85 20 14 19 17 24
32 98 29 45 40 14 55 7 59 90
71 69 4 5 15 76 45 96 47 2
91 19 73 35 34 13 95 54 95 71
14 2 74 78 41 51 11 64 79 74
44 84 97 55 3 17 91 82 84 41
88 68 94 66 97 72 22 17 30 77
67 6 11 46 28 58 2 51 71 86
24 49 68 53 13 77 82 20 35 61
43 41 78 12 65 26 14 72 35 15
1 20 66 67 100 34 82 37 11 41
97 49 19 36 69 79 4 19 11 94
35 6 34 90 69 3 98 18 100 6
55 63 26 24 97 67 32 76 37 1
41 94 27 21 47 5 33 62 53 14
96 87 1 71 18 95 52 16 80 64
52 77 73 73 93 3 62 58 80 72
79 16 71 93 2 6 21 86 59 92
25 33 36 50 8 74 37 55 96 43
34 18 58 10 64 76 4 59 62 92
11 20 41 75 58 66 94 80 72 70
98 7 19 96 66 72 78 27 49 19
76 17 18 41 29 95 54 90 96 32
33 60 78 46 40 22 62 22 75 86
57 78 84 4 80 68 20 77 64 32
60 23 73 84 83 97 2 48 50 85
16 73 40 88 28 2 7 85 86 76
82 42 60 57 32 63 24 56 65 61
41 27 96 58 11 3 17 50 36 15
8 17 49 82 81 70 98 2 21 48
39 29 17 62 84 83 70 84 74 80
97 19 6 40 59 2 85 75 72 3
16 70 32 100 26 99 22 75 16 92
16 46 36 83 14 3 58 61 46 55
94 40 80 89 82 25 39 13 99 46
64 98 49 12 10 61 45 81 57 3
33 7 67 36 38 96 7 21 69 53
20 79 26 77 78 5 18 4 71 76
30 43 77 73 68 42 78 83 50 91
84 61 90 80 69 26 40 96 30 75
62 58 4 53 43 14 51 76 81 56
7 27 66 67 27 9 29 78 20 71
22 73 30 91 54 6 100 12 83 93
14 99 36 61 58 21 4 84 60 78
36 22 83 22 30 68 63 54 75 78
72 13 21 83 86 3 13 73 51 10
79 73 55 23 84 80 22 83 67 61
31 22 99 37 79 1 55 4 27 59
47 54 82 53 74 86 46 46 17 30
62 19 47 35 16 84 53 58 89 59
64 71 89 62 13 33 31 91 16 47
36 14 4 81 51 18 54 29 69 72
68 23 25 65 48 56 27 90 20 3
97 20 40 46 59 16 11 70 51 9
94 11 67 41 31 63 57 26 40 33
43 68 62 27 12 18 17 91 47 80
45 48 3 92 75 96 63 5 84 33
3 23 9 26 94 69 3 64 65 43
49 65 92 92 52 7 44 75 63 4
4 4 83 24 44 21 60 47 23 89
13 73 99 21 24 28 31 94 53 13
20 58 77 5 4 38 82 61 23 15
33 75 90 76 47 19 38 36 24 35
93 64 1 99 36 75 7 67 48 51
41 29 84 47 23 9 99 3 15 44
38 8 52 93 93 81 4 54 59 25
38 34 95 29 13 81 56 12 4 73
55 78 10 96 99 38 27 46 29 87
12 44 22 72 15 25 42 75 47 8
54 23 47 6 12 86 100 53 84 81
64 86 91 13 32 91 92 10 38 31
15 94 20 74 25 48 63 16 19 82
59 89 90 55 2 86 95 5 7 79
97 82 46 88 27 1 73 53 70 100
80 21 71 96 12 9 81 96 72 88
17 29 49 34 85 2 64 55 30 95
34 77 85 67 80 9 69 54 14 82
91 60 48 50 14 4 15 53 4 64
61 11 21 17 81 74 2 90 33 36
64 100 40 33 54 44 74 24 84 88
2 74 94 66 11 36 61 63 86 3
92 16 23 33 17 47 10 1 89 3
80 1 45 35 38 95 59 36 73 18
8 22 35 18 67 42 49 3 58 89
33 86 92 39 25 76 23 52 81 3
42 15 22 31 21 18 3 65 3 93
33 54 9 46 5 1 46 3 76 21
51 2 59 90 31 38 8 42 21 11
97 29 73 12 46 52 4 35 64 49
8 45 45 8 87 86 61 68 87 51
23 40 86 90 20 95 87 73 19 15
97 99 87 22 42 40 49 2 38 43
9 74 9 77 13 32 75 35 75 26
22 68 52 88 9 44 70 82 55 24
15 85 30 95 34 23 25 93 66 65
36 70 49 1 22 97 79 59 35 61
42 11 3 63 4 99 95 61 10 55
75 87 92 22 35 84 47 94 14 88
42 68 72 79 84 13 15 60 92 96
64 95 18 87 63 28 94 27 52 5
75 12 39 81 17 77 58 86 25 34
18 60 60 15 55 36 75 26 4 47
11 67 26 47 81 47 84 74 75 99
56 44 83 51 19 80 71 7 10 57
89 64 91 99 13 90 26 43 6 48
85 23 98 69 50 87 97 78 31 35
10 88 47 82 14 27 7 38 69 19
3 89 23 2 74 47 33 22 23 73
48 84 6 70 57 45 26 60 58 28
49 29 100 9 97 26 37 92 71 36
72 93 13 77 94 27 20 65 91 18
88 70 2 65 63 92 37 19 48 82
49 6 68 61 56 94 78 22 44 91
68 1 43 93 48 55 67 11 67 69
36 94 55 46 19 20 1 83 22 24
43 36 41 51 66 23 63 47 94 16
86 31 64 55 91 24 84 25 57 27
65 27 87 83 30 80 48 99 46 86
71 71 98 8 35 95 1 58 77 57
13 57 71 17 12 32 27 69 25 91
77 34 84 58 73 56 80 94 25 24
76 96 53 16 71 56 83 99 51 32
29 51 71 100 97 43 13 89 8 25
80 95 58 60 74 40 62 33 40 42
41 3 13 98 75 60 17 5 96 86
75 63 60 6 68 35 86 35 49 38
62 30 83 84 25 89 34 31 65 46
44 81 48 42 99 28 54 50 24 87
47 40 77 20 81 72 5 88 82 49
18 7 56 70 7 69 26 70 12 80
62 68 23 7 56 75 24 9 9 42
76 34 59 37 80 95 81 83 12 20
26 95 2 80 35 9 53 3 64 14
4 19 46 54 77 15 94 65 26 51
41 72 93 14 85 54 58 64 51 47
23 67 9 87 63 92 46 53 23 74
72 90 58 35 49 69 2 43 53 69
60 16 18 21 59 66 65 91 30 90
96 50 96 61 17 60 80 100 50 56
51 38 1 29 34 70 6 56 26 25
46 38 93 53 83 80 58 67 98 42
32 59 56 26 97 78 23 47 81 12
10 50 68 22 28 27 44 82 66 35
13 70 44 52 47 66 25 86 38 61
4 69 17 37 14 18 53 89 29 43
74 24 99 73 41 24 88 4 12 84
80 6 88 54 41 88 89 75 99 85
47 64 100 87 83 49 26 15 23 8
91 68 87 52 61 83 32 10 38 45
50 44 9 46 45 56 89 45 67 56
74 7 97 27 54 80 83 2 26 48
33 17 89 74 92 95 51 43 40 17
29 93 46 77 89 78 9 94 66 55
49 4 21 20 37 40 93 21 13 62
47 97 42 32 93 6 81 11 30 98
57 17 67 57 41 93 59 2 37 86
33 78 15 32 57 7 41 57 38 49
22 75 4 51 6 43 34 3 58 6
65 67 79 53 13 67 57 14 67 63
51 57 52 67 61 44 70 28 55 75
29 60 40 11 15 76 13 41 30 34
79 41 97 18 98 71 25 21 100 21
6 84 9 31 3 5 36 92 87 55
21 58 32 83 13 24 40 87 19 17
21 26 80 63 9 95 6 21 79 79
52 10 4 33 97 4 90 68 30 52
44 5 81 6 38 5 99 22 80 73
12 4 13 39 82 10 58 19 95 52
10 87 87 69 33 23 1 7 76 29
24 15 19 40 74 22 61 74 80 67
43 68 76 2 91 57 51 64 7 93
21 56 11 63 87 66 67 13 8 10
45 19 43 98 29 99 7 79 6 3
10 74 76 87 64 47 74 61 72 34
61 62 41 57 34 15 86 60 97 3
33 51 10 67 93 65 33 67 86 89
68 63 67 10 35 86 26 78 99 26
78 48 32 80 73 82 50 77 67 28
13 74 62 3 39 27 68 4 60 6
46 64 100 54 6 96 50 38 79 41
29 88 83 50 71 85 6 97 59 83
94 34 47 53 78 13 87 85 38 23
53 23 59 20 77 41 35 72 59 22
4 46 18 80 85 76 39 89 93 68
82 56 15 30 8 76 93 27 71 52
61 77 22 39 25 77 68 43 74 97
70 30 15 42 10 61 31 41 67 50
16 100 99 53 58 83 76 23 23 63
98 37 72 84 55 49 80 22 96 48
27 21 36 67 94 17 6 19 49 54
32 70 29 100 13 21 3 87 74 55
12 43 29 7 58 38 82 61 56 16
78 100 14 74 16 48 16 58 98 34
82 75 13 65 78 46 49 4 10 48
63 11 72 21 87 58 89 28 100 95
85 87 86 8 3 45 75 1 28 91
1 87 24 80 99 25 13 84 94 74
87 31 14 72 16 25 49 15 48 26
24 84 31 99 15 75 78 38 89 95
40 78 56 81 18 69 22 88 49 32
89 32 62 52 36 64 50 21 83 65
35 87 31 35 27 56 86 65 39 13
69 49 59 16 94 17 88 93 49 69
30 8 34 37 7 79 49 29 51 72
48 88 34 60 16 4 31 93 10 35
3 50 4 23 29 73 68 90 74 58
93 29 68 36 16 13 15 35 8 83
92 81 61 92 73 74 41 24 8 19
56 8 64 12 89 57 54 89 58 88
