1996 11 15 10 0 0
1997 11 15 9 59 59
1 year

1996 11 15 10 0 0
1998 1 1 0 0 0
1 year

1996 1 1 0 0 0
2000 1 1 0 0 0
2 year

1996 11 15 10 0 0
1998 12 31 23 59 59
1 year

1996 11 15 10 0 0
1997 11 15 9 59 59
1 month

1996 5 15 10 0 0
1997 10 15 9 59 59
1 month

1996 11 1 0 0 0
1998 1 1 0 0 0
1 month

1996 11 15 10 0 0
1998 12 31 23 59 59
1 month

1997 1 1 0 0 0
1997 2 1 0 0 0
1 day

1996 1 1 0 0 0
1997 1 1 0 0 0
1 day

1996 12 31 23 59 59
1997 1 1 0 0 0
1 day

1996 12 31 20 59 59
1997 1 1 0 0 0
1 hour

1996 12 31 20 59 59
1997 1 1 7 1 0
3 hour

1996 12 31 20 59 59
1997 1 1 0 0 0
1 minute

1996 12 31 20 59 59
1997 1 1 7 1 0
60 minute

1996 12 31 23 59 59
1997 1 1 0 0 0
1 second

1996 12 31 23 59 59
1997 1 1 0 1 0
1 second

1999 2 28 23 59 59
1999 3 1 0 0 0
1 second

2000 2 28 23 59 59
2000 3 1 0 0 0
3600 second

1996 11 15 10 0 0
1997 11 15 9 59 59
1 year

1996 11 21 10 0 0
1997 11 15 10 0 0
1 month

1996 11 21 10 0 0
1997 10 15 10 0 0
1 month

1996 1 1 0 0 0
1997 12 31 23 59 59
1 year

1996 1 1 0 0 0
1997 12 31 23 59 59
1 month

1996 1 1 0 0 0
1997 12 31 23 59 59
1 day

1996 1 1 0 0 0
1997 12 31 23 59 59
1 hour

1996 1 1 0 0 0
1997 12 31 23 59 59
1 minute

1996 1 1 0 0 0
1997 12 31 23 59 59
1 second

1974 1 23 12 22 35
1997 11 15 15 0 0
1 year

1974 1 23 12 22 35
1997 11 15 15 0 0
12 month

1974 1 23 12 22 35
1997 11 15 15 0 0
1 month

1974 1 23 12 22 35
1997 11 15 15 0 0
1 day

1974 1 23 12 22 35
1997 11 15 15 0 0
1 hour

1974 1 23 12 22 35
1997 11 15 15 0 0
1 minute

1974 1 23 12 22 35
1997 11 15 15 0 0
1 second

1992 2 28 23 59 59
1993 3 1 0 0 0
1 day

1992 2 28 23 59 59
1993 3 1 0 0 0
1 second

1996 2 29 1 2 3
1996 3 1 1 2 3
1 minute

