5
1 2 3 4 5
5 4 3 2 1
1 5 3 4 2
4 3 5 2 1
4 1 5 3 2
2 3 5 4 1
3 5 2 4 1
1 5 4 3 2
4 5 1 3 2
5 3 4 2 1
5 4 1 2 3
4 5 1 2 3
2 3 5 4 1
4 3 5 2 1
1 5 4 3 2
3 1 4 5 2
2 5 1 3 4
3 2 4 1 5
1 5 2 4 3
0
50
1 2 3 4 5 6 7 8 9 10 11 12 13 14 15 16 17 18 19 20 21 22 23 24 25 26 27 28 29 30 31 32 33 34 35 36 37 38 39 40 41 42 43 44 45 46 47 48 49 50
50 49 48 47 46 45 44 43 42 41 40 39 38 37 36 35 34 33 32 31 30 29 28 27 26 25 24 23 22 21 20 19 18 17 16 15 14 13 12 11 10 9 8 7 6 5 4 3 2 1
11 6 20 49 15 24 48 14 3 9 45 47 17 43 44 26 22 2 37 16 8 5 25 18 40 30 41 38 10 21 33 29 12 7 39 50 19 4 42 46 32 13 36 23 28 35 31 34 1 27
20 21 13 28 45 30 32 26 11 23 2 36 17 16 19 47 4 41 29 38 18 14 22 31 6 37 35 3 46 10 40 42 25 33 9 50 12 49 24 5 43 1 39 7 48 15 44 34 27 8
20 15 19 30 37 18 24 48 36 39 21 31 9 28 44 12 25 16 10 32 50 17 8 38 49 41 43 4 2 22 29 27 13 14 7 45 1 23 33 5 26 11 3 42 6 47 40 34 46 35
24 38 29 5 34 32 1 30 31 7 14 48 27 26 49 50 3 42 46 20 21 22 8 23 18 6 43 47 12 36 39 11 45 9 16 15 17 44 13 2 10 35 41 28 40 33 19 4 25 37
35 36 17 3 18 50 49 10 38 39 4 6 27 25 43 12 16 5 26 13 32 14 48 28 45 31 7 9 33 42 24 21 29 41 20 40 34 47 46 30 1 19 2 22 11 44 8 15 23 37
43 1 30 7 32 19 16 29 21 22 37 38 42 46 13 36 40 12 15 20 31 14 6 41 24 27 9 23 45 10 48 26 50 5 49 25 28 34 44 2 8 18 47 4 35 11 17 39 33 3
24 39 22 21 20 4 49 34 16 36 7 30 23 31 13 11 9 43 45 28 46 14 29 25 38 18 32 40 8 19 10 15 42 47 50 3 5 44 1 33 48 37 27 2 17 26 35 6 12 41
22 44 3 50 12 11 39 23 1 49 20 4 25 34 21 45 17 48 8 18 26 31 7 16 28 40 14 2 5 46 6 36 9 35 30 10 15 24 13 33 29 37 43 47 42 19 38 41 27 32
33 15 16 4 28 35 9 24 34 3 45 25 10 20 48 40 30 43 18 29 7 6 44 12 26 36 46 22 38 21 50 17 14 39 31 23 49 8 42 37 13 19 11 5 47 1 27 2 41 32
38 32 15 45 8 33 24 26 3 7 6 25 37 23 31 10 4 13 27 20 11 19 35 9 46 36 16 47 2 29 50 39 30 28 18 5 21 49 44 40 43 41 1 48 42 14 12 17 22 34
32 8 10 18 38 46 14 24 39 13 2 6 34 36 40 3 4 44 37 5 30 22 28 7 41 27 15 26 35 43 47 21 31 20 19 16 29 1 42 45 33 50 48 17 11 25 49 12 9 23
22 43 24 48 10 11 14 30 44 41 13 37 39 21 4 15 3 19 12 6 47 36 31 40 26 20 34 5 25 2 46 16 1 8 42 17 38 33 35 32 18 28 50 23 49 7 29 9 45 27
11 29 22 50 41 40 1 14 45 12 23 10 39 18 4 5 47 30 27 38 20 35 36 48 28 25 7 6 49 24 15 3 32 33 2 26 42 8 37 16 34 31 43 13 46 17 19 9 21 44
21 36 14 18 48 47 3 15 39 44 37 38 2 50 23 30 33 46 24 1 42 31 12 35 27 11 25 19 28 6 17 29 34 20 41 13 26 16 43 22 40 49 32 9 7 8 4 45 10 5
10 15 34 12 7 38 18 36 1 31 20 49 2 42 23 33 43 32 27 47 8 40 11 4 24 50 37 25 3 39 13 17 21 48 41 44 28 5 30 16 29 46 26 9 22 35 6 19 45 14
45 1 34 23 43 13 8 2 17 25 30 27 38 36 26 22 24 21 32 49 18 7 47 35 41 10 48 31 37 6 9 39 4 44 5 14 33 12 42 3 11 15 46 40 19 50 28 16 29 20
4 19 26 21 5 38 20 23 43 6 29 42 36 25 41 10 47 44 18 7 49 8 9 2 35 40 14 3 39 46 37 50 1 17 16 22 48 32 45 12 24 11 28 31 13 15 34 33 30 27
42 49 32 19 46 12 33 44 43 41 27 1 8 35 20 22 31 7 47 37 28 34 40 2 48 14 3 50 23 21 6 17 16 24 29 4 15 36 18 11 9 38 5 10 25 45 39 30 26 13
29 5 41 26 18 7 6 39 3 42 43 30 34 45 48 32 46 36 17 44 47 27 14 50 24 23 25 11 19 9 28 37 16 13 21 40 4 1 31 35 10 15 2 12 22 20 8 33 49 38
22 33 18 23 2 38 42 21 39 17 10 29 12 14 32 30 44 24 34 4 13 11 41 50 37 7 31 40 43 16 35 28 9 20 36 5 15 27 47 45 1 26 46 48 19 3 25 8 49 6
4 35 12 38 50 47 7 8 15 3 2 25 43 13 36 18 31 6 11 33 17 46 27 32 34 14 30 5 49 44 22 9 37 21 10 26 41 42 40 48 16 45 24 20 1 19 23 29 39 28
50 32 36 14 18 12 40 49 22 31 46 47 41 39 3 13 48 7 15 6 10 24 4 16 20 45 35 42 5 30 2 34 23 19 28 33 38 25 43 26 8 1 17 37 44 21 9 29 27 11
5 7 12 10 50 43 33 42 8 47 45 28 31 27 49 22 14 40 17 44 11 25 19 3 29 38 35 18 32 1 39 26 41 21 46 16 36 9 4 23 30 48 2 37 15 13 6 20 34 24
50 31 34 5 17 36 43 10 9 47 20 14 26 4 40 48 16 21 33 28 15 3 29 2 39 6 30 35 19 11 41 42 44 46 13 25 27 12 22 23 8 18 49 37 32 1 24 45 38 7
50 36 21 19 12 26 40 47 7 43 23 35 9 4 24 10 18 34 38 14 15 17 46 48 45 37 30 39 28 44 5 3 2 11 31 27 41 8 25 49 33 22 42 6 32 1 16 13 29 20
48 44 30 45 4 31 13 35 27 46 8 33 37 6 32 47 15 18 2 43 38 40 7 42 39 1 29 10 12 34 5 23 17 11 26 3 49 19 21 22 9 14 28 36 20 24 16 25 50 41
38 8 39 35 45 49 19 31 9 46 10 7 33 34 3 13 4 43 36 18 2 24 22 17 37 29 26 48 44 14 15 6 23 32 12 47 1 40 25 27 50 5 28 41 30 20 42 16 11 21
38 14 47 40 17 12 33 46 28 44 43 26 18 49 36 42 41 50 9 25 34 8 10 21 20 19 29 32 35 1 15 11 30 39 31 2 6 4 7 27 13 5 3 24 23 37 48 45 22 16
12 50 28 45 25 32 39 20 34 5 40 36 22 43 46 26 14 30 16 1 44 10 29 6 2 33 31 3 42 41 37 18 38 4 24 35 47 48 21 49 23 11 15 27 17 19 7 8 13 9
1 3 19 12 32 27 46 25 40 43 8 4 50 30 20 38 5 14 31 23 47 37 28 33 34 16 9 42 36 17 18 45 48 29 6 2 13 39 21 49 35 11 22 10 41 24 7 15 26 44
4 2 36 21 31 24 37 16 7 17 39 41 10 49 27 44 29 50 38 8 28 1 23 14 32 12 9 3 11 25 34 15 47 13 45 48 6 46 26 42 5 19 20 30 33 35 40 18 43 22
5 35 10 47 37 1 28 22 41 18 39 15 20 3 46 38 33 14 40 17 16 43 49 26 27 2 36 24 34 19 31 21 7 32 45 11 48 50 8 42 30 6 44 23 13 4 9 25 12 29
35 38 39 32 20 46 16 27 7 19 28 40 10 5 30 2 22 17 37 23 43 47 24 13 3 41 15 11 48 1 36 6 44 14 8 18 34 4 45 42 12 33 9 31 50 49 26 25 29 21
42 32 37 4 39 36 35 18 3 22 40 17 16 47 29 21 13 25 14 33 48 10 11 15 1 30 2 31 9 20 12 50 28 34 19 7 8 6 49 24 5 43 44 38 27 23 41 45 26 46
40 26 17 47 8 20 12 11 9 29 27 50 28 13 4 48 6 46 25 10 7 34 31 38 43 24 19 32 15 16 5 41 36 30 35 33 44 2 3 14 18 45 37 21 23 42 39 22 1 49
44 24 5 38 2 3 9 6 45 28 8 40 39 42 16 29 15 32 11 27 14 36 26 22 13 35 7 25 49 43 33 10 41 19 23 50 18 30 17 48 21 1 37 12 46 34 20 4 31 47
26 27 36 10 1 7 14 46 45 29 32 4 47 23 39 8 24 42 30 16 50 6 17 41 40 11 2 20 38 33 12 15 48 22 5 19 18 44 25 9 35 21 34 43 37 31 13 49 28 3
30 31 23 26 48 11 44 41 49 33 46 39 37 27 29 28 7 43 2 19 12 25 35 47 6 16 34 42 3 17 5 38 13 20 21 24 10 50 14 36 9 15 45 18 4 40 22 8 1 32
35 32 20 2 6 45 10 41 49 31 39 11 19 48 47 38 40 16 27 5 37 42 44 46 25 7 12 15 9 36 24 14 23 1 22 34 50 3 8 29 33 21 28 17 26 30 13 43 4 18
37 18 44 21 7 14 32 48 49 20 38 35 46 50 1 6 10 47 27 8 17 22 24 33 45 29 2 39 36 16 15 19 9 13 41 34 4 31 12 5 25 40 28 23 11 43 30 26 42 3
6 33 5 1 12 2 31 11 10 13 9 18 36 7 37 27 42 26 48 8 40 28 4 35 47 24 34 32 49 19 23 20 30 50 16 15 43 41 45 29 25 21 44 22 17 46 39 3 38 14
9 12 44 18 10 37 46 8 33 25 7 42 22 3 28 38 4 23 19 43 1 6 15 5 31 17 29 2 47 16 50 49 40 20 30 21 45 27 39 26 11 36 34 48 13 24 41 32 35 14
28 49 3 13 35 32 34 48 30 31 39 38 8 37 10 2 27 26 19 18 21 23 1 12 5 14 47 17 22 36 20 44 9 50 25 45 15 4 6 33 24 46 41 16 11 29 42 40 43 7
8 24 50 15 4 25 19 23 44 37 28 30 2 49 18 29 9 41 10 5 11 12 14 42 34 35 22 48 27 45 20 7 17 46 6 1 13 47 40 36 16 21 31 39 26 43 32 33 3 38
37 1 38 13 46 20 23 36 50 29 4 42 2 5 43 16 40 48 10 47 9 11 27 14 32 35 7 12 33 17 28 15 6 26 21 41 44 49 30 45 19 24 18 8 31 34 25 39 3 22
33 32 28 26 46 8 31 5 13 9 17 27 4 47 39 21 42 35 40 36 12 49 50 38 34 1 24 18 11 25 6 14 15 3 23 2 44 45 29 48 19 7 16 37 30 43 41 20 10 22
10 11 15 4 43 44 45 42 20 21 8 35 17 22 16 13 25 33 38 39 30 32 37 47 23 27 12 24 19 26 5 48 2 1 7 49 34 41 29 18 3 31 6 50 9 36 46 28 14 40
38 28 39 16 44 24 47 13 25 40 22 8 21 14 41 45 37 12 20 36 30 33 50 1 6 10 27 9 48 23 43 5 49 2 35 17 26 42 34 3 19 46 31 18 15 32 4 7 29 11
34 25 19 8 37 16 23 2 13 28 7 18 20 14 1 29 4 46 49 32 22 3 10 38 6 39 42 36 5 47 11 12 50 45 41 40 43 44 26 15 31 17 48 30 27 35 9 21 24 33
39 41 44 19 38 33 18 16 42 36 40 5 20 45 29 12 32 30 25 22 49 34 26 17 3 28 4 8 46 14 21 24 6 47 48 23 9 43 31 35 15 50 37 10 13 2 7 27 11 1
39 45 22 29 34 19 9 27 24 11 44 31 3 32 49 20 50 48 33 26 18 8 6 47 37 40 21 10 5 23 38 41 46 42 30 12 1 2 25 28 14 16 36 13 35 17 7 4 15 43
35 14 13 11 15 49 28 6 4 5 43 32 42 34 41 9 45 22 25 21 20 36 19 30 12 37 48 23 27 26 7 2 50 3 24 17 10 38 47 46 33 44 16 39 18 29 40 1 8 31
22 30 4 42 15 3 35 38 9 2 18 17 44 8 50 6 24 19 12 36 41 32 13 28 14 27 1 31 43 21 45 10 39 46 20 26 7 48 25 23 34 29 37 33 16 49 47 11 5 40
19 36 20 45 29 2 23 4 46 11 25 1 41 17 34 16 14 44 50 32 30 22 33 6 3 43 47 49 40 42 48 13 21 9 12 10 7 27 31 5 39 8 35 15 28 37 26 38 24 18
49 15 27 39 45 8 42 22 46 21 14 48 37 13 38 50 29 26 33 41 2 47 12 25 16 34 6 40 30 18 35 24 43 7 44 3 1 11 32 5 19 10 23 9 20 36 4 31 17 28
30 2 41 18 50 12 14 28 40 35 23 33 29 42 3 37 20 46 1 8 5 7 45 17 39 4 10 31 22 11 27 19 24 44 15 32 34 49 43 36 16 9 47 48 6 21 38 13 26 25
25 29 37 18 22 31 21 27 26 16 44 15 35 38 39 42 33 36 2 32 47 7 13 9 34 11 30 10 14 19 12 4 50 45 8 43 28 48 1 46 41 49 6 3 23 40 24 17 20 5
43 21 19 46 1 12 39 45 27 40 17 47 42 14 24 8 26 41 4 33 32 28 6 44 30 11 7 23 16 49 50 15 36 48 9 29 34 2 10 31 18 5 22 37 20 3 38 35 25 13
24 17 19 10 47 15 48 14 8 4 31 32 5 25 7 39 38 11 44 18 33 36 30 12 45 35 22 13 9 6 29 40 34 20 27 26 21 3 2 1 23 50 49 46 28 42 37 16 43 41
8 31 6 49 4 36 46 12 38 3 43 18 41 11 1 29 40 42 33 7 35 32 30 26 48 17 23 13 47 45 24 20 28 34 50 16 2 15 14 25 22 19 9 37 5 27 21 10 39 44
19 43 16 24 6 36 50 32 5 39 30 10 34 12 9 47 8 7 29 20 38 4 45 40 26 42 17 1 46 44 28 49 15 2 37 27 31 13 14 23 48 33 18 25 41 3 22 11 35 21
36 22 48 24 6 43 20 32 45 2 10 13 30 47 49 40 35 16 19 15 39 37 27 1 7 33 8 26 42 44 50 4 38 31 18 23 25 21 17 11 9 28 14 5 34 3 41 46 29 12
50 9 8 15 10 42 11 47 13 4 30 37 33 18 6 39 46 29 48 43 23 17 49 44 40 45 5 24 31 41 34 25 35 20 12 7 32 22 14 27 3 38 28 19 21 16 36 2 1 26
19 9 5 20 37 39 1 28 25 41 29 42 44 50 7 18 12 4 46 24 38 26 49 3 8 22 32 31 21 35 45 10 27 43 16 34 30 17 40 6 23 14 48 33 11 36 47 2 13 15
41 26 23 13 30 29 31 46 5 50 14 9 20 19 39 2 4 49 24 48 15 17 16 6 18 1 34 36 22 10 44 11 37 35 28 25 12 43 38 45 40 27 33 32 42 3 21 47 7 8
44 7 17 14 50 38 40 13 42 16 8 37 47 28 36 2 41 33 18 11 31 34 49 27 46 45 43 24 23 5 39 26 12 20 48 19 3 25 9 1 22 15 21 4 10 32 30 35 29 6
30 32 42 29 39 13 2 48 14 11 50 8 20 24 1 23 37 4 25 15 45 34 19 5 43 9 7 46 21 38 41 16 44 36 10 40 17 35 18 6 22 27 28 47 31 33 26 12 49 3
6 34 35 24 39 29 40 4 45 27 26 46 8 2 9 23 5 28 44 48 21 37 20 16 49 11 19 25 1 43 36 13 33 31 3 18 32 22 47 30 7 50 41 15 10 17 12 14 42 38
24 15 1 28 38 21 37 25 45 5 41 18 9 8 46 44 11 20 34 19 27 14 4 47 49 39 31 2 17 32 48 16 22 29 43 12 10 40 26 50 3 13 23 33 36 6 7 35 30 42
41 23 43 3 16 40 17 45 36 21 24 15 28 47 14 18 13 39 31 33 20 9 32 19 8 29 49 12 4 5 48 50 37 46 42 1 44 26 11 30 38 27 10 35 25 6 34 2 22 7
32 20 7 3 43 45 38 24 9 6 28 1 26 35 41 18 21 40 19 16 37 10 12 48 36 17 42 2 25 27 11 30 46 34 29 4 13 50 44 39 15 23 8 47 5 49 22 33 31 14
48 50 45 38 9 22 6 44 23 25 36 20 14 12 27 4 18 13 49 2 21 17 7 24 8 41 26 11 42 16 28 37 34 1 30 3 39 19 35 32 10 47 40 15 29 46 33 5 31 43
14 28 42 48 50 33 47 44 17 12 16 37 26 30 24 32 31 9 36 22 21 39 40 27 46 5 45 43 6 35 41 38 23 1 29 4 2 7 8 20 18 3 11 49 34 13 10 19 15 25
39 45 40 14 8 50 42 43 21 3 22 2 25 41 1 11 36 24 12 35 30 38 32 48 46 33 23 27 26 20 6 19 44 13 28 31 49 5 47 29 7 17 15 10 4 16 34 9 37 18
23 5 40 45 37 8 30 41 11 50 33 9 38 28 22 13 6 2 25 43 31 12 35 29 32 44 34 39 46 49 47 19 36 18 17 10 15 7 42 27 16 1 3 21 4 20 26 48 24 14
23 15 27 2 26 47 49 35 8 29 22 20 6 37 13 31 11 48 25 12 46 42 30 14 24 5 41 19 18 1 17 38 45 44 50 10 21 36 43 28 40 32 3 39 16 7 9 4 34 33
14 4 25 42 2 8 17 41 48 10 20 18 31 12 43 29 45 44 49 26 28 16 32 38 36 50 35 1 5 19 21 39 27 37 33 15 30 7 40 9 6 22 23 46 13 3 24 47 34 11
7 29 3 9 36 15 16 13 5 25 37 18 42 47 6 39 31 11 33 27 44 12 38 28 23 49 26 20 21 34 40 1 22 17 2 32 35 45 46 4 19 50 10 14 41 24 30 43 48 8
35 20 36 6 11 3 14 30 49 34 39 26 2 21 18 23 7 44 10 29 43 40 9 5 48 41 24 8 16 46 28 4 19 37 45 38 25 33 13 42 12 32 27 17 15 50 47 22 31 1
25 45 21 12 6 37 23 49 11 14 29 47 20 15 46 34 1 44 2 31 19 41 9 24 39 17 38 42 30 43 35 48 5 40 10 27 8 36 13 18 16 33 26 28 32 3 7 4 50 22
37 49 29 39 43 31 21 44 16 1 30 12 20 35 5 4 33 34 7 38 8 36 28 48 19 24 42 46 3 47 50 27 2 13 41 32 6 17 45 15 26 10 14 11 40 9 23 22 25 18
47 16 34 45 19 27 1 44 22 30 8 32 17 7 2 23 14 21 18 24 42 40 41 4 25 9 6 15 5 50 20 48 26 33 10 43 3 29 13 46 35 11 49 37 28 38 31 12 39 36
4 48 12 49 13 39 38 29 19 5 43 35 20 25 46 16 3 36 8 30 41 32 40 44 21 24 26 34 31 7 2 27 22 33 45 23 28 9 14 50 47 11 6 1 17 15 10 42 18 37
8 11 6 41 1 21 34 14 24 42 43 44 20 28 25 40 10 12 33 19 50 26 15 9 38 48 17 46 16 27 36 30 35 29 22 3 31 4 5 2 45 32 13 47 37 7 39 49 23 18
43 45 34 31 6 35 44 15 14 33 5 40 28 9 37 19 8 20 16 10 12 50 32 42 46 21 2 49 30 38 22 48 47 11 25 29 17 18 41 24 26 27 36 3 1 7 39 23 13 4
24 14 20 41 35 15 11 32 33 5 49 50 2 12 21 9 23 38 25 47 17 34 31 37 46 27 7 29 16 3 45 13 19 26 44 30 28 43 40 6 36 39 42 22 1 4 48 18 10 8
17 19 34 35 50 30 32 10 16 23 8 14 3 31 26 46 41 42 37 44 12 6 11 24 21 27 7 29 45 2 49 40 36 15 13 43 1 4 5 28 20 33 38 47 18 25 22 39 9 48
31 4 2 40 17 45 21 12 48 32 24 5 38 42 25 37 26 39 47 13 33 34 46 9 15 35 28 50 8 18 10 6 41 1 44 27 30 43 22 3 20 36 11 49 19 23 7 16 29 14
2 15 19 16 5 31 6 11 28 37 50 25 34 29 49 39 13 35 12 23 30 3 46 4 41 44 26 27 42 33 36 38 47 21 9 1 20 10 17 18 22 7 8 14 48 43 45 32 40 24
10 11 7 4 45 46 44 23 36 2 5 14 17 24 21 40 12 47 27 48 26 50 38 28 31 32 25 13 39 42 1 18 19 8 16 30 43 6 9 15 35 3 22 49 37 20 34 33 41 29
30 7 11 18 43 16 47 44 5 21 38 45 49 39 10 42 23 40 33 34 24 31 15 2 27 3 19 13 14 50 28 41 17 12 22 29 9 6 20 26 25 36 46 32 37 1 35 48 8 4
10 20 16 2 36 14 3 34 4 39 19 18 44 47 40 35 32 21 1 28 5 26 31 46 37 42 49 30 48 45 38 17 25 24 13 27 8 41 11 50 15 7 33 22 23 12 43 6 9 29
13 20 24 40 47 44 3 21 25 32 19 46 41 26 37 49 29 27 22 1 43 17 42 15 6 9 10 31 34 4 12 16 5 39 23 50 11 14 8 28 35 36 33 38 30 18 7 45 48 2
21 1 38 42 50 35 47 22 28 12 29 13 6 10 8 49 27 40 26 19 25 44 9 41 30 2 24 32 48 36 33 31 3 14 18 7 4 37 34 16 11 5 17 46 15 43 20 45 23 39
30 8 9 11 32 28 12 14 50 45 21 3 43 34 36 17 39 48 19 13 37 20 1 47 44 38 40 33 42 7 49 16 18 6 10 35 31 4 24 27 26 15 29 46 23 2 22 41 5 25
6 12 17 8 2 11 48 47 10 29 28 32 21 41 7 19 4 9 45 14 37 22 31 15 43 38 18 36 26 16 20 23 39 24 5 1 33 27 49 44 46 25 42 35 3 34 50 40 30 13
33 11 22 48 34 5 8 15 46 9 4 10 3 40 21 1 41 31 37 17 16 27 7 23 29 30 6 36 44 2 28 19 14 32 49 25 13 42 45 39 26 50 18 47 35 24 12 43 20 38
44 16 23 8 38 27 48 18 46 15 10 17 24 33 37 14 29 6 25 11 4 12 9 47 34 21 31 40 45 20 26 7 1 19 3 22 39 2 35 50 30 49 13 5 43 32 36 41 28 42
4 47 43 29 24 20 33 50 49 26 31 25 28 9 27 11 41 48 30 36 15 6 23 34 45 16 17 3 38 22 32 10 39 8 1 14 46 13 37 18 35 42 44 40 2 7 5 21 12 19
29 20 22 37 35 30 16 46 32 47 21 14 40 7 9 42 4 49 8 6 38 50 15 23 48 27 13 41 25 36 34 12 24 10 45 28 11 26 44 18 19 39 5 17 31 3 1 33 43 2
0
5
1 2 3 4 5
5 4 1 2 3
0
6
6 5 4 3 2 1
0
5
1 2 3 4 5
5 4 1 2 3
2 4 5 3 1
2 4 1 3 5
0
6
6 5 4 3 2 1
2 1 4 3 6 5
0
5
1 2 3 4 5
5 4 3 2 1
4 3 2 5 1
5 4 3 2 1
5 4 3 2 1
4 3 2 1 5
5 4 3 2 1
3 5 4 2 1
5 4 3 2 1
1 4 5 3 2
4 3 2 1 5
1 5 4 3 2
2 1 4 5 3
1 4 3 5 2
1 4 3 2 5
5 4 3 2 1
3 2 1 5 4
5 4 3 2 1
5 4 3 2 1
0
500
1 2 3 4 6 7 5 8 9 10 11 12 13 15 16 17 18 19 20 14 21 22 23 24 25 26 27 28 29 30 31 32 33 34 35 36 37 38 39 40 41 42 43 44 45 46 47 48 49 50 51 52 53 54 55 56 57 58 59 60 61 62 63 64 65 66 67 68 69 70 71 72 73 74 75 76 77 78 79 80 81 82 83 84 85 86 87 88 89 90 91 92 93 94 95 96 97 98 99 100 101 102 103 104 105 106 107 108 109 110 111 112 113 114 115 116 117 118 119 120 121 122 123 124 125 126 127 128 129 130 131 132 133 134 135 136 137 138 139 140 141 142 143 144 145 146 147 148 149 150 151 152 153 154 155 156 157 158 159 160 161 162 163 164 165 166 167 168 169 170 171 172 173 174 175 176 177 178 179 180 181 182 183 184 185 186 187 188 189 190 191 192 193 194 195 196 197 198 199 200 201 202 203 204 205 206 207 208 209 210 211 212 213 214 215 216 217 218 219 220 221 222 223 224 225 226 227 228 229 230 231 232 233 234 235 236 237 238 239 240 241 242 243 244 245 246 247 248 249 250 251 252 253 254 255 256 257 258 259 260 261 262 263 264 265 266 267 268 269 270 271 272 273 274 275 276 277 278 279 280 281 282 283 284 285 286 287 288 289 290 291 292 293 294 295 296 297 298 299 300 301 302 303 304 305 306 307 308 309 310 311 312 313 314 315 316 317 318 319 320 321 322 323 324 325 326 327 328 329 330 331 332 333 334 335 336 337 338 339 340 341 342 343 344 345 346 347 348 349 350 351 352 353 354 355 356 357 358 359 360 361 362 363 364 365 366 367 368 369 370 371 372 373 374 375 376 377 378 379 380 381 382 383 384 385 386 387 388 389 390 391 392 393 394 395 396 397 398 399 400 401 402 403 404 405 406 407 408 409 410 411 412 413 414 415 416 417 418 419 420 421 422 423 424 425 426 427 428 429 430 431 432 433 434 435 436 437 438 439 440 441 442 443 444 445 446 447 448 449 450 451 452 453 454 455 456 457 458 459 460 461 462 463 464 465 466 467 468 469 470 471 472 473 474 475 476 477 478 479 480 481 482 483 484 485 486 487 488 489 490 491 492 493 494 495 496 497 498 499 500
18 500 499 498 497 496 495 494 492 491 490 489 488 487 493 486 485 484 483 482 481 480 479 478 477 476 475 474 473 472 471 470 469 468 467 466 465 464 463 462 461 460 459 458 457 456 455 454 453 452 451 450 449 448 447 446 445 444 443 442 441 440 439 438 437 436 435 434 433 432 431 430 429 428 427 426 425 424 423 422 421 420 419 418 417 416 415 414 413 412 411 410 409 408 407 406 405 404 403 402 401 400 399 398 397 396 395 394 393 392 391 390 389 388 387 386 385 384 383 382 381 380 379 378 377 376 375 374 373 372 371 370 369 368 367 366 365 364 363 362 361 360 359 358 357 356 355 354 353 352 351 350 349 348 347 346 345 344 343 342 341 340 339 338 337 336 335 334 333 332 331 330 329 328 327 326 325 324 323 322 321 320 319 318 317 316 315 314 313 312 311 310 309 308 307 306 305 304 303 302 301 300 299 298 297 296 295 294 293 292 291 290 289 288 287 286 285 284 283 282 281 280 279 278 277 276 275 274 273 272 271 270 269 268 267 266 265 264 263 262 261 260 259 258 257 256 255 254 253 252 251 250 249 248 247 246 245 244 243 242 241 240 239 238 237 236 235 234 233 232 231 230 229 228 227 226 225 224 223 222 221 220 219 218 217 216 215 214 213 212 211 210 209 208 207 206 205 204 203 202 201 200 199 198 197 196 195 194 193 192 191 190 189 188 187 186 185 184 183 182 181 180 179 178 177 176 175 174 173 172 171 170 169 168 167 166 165 164 163 162 161 160 159 158 157 156 155 154 153 152 151 150 149 148 147 146 145 144 143 142 141 140 139 138 137 136 135 134 133 132 131 130 129 128 127 126 125 124 123 122 121 120 119 118 117 116 115 114 113 112 111 110 109 108 107 106 105 104 103 102 101 100 99 98 97 96 95 94 93 92 91 90 89 88 87 86 85 84 83 82 81 80 79 78 77 76 75 74 73 72 71 70 69 68 67 66 65 64 63 62 61 60 59 58 57 56 55 54 53 52 51 50 49 48 47 46 45 44 43 42 41 40 39 38 37 36 35 34 33 32 31 30 29 28 27 26 25 24 23 22 21 20 19 17 16 15 14 13 12 11 10 9 8 7 6 5 4 3 2 1
466 476 475 474 473 472 471 470 469 468 467 465 464 463 461 460 459 458 457 456 455 454 462 453 452 451 450 449 448 447 446 445 444 443 442 441 440 439 438 437 436 435 434 433 432 431 430 429 428 427 426 425 424 423 422 421 420 419 418 417 416 415 414 413 412 411 410 409 408 407 406 405 404 403 402 401 400 399 398 397 396 395 394 393 392 391 390 389 388 387 386 385 384 383 382 381 380 379 378 377 376 375 374 373 372 371 370 369 368 367 366 365 364 363 362 361 360 359 358 357 356 355 354 353 352 351 350 349 348 347 346 345 344 343 342 341 340 339 338 337 336 335 334 333 332 331 330 329 328 327 326 325 324 323 322 321 320 319 318 317 316 315 314 313 312 311 310 309 308 307 306 305 304 303 302 301 300 299 298 297 296 295 294 293 292 291 290 289 288 287 286 285 284 283 282 281 280 279 278 277 276 275 274 273 272 271 270 269 268 267 266 265 264 263 262 261 260 259 258 257 256 255 254 253 252 251 250 249 248 247 246 245 244 243 242 241 240 239 238 237 236 235 234 233 232 231 230 229 228 227 226 225 224 223 222 221 220 219 218 217 216 215 214 213 212 211 210 209 208 207 206 205 204 203 202 201 200 199 198 197 196 195 194 193 192 191 190 494 493 492 491 490 489 488 487 486 485 484 483 482 481 480 479 478 477 189 188 187 186 185 184 183 182 181 180 179 178 177 176 175 174 173 172 171 170 169 168 167 166 165 164 163 162 161 160 159 158 157 156 155 154 153 152 151 150 149 148 147 146 145 144 143 142 141 140 139 138 137 136 135 134 133 132 131 130 129 128 127 126 125 124 123 122 121 120 119 118 117 116 115 114 113 112 111 110 109 108 107 106 105 104 103 102 101 100 99 98 97 96 95 94 93 92 91 90 89 500 499 498 497 496 495 88 87 86 85 84 83 82 81 80 79 78 77 76 75 74 73 72 71 70 69 68 67 66 65 64 63 62 61 60 59 58 57 56 55 54 53 52 51 50 49 48 47 46 45 44 43 42 41 40 39 38 37 36 35 34 33 32 31 30 29 28 27 26 25 24 23 22 21 20 19 18 17 16 15 14 13 12 11 10 9 8 7 6 5 4 3 2 1
331 330 329 328 327 326 325 324 323 322 321 320 319 318 317 316 315 314 313 312 311 310 309 308 307 306 305 304 303 302 301 300 299 298 297 296 295 294 293 292 291 290 289 288 287 286 285 284 283 282 281 280 279 278 277 276 275 274 273 272 271 270 269 268 267 266 265 264 263 262 261 260 259 258 257 256 255 254 253 252 251 250 249 248 247 246 245 244 243 242 241 240 239 238 237 236 235 234 233 232 231 230 229 228 227 226 225 224 223 222 221 220 219 218 217 216 215 214 213 212 211 210 209 208 207 206 205 204 203 202 201 200 199 198 197 196 195 194 193 192 191 190 189 188 187 186 185 184 183 182 181 180 179 178 177 176 175 174 173 172 171 170 169 168 167 166 165 164 163 162 161 160 159 158 157 156 155 154 153 152 151 150 149 148 147 146 145 144 143 142 141 140 139 392 391 390 389 388 387 386 385 384 383 382 381 380 379 378 377 376 375 374 373 372 371 370 369 368 367 366 365 364 363 362 361 360 359 358 357 356 355 354 353 352 351 350 349 348 347 346 345 344 343 342 341 340 339 338 337 336 335 334 333 332 138 137 136 135 134 133 132 131 130 129 128 127 126 125 124 123 122 121 120 119 118 117 116 115 114 113 112 111 110 109 108 107 106 105 104 103 102 101 100 99 98 97 96 95 94 93 92 91 90 89 88 87 86 85 84 83 82 81 80 79 78 77 76 75 74 73 72 71 70 69 68 67 66 65 64 63 62 61 60 59 58 57 56 55 54 53 52 51 50 49 48 47 46 45 44 43 42 41 40 39 38 37 36 35 34 33 32 31 30 29 28 27 26 25 24 23 22 21 20 19 18 17 16 15 14 13 500 499 498 497 496 495 494 493 492 491 490 489 488 487 486 485 484 483 482 481 480 479 478 477 476 475 474 473 472 471 470 469 468 467 466 465 464 463 462 461 460 459 458 457 456 455 454 453 452 451 450 449 448 447 446 445 444 443 442 441 440 439 438 437 436 435 434 433 432 431 430 429 428 427 426 425 424 423 422 421 420 419 418 417 416 415 414 413 412 411 410 409 408 407 406 405 404 403 402 401 400 399 398 397 396 395 394 393 12 11 10 9 8 7 6 5 4 3 2 1
448 447 446 445 444 443 442 439 438 437 436 435 434 440 433 432 431 430 441 429 428 427 426 425 424 423 422 421 420 419 418 417 416 415 414 413 412 411 410 409 408 407 406 405 404 403 402 401 400 399 398 397 396 395 394 393 392 391 390 389 388 387 386 385 384 383 382 381 380 379 378 377 376 375 374 373 372 371 370 369 368 367 366 365 364 363 362 361 360 359 358 357 356 355 354 353 352 351 350 349 348 347 346 345 344 343 342 341 340 339 338 337 336 335 334 333 332 331 330 329 328 327 326 325 324 323 322 321 320 319 318 317 316 315 314 313 312 311 310 309 308 307 306 305 304 303 302 301 300 299 298 297 296 295 294 293 292 291 290 289 288 287 286 285 284 283 282 281 280 279 278 277 276 275 274 273 272 271 270 269 268 267 266 265 264 263 262 261 260 259 258 257 256 255 254 253 252 251 250 249 248 247 246 245 244 243 242 241 240 239 238 237 236 235 234 233 232 231 230 229 228 227 226 225 224 223 222 221 220 219 218 217 216 215 214 213 212 211 210 209 208 207 206 205 204 203 202 201 200 199 198 197 196 195 194 193 192 191 190 189 188 187 186 185 184 183 182 181 180 179 178 177 176 175 174 173 172 171 170 169 168 167 166 165 164 163 162 161 160 159 158 157 156 155 154 153 152 151 150 149 148 147 146 145 144 143 142 141 140 139 138 137 136 135 134 494 493 492 491 490 489 488 487 486 485 484 483 482 481 480 479 478 477 476 475 474 473 472 471 470 469 468 467 466 465 464 463 462 461 460 459 458 457 456 455 454 453 452 451 450 449 133 132 131 130 129 128 127 126 125 124 123 122 121 120 119 118 117 116 115 114 113 112 111 110 109 108 107 106 105 104 103 102 101 100 99 98 97 96 95 94 93 92 91 90 89 88 87 86 85 500 499 498 497 496 495 84 83 82 81 80 79 78 77 76 75 74 73 72 71 70 69 68 67 66 65 64 63 62 61 60 59 58 57 56 55 54 53 52 51 50 49 48 47 46 45 44 43 42 41 40 39 38 37 36 35 34 33 32 31 30 29 28 27 26 25 24 23 22 21 20 19 18 17 16 15 14 13 12 11 10 9 8 7 6 5 4 3 2 1
453 452 451 450 449 448 447 446 445 444 443 442 441 440 439 438 437 436 435 434 433 432 431 430 429 428 427 426 425 424 423 422 421 420 419 418 417 416 415 414 413 412 411 410 409 408 407 406 405 404 403 402 401 400 399 398 397 396 395 394 393 392 391 390 389 388 387 386 385 384 383 382 381 380 379 378 377 376 375 374 373 372 371 370 369 368 367 366 365 364 363 362 361 360 359 358 357 356 355 354 353 352 351 350 349 348 347 346 345 344 343 342 341 340 339 338 337 336 335 334 333 332 331 330 329 328 327 326 325 324 323 322 321 320 319 318 317 316 315 314 313 312 311 310 309 308 307 306 305 304 303 302 301 300 299 298 297 296 295 294 293 292 291 290 289 288 287 286 285 284 283 282 281 280 279 278 277 276 275 274 273 272 271 270 269 268 267 266 265 264 263 262 261 260 259 258 257 256 255 254 253 252 251 250 249 248 247 246 245 244 243 242 241 240 239 238 237 236 235 234 233 232 231 230 229 228 227 226 225 224 223 222 221 220 219 218 217 495 494 493 492 491 490 489 488 487 486 485 484 483 482 481 480 479 478 477 476 475 474 473 472 471 470 469 468 467 466 465 464 463 462 461 460 459 458 457 456 455 454 216 215 214 213 212 211 210 209 208 207 206 205 204 203 202 201 200 199 198 197 196 195 194 193 192 191 190 189 188 187 186 185 184 183 182 181 180 179 178 177 176 175 174 173 172 171 170 169 168 167 166 165 164 163 162 161 160 159 158 157 156 155 154 153 152 151 150 149 148 147 146 145 144 143 142 141 140 139 138 137 136 135 134 133 132 131 130 129 128 127 126 125 124 123 122 121 120 119 118 117 116 115 114 113 112 111 110 109 108 107 106 105 104 103 102 101 100 99 98 97 96 95 94 93 92 91 90 89 88 87 86 85 84 83 82 81 80 79 78 77 76 75 74 73 72 71 70 69 68 67 66 65 64 63 62 61 60 59 58 57 56 55 54 53 52 51 50 49 48 47 46 45 44 43 42 41 40 500 499 498 497 496 39 38 37 36 35 34 33 32 31 30 29 28 27 26 25 24 23 22 21 20 19 18 17 16 15 14 13 12 11 10 9 8 7 6 5 4 3 2 1
358 357 356 355 354 353 352 351 350 349 348 347 346 345 344 343 342 341 340 339 338 337 336 335 334 333 332 331 330 329 328 327 326 325 324 323 322 321 320 319 318 317 316 315 314 313 312 311 310 309 308 307 306 305 304 303 302 301 300 299 298 297 296 295 294 293 292 291 290 289 288 287 286 285 284 283 282 281 280 279 278 277 276 275 274 273 272 271 270 269 268 267 266 265 264 263 262 261 260 259 258 257 256 255 254 253 252 251 250 249 248 247 246 245 244 243 242 241 240 239 238 237 236 235 234 233 232 231 230 229 228 227 226 225 224 223 222 221 220 219 218 217 216 215 214 213 212 211 210 209 208 207 206 205 204 203 202 201 200 199 198 197 196 195 194 193 192 191 190 189 188 187 186 185 184 183 182 181 180 179 178 177 176 175 174 173 172 171 170 169 168 167 166 165 164 163 162 161 160 159 158 157 156 155 154 153 152 151 150 149 148 147 146 145 144 143 142 141 140 139 138 137 136 135 134 133 132 131 130 129 128 127 126 125 124 123 122 121 120 119 118 117 116 115 114 113 112 111 110 109 108 107 106 105 104 103 102 101 100 99 98 97 96 95 94 93 92 91 90 89 88 87 86 85 84 83 82 81 80 79 78 77 76 75 74 73 72 71 70 69 68 67 66 65 64 63 62 61 60 59 58 57 56 55 54 53 52 51 50 49 48 47 46 45 44 43 42 41 40 39 38 37 36 35 34 33 32 31 30 29 28 27 26 25 24 23 22 21 20 19 18 17 16 15 14 13 12 11 10 9 8 7 6 5 4 372 371 370 494 493 492 491 490 489 488 487 486 485 484 483 482 481 480 479 478 477 476 475 474 473 472 471 470 469 468 467 466 465 464 463 462 461 460 459 458 457 456 455 454 453 452 451 450 449 448 447 446 445 444 443 442 441 440 439 438 437 436 435 434 433 432 431 430 429 428 427 426 425 424 423 422 421 420 419 418 417 416 415 414 413 412 411 410 409 408 407 406 405 404 403 402 401 400 495 497 496 399 398 397 396 395 394 393 392 391 390 389 388 387 386 385 384 383 382 381 380 379 378 377 376 498 375 374 373 369 368 367 366 365 364 363 362 361 499 500 360 359 3 2 1
133 132 131 130 129 128 127 126 125 124 123 122 121 120 119 118 117 116 115 114 113 112 111 110 109 108 107 106 105 104 103 102 101 100 99 98 97 96 95 94 93 92 91 90 89 88 87 86 85 84 83 82 81 80 79 78 77 76 75 74 73 72 71 70 69 68 67 66 65 64 63 62 61 60 59 58 57 56 55 54 53 52 51 50 49 48 47 46 45 44 43 42 41 40 39 38 37 36 35 34 33 32 31 30 29 28 27 26 25 24 23 22 21 20 19 18 17 16 15 14 13 12 11 10 9 8 7 6 5 4 3 2 1 400 399 398 397 396 395 394 393 392 391 390 389 388 387 386 385 384 383 382 381 380 379 378 377 376 375 374 373 372 371 370 369 368 367 366 365 364 363 362 361 360 359 358 357 356 355 354 353 352 351 350 349 348 347 346 345 344 343 342 341 340 339 338 337 336 335 334 333 332 331 330 329 328 327 326 325 324 323 322 321 320 319 318 317 316 315 314 313 312 311 310 309 308 307 306 305 304 303 302 301 300 299 298 297 296 295 294 293 292 291 290 289 288 287 286 285 284 283 282 281 280 279 278 277 276 275 274 273 272 271 270 269 268 267 266 265 264 263 262 261 260 259 258 257 256 255 254 253 252 251 250 249 248 247 246 245 244 243 242 241 240 239 238 237 236 235 234 233 232 231 230 229 228 227 226 225 224 223 222 221 220 219 218 217 216 215 214 213 212 211 210 209 208 207 206 205 204 203 202 201 200 199 198 197 196 195 194 193 192 191 190 189 188 187 186 185 184 183 182 181 180 179 178 177 176 175 174 173 172 171 170 169 168 167 166 165 164 163 162 161 160 159 453 452 451 450 449 448 447 446 445 444 443 442 441 475 474 473 472 471 470 469 468 467 466 465 464 463 462 461 460 459 458 457 456 455 454 440 439 438 437 436 435 434 433 432 431 430 429 428 427 426 425 424 423 422 421 420 419 418 417 416 415 414 413 412 411 410 409 408 407 406 405 404 403 402 401 158 157 156 155 154 153 152 151 150 149 148 147 146 145 144 143 142 141 140 139 138 137 136 135 134 496 495 494 493 492 491 490 489 488 487 486 485 484 483 482 481 480 479 478 477 500 499 498 497 476
263 262 261 260 259 258 257 256 255 254 253 252 251 250 249 248 247 246 245 244 243 242 241 240 239 238 237 236 235 234 233 232 231 230 229 228 227 226 225 224 223 222 221 220 219 218 217 216 215 214 213 212 211 210 209 208 207 206 205 204 203 202 201 200 199 198 197 196 195 194 193 192 191 190 189 188 187 186 185 184 309 308 307 306 305 304 303 302 301 300 299 298 297 296 295 294 293 292 291 290 289 288 287 286 285 284 283 282 281 280 279 278 277 276 275 274 273 272 271 270 269 268 267 266 265 264 183 182 181 180 179 178 177 176 175 174 173 172 171 170 169 168 167 166 165 164 163 162 161 160 159 158 157 156 155 154 153 152 151 150 149 148 147 146 145 144 143 142 141 140 139 138 137 136 135 134 133 132 131 130 129 128 127 126 125 124 123 122 121 120 119 118 117 116 115 114 113 112 111 110 109 108 107 106 105 104 103 102 101 100 99 98 97 96 95 94 93 92 91 90 89 88 87 86 85 84 83 82 81 80 79 78 77 76 75 74 73 72 71 70 69 68 67 66 65 64 63 62 61 60 59 58 57 56 55 54 53 52 51 50 49 48 47 46 442 441 440 439 438 437 436 435 434 433 432 431 430 429 428 427 426 425 424 423 422 421 420 419 418 417 416 415 414 413 412 411 410 409 408 407 406 405 404 403 402 401 400 399 398 397 396 395 394 393 392 391 390 389 388 387 386 385 384 383 382 381 380 379 378 377 376 375 374 373 372 371 370 369 368 367 366 365 364 363 362 361 360 359 358 357 356 355 354 353 352 351 350 349 348 347 346 345 344 343 342 341 340 339 338 337 336 335 334 333 332 331 330 329 328 327 326 325 324 323 322 321 320 319 318 317 316 315 314 313 312 311 310 45 44 43 42 41 40 39 38 37 36 35 34 33 32 31 30 29 28 27 26 25 24 23 22 21 20 19 18 17 489 488 487 486 485 484 483 482 481 480 479 478 477 476 475 474 473 472 471 470 469 468 467 466 465 464 463 462 461 460 459 458 457 456 455 454 453 452 451 450 449 448 447 446 445 444 443 16 15 14 13 12 11 10 9 8 7 6 5 4 3 2 1 498 497 496 495 494 493 500 499 492 491 490
79 78 77 76 75 74 73 72 71 70 69 68 67 66 65 64 63 62 61 60 59 58 57 56 55 54 53 52 51 50 49 48 47 46 45 44 43 42 41 40 39 38 37 36 35 34 33 32 31 30 29 28 27 26 25 24 23 22 21 20 19 18 17 16 15 14 13 12 11 10 9 8 7 6 346 345 344 343 342 341 340 339 338 337 336 335 334 333 332 331 330 329 328 327 326 325 324 323 322 321 320 319 318 317 316 315 314 313 312 311 310 309 308 307 306 305 304 303 302 301 300 299 298 297 296 295 294 293 292 291 290 289 288 287 286 285 284 283 282 281 280 279 278 277 276 275 274 273 272 271 270 269 268 267 266 265 264 263 262 261 260 259 258 257 256 255 254 253 252 251 250 249 248 247 246 245 244 243 242 241 240 239 238 237 236 235 234 233 232 231 230 229 228 227 226 225 224 223 222 221 220 219 218 217 216 215 214 213 212 211 210 209 208 207 206 205 204 203 202 201 200 199 198 197 196 195 194 193 192 191 190 189 188 187 186 185 184 183 182 181 180 179 178 177 176 175 174 173 172 171 170 169 168 167 166 165 164 163 162 161 160 159 158 157 156 155 154 153 401 400 399 398 397 396 395 394 393 392 391 423 422 421 420 419 418 417 416 415 414 413 412 411 410 409 408 407 406 405 404 403 402 390 389 388 387 386 385 384 383 382 381 380 379 378 377 376 375 374 373 372 371 370 369 368 367 366 365 364 363 362 361 360 359 358 357 356 355 354 353 352 351 350 349 348 347 152 151 150 149 148 147 146 145 144 143 142 141 140 139 138 137 136 135 134 133 132 131 130 129 128 127 126 125 124 123 122 121 120 119 118 117 116 115 114 113 112 111 110 109 108 107 106 105 104 103 102 101 100 99 98 97 96 95 94 93 92 91 90 89 88 87 86 85 84 83 82 81 80 478 477 476 475 474 473 472 471 470 469 468 467 466 495 494 493 492 491 490 489 488 487 486 485 484 483 482 481 480 479 465 464 463 462 461 460 459 458 457 456 455 454 453 452 451 450 449 448 447 446 445 444 443 442 441 440 439 438 437 436 435 434 433 432 431 430 429 497 496 428 427 426 425 424 499 498 5 4 3 2 1 500
222 221 220 219 218 217 216 215 214 213 212 211 210 209 208 207 206 205 204 203 202 201 200 199 198 197 196 195 194 193 192 191 190 189 188 187 186 185 184 183 182 181 180 179 178 177 176 175 174 173 172 171 170 169 467 466 465 464 463 462 461 460 459 458 457 456 455 454 453 452 451 450 449 448 447 446 445 444 443 442 441 440 439 438 437 436 435 434 433 432 431 430 429 428 427 426 425 424 423 422 421 420 419 418 417 416 415 414 413 412 411 410 409 408 407 406 405 404 403 402 401 400 399 398 397 396 395 394 393 392 391 390 389 388 387 386 385 384 383 382 381 380 379 378 377 376 375 374 373 372 371 370 369 368 367 366 365 364 363 362 361 360 359 358 357 356 355 354 353 352 351 350 349 348 347 346 345 344 343 342 341 340 339 338 337 336 335 334 333 332 331 330 329 328 327 326 325 324 323 322 321 320 319 318 317 316 315 314 313 312 311 310 309 308 307 306 305 304 303 302 301 300 299 298 297 296 295 294 293 292 291 290 289 288 287 286 285 284 283 282 489 488 487 486 485 484 483 482 481 480 479 478 477 476 475 474 473 472 471 470 469 468 281 280 279 278 277 276 275 274 273 272 271 270 269 268 267 266 265 264 263 262 261 260 259 258 257 256 255 254 253 252 251 250 249 248 247 246 245 244 243 242 241 240 239 238 237 236 235 234 233 232 231 230 229 228 227 226 225 224 223 168 167 166 165 164 163 162 161 160 159 158 157 156 155 154 153 152 151 150 149 148 147 146 145 144 143 142 141 140 139 138 137 136 135 134 133 132 131 130 129 128 127 126 125 124 123 122 121 120 119 118 117 116 115 114 113 112 111 110 109 108 107 106 105 104 103 102 101 100 99 98 97 96 95 94 93 92 91 90 89 88 87 86 85 84 83 82 81 80 79 78 77 76 75 74 73 72 71 70 69 68 67 66 65 64 63 62 61 60 59 58 57 56 55 54 53 52 51 50 49 48 47 46 45 44 43 42 41 40 39 38 37 36 35 34 33 32 31 30 29 28 27 26 500 499 498 497 496 495 494 493 492 491 490 25 24 23 22 21 20 19 18 17 16 15 14 13 12 11 10 9 8 7 6 5 4 3 2 1
452 451 450 449 448 447 440 446 445 444 443 439 438 437 436 435 434 433 432 431 430 429 428 441 427 426 425 424 423 422 421 420 419 418 417 416 415 414 413 412 411 410 409 442 408 407 406 405 404 403 402 401 400 399 398 397 396 395 394 393 392 391 390 389 388 387 386 385 384 383 382 381 380 379 378 377 376 375 374 373 372 371 370 369 368 367 366 365 364 363 362 361 360 359 358 357 356 355 354 353 352 351 350 349 348 347 346 345 344 343 342 341 340 339 338 337 336 335 334 333 332 331 330 329 328 327 326 325 324 323 322 321 320 319 318 317 316 315 314 313 312 311 310 309 308 307 306 305 304 303 302 301 300 299 298 297 296 295 294 293 292 291 290 289 288 287 286 285 284 283 282 281 280 279 278 277 276 275 274 273 272 271 270 269 268 267 266 265 264 263 262 261 260 259 258 257 256 255 254 253 252 251 250 249 248 247 246 245 244 243 242 241 240 239 238 237 236 235 234 233 232 231 230 229 228 227 226 225 224 223 222 221 220 219 218 217 216 215 214 213 212 211 210 209 208 207 206 205 204 203 202 201 200 199 198 197 196 195 194 193 192 191 190 189 188 187 186 185 184 183 182 181 180 179 178 177 176 175 174 173 172 171 170 169 168 167 166 165 164 163 162 161 160 159 158 157 156 155 154 153 152 151 150 149 148 147 146 145 144 143 142 141 140 139 138 137 136 135 134 133 132 131 130 129 128 127 126 125 124 123 122 121 120 119 118 117 116 115 114 113 112 111 110 109 108 107 106 105 104 103 102 101 100 99 98 97 96 95 94 453 93 92 91 90 89 88 87 86 85 84 83 82 81 80 79 78 77 76 75 74 73 72 71 70 69 68 67 472 471 470 469 468 467 466 465 464 463 462 461 460 459 458 457 456 455 454 66 65 64 63 62 61 60 59 58 491 490 489 488 487 486 485 484 483 482 481 480 479 478 477 476 475 474 473 57 56 55 54 53 52 51 50 49 48 47 46 45 44 43 42 41 40 39 38 37 36 35 34 33 32 31 30 29 28 27 26 25 24 23 22 21 20 19 18 17 492 16 15 14 500 499 498 497 496 495 494 493 13 12 11 10 9 8 7 6 5 4 3 2 1
322 321 320 319 318 317 316 315 314 313 312 311 310 309 308 307 306 305 304 303 302 301 300 299 298 297 296 295 294 293 292 291 290 289 288 287 286 285 284 283 282 281 280 279 278 277 276 275 274 273 272 271 270 269 268 267 266 265 264 263 262 261 260 259 258 257 256 255 254 253 252 251 250 249 248 247 246 245 244 243 242 241 240 239 238 237 236 235 234 233 232 231 230 229 228 227 226 225 224 223 222 221 220 219 218 217 216 215 214 213 212 211 210 209 208 207 206 205 204 203 202 201 200 199 198 197 196 195 194 193 192 191 190 189 188 187 186 185 184 183 182 181 180 179 178 177 176 175 174 173 172 171 170 169 168 167 166 165 164 163 162 161 160 159 158 157 156 155 154 153 152 151 150 149 148 147 146 145 144 143 142 141 140 139 138 137 136 135 134 133 132 131 130 129 128 127 126 125 124 123 122 121 120 119 118 117 116 115 114 113 112 111 110 109 108 107 106 105 104 103 102 101 100 99 98 97 96 95 94 93 92 91 90 89 88 87 86 85 84 83 82 81 80 79 78 77 76 75 74 73 72 71 70 69 68 67 66 65 64 63 62 61 60 59 58 57 56 55 54 53 52 51 50 49 48 47 46 45 44 43 42 41 40 39 38 37 36 35 34 33 32 31 30 29 28 27 26 25 24 23 22 21 20 19 18 17 16 15 14 13 12 11 10 9 8 7 6 5 4 3 2 1 405 404 403 402 401 400 399 398 397 396 395 394 393 392 391 390 389 388 387 386 385 384 383 382 381 380 379 378 377 376 375 374 373 372 371 370 369 368 367 366 365 364 363 362 361 360 359 358 357 356 355 354 353 352 351 350 349 348 347 346 345 344 343 342 341 340 339 338 337 336 335 334 333 332 331 330 329 328 327 326 325 324 323 495 494 493 492 491 490 489 488 487 486 485 484 483 482 481 480 479 478 477 476 475 474 473 472 471 470 469 468 467 466 465 464 463 462 461 460 459 458 457 456 455 454 453 452 451 450 449 448 447 446 445 444 443 442 441 440 439 438 437 436 435 434 433 432 431 430 429 428 427 426 425 424 423 422 421 420 419 418 417 416 415 414 496 413 412 411 410 409 408 500 499 498 497 407 406
405 404 403 402 401 400 399 398 397 396 395 394 393 392 391 390 389 388 387 386 385 384 383 382 381 380 379 378 377 376 375 374 373 372 371 370 369 368 367 366 365 364 363 362 361 360 359 358 357 356 355 354 353 352 351 350 349 348 347 346 345 344 343 342 341 340 339 338 337 336 335 334 333 332 331 330 329 328 327 326 325 324 323 322 321 320 319 318 317 496 495 494 493 492 491 490 489 488 487 486 485 484 483 482 481 480 479 478 477 476 475 474 473 472 471 470 469 468 467 498 497 466 465 464 463 462 461 460 459 458 457 456 455 454 453 452 451 450 449 448 447 446 445 444 443 442 441 440 439 438 437 436 435 434 433 432 431 430 429 428 427 426 425 424 423 422 421 420 419 418 417 416 415 414 413 412 411 410 409 408 407 406 316 315 314 313 312 311 310 309 308 307 306 305 304 303 302 301 300 299 298 297 296 295 294 293 292 291 290 289 288 287 286 285 284 283 282 281 280 279 278 277 276 275 274 273 272 271 270 269 268 267 266 265 264 263 262 261 260 259 258 257 256 255 254 253 252 251 250 249 248 247 246 245 244 243 242 241 240 239 238 237 236 235 234 233 232 231 230 229 228 227 226 225 224 223 222 221 220 219 218 217 216 215 214 213 212 211 210 209 208 207 206 205 204 203 202 201 200 199 198 197 196 195 194 193 192 191 190 189 188 187 186 185 184 183 182 181 180 179 178 177 176 175 174 173 172 171 170 169 168 167 166 165 164 163 162 161 500 499 160 159 158 157 156 155 154 153 152 151 150 149 148 147 146 145 144 143 142 141 140 139 138 137 136 135 134 133 132 131 130 129 128 127 126 125 124 123 122 121 120 119 118 117 116 115 114 113 112 111 110 109 108 107 106 105 104 103 102 101 100 99 98 97 96 95 94 93 92 91 90 89 88 87 86 85 84 83 82 81 80 79 78 77 76 75 74 73 72 71 70 69 68 67 66 65 64 63 62 61 60 59 58 57 56 55 54 53 52 51 50 49 48 47 46 45 44 43 42 41 40 39 38 37 36 35 34 33 32 31 30 29 28 27 26 25 24 23 22 21 20 19 18 17 16 15 14 13 12 11 10 9 8 7 6 5 4 3 2 1
101 100 99 98 97 96 95 94 93 92 91 90 89 88 87 86 85 84 83 82 81 80 79 78 77 436 435 434 433 432 431 430 429 428 427 426 425 424 423 422 421 420 419 418 417 416 415 414 413 412 411 410 409 408 407 406 405 404 403 402 401 400 399 398 397 396 395 394 393 392 391 390 389 388 387 386 385 384 383 382 381 380 379 378 377 376 375 374 373 372 371 370 369 368 367 366 365 364 363 362 361 360 359 358 357 356 355 354 353 352 351 350 349 348 347 346 345 344 343 342 341 340 339 338 337 336 335 334 333 332 331 330 329 328 327 326 325 324 323 322 321 320 319 318 317 316 315 314 313 312 311 310 309 308 307 306 305 304 303 302 301 300 299 298 297 296 295 294 293 292 291 290 289 288 287 286 285 284 283 282 281 280 279 278 277 276 275 274 273 272 271 270 269 268 267 266 265 264 263 262 261 260 259 258 257 256 255 254 253 252 251 250 249 248 247 246 245 244 243 242 241 240 239 238 237 236 235 234 233 232 231 230 229 228 227 226 225 224 223 222 221 220 219 218 217 216 215 214 213 212 211 210 209 208 207 206 205 204 203 202 201 200 199 198 197 196 195 194 193 192 191 190 189 188 187 186 185 184 183 182 181 180 179 178 177 176 175 174 173 172 171 170 169 168 167 166 165 164 163 162 161 160 159 158 157 156 155 154 153 152 151 150 149 148 147 146 145 144 143 142 141 140 139 138 137 136 135 134 133 132 131 130 129 128 127 126 125 483 482 481 480 479 478 477 476 475 474 473 472 471 470 469 468 467 466 465 464 463 462 461 460 459 458 457 456 455 454 453 452 451 450 449 448 447 446 445 444 443 442 441 440 439 438 437 124 123 122 121 120 119 118 117 116 115 114 113 112 111 110 109 108 107 106 105 104 103 102 76 75 74 73 72 71 70 69 68 67 66 65 64 63 62 61 60 59 58 57 56 55 54 53 52 51 50 49 48 47 46 45 44 43 42 41 40 39 38 37 36 35 34 33 32 31 30 495 494 493 492 491 490 489 488 487 486 485 484 29 28 27 26 25 24 23 22 21 498 497 496 20 19 18 17 16 15 14 13 12 11 10 9 8 7 6 5 4 3 2 1 499 500
13 12 11 10 292 291 290 289 288 287 286 285 284 283 282 281 280 279 278 277 276 275 274 273 272 271 270 269 268 267 266 265 264 263 262 261 260 259 258 257 256 255 254 253 252 251 250 249 248 247 246 245 244 243 242 241 240 239 238 237 236 235 234 233 232 231 230 229 228 227 226 225 224 223 222 221 220 219 218 217 216 215 214 213 212 211 210 209 208 207 206 205 204 203 202 201 200 199 198 197 196 195 194 193 192 191 190 189 188 187 186 185 184 183 182 181 180 179 178 177 176 175 174 173 172 171 170 169 168 167 166 165 164 163 162 161 160 159 158 157 156 155 154 153 152 151 150 149 148 147 146 145 144 143 142 141 140 139 138 137 136 135 134 133 132 131 130 129 128 127 126 125 124 123 122 121 120 119 118 117 116 115 114 113 112 111 110 109 108 107 106 105 104 103 102 101 100 99 98 97 96 95 94 93 92 91 90 89 88 87 86 85 84 83 82 81 80 79 78 77 76 75 74 73 72 71 70 69 68 67 66 65 64 63 62 61 60 59 58 57 56 55 54 53 52 51 50 49 48 47 46 45 44 43 42 41 40 39 429 428 427 426 425 424 423 422 421 420 419 418 417 416 415 414 413 412 411 410 409 408 407 406 405 404 403 402 401 400 399 398 397 396 395 394 393 392 391 390 389 388 387 386 385 384 383 382 381 380 379 378 377 376 375 374 373 372 371 370 369 368 367 366 365 364 363 362 361 360 359 358 357 356 355 354 353 352 351 350 349 348 347 346 345 344 343 342 341 340 339 338 337 336 335 334 333 332 331 330 329 328 327 326 325 324 323 322 321 320 319 318 317 316 315 314 313 312 311 310 309 308 307 306 305 304 303 302 301 300 299 298 500 499 498 497 496 495 494 493 492 491 490 489 488 487 486 485 484 483 482 481 480 479 478 477 476 475 474 473 472 471 470 469 468 467 466 465 464 463 462 461 460 459 458 457 456 455 454 453 452 451 450 449 448 447 446 445 444 443 442 441 440 439 438 437 436 435 434 433 432 431 430 297 296 295 294 293 38 37 36 35 34 33 32 31 30 29 28 27 26 25 24 23 22 21 20 19 18 17 16 15 14 9 8 7 6 5 4 3 2 1
299 298 297 296 295 294 293 292 291 290 289 288 287 286 285 284 283 282 281 280 279 278 277 276 275 274 273 272 271 270 269 268 267 266 265 264 263 262 261 260 259 258 257 256 255 254 253 252 251 250 249 248 247 246 245 244 243 242 241 240 239 238 237 236 235 234 233 232 231 230 229 228 227 226 225 224 223 222 221 220 219 218 217 216 215 214 213 212 211 210 209 208 207 206 205 204 203 202 201 200 199 198 197 196 195 194 193 192 191 190 189 188 187 186 185 184 183 182 181 180 179 178 177 176 175 174 173 172 171 170 169 168 167 166 165 164 163 162 161 160 159 158 157 156 155 154 153 152 151 150 149 148 147 146 145 144 143 142 141 140 139 138 137 136 135 134 133 132 131 130 129 128 127 126 125 124 123 122 121 120 119 118 117 116 115 114 113 112 111 110 109 108 107 106 105 104 103 102 101 100 99 98 97 96 95 94 93 92 91 90 89 88 87 86 85 84 83 82 81 80 79 78 77 76 75 74 73 72 71 70 69 68 67 66 65 64 63 62 61 60 59 58 57 56 55 54 53 52 51 50 49 48 47 46 45 44 43 42 41 40 39 38 37 36 35 34 33 32 31 30 29 28 27 26 25 24 23 22 21 20 19 18 17 16 15 497 496 495 494 493 492 491 490 489 488 487 486 485 484 483 482 481 480 479 478 477 476 475 474 473 472 471 470 469 468 467 466 465 464 463 462 461 460 459 458 457 456 455 454 453 452 451 450 449 448 447 446 445 444 443 442 441 440 439 438 437 436 435 434 433 432 431 430 429 428 427 426 425 424 423 422 500 499 498 421 420 419 418 417 416 415 414 413 412 411 410 409 408 407 406 405 404 403 402 401 400 399 398 397 396 395 394 393 392 391 390 389 388 387 386 385 384 383 382 381 380 379 378 377 376 375 374 373 372 371 370 369 368 367 366 365 364 363 362 361 360 359 358 357 356 355 354 353 352 351 350 349 348 347 346 345 344 343 342 341 340 339 338 337 336 335 334 333 332 331 330 329 328 327 326 325 324 323 322 321 320 319 318 317 316 315 314 313 312 311 310 309 308 307 306 305 304 303 302 301 300 14 13 12 11 10 9 8 7 6 5 4 3 2 1
347 346 345 344 343 342 341 340 339 338 337 336 335 334 333 332 331 330 329 328 327 326 325 324 323 322 321 320 319 318 317 316 315 314 313 312 311 310 309 308 307 306 305 304 303 302 301 300 299 298 297 296 295 294 293 292 291 290 289 288 287 286 285 284 283 282 281 280 279 278 277 276 275 274 273 272 271 270 269 268 267 266 265 264 263 262 261 260 259 258 257 256 255 254 253 252 251 250 249 248 247 246 245 244 243 242 241 240 239 238 237 236 235 234 233 232 231 230 229 228 227 226 225 224 223 222 221 220 219 218 217 216 215 214 213 212 211 210 209 208 207 206 205 204 203 202 201 200 199 198 197 196 195 194 193 192 191 190 189 188 187 186 185 184 183 182 181 180 179 178 177 176 175 174 173 172 171 170 169 168 167 166 165 164 163 162 161 160 159 158 157 156 155 154 153 152 151 150 149 148 147 146 145 144 143 142 141 140 139 138 137 136 135 134 133 132 131 130 129 128 127 126 125 124 123 122 121 120 119 118 117 116 115 114 485 484 483 482 481 480 479 478 477 476 475 474 473 472 471 470 469 468 467 466 465 464 463 462 461 460 459 458 457 456 455 454 453 452 451 450 449 448 447 446 445 444 498 497 496 495 494 493 492 491 490 489 488 487 486 443 442 441 440 439 438 437 436 435 434 433 432 431 430 429 428 427 426 425 424 423 422 421 420 419 418 417 416 415 414 413 412 411 410 409 408 407 406 405 404 403 402 401 400 399 398 397 396 395 394 393 392 391 390 389 388 387 386 385 384 383 382 381 380 379 378 377 376 375 374 373 372 371 370 369 368 367 366 365 364 363 362 361 360 359 358 357 356 355 354 353 352 351 350 349 348 113 112 111 110 109 108 107 106 105 104 103 102 101 100 99 98 97 96 95 94 93 92 91 90 89 88 87 86 85 84 83 82 81 80 79 78 77 76 75 74 73 72 71 70 69 68 67 66 65 64 63 62 61 60 59 58 57 56 55 54 53 52 51 50 49 48 47 46 45 44 43 42 41 40 39 38 37 36 35 34 33 32 31 30 29 28 27 26 25 24 23 22 21 20 19 500 499 18 17 16 15 14 13 12 11 10 9 8 7 6 5 4 3 2 1
28 27 26 25 24 23 22 21 20 19 18 17 16 15 14 13 12 11 10 9 8 7 6 5 4 3 71 70 69 68 67 66 65 64 63 62 61 60 59 58 57 56 55 54 53 52 51 50 49 48 47 46 45 44 43 42 41 40 39 38 37 36 35 34 33 32 31 320 319 318 317 316 315 314 313 312 311 310 309 308 307 306 305 304 303 302 301 300 299 298 297 296 295 294 293 292 291 290 289 288 287 286 285 284 283 282 281 280 279 278 277 276 275 274 273 272 271 270 269 268 267 266 265 264 263 262 261 260 259 258 257 256 255 254 253 252 251 250 249 248 247 246 245 244 243 242 241 240 239 238 237 236 235 234 233 232 231 230 229 228 227 226 225 224 223 222 221 220 219 218 217 216 215 214 213 212 211 210 209 208 207 206 205 204 203 202 201 200 199 198 197 196 195 194 193 192 191 190 189 188 187 374 373 372 371 370 369 368 367 366 365 364 363 362 361 360 359 358 357 356 355 354 353 352 351 350 349 348 347 346 345 344 343 342 341 340 339 338 337 336 335 334 333 332 331 330 329 328 327 326 325 324 323 322 321 186 185 184 183 182 181 180 179 178 177 176 175 174 173 172 171 170 169 168 167 166 165 164 163 162 161 160 159 158 157 156 155 154 153 152 151 150 149 148 147 435 434 433 432 431 430 429 428 427 426 425 424 423 422 421 420 419 418 417 416 415 414 413 412 411 410 409 408 407 406 405 404 403 402 401 400 399 398 397 396 395 394 393 392 391 390 389 388 387 386 385 384 383 382 381 380 379 378 377 376 375 146 145 144 143 142 141 140 139 138 137 136 135 134 133 132 131 130 129 128 127 126 125 124 123 122 121 120 119 118 117 116 115 114 113 112 111 110 109 108 107 106 105 104 103 102 101 100 99 98 97 96 95 94 93 92 91 90 89 88 87 86 85 84 500 499 498 497 496 495 494 493 492 491 490 489 488 487 486 485 484 483 482 481 480 479 478 477 476 475 474 473 472 471 470 469 468 467 466 465 464 463 462 461 460 459 458 457 456 455 454 453 452 451 450 449 448 447 446 445 444 443 442 441 440 439 438 437 436 83 82 81 80 79 78 77 76 75 74 73 72 30 29 2 1
0
0
