442
2
4
8
16
32
64
128
256
512
1024
2048
4096
8192
16384
32768
65536
131072
262144
524288
1048576
2097152
4194304
8388608
16777216
33554432
67108864
134217728
268435456
536870912
1073741824
2147483648
4294967296
8589934592
17179869184
34359738368
68719476736
137438953472
274877906944
549755813888
1099511627776
2199023255552
4398046511104
8796093022208
17592186044416
35184372088832
70368744177664
140737488355328
281474976710656
562949953421312
1125899906842624
2251799813685248
4503599627370496
9007199254740992
18014398509481984
36028797018963968
72057594037927936
144115188075855872
288230376151711744
576460752303423488
1152921504606846976
2305843009213693952
4611686018427387904
9223372036854775808
18446744073709551616
36893488147419103232
73786976294838206464
147573952589676412928
295147905179352825856
590295810358705651712
1180591620717411303424
2361183241434822606848
4722366482869645213696
9444732965739290427392
18889465931478580854784
37778931862957161709568
75557863725914323419136
151115727451828646838272
302231454903657293676544
604462909807314587353088
1208925819614629174706176
2417851639229258349412352
4835703278458516698824704
9671406556917033397649408
19342813113834066795298816
38685626227668133590597632
77371252455336267181195264
154742504910672534362390528
309485009821345068724781056
618970019642690137449562112
1237940039285380274899124224
2475880078570760549798248448
4951760157141521099596496896
9903520314283042199192993792
19807040628566084398385987584
39614081257132168796771975168
79228162514264337593543950336
158456325028528675187087900672
316912650057057350374175801344
633825300114114700748351602688
3
5
9
17
33
65
129
257
513
1025
2049
4097
8193
16385
32769
65537
131073
262145
524289
1048577
2097153
4194305
8388609
16777217
33554433
67108865
134217729
268435457
536870913
1073741825
2147483649
4294967297
8589934593
17179869185
34359738369
68719476737
137438953473
274877906945
549755813889
1099511627777
2199023255553
4398046511105
8796093022209
17592186044417
35184372088833
70368744177665
140737488355329
281474976710657
562949953421313
1125899906842625
2251799813685249
4503599627370497
9007199254740993
18014398509481985
36028797018963969
72057594037927937
144115188075855873
288230376151711745
576460752303423489
1152921504606846977
2305843009213693953
4611686018427387905
9223372036854775809
18446744073709551617
36893488147419103233
73786976294838206465
147573952589676412929
295147905179352825857
590295810358705651713
1180591620717411303425
2361183241434822606849
4722366482869645213697
9444732965739290427393
18889465931478580854785
37778931862957161709569
75557863725914323419137
151115727451828646838273
302231454903657293676545
604462909807314587353089
1208925819614629174706177
2417851639229258349412353
4835703278458516698824705
9671406556917033397649409
19342813113834066795298817
38685626227668133590597633
77371252455336267181195265
154742504910672534362390529
309485009821345068724781057
618970019642690137449562113
1237940039285380274899124225
2475880078570760549798248449
4951760157141521099596496897
9903520314283042199192993793
19807040628566084398385987585
39614081257132168796771975169
79228162514264337593543950337
158456325028528675187087900673
316912650057057350374175801345
633825300114114700748351602689
1
3
7
15
31
63
127
255
511
1023
2047
4095
8191
16383
32767
65535
131071
262143
524287
1048575
2097151
4194303
8388607
16777215
33554431
67108863
134217727
268435455
536870911
1073741823
2147483647
4294967295
8589934591
17179869183
34359738367
68719476735
137438953471
274877906943
549755813887
1099511627775
2199023255551
4398046511103
8796093022207
17592186044415
35184372088831
70368744177663
140737488355327
281474976710655
562949953421311
1125899906842623
2251799813685247
4503599627370495
9007199254740991
18014398509481983
36028797018963967
72057594037927935
144115188075855871
288230376151711743
576460752303423487
1152921504606846975
2305843009213693951
4611686018427387903
9223372036854775807
18446744073709551615
36893488147419103231
73786976294838206463
147573952589676412927
295147905179352825855
590295810358705651711
1180591620717411303423
2361183241434822606847
4722366482869645213695
9444732965739290427391
18889465931478580854783
37778931862957161709567
75557863725914323419135
151115727451828646838271
302231454903657293676543
604462909807314587353087
1208925819614629174706175
2417851639229258349412351
4835703278458516698824703
9671406556917033397649407
19342813113834066795298815
38685626227668133590597631
77371252455336267181195263
154742504910672534362390527
309485009821345068724781055
618970019642690137449562111
1237940039285380274899124223
2475880078570760549798248447
4951760157141521099596496895
9903520314283042199192993791
19807040628566084398385987583
39614081257132168796771975167
79228162514264337593543950335
158456325028528675187087900671
316912650057057350374175801343
633825300114114700748351602687
1
1
2
3
5
8
13
21
34
55
89
144
233
377
610
987
1597
2584
4181
6765
10946
17711
28657
46368
75025
121393
196418
317811
514229
832040
1346269
2178309
3524578
5702887
9227465
14930352
24157817
39088169
63245986
102334155
165580141
267914296
433494437
701408733
1134903170
1836311903
2971215073
4807526976
7778742049
12586269025
20365011074
32951280099
53316291173
86267571272
139583862445
225851433717
365435296162
591286729879
956722026041
1548008755920
2504730781961
4052739537881
6557470319842
10610209857723
17167680177565
27777890035288
44945570212853
72723460248141
117669030460994
190392490709135
308061521170129
498454011879264
806515533049393
1304969544928657
2111485077978050
3416454622906707
5527939700884757
8944394323791464
14472334024676221
23416728348467685
37889062373143906
61305790721611591
99194853094755497
160500643816367088
259695496911122585
420196140727489673
679891637638612258
1100087778366101931
1779979416004714189
2880067194370816120
4660046610375530309
7540113804746346429
12200160415121876738
19740274219868223167
31940434634990099905
51680708854858323072
83621143489848422977
135301852344706746049
218922995834555169026
354224848179261915075
573147844013817084101
927372692193078999176
1500520536206896083277
2427893228399975082453
3928413764606871165730
6356306993006846248183
10284720757613717413913
16641027750620563662096
26925748508234281076009
43566776258854844738105
70492524767089125814114
114059301025943970552219
184551825793033096366333
298611126818977066918552
483162952612010163284885
781774079430987230203437
1264937032042997393488322
2046711111473984623691759
3311648143516982017180081
5358359254990966640871840
8670007398507948658051921
14028366653498915298923761
22698374052006863956975682
36726740705505779255899443
59425114757512643212875125
96151855463018422468774568
155576970220531065681649693
251728825683549488150424261
407305795904080553832073954
659034621587630041982498215
1066340417491710595814572169
1725375039079340637797070384
2791715456571051233611642553
4517090495650391871408712937
7308805952221443105020355490
11825896447871834976429068427
19134702400093278081449423917
30960598847965113057878492344
50095301248058391139327916261
81055900096023504197206408605
131151201344081895336534324866
212207101440105399533740733471
343358302784187294870275058337
555565404224292694404015791808
898923707008479989274290850145
