1000
125087573735097783153247008057
74752402961181238529705543050
425210098838069941099195431429
21708017498888875094193789800
292746473532028578343843150370
383089982887581359354333759761
298939484962850963519975478637
90665991444930546327135832749
104952307367005854169088291492
336122829438457765412038171382
272422139479262396279941735396
620271898779417409075991991823
354335593449173219300718171075
807254394729539358833003319848
344416365959861134193810081695
234581149046272158425027438300
755445044050872253708766505219
183536449007528348739672748582
778205038875089205919240346687
740561263142774299228449045568
661135948666972254929664884115
6608529645185190523420948360
232178211673406062943299791808
415332025761807760336797919201
207478526297095211802134198756
280287756071751543493093576387
837237941630418054356729159621
696660172328045553131358423919
383985255817503295632098737616
356219766765669330369865843870
122405129249647516925694126841
402654077533380481621888453118
82274688871904378910278803404
156482156438526223780464108437
181589303674821605807179136659
439432547630141462071693398268
739604049101181546306543282703
841303874560394789460997181401
235268700528232773856419983439
200904016854119975283311131947
90122595083858238988493678168
39605511875507508607291359866
149272620314304051593175803136
504235785801103421389262198017
465542427515476636640372858464
815673404897297773001035347546
77867690348378207877568914707
485555201173133070186240331826
204263694168662812793261013823
527279375170790985980614319348
64919665431549269871294547189
130640276845843654035771634092
834185314345655489209641992519
116092472142359570340177522425
408000758603247711594975953178
82256611115491404068040710732
211391855953031763753387749645
213714010269950264042847123539
608295990105502674982652779400
187506290276380276547698989316
365305118282236136640922912725
211212543308021225447156334618
120568805622952671490906919382
335659533442906510431664499436
374960191342831953566881161161
136906708868255835800758317824
410909336741495932649578472398
487257496270862403066404888566
81628845708943667425429068331
273925908541388931355412234675
608949957901096094397419889847
313470897484540377571835374186
718246541945298144257587692861
218722593859455556848981667487
554134347510447707863743590654
143139123391392125712757970435
537720305958863066312784551141
163104821476118907374626452085
170296473185007118305283599743
269393072347817211281834656973
635701419031724215906210875697
276352052080893338215533739540
262064098899481858469108345169
13305168979445844300574596985
444296696260484634115690073594
116202227473908132116374654229
104699428382069852972414873526
304650001036870933708635706756
556630962600444479612843938355
322409748152470615019794164609
403923642499140625242808950662
549624969912635419261697800865
564868611842431393363947797520
827554464219401925542071851462
660437755344349146807347696875
438211027999710317471133022928
316268843297473001130216276675
44305580432154214846202710274
257938625584420675958506123556
499595003642500514929859993080
333171734905100303415448198443
152536468787547097234148577894
96597417842337084976577491732
326352463695673248739275985400
3121080278125955671901740954
334377932816053773598227948606
223823545959646766052811250726
374935551292647904322763026052
385458709921257061854100359211
535018408758327432840256864342
543684801711017263242353576999
14329792960712181605713012403
141634103250537509229290357099
322548650415678323337208793760
79792044598377144294104415131
126747414611224721047505403199
567397902164155073404553555946
441875248001213981536470647588
387285557306076614463074061239
202883455774448664161007553684
98952044225587513759972114104
120669277198421547199782928379
267062598750773103461817239459
3790779650648493663178847127
90934624700674386662899661660
716056998755972972301634462222
54328898649493165844469626674
96965859044381877631581606567
80283441571203846212798937118
5717916987597833274440708489
331995409351853964928731524462
533362302231198347445082792113
203872026321807286903080588230
543325765483407004830805984679
10635184308040170403550922536
636658890696833151830424227664
686946565969131560438848482826
227530873581228191689624138977
222537390345970994230649593443
255110389220281654689619302406
2095643970258740839059845609
102537424222394336840383499941
240479712267958766078248588720
48374515065009039113146648337
566663074793545292948797801201
706163164126318163780893946853
118909596011940993260462422150
538297599898746550670632571835
166035087664747567398241612144
36850207002923038950939670094
506619604878513453184213322476
367958014342147987175088371104
214119345495734366320271123166
42723259391461184495628177105
20334424682058316055027629947
8078151144989375204335930436
42192958037655861136971896366
737158896945706125081831670351
57768621761467383573909040472
35205205160987839233964847473
100278671657381984895121474911
25412169044719039038409999289
223908295726002889999777435195
396494964094415589729574063598
184468478576936359808168659901
633401327379855955097297131554
638057764343056176012671312239
227395920453535396613901637038
22799455645934278582943914158
844721709254549493068178187770
78507132274747623357882001022
723750147859792885279112000819
114380203413451592113602421949
170135158243777702723949446418
658576096283123116523620107493
687823840498051715668919548077
285362930541722755411250571954
160704183807242623576367513228
585255153854517345677495357448
620492179652167772501949978135
566654080639685657058438112407
231894196484963996222757248697
281931703461014444903073063931
698563141407806079319031347717
261359342835553951191818776154
365752868541823292898614358995
10345385291577744494019342853
119578011660696445355829547130
230844232845242233000666434013
834322935726816406862441876809
732586160586722845354502447969
129745263921801368736423796249
281018984827535942128205388857
406336376697417429749742443517
197786797117210190593262281883
342576816866435245048561020668
423115763853927075615429667704
604989932582590107768218521542
568857762620335247221184382521
733705878602169053854546035013
49449388255560699717185805261
18593329402939216580654012532
478135921280082393894018831470
434072055605047653263210516684
405449979578916652764816935974
25371600821126814274843018349
353804890660707943536905913268
686298010142392253120150936726
423480430112247381616198407417
10107507124471067860646280025
105885136300014387471392541023
309824540666366186066507021280
258621359823344320434408888113
16511164344661619029845447283
38945581566986535739335262042
324635373820055699069076933832
348433000683831142158389575578
565803501820827684220867408597
55326583815431849160301308713
417851221486245959182677382509
316534141097905075475143216644
489404907673747528377522650063
327628441761795496312446586341
171469999784607513725536610608
415335807725445835089509141107
543992758955161443772475268475
561127452956554518975289404766
364355964441927986775755324723
230607165165798546967122833949
628984300505892475967827106222
136349215981940350730250718081
590709481548088522990291596853
567516247857978178565441053128
333639962688566137448359304347
387289982465682740130763790278
285730179308589098117719078356
266720864636209236259054648633
372261449602652940842688870877
824166344285129719787105445379
363528141480304359271672487573
95866369099348839359580591212
108937534970993348867350685000
362481153256909278829282258544
12465007108385552135805750123
404827899626929625972997241397
156509715960240244856304622871
57734859277873534161017629220
29978604617791717964869234531
290277728570856351007002675850
30552550559938474291129508835
347627583731654645269591860779
572540490476731531371769437460
293097508266231571461158158491
820294245114508368327911516472
293875218918631947034648580946
280861887121305416378503967303
314908642955750945936485674013
178443493735826324867012166261
623543563591788667860700304003
654535228907505324840712522014
154008249526816585829347682771
372550716929257927449425725544
772534419800979883262747092700
707132112149374651488707768965
358776485648191551771465750792
520013231369451557995128957047
355396803180939106812155078639
431733244905573905088513655062
414221996099003959470895702689
617856449132634999621526818747
48489881691267065674763336480
263507425974843578282445339014
168940568654142216738041351679
168736088996053655692245791701
413529652190754102406769188876
545215875285544193194457395210
740005182184838438028617333326
213266328708331346082011212130
69178674089831214365339424130
84916962210040532281589540450
373825356702519727614326212062
740345553727393937168177508684
46580824639978262656267616942
699899579065840471751017528254
17879809301272385142885130859
587404608812031927657612650118
767355580788534415390665939823
197623729554289168647094751199
149779141388162069592035641731
341777614731598619082094142708
571234857694982828497295468094
695698671143529867942766096679
624076141831283314212716628813
363773012248962431067516652492
109804126440686829986494872167
32266130512079813738734310970
494617244116022191514463727699
45096471251131528904234969035
241758050962578122059074898289
6073038957400109121311181886
590357788242267880669783138145
187311910091408843755928849416
379701099091312675684168667060
26589713394997683857603781543
219277012798691858056731952112
305286328190878590119148426797
242285706808112048516091040327
181913118051113108321994358305
421765988168274128792235239683
433167128031390704812276078652
151856607472890090376664188988
164952011978876950615072562260
801290412219097024248579315068
133749184080619453104898852135
122152988898659761700223997863
582377902697371015019659408942
219513879949968121924086506594
300411572090409989043531531500
239929642189748094108496289460
157885136544310665519179811181
552911260474397358273097539593
421188187311785369876562124469
183602503934743123236598040296
150175313635367641772188426861
586148191186155092094280164418
376913223706627031598241794741
58511899800403653787862294105
321598105484446334288324398167
177137409222928510488705575862
637364230927740109777272866361
535487812402659078059752074745
496686667336560188042502995887
737636538538889698053842620649
61430535220720117266846381653
281622777660021862925192432027
524814016803641378639069496772
35897928390214406903462642776
188819543181428722575021987668
1071892948284355900075364774
646289004276241479636264015437
312112055077350209623663593581
252764033913478202770595879037
687004532467692974857281394446
608106524379679037321313584098
606208672888748841828814087016
772321728173554184510666305024
685501357800763201378896314330
11210427328652001543581796746
734441087221749045780019887308
63278090533007661314299284044
243309212115044419598413452124
819066824899461253721742725004
651711330025050249173800405360
70820260024987529342473415722
227665335790203214582300685035
135206045092335696394489732963
200526659434763940836260605404
427706990013640081260099051787
561091700727062256569868856900
474095104742677177800316254495
87728745361396042314439409959
8257445858520485089004345031
816151464124752741680280542178
687894332117972422765891240883
473449668242264301439539039940
271117325714863743388987501108
187581900086169675489240469139
131014307566415941672507410495
377910996947896789835258156528
14956346870140730464262746413
807960379680506983316048743089
151405759658383465892776482398
251376808931379032253009094329
44829654877136632931010452712
535104164935627859220174519578
652291050569861540562976628933
350418971918393312388881587876
242874785646686800224943895273
438510574193548887967183016896
286286897065193482563231738975
101315896529528439590680291980
267793198185791551301760353952
295001788696613408299193740805
781142011239500339523641294920
647324049992498550723201064408
368438185782769557930404866565
88773204159902860966274293213
10534838318284175731335391018
12058482889274772444245276963
808422724450015554542476781656
192791729426142212111071887996
577473713464262622125583105350
523535174574475098685312109799
331490478394422830468537353134
9629224696182494265979312668
143203361324483700678559664483
391850225700176836331581477901
192808394908532799005945280671
233934917236245208152576756942
221423036995246782260004293248
88363330060337808348668108950
22691597161039478262996125517
721577335053170089000742563582
394112086261219204166171569552
31234793730659242049024774739
750149400389965084800857454057
132303310455045181392425954604
265419358857101236151228015341
350070040806754131928396085693
271244156730677675566889298519
287752579584522345771096365275
43919260795693593985429936276
525917708554781918394011036209
673814579954525951369900337252
674361984497118688667132200693
89004770102075551300445810880
422240018936830262085877364380
284185932041390812537236766801
578383918517649879071917501475
9098503249076563541179767274
29869948468577662004687754894
58627474079937762594605234455
115114703228571813401950595779
128338586953600954250468350364
390935504519528866997872404616
68072500162359203130374207070
666356731143211771050041183164
146140220964637600556873132371
192314539761859396526173936084
275712065695101263048780568269
312645637021413093124083000026
777634475543140954470504522943
373673090327507237428800763411
262443587088615454658457794326
492137171287294573660659490073
64563467096418615770311011583
219424252994220556777550169887
336757554789039745072334912007
346982647085568297644457517435
465700906228925096493329032268
415636715098500492138807075078
795409645806651315016545991540
12526638033886715323526221748
261944581657833789033870914931
559567214060619609052374249864
133852281567783962203539435644
196390581424896591190830568662
621952440996218748547357890843
388905538780520336116614003310
427606173839426225470352139724
199111688003817342277084876126
207341670662806108435155648921
411625653006734894532589256742
352300336910400919903405181293
159405861167754675952105574335
428823971039279295138887238129
166141892148301884623568267571
41818759563185427321138057620
30666359269053019483541682705
160649003618268934206103485114
157398886936582188230317176459
568651923010096338442937483825
333424323956551489035674192726
5679207359946841543765973742
226127771572435831046930356939
481172936599102144502558648272
92208577588734551672943255297
628804786734169035512244835672
601874294485290916208289465661
478481461098541781805362861042
360278185335660399202306198627
244920685236083192751852844113
333520497206660893078161957997
291991909902577563564944244002
375948298923804441255001322863
121610373499664635862996035699
6845869048258721234653041310
675563151210363474883725067974
840794976743354157467719967420
329909802194970247705587454833
793545059358039791959914947006
529780586635011519946062497330
362046094637297324466751092103
525478685127323278178533881568
346855030788638563853620357184
489623622763018260678441806442
206069376656974789550908870700
101896243353003046866192450576
528910432091538199427393258895
386456163231151773033945423844
446886194129471642342303599005
36719988510599551387762727471
172762964355639931801794997418
473733922073474622142698060386
391381853001255661744239014402
229439273579645434471423227526
278627970307320957787245266025
348347871082658401078817283787
297001809822898183257392290415
403569710257169785588170655218
275542128326878659793610539171
117674798800137249241145646815
532126834611802226422339083131
300359200880373996486864939001
743185362408841941625368842397
358884184860553399769750780370
23658294989896674679480575402
667323196654345984546303443387
420964273970133148456213916607
127717092580902825582480203558
843705964147788924260118711658
239206275299091247921272182004
244285651699903683888744663514
332298772574226584989302312485
189691603586644854944338843668
241326341217573986316124647590
422067267136678403184924877286
212998677313549314650692725098
379462099165823531276505020881
411390937630049106387704024377
38435079335701835026634176471
338791079346136400651135122117
322366139682976718216871479156
46468893727949712198461467562
727650243972583114344537844813
170779457993600715947178542716
226578973815871910066535320255
540354507831945872053125323939
792341828529865964446071045544
217984847529563188991093974332
307144641072262985583982435
190259394004760905852894775747
264445609057967702630774869132
514465974239041320974831777730
640637097613390191271975968091
355083581780195496224408312158
726913845208528227796588837524
65999159736421435112499463972
540430597110968429346535108080
124311444589687621381343167480
385805434915979738994465825779
124251506630415177047088095450
708944812373623452242523285981
538250177570365872901650342007
701221366187829409312013052035
8686536919372276686636911466
363120697415213023666713724842
290700514392466405015472457908
68422959695076394721263113898
179346628994764403530671866285
328377778637230379858205015817
286919039606368425969725161251
488360215219419628328376608002
169547293944167019033072635733
74295718762404804527480173694
638612332560558604414527649217
149056735902834064263160275704
682729041996373240918529013252
169910884241256227076678448955
167577145540624020115906275026
556432541121290861620569331301
517888731111467335906147345406
176517106721722810505766973315
368389489678428538982992647469
75216801162313767284519765315
605518569220813710611428788061
372464192096148985966762362228
187343409191550014468363468463
604586613052348553087748584226
21065115587279601237126797413
722016988826336320393565341611
165574935315251654008470064602
725792870809630631507016726817
408264759006785629423772737991
425772256814609981072876183872
495848113145187123188810967709
288256461776682217688275550882
579795378319161495572478944557
10090324711946299835808853349
230589148998069625363406830143
321954626073607191659752204490
700236373019602601367380080194
269312127960136027312430237225
312133812134635064095961741054
471927363239771810110038026761
91954564660448894145512648405
606872547296065232901346191959
192806283784967237437612190388
303305236428892642230145435302
691297444791062212083137577925
417286133221478057144270175260
828306566077650873780203994070
816084281400552998863534843469
297332517436969534864625770431
69818645076937407153120413642
332557767661558116977456596766
161156910660311495244751639081
324450613618271567931869697395
499215200620992646640835725620
144719637948984724410133887295
366574335252872318663638311316
483881945318211625748700893364
47092669939028177152114340938
585152512744720625293533847984
768113035499711049438935980302
138315572040904331967598389288
64468159252853354243590079602
172502590218400040706730915533
633072911817264383570700751186
387330421090851724135967556073
491882852583029936600647189955
36468988559623683443843285339
10197109741213779973383086860
238154044452162677431146550188
68035481633419978495385469656
127279277427177880024157127769
754681778678554919510913708084
260537392083084235817771088494
679221013531197119615323750817
264180910521780534322934725104
385284852654493644068265894706
123843152793460106727752291719
253468725023052123511543377465
525201117213187682365499479079
266312178606686106039990078650
361344572613383207481499950063
492760165304145927124666394725
415143999866704931546829664311
73309814218020238848073537412
9413983057589134468456524927
316137405150384171005136934030
682846426425553228637797252290
178606811112304589470611605447
705270902207935910688832500524
136100009528701238625226915938
60731353728775548060534837920
130961744021576427339489427138
648636922489077813117441009259
177739860475264020442854190809
8556110643437891590691351052
751944613364190724380345603495
649257014784038247104843004358
460263562945638373224429694313
5143688510070706101604771600
40719594913848737129853078514
398918477457774562353418411512
670721549283452005120897576211
23117248577957848294445595581
213170877588913328305721848912
544205410606301760026924968542
52280207958657671066510796989
668747787569813097242584832940
444736650969543237360166640820
582882741941604013696290962470
164966176614611688366259540182
84134712105565828279542632987
207429946587233943146556601105
372963054544602213143463849377
376131669706602453645140412797
773372462583931151925243413213
350687761201704118965511612737
210594404413535570580639465891
622916943070480574405002015662
760846743475166747182085767947
658423044535357735137336195276
450997952885163953722860238397
8405953586845236901966928733
451028284347080231068717968640
50008058305140195515529819861
203544779958194239646632113224
282381608969130922845757070073
67155313563547796960170901231
25943979843805716396970788021
369960075397999690000244997905
576645821212314597520597456342
481289812391143014707932230700
662117128652763597943950399391
724411057699260816364128394881
349669784141804581472645631207
485472966681780900806198807647
605460858376173707918981632797
570574200226409673060218913500
99277449076923237994761798020
359787449953349437108969576287
161935121345184088368131882379
651730981995760889056572236951
773161372027914730614954574262
477024285656104590897409012996
67384404771636437571988930373
773260228677109742121522402646
53912297837277488623268007311
689581908841805929940880807168
8921445148133031383643575088
346782521377023731745014052791
756840206622685888976768453104
122112303742962071076919849819
163536351264102086849482669128
185810265559757927400742281415
549642982962357092884365940447
156273484803617227737380444017
658103729044471230535180395050
349703238487112998920350475412
811353255237641252922073391923
566553137161755866287828711241
637992914173347537517429306327
286298911109684040759959769211
300974976889080873949585132077
594783333589021525065036983403
175447768728135358115762655769
134556973463635442200435426241
299824536927991914029477591477
391312803185618552315546202315
254461165020527034684176145789
171666921796105625081793772184
597413312155689296320799633388
15023527562807446942475609538
72105012336513622388311005554
641870880671597739070709231272
336457317684579752720504983247
260456772470222093933066027735
401324823833738729031804028075
463451197236410417670002385611
39140185048315678238303917500
535292146465186388557233837823
98569930884045727039437325027
466463468248049202890956471717
704578141305459911081521109770
577520738686411256356226124667
460942176280443497125956327181
369512849674369037467325869525
381686273695080231787931341399
23126924982050191657302800474
395123418455660161518450969278
675502257785878730204792537466
537811129736601697401542974572
51514900406346516092423225782
522088713336252006676651354020
480163720237357337816977294937
815926378749248957688093098154
682816950612962613136752561440
109407773225876641872387104374
644031022521484154313032118900
162982202798983369300791233235
335374079009641592132883350304
183334496315025516549236224671
584796239098344834991446774354
227430475294233840103742320960
397791880015539530041137226024
90806744652783652090948035146
354617684225761026469396416423
394934934711083302910162729296
55929080520559776823617692607
773919078139407435705190050421
333792092114032555379459923499
259073660550979814662173370603
235765656433712392366958538354
30082440553106610551750047633
567529587410170465993774689312
10553004342432246836747467914
56133344959060242951929416049
1684648184019394302336151498
360977306620979071518569432383
664196126588839600423839428084
27665498120124211511633074114
90348451882234286574516991967
172946293059620355642077796903
234730661415329182455667661182
309749837427786559977478372212
68782387117235727210457570476
732351055145390344279002822269
73737213635177549973437239136
332762733763096457904121333170
380600468651304446496290655052
81593613961756478150221824627
84574069604120986276095371656
202814486076774282299973276461
381016053533936321876230351209
210419090142663332890535481471
576979876765480312014192352228
111083961847677764720555088133
234793401253968538294208861640
186829153193889943177867340401
414283825095049392675140620720
8773694605155792982879404259
411155676716938851418748647845
692467322949919024162116586606
126386950159725556445402029953
526537129867811568174473792056
183082062773650717365323944181
630222016334740853992543314028
427484620964863855528928022632
769244515304101873947560400210
604147590003151697989149759864
174730576911617900894923010902
648770243728082166987195767842
356001567448808826431022473333
756719164264520903184814567997
386248728690367467551164493607
348379443927224588482181496515
159169607302018879021042411723
527474275101761310725748957694
250482961006769862776249449761
622232279713803601105518937851
656394039819909640347772038496
501527600988482596003949249553
393796400418765841947050489676
621891068789303691094102673409
257297577006077791856698876263
507851677506095773338731920918
600048640716558767430749481322
341388962422945969636814211660
383286910458637482984267008237
336645307957321348110474395100
75526260693292810243432581815
365148274703775010209774838555
60653212828808434233095676926
270336344923415813064625440823
14566414627911175965179124733
231425589480112912155943594983
426786013981261346806751363263
404417944807280537486817340618
484637628237460148186077032424
55060973307353760241758329651
841314162061191943791500888463
518399832885752683091055443824
188349154233886676745864420987
677840369049218355587356375638
534385867553509659916951385669
553540914095166462817217339655
373743252268439323134690560375
410554226086167462636790703360
574851084899689393069732187513
240363423630546306977704144260
210907898706020763842960543984
547248441488476059874371553164
782981501610950061394616164823
187552158379983904154948328006
660692648828716733610196514237
518623341018652802514730036926
733295701848296437782694264703
12185555587166783240105576000
503997309145461953625053499813
501168255284767764667237649026
804372309498257495604027793658
735536133606593984188753029137
131676635342014911792093805196
345144344345164778310091085644
102604837084920616729645430645
274913342471255617182188812610
56174623821089264368247077909
255460911080865902147398326874
152711745787008660671695396531
257677996614452862896887551896
587577221370003162197564189358
156460005242060801011739010252
795576080544516282843558742274
843939111107209634820004304905
118821984251060122018740906574
614988391293040928156288529500
347541550993855578220152329530
25117784696589372178688843792
696790390609395993960487224073
83112109374523724679095914711
70606660961222685836537052969
368306182130195846881815426372
342422611715675699462751514831
164199804141496663452467560249
320748551367941188132461684801
234245956495259647257775304431
337032249063928434704832294775
363364506141283341557790926802
529974175478397149791185908605
567756337020839764206150164400
412931578661784278984449371989
722685267917271727178580066535
477408737058568701451229339667
157871774286647231850635350848
294306037570199727001619991983
285026455857808902353779928893
249611102270360900751815458045
5100237728257357321870574136
732434023981774682334899532584
163919994850617401312472591861
23710224034384536364139194250
581273036917205633877028747829
667783715250655332827902642502
6494696028248632293582601218
290004370248673307295694001635
227505349887013659928875876889
296649594273095327156371253500
193288910547061446096234461305
586334765335308368049398552024
160239404159462476727753364244
370238172889005658547837494689
288298107113428454141381734314
106091485776421574954507287173
13267586569493706229254455013
367179955086658786933450308186
173921618874328772904248931172
718076505202372769833663270459
613724082303642482730681263721
326720301370961269830935965549
242965304410346452232065549695
27699375608340274115768565162
725112025645278972344239521654
439678373256561398845112931809
345770541872143571157562344209
677189371292080198986953165121
165789579335811267592837205128
748058090352936666755442814511
92354698593514995274829920926
191774719169218173021118310511
362734213904918657548596928775
775264843413676978366251995502
468954494046838351410416742895
795305151105962252751369806569
765486613965325481104286637322
270000410833660319320744596966
116142956392554422500081693991
382117530964799336093539950733
245776235993326408220833047087
144353331527300936793973510896
109605735025682596494709128428
173541375384012486131465842210
501226182365951035214583989800
832638259609125373563157320750
487871108270414206729191516425
374981625072454235450350593724
329198163187041491531613937041
391928396565453492844929325745
396067150726880093033549349770
25182145195373714604726243893
664650055241181176681365439251
303687979370201254793914716904
386894900279789757104497166965
710200763489444136201295705047
558786189497756814957097581332
819711333098049236593956988550
390140352292824240884146022025
325727644218350621967060877930
718744443920168737127012815241
843253538740115081252218641571
394890229337342970273047238936
400557241635554891549916373215
563045841959667513956931594872
263145184541226384926807123749
405771360061307434419796711102
453156562024518380133886176683
403913438042184574902337975749
677011808082189532857642927857
187005915001702219343367142558
162000000490942199623091754907
717173403824106240086924446742
302141091468750721900696427601
5346013549496386164863957211
818776750034372933100169682492
189177994857556428683899524780
327667683094550315229645180375
610821883363332945427015735229
107372981530771544899456202680
61711308319664580736363839071
614554119606283204379989339284
556709311486945805358590340225
413049611699048329967936630933
144732943265189678299369158531
174291428203865626035886764535
84581834994552608705441420973
300503284074378773708217482983
618728587451779822714972292150
278354123689431103867015011494
658129329798632704492090692466
105541330259242374620913470959
243243166251482951691895000613
394393981214415857255867444186
568998546404491912816796031895
358773170188616960426996189345
101397730240803027560542789673
753007264217561355716600102551
258744413425971811729829082743
252817399046045767024444618047
109435411946504336390088959940
44746177677661465644700975420
482977730238340025189829044779
280331645459505337717191916304
462791128671762930474551857279
39022164684725605900316924384
574025298346129721469764059065
260916049930281677248044729501
663445043814701158942911541388
236018671683905868518195735145
115903200378815107255420894834
238624688562426781948745631302
368634175216365500470785899084
173129863483807881427990854725
314488158260414088181942454413
47892979265267885153077246334
84192635312107570747423996241
181294136673200815334188199288
281535642312957066303567278213
815077457097169201563435691048
