978
1
8263134
108029373687313
58241827
988011505076775
259692620748559630797
719758
706281259
22154
36770
11
8364743881000162523833669
327757455861441
16098692774612931
9018561603
93493340871941842
816953421696650712
8491010333045468523586
358336742687917227491
1838792
40205401733521207376580286
11441
1752804036285409
20
1912794058956977897703307
39089463476365919063568694
521467068416097840258049887921
6108544178057244577306204
268
4497408203
84243646784563247619038458
7519413684141
38811723209606065718
84771395872513345967
90429230555
349553
496559209492804093788362
834090
2062
8644
5939
384527344935741344340195
585428526826048829672924386
1245256357719
4555785684090792697003
8959730
1745792119131441322
182350230
7075470025862
840664253085806
73889025774318419650406110
4453640792847940715
667368220303810831249411633
68177613294220880152655471
71880286
2447848508539
963109592464007182
56699
3
399815
3533706803944706821
9029387910272416069765365
4302755065
352594625
7463554
2772497840954458
16
2
780180901929000237387937293
939524278
50247177766623224742262578
797141190188820688707520740379
629594331107
43211785039369057383
604570185
6819066508161850408794814
5284360
10
5106900102656633944773598442
3459962361224
62
91382935031168309394461
5180032407496
571995267741719357903641584
6246881808583684
5870248292470
1054201391097909
67300388724602019
451917542385808344358914255861
5193800656
684
460776683500639668017616
721175287561375444555233
564515
185333529477947206704
706131415531951
743845637406661798615199913
33662195821647406414188102
66766083166919081156531
9185
9332196848430630
79904628120480142953548689
319483385594341633382
360828392864837560811567813262
15542816883348383047
456369160286421266794
726822625024612223625948672161
2151203
11206284
62467173898923
92213936805875513583790393
85952
86007847265581584822578500165
929678744430736115
19852758534997392
7330662649758554097177871687
3044743895460752862867
9858225622951804
11275412343427383
87849563374384312
1061151313803
3566
17734197005
5
83672417
42384151
8847444335103538158719816476
11350896663268
732129
5198944853676478257
425
26572364513459612997103
77786317737122338582739
3413451062
400
86
2172740775996895773399113
5353109421514841388
40238708109468892
42648225977724137510358
57160837130751
81365020841686307
961603031686432893780221783577
70641653899
2297586708165
60289231932181535599796
4866332423692
8258644168365484408
331
8856796748741000634
19089307462877048871
1754383
50660520273437670410
484046784
305917264537
23540537493512985967489649
7311660968353321126107
8456280301892002
1001377365453400750
6558943342079018
140372517023955901450448
57205441707978851
3081
566660530662410584071
737963651071
9
528104715157039626057527079551
6
5109822996625
69899675
6652917
89585
267926491138418056
719018355772977467843
4688993599460308282
61083031401074
2575973488124763440817715542
184809527265125718358
466566658
236107389
9052
341103699964232
93894948597460530736934
518973786677
1599581650128829
773022343626982497
834
85777557
335861
376608188310143153339
751504181313
70189691672408
6911
92169988516479069308437406246
757360752130384020602367844
8210790398887224126
33153532562100037933009905403
8567710693785649
2586743337715093747307650
3854494108546004
80
835738867779000456182677
82681638
16469399345253798846
5728758551853
625567599793902910
4393562
43593643557
8027774125002986961350046
26142955980555156985618
262919690069443090047354067859
153749369900018121070179
62042314805734555477556
4
9303870760764590952423708
803
7743520974645916055048858167
64341313978398642975152
504124358811566453
9055775
94
79245264147560
94543
555102311516170063934685010425
8259649495375433122330711251
41
89592159933620176769790459
432184894210345964
10347
957
6462228504669522540053246
489493747
418946468988
44738612
15570
696
1260554250763
839917974452
350681901253916200
442642257884559634084
772622
317971390470921
2605580731385
42535645308246815624726
39592005953
617598261
71384959394955682
79011514
34342382872470633559107000913
945862887064
5867988193917225323
195
204252327911537895
109663340569
7942466171321488917258719
1381415400034268628707
66
4539
3414129515506766667
8663197789797959303
43625190581542642629215
80094094695
3436802290
19238609964292706195
2913
212
578613861951
267988314342535090908369103293
8367
1705706682290903349
4056829756456
7
17328691145802444950029
3195
991349106519756949033133
936955890919341544538
95948280974405341960521838
218665999437957742983008
102344601418769018434
22754834481443
4210842142
24171370837013215285985484064
123141710728332
3194431638561516506
88754189853700284046012135858
76492682749740710798782
631806713241418
21751
39574958728919245999
14731678801
670
161962317
80344924546815102
43647482
9285103061343862616149
576906960411
19961713227526599
25084
9134869228310
54968584200959963959
96537549522886
1995241977986506
3634348882427794137837
46379152569722311
481259828044045092
5033484210046081139175369
42836
81758605082523244211985
210988
90662023745877051
70982651478055349100
32
11500
6532804660537
7288
176
151580138447787453549519609
16165
56701338858
91246218605528512595
5933
379915319170
5945
755165761
87110907230863874574413898
58794241477002540
3937285937865
79606889559934495
1764233026182
88500094402574956072602371
469079639118600667080628898719
470644594959055377247809
2402202
30022670864342974793
71267301799402511846
9979350906330665605498899895
40
82917403900472041234421
18829475928275345171574
449180889081143
7941
2319060373910720140777
874671454613701090636435191
55739663900405830
9864582709958
17739302
880676329545214755655633
986855700193045591885961957
899706216334334985527024408
701021014034741094539577476343
3935952929905141672598711147
6213502909737674700977669
9626345770027
83317420
2029797198600
53927287983276988445538413502
23657300
8347396112422173
34448
136053
8886
8041294605896295078
7626548442213505991692850
24821991822517938339259882766
2365
140546119296351
592778495507000280
40433655645
75939821643730384701112
588033782006990792
402225646
6684559760032342594
3680873707
529301640685658
506815
622994410346
576706809078
26434378452442674
7057902991011591
10686243343424133660
8645950483
766179973925396235
630403828270212248159664847
961514941325397103
690526607380288084059823
268124430831508
1181793746867967
764594401896641331
484
6314973896834572
9640460983170469496
682
3396075995807981809780888
804683040075566787115943441
248015715
28587811
4100767891064073678063
208967
8591145149711515443363731633
9575124252904307949
88177247419316251025376
248
53823122692291385355363199
16240479061265363868570722247
10170966016
725662386519735633236336
8875906
73567540481548
71349
879898423113685460134844
66
2302480173969125007857140
105
4949620
81439867480924464
15288910113434
3774217041
2565660544
7147
2452220605879318541159
521887200976438005012514
645990
29601969059728002537715
95841987371455224443602
9357932926
19829138970695744
7842
483325136
10448520001781352309
615
3003160987358052349367150
69
71299021784132341
7720560290972450043
243372196754731868262789947351
8
37372703
633096623732948495878923284
3079772950802767182239191454
6254359227981274013189855043
58683
4202850083813
3418082802357790786784377
446231010228612993990
233
167450
553551802773055105217596
1253394850759429069
3692003631
816323305407227141
29034705590003392992449528
2874836429917461090
178583298499694083845567470838
124701209770198313070
883975953813542475782830
47968
69027
796077210486595617
11922574527779137710260555
1809
7853779626
3745701717547506336713487
736598
506508039
164300522811378
154190079855157914298661414914
311474
7843617987
616336006579741
4765237912271852937
846452
52124900432981827
805100696666
25330206484604447693643
690914122715191
505
5485869228846995127045755728
37045549825700028560
3968531439675889370472221
1782140627231562696
175701
58169452313754192712272148
558098068652234274107133229291
49420510518509911394
24447955
9431580327194252307
4061890
9296
42142646687468673328885349
1382740748912
98855702180
3640026298927239235336885611
97010666789737536
467839858536512246608
98842174252373027331590
2674406547
48614036272079459746774
28383288737515066507
2396011507835801217966745
120701
9576968026229027184
3477871667907573847
4453370104584
891
182
144794288990700417
43391374
4349
65175637230122027720766
17274
566736526537907723779671
7746029957928
3598524
836890194144
844813520544957128951651955
86968791937640459661
1892
83184005
353864
924
527160756
4132674039126150371258996
75485174208
317843
9760759520
76849400
44
80876505953979187
8710
80808933599624294
157
9527328064632591946
5268792648392464958
92942083622263637060782846842
68
12699554196721031135
7210333
11947335781121576254865241
97987910061
6773199282134905759
5346
6103195623291245
5708924
1058420
61693220446252250398
225730832992954326138
492500367142036385
28270
45
792954327857642649055147354
79
65448905846592623
82908
3500806999
353149043899
81166182486477
583268750373630892579552231
7868379627156984618555475875
3554619740230262196827463
38545
1836013
409928347370740658
517164292195982117338194811100
7228319747004402775
9341391135087706
35849628784
959898098748938675135
772567396383140416
29560
71368955
90935258933
656618097160118533034580148
8727324256709747509031750
5093411314106346878
76329394165063083
9842593950844404459
33173272
8667711640865518729745
223946297733221005684805476
723112713941396353302895805087
68187081290
2709216144404
39567811024326763569
9247054888421
79954561402431152759892071717
6784464085613614652190
77451649
166536
66764889224420924660
7830
6035353570843983008527135
6234145717958981110677
40213663827743366027261685831
8558892081588888
394978904868812
241456214795173621412775146965
482071385
70026306740927447262881
9504528675564950470956145794
9076624169061545
554555850139550
627575080709206647630725
3206015447274177809332959720
868017925134385526179214969
172
32627492822354720726186
213762428730194110395175327018
200722130
232450921
852188646
194113227
8670930731244377
8682
74186950499
1512932453048177416500829
277288110900082981030506
677695512091
7965536580
87249610923936107185811739
464001901275754283309487863
95530305706030816714832837
34372
751446217764759173
18816086622696196842647
16
631795808587840943315
6763457980752114647581057185
1043986146527378
91642156967025
7051649001060253682988986606
4770575724531
3200768962055376652214
3372549907785605637744734756
74924165264802
7103804045
209229942216798558741896
275119227961
7677083012205
21462422408096203010
110028952461959542
39398848560771699018008
82521191858808
6946520303997
7129860929874597074
701001451
611619747001974186887618341191
4913220607
1693
3570611835981809363093072390
12665045735236503250
43311646491
72862408
2099308059964172756390440481
561175927
9465734406011645262854
350739703006516629502
7979915928537328428757827
793134581370423602102038598
749479171015439107030542915
8944290463850
891035
75065482
4380870183437854514
65815197415529198871941
9880269713389428333756
996223885900381904
478819580455899475
37544118863512259
70172348053594822226921
48395245163509969595494
111007053616
9465544
9450675323100401
8432602908409
664430049273278994159873
9795654
73384
1857
10
947131
596646
254079024
6789633958719186341841145
284465788
64013223785
61029640174091932933480304586
4252543206470121469796892
7956
766190691754293597
6462509518316398525
9654064223938833861105
52406594551899986
2997312707373598286261574
28706567774
37139695394520697548630770
5914441796897334410
4502994313279220086
744
16625785678124006736233
64150458
43642676752971523421401397971
59665359
824315561434543235987940332
4103637127
3935930001948275155155245
19274389043652172139417
2635832150830754818
85771
43137980687450203
42848043884576444372410042
9580376003
91
9745468194043074
85
516124200037290028609
203
4504756443103832512475073
6257269464859254672
14017107361496553851994
603
7351266591757930058
60
32139667627720066649
32407906875258244086961362737
966472995451081160339097634640
155035304548419978
389648080349134
424292798166667681202582301666
89569729047060334008
132914429713287
63
5030289883404684165664918
51
235006114896450175260461116
6028
6228228394896910713559
779621608
40
3737547941420
6723886426770975599519420378
466626476090
6023510941399583
39091083
2575802110353335866142575018
9787173978542
433517083456556405916108
988867335380970487394609381035
2833576
5486605410733
70511493201682324221510883
4171984535208161132
79859118218
526594431543933708
584496500174
9041397
30634019772987499
915783197
27535
7149266
20578544736348414910528724
944790309866592340625514165025
37101465613066
42994261198554532970136738659
5114768447
43410
66
242640
18148842500
70810785399524357663642808510
485062836584482875
84837378369151966
82
607886813960951981
1528634016410231998473804
1854070073120677
17768692501841645311
4136588339733709573426
7654611
78688405895212312460254323
6871303
9598
669602248756585578296054196
405733585995506903816
584037031041542056217897559381
4463945209045545124
531894765931201411675315833
36643478909028635
1308592769697651
18351635245943008249323220840
779609307768020716
43238561521610
15
37936176461702604582807
992626033314
600504956747729235703
86113740
182740805492
39449577417967
3133936724
869464930123969
89
593262138120332600439007554651
121288
15
451443
1937790919874553043843
686025
2839683725927826869
3434682783559055
4605881157873838196557
7234381779962058
6319443108622480
86068985666693132
4752077465359948195
30465399053476862
96886282133605633320390668534
926899460
5306199769791529
45587436067829320925291788112
29019161667041764629549075
8335773216034995145132060
6183906160193
3756439
510082194851
44995
1065948441
69050520842
5397539542603882
8370685771952065452
1558522836
1384463125235
57260212213
137531341681699206607389
4192999448537339818441
2086
3072064395096512
21502904055757791022
7023626
803042
5558077006309676
442386689577221537944603521563
1814601
398
646204604147450
171671653574132152442047
682840494321
65571920978751386010758814951
936631242950615
875
68756200073537009
460679861521891
73107119894414
55216246
901613451592394936955613578208
942
15374
54
16
9589434151606042976699865369
9007871740
61578603910977850002866
57435397997441479891396
859206
504161259218529825706024138929
220264387279006724777350
294555298012296417759834135606
3744318836617
1698348805794802
6315079619110005555130
24270343
2168933576456051
76502003914202062702478
99155251550664133060
455220532952702324474262191
539371
5576
381248316786887166
24595294831864580
9948936061293394917406622
71671952284334464394
30524930
142889
35574324420732535
5055261147457125670961
58877893942518355516880324407
2078667662336210
2694886136765870561826
45373846449352512
4143332402033
680009385496584
227248021323048103
3611724220427404557
7554530774744959
73501320749
297787364256614
52730750497408240463
34808783388
302442073555785773179364536055
2379143861672574350982680
94663255079308907
9999273775382900985618334
28132063
4051577133769488897420528
7508
48237812
97060496172
5861422802474205
8793415461974308403
620513
93561191
35428639957649268609944401
16472903613970
4999217548455332464890769165
539
8829109692
10885590055603012681416
73031179543974956306087603
97262750384858638342
21
4267825401289481
2127046140868232650219845386
494403256060671834807
169830451977743298570404
822697332278749587571
286229667650657479387926010181
1437494415527190
140003598058584
860914046439961758999546890
7711393064733141230040
93617176200
83241849653249059277821032999
18
44099343541960005417955552773
288384840
226303635762274478
79076473979909821542
519123
843520382312
49162649457752
363258949561002509775
954312717954508280887873830
31965070403893
6169192024863099391473
5005337902501004094586400
23115478
17803497
3248190533881137422285
419055923734580
81156
71021314690352838063504939
8319746642086461305052
300212
4009032740922367674053
1738060948559816
3009986346823789949
7772872988914
781905470364299323
78914
7683
69327049739188519357031209586
111373111001516622545987
8608881506991571
7328845875647887
1628569431453537573620
87887444266214248188702930788
510803634600574451617996630
299365179278201
47326807001
65094716739294027925
429834681215479241
95302601217019863592
9612441764472
7863070175876256084531416331
387538536660779682
40048288546
966752548845791334925640899596
4031
28891868082363
