1000
108226313404080293736873134282
518279488011505076775265969262
174855963079771197586206281259
212154216770001783647438810001
725238336693427757455861441056
198692774612931930185616039534
933408719418428516953421696650
712874910103330454685235862658
436742687917227491028387923802
154017335212073765802860114410
575280403628540910018912794058
956977897703307289089463476365
919063568694492146706841609784
125804988792168108544178057244
577306204206833497408203884243
646784563247619038458645194136
841413688117232096060657188647
713958725133459679304292305552
249553379655920949280409378836
381340901106281644519392784527
444935741344340195488542852682
604882967292438604245256357719
475557856840907926970038295973
106745792119131441322028235023
174075470025862844066425308580
768388902577431841965040611036
453640792847940715686736822030
381083124941163358817761329422
188015265547172188028614447848
608539956310959246400718251669
920219981526533706803944706821
980293879102724160697653653330
375506532525946257246355415772
497840954458006107880180901929
100237387937293923952427858024
717776662322474226257879971411
901888206887075207403795329594
431107363211785039369057383520
457018558819066508161850408794
814522843600004910690010265663
494477359844224459962361224602
971382935031168309394461541800
424074965871995267741719357903
641584652468818085836844487024
829247005054201391097909557300
488724602019395191754238580834
535891425586153193800656608437
607766835006396680176167721175
387561375444555233516451506853
435294779472067047406131415531
951784384563740666179861519991
328366219582164740641418810267
776608316691908115653191185953
421968484306307899046281204801
529535486892619483385594341633
382396082839286483756081156781
426206554281688334838304736563
791602864212667947926822625024
612223625948672161121512030212
162846424671738989239822139368
158755135837903937159527960078
572655815848225785001659529678
744430736115059852758534997392
793306626497585540971778716872
704474389546075286286785858225
722951804051275412343427383857
849563374384312040611513138032
256603773419700540823672417422
384151898474443351035381587198
264760413508966632687132129561
989448536764782574025176572364
513459612997103777786317737122
438582739234134510624000806181
727407759968957733991134635310
942151484138845023870810946889
337264822597772413751035854716
183713075185136502084168630799
716030316864328937802217835777
406416538991429758670816567028
923193218153559979634866332423
692862586441683654844082031868
567967487410006340690893074628
770488710275438356066052027343
867041032840467842305917264537
283540537493512985967489649773
216609683533211261077545628030
289200206001377365453400750655
589433420790181007403725170239
659014504484572054417079788513
208146666605306624105840715063
479636510719049281047151570396
360575270795516054109822996625
629899675526529177195851567926
491138418056761901835577297746
784346688993599460308282641083
131401074195759734881247634408
177155420684809527265125718358
426656665812361073899105224411
136999642329738949485974605307
469344318973786677055995816501
388297573022343626982497803482
577755721358612676608188310143
253339735150418131374018969167
340861911992169988516479069308
437406246685736075213038402060
336784486210790398887224126293
253532562100037933009905403855
677106937856491858674333771509
474730765025854494108546004800
873573886777900045618267782268
263816646939934525379884654728
758551853652556759979390291032
393562333593643557880277741250
129869613500461761429559805551
669856181962919690069443090047
454067859075374936990001812107
117957204231480573455547755630
983038707607645909524237088003
797435209746459160550488581676
743413139783986429751524504124
458811566453920557759046492452
641475609145435955102311516170
163934685010425892596494953754
431223307112513018895921599336
301767697904594532184894210345
964010347905768462228504669522
640053246428949374743189464689
884247386120001557050960426055
525076383399179744522550681901
353916200464264225788455963408
471726223417971390470921246055
807313853037253564530824681562
572633959200595362175982617513
949593949556826290115143943423
828724706335591070009138345862
887064568679881939172253234000
951504252327911537895030966334
156978942466171321488917258719
173814154000342686287076063153
926414129515506766667866631977
897979593034736251905815426426
292158300940946953343680229006
923860996429270619511913101253
786138619511967988314342535090
908369103293813670670570668229
190334944056829756456601773286
911458024449500292119597913491
165197569490331339636955890919
441544538985948280974405341960
621838171866599943795774298300
806023446014187690184341427548
444814434321084214229417137083
801321528598548406404231417107
383322619443163856151650689875
418985370028404601213585867649
268274974071079878264318067132
514181117512695749587289192459
990347316788016070026196231785
134492454681510242364748297285
203061343862616149437690696041
205996171322752659921508494134
869228310464968584200959963959
946537549522886059952419779865
162763434888242779413783735637
915256972231145812598280440450
924803348421004608113917536941
383687175860508252324421198511
209889506620237458770516609826
514780553491003020115006453280
566053771288007608515801384477
874535495196090161654367013388
589612462186055285125955193323
799153191705194562551657618871
109072308638745744138985587942
414770025403493728593786575960
688955993449504764233026182888
500094402574956072602371396907
963911860066708062889871937706
545949590553772478091240220226
102267086434297479366126730179
940251184699979350906330665605
598899895300872917403900472041
334421078829475928275345171574
903449180889081143719411731906
137391072014077788746714546137
110906364351914557396639004058
409486458270995802773930287806
763295452147556556339886855700
293045591885961957889970621633
433498552702440869010210140347
410945395774763432993595292990
614167259871114768213502909737
774700977669846263457700278233
274201402979719860050593927287
983276988445538413502123657300
853473961124221732144480136053
818867604129460589629507878626
548442213505991692850294821991
822517938339259882766113650440
546119296351559277849550700028
143043365564577593982164373038
570111245880337820069907924202
325646666845597600323425943368
187370754293016406856585106815
632299441034653767068090782564
343784524426746505790299101159
206068624334342413366083645950
583656617997392539623558304038
282702122481596648478561514941
425397103579052660738028808405
982324681244308315080518179374
786796775645944018966413314084
653149738968345729664046098317
146949650822839607599580798180
978088888046830400755667871159
534411248015715128587811471007
678910640736780632108967895911
551497115154433637316339096575
224252904307949878177247419316
251025376104858382312269229138
635536319909624047906126536386
857072224703017096601667256623
865197356332363367287590664356
754048154871134987798984231136
854601348445062830248017396912
500785714000053294962085143986
848092446404528891011343433774
317041135656605447114717452220
705879318541159472188720097643
800501251461459901796019690597
380025377158758419873714552244
436029335793292660059829138970
695744718423283325136060448520
101781352309501528003160987358
152349367150609751299021784132
441667205602909724500431943372
296754731868262789947351803273
827036833096623732948495878923
384390797729508027671822391914
645925435922798127401318985504
441868344202850083813284180828
123577907867843774646231010228
612993990103301674504753551802
773055105217596062533948507594
390693369200363185163233054072
371411890347055900033929924495
381687483642991746109009785832
984996940838455674708380624701
309770198313070878397595381354
347578283031796861902775960772
204865956171819225745277791377
202605550180973853779626287457
117175475063367134876136598420
750803904643005228113780954190
179855157914298661414914211147
473843617987541633600657974136
765237912271852937814645245212
590043298182773051006966661753
402064846044476936436490914122
715191400549485869228846995127
145755728267045549825700028560
389685314396758893704722210678
314062723156269601757015881694
523137541927122721484958098068
652234274107133229291469420510
518509911394124447955964315803
371942523073206189091296382142
746687468673328885349143827407
589129388557021803964002629892
723923533688561195701066678973
753636678398585365122466089788
521742523730273315901367440654
837861403627207945974677416838
328873751506650718396011507835
801217966745012070196576968026
329027184364778716679075738473
445337010458480910082054479428
999070041742339137441349675175
637230122027720766017274476673
752653790772377967174746029957
928325985248336890194144884481
452054495712895165195586696879
293764045966101892823184005215
486480244227160756381326740391
361503712589967354851742082117
843937607595207268494003047508
865059539791878171085080893359
962429400579652732806463259194
656268792648392464958992942083
622263637060782846842508062699
654196721031135722103339008194
733578112157625486524193798791
106166773199282134905759513465
510319562329124542708924020584
306616932204462522503981625730
832992954326138459250036714203
638511827040578929543278576426
590551473546092055544890584659
262371290833500806999235314904
389984116618248647748832687503
836308925795522317986837962715
698461855547587538554619740230
362196827463318545028360133509
928347370740658491716429219598
311733819481110076228319747004
402775953413911350877062358496
287849659898098748938675135757
356739638314041611956072136895
593093525893368566180971601185
430345801488872732425670974750
903175056093411314106346878756
429394165063083868425939508444
144592231732728766771164086551
872974518239462977332210056848
154766923112713941396353302895
805087638187081290147092161444
142695678110243267635699424705
488842169995456140243115275989
307171767784464085613614652190
727451649116653666676488922442
192466071830680353535708439830
185271356723414571795898111067
749021366382774336602726168583
285558892081588888249497890486
881219414562147951736214127751
469653282071385770026306740927
547262881995045286755649504709
661457948507662416906154554545
658501395506727575080709206647
730725292060154472741778093329
597208868017925134385526179214
969007227262749282235472072618
619137624287301941103951753270
281200722130223245092182521886
561294113227856709307312443778
268273418695049908512932453048
177416500829402777288110900082
981030506637769551209173965536
680787249610923936107185811739
486400190127575428330948786398
553030570603081671483283721437
375514462177647591730788160866
226961968426470066631795808587
840943315597634579807521146475
810571851504398614652737894164
315696702579051649001060253682
988986606347705757245312720076
896205537665221429372549907785
605637744734756644924165264802
731038040452709229942216798558
741896137511922796174677083012
305261462422408096203010051002
895246195954237939884856077169
901800884252119185880854946520
403997761298609298745970747201
101451691161974700197418688761
834119133913220607016932957061
283598180936309307239006266504
673523650325033331164649172286
340819099308059964172756390440
581526117592797465734406011645
362854265073970300651662950278
979915928537328428757827789313
458137042360210203859878494791
710154391070305429158494429046
485081910357250654823638087018
443785451467581519741552919887
294197880269713389428333756959
622388590038190445788195804558
994753575441188635122591060770
272348053594822226921378395245
263509969595494031100705361692
565544954506753231004018443260
290840957644300492732789941598
739279565471338401857000914713
241966461254079024587896339587
291863418411451284465788634013
323785591029640174091932933480
404586382525432064701214697968
927195675661906917542935976646
350951831639852500976540642239
388338611054524065945518999861
899731270737359828626157413870
756777428713969539452069754863
177056914441796897334410365029
943132792200867044076625785678
224006736233624150458393642676
752971523421401397971529665359
882431556143454323598794033233
203637127389359300019482751551
652450792743890436521721394171
663583215083075481871577135313
798068745020360382848043884576
444372410042935803760038019574
646819404307470546161242000372
900286091003385047564431038325
224750736625726946485925467207
401710736149655385199450037635
226659175793005860036213966762
772006664939240790687525824408
696136273799664729954510811603
390976346400555035304548419978
348964808034913439242927981666
676812025823016668695697290470
703340080432914429713287503480
302898834046841656649184011835
106114896450175260461116610285
722822839489691071355962796216
183002473754794142069723886426
870975599519420378336662647609
155023510941399583329091083195
758021103533358661425750189478
817397854247335170834565564059
261089988867335380970487394609
481035128335765448660541073368
151149320168232422151088346171
984535208161132739859118218552
659443154393370853844965001749
204139725063401977298749992157
831971175357214926628057854473
634841491052872499447903098665
923406255141650252471014656130
664929942611985545329701367386
694311476844720313410606114264
103814884250079081078539952435
866364280851045850628365844828
758548373783691519668025507886
813960951981100852863401641023
299847380405854070073120677067
768692501841645311371365883397
337095734266265461178868840589
521231246025432352871303915986
869602248756585578296054196360
573358599550690381649840370310
515420562178975593813646394520
904554512458318947659312014116
753158332566434789090286350530
859276969765109835163524594300
824932322084075796093077680207
263432385615216100052779361764
617026045828079392626033314560
150495674772923570382611374003
827408054923494495774179672313
493672410846946493012396980949
932621381203326004390075546510
221288005315144307937790919874
553043843618602516839683725927
826869254346827835590553760588
215787383819655765234381779962
158653194431086224808560689856
766931323675207746535994819535
146539905347686299688628213360
663332039066853492268994605530
619976979152939558743606782932
192529178811228901916166704176
462954907588335773216034995145
232060641839061601932275643943
200821948514149950306594844163
905052084255397539542603882863
806857719520654520355852283614
384463125235537260212213073753
234168169920660738947192999448
537339818441110862507206439509
651226150290405575779102272023
726810304255558077006309676494
338668957722153794460352156302
814601209864462046041474500771
671653574132152442047538284049
432159557192097875138601075881
495194366312429506157075658756
300073537009446067986152189164
310711989441452521624699016134
515923949369556135782089042015
474404006995894341516060429766
998653699300787174057157860391
197785000286657743539799744147
989139681592065904161259218529
825706024138929172026438727900
672477735019945552980122964177
698341356063474431883661705698
448805794802673150796191100055
551301242703431516893357645605
277650200391420206270247896915
625155066413306038552205329527
123244742621915139371515763581
248316786887166254595294831864
580989489360612933949174066227
616719522843344643942205249300
242889255574324420732535570552
611474571256709615988778939425
283555168803244071507866766233
621017694886136765870561826355
373846449352512341433324020335
580009385496584152724802132304
810336611724220427404557755545
307747449597335013207491497787
464256614562730750497408240463
334808783388390244207355578577
317936453605528379143861672574
450982680954663255079308907989
992737753829009856183341281320
734805157713376948889742052871
608328237812937060496172458614
328024742057679341546197430840
461205139235611912854286399576
592686099444010464729036139704
999921754845533246489076916540
498382910969207088559005560301
268141678303117954397495630608
760396726275038485863834210135
267825401289481191270461408682
426502198453867046944032560606
718348070769830451977743298570
504862269733227874958757129862
396676506574793879260101810543
749441552719004400035980585848
860914046439961758999546890677
213930647331412300409336171762
108932418496532490592778210329
991083940993435419600054179555
627732288384840152630363576227
547876907647397990982154241191
338343520382312903491626494577
622663258949561002509775985431
271795450828088787383024196507
140389367169192024863099391473
580053379025010040945864001231
254781278034972724819053388113
742228534190559237345808111567
810213146903528380635049392087
419746642086461305052310021237
109032740922367674053057380609
585598162600998634682378994974
772872988914758190547036429932
371891471683699327049739188519
457031209586071137311100151662
354598785608881506991571753288
458756478870762856943145353757
362089788744426621424818870293
178848108036346005744516179966
401499365179278201337326807001
665094716739294027925352983468
221547924196530260121701986359
394612441764472698630701758762
560845314163313587538536660779
682430048288546996675254884579
233492564089959631031148891868
182363779411923772274479826255
956319960680145523826302131075
155565794813394289581313239189
715654899671437365787662543495
300536291210796891585361811400
988695536613863532204479947354
377975579349750873026551066773
619242326227803115476298052170
916131137210614391729908108565
324706098325439587838106082752
322126725586711596727161817896
878513459375414620957880854726
100589858221859926069882093531
612838472061319487211978702839
260230945423446757753249897811
607806925963852059440735473560
839901886682912859823060074413
708473210505545043438045182974
840995449307588696973799064581
325719600263516092737009975151
328343198573262677948768911569
392836106981197803205003878490
378841009116392945614967971296
274438434404286409739961436297
149860045152126934292814905798
231078221633458314677898327193
665387329127129921360861885792
628796339064544079256861671506
714962331599528745144851945426
381509727007018452466118467845
196816895036525510466632413067
122053752805375888183327088563
350997567127227634517000296205
400260473400755039748216568088
902970441865457614279128658515
924542412789236863031254396997
972200759310360648038335824207
132586905935738897331283962163
814999751486098944191599082294
919145846029152941815339431031
402388468304444822255932523573
184103049768510650199666929338
993069003043872665702164027637
764229722268672628668335872598
867485000909291931452224773765
278149446330123594715629961914
900669702979816558779722275483
941112583477282871604046685317
463038256884400861275329621609
568541792913633437522951228883
430182610684007312910696954243
450541318388125630412551073836
866193318805272865303233075654
159111908811711113182274899782
550322055338644202110575198407
633599797775142055314132099519
646056255010631827159953543804
144955735762007053132177747464
143767626077182435392260965341
925066031429389809410628957775
435058985729865783866672097583
862524739779637418988644143606
946869258478732767258800934801
400496986284159829319935048841
692623707848715921448944277178
749179959255470192066138061330
860335307150532223821718200867
470218675744953431213081483284
417292000244970105918402897220
157757835938424347042238253396
173340438284691734363403928698
921115780568925744241538263117
843076331387661800729653043637
233065697185159760888744165086
836660396528248946906242915281
930057192081885596642217067142
897455567854445692297738122558
936318581276908953673885488590
267593861513082874047848447401
595982624018857161053712938752
234892525521025574698984138038
927287797641568976191823814497
515897946680903056634023960015
227078312236136660659785634392
117730250273050025953210830463
379033154347827997368670034878
747762946033698312352083451495
148326896420479086690162908161
419769653830898429161862782295
210760690765691334841573920854
698167498349340147155783608772
633264562929941495982244443629
397816954212248535433883305047
237249116637743043435017103890
897634878838957013109209686708
975901259647123228644314766958
470184464439017798770273378974
739302102906923952740747767897
212255212585031375232420471972
901614782986733819394627708375
329028072862104487119406013045
516650897842843565481900774818
530773631113032299158578827266
693667874788261484685898793963
393537307238609261513382374007
996163342747366162450119076917
444122763065714972271609271167
184866003744846041782980762322
758387626261882887737986936178
535254981590033424039002763657
791155420139271151630728170751
642768192192905912338245635074
341068496798224016290060721552
227118349340780870792095807834
894584672472854030425211693084
800306750306430974856523448590
461630159110019724309596926654
879927824460154998614056752984
901886290621432489352039618601
364587361734661340922026024666
158252408752938548796840433535
289144030954814604165718240397
130632339327506749785964639766
562540931653540693162142089256
482427930405073110712437211358
740322821434201046889846356668
516625758961183764581411112870
719392833771120139444208971255
276325354475455412639305406617
239625882464578762046546201720
790176437569169243496956572291
817925516867364900499055440191
762228796669961493936237510402
720190577809218506233678790027
757063690044020596105393164896
484539263046214850116534106982
469386132441494753892468841518
491190864226624053972356664027
173544664898708733089040327316
263666895388301269987908423465
358591765652532795446002365925
728476414904071765395650033538
207903359346273148246386532607
911124748845906251512412511003
864753000141655016827254021366
185172280274957364117749345333
935060587311800995124101288864
565660883220291545933923001534
418707763060945732361141263308
259030428683431024311763946267
438712063277480863466174451906
365981975135538098075408141871
656923792238532004165790159679
297962213082988201599639023470
512540487336403474972682874224
879157145505539672675069746883
314231148989568088974499460867
869057097175319530926771952515
802452906756656919017022126358
155392384664337668381585104602
619302836356225595286977645664
562031239075382016150772356330
250147258343642441761999261327
492339827288447118034583930978
874876434240661984729184964622
717285182475195208188492301131
344610899892712044466789428102
875492247900477395907212084972
560083723648233669493766705897
188202098348788265656671750932
473374812403651496926425728902
228180468288590413594079900661
506341317678302856109303679542
909220720565655242030550143787
989726199203850724286389135361
320246865028622265781481424582
346113693321301045462446701778
299311908748155393458443619360
272247873018386319365568973917
943429206844946829933451748808
193973050612597961194508847526
672351560623131692874993502410
557820326934416805162409373285
130549612243429526030837663463
458890428175364349583248117236
128322809126942926838320919671
308502101095299589918647196571
849699770321782855476644100843
620884706458465542521269920268
515329241055588869063775044957
297856158495825520423230635817
469141592627044115965532731024
125656953182804040212949245203
152860655375156732803282810452
861248192881531015687484494165
480667923048194760887679800402
286047883556651912348483947891
544257860476354151357886449992
449835206983559457044901548260
662710598283517554874513459082
739606400806328290056172969105
869747049130486621913222991424
415464292791225588700785230320
164976704039712054987303123614
658603424283669816746168343853
594981933850182289209816974974
285408196261166204100907481760
964353657222189606365510443786
420891834321474199115567767628
719130672442409836741136413618
427676573300777299534679468500
683456714334204425320529730062
342685243956024646067270244836
192172196248339244721450887134
890693591001398498240929712844
300607592041409439149035921845
704095221580453939515440415817
453943620276661975222364959821
987432073384342433358371177174
263974335558177865543377798028
361192174147826697198555891866
691794033625571409741812438814
914109076410670061978205079066
400037407023080443523693657867
667770897736323932522405938517
546559647944710949934956192831
233993299079748906846981356562
639751328784761538821967336273
550167761647806075776988551683
603788185094705747902535836477
496372868796835580347014558648
990818069007405916655548374686
149469695086482295934015006822
639007326952928215508551565373
424619014772415539482414661198
195012051542673988131062306259
389455154576072630719359382155
212148426270643425740794837108
756392636907608021665731546663
216786061032613287194374183004
276591432465501673376862306799
109143443235538893745840682496
599623233454961046820874444644
141874457090057255503050758255
666332856205619424677066994894
306327313730762445921961341547
430837404108416658843472246033
427852264614262676734394703429
692813361615046661640877063864
722258681963632384931101249074
499384817577265157628229433893
753140783387044630587453430396
429135355225759470644121716610
673013642546254151534630934475
952698443467914819832681700113
380773443628290316211419781451
929517087566724539052961517349
823895152095200920600997656757
670910522136958605464869486969
329677796777736493259559417412
783088219027135791920559123830
688354921209662921680628770660
887219809084777508204917731746
230334607610351659500423018257
987888193798451601421727684554
747174680499687535300451461986
824336676602420622606249335259
640698875868196204061691006532
287838925174364438561080635649
746532888848718721120773147601
285036199156895824677115398140
785310737314676044041588087975
602318421951242818918029978356
854282956372901999040948286854
108074743620980014054994048738
812701685756579171593209306472
534905436924178084759924929692
635673603493340290767695856017
353779993399002515207307826714
547982581589617209695081965081
938730009021788574159951126974
189330249930073611649878103686
676537749988880555929160702741
473451187710834469901638409084
428376134452652143149332128261
127258095702815046525650490907
309031775526072903820074622202
132995995510551121710059455798
926365161160372643162265161145
496879320641913269317942245513
258166456614507718668043306869
864934995791009860517654572465
191443500183832999747416010772
324182004858692941109295349193
515453701879004813587221867488
842239982590791928722814179603
183431971578533500146171643057
732995885364318193507848714600
377873834158810722676808896864
470058838261232071908109090944
574585448522550712999396765037
459497949510392369972864550810
188219508859780784547197439816
319029067109040435194289174512
333581045678687696786725447927
673516968968813789739948695456
344960993530067188971716526548
327714902155176741340344732037
902529174990340429555518313322
631389500163066998442836349023
278599067628812938909808877882
879810248486706612818844022371
136675978505371782087598369115
480387905055127749064450362266
194782920257255094342804343861
881492834284303454782861980526
976328978363286489215477197404
635345806412774418024054471125
997070311797504475766780643017
493939852921652288832622143690
608415070579676885323057146385
499612566461428864695437678853
244533628286776080029648998267
988050335952693977466600566717
105645319974389865580273203483
880524954558372977480970574697
422618441499296046389190685910
653696404548471357008491681984
280477259351110326928153275551
408918217796760950633241777384
952973451028337467402544809221
578148243348281934424314371078
413072458892087145022839953373
688009752774521665990972067621
392924026469436824726956592117
182144266999650931981928554722
911580084509721990899194697051
827421298802260352058739424097
293634207000809246756524479039
515597126586409472212976195869
916269069104484885234112564529
158868058508494900815276126381
546850200403923303751999625632
642000664179990411727494132718
374681994065814089089965471728
345618541637466692343359997745
440761041435759142411753431991
407199545647459528977122700703
152929218272494001378085933353
450010634313684845480727552777
660077011614189599621862101235
150097145293923359591538841376
205588920527745412561521166960
759781363224679775375574353722
750815958828527762319733639111
430060239499764683885369143049
409013475662533774530496505641
558023155329895632078548100937
959545849303728133108999138529
787921909809271623294267587561
650831500438813774040072895468
668533095045101172443931910801
884640746236888487934670385147
161837045908047807114670182768
459506141173256674001288328655
152947862010466258360473860936
878415822569331579989993312282
569016251297924355132008631271
526101026950201927968590847702
558511268954790808455383697685
652650041297973510809730678301
152232464337518186905029366729
845795659888674816505754070752
714643246080162091626774788115
330489358346525844764397039524
880920288053686646566214346717
614111226061465054834433573256
385076101996778486737386873047
354620806513083712994373800521
941382261878400440197016788493
839338745239493059675190966038
716023472878512046466368471017
995129660912732852975881560988
915761107302509399255442379504
432530327709522613891393954723
275044671833508264722356734192
690467428950375136643188657762
509048342873190971079736701483
166277919420204254904154343285
120293389693384931246809123310
693814455392506271682239880916
406872532519393658552456155011
682227568119590524776200220273
731645170614866058613791033496
589082011144680544736683645374
566335073203146688194641959163
502190995893168528581779807263
723152587462988298531825472066
209210604988114777114744088121
387598603031211734622313228301
157438106057684038434399538154
463848302279964742821253174551
980616184472610743921095178975
724078908121508917230547960810
491708678489734285380253903181
109870665913991237255279987774
827411077308850871284663880211
279468865344873167211381348844
987683044856777825333523828354
344325933868182871931196716767
850839443109072736660341379843
750624966081809477956289809035
641837577144792882017776834229
293157534281664114168435350336
181155571481786272232614714318
403085416146476494305431178966
105447809695392277493990667301
250500550711684905032307585672
828419514722866816259607794701
588383630987370956485028782392
326400213184894356131457073136
333333554856405951095361112165
237011544361788849703029111794
389390772367371744164715084169
785313341010438147644481139822
497389414598650307645838368567
617847227311252034292632134974
655067737508957619884915692562
593486542796739109379318862829
695587836775512789936941461457
101928285755508228731363201239
176687992381514416646012094243
236720779870033273585482431745
379261416252065740169827445298
730832527376065309886385318406
650572331814975241259809113637
308442017873504812634201209730
494531849933972866919463648659
436009528536855874710708493787
906567208774520469761633443277
591994063327544735910141883042
498963727249729558642977174285
532906120750682541821867009001
110409037791311822120679646949
395141849591831874187333522691
500718335549353312683083572253
150994186521672893327288779188
969908778847032184821673602566
143890339026833927949384774093
128381583226437636036386793789
423962933199041839507136814845
323614425848629176851664728235
699587755465877124881819588888
