27 27
5 8 11 13 20 27
6 5 12 14 16 18 24
10 2 4 8 11 13 16 17 19 22 23
7 3 4 6 8 11 19 23
8 4 6 7 8 12 13 20 23
8 3 5 10 11 16 18 20 21
6 11 13 20 21 26 27
9 1 3 6 7 13 14 17 18 20
7 3 11 16 18 20 22 23
4 2 5 8 17
10 1 4 6 8 13 15 16 17 19 21
12 1 2 4 9 10 13 15 17 18 24 25 27
9 4 5 7 10 16 18 20 26 27
6 1 11 13 14 25 27
7 1 2 7 8 20 26 27
9 4 5 7 11 15 17 22 23 27
8 4 10 14 15 21 25 26 27
5 1 11 15 20 25
10 3 7 10 15 17 20 21 22 26 27
10 4 6 9 12 13 17 19 22 25 26
8 3 10 12 20 21 24 25 27
8 1 7 8 12 16 19 22 24
4 12 16 18 24
6 10 12 13 18 21 22
7 6 15 17 20 24 26 27
8 1 4 6 17 18 20 22 24
3 1 7 13
