30 30
10 2 3 4 8 9 10 11 15 21 30
13 10 12 13 16 17 18 19 20 21 23 24 26 27
11 1 3 5 6 9 13 14 15 20 21 26
11 1 4 8 10 12 13 21 22 24 25 27
14 2 4 5 6 8 9 12 13 16 19 24 25 28 30
18 3 4 5 7 8 9 10 11 12 14 15 18 19 20 22 23 26 29
13 1 2 4 7 15 16 17 19 21 24 25 26 27
14 5 7 9 10 11 13 15 17 18 20 21 25 26 27
20 1 2 3 4 5 9 10 11 12 14 15 16 19 20 23 24 25 26 27 28
13 1 3 7 8 9 15 17 18 19 20 22 27 28
14 3 6 8 10 11 12 14 19 21 22 24 25 28 29
15 1 2 3 8 9 10 11 17 19 20 21 24 25 28 29
12 1 5 6 10 12 13 16 20 23 25 27 29
15 1 2 3 9 13 17 18 19 20 22 23 26 27 28 30
14 6 10 11 12 13 15 17 18 20 22 24 27 29 30
11 1 7 9 11 12 13 15 17 19 20 29
8 4 7 11 14 16 20 21 28
14 1 2 3 5 6 7 12 15 16 17 19 20 23 24
14 5 6 7 12 13 14 20 22 23 24 25 26 28 30
13 3 4 7 10 11 12 13 14 15 16 19 20 26
14 4 5 7 10 12 13 15 17 18 20 21 22 24 25
13 1 2 3 4 6 15 21 22 23 25 27 28 30
14 1 6 9 11 12 13 14 15 18 20 22 23 24 30
12 1 2 3 11 12 13 17 20 26 27 28 29
14 2 4 6 7 8 9 11 12 13 14 15 17 22 28
14 4 9 10 13 15 17 18 19 21 22 23 24 29 30
12 2 3 7 12 13 14 18 19 21 24 25 29
10 1 6 11 13 14 19 25 26 27 28
14 1 2 3 4 9 18 19 21 22 23 24 25 29 30
16 1 4 6 8 9 10 12 13 14 15 19 21 22 23 27 29
