100
355 297
201 396
144 53
236 210
369 77
392 12
163 15
51 222
13 374
104 242
351 216
349 130
91 54
281 47
162 246
219 63
60 168
303 317
69 52
300 110
391 385
151 327
342 293
161 301
153 335
126 94
262 185
228 40
220 112
263 241
395 58
170 187
257 105
264 218
197 224
232 207
100 274
379 299
37 78
382 255
79 146
152 302
102 140
33 296
259 167
41 164
316 338
325 143
226 346
273 367
356 336
156 238
186 9
258 1
387 17
158 295
62 229
389 165
288 184
275 298
4 139
214 160
141 315
285 380
287 86
19 234
390 10
250 312
68 375
48 343
206 114
239 119
115 106
341 166
245 240
26 171
360 372
337 116
188 99
64 29
179 134
333 304
22 268
340 11
182 282
38 61
118 27
371 363
328 398
271 364
350 95
243 169
83 319
56 172
249 198
44 283
181 71
203 117
149 111
277 305