90
275 95
343 386
232 383
152 340
217 202
321 368
147 117
351 13
32 234
76 372
96 272
169 189
70 335
238 269
90 328
119 166
279 284
89 143
62 394
108 292
15 164
298 80
338 264
163 38
63 21
288 91
214 193
240 373
317 223
176 286
157 364
270 384
267 399
161 29
27 162
274 125
11 295
337 150
188 20
94 229
170 248
296 362
366 53
136 17
281 192
256 113
396 141
186 245
320 200
129 127
178 68
291 2
354 83
205 67
220 228
82 57
367 60
142 55
304 236
43 59
361 22
235 318
148 219
356 195
285 345
314 382
77 370
8 24
175 181
100 81
307 105
185 14
215 9
5 64
66 357
4 198
44 75
106 18
16 139
73 226
374 339
282 273
19 88
218 65
121 109
137 69
253 341
306 397
225 158
250 45