200 20736
201 20736
202 20736
203 20736
204 20736
205 20736
206 20736
207 20736
208 20736
209 20736
210 20736
211 20736
212 20736
213 20736
214 20736
215 20736
216 20736
217 20736
218 20736
219 20736
220 20736
221 20736
222 20736
223 20736
224 20736
225 20736
226 20736
227 20736
228 20736
229 20736
230 20736
231 20736
232 20736
233 20736
234 20736
235 20736
236 20736
237 20736
238 20736
239 20736
240 20736
241 20736
242 20736
243 20736
244 20736
245 20736
246 20736
247 20736
248 20736
249 20736
250 20736
251 20736
252 20736
253 20736
254 20736
255 20736
256 20736
257 20736
258 20736
259 20736
260 20736
261 20736
262 20736
263 20736
264 20736
265 20736
266 20736
267 20736
268 20736
269 20736
270 20736
271 20736
272 20736
273 20736
274 20736
275 20736
276 20736
277 20736
278 20736
279 20736
280 20736
281 20736
282 20736
283 20736
284 20736
285 20736
286 20736
287 20736
288 20736
289 20736
290 20736
291 20736
292 20736
293 20736
294 20736
295 20736
296 20736
297 20736
298 20736
299 20736
300 20736
150 1728
160 1728
170 1728
180 1728
190 1728
500 20736
499 20736
498 20736
2   23457
3   23457
4   23457
5   23457
6   23457
14  10201
15  10201
-1 -1
