10 96
20 13824
21 13824
22 13824
23 13824
24 13824
25 13824
26 13824
27 13824
28 13824
29 13824
30 13824
31 13824
32 13824
33 13824
34 13824
35 13824
36 13824
37 13824
38 13824
39 13824
40 13824
41 13824
42 13824
43 13824
44 13824
45 13824
46 13824
47 13824
48 13824
49 13824
50 13824
51 13824
52 13824
53 13824
54 13824
55 13824
56 13824
57 13824
58 13824
59 13824
60 13824
61 13824
62 13824
63 13824
64 13824
65 13824
66 13824
67 13824
68 13824
69 13824
70 13824
71 13824
72 13824
73 13824
74 13824
75 13824
76 13824
77 13824
78 13824
79 13824
80 13824
81 13824
82 13824
83 13824
84 13824
85 13824
86 13824
87 13824
88 13824
89 13824
90 13824
91 13824
92 13824
93 13824
94 13824
95 13824
96 13824
97 13824
98 13824
99 13824
100 13824
20  1508
21  1508
22  1508
23  1508
24  1508
25  1508
150 1728
160 1728
170 1728
180 1728
190 1728
500 20736
499 20736
498 20736
2   23457
3   23457
4   23457
5   23457
6   23457
14  10201
15  10201
-1 -1
