150 1728
160 1728
170 1728
180 1728
190 1728
500 20736
499 20736
498 20736
2   23457
3   23457
4   23457
5   23457
6   23457
14  10201
15  10201
36 1597
37 1597
38 1597
39 1597
40 1597
41 1597
42 1597
43 1597
44 1597
45 1597
46 1597
47 1597
48 1597
42 4181
43 4181
44 4181
45 4181
46 4181
47 4181
48 4181
49 4181
50 4181
51 4181
52 4181
53 4181
54 4181
55 4181
56 4181
54 28657
55 28657
56 28657
57 28657
58 28657
59 28657
60 28657
61 28657
62 28657
63 28657
64 28657
65 28657
66 28657
67 28657
68 28657
69 28657
70 28657
71 28657
72 28657
-1 -1
