600
3000 3000 3 6 2 8
3030 3000 2 1 3
3040 3020 3 2 4 10
3030 3040 2 3 5
3000 3040 3 4 6 12
2990 3020 2 5 1
3000 2990 3 12 8 14
3030 2990 3 7 9 1
3050 3020 3 8 10 16
3030 3050 3 9 11 3
3000 3050 3 10 12 18
2980 3020 3 11 7 5
3000 2980 3 18 14 20
3030 2980 3 13 15 7
3060 3020 3 14 16 22
3030 3060 3 15 17 9
3000 3060 3 16 18 24
2970 3020 3 17 13 11
3000 2970 3 24 20 26
3030 2970 3 19 21 13
3070 3020 3 20 22 28
3030 3070 3 21 23 15
3000 3070 3 22 24 30
2960 3020 3 23 19 17
3000 2960 3 30 26 32
3030 2960 3 25 27 19
3080 3020 3 26 28 34
3030 3080 3 27 29 21
3000 3080 3 28 30 36
2950 3020 3 29 25 23
3000 2950 3 36 32 38
3030 2950 3 31 33 25
3090 3020 3 32 34 40
3030 3090 3 33 35 27
3000 3090 3 34 36 42
2940 3020 3 35 31 29
3000 2940 3 42 38 44
3030 2940 3 37 39 31
3100 3020 3 38 40 46
3030 3100 3 39 41 33
3000 3100 3 40 42 48
2930 3020 3 41 37 35
3000 2930 3 48 44 50
3030 2930 3 43 45 37
3110 3020 3 44 46 52
3030 3110 3 45 47 39
3000 3110 3 46 48 54
2920 3020 3 47 43 41
3000 2920 3 54 50 56
3030 2920 3 49 51 43
3120 3020 3 50 52 58
3030 3120 3 51 53 45
3000 3120 3 52 54 60
2910 3020 3 53 49 47
3000 2910 3 60 56 62
3030 2910 3 55 57 49
3130 3020 3 56 58 64
3030 3130 3 57 59 51
3000 3130 3 58 60 66
2900 3020 3 59 55 53
3000 2900 3 66 62 68
3030 2900 3 61 63 55
3140 3020 3 62 64 70
3030 3140 3 63 65 57
3000 3140 3 64 66 72
2890 3020 3 65 61 59
3000 2890 3 72 68 74
3030 2890 3 67 69 61
3150 3020 3 68 70 76
3030 3150 3 69 71 63
3000 3150 3 70 72 78
2880 3020 3 71 67 65
3000 2880 3 78 74 80
3030 2880 3 73 75 67
3160 3020 3 74 76 82
3030 3160 3 75 77 69
3000 3160 3 76 78 84
2870 3020 3 77 73 71
3000 2870 3 84 80 86
3030 2870 3 79 81 73
3170 3020 3 80 82 88
3030 3170 3 81 83 75
3000 3170 3 82 84 90
2860 3020 3 83 79 77
3000 2860 3 90 86 92
3030 2860 3 85 87 79
3180 3020 3 86 88 94
3030 3180 3 87 89 81
3000 3180 3 88 90 96
2850 3020 3 89 85 83
3000 2850 3 96 92 98
3030 2850 3 91 93 85
3190 3020 3 92 94 100
3030 3190 3 93 95 87
3000 3190 3 94 96 102
2840 3020 3 95 91 89
3000 2840 3 102 98 104
3030 2840 3 97 99 91
3200 3020 3 98 100 106
3030 3200 3 99 101 93
3000 3200 3 100 102 108
2830 3020 3 101 97 95
3000 2830 3 108 104 110
3030 2830 3 103 105 97
3210 3020 3 104 106 112
3030 3210 3 105 107 99
3000 3210 3 106 108 114
2820 3020 3 107 103 101
3000 2820 3 114 110 116
3030 2820 3 109 111 103
3220 3020 3 110 112 118
3030 3220 3 111 113 105
3000 3220 3 112 114 120
2810 3020 3 113 109 107
3000 2810 3 120 116 122
3030 2810 3 115 117 109
3230 3020 3 116 118 124
3030 3230 3 117 119 111
3000 3230 3 118 120 126
2800 3020 3 119 115 113
3000 2800 3 126 122 128
3030 2800 3 121 123 115
3240 3020 3 122 124 130
3030 3240 3 123 125 117
3000 3240 3 124 126 132
2790 3020 3 125 121 119
3000 2790 3 132 128 134
3030 2790 3 127 129 121
3250 3020 3 128 130 136
3030 3250 3 129 131 123
3000 3250 3 130 132 138
2780 3020 3 131 127 125
3000 2780 3 138 134 140
3030 2780 3 133 135 127
3260 3020 3 134 136 142
3030 3260 3 135 137 129
3000 3260 3 136 138 144
2770 3020 3 137 133 131
3000 2770 3 144 140 146
3030 2770 3 139 141 133
3270 3020 3 140 142 148
3030 3270 3 141 143 135
3000 3270 3 142 144 150
2760 3020 3 143 139 137
3000 2760 3 150 146 152
3030 2760 3 145 147 139
3280 3020 3 146 148 154
3030 3280 3 147 149 141
3000 3280 3 148 150 156
2750 3020 3 149 145 143
3000 2750 3 156 152 158
3030 2750 3 151 153 145
3290 3020 3 152 154 160
3030 3290 3 153 155 147
3000 3290 3 154 156 162
2740 3020 3 155 151 149
3000 2740 3 162 158 164
3030 2740 3 157 159 151
3300 3020 3 158 160 166
3030 3300 3 159 161 153
3000 3300 3 160 162 168
2730 3020 3 161 157 155
3000 2730 3 168 164 170
3030 2730 3 163 165 157
3310 3020 3 164 166 172
3030 3310 3 165 167 159
3000 3310 3 166 168 174
2720 3020 3 167 163 161
3000 2720 3 174 170 176
3030 2720 3 169 171 163
3320 3020 3 170 172 178
3030 3320 3 171 173 165
3000 3320 3 172 174 180
2710 3020 3 173 169 167
3000 2710 3 180 176 182
3030 2710 3 175 177 169
3330 3020 3 176 178 184
3030 3330 3 177 179 171
3000 3330 3 178 180 186
2700 3020 3 179 175 173
3000 2700 3 186 182 188
3030 2700 3 181 183 175
3340 3020 3 182 184 190
3030 3340 3 183 185 177
3000 3340 3 184 186 192
2690 3020 3 185 181 179
3000 2690 3 192 188 194
3030 2690 3 187 189 181
3350 3020 3 188 190 196
3030 3350 3 189 191 183
3000 3350 3 190 192 198
2680 3020 3 191 187 185
3000 2680 3 198 194 200
3030 2680 3 193 195 187
3360 3020 3 194 196 202
3030 3360 3 195 197 189
3000 3360 3 196 198 204
2670 3020 3 197 193 191
3000 2670 3 204 200 206
3030 2670 3 199 201 193
3370 3020 3 200 202 208
3030 3370 3 201 203 195
3000 3370 3 202 204 210
2660 3020 3 203 199 197
3000 2660 3 210 206 212
3030 2660 3 205 207 199
3380 3020 3 206 208 214
3030 3380 3 207 209 201
3000 3380 3 208 210 216
2650 3020 3 209 205 203
3000 2650 3 216 212 218
3030 2650 3 211 213 205
3390 3020 3 212 214 220
3030 3390 3 213 215 207
3000 3390 3 214 216 222
2640 3020 3 215 211 209
3000 2640 3 222 218 224
3030 2640 3 217 219 211
3400 3020 3 218 220 226
3030 3400 3 219 221 213
3000 3400 3 220 222 228
2630 3020 3 221 217 215
3000 2630 3 228 224 230
3030 2630 3 223 225 217
3410 3020 3 224 226 232
3030 3410 3 225 227 219
3000 3410 3 226 228 234
2620 3020 3 227 223 221
3000 2620 3 234 230 236
3030 2620 3 229 231 223
3420 3020 3 230 232 238
3030 3420 3 231 233 225
3000 3420 3 232 234 240
2610 3020 3 233 229 227
3000 2610 3 240 236 242
3030 2610 3 235 237 229
3430 3020 3 236 238 244
3030 3430 3 237 239 231
3000 3430 3 238 240 246
2600 3020 3 239 235 233
3000 2600 3 246 242 248
3030 2600 3 241 243 235
3440 3020 3 242 244 250
3030 3440 3 243 245 237
3000 3440 3 244 246 252
2590 3020 3 245 241 239
3000 2590 3 252 248 254
3030 2590 3 247 249 241
3450 3020 3 248 250 256
3030 3450 3 249 251 243
3000 3450 3 250 252 258
2580 3020 3 251 247 245
3000 2580 3 258 254 260
3030 2580 3 253 255 247
3460 3020 3 254 256 262
3030 3460 3 255 257 249
3000 3460 3 256 258 264
2570 3020 3 257 253 251
3000 2570 3 264 260 266
3030 2570 3 259 261 253
3470 3020 3 260 262 268
3030 3470 3 261 263 255
3000 3470 3 262 264 270
2560 3020 3 263 259 257
3000 2560 3 270 266 272
3030 2560 3 265 267 259
3480 3020 3 266 268 274
3030 3480 3 267 269 261
3000 3480 3 268 270 276
2550 3020 3 269 265 263
3000 2550 3 276 272 278
3030 2550 3 271 273 265
3490 3020 3 272 274 280
3030 3490 3 273 275 267
3000 3490 3 274 276 282
2540 3020 3 275 271 269
3000 2540 3 282 278 284
3030 2540 3 277 279 271
3500 3020 3 278 280 286
3030 3500 3 279 281 273
3000 3500 3 280 282 288
2530 3020 3 281 277 275
3000 2530 3 288 284 290
3030 2530 3 283 285 277
3510 3020 3 284 286 292
3030 3510 3 285 287 279
3000 3510 3 286 288 294
2520 3020 3 287 283 281
3000 2520 3 294 290 296
3030 2520 3 289 291 283
3520 3020 3 290 292 298
3030 3520 3 291 293 285
3000 3520 3 292 294 300
2510 3020 3 293 289 287
3000 2510 3 300 296 302
3030 2510 3 295 297 289
3530 3020 3 296 298 304
3030 3530 3 297 299 291
3000 3530 3 298 300 306
2500 3020 3 299 295 293
3000 2500 3 306 302 308
3030 2500 3 301 303 295
3540 3020 3 302 304 310
3030 3540 3 303 305 297
3000 3540 3 304 306 312
2490 3020 3 305 301 299
3000 2490 3 312 308 314
3030 2490 3 307 309 301
3550 3020 3 308 310 316
3030 3550 3 309 311 303
3000 3550 3 310 312 318
2480 3020 3 311 307 305
3000 2480 3 318 314 320
3030 2480 3 313 315 307
3560 3020 3 314 316 322
3030 3560 3 315 317 309
3000 3560 3 316 318 324
2470 3020 3 317 313 311
3000 2470 3 324 320 326
3030 2470 3 319 321 313
3570 3020 3 320 322 328
3030 3570 3 321 323 315
3000 3570 3 322 324 330
2460 3020 3 323 319 317
3000 2460 3 330 326 332
3030 2460 3 325 327 319
3580 3020 3 326 328 334
3030 3580 3 327 329 321
3000 3580 3 328 330 336
2450 3020 3 329 325 323
3000 2450 3 336 332 338
3030 2450 3 331 333 325
3590 3020 3 332 334 340
3030 3590 3 333 335 327
3000 3590 3 334 336 342
2440 3020 3 335 331 329
3000 2440 3 342 338 344
3030 2440 3 337 339 331
3600 3020 3 338 340 346
3030 3600 3 339 341 333
3000 3600 3 340 342 348
2430 3020 3 341 337 335
3000 2430 3 348 344 350
3030 2430 3 343 345 337
3610 3020 3 344 346 352
3030 3610 3 345 347 339
3000 3610 3 346 348 354
2420 3020 3 347 343 341
3000 2420 3 354 350 356
3030 2420 3 349 351 343
3620 3020 3 350 352 358
3030 3620 3 351 353 345
3000 3620 3 352 354 360
2410 3020 3 353 349 347
3000 2410 3 360 356 362
3030 2410 3 355 357 349
3630 3020 3 356 358 364
3030 3630 3 357 359 351
3000 3630 3 358 360 366
2400 3020 3 359 355 353
3000 2400 3 366 362 368
3030 2400 3 361 363 355
3640 3020 3 362 364 370
3030 3640 3 363 365 357
3000 3640 3 364 366 372
2390 3020 3 365 361 359
3000 2390 3 372 368 374
3030 2390 3 367 369 361
3650 3020 3 368 370 376
3030 3650 3 369 371 363
3000 3650 3 370 372 378
2380 3020 3 371 367 365
3000 2380 3 378 374 380
3030 2380 3 373 375 367
3660 3020 3 374 376 382
3030 3660 3 375 377 369
3000 3660 3 376 378 384
2370 3020 3 377 373 371
3000 2370 3 384 380 386
3030 2370 3 379 381 373
3670 3020 3 380 382 388
3030 3670 3 381 383 375
3000 3670 3 382 384 390
2360 3020 3 383 379 377
3000 2360 3 390 386 392
3030 2360 3 385 387 379
3680 3020 3 386 388 394
3030 3680 3 387 389 381
3000 3680 3 388 390 396
2350 3020 3 389 385 383
3000 2350 3 396 392 398
3030 2350 3 391 393 385
3690 3020 3 392 394 400
3030 3690 3 393 395 387
3000 3690 3 394 396 402
2340 3020 3 395 391 389
3000 2340 3 402 398 404
3030 2340 3 397 399 391
3700 3020 3 398 400 406
3030 3700 3 399 401 393
3000 3700 3 400 402 408
2330 3020 3 401 397 395
3000 2330 3 408 404 410
3030 2330 3 403 405 397
3710 3020 3 404 406 412
3030 3710 3 405 407 399
3000 3710 3 406 408 414
2320 3020 3 407 403 401
3000 2320 3 414 410 416
3030 2320 3 409 411 403
3720 3020 3 410 412 418
3030 3720 3 411 413 405
3000 3720 3 412 414 420
2310 3020 3 413 409 407
3000 2310 3 420 416 422
3030 2310 3 415 417 409
3730 3020 3 416 418 424
3030 3730 3 417 419 411
3000 3730 3 418 420 426
2300 3020 3 419 415 413
3000 2300 3 426 422 428
3030 2300 3 421 423 415
3740 3020 3 422 424 430
3030 3740 3 423 425 417
3000 3740 3 424 426 432
2290 3020 3 425 421 419
3000 2290 3 432 428 434
3030 2290 3 427 429 421
3750 3020 3 428 430 436
3030 3750 3 429 431 423
3000 3750 3 430 432 438
2280 3020 3 431 427 425
3000 2280 3 438 434 440
3030 2280 3 433 435 427
3760 3020 3 434 436 442
3030 3760 3 435 437 429
3000 3760 3 436 438 444
2270 3020 3 437 433 431
3000 2270 3 444 440 446
3030 2270 3 439 441 433
3770 3020 3 440 442 448
3030 3770 3 441 443 435
3000 3770 3 442 444 450
2260 3020 3 443 439 437
3000 2260 3 450 446 452
3030 2260 3 445 447 439
3780 3020 3 446 448 454
3030 3780 3 447 449 441
3000 3780 3 448 450 456
2250 3020 3 449 445 443
3000 2250 3 456 452 458
3030 2250 3 451 453 445
3790 3020 3 452 454 460
3030 3790 3 453 455 447
3000 3790 3 454 456 462
2240 3020 3 455 451 449
3000 2240 3 462 458 464
3030 2240 3 457 459 451
3800 3020 3 458 460 466
3030 3800 3 459 461 453
3000 3800 3 460 462 468
2230 3020 3 461 457 455
3000 2230 3 468 464 470
3030 2230 3 463 465 457
3810 3020 3 464 466 472
3030 3810 3 465 467 459
3000 3810 3 466 468 474
2220 3020 3 467 463 461
3000 2220 3 474 470 476
3030 2220 3 469 471 463
3820 3020 3 470 472 478
3030 3820 3 471 473 465
3000 3820 3 472 474 480
2210 3020 3 473 469 467
3000 2210 3 480 476 482
3030 2210 3 475 477 469
3830 3020 3 476 478 484
3030 3830 3 477 479 471
3000 3830 3 478 480 486
2200 3020 3 479 475 473
3000 2200 3 486 482 488
3030 2200 3 481 483 475
3840 3020 3 482 484 490
3030 3840 3 483 485 477
3000 3840 3 484 486 492
2190 3020 3 485 481 479
3000 2190 3 492 488 494
3030 2190 3 487 489 481
3850 3020 3 488 490 496
3030 3850 3 489 491 483
3000 3850 3 490 492 498
2180 3020 3 491 487 485
3000 2180 3 498 494 500
3030 2180 3 493 495 487
3860 3020 3 494 496 502
3030 3860 3 495 497 489
3000 3860 3 496 498 504
2170 3020 3 497 493 491
3000 2170 3 504 500 506
3030 2170 3 499 501 493
3870 3020 3 500 502 508
3030 3870 3 501 503 495
3000 3870 3 502 504 510
2160 3020 3 503 499 497
3000 2160 3 510 506 512
3030 2160 3 505 507 499
3880 3020 3 506 508 514
3030 3880 3 507 509 501
3000 3880 3 508 510 516
2150 3020 3 509 505 503
3000 2150 3 516 512 518
3030 2150 3 511 513 505
3890 3020 3 512 514 520
3030 3890 3 513 515 507
3000 3890 3 514 516 522
2140 3020 3 515 511 509
3000 2140 3 522 518 524
3030 2140 3 517 519 511
3900 3020 3 518 520 526
3030 3900 3 519 521 513
3000 3900 3 520 522 528
2130 3020 3 521 517 515
3000 2130 3 528 524 530
3030 2130 3 523 525 517
3910 3020 3 524 526 532
3030 3910 3 525 527 519
3000 3910 3 526 528 534
2120 3020 3 527 523 521
3000 2120 3 534 530 536
3030 2120 3 529 531 523
3920 3020 3 530 532 538
3030 3920 3 531 533 525
3000 3920 3 532 534 540
2110 3020 3 533 529 527
3000 2110 3 540 536 542
3030 2110 3 535 537 529
3930 3020 3 536 538 544
3030 3930 3 537 539 531
3000 3930 3 538 540 546
2100 3020 3 539 535 533
3000 2100 3 546 542 548
3030 2100 3 541 543 535
3940 3020 3 542 544 550
3030 3940 3 543 545 537
3000 3940 3 544 546 552
2090 3020 3 545 541 539
3000 2090 3 552 548 554
3030 2090 3 547 549 541
3950 3020 3 548 550 556
3030 3950 3 549 551 543
3000 3950 3 550 552 558
2080 3020 3 551 547 545
3000 2080 3 558 554 560
3030 2080 3 553 555 547
3960 3020 3 554 556 562
3030 3960 3 555 557 549
3000 3960 3 556 558 564
2070 3020 3 557 553 551
3000 2070 3 564 560 566
3030 2070 3 559 561 553
3970 3020 3 560 562 568
3030 3970 3 561 563 555
3000 3970 3 562 564 570
2060 3020 3 563 559 557
3000 2060 3 570 566 572
3030 2060 3 565 567 559
3980 3020 3 566 568 574
3030 3980 3 567 569 561
3000 3980 3 568 570 576
2050 3020 3 569 565 563
3000 2050 3 576 572 578
3030 2050 3 571 573 565
3990 3020 3 572 574 580
3030 3990 3 573 575 567
3000 3990 3 574 576 582
2040 3020 3 575 571 569
3000 2040 3 582 578 584
3030 2040 3 577 579 571
4000 3020 3 578 580 586
3030 4000 3 579 581 573
3000 4000 3 580 582 588
2030 3020 3 581 577 575
3000 2030 3 588 584 590
3030 2030 3 583 585 577
4010 3020 3 584 586 592
3030 4010 3 585 587 579
3000 4010 3 586 588 594
2020 3020 3 587 583 581
3000 2020 3 594 590 596
3030 2020 3 589 591 583
4020 3020 3 590 592 598
3030 4020 3 591 593 585
3000 4020 3 592 594 600
2010 3020 3 593 589 587
3000 2010 2 600 596
3030 2010 3 595 597 589
4030 3020 2 596 598
3030 4030 3 597 599 591
3000 4030 2 598 600
2000 3020 3 599 595 593
6
