900
1 1 2 31 2
1 2 3 32 1 3
1 3 3 33 2 4
1 4 3 34 3 5
1 5 3 35 4 6
1 6 3 36 5 7
1 7 3 37 6 8
1 8 3 38 7 9
1 9 3 39 8 10
1 10 3 40 9 11
1 11 3 41 10 12
1 12 3 42 11 13
1 13 3 43 12 14
1 14 3 44 13 15
1 15 3 45 14 16
1 16 3 46 15 17
1 17 3 47 16 18
1 18 3 48 17 19
1 19 3 49 18 20
1 20 3 50 19 21
1 21 3 51 20 22
1 22 3 52 21 23
1 23 3 53 22 24
1 24 3 54 23 25
1 25 3 55 24 26
1 26 3 56 25 27
1 27 3 57 26 28
1 28 3 58 27 29
1 29 3 59 28 30
1 30 2 60 29
2 1 3 1 61 32
2 2 4 2 62 31 33
2 3 4 3 63 32 34
2 4 4 4 64 33 35
2 5 4 5 65 34 36
2 6 4 6 66 35 37
2 7 4 7 67 36 38
2 8 4 8 68 37 39
2 9 4 9 69 38 40
2 10 4 10 70 39 41
2 11 4 11 71 40 42
2 12 4 12 72 41 43
2 13 4 13 73 42 44
2 14 4 14 74 43 45
2 15 4 15 75 44 46
2 16 4 16 76 45 47
2 17 4 17 77 46 48
2 18 4 18 78 47 49
2 19 4 19 79 48 50
2 20 4 20 80 49 51
2 21 4 21 81 50 52
2 22 4 22 82 51 53
2 23 4 23 83 52 54
2 24 4 24 84 53 55
2 25 4 25 85 54 56
2 26 4 26 86 55 57
2 27 4 27 87 56 58
2 28 4 28 88 57 59
2 29 4 29 89 58 60
2 30 3 30 90 59
3 1 3 31 91 62
3 2 4 32 92 61 63
3 3 4 33 93 62 64
3 4 4 34 94 63 65
3 5 4 35 95 64 66
3 6 4 36 96 65 67
3 7 4 37 97 66 68
3 8 4 38 98 67 69
3 9 4 39 99 68 70
3 10 4 40 100 69 71
3 11 4 41 101 70 72
3 12 4 42 102 71 73
3 13 4 43 103 72 74
3 14 4 44 104 73 75
3 15 4 45 105 74 76
3 16 4 46 106 75 77
3 17 4 47 107 76 78
3 18 4 48 108 77 79
3 19 4 49 109 78 80
3 20 4 50 110 79 81
3 21 4 51 111 80 82
3 22 4 52 112 81 83
3 23 4 53 113 82 84
3 24 4 54 114 83 85
3 25 4 55 115 84 86
3 26 4 56 116 85 87
3 27 4 57 117 86 88
3 28 4 58 118 87 89
3 29 4 59 119 88 90
3 30 3 60 120 89
4 1 3 61 121 92
4 2 4 62 122 91 93
4 3 4 63 123 92 94
4 4 4 64 124 93 95
4 5 4 65 125 94 96
4 6 4 66 126 95 97
4 7 4 67 127 96 98
4 8 4 68 128 97 99
4 9 4 69 129 98 100
4 10 4 70 130 99 101
4 11 4 71 131 100 102
4 12 4 72 132 101 103
4 13 4 73 133 102 104
4 14 4 74 134 103 105
4 15 4 75 135 104 106
4 16 4 76 136 105 107
4 17 4 77 137 106 108
4 18 4 78 138 107 109
4 19 4 79 139 108 110
4 20 4 80 140 109 111
4 21 4 81 141 110 112
4 22 4 82 142 111 113
4 23 4 83 143 112 114
4 24 4 84 144 113 115
4 25 4 85 145 114 116
4 26 4 86 146 115 117
4 27 4 87 147 116 118
4 28 4 88 148 117 119
4 29 4 89 149 118 120
4 30 3 90 150 119
5 1 3 91 151 122
5 2 4 92 152 121 123
5 3 4 93 153 122 124
5 4 4 94 154 123 125
5 5 4 95 155 124 126
5 6 4 96 156 125 127
5 7 4 97 157 126 128
5 8 4 98 158 127 129
5 9 4 99 159 128 130
5 10 4 100 160 129 131
5 11 4 101 161 130 132
5 12 4 102 162 131 133
5 13 4 103 163 132 134
5 14 4 104 164 133 135
5 15 4 105 165 134 136
5 16 4 106 166 135 137
5 17 4 107 167 136 138
5 18 4 108 168 137 139
5 19 4 109 169 138 140
5 20 4 110 170 139 141
5 21 4 111 171 140 142
5 22 4 112 172 141 143
5 23 4 113 173 142 144
5 24 4 114 174 143 145
5 25 4 115 175 144 146
5 26 4 116 176 145 147
5 27 4 117 177 146 148
5 28 4 118 178 147 149
5 29 4 119 179 148 150
5 30 3 120 180 149
6 1 3 121 181 152
6 2 4 122 182 151 153
6 3 4 123 183 152 154
6 4 4 124 184 153 155
6 5 4 125 185 154 156
6 6 4 126 186 155 157
6 7 4 127 187 156 158
6 8 4 128 188 157 159
6 9 4 129 189 158 160
6 10 4 130 190 159 161
6 11 4 131 191 160 162
6 12 4 132 192 161 163
6 13 4 133 193 162 164
6 14 4 134 194 163 165
6 15 4 135 195 164 166
6 16 4 136 196 165 167
6 17 4 137 197 166 168
6 18 4 138 198 167 169
6 19 4 139 199 168 170
6 20 4 140 200 169 171
6 21 4 141 201 170 172
6 22 4 142 202 171 173
6 23 4 143 203 172 174
6 24 4 144 204 173 175
6 25 4 145 205 174 176
6 26 4 146 206 175 177
6 27 4 147 207 176 178
6 28 4 148 208 177 179
6 29 4 149 209 178 180
6 30 3 150 210 179
7 1 3 151 211 182
7 2 4 152 212 181 183
7 3 4 153 213 182 184
7 4 4 154 214 183 185
7 5 4 155 215 184 186
7 6 4 156 216 185 187
7 7 4 157 217 186 188
7 8 4 158 218 187 189
7 9 4 159 219 188 190
7 10 4 160 220 189 191
7 11 4 161 221 190 192
7 12 4 162 222 191 193
7 13 4 163 223 192 194
7 14 4 164 224 193 195
7 15 4 165 225 194 196
7 16 4 166 226 195 197
7 17 4 167 227 196 198
7 18 4 168 228 197 199
7 19 4 169 229 198 200
7 20 4 170 230 199 201
7 21 4 171 231 200 202
7 22 4 172 232 201 203
7 23 4 173 233 202 204
7 24 4 174 234 203 205
7 25 4 175 235 204 206
7 26 4 176 236 205 207
7 27 4 177 237 206 208
7 28 4 178 238 207 209
7 29 4 179 239 208 210
7 30 3 180 240 209
8 1 3 181 241 212
8 2 4 182 242 211 213
8 3 4 183 243 212 214
8 4 4 184 244 213 215
8 5 4 185 245 214 216
8 6 4 186 246 215 217
8 7 4 187 247 216 218
8 8 4 188 248 217 219
8 9 4 189 249 218 220
8 10 4 190 250 219 221
8 11 4 191 251 220 222
8 12 4 192 252 221 223
8 13 4 193 253 222 224
8 14 4 194 254 223 225
8 15 4 195 255 224 226
8 16 4 196 256 225 227
8 17 4 197 257 226 228
8 18 4 198 258 227 229
8 19 4 199 259 228 230
8 20 4 200 260 229 231
8 21 4 201 261 230 232
8 22 4 202 262 231 233
8 23 4 203 263 232 234
8 24 4 204 264 233 235
8 25 4 205 265 234 236
8 26 4 206 266 235 237
8 27 4 207 267 236 238
8 28 4 208 268 237 239
8 29 4 209 269 238 240
8 30 3 210 270 239
9 1 3 211 271 242
9 2 4 212 272 241 243
9 3 4 213 273 242 244
9 4 4 214 274 243 245
9 5 4 215 275 244 246
9 6 4 216 276 245 247
9 7 4 217 277 246 248
9 8 4 218 278 247 249
9 9 4 219 279 248 250
9 10 4 220 280 249 251
9 11 4 221 281 250 252
9 12 4 222 282 251 253
9 13 4 223 283 252 254
9 14 4 224 284 253 255
9 15 4 225 285 254 256
9 16 4 226 286 255 257
9 17 4 227 287 256 258
9 18 4 228 288 257 259
9 19 4 229 289 258 260
9 20 4 230 290 259 261
9 21 4 231 291 260 262
9 22 4 232 292 261 263
9 23 4 233 293 262 264
9 24 4 234 294 263 265
9 25 4 235 295 264 266
9 26 4 236 296 265 267
9 27 4 237 297 266 268
9 28 4 238 298 267 269
9 29 4 239 299 268 270
9 30 3 240 300 269
10 1 3 241 301 272
10 2 4 242 302 271 273
10 3 4 243 303 272 274
10 4 4 244 304 273 275
10 5 4 245 305 274 276
10 6 4 246 306 275 277
10 7 4 247 307 276 278
10 8 4 248 308 277 279
10 9 4 249 309 278 280
10 10 4 250 310 279 281
10 11 4 251 311 280 282
10 12 4 252 312 281 283
10 13 4 253 313 282 284
10 14 4 254 314 283 285
10 15 4 255 315 284 286
10 16 4 256 316 285 287
10 17 4 257 317 286 288
10 18 4 258 318 287 289
10 19 4 259 319 288 290
10 20 4 260 320 289 291
10 21 4 261 321 290 292
10 22 4 262 322 291 293
10 23 4 263 323 292 294
10 24 4 264 324 293 295
10 25 4 265 325 294 296
10 26 4 266 326 295 297
10 27 4 267 327 296 298
10 28 4 268 328 297 299
10 29 4 269 329 298 300
10 30 3 270 330 299
11 1 3 271 331 302
11 2 4 272 332 301 303
11 3 4 273 333 302 304
11 4 4 274 334 303 305
11 5 4 275 335 304 306
11 6 4 276 336 305 307
11 7 4 277 337 306 308
11 8 4 278 338 307 309
11 9 4 279 339 308 310
11 10 4 280 340 309 311
11 11 4 281 341 310 312
11 12 4 282 342 311 313
11 13 4 283 343 312 314
11 14 4 284 344 313 315
11 15 4 285 345 314 316
11 16 4 286 346 315 317
11 17 4 287 347 316 318
11 18 4 288 348 317 319
11 19 4 289 349 318 320
11 20 4 290 350 319 321
11 21 4 291 351 320 322
11 22 4 292 352 321 323
11 23 4 293 353 322 324
11 24 4 294 354 323 325
11 25 4 295 355 324 326
11 26 4 296 356 325 327
11 27 4 297 357 326 328
11 28 4 298 358 327 329
11 29 4 299 359 328 330
11 30 3 300 360 329
12 1 3 301 361 332
12 2 4 302 362 331 333
12 3 4 303 363 332 334
12 4 4 304 364 333 335
12 5 4 305 365 334 336
12 6 4 306 366 335 337
12 7 4 307 367 336 338
12 8 4 308 368 337 339
12 9 4 309 369 338 340
12 10 4 310 370 339 341
12 11 4 311 371 340 342
12 12 4 312 372 341 343
12 13 4 313 373 342 344
12 14 4 314 374 343 345
12 15 4 315 375 344 346
12 16 4 316 376 345 347
12 17 4 317 377 346 348
12 18 4 318 378 347 349
12 19 4 319 379 348 350
12 20 4 320 380 349 351
12 21 4 321 381 350 352
12 22 4 322 382 351 353
12 23 4 323 383 352 354
12 24 4 324 384 353 355
12 25 4 325 385 354 356
12 26 4 326 386 355 357
12 27 4 327 387 356 358
12 28 4 328 388 357 359
12 29 4 329 389 358 360
12 30 3 330 390 359
13 1 3 331 391 362
13 2 4 332 392 361 363
13 3 4 333 393 362 364
13 4 4 334 394 363 365
13 5 4 335 395 364 366
13 6 4 336 396 365 367
13 7 4 337 397 366 368
13 8 4 338 398 367 369
13 9 4 339 399 368 370
13 10 4 340 400 369 371
13 11 4 341 401 370 372
13 12 4 342 402 371 373
13 13 4 343 403 372 374
13 14 4 344 404 373 375
13 15 4 345 405 374 376
13 16 4 346 406 375 377
13 17 4 347 407 376 378
13 18 4 348 408 377 379
13 19 4 349 409 378 380
13 20 4 350 410 379 381
13 21 4 351 411 380 382
13 22 4 352 412 381 383
13 23 4 353 413 382 384
13 24 4 354 414 383 385
13 25 4 355 415 384 386
13 26 4 356 416 385 387
13 27 4 357 417 386 388
13 28 4 358 418 387 389
13 29 4 359 419 388 390
13 30 3 360 420 389
14 1 3 361 421 392
14 2 4 362 422 391 393
14 3 4 363 423 392 394
14 4 4 364 424 393 395
14 5 4 365 425 394 396
14 6 4 366 426 395 397
14 7 4 367 427 396 398
14 8 4 368 428 397 399
14 9 4 369 429 398 400
14 10 4 370 430 399 401
14 11 4 371 431 400 402
14 12 4 372 432 401 403
14 13 4 373 433 402 404
14 14 4 374 434 403 405
14 15 4 375 435 404 406
14 16 4 376 436 405 407
14 17 4 377 437 406 408
14 18 4 378 438 407 409
14 19 4 379 439 408 410
14 20 4 380 440 409 411
14 21 4 381 441 410 412
14 22 4 382 442 411 413
14 23 4 383 443 412 414
14 24 4 384 444 413 415
14 25 4 385 445 414 416
14 26 4 386 446 415 417
14 27 4 387 447 416 418
14 28 4 388 448 417 419
14 29 4 389 449 418 420
14 30 3 390 450 419
15 1 3 391 451 422
15 2 4 392 452 421 423
15 3 4 393 453 422 424
15 4 4 394 454 423 425
15 5 4 395 455 424 426
15 6 4 396 456 425 427
15 7 4 397 457 426 428
15 8 4 398 458 427 429
15 9 4 399 459 428 430
15 10 4 400 460 429 431
15 11 4 401 461 430 432
15 12 4 402 462 431 433
15 13 4 403 463 432 434
15 14 4 404 464 433 435
15 15 4 405 465 434 436
15 16 4 406 466 435 437
15 17 4 407 467 436 438
15 18 4 408 468 437 439
15 19 4 409 469 438 440
15 20 4 410 470 439 441
15 21 4 411 471 440 442
15 22 4 412 472 441 443
15 23 4 413 473 442 444
15 24 4 414 474 443 445
15 25 4 415 475 444 446
15 26 4 416 476 445 447
15 27 4 417 477 446 448
15 28 4 418 478 447 449
15 29 4 419 479 448 450
15 30 3 420 480 449
16 1 3 421 481 452
16 2 4 422 482 451 453
16 3 4 423 483 452 454
16 4 4 424 484 453 455
16 5 4 425 485 454 456
16 6 4 426 486 455 457
16 7 4 427 487 456 458
16 8 4 428 488 457 459
16 9 4 429 489 458 460
16 10 4 430 490 459 461
16 11 4 431 491 460 462
16 12 4 432 492 461 463
16 13 4 433 493 462 464
16 14 4 434 494 463 465
16 15 4 435 495 464 466
16 16 4 436 496 465 467
16 17 4 437 497 466 468
16 18 4 438 498 467 469
16 19 4 439 499 468 470
16 20 4 440 500 469 471
16 21 4 441 501 470 472
16 22 4 442 502 471 473
16 23 4 443 503 472 474
16 24 4 444 504 473 475
16 25 4 445 505 474 476
16 26 4 446 506 475 477
16 27 4 447 507 476 478
16 28 4 448 508 477 479
16 29 4 449 509 478 480
16 30 3 450 510 479
17 1 3 451 511 482
17 2 4 452 512 481 483
17 3 4 453 513 482 484
17 4 4 454 514 483 485
17 5 4 455 515 484 486
17 6 4 456 516 485 487
17 7 4 457 517 486 488
17 8 4 458 518 487 489
17 9 4 459 519 488 490
17 10 4 460 520 489 491
17 11 4 461 521 490 492
17 12 4 462 522 491 493
17 13 4 463 523 492 494
17 14 4 464 524 493 495
17 15 4 465 525 494 496
17 16 4 466 526 495 497
17 17 4 467 527 496 498
17 18 4 468 528 497 499
17 19 4 469 529 498 500
17 20 4 470 530 499 501
17 21 4 471 531 500 502
17 22 4 472 532 501 503
17 23 4 473 533 502 504
17 24 4 474 534 503 505
17 25 4 475 535 504 506
17 26 4 476 536 505 507
17 27 4 477 537 506 508
17 28 4 478 538 507 509
17 29 4 479 539 508 510
17 30 3 480 540 509
18 1 3 481 541 512
18 2 4 482 542 511 513
18 3 4 483 543 512 514
18 4 4 484 544 513 515
18 5 4 485 545 514 516
18 6 4 486 546 515 517
18 7 4 487 547 516 518
18 8 4 488 548 517 519
18 9 4 489 549 518 520
18 10 4 490 550 519 521
18 11 4 491 551 520 522
18 12 4 492 552 521 523
18 13 4 493 553 522 524
18 14 4 494 554 523 525
18 15 4 495 555 524 526
18 16 4 496 556 525 527
18 17 4 497 557 526 528
18 18 4 498 558 527 529
18 19 4 499 559 528 530
18 20 4 500 560 529 531
18 21 4 501 561 530 532
18 22 4 502 562 531 533
18 23 4 503 563 532 534
18 24 4 504 564 533 535
18 25 4 505 565 534 536
18 26 4 506 566 535 537
18 27 4 507 567 536 538
18 28 4 508 568 537 539
18 29 4 509 569 538 540
18 30 3 510 570 539
19 1 3 511 571 542
19 2 4 512 572 541 543
19 3 4 513 573 542 544
19 4 4 514 574 543 545
19 5 4 515 575 544 546
19 6 4 516 576 545 547
19 7 4 517 577 546 548
19 8 4 518 578 547 549
19 9 4 519 579 548 550
19 10 4 520 580 549 551
19 11 4 521 581 550 552
19 12 4 522 582 551 553
19 13 4 523 583 552 554
19 14 4 524 584 553 555
19 15 4 525 585 554 556
19 16 4 526 586 555 557
19 17 4 527 587 556 558
19 18 4 528 588 557 559
19 19 4 529 589 558 560
19 20 4 530 590 559 561
19 21 4 531 591 560 562
19 22 4 532 592 561 563
19 23 4 533 593 562 564
19 24 4 534 594 563 565
19 25 4 535 595 564 566
19 26 4 536 596 565 567
19 27 4 537 597 566 568
19 28 4 538 598 567 569
19 29 4 539 599 568 570
19 30 3 540 600 569
20 1 3 541 601 572
20 2 4 542 602 571 573
20 3 4 543 603 572 574
20 4 4 544 604 573 575
20 5 4 545 605 574 576
20 6 4 546 606 575 577
20 7 4 547 607 576 578
20 8 4 548 608 577 579
20 9 4 549 609 578 580
20 10 4 550 610 579 581
20 11 4 551 611 580 582
20 12 4 552 612 581 583
20 13 4 553 613 582 584
20 14 4 554 614 583 585
20 15 4 555 615 584 586
20 16 4 556 616 585 587
20 17 4 557 617 586 588
20 18 4 558 618 587 589
20 19 4 559 619 588 590
20 20 4 560 620 589 591
20 21 4 561 621 590 592
20 22 4 562 622 591 593
20 23 4 563 623 592 594
20 24 4 564 624 593 595
20 25 4 565 625 594 596
20 26 4 566 626 595 597
20 27 4 567 627 596 598
20 28 4 568 628 597 599
20 29 4 569 629 598 600
20 30 3 570 630 599
21 1 3 571 631 602
21 2 4 572 632 601 603
21 3 4 573 633 602 604
21 4 4 574 634 603 605
21 5 4 575 635 604 606
21 6 4 576 636 605 607
21 7 4 577 637 606 608
21 8 4 578 638 607 609
21 9 4 579 639 608 610
21 10 4 580 640 609 611
21 11 4 581 641 610 612
21 12 4 582 642 611 613
21 13 4 583 643 612 614
21 14 4 584 644 613 615
21 15 4 585 645 614 616
21 16 4 586 646 615 617
21 17 4 587 647 616 618
21 18 4 588 648 617 619
21 19 4 589 649 618 620
21 20 4 590 650 619 621
21 21 4 591 651 620 622
21 22 4 592 652 621 623
21 23 4 593 653 622 624
21 24 4 594 654 623 625
21 25 4 595 655 624 626
21 26 4 596 656 625 627
21 27 4 597 657 626 628
21 28 4 598 658 627 629
21 29 4 599 659 628 630
21 30 3 600 660 629
22 1 3 601 661 632
22 2 4 602 662 631 633
22 3 4 603 663 632 634
22 4 4 604 664 633 635
22 5 4 605 665 634 636
22 6 4 606 666 635 637
22 7 4 607 667 636 638
22 8 4 608 668 637 639
22 9 4 609 669 638 640
22 10 4 610 670 639 641
22 11 4 611 671 640 642
22 12 4 612 672 641 643
22 13 4 613 673 642 644
22 14 4 614 674 643 645
22 15 4 615 675 644 646
22 16 4 616 676 645 647
22 17 4 617 677 646 648
22 18 4 618 678 647 649
22 19 4 619 679 648 650
22 20 4 620 680 649 651
22 21 4 621 681 650 652
22 22 4 622 682 651 653
22 23 4 623 683 652 654
22 24 4 624 684 653 655
22 25 4 625 685 654 656
22 26 4 626 686 655 657
22 27 4 627 687 656 658
22 28 4 628 688 657 659
22 29 4 629 689 658 660
22 30 3 630 690 659
23 1 3 631 691 662
23 2 4 632 692 661 663
23 3 4 633 693 662 664
23 4 4 634 694 663 665
23 5 4 635 695 664 666
23 6 4 636 696 665 667
23 7 4 637 697 666 668
23 8 4 638 698 667 669
23 9 4 639 699 668 670
23 10 4 640 700 669 671
23 11 4 641 701 670 672
23 12 4 642 702 671 673
23 13 4 643 703 672 674
23 14 4 644 704 673 675
23 15 4 645 705 674 676
23 16 4 646 706 675 677
23 17 4 647 707 676 678
23 18 4 648 708 677 679
23 19 4 649 709 678 680
23 20 4 650 710 679 681
23 21 4 651 711 680 682
23 22 4 652 712 681 683
23 23 4 653 713 682 684
23 24 4 654 714 683 685
23 25 4 655 715 684 686
23 26 4 656 716 685 687
23 27 4 657 717 686 688
23 28 4 658 718 687 689
23 29 4 659 719 688 690
23 30 3 660 720 689
24 1 3 661 721 692
24 2 4 662 722 691 693
24 3 4 663 723 692 694
24 4 4 664 724 693 695
24 5 4 665 725 694 696
24 6 4 666 726 695 697
24 7 4 667 727 696 698
24 8 4 668 728 697 699
24 9 4 669 729 698 700
24 10 4 670 730 699 701
24 11 4 671 731 700 702
24 12 4 672 732 701 703
24 13 4 673 733 702 704
24 14 4 674 734 703 705
24 15 4 675 735 704 706
24 16 4 676 736 705 707
24 17 4 677 737 706 708
24 18 4 678 738 707 709
24 19 4 679 739 708 710
24 20 4 680 740 709 711
24 21 4 681 741 710 712
24 22 4 682 742 711 713
24 23 4 683 743 712 714
24 24 4 684 744 713 715
24 25 4 685 745 714 716
24 26 4 686 746 715 717
24 27 4 687 747 716 718
24 28 4 688 748 717 719
24 29 4 689 749 718 720
24 30 3 690 750 719
25 1 3 691 751 722
25 2 4 692 752 721 723
25 3 4 693 753 722 724
25 4 4 694 754 723 725
25 5 4 695 755 724 726
25 6 4 696 756 725 727
25 7 4 697 757 726 728
25 8 4 698 758 727 729
25 9 4 699 759 728 730
25 10 4 700 760 729 731
25 11 4 701 761 730 732
25 12 4 702 762 731 733
25 13 4 703 763 732 734
25 14 4 704 764 733 735
25 15 4 705 765 734 736
25 16 4 706 766 735 737
25 17 4 707 767 736 738
25 18 4 708 768 737 739
25 19 4 709 769 738 740
25 20 4 710 770 739 741
25 21 4 711 771 740 742
25 22 4 712 772 741 743
25 23 4 713 773 742 744
25 24 4 714 774 743 745
25 25 4 715 775 744 746
25 26 4 716 776 745 747
25 27 4 717 777 746 748
25 28 4 718 778 747 749
25 29 4 719 779 748 750
25 30 3 720 780 749
26 1 3 721 781 752
26 2 4 722 782 751 753
26 3 4 723 783 752 754
26 4 4 724 784 753 755
26 5 4 725 785 754 756
26 6 4 726 786 755 757
26 7 4 727 787 756 758
26 8 4 728 788 757 759
26 9 4 729 789 758 760
26 10 4 730 790 759 761
26 11 4 731 791 760 762
26 12 4 732 792 761 763
26 13 4 733 793 762 764
26 14 4 734 794 763 765
26 15 4 735 795 764 766
26 16 4 736 796 765 767
26 17 4 737 797 766 768
26 18 4 738 798 767 769
26 19 4 739 799 768 770
26 20 4 740 800 769 771
26 21 4 741 801 770 772
26 22 4 742 802 771 773
26 23 4 743 803 772 774
26 24 4 744 804 773 775
26 25 4 745 805 774 776
26 26 4 746 806 775 777
26 27 4 747 807 776 778
26 28 4 748 808 777 779
26 29 4 749 809 778 780
26 30 3 750 810 779
27 1 3 751 811 782
27 2 4 752 812 781 783
27 3 4 753 813 782 784
27 4 4 754 814 783 785
27 5 4 755 815 784 786
27 6 4 756 816 785 787
27 7 4 757 817 786 788
27 8 4 758 818 787 789
27 9 4 759 819 788 790
27 10 4 760 820 789 791
27 11 4 761 821 790 792
27 12 4 762 822 791 793
27 13 4 763 823 792 794
27 14 4 764 824 793 795
27 15 4 765 825 794 796
27 16 4 766 826 795 797
27 17 4 767 827 796 798
27 18 4 768 828 797 799
27 19 4 769 829 798 800
27 20 4 770 830 799 801
27 21 4 771 831 800 802
27 22 4 772 832 801 803
27 23 4 773 833 802 804
27 24 4 774 834 803 805
27 25 4 775 835 804 806
27 26 4 776 836 805 807
27 27 4 777 837 806 808
27 28 4 778 838 807 809
27 29 4 779 839 808 810
27 30 3 780 840 809
28 1 3 781 841 812
28 2 4 782 842 811 813
28 3 4 783 843 812 814
28 4 4 784 844 813 815
28 5 4 785 845 814 816
28 6 4 786 846 815 817
28 7 4 787 847 816 818
28 8 4 788 848 817 819
28 9 4 789 849 818 820
28 10 4 790 850 819 821
28 11 4 791 851 820 822
28 12 4 792 852 821 823
28 13 4 793 853 822 824
28 14 4 794 854 823 825
28 15 4 795 855 824 826
28 16 4 796 856 825 827
28 17 4 797 857 826 828
28 18 4 798 858 827 829
28 19 4 799 859 828 830
28 20 4 800 860 829 831
28 21 4 801 861 830 832
28 22 4 802 862 831 833
28 23 4 803 863 832 834
28 24 4 804 864 833 835
28 25 4 805 865 834 836
28 26 4 806 866 835 837
28 27 4 807 867 836 838
28 28 4 808 868 837 839
28 29 4 809 869 838 840
28 30 3 810 870 839
29 1 3 811 871 842
29 2 4 812 872 841 843
29 3 4 813 873 842 844
29 4 4 814 874 843 845
29 5 4 815 875 844 846
29 6 4 816 876 845 847
29 7 4 817 877 846 848
29 8 4 818 878 847 849
29 9 4 819 879 848 850
29 10 4 820 880 849 851
29 11 4 821 881 850 852
29 12 4 822 882 851 853
29 13 4 823 883 852 854
29 14 4 824 884 853 855
29 15 4 825 885 854 856
29 16 4 826 886 855 857
29 17 4 827 887 856 858
29 18 4 828 888 857 859
29 19 4 829 889 858 860
29 20 4 830 890 859 861
29 21 4 831 891 860 862
29 22 4 832 892 861 863
29 23 4 833 893 862 864
29 24 4 834 894 863 865
29 25 4 835 895 864 866
29 26 4 836 896 865 867
29 27 4 837 897 866 868
29 28 4 838 898 867 869
29 29 4 839 899 868 870
29 30 3 840 900 869
30 1 2 841 872
30 2 3 842 871 873
30 3 3 843 872 874
30 4 3 844 873 875
30 5 3 845 874 876
30 6 3 846 875 877
30 7 3 847 876 878
30 8 3 848 877 879
30 9 3 849 878 880
30 10 3 850 879 881
30 11 3 851 880 882
30 12 3 852 881 883
30 13 3 853 882 884
30 14 3 854 883 885
30 15 3 855 884 886
30 16 3 856 885 887
30 17 3 857 886 888
30 18 3 858 887 889
30 19 3 859 888 890
30 20 3 860 889 891
30 21 3 861 890 892
30 22 3 862 891 893
30 23 3 863 892 894
30 24 3 864 893 895
30 25 3 865 894 896
30 26 3 866 895 897
30 27 3 867 896 898
30 28 3 868 897 899
30 29 3 869 898 900
30 30 2 870 899
4
