62
1 14 3 2 5 4
10 14 4 1 3 6 7
15 14 3 2 8 16
1 12 4 1 5 9 17
5 12 4 4 1 6 12
9 12 4 5 2 12 10
12 12 2 2 8
14 12 3 7 3 11
3 11 3 4 18 17
10 11 2 6 13
13 11 2 8 15
6 10 3 5 6 13
9 10 4 12 10 20 23
11 10 2 20 21
14 10 3 11 16 22
15 10 3 3 15 32
1 9 4 4 9 18 33
3 9 5 9 17 33 34 19
6 9 2 18 26
10 9 3 13 14 29
12 9 2 14 25
14 9 3 15 25 30
9 8 4 13 24 35 27
10 8 2 23 28
12 8 3 21 22 29
6 7 4 19 27 40 34
8 7 2 26 23
10 7 4 24 29 31 36
11 7 3 28 20 25
14 7 2 22 38
11 6 2 28 37
15 6 2 16 45
1 5 4 17 18 34 57
3 5 4 18 26 52 33
8 5 3 23 36 41
9 5 2 35 28
11 5 3 31 38 43
12 5 2 37 30
4 4 2 40 47
5 4 3 39 26 41
7 4 2 35 40
9 4 2 49 50
11 4 3 37 50 56
13 4 2 45 62
14 4 2 44 32
2 3 2 57 52
4 3 2 52 39
8 3 2 60 49
9 3 3 42 48 55
10 3 2 42 43
12 3 2 61 62
3 2 3 46 34 47
4 2 2 58 59
6 2 2 59 60
9 2 3 49 56 60
10 2 2 55 43
1 1 3 33 46 58
3 1 2 57 53
5 1 2 53 54
7 1 4 54 48 55 61
11 1 2 60 51
13 1 2 51 44
3
