90 90
13 67 -7 -72 -91 -64 -80 76 -22 -17 47 44 3 -21 75 81 -51 72 -75 83 -52 19 -12 25 4 -81 -13 76 16 -91 53 -91 66 -61 79 -52 -27 -72 -92 -21 -24 -9 30 66 -53 -46 -100 -92 -41 -39 87 82 -87 -76 17 6 31 13 32 -29 63 -71 -9 -13 20 56 31 -63 65 35 84 -96 91 53 90 -21 10 69 42 -17 -95 52 -41 -18 55 66 78 -91 -75 45
77 72 -48 13 -13 85 65 97 97 -58 -69 -18 -9 -21 36 66 -38 -41 -16 44 29 -94 -29 78 61 15 -66 -83 42 -98 4 16 82 61 45 8 -48 -69 82 55 -99 13 17 -12 -34 -20 4 -35 31 -82 29 22 -11 28 -35 50 90 45 -50 -26 13 -31 -91 -34 88 -55 68 -77 22 -68 -66 -78 -84 -3 -60 -5 -25 99 -88 95 87 65 9 -93 -61 -49 -58 -51 21 -64
70 -43 55 -89 64 -26 -90 99 54 53 -34 -86 -25 -63 -10 5 52 67 -83 -23 -37 8 -60 -26 -45 -76 94 -77 16 34 79 -15 0 -23 -7 -58 84 97 -92 -67 -29 87 78 85 75 77 81 -49 -23 29 77 4 12 -41 38 86 37 89 31 -26 17 -65 -42 -50 -22 35 -86 -41 98 62 -77 86 -78 -96 16 -69 59 -75 95 -22 75 -7 41 85 34 -83 43 10 29 -23
85 -15 98 -12 4 -39 53 91 34 11 -37 6 -95 -34 -83 -95 -36 -75 39 74 15 30 73 30 88 -59 -42 -15 61 80 -28 -83 56 84 -5 42 41 8 -31 -72 -38 -8 45 -95 17 -59 98 18 33 19 -89 -45 -30 -85 5 69 58 42 32 43 -20 -62 -55 -68 -64 -49 -69 49 99 85 -90 50 -31 -88 73 -58 32 83 -22 58 -1 -83 26 -23 62 42 5 61 88 -26
-8 -51 -42 -81 -34 -65 -18 -53 20 0 -76 47 -69 58 55 33 54 -59 -64 97 77 34 30 -28 -78 19 45 81 -54 -17 73 72 -43 61 5 -10 49 94 41 78 -44 32 -93 -83 -79 72 -19 -3 -42 -33 -8 13 -21 9 23 -18 21 2 47 73 3 34 5 -49 -95 -85 41 89 19 -96 -7 -94 -44 -16 81 -15 8 3 2 -5 -1 28 8 -64 76 8 -95 -3 68 22
-93 90 -46 7 36 13 26 88 -72 79 -100 14 -89 69 92 -95 -75 -62 -80 -12 -98 67 -86 35 -63 -37 -9 -58 60 15 -42 78 -23 69 45 14 -49 -63 -31 28 -92 -72 20 -1 26 57 52 18 31 -40 57 -46 -7 37 95 -91 10 60 -43 -52 -63 -82 -91 51 -47 -24 -3 94 -11 -45 -67 94 36 68 75 59 -30 -92 -21 -12 0 -61 -77 -50 -52 8 86 10 3 93
38 -46 47 -31 55 20 12 -51 -38 -57 23 -21 8 -18 -23 27 0 84 32 -88 -29 -17 46 91 21 -81 -98 -66 -18 73 37 -12 -30 -57 -74 -89 22 -22 -95 -14 -68 83 -84 -63 33 -34 -95 -99 -100 -16 -38 4 -94 -86 27 32 -72 -42 -80 55 0 74 -57 43 25 59 6 74 48 -44 -72 -79 67 55 -36 -59 -1 -77 -57 -46 15 -1 11 -32 57 -66 15 -54 -76 91
89 17 45 94 65 -48 -22 0 -16 33 30 59 25 -47 62 62 87 15 -13 40 24 -22 -79 90 16 -60 -57 2 -79 -55 -79 29 65 -75 -29 93 92 -59 -58 -45 11 -52 -49 -65 -51 9 -82 94 70 -97 -3 -21 -10 -66 98 9 -85 -64 -58 -17 41 46 7 77 -40 59 -46 -2 23 -63 -3 7 8 27 45 -65 -100 -77 -93 -33 24 61 12 4 32 44 -71 -69 -61 -12
-52 52 -57 -9 -99 -38 -49 -13 -76 82 2 -36 95 26 -82 -42 -66 20 52 22 -67 -46 54 98 42 60 -50 -99 -64 88 81 -56 75 -78 12 94 -4 37 -27 22 95 24 53 78 92 -28 -19 -51 59 -75 63 66 -28 87 62 -68 -91 -5 -79 -70 37 -94 59 -100 57 49 7 -71 52 -91 58 -6 36 9 -23 -65 75 -66 -35 -47 -20 91 -4 47 -97 -83 10 5 -42 64
-64 81 -71 -2 -76 -96 -18 -72 0 74 -67 11 -65 49 -29 -4 53 23 -26 -48 -1 8 -87 -99 -36 93 -57 -75 90 67 -43 -36 -37 -20 3 -97 -15 -84 -76 95 8 -97 39 -97 -77 -87 -28 -46 -30 30 -13 -39 74 99 25 12 21 60 44 78 84 56 -46 -66 -85 -22 29 83 -52 81 -55 -41 94 58 41 -72 6 -68 -97 -77 31 -92 11 -14 -25 -5 -98 87 -62 5
94 -63 42 -46 -12 -17 15 26 -27 90 44 -43 -9 40 -6 10 12 -42 -7 97 75 -82 -84 41 85 -94 84 46 86 31 56 -50 -83 -83 4 -69 53 -2 -33 78 -60 69 -31 -14 -4 -6 29 30 97 59 91 -17 26 -4 49 -50 83 -38 -93 85 2 -12 1 -16 8 27 40 2 -45 4 83 -19 -94 20 12 -10 -55 19 93 24 -27 12 -100 80 74 -84 -33 81 -21 17
84 -7 -71 45 -28 92 1 -37 16 63 -73 -31 -76 87 47 -98 -44 -21 45 -10 29 95 91 -36 -83 -5 28 87 -83 84 54 56 77 -31 69 59 -15 -40 94 -52 -45 -70 -47 -68 -7 -92 -21 -4 81 72 90 17 -46 43 -30 80 29 48 79 -52 59 37 -44 -9 80 -76 -60 -67 65 -26 -8 63 -86 -69 -64 -58 3 60 -83 -59 28 -60 -42 -44 -2 4 33 19 -44 -89
-91 20 -70 -42 -27 -11 -52 -12 16 -28 -21 84 -97 -93 -60 -54 -34 -82 49 87 -82 34 -37 -95 82 -31 -64 10 -63 -5 10 -64 84 63 -55 -11 25 10 -38 72 55 -41 7 -28 2 -23 -23 -33 -15 93 67 -99 70 -70 -47 -34 -18 -11 56 93 -54 80 0 91 -75 -60 64 -92 -97 -65 33 -32 34 15 78 52 -61 56 97 -62 58 34 41 14 69 6 51 43 -6 58
55 54 -76 -92 29 -40 -64 92 -40 -6 -95 -60 1 20 -80 -28 -74 -26 -40 -47 -99 51 1 86 -68 35 75 -2 -85 -32 45 -40 76 51 7 60 25 -89 45 -66 15 -81 61 -15 -70 -84 99 29 2 49 -78 99 -52 -54 14 0 11 -30 23 97 88 -43 -87 87 8 -51 -70 51 -51 -7 -4 19 -8 26 -29 60 85 0 41 67 31 -43 -87 -81 30 80 -80 65 62 29
50 -80 -85 42 28 -66 -55 45 38 14 -80 68 -12 10 -40 -43 -91 -56 -79 24 -29 -99 -49 -94 92 93 -4 59 96 17 14 50 61 74 66 -65 -89 5 -63 -39 -93 -24 -13 50 -26 -92 41 15 -86 -29 23 28 33 -76 -55 8 -11 -76 61 37 70 -73 74 -93 -3 24 39 -68 -70 -51 -64 27 17 -81 60 1 58 -8 -6 72 -71 -98 70 -68 59 -97 -90 -97 2 -59
-71 84 -78 -92 58 -98 5 25 -38 -54 76 -50 -92 65 -80 -85 -91 67 32 -89 28 1 3 -48 -66 73 64 -57 -20 -65 68 -73 -63 -14 -44 47 31 -27 68 22 90 -97 -73 -33 -33 -99 -33 -3 70 6 40 89 93 0 -48 97 87 33 -78 -77 -90 40 -77 -37 -84 -91 92 41 0 55 -63 -49 71 44 81 -63 -31 -10 -48 53 -67 -4 81 -75 87 -26 64 3 26 -18
-81 -100 25 -5 -89 -56 -78 39 -63 89 -51 -85 -35 -61 49 98 19 -69 -88 -12 65 -6 -44 60 -28 -76 -14 91 26 -45 -26 -66 -32 2 -97 -66 -25 63 44 7 52 -64 -89 -45 80 -30 33 -33 -19 -66 78 47 3 -43 90 37 17 -67 -59 48 -32 4 19 -45 -36 -36 -9 -38 -68 -64 -39 29 -83 -2 93 6 74 53 54 45 87 33 58 54 -67 -67 -88 -47 40 -95
16 11 -16 -84 10 59 93 -5 89 48 31 66 17 1 68 98 -17 -100 -53 -12 -24 3 80 93 53 -5 25 75 29 -89 17 -65 -45 46 -61 19 -78 -56 -47 78 70 -74 -75 -18 -52 3 57 -99 77 -67 -70 94 55 -40 58 50 -91 21 -19 -9 -23 -1 -20 56 -89 79 -95 66 91 -15 -30 6 53 -2 41 -61 -13 -5 91 78 88 -31 96 52 76 86 67 15 21 -51
-86 -56 84 -47 -24 12 83 -24 17 33 53 46 -82 74 -98 95 -62 -54 29 57 -5 -90 -65 -32 85 -98 55 68 -20 -59 -46 -7 -32 -10 -25 -43 78 18 15 96 53 -17 33 -65 -74 -77 -6 48 79 -30 27 -19 17 -52 51 27 73 3 62 74 -52 19 94 66 -9 10 -63 -20 6 -70 27 -2 -77 -59 54 11 -23 33 48 91 65 -28 -100 -25 -43 -47 -54 0 -60 -61
3 -16 -51 50 64 -48 -65 -60 83 4 -96 13 88 44 44 -14 -67 -84 -95 -45 64 -17 32 -1 56 63 -1 61 -90 16 37 55 -27 -66 77 -95 -96 28 87 75 -13 -74 67 -61 -58 89 32 -9 -19 74 -36 50 82 -12 52 -76 71 86 14 -89 -89 -100 -19 -49 69 36 14 1 -73 4 72 -32 -45 99 -55 20 11 -75 -25 84 38 -77 -37 53 -73 66 37 -21 10 98
-36 -49 91 -62 -36 -86 73 -46 94 26 -4 26 18 58 51 -87 72 38 -39 8 32 -16 -96 16 30 -59 -2 -23 -38 -85 72 4 -73 -26 76 -12 -22 -71 3 -32 37 -61 47 68 -11 -54 1 18 -63 92 7 90 28 99 44 -7 13 -7 72 -87 -19 13 -23 -75 32 76 34 -64 -49 -69 3 39 85 -20 33 -28 -15 24 95 -60 -52 44 5 -5 -5 -1 81 70 -89 34
4 98 76 8 14 -4 -2 -8 75 -96 83 -15 -24 77 -68 22 81 -88 77 3 -19 57 0 71 -44 -93 -99 -63 -33 -80 46 -73 -6 -12 -64 -75 94 0 99 35 25 75 -27 75 -78 76 92 -47 95 -6 -61 -44 1 -41 7 -12 75 11 -86 99 -17 21 56 -55 90 7 -48 -53 -7 -61 -43 -43 -13 -32 62 -88 -31 42 -37 28 -36 57 -55 -22 -35 24 -97 -85 -13 25
74 -11 -96 -89 70 64 -19 76 54 83 47 28 -51 85 42 33 -10 65 -26 1 66 48 79 5 -56 53 -63 -93 9 -82 58 -2 92 71 98 -100 -1 3 34 -87 72 -35 -79 67 -61 -85 13 53 69 -11 88 -9 8 -83 -16 6 -17 63 -21 80 -67 98 74 -21 -55 96 -66 -10 13 -77 97 72 7 -56 -25 -1 47 -8 -28 76 -54 69 87 -98 15 82 63 -4 -16 70
-51 -33 35 2 91 14 -15 8 35 92 94 23 27 71 -69 37 -73 58 73 28 0 14 39 -24 -21 37 -67 95 -19 -89 1 34 -2 -64 26 12 -53 -47 -36 -24 89 -67 -84 -56 -73 -72 84 -21 -5 19 8 78 23 -53 34 7 -99 -85 27 53 -23 15 28 36 7 -93 76 -80 -76 -30 2 -40 81 27 -27 -99 45 89 41 -5 -46 -21 30 7 -21 -45 -76 49 -51 74
49 92 -92 -60 -9 -84 14 16 -97 95 -50 -53 26 7 18 -67 74 15 6 -28 20 -28 12 -88 65 14 52 47 -67 47 -87 97 7 51 68 86 -78 -31 -43 47 -20 41 -73 91 -3 -74 -60 91 -14 -82 81 24 67 -49 66 43 65 -20 1 -35 93 -31 -21 16 -12 -85 3 -50 -9 84 -100 0 99 -27 9 -54 -53 44 15 61 -73 -23 -50 -43 -97 -69 -53 -20 0 -47
98 -82 35 -58 -70 15 42 -92 33 90 36 4 34 -44 -61 -20 -13 -48 76 -14 36 -85 -65 -63 -27 83 -16 1 -24 -52 -43 60 95 -85 64 14 7 -42 31 93 -43 -61 -69 98 47 -87 -34 21 -98 -84 24 -72 -38 77 3 -51 -9 -55 37 -23 -97 17 79 -3 -15 26 84 -5 -88 -43 -60 -26 -49 -46 -14 -11 19 16 66 1 73 -88 30 5 10 84 -61 6 19 89
-8 26 42 -60 -41 -26 -57 93 39 -22 47 45 73 32 -97 29 81 30 63 98 -24 96 92 44 40 -55 90 22 -57 -29 50 -45 -89 45 1 -42 -51 -100 -47 50 41 -10 4 -4 53 19 -51 22 2 92 -86 -67 56 -79 -65 -18 -68 -35 -20 28 -2 21 91 -51 99 -47 -54 54 49 34 -88 3 -95 -27 38 -61 -6 94 98 -44 4 9 -28 83 81 36 -13 95 91 -95
48 55 42 99 -42 48 28 -41 -57 -5 -22 -35 27 87 49 63 -35 83 22 26 -90 54 6 98 -2 -77 53 -94 79 -49 69 -36 -11 -67 -71 62 -85 20 -94 63 16 -1 -54 -32 82 69 95 -11 -71 -14 90 54 15 6 -63 73 -18 77 -14 35 84 -82 25 63 -37 47 -28 6 67 74 76 88 51 33 47 81 -91 -17 68 -65 3 90 -98 -37 95 -69 93 38 7 -80
-15 38 88 -35 16 50 90 30 66 -38 -67 -56 -12 50 -70 -23 -6 -80 85 28 64 -60 -79 81 -22 40 -27 -51 42 -16 -82 -26 74 -100 -75 18 -93 28 50 -39 29 11 9 -1 24 86 60 94 -45 47 -39 68 10 5 14 -31 29 -18 -14 12 -17 96 -11 78 -3 -83 35 47 96 21 -44 -97 -5 0 -96 -24 41 28 82 66 49 -77 -30 -65 44 -15 -65 -95 -47 93
45 -64 -42 -18 -45 -16 49 88 -96 10 -49 -82 -24 2 22 -78 -31 -95 94 27 27 52 -82 86 87 -11 -100 -39 38 -7 28 84 -90 41 -59 41 -55 -36 -17 -43 -66 -27 -86 -41 76 -15 84 72 36 -44 -87 60 87 -36 -48 16 -32 94 -45 36 -30 16 -73 -92 -83 39 45 -7 -50 34 0 -27 68 63 23 -57 -14 -4 -90 59 -86 -8 24 62 -50 -37 0 1 77 43
17 -29 -28 80 1 -12 -53 -53 -83 -81 -78 -70 90 -8 59 -97 -40 95 57 59 -85 27 90 -91 -35 58 -63 55 94 32 -73 -6 -35 86 -21 64 -36 -75 -73 75 -89 91 -91 -99 93 13 42 -9 3 -74 10 -50 -99 63 28 -62 -98 32 55 97 -15 45 -27 -92 -47 -12 23 -32 6 -74 -39 72 -55 68 -80 -55 43 5 -7 14 73 -91 -12 -43 90 -41 72 41 75 87
-88 65 -53 -87 47 74 -37 78 -72 8 -87 40 98 83 13 3 26 -89 18 47 -63 -36 89 -61 63 88 -45 21 -57 -55 62 87 -91 80 -62 -12 62 82 52 -53 -49 81 -85 19 65 -86 41 -96 -77 -72 -45 60 40 -71 77 -31 -29 63 -40 86 -24 10 -58 -79 -59 12 -97 -11 41 54 -20 -92 -61 -71 -100 94 -66 79 94 -30 -60 74 -58 35 49 -35 -5 7 9 -14
17 -27 -20 28 -38 69 32 -17 42 -51 -48 44 75 0 -99 17 46 65 -78 16 -29 57 -4 79 -13 -59 -15 -8 44 20 32 -22 -75 -64 10 56 75 -38 -65 -41 -29 -29 76 6 -64 -16 43 -47 -57 45 -44 -33 -54 -18 43 -82 -14 18 -14 -38 -80 1 -72 37 -58 39 2 52 -63 -71 97 94 -39 0 68 59 -35 -84 31 34 41 18 44 -61 -79 81 90 -50 18 -87
-69 -4 63 29 42 -51 -94 -45 -100 -31 -61 -46 -10 -13 38 19 32 -14 0 -29 -7 -38 -62 7 3 36 41 17 -24 -15 53 51 44 -60 -56 -55 85 -88 42 28 -39 63 43 -92 55 54 -88 -75 49 5 50 -19 -49 67 -13 77 -72 -7 -46 -25 69 78 9 -41 30 -53 -91 76 57 -56 -67 9 88 55 -89 -9 19 -74 80 -18 -90 -69 91 -93 91 52 -5 4 27 84
-92 98 -71 69 95 -90 -32 98 -100 -89 -73 -29 77 59 25 63 48 -76 10 85 -74 -3 -49 12 -94 -3 -43 4 -44 -37 52 -92 54 -45 -51 14 70 -89 18 7 -98 -6 -50 11 -8 -23 -35 73 22 -13 -52 26 -47 18 20 96 -55 91 -13 -3 -52 10 68 33 -14 -31 -88 81 16 51 85 20 35 -76 -50 23 88 4 11 67 9 83 82 93 19 -33 46 -73 94 51
87 -50 4 -94 82 27 -10 -11 -69 -42 -69 -14 48 -17 18 30 -24 -81 19 -45 75 95 -15 -27 -77 -18 66 73 -68 -15 -22 32 -16 63 76 -45 15 -45 99 55 -51 45 -64 83 -29 42 45 23 -29 91 34 87 -82 -28 29 72 -56 -98 23 -93 95 15 -43 -56 39 55 68 28 -70 79 -23 94 -2 62 -97 -18 23 4 10 48 7 -86 -4 -40 43 -55 -42 -75 8 43
74 43 93 23 94 -45 35 -72 -92 46 3 64 -9 -37 78 41 24 -3 -45 13 -54 64 84 -18 59 13 98 -72 28 -36 -21 -18 -45 1 0 -14 23 26 20 -39 -29 -71 90 7 15 69 14 30 -21 -19 95 -91 53 96 -69 -33 93 86 44 64 -41 76 -87 39 -47 38 -32 -55 78 -59 -30 -45 58 43 56 34 87 85 93 94 -33 65 -53 -100 3 87 -61 -77 -45 69
-17 65 -89 77 27 23 45 -78 -45 -62 -100 -29 -10 20 -15 -73 44 -62 -80 66 -37 79 5 -49 32 26 3 -26 -43 -77 -75 -17 -98 75 -53 -64 0 52 -40 -44 3 39 33 -19 -89 21 24 -77 -58 48 -6 29 -31 -85 -99 47 -91 55 30 -83 31 55 99 95 -74 -66 -36 -83 72 32 -57 21 32 -82 53 -5 94 -98 31 88 87 -13 92 -50 46 -56 -89 -62 -45 -5
-35 -37 3 -81 60 -21 -39 18 35 3 -52 -87 -67 4 0 -55 -25 -13 25 56 -83 13 86 -22 -96 -76 -6 96 -21 16 -15 78 -74 57 9 68 82 -53 -42 0 61 -29 -45 97 49 2 85 23 -79 32 -78 -7 -53 99 99 79 -84 71 -58 -22 -96 -56 -1 -24 -71 94 -89 68 51 88 13 -82 53 -11 85 -65 66 14 38 -49 9 88 97 -61 -31 -79 -10 9 57 41
-55 -19 71 -37 69 -47 -64 99 -97 -95 80 -70 -1 77 -46 -88 59 58 -23 -15 -76 -69 0 -28 -12 -100 55 -40 -24 -8 -9 31 -13 -53 17 16 -84 -54 -31 15 -63 73 65 8 67 13 -21 -12 -77 -84 30 -69 -82 -6 85 91 29 -34 61 39 -56 44 -18 -60 13 -69 -37 -72 -29 49 93 -85 27 22 53 99 -87 31 -87 58 88 -28 -7 -93 -28 -60 66 46 -84 7
-38 55 -1 53 -35 13 29 5 56 -78 42 96 -60 -41 -49 15 -82 -14 -86 -71 76 82 -9 -62 18 -86 87 97 -27 92 71 -87 56 80 52 35 -50 29 38 89 -41 -65 -14 -19 78 -70 13 -5 -22 -74 53 77 60 -85 98 -58 -88 55 -99 -71 48 -58 48 -13 -11 -79 63 -58 -25 50 -99 87 87 -58 66 2 -85 36 11 92 -54 -50 -38 -94 56 -34 -32 64 68 11
8 -36 -7 67 -74 13 98 67 0 86 -47 -99 44 15 -23 -39 58 86 90 15 -93 49 14 99 18 47 98 -30 58 -40 -66 -35 -64 -37 -47 -4 -86 -41 38 -59 48 51 68 93 -14 9 53 45 19 24 -84 16 -12 58 -35 85 -60 -34 16 -80 -18 -25 -26 14 -68 -84 -57 -87 -21 9 -13 -56 62 -51 -65 -70 39 86 -77 92 -52 10 10 26 39 -41 1 59 -40 -10
-85 96 54 -69 -92 -11 -84 -48 45 -7 -47 27 -65 -85 51 93 44 -26 -84 76 82 -90 -43 3 -15 -53 -30 -24 -56 -83 55 -17 35 73 -54 69 7 36 56 -40 -23 36 -4 29 68 71 -75 -7 -47 -58 16 28 -20 74 -66 59 -100 -61 24 -19 35 61 -89 -95 -17 -21 24 78 65 0 65 -38 -36 68 61 -89 -48 -37 -18 -5 55 77 -92 71 -81 -95 80 66 10 -77
-2 63 34 96 -69 -84 73 -96 19 28 -8 -61 30 48 -2 -65 -69 -47 -61 57 94 73 14 -55 -18 51 20 -5 42 80 10 75 -74 92 -43 41 56 40 87 -43 88 73 21 -83 55 72 7 -59 15 83 7 86 75 69 -34 -30 -40 -70 91 79 77 21 29 -38 95 85 35 -82 -56 69 -22 -91 48 -53 -65 69 85 20 -10 -17 -49 78 -54 28 55 -10 78 65 -6 50
27 29 -48 41 3 41 57 -86 -74 23 -6 27 34 -83 -84 4 8 -92 -89 -21 -84 12 5 64 -26 67 73 75 -41 -98 90 37 78 31 -85 61 68 -73 -3 60 -100 29 86 35 79 0 -36 43 62 -14 -99 -36 90 -91 41 -85 -79 -6 -86 30 -47 -56 58 34 74 2 22 95 63 93 18 57 86 80 77 -85 -24 -68 62 79 43 62 71 -39 86 -62 -23 21 -92 42
41 -42 4 8 -71 -71 72 9 -54 -40 -2 34 -40 -13 28 -73 -98 52 55 41 -92 -22 12 -32 46 -15 80 90 -65 -8 -26 83 -74 -37 64 5 -32 -39 -88 -47 -34 41 -81 71 88 -87 61 99 -95 -65 18 -80 29 -13 -44 -87 -39 84 58 -50 91 -21 81 28 90 45 -51 -64 62 -12 -46 13 74 80 75 -52 -7 -86 -29 27 47 -54 34 -87 -22 2 10 -55 33 -62
66 21 19 21 -61 -99 -5 -92 18 -7 -69 -55 45 -93 -57 95 -14 0 -37 88 -4 -80 95 -97 46 -45 -62 -33 -3 -17 53 27 -38 -32 -79 72 -19 -73 51 16 -40 23 -81 -48 51 59 52 29 -29 83 -17 10 -71 57 65 -12 96 -25 53 10 63 60 93 -73 32 79 60 99 -41 10 10 1 7 -70 3 -22 26 70 -71 -7 -40 -17 59 8 82 63 -18 51 -2 -44
59 -93 -66 -57 -31 -81 -28 96 29 54 -87 -43 -97 63 23 -53 -82 -27 -93 -20 47 -35 79 -63 34 90 86 34 -51 -29 -62 75 -75 51 26 9 10 9 -88 -10 -21 -63 35 -15 74 -37 7 -6 -71 2 -10 68 -12 -80 25 12 73 80 95 -63 14 28 98 -4 -22 48 77 -22 -81 6 18 -49 -42 -36 -100 86 43 -69 1 14 58 17 50 -9 -53 98 -98 -74 -30 -14
11 84 -94 -66 -98 -58 42 -45 -90 -95 80 -81 60 -68 -26 -1 -91 -46 43 -71 43 -24 -5 -21 57 -92 -71 -93 45 -41 84 96 -5 61 -41 65 -88 -6 -66 13 -36 -10 -10 -14 76 4 -68 -46 46 96 17 83 78 71 -12 70 -7 -76 -80 19 64 80 31 82 55 57 -72 -67 54 23 -35 -28 -32 75 88 81 43 32 31 61 -17 -42 21 19 -78 -84 -21 52 99 15
47 74 -99 49 -76 64 -9 75 2 -22 -70 21 -88 -62 -94 69 -42 -62 72 71 32 97 8 93 88 -73 23 -81 74 35 63 -4 -81 72 37 81 -30 11 18 -15 -9 -24 -94 78 -27 -3 -22 63 -71 31 13 34 53 20 32 92 -71 1 36 -25 -95 13 -68 27 86 53 56 -48 74 9 42 67 -90 -1 55 -32 -18 -17 71 -18 -56 -73 -16 25 -88 -57 88 -76 -32 -72
50 -59 -34 -72 4 5 46 49 78 -40 -38 -76 53 10 87 -81 -48 -77 -38 79 -5 -35 -13 -6 74 67 57 -77 56 -4 5 -5 -6 -72 -21 6 29 -62 7 29 -73 95 -4 -62 92 -90 -69 -23 -57 -32 66 -84 76 -14 -77 31 -61 80 54 -34 -24 -75 -47 60 -39 -96 63 54 -88 -31 88 -41 -6 -67 96 85 -9 -66 -7 -29 -94 -82 -91 80 27 93 -42 -96 43 -94
9 -70 -64 -2 -28 -94 -14 31 -5 -40 -91 -13 -47 -64 -24 -53 -60 43 -35 59 -30 -25 -38 79 99 98 16 79 -17 -20 -86 -58 50 -82 -89 80 92 53 -28 59 -18 -4 -68 -49 -54 -39 73 96 74 -90 -48 68 -100 -45 63 -56 77 18 -70 8 59 -13 55 79 31 -47 -1 75 -69 -83 -10 -4 24 82 -92 -2 20 -40 53 -66 -31 -67 38 -14 -95 -55 -31 3 -63 32
43 -81 -68 21 3 -38 -94 37 -18 -74 80 50 81 -61 -46 -78 22 -64 -27 63 -12 34 90 -64 -64 76 16 -57 -96 64 10 20 -87 -11 89 11 30 -70 -78 89 61 18 -93 -100 61 -88 26 -100 -21 -20 -48 -35 21 62 -4 30 38 -21 74 -17 99 63 -19 -26 53 74 -6 51 48 77 -80 77 59 78 29 -52 74 -6 -38 -16 65 -45 74 26 -71 42 79 41 -73 7
-66 -72 -13 -10 4 71 31 -36 -40 -34 -63 -13 35 49 18 -61 69 40 -24 90 42 -10 24 -44 -59 37 -72 54 20 -56 -27 -89 60 -94 40 -72 86 -35 -2 30 42 -52 -56 38 99 -27 64 72 36 89 -50 -9 41 -81 -14 56 64 24 2 -32 65 -4 94 -13 29 -20 -70 51 3 65 60 46 41 -10 -41 59 -64 97 -17 94 40 40 -43 -14 63 81 -35 -66 -100 10
7 -85 -80 67 35 5 96 -56 65 88 -44 92 -25 93 99 -22 36 12 3 -51 5 92 -21 35 -75 -86 -28 -91 -69 7 16 51 -2 13 -47 14 -12 2 61 -75 -76 -74 72 84 56 -6 10 -30 0 41 -21 9 18 -5 -75 52 -50 -24 -71 -52 -30 -30 -76 35 -63 70 -5 5 1 -3 -100 -84 -76 45 -57 -37 -33 45 6 52 -86 -78 -23 6 0 -93 -76 97 0 -5
21 93 26 56 80 -86 54 88 -66 -72 41 -20 70 -29 17 79 -46 -73 28 -80 -99 -22 12 78 -69 50 -59 3 74 12 10 53 64 -49 93 41 21 -55 -50 24 90 -48 -2 79 -62 83 91 -78 -48 98 6 -39 -15 35 92 -67 11 -33 -77 -100 -18 36 -10 19 -29 52 17 4 26 -58 -40 -39 -56 -77 -26 -1 16 -28 -94 22 -55 -94 31 -80 -39 71 -37 96 -55 -37
-88 -43 97 9 -86 -9 44 35 -64 2 88 90 94 -32 71 -21 66 20 -39 62 54 -12 70 -63 -91 -42 -90 5 -71 -33 51 0 29 7 50 -69 63 -47 54 -77 -32 98 -27 -27 -42 -88 7 -2 -14 93 -92 -62 -66 52 -10 22 -95 -93 23 -49 38 -95 19 12 -55 -46 -87 41 84 16 94 -42 -14 29 99 40 34 -25 -15 14 -67 11 -62 -82 -53 -67 33 -95 -61 -26
4 92 -30 -9 56 -7 22 45 7 -59 67 13 54 59 85 -62 58 -31 -32 5 -4 -30 61 -59 -95 -76 -35 79 -17 18 10 7 -99 -92 -60 32 -93 -90 -30 0 -6 -2 98 -96 53 98 -53 10 -48 10 48 67 96 -71 8 -76 -85 2 28 60 -39 73 -88 -72 -93 -89 5 -75 3 82 -10 -52 -83 13 -62 -32 4 27 2 -27 -1 -94 -36 89 -35 69 -33 39 16 -30
-89 1 6 62 19 -34 61 14 53 -43 -24 15 2 25 61 16 -53 77 -86 14 3 90 -9 -32 -62 -82 84 -83 50 79 30 43 64 57 -9 -71 28 -76 44 -41 -20 -95 51 92 -58 70 -76 72 -75 64 -81 12 -74 1 -34 -26 36 -37 -12 49 88 4 63 -99 69 66 50 66 -45 -88 -49 -45 82 -95 -53 -23 -30 68 17 45 72 -87 -85 51 27 -44 -26 99 -48 -81
46 -47 35 -83 98 -9 -89 28 -23 82 -64 82 54 -22 -10 -84 -56 22 29 42 60 32 27 71 31 -52 -46 40 -90 -49 55 -93 -47 -27 -7 -38 -40 -77 -18 32 -4 63 26 91 -31 37 42 -13 18 -77 -48 57 86 -9 63 -29 18 -33 -30 -16 47 -30 -16 7 -35 61 -45 -75 88 -56 73 94 58 50 66 -29 25 -30 44 93 -94 -72 91 -15 38 52 60 -27 -76 -11
28 -78 -64 -4 13 -46 66 26 65 -5 -70 94 82 -51 -93 -68 89 -71 -3 83 5 -69 -25 -34 -50 -31 4 5 98 -76 62 -92 -32 30 -95 -35 84 -60 -31 50 -13 -57 14 -83 39 94 -49 43 4 46 -67 78 68 -12 17 -53 17 98 -15 44 -39 0 -1 70 46 61 -6 -51 14 -50 49 38 72 -97 -19 21 -87 -88 -41 -95 -50 41 66 29 19 -87 -47 32 -61 -37
60 23 0 98 -97 34 -58 71 -76 84 51 24 -93 -58 90 91 46 -89 -56 -20 -6 -83 46 75 34 -65 8 -95 -66 -34 45 -67 -83 -32 9 -94 -97 7 -49 59 22 -30 -85 -39 -59 -37 -1 -4 -94 -7 -28 65 48 62 35 19 -8 -36 -44 61 -95 3 -49 47 -75 -34 -54 -65 86 -49 26 -39 64 -56 -3 50 9 -53 8 -22 -1 -28 76 -8 73 -26 -58 -54 1 83
55 29 -64 -79 97 90 -37 -63 -60 90 68 -95 72 -5 -29 4 -77 3 31 64 13 -60 79 -15 -63 41 86 36 -17 -24 39 -74 1 -48 29 -26 35 -51 87 -31 -10 -6 97 -75 -90 79 6 47 -45 -77 -11 57 -3 91 10 -34 -60 83 94 8 -10 -4 25 -44 -78 95 47 68 76 89 33 78 2 -32 46 -53 -81 5 -22 74 94 -62 -75 -75 98 14 62 85 -29 -18
2 -62 19 7 24 37 -79 81 47 90 -82 46 50 -16 78 83 82 27 -38 -90 -59 12 -60 33 -90 46 2 -66 -75 -92 22 92 9 -78 -59 -56 -21 65 -33 23 12 -24 -25 -69 -39 -65 -5 -60 -98 69 22 -31 -39 -44 -68 16 -55 -21 22 82 63 69 87 -46 75 -32 -51 56 -22 -31 36 25 -42 45 16 -71 -97 -85 33 27 97 -79 68 31 -19 36 48 86 -11 4
-50 -37 -86 -1 60 -29 88 -28 91 94 85 75 -64 14 -42 99 -72 -1 90 36 72 -9 19 87 -76 88 90 43 30 68 -70 -23 1 25 -96 -7 78 69 33 6 31 19 -19 -24 -85 -90 -85 -79 89 -58 -84 -85 64 -31 -52 -17 -2 67 87 -96 -73 41 -80 74 81 19 -72 -83 -91 -40 53 31 57 -2 -15 64 -12 -46 -75 -25 -7 29 85 94 96 88 29 74 -47 9
84 77 59 -58 -64 -49 -60 -95 -69 98 -7 21 21 -83 40 40 65 -36 -92 -86 84 45 -78 77 11 -82 -39 -67 29 6 39 25 -62 -15 10 35 -15 80 -45 21 0 96 74 -20 71 -79 38 -39 -66 -70 -100 45 9 92 74 5 56 -100 20 79 -52 76 22 -100 79 84 -93 71 36 -51 86 -28 -33 7 -73 -76 -99 -84 65 16 47 52 -47 -36 51 -38 73 -90 60 46
-66 -73 -21 -67 -41 -38 -42 62 -57 58 16 62 -51 9 -88 -81 -94 -66 -1 84 50 70 -60 -16 -2 -26 -14 -16 -7 96 37 -66 74 -67 9 -33 58 42 28 7 -17 -67 -83 -60 -57 -78 -44 -40 -7 9 51 -69 -88 58 -42 48 2 -28 -81 -98 -40 -30 -83 3 -25 -88 22 -76 47 84 27 -96 -8 -48 91 -19 22 39 66 50 45 -90 -61 40 -43 -75 92 27 -4 -58
49 -59 88 85 -28 -44 76 32 -37 -37 5 1 66 71 -59 -38 19 -61 -40 33 -77 14 85 52 -98 -22 -25 -42 78 -95 53 -37 -96 43 -89 64 -80 3 -78 -73 -65 -77 69 17 -95 -75 5 4 76 44 -50 16 13 -94 43 12 77 -5 -56 -50 -35 33 -83 35 -27 66 -18 -60 -77 79 -7 -22 74 -2 -41 27 -87 51 23 -26 -2 -54 72 -61 74 -57 -51 86 63 -78
-74 -67 -25 61 -4 -16 -25 80 -60 -15 -44 88 -95 -68 -59 91 -85 -64 -63 95 44 22 18 -93 -75 -37 -14 -18 -28 -71 52 39 -95 -54 47 36 73 55 54 -89 -21 46 -28 30 9 -14 -42 58 65 -80 -63 -94 -84 63 -73 -23 63 -81 -61 5 48 22 -35 10 -45 6 -6 6 -2 59 51 62 -23 43 66 73 -6 -65 80 3 -80 -70 50 -35 -41 63 13 -53 -76 16
-65 30 -47 -68 16 11 -6 0 -54 -85 57 -79 -99 -83 -33 -63 46 -15 -11 25 16 46 50 -74 59 15 61 15 60 65 -67 -99 -42 40 62 -12 -16 -94 -64 25 70 44 43 -100 -68 -20 -99 32 0 30 -80 -71 -56 -13 5 -59 -44 -1 -19 -34 77 -46 -62 -1 62 -86 57 -27 74 -33 75 16 -50 -33 -52 -30 -95 34 19 -33 -7 41 83 -90 31 -22 26 47 46 -1
80 -43 -97 -40 2 70 89 -98 -48 32 -16 90 27 -82 83 29 36 67 -30 81 -55 -41 32 -88 -16 -80 -59 20 -95 91 48 86 -10 19 -61 -30 -89 -15 -50 83 36 92 -23 -52 -38 -85 36 71 -62 -47 -22 -32 -42 -33 -59 -92 93 41 67 -41 -47 -70 -14 36 79 41 80 -71 -97 -48 -26 -31 -35 -86 -91 -5 -97 30 98 67 -9 73 -66 96 -13 -80 17 22 84 70
-72 60 -28 91 68 57 19 -2 -18 -13 35 93 0 -64 -69 -22 -35 72 89 63 59 90 3 37 -88 7 -48 90 -61 -20 67 2 -59 4 -56 -57 47 53 49 -5 61 -47 -13 -3 -92 -72 29 51 56 -100 -15 87 -71 45 -18 -91 -25 -66 -75 -44 59 -24 91 19 80 53 -90 29 82 96 -85 -8 -34 -21 87 99 26 -79 92 -2 22 -51 71 -50 92 -29 40 -55 51 85
-6 -97 -86 -32 -29 -39 19 17 94 -34 -18 90 95 4 -96 33 54 69 -37 -13 56 -30 -32 5 -85 -29 10 3 25 56 61 -75 70 26 47 14 -3 -75 -10 -10 7 -86 98 -29 -58 40 75 36 26 -45 -34 -98 -7 -24 -11 66 -28 79 -75 -89 56 10 -12 60 18 -75 -86 -31 -9 -33 -49 -18 -53 -32 -74 -93 8 -69 -88 -14 57 78 -100 -29 -89 -17 -59 54 52 42
-12 62 22 -64 -24 -84 22 42 -84 -79 -22 -2 -72 -16 64 -31 42 67 -52 -34 6 -99 60 -98 35 64 -47 48 49 32 -55 3 64 56 -53 18 98 99 50 23 68 -43 -42 -13 -64 36 63 -4 -1 -87 -76 24 77 11 -37 26 -75 -82 -63 -13 56 48 -100 -22 96 -76 -41 63 89 67 -74 60 90 31 27 61 56 26 -32 2 28 -17 -2 42 6 -2 -51 27 34 70
45 71 -94 -66 -83 24 68 68 -79 72 77 90 25 82 54 62 88 5 -9 -7 -77 82 -63 35 3 -52 -64 -75 -44 56 -32 86 -2 29 -97 34 51 -27 12 15 -29 -36 -81 90 45 -7 73 34 -17 59 45 59 23 37 15 -97 -94 -75 -29 -65 70 -30 -87 -32 20 -20 48 44 8 64 41 30 75 -44 -66 -62 -32 -96 -62 -5 -50 54 -54 -41 86 43 93 -87 -51 -50
-56 -42 36 0 -99 82 38 69 -68 -60 -54 42 -94 71 42 -17 66 50 -5 -1 -14 -70 38 14 55 46 14 83 -85 -5 -61 22 -50 -63 -18 19 -94 -74 -82 63 -20 18 -86 58 8 35 16 -26 60 -38 -18 72 31 85 -73 84 -13 86 64 46 2 76 19 30 -91 64 -45 -93 50 -37 -78 -45 71 -50 -24 9 58 -86 76 -87 82 58 -64 89 68 -27 -32 -64 -73 -72
11 -5 -79 11 -26 -11 5 -21 93 47 -36 25 91 -8 53 96 51 95 -24 -67 40 -89 -33 34 -46 -46 -2 -93 83 97 -55 -28 -47 3 16 -38 52 36 -49 -94 -86 -97 25 -96 -71 15 30 -39 13 -77 98 82 58 33 -96 74 85 52 71 -35 30 -16 83 67 -32 -51 -57 -16 76 98 -14 85 -5 -91 -80 96 11 88 -29 -65 52 -91 1 50 -77 -98 47 74 -73 70
-18 -76 -30 -60 37 -61 -38 50 71 -67 72 64 -89 37 64 38 17 -7 51 -70 -29 -12 49 -57 76 62 91 -65 -21 -54 -32 -31 35 -7 -33 -34 -67 70 21 1 -89 97 30 -26 -12 64 1 77 -76 -13 -1 22 22 6 -100 54 -77 37 58 67 44 18 -14 85 15 -53 -12 -50 61 -46 -79 35 88 -35 -17 -69 43 -81 -27 -56 34 70 -96 -37 -59 -41 -75 -51 23 94
-9 -37 -21 35 4 97 49 25 3 -93 69 33 56 -40 -64 87 -69 56 28 -62 -66 71 -54 98 -42 -86 -57 -35 60 2 -2 -13 -76 -26 -49 -45 37 86 9 69 -14 -58 35 2 40 23 2 48 -22 -100 22 -62 58 -69 37 -73 17 90 -100 58 96 -99 -13 67 95 45 -80 20 -82 -21 47 -50 -86 -18 97 -68 43 49 43 0 -4 -32 33 85 -62 68 33 46 -24 68
52 85 -54 71 35 -18 -87 -56 -89 20 -65 73 60 4 -69 -85 -10 17 -17 -35 -3 -40 -40 -13 -67 93 54 65 1 5 -100 -88 -72 14 -62 -89 0 -85 -78 -74 -61 -3 -41 -24 55 -65 -43 -49 75 -72 -99 76 79 -26 -49 14 -14 -71 37 19 -46 -75 -43 -59 56 -43 -8 31 -79 -84 -31 -24 -84 69 -48 -1 49 -89 7 56 -57 -47 92 -75 -55 92 -47 57 17 -32
-23 -7 -50 -41 51 4 -46 42 75 -92 79 64 40 -35 51 -90 24 62 41 -68 -93 54 -22 -4 -66 65 68 -8 -18 19 50 -92 -24 -4 92 -78 -10 36 72 -83 13 -32 33 40 53 -42 79 39 -24 94 39 -66 47 -6 93 -23 -71 88 31 -12 29 -76 -69 28 -37 11 60 -3 -50 -2 -79 6 -20 -29 87 18 33 -93 -72 24 -40 31 -5 13 -44 84 62 64 62 25
58 54 -48 -10 6 -48 -86 -9 46 66 10 73 5 -11 73 21 57 79 -92 59 23 17 80 48 -26 1 34 51 55 41 -27 -84 21 72 13 86 -54 56 28 0 -77 -24 -45 38 93 -46 76 61 72 31 5 46 18 50 96 -6 87 -38 -88 16 -96 -92 54 10 73 -87 -91 15 -48 -68 91 -59 -29 39 -95 -76 -56 45 -43 75 3 83 94 29 60 -29 -81 92 87 -7
0 90 32 -86 -15 27 -26 -47 -24 -73 -49 52 -59 -10 -52 -66 -84 -11 15 -49 -61 88 66 41 -91 24 58 -52 46 -25 4 84 -32 74 -73 89 29 31 -6 0 -82 -66 -33 40 3 -100 96 7 -52 78 56 -90 63 -100 -74 -22 -77 6 -18 -75 -3 -21 -80 -67 -71 95 37 -85 75 -12 87 -74 -26 -27 -16 32 53 63 62 65 -72 -39 13 76 58 -18 86 -97 -88 -96
31 -2 -60 -49 -45 -70 -69 2 -61 -50 91 77 -20 67 58 -28 83 84 91 -57 7 52 58 70 62 87 -95 -17 66 -17 -12 -59 -67 48 3 43 -61 69 -11 34 -64 44 -27 80 -87 63 16 -22 -97 -3 -68 -85 -95 9 -64 20 -31 -71 7 22 -5 -79 -2 62 41 65 -7 49 -78 5 25 57 -4 51 -39 22 -25 82 -71 0 -20 89 82 -77 38 -26 -30 -12 0 0
51 28 80 23 64 3 -62 26 -25 -98 23 -7 29 -76 80 85 22 -98 -75 92 20 69 -21 -38 -5 24 70 20 2 -90 11 54 44 -32 41 -80 72 59 -96 -76 -67 45 -53 91 -6 13 42 -63 -27 24 -92 62 -21 42 -77 30 16 -86 40 51 -57 73 56 -78 -85 -13 -57 -20 47 78 76 -35 3 -76 37 -14 16 -36 -99 -90 -81 70 -94 22 -4 30 -100 -73 9 -8
-68 -60 40 93 49 52 -24 -67 24 35 85 6 -11 39 41 -37 -83 62 95 32 -66 30 81 -43 -47 -26 -96 -62 -41 -69 -11 2 10 85 78 75 -99 -92 -5 -3 -57 -84 81 -64 -61 -15 -10 27 -45 39 -2 -62 15 -64 6 -16 -7 12 -1 -74 -93 -92 -74 -38 83 -8 -23 83 -19 -30 60 43 -7 -78 4 95 15 -78 -20 84 -32 -99 -65 -78 -89 12 -11 -19 -24 34
-47 -55 -16 1 42 62 70 91 -71 68 88 -2 42 -87 -48 -54 -9 -71 -64 -12 -7 45 -21 32 -88 47 55 -70 13 -76 -64 -98 70 3 55 -94 -54 -34 99 -16 93 -25 -50 -96 70 -19 43 85 16 6 -18 -98 -2 62 -75 -88 74 -63 -67 74 15 -2 -15 -54 -43 -66 47 30 -66 -53 82 -66 -65 -29 87 80 88 -65 -70 -69 56 23 -7 64 51 -71 21 -75 5 73
36 13 51 59 41 -11 96 -73 48 -65 53 85 -28 -28 85 49 84 -98 96 -96 -42 12 22 -68 42 90 -9 43 91 16 -80 -9 41 -39 97 -62 -94 -41 -67 97 10 60 41 -69 -31 28 16 25 52 -6 14 -81 -50 -47 68 -60 56 -52 -85 47 7 63 77 18 -74 -49 48 4 59 -89 84 -86 78 -2 -16 -19 79 -3 32 2 63 -3 -87 -75 -29 -56 -24 15 -4 -50
40 -13 -14 12 98 -61 26 64 -46 -96 53 39 7 -94 -77 51 -77 68 -8 39 -92 -20 86 -3 19 2 67 75 -29 15 -83 -72 -4 -49 -13 -27 -88 98 5 -70 -51 23 -41 30 -75 26 82 -92 -46 -64 43 82 94 -56 16 67 -22 -27 -40 0 45 -15 -69 26 39 36 82 -44 15 -74 -40 94 -78 57 -47 -28 -3 18 81 73 -43 65 73 -50 68 -58 77 -40 87 -65
-78 41 94 0 -50 -59 11 10 56 -65 -57 79 10 85 49 -99 59 -46 56 -87 -86 66 99 45 72 35 -49 -59 22 -21 -71 -41 -73 52 -19 -14 79 15 39 16 68 -16 31 -26 3 46 -78 67 -18 -74 -66 71 -67 88 -66 -57 11 26 -1 -66 -38 -61 -86 -10 -63 51 12 63 85 42 2 39 -74 -26 -80 -21 20 -32 -76 36 65 41 -65 6 -16 89 68 -75 63 -87
3768