60 60
-65 49 37 65 -65 -2 -43 -6 -84 97 29 -13 -42 83 -49 -17 -91 51 -44 -54 -81 -75 80 -85 -20 52 70 76 -71 -13 -34 -53 2 73 -59 -34 3 59 84 -62 -88 22 -61 21 67 22 -73 53 94 -32 1 -48 34 39 -63 -67 55 5 -93 91
93 15 1 33 66 95 -95 -82 -43 44 -8 50 35 92 7 -12 -96 -11 38 77 97 -79 -90 84 47 -32 -53 68 85 -54 -79 -84 6 77 -34 45 49 -21 -7 -15 -1 40 74 -87 47 -21 82 72 -58 -5 20 -57 13 -92 -92 -24 62 -71 -18 -1
-40 -100 66 -51 -77 28 -1 -57 -43 -1 -82 -73 -1 -72 81 -31 -38 26 -77 57 -10 70 1 -13 -5 73 58 -45 17 98 -93 -82 86 -38 6 -40 6 -91 -45 39 16 32 31 -24 30 -20 -43 33 85 18 99 -41 -42 -98 -58 -39 12 65 -64 -52
54 74 49 -63 96 -59 -53 76 -51 23 27 -75 40 33 -67 -44 4 -77 46 73 -65 -86 56 58 30 -27 58 65 85 -92 -34 -83 87 -86 64 47 -99 -51 -53 96 90 -5 61 -22 -74 -72 -34 -4 32 -27 -83 41 90 -53 -76 35 56 -16 -66 -85
57 65 13 53 -6 65 0 -78 39 -63 69 -50 -5 73 -29 -12 -39 -83 -44 86 -100 43 1 33 44 -76 71 0 26 66 8 -88 -41 41 -11 -20 -72 64 -94 -78 -36 2 90 -67 -64 64 -3 60 51 9 -65 -85 -42 -3 91 33 79 94 48 34
30 0 18 -66 38 -85 -52 -46 8 7 53 -51 -83 -25 97 5 27 64 -62 51 -78 -12 45 44 63 26 -94 -31 -7 -23 47 -54 -38 -67 -68 47 63 72 28 -33 -4 45 42 92 26 1 90 94 10 -5 90 31 -49 -27 80 23 7 -21 94 -78
10 68 -60 -90 -81 -41 -60 -39 -78 72 4 -61 82 -78 -65 55 -61 -73 -19 24 -65 -66 45 -78 -30 -35 40 78 54 -41 -33 -14 4 -97 -89 72 36 6 -36 38 -9 82 69 -10 99 39 -10 -10 55 10 59 19 88 52 20 90 -69 -69 -29 -8
67 95 30 -30 -67 28 89 -65 83 19 -12 -12 -2 -90 -43 40 -89 20 95 66 64 81 91 -97 -42 -62 61 89 -63 -16 -37 84 16 75 -86 3 15 24 -54 -94 66 70 -14 5 22 37 -18 41 -42 -56 -40 33 36 45 22 -67 0 -21 -53 -83
-50 43 88 -92 -61 42 -85 -77 80 -82 0 91 -38 54 -32 -72 1 87 -64 10 -89 20 -37 -43 -100 78 74 27 80 -19 11 -8 8 -99 56 -89 77 28 -78 -76 81 -60 13 -7 51 -76 -67 -20 85 -13 -47 -39 -52 -56 40 20 -33 67 -15 -94
60 8 -49 -23 80 -10 29 77 -58 27 86 76 -7 -70 -40 -84 -51 -9 42 3 83 42 -84 79 -53 99 53 -80 7 5 67 59 -59 -19 94 88 14 -83 -26 86 -19 52 -49 69 42 1 26 28 7 -80 -82 84 -46 -69 -50 45 -43 -35 -100 -64
-30 59 -90 -68 27 -84 -71 85 -55 -69 76 -14 43 -54 -74 -26 -94 41 42 97 51 71 81 -73 -52 -97 -40 2 98 -89 -35 -5 -38 -98 84 47 94 -20 -33 48 35 -81 -43 57 -47 35 -54 -90 18 9 48 -45 71 91 75 52 -73 -82 27 -35
57 -39 30 43 77 -19 5 51 -82 -66 56 -63 -78 -54 60 75 -35 -25 -29 79 -70 41 -36 2 28 52 77 27 -52 7 79 -56 -4 -70 41 7 -76 89 95 -41 10 -71 -68 -72 71 11 30 -48 72 -89 -71 0 82 -85 23 -97 -78 51 22 69
-85 -53 -14 50 73 59 37 95 38 18 60 85 -77 -26 -4 13 98 -5 -3 65 -95 11 -27 -95 97 44 -32 -48 -80 -24 39 -56 -44 81 -2 -78 89 11 83 99 69 39 -85 76 -23 -99 -25 1 -61 -87 32 20 98 66 14 10 89 55 -49 46
-72 -62 22 -99 47 34 -22 -94 44 43 41 -77 55 97 21 76 60 -67 94 -86 49 -42 -81 -6 -15 60 -35 -21 -80 42 5 -86 -80 -30 -43 -27 -45 -3 31 73 42 -37 -30 -41 21 -25 -87 29 -68 -18 -33 57 37 -38 -13 -76 39 35 -39 60
-57 45 9 82 73 -1 60 70 65 43 -92 95 58 10 51 -88 79 34 -57 79 88 -78 44 -49 31 -4 -93 16 -28 52 66 -18 62 9 -85 -24 35 74 -94 89 49 -53 -95 44 69 40 -34 -68 93 -31 71 34 -39 78 -3 34 47 -91 -1 -24
-40 -30 -24 55 -100 54 60 -46 21 3 -34 -57 99 -74 94 24 -76 -26 -46 -76 78 -11 -30 -98 87 5 -40 -76 85 -12 -40 -61 18 99 12 40 -29 -61 -13 74 89 81 43 55 -41 -28 -4 -28 68 84 -49 41 -92 -59 23 -45 -62 77 31 -44
-31 -6 29 72 99 -25 -11 -86 33 65 -48 -9 93 -35 -74 -64 60 -84 -62 54 -40 -31 22 -87 37 -54 95 1 -46 94 -31 -55 2 95 -42 -87 60 -41 19 67 7 -25 -76 -40 26 -2 41 12 19 63 65 39 55 -50 -10 -75 42 -100 88 -23
15 -87 -73 93 49 34 -21 61 -45 35 -25 -59 29 -18 14 -97 -80 52 -28 -78 -92 92 -73 -40 -56 74 -57 -90 -46 2 -76 -15 0 -83 -16 47 22 -5 -99 -52 80 10 24 -42 -45 -91 46 -29 71 -15 29 -78 -49 92 -10 47 92 78 -70 -53
23 -35 -69 -37 62 12 52 71 89 67 43 38 69 85 94 24 -40 21 -44 84 -50 83 -82 -84 -76 22 -2 -35 -37 -78 -74 -69 -17 36 51 -91 -79 -77 -100 77 -30 50 38 -5 -48 -53 10 58 -58 86 -7 26 31 50 -90 -40 91 51 -67 -21
61 -43 35 -56 92 8 70 -39 -31 -92 94 -39 -96 47 61 -85 35 77 -77 -68 -85 -17 12 -19 -80 55 -34 54 35 -45 -67 16 58 -40 90 -55 -76 -88 52 -19 29 7 29 99 84 -61 0 94 -76 -22 -87 -3 16 65 86 30 -70 -14 44 86
-43 -51 38 3 -39 -38 -15 -90 -24 53 -61 -29 -97 -76 -42 51 -42 -91 -81 -76 -5 -53 20 87 -68 -13 94 19 77 -46 -70 88 17 57 70 -98 -85 -12 43 -1 -73 -89 85 26 -11 81 99 -7 -10 22 67 -34 98 0 -83 -47 73 86 -4 -3
-88 32 72 44 55 9 31 -96 -96 -51 45 52 83 5 -79 42 88 97 -5 -18 68 -58 -5 -22 80 48 -69 59 -67 1 96 44 -11 -53 45 -13 -34 10 96 33 -88 -82 73 93 -38 96 -8 -85 -24 42 54 24 95 12 39 49 28 -44 -9 21
-6 13 11 -31 66 -84 -15 -5 -32 71 90 81 91 22 30 -6 -27 -81 17 5 60 -19 77 -24 33 80 -24 -28 31 -85 48 -96 -10 42 -100 50 72 82 -76 -99 -5 46 -20 -64 1 -18 84 43 44 -85 -68 40 22 1 -41 7 56 3 -35 33
81 6 86 50 41 -81 35 -71 -97 78 23 82 -32 -73 -90 86 -31 -26 68 -56 23 99 -23 76 -92 14 -76 -61 -67 45 70 -46 42 -100 -87 -12 -43 44 1 -19 -74 -73 -31 32 31 -85 72 51 -76 -3 69 18 -59 64 -87 73 39 -10 -43 6
47 -59 -92 54 -23 94 -30 30 96 -69 -43 13 79 -90 -22 97 -25 18 35 -49 34 76 8 95 24 -31 3 -81 -65 -81 73 -73 -64 -28 -66 52 23 -60 88 1 -60 -39 79 99 -32 99 -5 68 50 83 78 -62 35 26 -37 65 -26 23 -72 38
-12 -15 -56 -99 -42 -78 52 -66 -83 -19 -5 43 55 -7 47 -58 -30 -11 58 -48 -10 -34 25 29 -66 -80 -88 22 -48 2 -89 -49 61 -3 43 -22 90 -50 -25 83 -32 17 -52 14 -38 24 62 -18 -35 -67 2 7 -84 -35 -19 -26 -91 85 -41 -16
5 57 -80 -56 83 51 33 -43 -36 88 94 -21 -13 9 -38 -15 -36 97 -5 19 1 -94 -80 40 68 -18 25 87 70 42 -2 13 -65 -83 67 2 -9 -30 -94 -50 28 -55 -87 6 21 5 85 -21 -41 -46 -1 -11 -34 -91 38 -29 6 -39 -83 -50
34 71 -9 -9 -76 13 -55 46 87 66 -18 21 -46 -63 48 44 -11 76 -10 -66 89 51 -95 28 -53 -98 -61 -96 -23 87 -38 -91 -79 3 -7 13 14 -46 57 91 11 45 14 82 -35 15 92 37 76 -81 12 -31 -13 -50 -47 0 -95 -68 72 -41
-17 -81 -25 74 50 -1 53 55 -5 -45 -85 -16 77 -72 41 -75 70 44 -52 65 74 -10 47 52 -59 -16 63 73 32 -97 -92 -64 6 90 -52 -73 -17 -94 -54 77 -52 -31 79 -89 27 6 72 94 -34 -73 1 -96 -57 64 -81 -66 87 -68 68 -57
64 80 -17 -77 55 40 -46 75 14 -67 80 22 -64 -4 86 -49 -18 -51 -31 -51 2 41 9 99 -21 77 -83 17 16 39 -25 -94 32 -49 97 17 -78 48 -56 61 40 -25 88 -52 81 35 -48 15 94 -75 -1 -37 13 2 78 56 -19 -10 -48 -51
10 -68 41 27 10 91 -93 32 86 -29 -58 -41 -35 89 96 95 -83 -1 3 17 51 -9 47 -42 -10 -63 -72 16 55 51 1 -40 -69 41 96 32 -28 37 -100 1 12 -64 -75 -56 -44 18 -70 85 37 39 9 68 13 59 99 7 -60 -89 -83 20
71 67 -97 -69 -36 -98 86 83 95 13 -76 5 21 80 -93 88 -9 -69 -58 55 -47 12 89 -24 43 0 34 -1 -8 -5 -81 -94 38 -97 -14 -42 -19 -36 -69 2 59 -30 -76 -30 15 11 -45 -73 12 -44 75 93 -39 53 68 -51 7 -57 60 68
-38 37 22 44 67 14 -54 -15 37 -21 -35 -49 16 -20 3 10 -13 48 -30 -99 -100 -92 -63 -65 12 99 -80 -68 7 39 -22 -64 82 -41 -16 73 -88 -55 72 -59 78 -62 -34 -47 85 -92 -39 -85 80 79 42 11 39 -4 64 -34 12 -35 95 -5
-20 65 51 2 -25 55 15 -8 19 -32 -21 32 -66 -22 -43 63 91 42 -9 31 -72 73 98 -41 -19 51 -79 -80 47 -60 89 43 -99 20 71 49 51 -75 35 -29 45 -94 43 20 54 -62 -93 3 26 61 84 -19 -87 -66 -86 -54 -82 -38 99 -89
30 -16 -91 -52 84 -71 -42 79 -100 -86 -94 9 -50 -88 41 -57 -90 35 95 28 -46 -66 56 5 -60 -27 11 5 41 8 -50 73 56 32 -29 -17 -25 40 -39 -61 -29 38 70 -94 -74 -7 36 91 -10 -44 9 90 -93 20 51 -73 65 47 52 -34
47 -74 59 -80 -57 29 -93 -54 -41 -8 87 -75 63 -48 -18 -74 -27 -19 60 70 69 -34 -46 -59 21 -96 78 82 0 -52 45 63 -32 12 65 -53 -7 -10 -42 -25 -44 -55 9 -83 66 24 -93 -67 -78 -66 2 34 13 -31 -24 -67 -65 25 -96 -72
8 11 47 22 -60 -87 40 33 -72 -28 43 68 -42 -11 -42 11 19 24 19 55 78 98 12 -82 68 76 -67 -86 90 -48 26 33 -30 44 -47 -91 3 -27 -16 -60 90 -58 26 59 -43 97 94 -17 -87 -3 9 -44 17 41 -59 10 -61 -96 -71 -100
-66 5 67 -85 -73 32 43 -86 -4 -6 58 43 -24 37 -85 -53 -48 8 -95 -7 29 98 -94 60 -53 28 26 -26 -55 12 -21 -61 -85 31 -85 7 -3 63 38 -65 0 61 -51 -66 33 -63 31 27 40 -56 -24 49 -1 53 24 64 -52 43 5 -70
96 -31 -93 -88 49 -33 -86 93 -76 -32 -31 -5 63 -7 42 -11 63 -39 -58 -3 61 -79 18 -25 -90 62 50 22 3 93 -91 -90 54 78 -15 97 -41 -28 -23 -27 38 52 -84 86 1 -76 16 64 88 38 54 -16 -49 12 -96 -20 -100 -66 -48 -73
66 -54 -69 26 -99 -76 30 72 -98 -33 71 -40 -79 26 -65 64 38 -18 -25 -1 -51 -65 89 84 -10 81 0 -50 95 85 -93 36 -9 60 21 -90 3 59 1 -21 6 -73 28 -84 -26 11 27 -15 61 56 55 -53 -26 93 -18 89 -47 -17 36 -9
72 -30 -94 35 -61 80 -66 74 80 -54 2 -36 -97 -83 -23 -77 53 -2 -97 -95 -32 -14 -15 -22 43 -73 -58 23 25 95 4 -11 31 54 -83 -18 5 81 75 46 -90 -47 -46 33 25 -39 69 -61 -34 -44 -12 -24 53 -93 -76 13 91 30 -41 46
-42 -48 86 -54 -76 72 53 60 55 -43 -50 -29 83 -7 48 60 75 74 56 -90 41 -75 49 -82 85 44 89 53 -96 -71 68 15 72 -85 -68 -20 86 -95 -95 -44 55 92 -74 39 49 82 -76 84 62 -8 83 27 -75 -80 -66 83 -33 44 94 80
24 65 -22 16 95 -1 -50 -75 -89 -64 73 56 46 -33 -69 28 6 44 -65 -56 -5 13 85 65 20 30 35 56 5 12 -19 95 76 14 -85 -62 18 45 74 -36 -59 -74 -59 7 68 14 54 -40 75 77 -25 -22 -81 54 -34 -86 12 -82 -47 51
-59 -21 22 -53 -61 -73 46 -98 43 53 -62 -39 41 -93 -34 -7 33 24 46 -91 95 56 87 -79 53 -74 87 -19 -90 -47 71 -82 56 -70 -89 67 -17 -99 19 26 -32 -58 -35 -4 -5 86 51 30 -11 14 51 -38 92 59 20 -59 -52 -38 39 -14
-95 -18 13 -97 -34 -23 10 -2 -10 -1 -77 64 98 -7 12 -67 -94 -88 13 62 -49 87 78 -10 80 6 40 -58 59 21 70 33 47 54 52 88 23 55 -26 6 2 30 29 62 73 -59 94 -52 64 40 43 -63 8 44 93 -85 -76 27 -78 20
-21 85 -4 10 -66 -71 35 -17 -85 -12 52 34 9 41 17 6 -28 -85 19 -95 11 31 45 -1 -48 68 -5 -96 -24 87 50 -57 36 58 58 -83 -81 6 -78 -66 1 25 -13 74 92 89 48 -90 -59 98 27 44 12 -12 3 -8 7 40 -59 -59
-92 -36 25 -24 30 6 -9 -94 74 -42 -14 -84 43 -58 51 -66 82 70 88 -80 -6 99 -81 -75 -85 56 78 93 37 -40 -83 26 -89 42 22 13 -39 78 91 41 95 32 41 73 39 67 44 -58 -3 -81 -44 19 -12 -51 22 -44 24 -14 -59 76
9 -45 -30 -25 99 -23 -38 -49 -100 -43 87 75 -10 -83 18 44 -11 86 95 2 75 -19 -23 15 11 73 -8 26 58 35 -56 -17 92 74 45 20 -66 32 43 -49 56 40 -70 -66 -74 -92 -46 39 -33 50 27 -30 -59 7 57 20 22 -49 14 -27
-38 3 80 52 -73 -44 -92 73 -31 -89 43 -93 -27 90 69 36 56 -26 3 -39 12 -11 -7 -50 -61 22 11 -22 -81 -82 -1 87 96 -71 -44 -43 87 2 -39 30 -92 63 18 13 99 -47 46 -61 52 90 -44 50 35 32 -64 -2 -99 25 0 -71
-36 39 -45 -66 44 94 92 32 -81 -69 -68 -28 6 72 -34 -77 18 37 -65 -11 -30 9 -42 43 -51 -38 64 -85 42 89 62 17 94 97 19 4 38 49 49 -49 6 24 -28 -79 -55 97 1 -1 81 39 0 80 58 -13 23 74 -94 19 -87 19
36 61 -48 -54 -51 69 86 63 -98 59 34 81 -69 49 33 -10 51 75 11 -72 -86 -17 -65 22 43 55 -15 -88 58 69 -84 -88 -63 30 27 -11 -31 -46 -20 -39 -93 91 -65 -11 -17 -67 91 36 -91 77 -70 -2 75 44 30 70 78 22 52 -75
60 -99 -40 40 -78 -76 97 -16 65 -55 -10 65 -50 -46 81 77 -78 60 -45 33 23 88 72 -71 29 -73 68 -33 67 63 7 -86 10 62 69 5 54 -90 -55 68 86 -46 -37 55 -89 32 47 8 -60 39 56 71 81 -5 28 -24 7 -9 -38 35
34 35 50 -59 98 86 -44 53 -49 -35 67 10 17 -12 -93 -5 -10 -52 -79 -50 69 -66 58 -11 -6 63 -1 -43 -53 53 -49 -55 -77 97 -11 40 61 69 -36 -86 -85 40 8 -56 -57 8 -74 -67 -93 -65 -1 31 76 -64 49 -94 92 28 63 55
87 89 3 -15 30 18 -87 -95 67 28 -3 99 68 -8 -17 72 91 69 21 61 -99 -72 -6 -85 66 -42 -82 -40 21 -31 -49 55 68 -70 -18 -77 -62 -26 53 66 19 -61 55 -64 -48 52 -8 25 20 -20 -17 91 -67 -24 25 -38 -89 -64 9 -98
86 -97 28 -29 -30 96 -55 79 -16 -20 -15 50 63 -31 99 -31 64 93 76 34 -7 -92 37 -17 83 -2 93 -99 -77 -67 96 -100 -26 -11 -24 52 9 4 11 54 24 92 -35 -16 -27 39 16 -11 83 27 -78 -67 11 14 -2 -55 -49 19 -28 -78
-18 -35 -83 -62 95 60 -78 10 1 22 29 62 66 -25 -6 94 -66 -4 -41 70 -53 -27 -70 81 10 -23 42 -31 -47 -57 -80 -14 -65 9 -65 80 -57 91 -30 -42 -31 77 5 -96 -59 -99 48 3 -38 81 -97 -28 -90 60 -92 -58 30 -26 -55 -72
64 9 -95 -50 -97 33 -57 -58 0 -5 -63 -26 2 90 45 61 -37 14 -83 71 -87 86 56 -3 45 55 -55 76 79 -35 -60 -92 -58 33 69 36 -90 60 27 -12 32 60 14 68 -36 -100 13 -5 34 0 35 50 10 98 -14 34 16 -33 8 43
4 -27 90 -18 65 72 38 -66 -52 3 37 -38 -73 -51 9 -18 -17 76 35 52 11 86 49 -36 46 -75 -10 -13 -33 11 74 35 55 -25 83 39 98 -10 -20 -38 -23 -99 -83 -7 63 30 3 -74 -5 74 33 -42 -34 38 47 -67 21 -63 -77 -24
1 76 -34 76 14 -94 8 78 -40 -78 5 -22 -67 83 -30 -9 62 48 27 -62 -65 -59 23 27 -38 65 -34 -91 -1 -45 -95 2 72 -39 -84 22 -94 -73 -56 50 21 -51 -61 -3 47 69 -4 -50 -26 -13 17 60 13 14 -85 81 81 14 53 45
20 29 -15 47 -14 3 4 97 -46 21 -69 -43 7 55 85 -62 -8 2 91 44 -35 70 94 -37 35 -44 -17 98 -79 -59 -35 -77 -12 31 2 -87 -64 -86 87 22 88 61 73 -18 -73 31 -76 51 -56 83 -24 -37 -12 98 -47 -17 82 87 -5 -35
3539