30 30
47 -46 24 -85 -47 80 25 95 87 55 22 -2 0 84 -13 -25 -81 89 62 -28 13 -77 96 -71 -84 -23 -4 16 63 46
45 79 -88 -15 -20 -43 33 -85 -45 -48 -96 -8 -20 35 -43 81 -35 62 -59 -31 -40 -66 -60 -65 -59 31 95 36 92 -97
-80 38 56 28 69 -5 -67 73 19 58 22 21 -42 55 -8 4 -12 69 35 -29 20 -55 2 38 25 -92 97 -28 91 65
-66 -11 8 64 -85 75 86 42 11 95 -67 30 51 -51 -29 -85 -29 98 47 79 -19 69 82 96 69 92 43 81 65 64
-70 15 -61 92 -89 -4 -99 98 -20 28 85 -65 32 -10 25 -56 -26 -3 68 85 85 -80 -54 -84 1 -41 88 -87 98 63
7 -20 -13 -49 -5 68 13 -92 23 75 -83 82 67 -14 36 68 -47 -25 -18 46 76 11 -50 64 98 1 -65 -82 -76 -4
-75 70 -21 -80 -82 -71 -67 20 99 6 40 -58 11 -84 -57 15 66 -74 -69 72 -3 92 -37 -98 -6 -9 30 75 -42 -20
48 -51 30 -18 -12 -22 -38 -11 -46 -4 47 -93 9 -71 29 97 38 -34 40 -35 14 -2 -70 -17 0 29 -71 -19 -10 50
-76 -61 -59 92 -20 86 35 44 9 59 -63 -12 -93 91 -62 30 -54 -53 -45 -32 -56 25 50 70 77 -7 36 73 3 49
49 -65 3 -95 91 -46 -89 -96 -88 37 -38 82 67 -99 -75 78 -70 -68 28 0 -37 20 -72 -22 41 74 -82 8 94 -40
-72 20 40 -72 50 47 57 -90 87 -38 34 38 -27 -4 -96 -19 47 -76 10 52 50 -47 81 -62 74 -32 80 49 45 -90
-33 29 16 -18 -85 96 33 -19 -24 81 -91 -11 -95 85 -21 -49 -89 -73 16 52 -7 -99 -92 -18 -69 -21 -35 74 -14 -28
34 89 94 61 -21 95 -15 60 -32 -85 23 97 7 16 -10 -83 -38 20 -71 -96 -25 -41 -48 15 74 86 -95 -50 -88 49
-67 -95 14 98 52 50 57 23 18 -58 -9 -95 47 1 -90 45 -23 -5 -77 -37 -27 34 -98 78 86 -38 -92 51 44 -5
-3 77 -79 -22 55 -96 56 3 -5 -35 -25 -43 -18 30 39 -18 83 -54 41 -87 -90 91 -36 -92 4 38 -52 71 50 -53
-76 -22 99 -18 39 15 -18 -67 99 -64 63 58 72 -22 -59 -77 96 -30 52 97 -49 -42 -44 6 29 -65 -47 50 49 -35
-12 -1 96 68 -6 -44 -33 -1 -100 23 -51 -22 39 -26 -84 43 12 0 90 44 10 72 67 10 -29 90 73 -70 -11 -15
94 -3 -6 87 17 16 58 62 -24 42 63 71 -59 -64 89 89 36 19 27 -35 -100 92 -82 -48 -28 14 53 16 -97 -11
-16 -14 -93 -90 -44 -61 22 -17 35 -35 -5 -48 9 -75 92 26 23 -85 23 31 -37 10 78 -53 -33 56 -30 41 -56 8
72 -80 42 -66 39 -88 75 -94 48 40 -3 1 -25 -70 56 -47 -47 -87 7 36 22 1 -54 78 18 88 -20 -30 94 -77
-26 -55 36 -92 -69 -19 99 -61 69 94 79 -61 -47 10 93 -26 38 42 -11 4 -21 67 1 -88 -47 34 53 3 47 84
32 21 -19 93 -38 -16 20 47 -18 56 -60 -43 66 40 -27 64 -52 -25 74 2 0 51 -62 65 55 76 -23 -74 26 28
23 -9 95 -42 95 66 -13 21 43 19 -87 86 -98 8 -95 -48 -38 42 -3 -14 27 -41 -39 -50 52 54 -31 30 88 26
-50 -92 -4 -77 -12 -50 -13 -63 -10 -63 33 59 3 -83 -11 7 -2 -6 57 -6 24 57 -53 -6 88 46 -47 -70 -18 77
80 -10 84 2 -50 -24 -66 -91 -55 -38 60 -66 23 -3 -43 30 79 -95 22 -74 -72 -98 -36 27 97 -93 -58 91 73 -12
-74 -55 56 -7 -78 -89 -27 21 86 76 -23 53 -44 20 -93 -70 -65 -64 38 72 60 -43 9 55 49 -31 -75 17 51 -85
-92 -34 27 90 -65 -35 0 82 81 -36 19 -14 67 -95 15 -87 -81 -38 88 3 -23 -70 69 -58 66 -91 97 -86 23 -66
54 96 -78 30 -5 65 -9 88 -32 -61 58 -21 62 -32 87 -64 77 47 18 -4 24 -1 56 88 -84 41 -99 -9 -15 -42
-97 48 32 -79 -93 -43 -98 -82 39 99 71 -14 -16 -53 7 13 53 80 -75 -66 99 -22 -55 85 50 42 -97 -33 -24 -1
84 53 -75 72 -32 -42 -73 -77 -91 87 -17 -82 72 72 43 -52 -67 41 -99 -38 -17 -76 -76 50 -96 -84 89 71 -90 39
2457