50 50
-95 17 99 71 8 26 -87 -28 -16 94 -40 -10 84 38 30 -20 91 64 47 32 84 36 19 -81 26 27 -99 66 -72 -70 -74 -76 94 -23 10 86 69 0 41 -1 -24 68 40 -97 75 31 -71 45 32 46
8 23 -8 -17 -72 43 -65 82 -98 28 -53 23 -93 -25 -66 -16 -64 -97 34 -7 -75 29 76 -75 -54 -52 76 27 -30 -92 60 17 -3 69 39 15 53 -97 21 31 59 7 84 -61 -62 -12 40 88 -12 -45
-34 -30 -11 48 21 80 -43 14 55 90 -71 41 -41 16 84 -63 -78 -20 10 10 -29 26 -99 42 -14 39 -100 -61 -35 -48 40 42 -46 61 73 94 -45 94 49 -11 99 76 95 -37 -80 91 78 -3 -79 86
63 61 -14 4 -75 6 86 42 55 -5 -28 49 -69 35 77 -79 33 24 61 38 -98 64 88 34 -62 52 -25 -61 -12 87 11 6 92 -24 -30 4 -47 -20 -57 28 21 -91 30 -6 69 -24 -64 -66 -59 -50
-100 -72 92 73 95 -21 -84 2 -34 -1 -52 -16 89 3 -7 91 66 18 83 73 -58 -90 -12 17 -85 51 -10 -25 91 -19 -51 -96 -97 92 27 -90 80 -17 -37 94 2 23 0 -1 -21 6 79 30 -38 -89
-31 40 -13 23 6 79 -22 60 -33 -87 -75 37 -38 -99 -89 3 -85 80 -37 -17 33 63 -26 -92 79 -18 56 -67 -92 72 19 -38 5 0 77 -65 97 7 43 6 -34 6 15 -65 -70 47 36 76 -4 87
-82 74 92 -1 -25 93 -16 51 24 2 57 -22 69 59 -90 -24 -100 39 39 96 -25 -80 -76 -58 56 73 -81 -4 -67 -24 -57 -93 -20 16 -74 -60 -24 98 21 -73 44 93 -81 -100 55 -93 -92 -39 34 -74
-9 -68 14 43 41 8 -63 77 47 61 -38 -59 58 83 -61 -7 -34 -17 -17 19 21 2 68 76 -36 -58 58 81 86 51 -52 76 24 -47 71 93 -82 -98 73 67 12 -30 28 -43 46 65 43 22 60 72
-20 33 -16 -28 -97 -15 -14 -8 -66 -27 30 14 5 -62 -36 48 67 -96 -15 -18 33 89 60 -94 -93 -80 12 35 -3 79 40 -89 -7 27 -26 -35 14 84 88 -7 -54 -49 59 49 51 -18 -54 -40 98 84
-60 49 -23 -79 89 7 14 4 -14 50 65 66 81 84 51 66 87 84 56 -5 -43 75 -2 32 -43 -67 62 -53 26 -77 -38 -49 13 39 24 34 10 -41 -26 -37 -62 -3 -2 17 18 -34 60 -75 -13 98
78 -96 -69 20 67 71 -59 -61 39 -74 -28 -17 70 -93 -34 23 -17 61 -81 -93 -13 61 66 -26 -59 91 24 -18 -68 -76 2 15 15 90 -39 29 73 -27 25 -87 -98 -55 -64 77 -28 96 93 -21 -83 -71
55 -21 -12 72 4 75 29 -24 92 13 -13 31 92 -21 -36 -38 15 94 -25 -16 58 -33 -70 -45 55 29 -11 36 -12 81 -13 -42 -52 22 57 -82 47 -98 -81 25 30 56 -48 -9 18 70 -91 23 -91 86
38 99 -48 -9 -5 4 7 47 -80 -71 10 -86 -64 -99 37 -26 83 62 91 -11 27 13 -2 34 27 91 2 -65 25 -31 43 71 -98 -13 -12 -97 59 69 -39 -5 70 54 -17 62 37 -100 -54 -79 58 -15
32 -24 -40 -51 69 50 21 -69 37 64 -87 -40 97 -41 -50 66 76 97 -97 85 -2 -80 -18 -100 -69 45 -15 -3 -20 -96 85 70 30 41 46 63 97 95 -82 -8 -20 -89 -4 -51 -65 55 -66 -73 -6 -37
74 84 44 -9 -23 66 -58 22 -67 -72 -39 19 37 53 45 94 -57 21 19 82 37 -39 86 -99 -45 87 69 -89 -49 10 -84 -98 2 59 -84 64 14 32 72 19 57 52 26 -54 97 -90 37 -47 -40 47
-76 11 11 -26 -94 97 61 15 -4 -98 -95 -100 52 -87 -57 33 39 -21 94 22 41 66 -44 -71 -41 52 -78 98 62 -64 -68 91 -21 98 -57 -56 98 -35 -21 -29 90 -10 3 -44 40 -34 -54 86 92 0
25 5 -31 -68 23 -57 65 91 -56 16 -56 -36 -80 67 -97 -18 -22 94 76 39 -76 -43 -88 85 -34 18 90 35 83 99 98 38 54 92 40 -48 -95 -57 -42 37 -70 -87 -29 28 39 -81 -70 -48 67 -72
-38 -8 -55 -67 -97 -44 49 70 -63 97 81 7 67 62 38 11 39 0 -93 -32 72 83 -72 -93 0 26 -1 13 -93 89 -29 -73 -29 64 -62 -79 22 91 85 -23 53 64 61 -54 22 -72 72 -37 -52 18
92 58 -11 -91 -45 -95 -19 52 -40 15 34 87 90 -86 -81 -65 -2 -29 -28 -7 -55 -22 -26 -80 30 13 35 -60 61 -37 49 87 -19 -58 39 -86 -61 16 36 43 -85 52 -10 98 95 -7 54 -83 38 99
11 24 46 26 36 16 -75 95 -38 -6 -20 3 -44 55 -50 -85 37 52 79 34 -85 -97 -24 77 41 92 2 -20 56 -39 97 7 42 62 -28 -16 39 10 -30 -56 -61 -30 -50 -12 -17 42 -98 -71 -26 -7
-16 93 36 72 -90 73 -6 91 69 68 37 -44 8 65 -16 -92 18 92 15 -76 -20 72 54 99 -37 -67 40 -64 61 0 -68 66 -66 76 45 -74 14 48 -86 41 53 -72 -91 -10 -77 72 7 -54 -79 6
-68 -9 91 24 -93 -98 82 30 41 -72 77 41 -98 47 -16 -28 -72 80 -96 10 -25 68 61 9 -15 -41 -15 -83 62 48 -80 23 86 -61 -96 -1 50 19 83 -80 -39 -84 -77 -45 60 -65 62 55 -36 -49
-46 -8 2 -75 3 37 -97 -9 98 87 -19 6 0 -82 -58 71 3 30 -85 42 80 18 8 -38 -38 -89 30 84 9 5 65 -77 -1 -47 35 43 -73 54 8 53 87 62 -52 -69 16 -53 -6 93 67 -61
-49 82 -42 84 -75 34 -16 68 20 -4 33 -52 -90 -44 93 85 66 16 -38 -92 -59 -86 -96 50 59 88 -31 7 3 11 97 16 -44 -59 -16 -73 18 38 -3 18 -50 64 -83 -10 77 74 85 5 -32 50
4 61 -60 15 52 92 -38 29 -6 -55 98 -30 52 -91 43 1 -44 -39 -74 -19 74 -23 60 32 22 -54 -59 4 -90 -8 91 74 60 -13 79 -71 -68 51 -14 26 -27 -54 69 18 -51 -40 -59 -97 50 85
-79 -26 39 26 -97 -36 -53 -55 79 -85 64 86 77 -96 11 38 92 -61 63 -81 9 -33 55 -88 -90 -30 60 75 -40 71 -13 -64 -92 -38 75 -28 -51 43 -3 57 65 -25 -67 56 -60 -28 8 -60 53 -44
-74 -47 -8 -37 2 21 44 -52 16 86 62 48 23 36 53 65 -41 -48 47 -25 20 36 4 88 27 -67 18 -99 -84 71 -39 35 57 -64 -24 -89 -18 -72 -74 -58 -94 -81 22 -100 -11 80 93 35 -46 92
-66 -18 -65 42 -64 30 10 -27 -74 -99 -98 -18 -81 -39 15 45 87 -37 2 -30 78 -55 9 32 63 -55 -42 76 -4 95 -51 -78 24 73 6 50 -35 -87 75 65 64 -38 -25 -62 -7 62 -48 86 -33 55
-89 58 -45 21 -74 8 -5 -80 9 -55 27 71 23 -6 -17 80 2 76 -36 16 -99 56 47 -67 -81 -22 -18 98 -58 93 -98 75 -35 16 77 34 -16 -8 73 81 95 -18 -48 -7 81 -46 26 18 -69 -16
-69 92 98 -46 5 14 -75 -74 -82 -100 -82 -39 -98 -66 59 12 60 87 0 -41 1 -60 79 99 -99 -74 82 -20 -88 25 -56 -17 4 61 23 31 -15 60 -78 -89 65 -98 35 -85 -50 -38 65 -73 24 22
-51 -27 99 -40 -6 81 -64 -26 12 -57 91 -13 98 24 -19 -85 -2 -48 -53 9 -83 75 -17 -26 -94 -94 -83 5 -40 88 17 45 64 34 71 23 15 95 -77 8 12 -92 -78 81 25 -61 96 45 -65 12
3 -45 55 76 -64 -43 70 46 -11 -32 64 96 23 -99 33 -33 69 -1 -40 -83 53 70 -20 -30 -19 -29 -36 -64 -52 -83 66 -68 -54 -21 55 -22 53 -5 53 -88 -99 -93 -32 -2 -45 -26 -65 -13 93 -87
50 36 53 6 76 17 60 -64 59 -64 33 97 -82 -73 -18 -23 46 -76 -12 0 7 39 69 93 -63 90 27 47 75 47 -72 36 -49 19 -51 -71 12 33 -33 -54 -1 -61 14 -46 -29 77 72 5 27 -62
70 -77 78 91 -75 -8 -85 -28 -16 42 -20 49 68 -30 -33 42 -100 -9 58 -37 94 55 -24 -49 53 -72 66 54 -80 -34 7 20 -44 -51 -73 60 -51 50 12 -3 -61 -83 67 4 98 25 9 -39 -38 48
-55 46 -23 72 93 30 77 -38 67 27 -49 85 2 -85 68 -66 -20 35 -58 68 -81 -76 34 33 47 37 -85 -93 30 -87 23 -45 55 51 72 -43 -9 7 14 -30 61 -77 99 10 67 78 -72 6 53 95
78 -66 -70 25 79 86 -15 46 61 -98 -42 41 -93 73 69 73 83 -42 85 -37 -80 30 -7 -66 54 5 67 13 -42 -75 50 -80 54 55 -18 -51 80 11 -96 -50 34 19 24 -62 -2 2 50 -96 -37 42
32 48 -45 -1 -2 45 -18 86 -63 97 -56 -77 66 79 14 -7 50 -41 47 -54 54 -3 8 -15 4 3 -16 6 22 -40 46 -37 96 -32 8 29 37 -65 69 61 -42 57 37 -97 53 -93 -49 26 55 -73
19 97 -96 67 -55 50 -20 84 18 -11 -29 26 -18 95 -52 67 -99 -88 -43 -52 50 17 -54 93 -44 2 -44 -3 71 -77 84 37 99 -95 48 33 -84 -20 -27 5 -86 -41 -2 -27 -95 31 -68 0 -45 -89
-33 85 5 35 -4 85 -81 -4 -25 -29 -32 4 -62 -46 -7 -46 -90 -73 49 -72 -86 71 89 91 2 73 -71 51 1 -97 59 -45 99 -56 -67 43 4 -38 -27 29 69 15 -88 -27 56 -50 36 -44 -39 11
80 70 -96 -7 -72 -70 -99 -9 84 -14 -85 56 -5 -19 8 -80 -84 -39 -85 -77 -34 -52 87 40 -7 -43 -49 -57 -68 -34 -94 -25 96 -2 58 67 -59 60 39 86 52 -74 41 84 85 91 38 -70 81 -11
9 -79 -86 -29 -100 55 82 37 -89 -1 -87 -94 1 -62 -61 -41 -10 62 10 1 -47 46 -40 -27 52 -78 -57 93 95 -8 -60 86 5 11 -7 -48 -27 91 -69 77 95 -43 -21 -66 61 13 -7 -46 60 -7
13 73 67 -81 -80 88 -4 50 19 -35 -64 49 -11 61 -64 1 83 -84 25 -52 75 -3 40 73 -69 -21 -42 6 -8 -64 69 -12 -72 35 -4 50 -77 -17 96 -3 96 -15 -84 -26 36 10 -31 -29 -71 87
1 83 68 -99 -79 44 63 73 -43 56 -47 -58 57 -48 66 -16 -19 78 -53 -79 80 -39 53 -62 41 -35 74 -51 81 50 -95 96 5 14 -27 -83 -13 45 8 -49 10 56 44 -33 -65 99 35 48 85 36
15 -8 85 97 4 -56 -57 -16 -91 -18 -8 -91 52 -55 60 24 -26 52 29 -35 94 -49 28 -32 81 90 -40 -40 75 99 -3 19 -33 -38 -9 -6 60 59 79 55 30 -4 -75 -100 -85 0 -17 54 -64 -93
-56 34 50 47 -20 79 -7 -58 59 -60 -39 -95 61 51 60 -8 45 -42 -35 43 97 -40 46 1 -56 -16 28 -98 -51 10 -95 34 -29 -2 34 -16 58 69 -6 -92 -63 89 31 41 -20 -52 -36 26 8 -28
95 55 -68 -18 75 91 58 0 1 27 55 -45 10 1 55 -87 40 42 77 -85 46 28 2 38 93 85 -54 -9 0 -72 -89 -3 -6 65 81 -10 55 -85 -53 -100 -64 87 -12 49 -5 -64 -84 -23 27 -27
45 56 27 -42 5 92 81 51 -55 19 -64 81 -37 71 -66 7 95 89 -96 40 -37 -19 -29 97 29 -19 -43 78 -87 -32 50 -72 59 -44 -69 -54 2 -31 -36 -12 14 -64 93 -9 -92 -19 91 18 -49 8
-8 -76 -32 50 73 11 -55 -98 -66 28 47 77 -33 -68 -25 -88 -67 -81 26 -65 78 -17 -13 39 -99 -88 -31 52 2 73 80 -93 -66 37 -67 91 9 -53 33 20 87 34 93 73 33 -55 -64 11 24 -1
-83 30 -9 94 -80 -81 -54 -43 -62 -74 -63 86 43 -96 -39 -92 64 -95 -83 98 -91 -56 25 -32 -68 99 0 63 47 37 46 -48 -14 -59 -32 -89 93 64 90 86 88 -46 1 -97 -48 81 59 -15 -55 -69
-76 -8 12 73 67 -50 -12 -53 -44 86 67 -66 86 -61 -78 -36 -25 -100 73 -13 -17 18 27 32 -69 -91 14 13 -45 36 1 89 -34 60 -89 -97 20 60 -76 -14 53 -50 45 79 -16 -33 -84 43 -90 59
9156