100 100
42 98 -70 -78 36 -92 -36 98 -57 19 -84 40 45 56 -4 84 -33 91 33 29 15 76 50 20 -41 -56 -44 -83 16 -34 94 -68 -26 35 9 -4 -94 -13 -49 -82 -88 -55 -39 -16 -61 -55 97 84 21 -84 79 42 -45 -52 26 96 -49 -64 37 33 8 -79 -83 76 -48 -34 32 -48 -11 86 -80 -76 50 21 -49 51 38 32 -91 -49 -59 -12 40 -3 62 19 -28 75 -11 -39 -61 -19 -94 -50 -17 -59 42 -11 -98 -28
-68 53 76 44 62 -35 55 17 72 -51 87 -24 -7 -30 85 53 74 67 14 91 24 -78 47 -32 -18 29 83 -65 74 -66 -21 66 62 23 6 55 -22 98 -63 -14 -80 -16 96 52 40 32 -99 -29 46 -14 56 -6 8 -76 -31 -70 -12 -10 -78 -24 -54 -95 48 -63 61 21 99 -60 -32 75 84 -9 78 8 -57 93 -21 76 -63 -34 -87 25 12 39 -10 -88 -64 -5 60 80 -60 98 -16 -24 53 -14 88 55 22 99
30 26 -95 -41 -78 -82 37 -14 -64 -57 -71 -82 29 88 95 98 -48 -4 -28 -44 -82 -28 -48 13 86 -15 57 -28 87 53 45 -59 -2 13 -65 11 -20 90 1 -5 40 -23 4 4 -39 95 3 20 -57 56 55 -4 -38 -14 -50 39 43 -18 85 -49 82 -1 80 17 -33 38 -1 -70 93 60 60 65 83 89 82 -41 -75 21 32 28 -93 46 -10 -68 -23 34 64 -22 47 77 -16 -61 17 92 48 -73 33 35 81 28
51 44 -18 19 58 65 4 79 -47 -36 -42 -37 93 20 3 -61 25 75 -69 -59 57 23 91 17 12 21 77 16 60 44 84 -23 -73 49 -58 58 19 23 -62 -76 61 2 60 -97 43 36 14 -15 -45 -73 98 17 -37 75 -98 56 75 -37 -66 3 72 75 72 -86 -54 -99 -12 -76 -41 52 -93 -17 -55 -96 26 -54 -98 -12 -1 -98 64 92 83 -59 20 91 -32 57 -74 75 28 88 -35 -25 -98 -2 42 78 -55 43
-33 -88 -8 -97 -82 -42 -15 -4 79 -27 21 -13 30 -77 46 25 84 29 33 51 37 40 -26 15 -69 23 -82 21 -95 77 -59 -17 -38 99 64 60 -94 -29 9 35 -51 -42 72 23 -17 -36 20 -43 76 -78 -70 -74 -7 -7 29 9 58 -60 87 -64 -99 17 15 22 31 76 20 95 22 -63 -95 25 -49 49 1 -38 -71 -26 -19 10 -54 -62 51 -30 -72 53 89 -99 -94 -18 -30 22 16 4 -56 18 -40 -19 -20 71
91 70 58 -59 -73 -84 -56 -52 -2 3 -24 95 47 77 11 96 59 61 -39 -29 -5 -28 -17 87 -15 60 80 74 -68 84 -49 85 87 3 27 32 -20 72 -36 86 -3 17 61 69 -37 -86 -53 79 -13 9 53 76 -18 72 -67 68 87 -70 -18 -97 99 -6 69 -9 36 88 -91 -39 14 61 46 -88 14 -63 -66 -30 79 59 91 23 -73 -55 87 -17 17 48 84 -5 -44 46 50 32 -91 87 -72 7 -24 -99 -57 -64
-67 67 -67 -16 24 -29 -40 -88 73 -10 -7 -7 -26 -99 20 -59 22 -67 93 63 39 56 93 29 -23 -54 5 12 29 33 -22 -58 -95 9 -6 96 -19 -89 -10 87 -5 92 0 -20 -22 -4 87 4 -53 31 40 -43 32 32 23 -58 50 21 -89 47 66 30 -34 41 98 9 52 63 -44 -28 38 -35 91 -19 46 40 98 71 61 78 42 -50 92 95 79 -3 63 -100 -59 -34 -29 47 7 90 34 12 -56 -7 -76 -66
-99 20 96 -36 -61 80 -44 21 45 -50 -7 42 57 34 10 52 -92 -7 -58 6 27 38 44 -60 -13 -98 -49 4 43 90 -86 -53 -15 -59 -3 76 17 -17 -55 68 13 -87 -31 57 42 -38 -87 -99 95 18 -5 77 52 -3 -96 87 24 33 28 51 59 -36 85 41 -74 8 -83 -29 -97 16 54 20 -55 24 -83 58 -92 -49 42 40 33 -48 -65 71 -40 -62 87 71 -83 13 -22 -72 89 -50 -42 77 -11 13 -33 35
4 44 -54 -90 65 34 -90 93 -97 -79 -3 -1 -72 -67 -22 63 -8 31 -45 -92 50 -16 -40 -77 -5 -78 76 17 -10 3 68 27 96 -29 -90 65 45 -16 92 91 2 96 33 34 37 -16 -85 34 -78 10 -79 6 -81 12 71 -99 -30 -50 -24 12 -6 75 51 -12 19 -35 57 77 -90 -37 78 -45 55 68 30 96 65 -56 -54 82 23 -20 59 38 -27 15 -49 -27 -89 -85 49 -90 79 -50 -83 -99 77 33 -44 -38
-6 16 29 -99 -99 -36 94 -71 34 78 -23 46 -32 53 -31 99 -62 -39 -25 -5 8 -71 -88 24 -57 98 10 30 -90 88 -33 1 -46 74 -24 57 -83 -47 -50 -91 -86 98 53 -58 60 -27 -29 85 95 12 31 32 87 -89 37 89 -72 -56 -55 79 22 -21 73 33 -42 88 -40 64 -91 35 -79 36 23 -92 97 2 2 -13 -56 -83 36 -26 80 -69 -61 47 23 73 -36 -33 -86 -63 -19 -16 -85 -38 -41 -39 93 -63
-82 50 12 -25 -37 -5 3 99 -36 17 24 -22 -62 49 -78 12 51 -73 22 -31 89 97 -50 -69 -44 -73 92 85 -13 -18 -2 5 16 38 -6 86 -83 33 -61 -47 -87 -19 -28 12 -41 83 -35 12 -87 -56 84 0 65 52 -75 69 81 -70 -75 -7 -4 31 67 42 -93 -89 -79 -49 84 -84 82 -6 49 40 -28 92 -27 13 -9 9 12 -38 -26 -18 -69 -31 -50 8 21 -81 61 38 48 36 -26 66 64 84 41 -12
-86 -75 47 96 -28 -47 31 -15 3 30 -45 62 36 -19 55 27 -57 72 -86 -93 -55 -9 37 5 25 13 -44 -59 85 -26 -5 4 -98 27 60 82 -22 -14 -18 -13 -80 -56 55 -96 33 -32 -59 -24 5 -95 -23 46 -21 -54 -19 -99 -10 97 0 73 -92 37 -89 40 -72 -24 -50 81 67 -95 48 -45 78 17 59 17 91 -3 -24 -36 5 -69 74 10 -11 -16 -92 30 86 -87 95 16 99 -39 -92 -9 88 11 23 4
-1 16 -58 40 -84 -70 49 -8 58 42 57 -80 -89 -1 13 -34 69 -55 -37 -7 11 69 76 2 -44 41 -37 -15 -42 59 -41 -29 70 -43 -1 -78 82 -13 38 -34 -50 -16 40 3 11 -18 43 -78 -19 4 9 -51 -60 93 77 69 14 -25 -21 -90 98 65 78 -18 40 72 84 10 47 76 -44 -47 15 -97 -28 29 -63 -34 -44 -65 84 -94 39 -46 97 1 -54 75 33 -39 13 -81 -83 -3 -29 -18 -99 75 -19 38
-75 -28 67 -21 -34 -50 21 -18 73 -73 15 -28 -94 99 -68 24 58 -72 36 51 44 -96 81 -13 5 6 6 26 -18 -51 65 41 51 5 -53 84 81 -17 53 -65 84 -37 -75 41 -66 -65 25 40 79 -5 43 6 -23 -92 22 -45 35 -34 -40 -54 -31 13 -63 40 -94 53 -93 -54 74 88 -87 -73 16 88 29 -65 -38 -98 -19 73 0 11 -2 -5 -9 -84 -100 -11 64 67 81 23 88 -76 52 -75 -16 53 -29 95
-49 98 -84 22 -97 -97 16 84 45 24 -47 -76 -59 69 46 50 46 10 37 19 -6 22 -8 -88 25 -94 59 -57 -34 -75 -68 -29 26 -27 -76 13 -81 32 -91 -61 71 28 -51 55 7 84 34 83 -98 36 -58 37 -85 95 22 13 70 -9 29 38 -20 76 30 20 -31 48 -71 -45 -38 -85 45 -47 -7 43 -64 61 -84 23 19 -17 47 -85 -14 -7 -7 6 42 -57 -59 -94 91 83 -29 68 -96 -60 -42 29 44 64
6 48 64 64 97 5 -93 -77 37 -27 65 85 42 -33 -73 1 14 90 -35 -11 -40 -76 -68 -91 -71 -53 75 3 64 18 -91 -83 13 -90 -19 15 -32 82 -27 -77 -13 -25 43 -34 5 -16 -51 36 -24 -59 -26 55 -26 -50 -71 12 64 -54 -2 -73 -42 96 51 -79 -10 71 -83 -66 -10 49 -89 36 -36 21 97 16 25 61 -75 35 65 69 30 22 -97 22 82 81 -2 -47 -94 74 -54 -25 23 -92 -8 49 -97 -10
-52 -84 80 -2 -14 -41 -19 5 -9 96 54 29 -56 3 -67 80 -5 52 -50 -69 -59 8 6 51 -37 -97 -32 -25 61 21 76 30 88 -7 1 10 -52 21 52 45 85 -9 26 42 61 -73 -78 -32 -70 90 14 -22 11 -66 43 -21 -23 0 -81 -24 84 10 11 46 -76 97 -14 94 97 94 -87 94 29 -85 -50 99 -56 -88 45 67 -44 86 -87 -41 -86 -19 73 -15 -44 -79 4 34 -67 66 -3 -89 70 -84 2 -91
-5 -85 -31 -46 37 75 -68 -90 -95 16 -8 35 -47 25 -88 -55 -63 -21 87 13 -100 27 -66 90 24 -45 90 -96 40 1 73 -100 -47 12 -97 41 95 17 -36 -10 72 13 25 79 65 68 -69 64 48 -87 -10 -17 42 -90 -83 -46 29 62 89 -79 9 82 -15 13 -69 -71 -63 -55 -86 -13 -34 -24 21 -32 -88 47 36 4 -87 -59 63 22 -11 -8 44 -94 82 -71 -35 27 3 99 -48 85 -25 -81 -63 66 -1 4
-91 35 -56 -66 -56 -39 -2 -100 42 -68 -38 62 -82 68 -99 -17 -61 46 -83 79 62 10 -57 21 -17 75 -26 -13 -5 6 26 1 -38 47 -35 -41 82 64 66 -91 60 -14 -65 -90 93 57 -51 76 87 4 -35 61 -95 -77 -35 -17 -27 20 4 -56 81 22 98 -39 48 -89 51 -61 89 -36 77 27 -40 0 -16 58 -12 -41 -34 72 17 18 -5 98 -10 -3 -1 89 -70 23 9 78 -85 -61 62 -45 47 -43 83 -5
-26 -98 95 -20 -48 -52 -52 44 -53 20 88 -86 55 -31 -2 -97 -2 -47 -21 92 -74 62 -74 -91 1 66 79 -65 -65 -57 -68 38 90 -90 -9 42 -94 39 92 67 2 48 26 -78 -37 -63 -41 -14 -9 -73 81 87 33 -57 -53 -50 -5 -98 -20 -75 -48 7 -42 -60 -61 68 14 -35 -40 -16 71 87 97 -67 36 33 -4 -62 -50 53 -53 79 90 -53 -45 83 55 40 34 -34 6 -98 42 11 -85 6 43 -56 51 43
-16 1 30 -7 25 17 -25 22 -55 59 2 -65 -7 -15 30 -9 60 66 59 83 -36 57 5 -87 -91 -68 -55 -69 1 58 63 86 -52 72 73 32 -72 -66 -53 81 68 -75 36 -39 -32 44 -100 -85 85 76 22 8 90 -64 -72 55 -6 9 80 -61 -4 -47 -15 13 19 54 -9 84 0 -70 23 43 84 -40 99 18 2 41 5 95 28 -95 -31 -58 61 -21 39 -34 -33 -12 -87 -81 30 54 -6 -47 29 -29 -64 -10
47 78 -12 -13 49 -4 -8 58 -34 -88 24 84 90 -88 11 69 -92 82 -93 0 -3 83 -76 -50 -18 -55 -94 49 -54 -81 86 13 -9 33 98 -95 83 33 74 -6 -84 49 78 -23 -96 58 -83 6 78 93 -92 21 -11 79 -48 -24 -84 90 -56 21 66 -6 -66 -15 71 5 -88 -3 2 71 98 97 -44 28 94 86 -68 79 -49 96 -99 51 57 67 -91 96 -75 -67 -88 -55 -59 -67 53 -5 75 -5 -58 88 38 -88
-74 -83 -97 -97 -58 -55 41 -68 72 -25 -72 75 56 -91 -53 92 -41 -42 -35 22 98 -19 0 -70 -29 -37 19 -38 6 35 85 41 -97 12 -78 -92 74 -49 -73 -22 18 -14 24 -56 -98 -21 42 96 -62 -39 13 2 18 -41 2 -69 -20 -30 -98 -2 -18 78 -27 89 -51 4 -21 -31 40 47 -65 -64 -68 -49 -95 62 -15 53 -19 -83 -59 64 40 -38 32 -9 66 -63 8 -8 -11 80 6 41 93 -34 80 -27 17 -59
40 -7 -47 95 -91 -81 -72 -83 96 83 76 77 -30 4 36 -84 -52 77 17 90 15 45 95 -58 -42 -68 78 2 40 71 -91 -31 -78 61 -18 -83 5 2 40 29 43 68 80 -25 -48 -83 49 -53 -9 -63 -73 81 58 8 -34 82 6 78 -96 69 78 -15 14 -5 55 82 -42 53 12 -80 79 7 82 65 89 -44 -17 -93 -48 -44 -33 42 99 43 95 -29 -1 28 -2 -72 -86 78 -64 -60 85 -43 -51 -62 -7 -12
-47 -39 -27 58 86 -53 -66 -29 23 54 -55 81 -3 -14 85 -46 -16 -12 85 -37 62 50 -100 93 -8 64 -71 55 69 -69 5 -76 86 12 -93 -49 -59 -25 -72 -12 0 -67 -21 17 -46 -89 -26 37 43 52 5 39 46 -68 55 18 -12 21 -85 -89 -72 -18 -11 -60 -69 -61 25 -20 -80 64 -18 -49 -30 -39 -1 52 -76 50 30 60 -70 90 66 64 -89 14 51 70 -34 -21 99 -17 52 99 -89 61 -58 68 94 -61
-25 -51 89 85 -75 58 -92 75 -91 -46 -44 71 -37 -96 -6 -89 -1 23 95 -57 -68 73 -40 87 -13 -23 -21 85 72 -32 -62 44 -93 13 -87 53 89 -88 67 -35 60 97 97 -41 96 60 -91 -53 71 40 -92 -88 -40 -55 -30 -35 -76 66 43 30 -63 -58 39 -91 66 1 -11 -96 -82 -85 -45 -6 -56 -67 -27 60 -56 31 -44 -4 -64 65 -55 -74 89 -63 26 59 -98 -36 -12 -80 57 64 35 -56 86 -63 29 -76
-35 26 -83 2 43 7 7 -12 27 25 -65 19 16 18 39 83 87 -70 -88 0 83 -8 81 -78 49 76 54 85 13 69 -46 19 52 47 17 86 -76 -81 -65 -63 57 -14 37 63 -47 -61 61 54 26 3 -60 85 2 -74 55 84 -41 92 -47 -38 81 29 -44 -99 29 8 -26 5 99 -51 62 -94 18 -6 79 8 66 19 60 -72 74 14 -60 -63 83 -10 25 -66 69 -43 -93 -63 -31 -64 34 -8 -18 -50 36 80
64 -63 4 48 -10 -32 -36 95 26 -60 -44 0 31 49 75 -60 30 -1 5 9 57 -38 85 -70 36 63 -3 -2 97 -55 -27 -74 -69 -30 16 -15 85 61 93 91 -45 -100 76 78 65 -67 23 -58 27 -13 -77 -44 5 -38 -89 -77 28 2 61 -1 52 -64 -90 87 28 -6 27 -40 15 65 49 60 -12 -84 -11 50 40 -70 24 48 10 72 12 -97 56 44 -64 -74 40 33 -23 17 65 -27 2 67 -37 -97 -28 50
-44 4 -55 26 -59 -5 -98 45 -12 -96 -24 97 -69 95 -56 -46 17 42 65 -54 -88 20 -23 94 -17 70 87 35 96 -87 -4 -47 52 78 -83 78 -18 -37 0 -58 6 23 -36 18 55 80 -66 94 2 18 -71 -16 68 82 -2 -91 -82 -52 -35 -50 68 -38 51 -60 -88 -50 -44 -41 -9 -70 -94 93 -12 -74 -2 -31 -68 74 -97 50 82 -59 17 -1 84 -43 -16 23 -18 63 61 5 -67 -63 -8 27 -58 -74 47 -18
-64 -38 85 -69 63 86 -50 73 91 -57 -22 95 65 -54 -95 15 -88 35 -50 -93 -81 6 -81 46 -68 13 -13 -57 16 76 61 82 -39 9 8 -33 -40 15 44 -25 13 37 96 -20 -9 11 64 16 -40 29 25 -23 73 43 -22 -45 -46 87 -90 63 4 -24 31 91 -70 -25 21 89 -99 -7 -73 21 -40 29 -31 65 -36 78 86 51 -19 2 40 -39 52 4 -1 -60 -35 7 70 35 -20 -60 44 -63 -12 54 41 -70
80 -28 -25 -54 78 -89 76 -74 -80 28 -11 -9 -91 -28 -100 -68 64 90 -67 -33 55 -27 -42 92 78 -17 -19 -59 61 52 30 -63 -80 -97 85 86 -43 26 -55 -52 -37 77 -22 -28 97 41 21 73 -19 -91 93 -98 23 72 35 73 36 88 9 -82 -41 35 -44 30 77 -20 -55 65 -57 8 73 -38 62 81 88 59 -54 2 -78 -87 43 -99 -58 -32 84 50 -32 -70 85 -88 58 -52 72 -47 58 -22 6 25 34 -92
59 71 -100 41 15 -41 -28 43 70 63 99 59 -45 9 -95 86 8 -71 35 95 -71 47 -91 -32 10 -57 -79 28 61 71 -47 -1 -55 88 -63 -97 23 9 -55 44 -97 56 -79 63 19 18 -2 71 -94 -42 84 9 64 85 4 81 59 60 33 36 -71 -51 -3 48 25 83 73 -50 87 -11 -59 -89 92 61 -36 53 -28 -55 92 -69 -22 73 -60 -40 -78 -6 -89 47 29 -86 89 -62 -6 -3 -17 97 2 32 36 22
-67 68 56 19 -36 -51 11 38 15 -92 -84 -29 -64 57 35 10 -33 37 -51 59 -97 -65 -7 47 -24 85 -82 -87 -2 -2 56 -27 -5 46 -93 72 1 9 87 -95 83 67 -11 21 -60 -80 72 -95 63 87 -65 -68 -48 -28 58 -78 -45 22 67 25 -83 -2 48 69 -1 -70 70 39 -70 17 56 -50 39 48 56 12 -98 52 -36 -68 2 -16 37 82 -70 -7 68 -100 -85 56 22 -9 -27 -31 90 54 75 -38 -56 -58
-41 -99 -43 -19 -83 81 84 29 -18 -98 -1 -45 80 40 -18 -19 36 22 14 28 -63 99 -42 -34 71 -99 -25 14 14 20 -14 8 48 77 -98 55 -20 -1 66 90 -12 -98 -33 55 89 -1 58 -98 54 -69 33 66 67 39 -84 27 59 66 -2 -49 -24 -47 75 18 5 -88 12 36 -77 74 49 -94 -24 3 7 -49 54 44 -94 -60 16 -49 61 -50 50 27 87 -48 -63 98 32 -24 -47 -23 84 -82 86 64 15 98
44 10 74 -51 -77 79 -43 -20 -67 96 -74 88 -30 27 80 65 -33 56 -8 76 18 43 -12 -22 1 -52 -59 -21 -37 3 -58 99 -66 -49 5 -44 -53 88 34 -84 16 43 -59 1 12 31 13 -30 -8 54 6 -1 -36 70 19 92 -24 89 -3 -94 92 -6 -94 70 89 8 -71 54 -78 -25 61 -47 -11 13 -32 -41 23 -53 -46 -63 -65 85 -6 -86 57 36 84 62 -2 -71 28 25 -23 -52 -14 -44 -67 31 23 35
-34 -28 -33 -78 -90 -34 -58 -62 -71 -81 40 -17 -30 -83 -20 -92 55 -54 -16 -88 -77 -36 3 -6 3 3 7 11 91 -94 -10 -84 49 63 23 40 -71 -98 -40 -53 75 -30 46 35 -93 -83 -21 -3 -96 -69 -73 -21 -97 -6 -54 -99 -64 -59 65 5 17 -46 23 -56 -79 87 -58 -38 -32 -44 -58 81 54 -83 -75 -99 49 95 -73 94 -5 69 -72 -26 -78 91 72 56 -71 -93 31 50 -64 -2 -95 -73 -48 -66 -93 56
42 65 63 4 40 -8 -100 -35 36 -7 -78 -98 -97 -70 -92 57 -67 -41 -82 37 -17 -43 17 -31 -32 -96 77 -62 21 50 -89 -61 -65 37 59 5 91 83 4 -44 3 -76 81 -11 -82 0 98 -3 -18 -91 -52 -52 -23 75 8 -6 34 -34 3 -96 -72 -4 90 34 31 -48 -44 67 45 62 76 -87 56 -96 15 83 47 88 67 9 86 86 49 51 -26 -43 -68 -59 52 -79 -62 -15 -47 -76 -53 45 10 57 -1 70
-8 88 61 -75 -70 52 58 -23 -22 17 94 -82 94 -94 -3 -60 24 90 20 35 8 -95 -37 37 -8 -63 66 20 -48 2 31 87 3 75 -17 87 57 25 34 -82 47 -27 -4 26 84 57 -39 70 86 -85 49 11 84 -42 13 -59 -43 93 1 -48 -31 73 -54 53 -2 53 65 7 6 48 24 -77 -26 50 -35 -81 2 59 -99 -78 39 88 -69 -51 98 -41 49 8 8 -66 -19 80 -91 63 32 64 -24 -89 12 5
7 -17 36 31 95 -95 -32 -12 -41 71 64 -57 -91 57 89 41 97 54 54 -57 -79 -43 -23 53 12 -36 34 -56 91 -16 -1 -54 -75 -74 -35 -22 26 42 77 -94 -70 54 91 -99 71 54 19 -40 -40 -7 5 -87 56 10 99 29 -9 40 -80 -18 -58 34 43 -27 24 -17 -69 28 -65 -11 -58 88 61 40 45 -67 -83 94 58 -46 -31 -39 -67 78 53 29 -5 18 84 90 17 25 -55 3 31 7 33 88 80 -26
-97 90 80 30 23 -35 15 -3 87 19 -50 13 3 -50 95 94 -31 37 -6 68 68 83 5 -54 -68 -75 -68 46 78 19 -22 -65 -72 -24 -10 37 24 -35 -55 88 37 19 78 11 70 -48 -29 -86 74 75 -8 -94 16 27 62 -48 48 -18 -87 68 89 -82 17 -41 -44 -32 6 27 -96 15 -62 51 -96 -97 35 -37 82 94 32 81 26 8 -4 -93 -2 -70 49 -61 -77 78 24 -39 56 65 -50 -9 49 -30 -96 -37
-33 93 -14 -96 -58 38 -12 -34 47 -55 39 -61 -9 -87 87 90 -80 -96 57 35 -66 7 14 59 -27 46 80 -98 -47 6 69 18 -83 77 74 -82 -80 74 74 -78 5 -95 -89 -79 91 -39 -48 -52 -83 -36 -36 -71 -23 -89 77 -28 94 -20 72 -44 26 -76 93 10 -78 -80 42 -3 23 -87 -91 -14 -35 46 57 90 92 7 -16 91 92 96 -30 36 93 -80 -51 59 77 58 -50 50 46 51 71 -30 87 -26 89 70
-15 -20 -20 -85 -3 -56 44 6 -20 -78 54 39 47 -46 -28 -100 40 -16 69 -47 -55 -95 89 71 36 -60 11 -62 42 94 -64 96 56 19 15 -81 6 -58 97 21 18 -29 3 86 -19 -69 -46 -38 28 40 54 -67 82 -47 -38 35 3 -72 59 3 -44 9 30 -37 66 -74 15 -83 97 90 64 16 -10 98 -17 10 -74 -13 -45 -11 -24 -89 -40 23 -56 66 -8 -9 37 -28 69 60 -74 16 -92 -16 65 -83 60 69
36 -62 48 -97 24 39 81 -70 -86 -15 -56 -59 91 7 82 -8 -53 -53 -36 9 -23 83 33 85 -50 -23 -70 -98 -20 -73 29 -48 -7 7 -86 48 -32 -54 98 -89 9 95 72 -21 95 -10 -76 86 11 -98 54 60 -25 -76 56 -65 -42 -4 15 -11 90 13 -85 -83 -98 -47 13 21 -18 26 -95 95 -93 -13 -76 -82 -45 -91 31 -100 -16 41 93 5 -65 -90 9 -95 13 -53 36 -91 -43 -49 -50 -4 29 71 90 13
-22 72 79 -27 -32 -66 67 38 -41 -100 -45 -33 82 -59 1 -98 9 -86 46 -93 -94 36 -72 -41 -76 69 5 -2 4 58 -88 -88 -52 -68 43 -26 -80 -88 -2 -85 -94 19 87 -31 -15 17 -5 -98 -2 56 20 30 -65 -23 -20 27 -17 -17 -40 9 -75 -85 -96 71 68 -98 54 44 -76 -64 -99 86 14 -94 -4 33 -90 55 43 -11 84 -88 29 -95 -45 16 71 -41 -58 60 0 96 23 -24 17 65 -38 38 15 6
-30 88 -81 46 -86 56 -15 63 -1 77 40 4 -36 -55 -87 12 -74 -62 42 5 57 -42 21 0 26 50 -11 -97 -97 43 -65 -76 -85 22 85 -44 23 -82 39 -92 -3 -27 -29 82 23 5 15 71 -96 -2 52 36 -32 -53 22 11 -74 -24 49 15 -87 -57 94 79 -16 59 22 -97 35 28 -90 -73 17 69 11 23 -45 26 56 -13 -87 22 54 20 -5 -76 -52 -40 51 36 87 35 97 -16 83 -74 63 -41 11 -33
31 -62 29 -72 65 -34 -7 20 -95 97 28 -97 -95 0 -8 54 43 -64 78 -40 -39 12 47 51 8 63 31 1 42 18 91 60 3 56 -3 -40 -49 -73 -59 -72 -30 58 98 76 -64 -35 33 -39 30 -15 37 65 -56 89 96 -19 -19 99 -23 17 40 67 -9 55 0 -59 -43 -50 82 26 -98 -5 -75 -28 -94 9 -10 85 66 94 -75 -11 89 -90 24 -45 -37 -93 -33 30 -70 -3 -24 76 31 47 76 10 94 -62
-71 -99 -19 -66 -71 -47 38 14 -45 -72 74 -69 -55 -43 -63 -60 26 1 96 37 -32 46 -22 77 -100 -85 -14 68 41 -73 -1 -91 -34 97 -95 48 24 -65 43 83 80 -67 -38 18 56 81 93 13 68 -75 70 -95 31 93 -88 -63 -69 -7 24 39 53 -20 -95 -75 96 -42 -5 73 33 71 -45 -47 -21 46 -7 -45 -60 9 -90 -72 71 -11 -19 -55 -76 33 -36 -62 -51 54 -62 -89 -14 9 83 29 55 36 -38 -30
-4 -95 78 -97 37 -23 88 -92 27 -27 -20 -67 -44 -6 86 -52 22 50 -57 15 -30 -55 -24 -4 -42 5 14 -30 11 -86 71 -70 1 93 -12 61 -65 -89 23 -97 31 -76 70 53 -63 12 65 3 -73 82 65 49 74 52 -23 -65 43 50 18 46 -100 50 -87 -31 -48 18 36 -36 -49 32 -67 -5 47 71 21 -9 -64 83 53 -75 14 -49 81 -65 -27 61 70 94 -40 -26 22 0 -78 2 -95 -33 1 -22 14 27
31 -5 43 33 51 70 49 59 32 -49 11 90 12 35 24 9 -53 29 79 -60 45 -70 -37 17 -27 99 -81 -99 84 -5 -45 10 86 26 -64 -40 -61 -31 73 18 40 63 90 2 63 -4 93 87 4 84 11 94 -86 -11 80 95 54 -27 50 -62 17 6 35 18 60 -13 53 16 -49 32 -43 3 42 -100 -69 -2 24 82 -31 98 89 -47 -30 78 -65 -55 94 44 59 -9 -13 -57 -64 -29 -3 2 -8 -57 -79 33
-89 -22 6 -2 85 86 -66 37 71 31 36 -87 -24 6 -51 -29 -44 -92 -76 -48 85 59 -95 74 -46 -31 66 -46 28 62 -35 -60 27 -55 -4 27 -87 -27 -78 -25 61 98 -51 -52 -94 -23 -4 -82 9 -88 3 49 93 -17 -59 -83 69 66 33 82 39 48 -72 -72 -45 -77 -90 99 -98 57 7 -3 32 90 -92 68 -48 -61 86 85 -26 3 -30 49 -23 44 54 24 -6 -20 -61 -29 65 -92 -53 14 -1 57 -91 93
-36 65 94 -18 -63 -96 -46 -24 -48 68 84 43 -21 -11 2 72 -37 -14 -75 33 26 -16 56 -52 10 20 14 -91 79 -22 24 -62 -61 -2 79 -62 49 -12 -1 -8 12 44 -91 -19 -64 -72 -13 84 73 -40 -70 -14 -93 -66 71 54 -22 -2 -88 -43 -100 -96 -72 73 3 57 -87 98 -49 -90 98 45 67 -54 10 -43 -58 -6 84 31 69 88 -68 -85 -1 -91 -96 7 -94 91 50 -10 76 -95 37 82 -4 -89 5 29
-54 -43 12 -90 84 96 -13 18 67 21 -74 -63 38 -8 51 -54 77 -25 92 -94 -40 -46 59 9 -24 70 -98 93 22 -93 -77 19 -84 -61 77 -29 -31 -20 -65 76 41 23 56 0 99 33 0 -31 -67 -86 -29 -76 -91 -91 28 69 -15 -89 51 -53 -46 20 90 -11 28 -18 -100 93 -15 -9 39 4 -66 -95 -45 -98 78 -93 -85 -65 6 -1 -12 47 -14 50 36 58 -2 -76 -43 -37 94 65 -46 -78 -71 -1 33 19
-100 -80 -62 -31 -60 -46 47 98 -42 46 -76 21 -46 -82 96 -94 -11 -62 20 -7 30 -75 60 69 12 59 -12 58 85 -42 -67 -67 42 -63 64 67 -7 -84 59 93 91 -47 41 2 48 -17 22 45 15 -59 -60 -87 -21 17 -57 74 42 90 -80 -99 39 -22 64 35 -21 -96 43 -45 -17 53 63 -34 61 -98 77 78 40 89 -65 49 -71 27 -85 58 -44 -79 -1 97 18 -50 69 20 55 69 65 -98 -97 95 -47 -17
13 46 4 -59 20 99 62 -87 34 53 -21 53 58 36 -47 92 -80 -19 92 2 -94 -2 -52 38 77 21 81 21 78 -84 -70 34 35 31 34 -78 49 57 52 -68 -50 -52 33 97 -71 7 88 -88 17 -75 -75 -34 4 -68 -12 -20 -70 -53 31 -7 96 -56 71 -87 49 32 -56 -42 -6 -8 -71 86 52 92 -78 5 -96 22 -59 37 38 1 -54 -60 -89 -50 -82 61 -44 47 44 24 86 58 -40 -42 71 -79 -65 40
-64 87 58 56 61 29 77 -22 -26 -41 -5 20 23 -88 76 -76 -13 -11 18 25 -20 40 -80 -60 38 76 -28 0 69 -71 78 72 -45 0 -95 -16 71 57 3 -8 -69 -30 -48 4 -36 -20 -93 62 96 57 -73 80 74 0 66 -91 41 -52 -93 64 -77 1 -10 39 -4 -47 54 9 99 -10 43 69 31 -87 -60 29 -35 11 -26 -93 -2 -71 -91 59 95 -51 67 73 88 67 -9 68 97 41 -41 -68 1 -93 -87 -40
74 62 -82 11 98 75 48 63 83 -66 86 -6 85 -17 53 57 -87 -32 42 90 97 57 -99 -34 -65 -31 80 -9 -20 -74 -87 -1 42 63 -13 97 52 -49 84 3 52 28 58 -68 -83 -63 -97 66 82 89 23 96 94 46 80 -2 -66 25 -46 33 -92 -54 14 45 -3 33 19 -48 13 38 47 -96 -7 63 -85 -88 -82 40 -6 39 -64 -72 84 33 62 33 54 35 4 -96 60 -15 56 -66 -71 82 49 70 86 -26
-99 -96 -38 54 75 -75 -15 -34 -88 84 -81 87 61 -75 31 31 -48 -45 -25 45 2 -81 46 87 2 -69 -38 86 24 84 3 -19 36 53 12 -66 -88 87 -93 6 19 -75 62 -14 -8 -65 -16 -78 86 -83 -12 -44 73 70 74 92 81 49 8 66 65 13 -5 61 67 -12 -66 -17 74 -91 57 25 64 58 62 41 41 71 72 -48 -89 -43 29 89 71 77 6 -73 -3 0 -44 54 92 -25 21 52 -24 55 -9 73
39 39 -76 54 -3 -51 -49 -22 -25 29 -41 83 11 -45 -15 -5 6 -52 50 32 54 32 45 -56 81 11 -78 -100 12 -68 -96 -99 41 -91 -100 -91 -29 -36 18 96 76 -39 52 18 66 -7 9 -46 -3 -94 -17 95 52 33 12 -6 -48 16 -95 -99 24 36 17 -6 -9 70 16 15 -61 40 -57 -56 71 2 -1 70 -76 53 -28 38 -53 33 29 77 95 90 80 -45 9 -64 -77 -11 91 -81 97 40 16 -37 49 -29
-85 -80 93 -60 72 -22 90 -67 -71 57 3 -16 -54 -73 -53 89 47 -4 98 -92 -28 -63 -96 46 -76 36 -64 88 -2 -52 79 -39 53 46 -35 -5 7 95 18 -22 -71 -5 -43 56 -39 -27 -63 84 -60 15 -62 59 9 -28 -57 -64 37 13 -49 81 -72 1 -71 10 64 32 -58 46 53 -14 -78 -78 -68 27 11 -92 -24 -22 -87 -44 -26 75 31 -21 -96 81 48 25 69 -24 14 91 46 90 -41 -11 -4 96 65 59
0 -69 -56 -9 -85 83 69 62 -9 32 -79 19 77 47 -38 -71 57 24 69 35 -69 -74 -75 86 80 -2 42 10 96 -12 -98 -4 89 34 36 24 20 98 -46 -35 22 -19 17 -7 -54 69 10 -97 -84 -87 91 -43 33 31 34 -5 -98 31 -78 -31 -58 -100 -28 49 -56 -50 55 37 -80 71 51 -6 -67 -77 2 -91 -93 -53 -24 -44 -86 11 77 32 78 26 56 -95 0 -53 14 -29 45 58 59 32 38 88 -31 95
24 43 -33 51 4 8 11 -89 90 26 19 0 -39 39 -71 43 42 89 -75 -63 46 -77 79 31 -51 -44 -35 59 57 -55 81 69 34 -10 -1 -30 99 -92 -75 87 85 -46 -44 -20 -45 69 23 86 93 -6 2 33 -39 22 -84 78 94 -4 -81 -62 -93 -2 40 -89 56 -9 34 -57 -5 81 96 6 -82 -85 27 -65 6 -75 -56 1 71 22 -98 -28 47 30 30 15 89 -24 -60 35 2 -14 -35 -50 -7 96 -79 57
-14 69 83 -22 12 28 -73 -39 -92 -81 84 -91 -55 -75 1 87 -79 17 69 -38 -60 -95 -63 16 48 28 -15 -7 -20 55 60 64 -86 -62 55 -74 22 -82 80 -77 4 -86 -62 -63 49 23 -35 -92 -80 40 -80 47 -48 22 -23 41 60 99 35 -72 19 -10 -54 -92 -63 70 19 -49 6 -22 64 -60 -83 95 -54 62 16 4 79 -6 -78 75 -89 -57 -3 41 50 -76 37 -40 92 -85 -91 58 -5 94 65 34 24 -33
83 69 -52 -36 89 -33 -10 2 15 -5 26 65 97 -14 11 -31 -20 8 36 51 61 59 -28 67 50 22 16 -43 -16 21 -74 29 -27 26 -73 -61 -25 -81 -45 55 -92 -75 -92 -30 -77 -11 -68 21 67 -92 -56 29 -5 28 -70 -65 -94 -87 9 57 -32 9 -12 42 28 -16 15 -94 47 -38 68 -35 -71 -6 85 83 -70 51 -79 -60 28 61 -66 -69 87 -45 -65 -48 -91 98 61 -46 -64 -76 -54 -83 64 -18 -12 -32
25 -73 -1 50 -28 -62 -58 79 -3 -35 -29 13 29 59 93 20 -71 79 -46 -75 19 -54 21 65 -41 15 -87 46 33 -3 -89 86 45 61 -12 -56 -33 29 23 19 52 -61 -54 -32 72 62 -2 24 1 -39 36 78 -68 33 25 70 -9 -46 73 -67 15 5 8 51 27 37 52 -9 8 74 -41 33 -97 -67 -83 -82 52 -35 16 31 95 -87 -68 75 -24 -33 0 -57 63 61 -15 59 26 -10 -10 15 3 -25 15 45
-79 -14 39 -56 -90 99 -36 14 0 -63 -60 26 20 -65 3 29 -24 -36 98 22 -41 -88 50 -49 -53 -64 -39 -6 -42 -13 -60 -28 33 -19 -90 33 81 68 40 88 46 -86 18 -48 -2 -21 -16 59 58 71 96 2 79 34 -61 -55 88 -70 51 29 90 0 -36 83 -32 75 13 -53 40 98 73 -84 53 -32 57 49 70 -84 -84 -99 -89 42 -38 44 71 -92 -99 58 -6 -35 42 -9 -88 64 -98 3 -18 -44 -60 -10
91 -37 -2 -45 -19 43 -46 -82 61 -92 -17 -100 -40 67 15 34 63 70 -8 17 10 1 -58 -24 89 -55 3 -69 99 -17 10 66 -78 56 88 5 22 50 -4 54 -63 97 -96 79 59 -29 40 54 -96 8 -61 -74 -89 70 88 81 -69 36 -37 -21 39 -18 -33 -64 5 24 94 40 -64 6 -73 50 -44 84 -88 38 98 49 -91 16 -80 -38 79 -30 72 4 -1 57 -64 41 -19 -29 -78 -17 13 -41 -75 37 73 -82
-53 95 -83 88 -84 -84 -58 26 60 -33 -20 23 88 91 -45 76 -1 -94 60 88 -90 24 -71 44 36 -45 1 -49 -16 -19 -47 6 -88 -59 92 18 -61 3 75 98 32 27 -24 75 -31 44 -17 52 67 -14 39 -81 15 64 -40 -91 -35 65 -82 -71 31 -71 -27 48 85 0 68 79 56 -1 94 -10 0 -66 7 -68 1 21 -75 -53 11 18 -33 -11 26 -38 -6 -74 94 -45 65 -100 67 41 77 5 -45 -64 54 8
50 18 -40 -17 11 96 -94 19 -54 -26 43 24 -95 -85 61 -70 31 -26 94 96 37 -65 -59 -32 -93 -3 -14 -92 43 44 -55 4 19 -46 -95 4 17 57 64 -82 -94 -89 9 91 52 28 0 39 69 -60 29 2 44 -49 64 30 46 -35 -76 37 67 93 -33 59 -22 -9 -96 53 98 33 66 -56 -93 23 -96 -100 84 -25 49 -62 -2 20 47 68 -71 17 -54 13 -66 -72 26 -15 44 -13 61 94 55 67 70 -86
-66 71 47 -34 -84 -8 16 -52 -95 -22 -32 14 -47 93 -5 -33 38 53 -12 37 -70 -73 -35 87 -41 -66 -67 -77 -38 -28 58 -20 5 -4 8 90 21 80 72 42 -21 -2 4 -56 22 -7 33 -22 17 -19 -18 87 -87 -46 -43 -9 -37 77 -89 92 27 84 -67 -46 55 -72 -100 11 -43 -24 40 39 74 -5 29 -62 38 -26 -38 -3 44 -73 -57 -30 -91 -79 88 -78 -33 -70 11 -95 58 -71 94 21 28 -69 68 -14
-58 16 -70 66 87 -31 -60 -69 -81 -27 54 -71 94 53 80 94 61 60 25 -17 21 43 7 -71 16 -76 22 -61 69 -35 16 70 -89 -73 -76 67 80 -80 25 19 98 -82 -44 -11 -89 -11 88 59 -7 -78 -66 -10 4 1 -98 -76 -93 -60 -67 -18 16 -3 -33 -25 -24 86 78 98 -18 -81 27 -5 -9 -80 -43 -95 -98 -96 88 26 -23 -19 -72 -96 28 -4 -18 -86 20 -69 50 -66 46 -35 -63 77 -63 -74 25 56
90 -25 -85 -86 95 13 -48 -50 -59 69 -40 18 37 91 -10 -5 69 19 -72 -84 28 7 -59 89 32 -61 -96 49 75 29 36 52 -38 32 80 56 56 -53 -58 42 99 -42 71 20 78 -67 -87 -54 39 0 11 -23 -47 -39 -89 -47 76 64 -39 -14 84 35 56 -58 -8 -62 -93 -2 -28 -5 6 -56 -16 81 -51 -90 18 2 96 18 -22 -63 -41 -63 -3 -23 40 46 52 83 -1 -15 -91 34 5 -41 2 77 68 11
17 -19 25 61 -3 -81 11 98 -38 52 44 85 62 -1 -74 -35 78 55 -17 94 31 14 64 -36 -90 -31 74 14 -46 0 -6 95 89 16 -73 -53 8 24 97 -48 -73 17 4 -38 -5 26 -82 -44 -66 50 69 43 44 7 -44 -91 32 39 -32 -69 -33 -99 6 11 58 -66 39 97 -14 -20 38 -34 47 -46 34 -23 -46 58 71 70 12 36 -70 -92 29 -17 4 -4 65 -75 -42 -58 97 -30 -17 14 22 -19 -62 87
-37 -22 91 70 -28 -25 91 -93 -95 -26 42 60 79 75 45 -46 -15 70 -8 31 83 -69 93 96 63 72 94 88 -84 -34 -1 -98 76 44 -32 16 -68 8 -87 -65 -47 87 -89 -27 17 80 62 -76 -88 92 -73 16 -92 80 -35 16 -45 70 66 -22 -68 9 47 -91 51 8 -60 82 9 5 76 -43 3 -82 -83 -15 89 51 38 -30 -94 17 10 79 14 -50 -99 -97 -44 38 -84 91 -26 -10 -95 -20 58 -65 -1 -18
34 -35 -37 -18 53 -15 -44 -32 -25 -93 -27 -75 -33 -92 -72 10 -80 35 5 -28 50 78 19 -5 -70 36 -90 -28 55 -71 98 52 -18 81 31 -71 -95 -56 -50 19 3 58 -30 -37 87 6 -38 27 -70 -48 22 47 54 -64 40 -14 -32 -67 38 -84 -92 93 45 90 -49 -7 80 94 -74 93 72 33 -83 62 -90 -58 -70 -17 -17 -55 28 69 72 32 -50 -15 67 89 8 -17 -96 -12 -57 5 39 58 -52 -3 12 54
11 -74 93 67 -91 64 -24 -42 24 -49 -16 37 -51 74 -22 8 19 44 -85 23 82 -93 -35 45 -46 -25 -95 43 -99 -59 78 96 -6 44 -29 -1 -77 0 65 58 -6 54 85 -26 -89 -89 -59 -98 -59 32 -15 37 -58 16 52 -82 -68 84 -46 -2 82 -72 60 52 2 -17 18 -89 48 85 -55 -6 30 43 29 52 -55 -61 0 83 29 68 -60 -31 53 40 -99 87 69 84 59 66 -85 -88 87 -69 99 15 -21 43
58 -39 87 -98 -74 -97 -87 63 -100 7 -28 -67 -7 10 -35 93 61 -7 26 40 -11 31 -85 55 8 67 -74 -45 45 52 14 -38 75 18 43 -73 -64 27 64 96 70 83 -23 -18 -21 -80 35 73 31 77 -87 -22 -20 12 -92 -3 -55 -78 -46 -9 32 37 -22 28 -31 -31 -97 92 -50 68 27 -34 -96 55 -58 -66 -7 94 15 67 -92 -86 -14 -20 98 92 -21 -11 -65 -76 18 -52 52 -12 -16 33 61 46 -40 -35
54 61 9 82 -6 -69 -29 -29 45 -98 65 -35 19 -88 -18 71 63 0 -70 -10 24 -93 -57 -84 65 87 31 -70 88 33 89 91 -30 69 -29 82 21 70 10 23 -59 79 96 -17 75 33 -27 18 27 -67 -15 -16 85 -43 -8 30 -9 -73 48 -35 33 2 31 -3 49 59 33 -32 7 -47 72 -71 -77 64 12 31 -98 -77 -58 -99 -89 -34 -41 20 -65 83 -98 34 22 -5 50 13 95 8 -59 83 74 -96 -94 -68
-38 -20 -48 74 94 34 78 15 -93 -48 10 -56 -39 -30 -43 -63 36 77 -15 -47 -89 -43 46 -57 92 -68 -23 29 31 12 22 -36 76 71 -88 -15 -42 37 46 -98 -87 6 40 20 -70 -80 42 7 -58 19 -40 -14 -56 75 -68 -11 87 70 -61 -4 -33 -73 -26 82 23 66 -40 38 51 89 92 -11 -38 -74 -95 40 99 65 -33 95 11 -91 -12 -50 75 -50 -69 6 96 6 -99 87 66 64 10 -2 89 -44 9 -14
-91 -59 -18 -37 -27 71 12 -68 82 85 44 -8 29 98 -68 99 54 86 -13 19 47 75 44 -17 72 41 -62 -50 -52 -9 -53 -77 -100 82 -57 -56 18 -77 -86 65 25 -100 40 -46 -13 27 -63 -29 67 59 -26 -93 52 -97 -78 43 33 -56 52 44 -49 33 -35 60 56 41 21 76 17 80 -29 22 -26 -34 -20 62 -3 88 -86 45 -40 45 81 -18 71 64 -1 -61 -75 30 -93 39 2 35 -33 82 9 8 56 -96
-30 63 46 -37 -93 -94 47 -38 19 -39 88 50 -17 -45 63 -52 48 55 -21 87 29 27 -19 64 -51 37 -69 55 -9 -49 -54 -5 62 -56 -85 -7 -33 17 -86 25 61 -58 -13 -79 -49 -58 -74 6 7 60 69 80 -17 31 42 -66 -72 62 -98 -46 99 40 -24 14 59 83 91 94 -70 -69 12 -16 -85 -50 82 -62 8 -74 -98 51 -43 47 -11 -75 -68 73 51 33 -13 23 -93 67 -5 9 -43 -17 10 -40 30 -3
35 16 94 1 21 59 -18 -2 33 -5 16 4 -48 71 -4 38 -83 26 88 1 -10 -47 -24 59 72 36 -42 -40 -21 70 60 -61 92 8 7 99 35 -77 38 4 -28 -91 -20 -49 33 -91 58 -52 8 -6 96 -89 17 34 45 41 27 63 38 25 47 -98 -53 -30 -28 -85 -80 31 61 23 11 4 0 -37 65 38 -79 -78 78 94 47 -47 -28 26 -68 2 -37 69 82 -61 -21 -79 -92 -8 38 -79 -53 48 25 -61
19 54 -36 94 -74 -10 0 -63 -82 -76 -63 -4 -64 -17 4 75 -89 19 -86 -24 31 79 -11 -49 -60 -100 -85 33 -46 88 -95 1 46 2 -62 -21 -44 -42 -64 -82 -22 51 90 15 45 -68 70 -56 51 60 -7 -95 97 5 -3 -82 38 -62 2 88 95 51 -31 -15 92 -63 -20 -22 99 75 50 -89 68 57 98 -42 45 -49 -59 51 -10 -12 65 48 -97 -93 27 -21 9 33 -67 -48 -29 25 80 -47 -74 -52 11 51
59 13 -59 75 -29 -84 -72 -87 -33 -39 -57 -92 90 -12 -95 6 3 -22 22 -8 47 75 -23 65 -82 65 63 99 29 -21 -73 39 -60 51 34 -5 -79 -43 -75 9 -19 90 29 17 -43 28 98 89 20 -86 -81 -91 23 30 17 82 1 -35 29 -57 -32 94 95 61 15 71 -23 86 -3 60 -95 -11 -82 -70 70 -84 81 -69 -4 92 -62 -85 77 -96 -7 -78 -30 -69 18 -45 -85 -69 22 -91 92 46 50 55 73 -76
-1 57 59 5 42 -56 67 -67 -68 75 -2 12 77 -84 81 -13 -3 65 -1 -76 35 -68 81 41 -79 -41 -99 0 15 60 -45 14 71 4 -85 89 -15 70 43 -78 0 -78 40 67 53 -9 -62 93 -45 -14 38 14 -54 0 46 -24 -56 -67 -53 13 76 -90 6 -14 -91 -28 -85 18 75 42 -57 5 -12 -79 99 80 50 -86 -87 -49 3 36 95 32 81 30 19 -63 18 -25 61 13 67 28 -61 3 57 -78 -64 47
40 69 6 61 -88 40 63 -12 84 -2 30 -17 -75 -16 -13 -78 -97 32 31 83 -47 13 -52 -58 51 16 -47 -82 -93 -66 -67 41 9 -41 25 -37 76 -97 -13 5 4 91 -32 -89 57 86 -94 -28 67 84 -94 70 -92 63 88 -78 92 -96 9 -51 67 40 32 -58 -28 -73 -80 -50 -72 -50 8 -43 -80 -24 96 -17 47 86 11 -49 71 67 -42 83 59 -76 -32 -16 21 -3 -14 39 98 -40 65 -56 -78 23 66 -50
-100 76 -3 84 -55 79 77 6 96 -89 -89 2 2 -35 25 96 -74 22 13 -95 32 -1 -75 -4 70 -3 -23 -57 52 -35 64 -77 8 -70 35 64 -40 54 -40 -84 82 -21 -51 14 20 33 35 -80 85 27 94 -28 20 21 58 21 72 -87 16 -15 48 10 -31 -42 -84 -88 -22 -5 -61 62 56 81 70 56 46 -46 45 97 -59 88 89 68 84 -47 -55 -23 -64 9 9 18 37 -72 0 -82 62 -66 0 78 -79 -19
92 -97 -2 -42 5 31 26 -98 -35 -85 -49 -38 40 -40 -2 24 31 -55 40 16 -33 -23 -63 -60 -70 49 -50 -36 93 -100 32 36 -7 40 42 -30 -19 48 -8 -86 36 -80 0 -67 59 -95 61 74 -98 -18 -63 -37 84 -58 -13 -69 24 -30 -6 -50 33 73 57 26 52 -85 35 -35 -56 99 48 -41 42 -24 -87 -47 -85 21 -64 6 -49 72 -12 -71 -25 -16 -68 95 33 -85 -87 -74 -83 -90 -55 87 -28 -2 81 56
-83 31 -21 52 -96 -77 -31 -97 22 -51 -72 29 64 -89 8 -78 -25 -40 91 -1 76 90 52 -44 18 -21 -45 -95 -8 66 78 -86 -93 -19 41 50 68 65 9 -74 -50 49 -51 -99 -38 90 38 79 -34 -17 89 92 3 -64 11 -42 94 0 -83 10 18 -33 -57 -29 -92 -99 -39 87 87 -55 96 -10 -55 1 -18 -8 -66 42 -90 31 -53 -85 -74 -35 29 -35 -19 -82 51 45 71 41 17 -51 55 59 -9 -33 44 -19
10 76 15 -72 -95 -27 -44 46 -38 -64 79 -62 -2 -28 -23 -46 -30 56 -21 84 -88 73 66 -81 -75 -37 12 99 44 3 34 -44 83 42 78 -69 -91 -20 -98 21 -64 -95 90 -48 47 60 -45 76 -62 -5 76 -42 44 -2 86 -29 78 3 38 10 -29 -8 49 82 52 27 52 55 20 31 29 55 -98 -72 14 90 -26 1 -85 89 13 68 -31 46 -63 18 26 -59 -60 -77 -82 -95 -76 32 -52 -23 -37 55 -71 -52
48 86 -48 28 78 -20 44 63 -93 5 -46 -69 -93 -68 -54 75 -74 86 22 -19 -56 20 -44 -41 39 9 -71 65 -6 -19 -73 -45 -80 -79 -8 -70 79 -92 -69 8 86 -98 7 18 -3 -85 -82 38 -5 74 -84 92 88 -74 47 -60 -100 -36 -31 -48 56 38 -85 -84 12 -64 13 35 -16 -39 52 59 39 -27 19 45 25 -88 85 22 -24 -27 57 -87 69 -24 47 -88 -92 89 11 88 -11 -46 96 61 -20 82 -50 54
75 27 -98 11 39 89 -59 -84 0 -75 8 -29 53 -72 -96 -68 15 -92 -34 68 -91 95 -56 -32 -31 65 20 -80 0 33 -52 52 95 -38 74 53 76 -28 30 -17 -69 88 71 -3 -78 -28 -49 -82 55 96 -94 -73 -32 -16 -1 97 36 43 -1 -84 -8 43 -42 -4 -44 -42 48 3 55 -4 86 7 88 42 -55 37 -1 87 6 78 -85 -83 91 73 -34 -62 9 -6 62 -73 -30 1 28 25 5 38 66 78 -73 -60
65 58 -20 27 -55 -5 31 90 44 -55 46 68 -11 -13 -94 -53 -35 30 85 -13 -81 95 93 -80 -3 10 88 -30 -31 -12 40 -96 8 6 -39 -5 4 59 80 -19 -30 -28 -41 89 68 -79 22 20 -57 52 44 -52 -57 -71 -49 16 97 48 80 1 -95 22 -30 64 70 40 -52 8 -29 17 -59 -68 -97 -57 -64 52 7 41 72 60 58 -53 78 -34 38 -90 -16 -78 17 -23 28 -54 -86 84 30 51 -15 15 70 73
-19 87 -50 -7 21 -79 -54 13 64 -31 -56 60 88 -51 50 -32 -28 -75 26 68 -10 86 53 -98 69 -80 51 89 -61 -59 63 -58 33 91 98 76 -54 91 -4 -59 62 34 -19 43 -8 72 33 -69 -55 0 -37 48 30 87 51 -61 40 73 58 -70 -5 8 -98 79 -71 86 -63 51 88 -43 -97 -53 -15 -4 56 25 74 -43 74 5 -42 -43 75 -18 -61 -92 -43 -21 -36 22 67 -9 -31 1 35 93 68 0 77 56
-67 6 -14 55 -79 23 -8 -82 -43 92 -74 24 41 -3 67 -84 27 -67 -20 -82 -22 88 13 79 -75 16 55 71 -86 32 -53 50 91 -16 46 -31 -10 51 -26 -37 -85 21 -84 -4 60 48 98 28 -40 97 -97 -38 48 23 -39 67 -25 76 -6 -90 -69 16 38 58 -87 17 83 34 40 -49 -22 96 67 7 -19 7 -91 -50 -78 21 81 89 -49 65 -56 51 30 -14 15 55 -45 89 15 54 -37 31 -66 90 -56 9
23 -100 67 43 -19 36 -7 59 86 71 -56 96 54 53 -45 91 -71 99 -3 -4 21 -89 51 -8 94 -13 93 49 44 -29 46 -1 -13 42 65 -2 -54 74 71 -9 -82 -78 -34 12 -81 -83 -12 14 2 33 -3 -15 -47 -11 1 -13 -71 -73 90 -79 74 -52 -52 -86 -20 -7 -83 -88 -40 -54 -97 -4 -36 81 76 25 36 97 -38 -76 29 83 55 -94 -13 25 -34 19 78 -15 2 -18 40 -35 51 52 -86 -64 95 33
72 27 -45 -95 50 -38 90 -49 13 -8 -36 84 -63 -46 -14 -34 -53 2 82 -57 -66 -53 -89 96 -90 -19 26 -19 38 97 -42 -62 82 47 -72 62 -33 -83 -58 71 -94 60 -13 39 54 -82 64 -58 -94 -38 -12 -9 -46 -5 78 23 -36 45 90 84 -74 -38 59 -6 39 20 -95 -76 -93 -100 99 88 -77 -61 -34 -92 44 -82 -82 64 -82 -41 -100 44 -72 -46 -39 84 66 -43 -69 89 92 28 -26 1 37 -84 36 57
-10 70 -25 -61 48 -74 -58 91 -37 68 70 -2 57 10 -93 -11 -22 -16 -56 -74 -71 -59 -92 -68 -26 -9 -99 -80 22 -11 81 -24 72 -14 50 -81 -79 68 66 68 -61 -18 64 0 73 43 41 -70 -42 13 -37 -75 79 69 93 -34 -82 -13 -69 70 56 47 41 -98 73 -55 -10 52 95 -1 59 -8 -4 45 35 -12 -96 -22 6 12 22 72 81 90 93 68 64 -51 -37 -17 78 35 -51 52 -44 -27 -87 83 16 90
-64 5 -80 -34 -10 -87 -56 76 -100 -81 -56 26 -79 -69 50 84 -100 19 2 92 -20 -44 47 -40 59 -13 9 -100 -55 0 -85 82 61 -73 18 -33 10 -22 7 40 63 89 10 -60 38 28 47 36 -94 -46 -34 -24 75 -54 -35 -52 -4 83 -80 -93 15 71 -12 67 39 -75 1 -15 -90 -33 31 -18 40 1 -38 -29 -73 4 40 0 -31 -71 -79 99 87 -31 -79 -65 -17 61 -45 67 44 -94 -66 -83 -84 47 84 -10
43 -54 80 32 31 -49 32 -26 35 2 20 -38 -73 16 -58 -68 -16 73 -78 50 -76 97 16 59 -55 -49 39 97 -10 -43 -4 94 -70 81 43 85 -52 -77 29 21 42 40 4 33 38 6 -61 -36 -66 -22 -31 -84 43 -50 47 75 -68 87 79 -2 -60 -58 -64 87 -79 45 0 94 55 20 1 -8 -36 -68 95 22 5 -19 0 90 73 3 21 -51 76 -66 33 20 -81 34 23 76 30 -93 -55 75 2 -91 54 74
96 68 35 -16 -87 0 -74 -72 -21 -29 55 86 33 45 -73 -3 -57 47 -35 77 -15 47 31 -21 67 12 70 2 51 19 -2 -31 -1 -95 60 -4 33 2 48 -17 98 -71 -99 -64 46 96 -41 -99 12 -22 12 70 -95 -80 -50 52 -19 -31 -32 -38 54 -11 -17 51 -92 -68 -53 -51 69 -38 -58 12 -55 95 53 41 -56 -76 44 -4 67 31 78 40 -7 -21 53 -34 -53 10 -97 -75 90 -99 -14 -79 79 29 73 33
3295