80 80
-13 -16 -48 30 -72 90 -12 94 -42 32 62 92 -100 80 -22 48 13 -58 79 93 -41 44 -26 44 52 -47 -41 -57 -24 68 14 55 -78 -6 -90 -57 -73 -17 44 99 10 2 0 -5 64 43 63 68 4 41 -19 -7 86 -49 57 -74 -94 88 57 21 -50 35 -72 69 91 80 -67 8 40 27 -35 75 -61 -56 -60 -85 42 32 -72 -42
57 19 -57 16 -4 -33 -22 -49 0 -33 25 9 37 23 -87 5 -18 -9 84 23 -68 -9 96 -32 -72 -30 -86 53 48 -50 -52 -82 -92 99 21 58 -79 -79 32 57 77 55 0 90 4 81 -22 -65 -93 58 -93 -82 67 35 -52 -24 -88 -70 -5 -25 -61 94 60 92 -92 -87 79 15 28 72 44 -69 34 88 60 16 -75 -15 -78 -21
-39 15 -45 -77 -19 46 25 77 -20 14 -98 51 3 -17 63 -24 99 -1 -74 -81 54 -71 -3 -91 -48 9 0 35 -58 -34 42 41 -70 -98 27 0 82 96 -40 -2 -91 54 35 79 -65 -70 -51 -86 39 2 -15 -38 39 -33 -61 -90 -100 -30 -79 -68 0 -88 -71 -95 -52 -96 99 43 41 -46 80 83 -40 -45 67 -75 32 -34 -58 98
9 45 -79 40 95 -88 -57 -64 1 -67 -95 -47 -54 -96 -65 -61 -96 77 27 14 -61 76 -95 -76 48 -4 53 84 95 84 59 -96 41 -82 44 -22 -34 -52 47 -30 30 -73 -89 43 -66 14 -92 -9 -90 52 44 -64 56 -58 -45 -39 75 99 57 -12 58 68 43 -43 87 -11 76 -98 -29 21 -18 44 -54 -5 43 19 18 33 57 30
-75 -34 62 -31 80 54 7 18 -69 21 23 -3 -71 -11 -65 95 -14 67 -47 -99 -72 -8 -95 39 -66 -17 -82 87 56 -86 85 -66 -65 98 -65 -31 -5 -89 -100 -65 54 -68 40 39 -50 -57 -99 7 -69 -32 17 0 59 23 -62 -15 -6 -53 63 -40 -26 1 56 32 -62 1 33 24 -40 31 -29 32 -27 8 -93 74 -32 -13 71 -2
35 -85 94 53 -75 -6 96 -5 46 48 14 15 5 -44 67 -27 -9 35 99 -42 -31 55 -53 14 -65 97 1 -74 30 97 69 -78 -41 37 -16 -18 53 9 -45 29 98 -42 -76 59 -20 -26 -99 83 70 -1 -75 -45 52 -82 52 -1 -90 21 -55 -45 89 -24 13 -19 58 5 -67 -94 77 -37 -12 -32 77 -84 88 -37 -27 -35 78 -28
-34 -67 80 -97 10 44 6 -12 16 47 -61 49 1 17 -15 -42 35 -36 -1 -24 -69 -24 -6 66 96 43 42 -95 54 -30 7 -1 65 22 43 -46 -54 83 90 -66 95 -91 95 32 -11 4 24 -12 81 65 -82 -54 -80 25 -99 -100 -76 -38 75 20 -32 -84 -41 -28 -3 -46 7 -75 -66 -96 -89 67 -64 -80 38 57 -17 8 35 -47
-59 69 -64 31 84 46 -2 63 46 -94 -86 12 27 -44 38 -86 19 24 -62 30 -52 6 -27 37 -42 -33 -33 10 -19 29 81 20 -89 -24 47 47 71 94 68 26 1 -54 -1 -15 15 33 37 67 3 -63 54 87 70 75 -59 74 24 -94 98 12 16 -44 90 -35 -57 57 18 42 -7 -14 -41 76 84 -37 82 -93 83 -84 -22 -18
-91 68 -53 -58 82 -81 -27 -76 53 75 -80 48 -8 -99 15 -12 5 -71 34 64 33 -39 -24 -81 6 45 -4 -22 57 60 16 67 -48 -62 -81 -91 0 43 -40 18 -82 -56 -96 -99 85 -33 -98 33 56 47 53 89 48 84 54 42 0 -17 -20 -66 -9 -86 28 -62 -3 -29 -12 66 18 -97 -85 -36 -52 97 -38 -14 39 -85 34 92
-63 -28 45 -67 -42 -62 57 45 50 50 -45 71 -50 86 56 99 -67 -66 -54 -41 -10 50 16 90 -84 55 23 -15 -3 -72 -56 77 -88 -25 -70 36 27 -28 10 48 -36 85 -81 21 -2 71 35 -34 30 -68 63 -5 14 -43 -98 4 57 81 54 -87 -88 -17 2 12 -3 33 -69 -89 -17 -46 31 -85 -35 -95 -86 48 70 22 29 -60
80 -20 93 86 -80 87 6 -70 89 -55 -97 82 -64 -88 -65 -94 -72 -71 88 -4 25 -93 3 30 -1 -67 -4 81 72 18 -1 35 -67 -1 27 -97 -91 -39 -9 76 86 -76 66 3 93 2 -1 13 -40 88 -47 -99 -77 16 99 57 64 2 28 46 42 92 64 -84 -85 52 -94 56 20 59 -55 98 -66 36 48 54 -25 69 11 6
-97 78 -81 64 51 88 -7 76 -23 16 -78 -95 61 -29 -95 64 83 -60 81 -16 -73 -52 20 -100 82 73 96 -54 45 50 18 -26 83 2 -39 -41 50 20 -20 -49 10 54 -66 -16 9 72 64 5 -58 6 -88 23 -60 -12 -71 34 25 67 -93 87 -32 73 60 19 -83 -91 95 88 -1 67 -12 90 -14 -68 96 -59 -99 67 15 53
-55 67 -57 14 -28 -35 79 -27 -19 24 -16 -82 -87 57 -94 95 -28 -82 -46 -43 -20 -58 74 -42 51 -84 -47 -1 27 -13 -43 -34 -57 83 23 -45 -57 84 38 -69 20 27 47 45 -83 11 51 1 -30 -42 41 -36 79 -52 85 -39 99 35 97 -19 41 -48 83 -78 62 -83 -17 -17 37 44 39 77 -32 26 88 -27 -41 -97 23 88
85 -35 12 15 17 78 -67 -75 -85 -100 -42 9 -96 11 48 -56 24 42 0 98 77 66 -95 -4 -2 85 84 -26 14 -44 39 -10 79 -86 -5 -59 -14 -84 91 56 3 -75 -14 -30 80 -4 4 72 -37 -63 56 69 25 33 -76 -18 41 -58 18 -47 -71 50 82 -14 29 53 -65 6 -54 37 -74 12 51 -2 36 -48 1 -29 64 -70
-96 -77 17 -10 7 -89 -23 53 16 2 -46 76 57 26 -72 -92 -94 -57 15 -22 -71 -94 -66 31 -30 -48 77 -29 2 -18 99 22 -10 -41 -5 63 -8 -4 39 -64 -78 84 -35 81 86 12 -55 36 -3 80 4 -15 -98 -86 4 67 -79 -46 -76 -21 -75 40 77 68 87 -18 -60 14 -52 -95 -18 -89 16 -55 -94 -34 72 -73 -98 -70
5 -65 -91 91 2 38 23 23 89 -82 1 -8 8 -57 62 -60 41 -32 86 -59 -54 -18 39 -63 43 84 -95 -3 -26 -84 -42 -66 92 21 18 56 37 86 -65 51 39 -7 44 26 -100 11 79 86 -43 -4 -24 -29 -36 58 -63 -40 -40 -61 -93 -59 26 -54 34 -24 -96 25 -37 9 -17 81 85 -49 30 -58 70 -71 -87 62 79 10
59 58 99 63 -56 22 -36 -29 -14 -10 31 -75 26 42 80 96 73 -60 57 -92 -80 -89 71 75 37 26 -98 -18 -66 61 -89 -40 -13 20 22 43 -65 57 -96 10 55 22 -91 -17 -57 -12 11 87 -47 -66 -13 -22 31 -47 -72 55 51 24 -20 -73 -83 -61 -51 -32 5 -49 -47 70 57 -68 -98 -99 57 -37 -51 -94 17 55 -72 -13
-17 -18 -79 12 69 71 13 3 57 46 -15 14 20 13 -69 51 -72 30 53 -32 62 -57 -35 84 62 -84 -24 -42 -9 -93 1 -83 -14 -68 4 96 90 56 80 -81 23 -52 44 81 4 -74 89 -65 -75 -25 -47 57 -59 9 -74 80 -97 -14 21 -37 11 66 -75 86 75 73 59 56 86 -43 -88 -53 -99 27 29 74 -67 76 13 -66
84 -86 -35 -7 55 -62 -17 -9 -77 92 29 81 59 41 92 -92 82 37 86 42 -79 77 85 16 67 51 -75 -33 7 87 -71 -58 13 48 -87 96 69 99 58 -62 92 -45 55 -64 -80 3 87 57 -41 -72 -66 -56 59 -87 -96 36 80 -37 59 34 97 8 -83 -63 8 17 -66 86 -52 84 39 -78 96 7 67 -15 18 77 -11 -53
9 88 58 -87 67 -15 -32 32 21 -52 -97 -86 76 -57 87 78 -20 68 -61 -84 31 -28 5 93 -23 -49 9 50 9 -86 -26 -52 26 40 -38 -68 -14 68 5 13 59 -3 10 78 -80 19 -87 36 34 25 88 0 -43 36 -36 53 92 99 -94 84 20 -80 10 75 16 6 -41 -45 56 -70 40 -63 -25 -57 -93 64 77 -43 -38 -27
-77 -14 -50 -77 -99 -28 20 -88 -76 37 -75 -24 53 -73 -70 -8 -20 -14 8 93 21 -3 -80 -90 -52 89 -30 -57 -5 -100 -37 -40 52 -83 -60 -66 -56 67 5 72 -96 90 -86 44 -94 24 93 -53 -66 -11 13 98 96 82 -75 -13 1 52 -49 83 -38 81 -29 -83 -16 98 82 -89 -66 65 -56 43 -81 61 -38 74 84 -77 20 36
-19 31 54 -86 67 28 64 71 13 16 -21 -84 97 59 -94 -84 30 -86 81 -96 -9 -33 93 -77 -94 19 -92 80 26 -73 -74 35 -21 63 92 21 84 -71 -96 84 -15 44 29 10 -39 -85 -88 -91 -75 -44 -80 23 3 -35 66 87 -38 -49 96 48 46 -3 -45 8 70 -50 -2 99 -60 73 -59 25 69 -31 -10 -34 82 89 -34 32
54 57 -9 14 -39 42 41 63 60 -25 55 25 54 84 11 -37 -17 -5 -11 -43 -5 37 -1 -18 1 -98 -75 78 60 76 35 69 25 25 -33 52 -38 71 57 59 35 -77 -80 90 36 29 95 -76 -98 7 55 -63 -55 -75 -1 51 76 92 42 11 -74 -3 -48 53 62 -61 63 -87 38 83 -85 67 6 -4 -61 -75 -90 32 -98 35
-38 -62 6 48 -11 -40 -44 -16 -96 -38 -3 61 90 -37 -60 -2 44 -80 -25 4 21 31 -58 -73 76 -94 73 73 -68 -52 -79 17 53 -53 58 67 64 -74 -89 45 83 -55 55 -11 -10 -57 55 -31 5 31 -24 -33 -49 -38 -6 -73 38 -28 -40 14 64 57 -98 -92 -51 -69 -95 -72 10 65 -33 -54 -2 9 -73 -79 3 -72 9 47
95 41 80 73 35 77 23 -61 68 83 83 -44 64 33 -41 -2 11 -71 53 41 3 6 -76 -49 -47 -31 -99 51 -55 -65 -85 -74 -13 94 -79 -37 83 -64 -58 84 -2 6 -97 -93 70 33 -100 -11 -9 -43 -10 -92 -13 40 -58 5 -61 9 -54 -62 32 4 -92 -48 -95 5 3 3 -91 -78 -42 96 11 -18 -42 43 80 -20 91 67
-47 1 74 67 -54 -91 -58 66 -34 59 69 -99 -17 -2 -44 83 -40 -34 45 66 -70 12 39 -72 44 -77 -33 36 -1 79 30 -2 -80 -77 83 53 95 85 75 79 32 -84 30 -98 -9 -27 19 65 -14 42 -89 -16 66 -67 18 -19 90 84 90 -73 -30 -99 77 -64 -66 -77 -32 65 59 -7 -51 69 -14 23 29 60 49 75 -46 -15
-3 -95 41 93 -60 78 86 69 -77 -7 -64 50 -61 68 14 -56 -79 -54 26 73 94 -79 -59 74 -68 -39 11 95 50 37 -55 -13 98 2 -76 -6 -87 -10 27 26 39 20 56 78 -48 60 27 38 -38 8 0 -92 96 -28 -86 -80 -74 -11 -65 94 -35 22 -66 -10 81 86 55 -19 -54 -26 26 -70 24 -62 -22 -52 -6 -81 -77 82
25 -68 10 34 96 -85 -100 78 -89 65 2 75 25 12 -69 36 -78 85 10 56 -27 -74 90 47 44 -98 79 58 -15 -30 39 20 61 -18 -47 83 -40 37 -12 67 16 -3 27 -74 -27 -17 -65 44 -84 -66 78 -55 -6 93 91 -80 -43 -35 -90 10 -83 -97 -58 -84 -88 32 -61 15 -74 -13 97 25 58 -5 66 -43 82 32 -21 -18
17 73 58 -86 51 20 30 45 -63 -38 -65 3 -82 94 -8 -54 -96 -41 90 94 35 68 -61 71 -30 -24 -9 -79 64 -17 -51 -29 23 -81 -10 -46 -49 -62 -71 -2 48 -37 99 36 -53 -57 -91 70 -82 -82 38 -87 63 73 -78 5 43 -65 -85 66 -97 -53 -96 -23 -73 64 67 -40 37 -96 -17 3 4 80 -15 39 -91 -24 78 96
50 67 94 -2 57 90 -49 11 84 69 -67 -64 -17 -4 -15 49 -95 3 -48 -10 94 -67 5 36 -60 34 -39 -93 4 -92 10 16 -44 -26 -86 -26 67 -42 -79 -47 -44 53 14 -20 23 -76 -62 -13 -84 9 -75 3 -62 -6 -59 -47 -89 -47 36 -96 40 -87 -55 -97 -29 16 -70 66 11 14 -39 15 -28 -99 -60 -28 16 49 66 72
-54 -7 -94 23 24 -50 -2 -6 -74 4 64 -10 -7 88 84 11 24 73 23 -72 -54 -55 54 -75 68 -67 -95 26 90 -21 33 -34 -7 -60 0 -30 10 -46 -23 79 -23 28 80 -75 -26 -48 -78 14 60 -64 80 18 32 -32 -48 -36 -68 14 -83 -84 77 83 32 15 50 -23 -18 -100 22 -18 -28 -88 48 -24 -7 -67 0 17 -85 94
-60 -66 5 22 -3 -14 95 58 36 -88 22 84 41 80 86 81 -11 -95 13 -99 -43 33 9 14 -30 -31 93 6 55 21 -48 -75 -13 -62 -25 -74 40 -72 92 -16 75 2 -82 -64 53 -45 43 6 -63 -68 -76 -75 -49 -100 8 -17 64 7 -21 0 -5 -46 -24 -47 -64 -75 -83 -15 -37 49 6 71 -38 5 76 -86 -77 44 48 84
-88 -95 -69 -75 -28 62 47 -28 -61 57 99 -29 -20 32 -69 84 -54 -18 31 46 36 -9 -67 -43 34 -24 49 -79 89 42 -28 -11 -56 -87 58 -85 28 -40 -64 14 -79 -33 -58 8 2 32 -14 -3 26 -98 -3 63 36 87 -38 68 -96 -52 -68 61 -32 70 -49 -56 58 -13 74 80 -74 89 -21 -45 -14 -45 43 29 28 18 -28 -76
-24 -83 -56 83 -61 -37 44 42 -81 -8 -3 70 -25 -97 -23 -43 -42 64 -38 69 -53 2 38 29 40 -54 -86 -12 -77 -91 81 -55 44 34 39 -78 -40 35 91 -63 -66 -75 -67 84 96 -58 43 -20 -28 -81 -54 -72 75 -21 75 -53 97 -57 -52 35 -41 -47 -31 -76 -98 -98 99 92 -83 -58 -24 -80 -4 -69 34 71 -15 -21 -100 85
-53 -95 -69 -61 94 51 -22 5 -1 -17 -88 -44 -88 87 -51 5 5 8 -85 73 96 -19 2 14 -62 -95 -90 31 -29 61 93 -8 -52 -18 -36 12 91 -21 -39 -22 -96 85 -10 -3 -11 71 -100 -52 -38 49 -41 9 -78 -96 97 53 -56 16 81 60 46 28 -35 69 32 -19 -59 -75 -4 -22 2 -4 -76 -33 39 -24 40 57 95 65
-27 -40 79 13 -45 -42 53 -12 22 71 10 -74 -22 9 -84 -100 -99 -57 -1 -11 -33 -80 -60 34 -75 61 -38 -28 79 84 -3 12 -50 -82 -28 91 90 -25 -9 19 -5 23 9 -42 -1 92 -22 -83 -53 -53 -80 -20 69 39 -24 -52 26 -64 -25 65 27 -48 70 -3 -35 42 -59 -12 97 84 -42 -38 9 -41 62 50 -84 -12 -56 -95
20 50 35 -30 6 21 68 -54 -38 -64 39 -1 -92 -82 2 45 -95 -43 -62 9 -26 -99 -5 -87 94 -88 -62 -69 2 98 -67 -42 -18 11 -19 -65 -54 42 11 -84 94 12 57 54 -87 30 -22 -6 -20 -73 -44 -72 -70 65 -59 88 35 -46 -20 -70 1 14 -7 -75 -13 -65 -24 -21 64 -25 -14 -69 -34 -43 13 70 -28 23 77 29
84 -41 -62 51 -59 41 92 -16 -96 28 -92 69 -71 -82 -99 -33 -95 -3 83 -26 -94 44 -93 -91 74 34 99 -9 83 -6 -93 -9 66 -66 -68 48 -81 84 -56 7 -76 54 91 -58 2 53 96 -37 -72 -18 -25 -8 -50 32 -19 -45 -31 52 92 57 15 -74 69 63 61 3 3 89 -57 -61 18 22 41 -39 40 -28 -61 -87 10 -96
2 -86 -30 33 -19 -84 -24 86 -44 91 71 -92 8 -36 26 -20 23 31 -42 -91 -97 78 -71 38 -19 -19 11 -18 -34 -77 4 -64 -11 24 -34 1 -50 -41 -75 68 92 38 68 -16 -98 -93 -62 -8 -74 -15 -51 43 -83 -76 -11 77 65 -78 5 94 9 58 -67 82 43 17 -29 96 51 82 51 -81 -81 21 -44 -10 -24 -20 -43 66
-100 74 73 -75 -54 -3 71 -51 61 -34 -100 -5 29 23 13 13 66 -92 -96 -49 -94 -100 74 69 -67 -22 86 60 -89 63 -36 82 55 82 41 -46 13 -61 -58 76 -7 4 91 37 -7 -23 93 -77 -85 82 29 -4 -52 -18 11 -32 -48 -86 -45 -69 92 -5 -97 -97 -73 64 69 26 88 -21 98 -4 36 98 -25 -60 71 -95 43 -53
-99 34 -78 97 41 24 69 -58 78 16 -31 -28 5 72 -92 11 70 -11 -75 -59 -31 -24 28 -68 -81 16 2 88 69 46 66 -27 -46 -35 -96 84 -79 41 -80 73 1 73 82 -50 42 80 -51 -67 -78 24 -14 59 26 -24 19 84 27 40 -5 97 28 1 -9 -95 56 19 -26 -81 60 9 -3 88 95 -80 -75 96 29 96 17 -18
45 50 3 76 1 -85 15 -29 -75 -81 26 -17 28 58 76 -41 -88 43 -92 -39 33 -38 58 -5 56 91 75 44 -4 -77 0 -20 -83 -46 -87 -79 -97 -78 -40 -69 -96 79 8 27 -83 96 40 72 10 93 -38 -95 -14 -79 -70 -14 -34 66 83 89 -88 -49 51 -96 -29 -71 -78 16 -21 -51 55 43 -93 -80 68 75 79 52 -37 58
-74 3 -31 -23 -67 -31 58 5 -72 -98 -19 62 -23 28 -23 -22 -42 -57 56 -78 79 -29 -69 75 93 50 -89 40 -31 -11 -10 -50 -76 74 40 -32 58 -24 -76 -60 29 23 -86 -43 -33 -37 -45 11 88 3 -53 64 -79 20 -51 -93 79 -52 -17 99 45 -44 88 28 51 -11 64 -66 83 70 -33 63 -58 -36 -63 69 90 84 -17 -79
15 93 73 96 -38 58 60 4 97 -98 14 -70 -31 96 90 -75 76 -39 -24 99 -33 4 19 62 -69 -66 -86 -10 89 46 -41 -19 20 -66 92 -92 -38 26 48 44 3 -23 76 -57 69 10 -78 15 87 89 88 15 -99 -46 -87 10 76 -52 -43 80 -82 -6 -61 80 -33 -10 -28 -46 17 -33 -79 -12 5 -27 -49 -24 -85 -14 -94 -36
60 3 56 -94 -82 -81 -96 89 -24 63 -45 -36 -73 63 41 17 -24 -100 23 20 22 -25 -80 -19 94 1 33 7 42 7 57 -21 -77 80 17 -12 50 59 -87 36 -48 -89 43 -72 69 46 -53 -57 14 73 7 -7 50 -30 76 -19 88 78 98 -93 25 41 88 19 -77 -1 50 -18 1 88 50 36 13 27 -34 -35 71 -74 97 60
11 -3 -77 88 70 -39 -83 -3 17 -37 -72 -20 73 -47 -98 62 93 16 -20 70 10 12 61 -49 -83 -77 -54 27 95 -56 -39 -49 -27 95 52 91 24 84 -100 86 1 -47 53 97 66 63 67 27 90 -3 -91 69 23 -9 82 -65 -56 -47 -47 -29 -29 -68 5 -89 -35 -33 -79 -15 56 -38 -24 55 -86 55 80 -4 20 11 80 90
-81 75 87 -4 -18 82 -25 -54 -72 74 99 11 68 -23 52 -42 -93 -10 66 82 48 12 -79 -9 83 -18 -38 44 54 99 -4 -29 -25 -3 -62 -39 -96 60 -66 2 -13 89 -58 69 -78 -9 -41 19 -2 76 -32 30 -50 -95 -88 0 19 54 -39 9 89 -14 -1 -58 -63 -87 -68 14 77 95 -18 62 -5 3 52 -73 -59 48 -59 6
32 80 -15 -91 84 -62 -52 1 -77 -34 88 92 22 86 -63 -13 4 15 -81 66 20 -56 0 6 -90 99 77 35 69 -63 6 79 -17 99 -41 63 72 -34 93 -38 -21 87 60 -77 43 71 51 10 65 -64 27 28 -73 89 99 58 76 31 7 8 -47 45 -6 15 -52 68 -30 5 74 -66 -61 67 59 24 -57 -33 -80 39 -92 59
24 84 -42 -58 60 -62 -49 -6 -73 63 -20 -43 42 -54 74 -60 -57 -68 -87 -27 -12 42 7 84 -46 -38 80 88 87 75 -91 70 41 -30 98 87 -52 -77 -11 6 -18 -36 -21 -100 56 72 37 -41 -97 75 92 -88 13 49 8 61 -54 -44 -9 15 -18 -74 76 -76 27 19 6 -33 95 -6 -93 -66 -56 46 -3 12 19 80 -93 64
-82 88 91 63 84 -92 -81 30 -71 39 77 42 47 -11 -69 51 16 22 91 -42 37 66 -69 66 38 -76 -95 5 -77 18 69 -72 -70 35 7 64 42 -78 -22 71 56 -85 -55 -38 24 -5 90 -68 -74 52 0 -68 -51 41 77 74 8 -73 -49 87 63 -11 2 69 -100 -74 79 -11 63 -76 -84 -88 63 95 -13 -96 -70 -10 -41 -72
30 -83 -35 -7 8 -89 24 78 54 -50 31 2 40 -46 -54 -7 44 38 91 -28 59 -31 -6 65 -91 67 68 -77 12 14 -20 85 -16 -32 58 45 62 94 -52 -17 23 -30 18 -42 54 64 38 50 -38 -74 -28 87 77 2 -34 59 -28 56 67 42 -72 -100 -15 29 -100 61 32 24 -73 -37 49 3 -12 99 -73 60 -55 32 5 10
78 52 65 -99 70 -73 15 68 -86 30 72 87 -36 -32 -68 -97 9 29 -50 66 -77 -47 -8 -93 38 56 23 -86 -47 -79 -25 88 63 16 -46 -18 -73 -97 85 -50 -48 -36 20 -55 49 -71 47 -70 -72 -56 52 -28 74 13 -64 -88 51 -95 -56 57 -43 92 -67 52 46 -37 -65 -71 5 -86 17 79 -10 -61 22 -96 79 88 -55 -48
97 53 27 -28 -61 -38 65 48 -45 16 76 -38 7 57 -74 -19 -93 -92 -79 -56 99 -31 10 -87 84 -21 -66 -52 54 4 -61 24 4 77 -62 67 47 -66 -36 -35 -32 -6 -85 -5 -83 55 98 -91 -18 77 95 -46 40 -100 -40 -46 9 -53 60 -3 -59 -74 68 -14 -39 8 -6 -46 -2 57 8 -42 24 -6 35 -74 -56 15 -47 11
54 -37 90 -73 -5 -38 92 60 30 11 81 3 -18 -3 -100 -10 95 -19 49 95 -40 -52 -67 -29 -51 37 22 -47 -56 24 -44 -81 -67 -24 49 55 -99 36 -12 -2 28 52 -12 14 -17 82 99 -28 -40 -28 1 -12 -59 -17 -93 -69 -19 -10 76 78 76 59 34 41 -23 28 92 -29 -66 26 99 88 -95 86 -50 46 25 37 -78 84
90 30 -71 -8 12 -71 -77 -16 -16 91 35 -69 -26 87 76 -94 67 -97 19 97 -66 27 94 -70 -51 40 -19 -53 -12 -27 56 62 -26 -53 -14 67 22 -93 36 -79 8 84 -11 -22 68 -99 65 -48 67 -72 -25 -38 -83 55 15 -60 -62 -53 43 -2 -9 -37 14 -45 -44 18 -93 4 83 -68 31 -50 20 58 -31 -54 63 -84 -87 -60
97 39 15 -10 98 55 21 86 30 15 72 -91 -44 -2 -29 25 -37 -52 68 -35 83 -91 51 -73 75 5 -80 -69 31 5 -76 -58 -4 77 -29 6 31 59 9 48 42 -45 83 -7 -95 -33 31 57 13 16 -74 37 6 -34 -96 -76 46 28 -7 61 -53 64 35 47 -43 90 -76 0 -30 58 -71 -78 -58 23 -28 27 -65 -59 26 -20
40 7 47 76 -21 54 -10 -2 -3 -64 -76 -72 93 -84 -27 -75 -75 69 -71 -74 76 -67 0 -12 50 -84 -93 -15 -90 57 -51 -96 -35 16 -86 -30 28 -83 6 83 8 8 89 -76 -85 -62 -70 98 -70 -57 -46 38 44 -13 -5 -25 6 2 -24 45 29 -29 55 -41 -36 -92 12 -25 -17 -44 -57 -100 78 5 -55 41 -34 97 91 -68
-44 -17 80 58 -28 53 -12 25 -95 -8 4 46 30 -38 -8 55 -36 59 47 -92 45 -37 -15 50 -72 87 91 -97 70 -78 -65 -19 45 -34 -70 -31 -70 -53 -22 -37 29 -97 -33 91 -49 -66 40 18 15 -84 98 55 -83 49 -19 83 -33 93 8 31 83 28 38 44 51 -21 40 91 55 -20 -75 -98 8 -74 79 -10 -95 -47 -64 87
-85 -32 -11 65 41 23 -62 33 -15 -33 -82 -89 -68 56 -95 -64 -81 47 -77 39 -45 -79 86 -40 -38 -74 38 78 4 0 48 22 -47 46 57 90 23 13 -40 -86 30 30 55 32 18 38 62 91 81 -62 -95 63 -58 25 -20 -85 -99 -90 51 91 96 -10 70 -73 -63 -81 -51 11 -55 -94 80 24 -96 74 35 -85 -26 61 40 -12
-47 91 -43 -22 96 76 -17 86 16 23 71 -3 68 -47 60 57 59 98 57 42 -11 78 -79 41 -11 98 80 -26 37 6 -76 -77 39 -14 60 96 -64 -52 -64 -56 18 -79 -39 -100 10 81 -31 -82 -2 -32 54 -71 -61 66 -61 63 95 -89 -40 -5 82 8 -36 40 -6 81 40 65 47 -97 -59 75 -92 -37 -71 96 -88 -9 -90 93
-76 89 -13 -81 53 94 -17 33 76 -7 -77 -39 52 28 -65 35 -5 69 0 30 21 61 97 -50 38 -82 -73 -15 39 -13 57 87 -13 -76 16 19 -79 -55 -68 -89 -52 -33 -41 -49 -6 17 46 -84 74 89 92 -35 18 -33 57 -15 -88 -71 -44 -32 -81 -36 -19 -86 28 49 14 -89 73 92 -46 -95 41 -71 -58 15 -43 16 -9 76
-89 83 77 15 -98 -11 -89 -20 89 45 -9 3 23 -54 -89 -57 38 10 -4 34 -93 -34 -47 39 42 48 -49 32 29 -8 4 -79 42 35 58 -44 -96 54 -94 -17 83 89 -16 -45 89 -25 -95 54 99 28 90 -4 56 -80 90 89 54 36 -85 -86 66 34 5 76 90 -30 20 61 -38 -22 51 -6 -12 -74 -64 -47 -45 -47 -14 48
73 34 -64 5 -9 34 52 7 -98 76 -63 37 28 -10 -55 78 65 56 57 -64 -86 35 80 -75 -75 28 -42 -45 70 72 98 67 -86 -6 -81 -67 -78 43 -72 1 98 -39 33 -23 42 -5 -96 -51 93 -4 11 87 -31 54 -37 72 30 -94 -30 -77 -22 -19 90 -23 60 52 -34 84 -9 -61 61 24 -62 -78 -37 78 -58 -54 -46 27
23 71 98 16 -26 -74 92 -20 94 80 -59 -89 30 55 -39 -80 -65 25 54 -70 79 75 59 10 -27 -32 -96 -20 30 -6 -1 62 -10 -32 -52 -3 11 -71 -46 -57 63 -57 -18 81 -20 23 47 58 85 73 -2 39 -30 -77 90 -88 -60 11 -65 91 42 -84 -32 56 -84 -16 3 -3 30 31 -35 -30 63 63 -19 -48 -14 -91 -91 -3
-92 59 62 -21 -16 -86 19 -69 64 -62 -79 -53 -76 -88 21 -40 -25 -82 -18 16 -80 -39 37 86 47 15 -93 -53 73 88 34 99 54 88 22 87 -24 73 5 81 87 77 -100 -11 51 4 -92 5 -39 -53 14 53 41 -97 43 97 -81 80 39 20 -63 33 -26 3 -7 7 31 25 76 -56 0 -4 -95 -67 58 -49 38 75 47 73
88 55 42 78 -15 64 -82 29 -33 -86 33 58 -54 -33 -95 -3 -50 -63 -48 -6 42 30 21 -78 -96 -54 27 -29 38 -37 77 -37 -12 65 -14 18 -16 77 54 -15 -66 -20 -7 13 68 11 -28 -47 68 37 -39 59 43 59 74 -11 82 35 78 -17 35 -35 39 19 -17 10 -90 73 5 29 11 52 -51 -18 0 -67 -58 37 38 -41
45 44 -53 -85 47 16 66 76 33 89 -70 53 -43 0 -36 -31 79 25 -41 -29 -47 -63 6 0 -3 65 77 -62 -23 44 -96 -49 95 -35 -59 89 -75 77 -38 -89 -37 -92 18 -53 27 45 44 -75 38 -9 20 41 68 -64 55 -84 76 -19 -71 -91 85 -80 57 81 -77 18 87 79 55 73 -44 -98 0 -5 -53 99 79 67 -65 47
2 -5 -42 9 -74 -13 28 0 -22 -47 35 60 82 -54 -15 -19 -15 24 -94 76 -53 29 71 9 -38 -2 39 -28 -57 59 54 -24 -92 30 52 68 7 10 31 68 -23 -82 -77 -96 -49 26 0 3 57 81 -35 71 82 56 -44 40 16 -98 -75 -74 92 37 80 -98 -29 63 22 10 94 12 -73 -48 -33 -20 -71 -47 -18 87 47 12
67 61 40 26 12 27 -78 51 49 35 -50 -7 62 72 -82 98 33 -96 36 60 -92 -38 77 68 -35 -47 38 88 -3 -86 61 22 30 75 -77 28 -7 5 -23 -86 38 -68 1 -36 -68 28 -98 -11 52 -34 7 72 -62 83 31 -88 3 -72 41 -85 93 51 74 -37 83 76 47 -99 -88 39 89 85 -25 2 -90 -30 80 -6 -6 -91
5 -61 -10 -96 -59 88 -25 -3 -63 31 -22 -20 -34 -8 47 -87 -86 -8 91 -35 66 9 19 -100 44 -76 -10 32 88 -86 -46 -52 92 23 -79 42 48 48 -83 17 -25 -1 98 -78 -16 68 67 34 -69 54 80 76 -80 -86 -74 80 -92 59 -73 -25 -91 -77 -36 72 65 17 -55 40 90 28 96 -51 -92 -57 64 -84 82 21 -18 68
62 70 -20 51 -96 43 -6 23 24 -65 91 23 31 14 -94 35 59 -30 52 49 2 -20 -56 -14 -14 -88 -52 36 -99 -76 -95 -23 -46 58 74 -24 -78 -21 72 82 65 23 -6 32 46 -61 -45 36 36 66 -19 21 57 47 -11 70 7 65 -98 17 -47 72 -93 0 -23 -65 -49 68 -16 -5 -65 58 -43 67 91 91 81 -31 80 -78
2 96 9 -61 95 29 88 91 91 67 87 67 -18 18 -44 -72 49 -96 -51 -56 96 -14 -49 29 -20 -12 86 -50 2 -64 80 95 -42 28 -70 53 28 -81 24 55 80 -43 78 -14 4 -95 -19 67 10 -38 -53 18 -29 -95 -47 61 0 -22 -77 -70 -25 -71 11 34 -48 -65 15 10 -97 -35 -91 52 -35 16 28 -90 -93 -98 36 40
-10 24 73 -29 -7 32 68 33 71 4 27 -16 -95 28 66 67 55 33 -23 90 -62 6 -17 -15 25 -36 32 39 -22 96 44 47 -100 40 96 84 82 -2 48 9 -69 -93 69 -74 -33 0 -13 74 -75 9 -57 -59 -13 -61 -17 -27 93 -40 34 -91 10 40 -54 -88 -93 2 -1 36 -42 -36 78 -4 -94 -65 -39 -26 -29 -90 25 15
-64 -40 17 -28 -61 52 -27 -14 -79 -91 18 16 99 38 -80 67 -68 -89 -58 34 12 -55 -67 -76 -60 -25 63 -57 -5 5 -87 66 -15 21 15 29 -78 56 39 -25 -19 50 17 -8 -91 -15 -67 65 79 71 29 -40 -59 -18 53 0 35 91 80 -55 -7 62 53 19 56 -31 66 -47 0 -49 39 -28 32 -64 6 -67 8 -62 49 -64
76 65 45 21 -23 -30 70 16 -26 20 92 27 -85 -87 -28 -85 -84 -76 73 -48 4 98 52 -7 20 54 74 -96 35 -96 -3 97 34 46 -82 57 -80 -2 49 12 60 -94 -7 -65 17 -19 94 -56 23 -59 -12 3 39 -87 86 38 39 5 19 31 63 20 -40 -19 19 -91 86 -92 42 -55 77 76 54 -68 -47 -20 93 -22 4 11
-49 20 -60 -24 9 3 14 51 -22 -76 51 -60 -28 77 -46 98 -51 -9 -1 -18 -17 12 -93 81 -68 91 -77 -62 -26 -23 13 5 29 35 0 -55 26 65 67 -71 5 93 -6 -75 74 60 -44 -55 -71 36 88 -17 54 95 49 -87 -42 -18 32 49 -45 -94 -39 60 -63 31 88 -20 66 -77 38 -50 79 61 46 76 -79 9 37 67
-81 59 -6 47 -32 41 -55 -27 51 46 -18 58 -59 -84 -47 98 -21 -69 -67 51 -55 -81 13 -93 10 -10 -15 -81 32 19 -3 23 95 84 99 -90 77 91 67 -50 12 27 -73 35 68 -16 -84 -82 75 60 -58 61 -18 -8 -53 -55 28 48 2 8 64 -22 -3 -12 88 -88 -99 -92 -99 12 -26 -94 2 -84 -5 53 47 -90 42 71
32 -11 35 42 98 68 13 86 -50 42 66 -34 -54 -65 -76 -44 51 79 -56 42 -73 -75 -6 -5 27 -95 25 16 88 -51 52 -9 11 60 -91 -70 85 -68 85 -60 80 21 -48 81 36 90 -70 -34 -48 0 -22 78 -83 -91 79 79 -81 -69 -31 29 -27 85 -7 -43 60 -79 -30 -44 71 -9 97 -7 74 41 -12 -63 70 3 -72 -94
-49 -4 -99 -86 -99 -99 45 40 -40 -30 -77 -6 -81 23 41 1 -21 -67 77 18 87 -90 -20 87 -93 -35 -25 54 18 24 -11 16 56 58 57 12 -24 -3 -99 -60 20 -27 96 -55 46 91 -100 67 55 24 -77 -53 -33 -88 -13 -91 76 -71 -9 16 -82 -4 49 16 98 -77 -68 6 46 12 -49 -75 -11 -3 7 48 -86 -24 -29 -13
-6 1 54 40 -19 -90 40 27 -2 46 30 39 11 -51 4 42 95 -33 -8 22 -18 -78 -39 90 73 -94 -80 -95 -85 23 45 1 90 41 -11 23 2 -57 50 -8 39 68 -4 -61 -55 -93 79 46 13 37 -19 22 -6 -39 -75 11 -64 -61 44 -53 -56 63 11 5 56 0 96 57 -58 4 26 -58 55 18 -64 -36 0 16 25 -4
3477