70 70
-36 81 -26 27 62 -29 1 17 80 -100 97 -17 0 -40 73 -46 95 38 32 61 -45 -19 -58 -90 -65 77 39 -83 -39 45 7 -30 -91 -31 71 14 -96 -82 -41 45 16 -23 69 -29 26 -20 -75 29 -45 91 25 -87 75 63 -54 24 -25 96 -88 -46 6 8 -74 91 -1 5 -94 -67 81 -73
60 70 -6 28 -100 59 -68 -48 -95 46 -67 57 -9 -100 54 -78 9 33 -50 29 -16 24 -72 -17 -38 -98 26 -97 -2 15 -1 -89 -41 -53 72 78 -25 -70 62 68 78 13 35 -32 -69 -17 34 79 -46 -12 -20 6 63 24 61 50 -70 -21 -50 45 28 -20 44 -36 -79 44 -64 -10 29 93
-87 64 76 10 71 23 37 81 -87 -90 -50 -58 -47 89 86 -55 -42 -24 55 -85 27 16 -37 -83 -50 6 81 74 -60 30 -73 86 27 -29 -22 -98 48 -40 52 -22 97 -90 5 65 54 79 -59 -29 -44 50 33 -91 81 72 -4 -63 39 -57 -48 -4 -29 -68 21 76 -3 -33 1 -39 5 -15
16 50 -84 25 -34 4 -31 79 11 -49 37 -87 -65 -94 -31 5 -90 16 -58 -35 85 10 45 1 54 -9 0 -46 -64 -63 80 75 59 -94 9 -75 90 -17 -85 -37 1 60 35 -45 -95 -72 -23 -26 -54 91 -94 49 41 -35 -23 13 -5 88 90 -52 16 -40 -56 -58 98 10 0 -5 -96 -61
-92 73 -25 66 -4 24 96 -87 26 12 -64 -8 -99 59 52 19 -47 -56 99 14 -59 95 -88 69 -99 -62 -88 24 -39 43 81 -81 -35 91 84 2 -46 -78 36 -27 -99 88 -33 -54 70 -21 -75 -57 20 10 -50 -15 -56 50 -63 -47 -49 46 67 -26 -53 -3 -36 83 -36 95 72 27 19 31
-12 -70 -80 71 -80 38 77 81 -92 -50 90 -6 22 -94 98 92 -53 -61 30 -76 -13 75 96 -64 -62 -32 -13 -27 44 -3 89 -7 97 90 69 68 -70 54 34 84 -77 2 11 17 9 79 29 22 -99 3 -30 -70 -79 -24 -73 94 -37 -11 -23 15 88 25 -61 -2 75 -67 -5 -42 -42 1
-99 -99 -1 34 -40 -65 -33 35 0 -8 -64 65 3 25 -59 -85 -23 -11 -98 -94 13 11 -45 -42 97 94 -55 17 -55 52 -45 -80 22 28 -61 -2 15 44 -95 -37 99 74 91 -42 -38 9 78 -1 28 62 -37 -8 73 59 86 -68 -61 11 35 -88 -31 -65 -70 9 54 81 21 87 17 72
95 -15 -42 91 -81 -79 -59 81 -84 -47 -55 -96 -4 62 -36 53 8 -53 -79 36 50 1 -54 -73 -54 30 -61 28 93 -28 -58 18 -40 -20 -7 -75 43 -22 37 83 -63 -93 80 29 -50 12 62 -70 -54 68 19 -96 -34 45 -12 84 -36 7 -34 -76 -84 6 -1 20 -84 -75 68 38 -8 -6
11 53 -93 -20 -38 35 60 -54 7 -7 44 -18 -15 -24 -98 -53 71 -2 -40 91 8 -85 -78 -85 26 84 -27 -78 63 15 6 -88 -43 -96 50 52 37 76 -76 17 -97 52 69 74 27 28 83 -77 -61 -68 -59 58 -81 -9 -18 -27 -71 51 -8 5 42 -72 -36 -12 -99 -52 -49 36 3 54
86 -80 -10 49 -19 -9 -70 92 -60 -67 0 -48 -100 84 69 -63 -55 -100 10 0 64 -98 14 32 82 23 33 -64 49 67 2 -39 -69 -72 4 65 -67 -27 -36 -49 -86 -46 62 -8 -44 -63 -24 -48 -38 22 -57 -19 99 -36 41 73 25 -8 -53 -10 9 -55 -4 -57 -85 -40 81 84 -3 -12
-86 -58 53 65 -35 -76 86 50 10 94 98 -19 -73 -56 1 -57 -68 81 57 55 -38 -68 -81 -1 -41 30 5 80 -43 26 -28 69 13 90 -92 -69 -51 -42 90 -89 -14 1 -80 64 98 -54 -69 -17 80 73 -79 77 -67 -45 58 -84 -83 -24 -62 -72 33 -54 -53 39 11 -63 -89 -10 -49 5
22 -58 71 3 37 -64 87 11 73 -43 -77 17 98 73 -50 -45 27 48 -91 -53 -39 25 -93 6 34 18 -26 -21 95 28 73 -88 69 89 -21 -22 65 68 64 67 34 32 -49 73 12 -69 -36 -100 -47 -61 -41 -64 -5 34 44 -100 -96 23 -52 34 4 -91 53 64 -35 95 -59 -74 -37 84
-44 10 79 -64 -61 80 -10 -13 95 -74 21 -2 -61 -82 -1 99 77 29 -51 60 63 36 21 8 25 -19 -25 33 69 -63 28 80 -37 -57 -1 93 -98 -65 -96 90 -73 -64 71 24 1 -73 -90 -59 -99 -39 90 36 30 11 -29 -60 55 55 18 -34 59 49 -37 1 13 35 -61 56 82 23
99 31 -92 -93 70 82 49 -23 -65 23 11 -33 -33 -84 -87 -3 86 -92 77 45 71 22 55 56 17 -34 35 94 -30 -95 62 -90 -73 -21 23 -49 -30 27 67 37 92 89 -31 25 -21 62 -16 58 69 -51 -11 17 -99 89 49 36 -59 -24 -13 96 -11 46 10 52 -21 -51 -50 84 -12 -53
23 -69 34 -36 -66 77 -49 -7 -61 44 0 89 54 1 -99 -16 50 -10 64 -26 -2 89 44 49 -58 91 88 -67 -62 89 60 -78 -99 67 -5 -89 65 -60 -6 62 18 -78 0 55 -64 -98 87 -14 16 69 17 16 92 88 14 -87 58 89 30 3 -69 56 -55 -71 -66 77 79 74 -12 -34
-51 -20 -91 -21 29 -40 -37 -8 -70 0 52 -53 -22 -98 94 46 -36 63 38 -73 -85 8 42 -25 -36 -65 32 72 -3 45 -74 -93 -57 19 20 24 54 -77 94 14 94 -8 15 14 -72 -55 58 20 -51 -15 -54 5 2 75 13 39 -75 -60 29 -43 70 25 -33 -46 -39 -53 39 -15 52 80
60 82 68 28 -25 -17 -11 32 42 -33 -46 -71 63 -53 17 -92 54 16 58 73 35 20 -78 -43 -33 36 -53 29 -98 -90 38 72 82 10 -4 -4 86 -82 25 67 -36 -14 82 39 -53 25 65 92 -60 2 -42 -83 12 69 88 34 78 18 68 -80 -70 -2 -99 89 -15 -49 13 -18 50 -93
-93 -37 -86 -60 62 -14 -57 -2 -79 -46 78 4 -97 -8 -98 32 8 -10 -11 -70 -19 -28 -79 -62 73 -67 -39 25 80 -100 85 -83 -52 -58 75 -4 46 34 12 -84 2 -98 -26 -41 30 -93 67 -44 -100 -28 82 76 -67 34 28 3 57 -84 -70 -40 45 -75 -42 -26 -36 -57 -1 -5 -87 47
-40 -55 67 -16 99 -53 -30 69 -86 11 81 -63 -58 98 -35 81 84 -81 -3 61 -51 -53 83 26 84 -44 -86 43 69 -55 95 -54 45 69 -51 33 -75 -88 -92 -90 -70 -85 -14 23 -46 -62 -28 81 -65 -2 46 -32 -32 -12 58 34 97 -40 -66 36 -65 22 17 50 73 98 -49 88 -12 38
-13 95 93 -92 -84 -91 -4 -91 75 35 15 10 -68 85 -92 81 59 -91 -92 -30 -39 25 76 41 63 -97 -98 23 -78 -66 88 77 40 -58 -46 -80 82 -77 85 59 18 -34 3 -63 54 69 -78 -69 -34 -28 13 89 -53 59 76 -12 -96 -55 99 -77 14 2 -71 84 -6 -58 -15 62 2 2
-34 -92 0 -70 59 21 85 -9 24 -55 -86 69 60 7 43 -71 -89 -19 37 -87 -49 -1 90 -100 -25 52 -38 36 -62 -99 68 -7 86 -88 -50 -56 94 20 41 -37 32 -99 32 -85 73 34 82 75 62 45 -50 -65 28 67 -49 -20 58 77 -48 2 -51 -42 -87 24 20 94 -53 -49 -98 78
-23 -55 -39 13 -65 -21 -4 99 63 -55 -97 -28 -14 -63 81 -65 -28 43 -22 23 -77 -25 3 -63 -55 -1 -86 -49 0 55 26 29 -11 42 91 -37 0 95 -11 18 99 -100 -21 -38 81 -63 -58 26 -30 96 63 26 -100 51 -70 -34 75 71 -57 -85 4 56 90 -8 46 -66 -67 37 59 -10
-75 94 -26 -21 -70 -90 28 -82 -5 54 0 60 -22 21 58 23 -85 -44 -40 32 -85 -14 16 19 -34 -98 28 -53 1 59 -65 88 26 49 -89 -34 -67 89 43 -80 -96 81 63 -99 81 -47 -2 -54 87 -27 -73 -80 -98 36 -21 31 78 -48 -50 -45 6 55 -60 -26 -67 25 78 -10 58 -29
-67 48 -19 60 94 -3 -66 -2 15 -68 60 -65 -87 89 -56 -95 30 45 -69 54 5 5 -76 88 -53 -41 -1 -49 13 -78 -21 -68 -5 -99 91 -73 -25 4 95 4 22 94 -37 -53 62 34 -87 -64 -39 -29 11 72 -8 -6 -37 -11 84 83 94 43 97 -86 -2 -84 53 40 -24 41 55 -48
-10 -13 -5 -33 -59 -31 -11 60 -55 -54 91 19 -81 21 -16 24 -36 -73 -98 83 4 -67 -83 31 21 -93 81 -17 -3 -20 64 -45 9 66 -3 -81 -47 -23 -82 53 -56 15 -75 -43 -24 6 61 81 -99 -58 -22 22 64 77 -34 -88 -17 88 -78 -83 99 38 34 68 42 2 -52 -89 -26 -30
82 -89 -90 -33 62 16 -20 20 78 29 79 73 -88 -76 89 50 -17 -91 -84 -84 30 -17 72 0 -60 28 -56 52 -71 -2 -2 -3 -79 42 -20 -79 -9 20 -83 69 -37 -61 -30 34 -73 -90 81 77 -26 55 -44 47 94 23 -10 -62 31 -22 35 46 -92 -36 64 98 -54 -36 -16 39 -9 89
81 17 85 -37 -57 71 71 27 87 -58 -77 -12 -34 -55 -15 3 -93 -28 -69 -90 35 16 13 -46 60 -39 78 -57 -12 -17 -33 39 90 82 20 -3 -100 -63 49 51 3 77 55 -33 -52 -95 -96 86 33 45 -33 -7 -72 68 58 7 -6 66 44 -13 22 -46 79 79 38 -2 -49 18 -21 -16
93 86 77 1 34 -83 29 -71 -94 61 -49 54 43 73 34 -64 22 59 50 -60 13 -50 -16 -48 -90 -87 71 -9 71 9 42 4 -14 -35 -99 -44 -69 -80 74 87 -96 -86 -67 16 72 -24 1 -67 -33 -26 -68 1 -39 98 -32 16 36 -93 84 99 76 34 27 -75 73 15 -45 68 59 -73
41 20 -63 92 -70 65 6 38 77 35 -51 41 24 -81 -65 -57 -96 -44 59 55 53 -14 37 38 61 74 89 -43 -1 82 -62 -62 27 72 -2 36 -56 -79 68 74 46 26 50 -53 30 15 -40 35 -17 82 32 -20 2 -66 2 -61 -57 20 59 -27 -95 -2 -74 66 24 -46 39 81 -74 -70
27 44 53 90 3 -27 30 33 67 -88 -36 11 70 -69 -93 46 -76 -28 -29 67 -1 -54 34 -64 -38 30 57 52 3 59 -28 50 -45 -84 -24 -86 -61 93 57 68 25 -51 73 -41 -21 -13 -8 41 -69 -58 -96 -81 -20 9 24 -33 -84 -33 -84 -84 -78 -6 98 98 66 43 -72 -77 -25 45
93 -62 49 -29 -67 13 -49 20 -39 -72 22 -93 38 -80 66 68 -36 85 -27 51 58 -29 22 -57 1 42 83 16 -82 45 -46 61 -69 41 -12 -55 32 -65 -93 -2 -98 67 6 34 -3 -51 -53 50 -41 32 -12 -92 -60 41 -51 -47 -73 34 -100 75 56 -88 74 99 -12 2 -95 15 26 -53
-9 18 88 42 34 -68 -91 87 -36 -21 -73 9 25 74 -87 -10 7 1 69 50 22 69 -16 -44 -41 17 22 93 65 5 35 50 34 71 -99 -84 27 23 -2 54 56 40 6 -1 22 59 32 49 93 -43 -60 17 56 61 -59 80 90 95 11 -23 44 52 -20 76 -3 -91 78 -54 -15 -90
-47 -94 -20 48 -53 76 89 89 83 20 94 23 -70 81 -13 -45 -65 -74 -93 43 -86 -64 89 67 43 -39 23 45 4 5 75 70 -4 67 -45 75 -51 94 -22 99 49 -27 51 -41 16 -24 -26 72 -99 36 1 -97 -62 -64 57 11 -23 -87 57 54 -91 19 -23 -7 48 65 -13 -7 62 -2
82 -30 -86 53 68 19 23 22 82 -62 -87 -77 29 74 -59 98 75 50 63 -93 90 40 11 68 76 -18 -2 -69 -28 67 -83 -12 -31 61 93 68 -32 -75 54 -75 -18 -4 74 -30 -2 85 -38 62 16 2 51 24 11 36 4 18 -100 -19 -4 34 -65 88 -38 -88 -90 -60 36 33 0 85
-68 -20 -77 -37 16 -69 77 -9 89 -76 23 59 55 -56 -68 65 -30 -45 48 -49 27 -90 -12 -55 -75 74 -79 -9 22 -34 35 41 -5 -70 25 -63 43 92 89 -88 26 27 -87 -45 -47 -77 84 -17 4 -47 -39 59 76 -33 66 53 -82 97 92 39 -68 -79 -94 -5 -70 8 47 93 -13 -18
84 -40 93 -91 14 -92 27 -87 -5 7 50 -30 55 -47 -74 -52 -70 20 69 -42 -84 -77 -60 -45 -36 42 -63 -66 -74 -49 80 -39 99 -24 58 -16 -43 78 51 73 -85 -88 68 -18 49 -6 56 -65 -69 54 -46 -47 -68 92 -73 28 -78 -25 -64 12 69 8 -13 61 32 31 -95 29 -18 -97
-29 -100 81 -62 65 -41 39 -52 -52 -58 78 -12 -35 98 -86 -95 -99 35 -84 -87 -42 -31 29 -25 -30 50 3 54 35 35 -29 33 -38 58 -40 85 36 84 66 34 49 58 -29 -83 -89 -71 14 -30 39 -54 -63 -96 54 15 93 -27 -74 -33 -77 3 94 -52 9 -37 32 -85 38 -86 50 28
-30 9 71 -29 97 -38 78 -67 25 -65 11 -73 34 -12 21 -52 -74 64 -16 85 -39 33 -85 -34 27 -2 21 -25 59 16 -100 16 70 -85 22 8 -96 41 -93 56 -21 -71 26 19 -50 38 -28 -47 -33 -38 -98 -84 -92 93 11 43 95 57 33 45 -72 -24 -46 -8 -9 31 14 -69 -70 68
87 56 -53 -73 -43 -2 46 53 3 -98 -39 -77 -94 -60 13 57 76 49 53 -100 76 71 69 -96 -100 -12 -68 54 23 -62 36 83 -48 -82 -22 -55 -93 8 -87 58 26 50 28 -23 -78 -91 52 -68 24 8 86 -97 -82 -69 33 42 42 19 -34 55 -79 -34 41 52 56 74 23 48 11 0
96 75 2 -89 95 38 40 -58 -80 -50 45 34 -46 51 63 -22 28 94 -3 -42 -91 50 -84 87 54 9 -66 11 -21 74 7 24 -69 -46 -95 11 27 -70 83 -71 -94 -97 85 -10 -48 39 79 -5 -80 -78 99 94 -88 71 81 -59 -58 -55 1 74 -19 -22 30 -98 -23 7 -71 -97 -65 83
-61 -36 -79 -16 -33 59 -80 75 -33 -24 -5 -48 30 -95 71 23 -82 7 63 77 59 88 38 -11 -24 27 -14 -96 -56 91 -68 -53 95 -24 69 9 -37 -86 -60 48 -75 -57 -99 -96 -44 -17 -45 57 -100 -33 97 -44 19 67 -98 -83 -52 -9 -33 15 -88 95 42 -55 -63 -35 -24 -80 65 11
-38 21 -13 -71 -25 24 -9 18 -92 37 28 -29 -82 22 49 11 92 81 -92 25 -16 68 -1 26 -40 46 -48 66 -40 95 -23 93 82 2 15 -34 -24 58 -34 40 -55 4 36 -60 51 -52 -75 42 -23 -54 56 99 61 85 63 -19 -42 -40 -76 -48 61 -35 50 58 -99 80 75 22 58 -58
89 75 91 77 -74 65 -46 -36 -57 30 60 55 86 -85 -92 20 39 9 13 18 -98 0 -56 -5 -41 56 -6 86 -75 -31 26 42 -9 97 -22 88 96 -28 35 33 47 73 54 96 -41 -86 0 -48 47 76 77 -47 -100 -80 33 -25 53 88 -22 -36 63 -18 82 -48 -86 34 77 78 12 59
62 8 -35 -87 78 -99 3 40 63 90 -81 -26 -59 47 -33 -40 39 60 -35 -54 77 3 80 -25 82 -73 17 -96 68 -66 -95 -40 25 -61 -31 -49 93 -17 10 4 -87 -31 7 -23 -26 59 -49 -94 35 -73 -89 38 -14 34 -96 -6 73 -48 -60 74 -96 88 -65 -23 -57 -95 19 -62 66 61
-59 24 63 85 -25 11 47 93 -3 12 12 -46 59 60 -22 -63 -10 56 -8 -63 75 31 -55 84 -66 -18 54 -22 -12 -84 -26 71 50 -46 -87 -34 71 61 9 -34 15 72 -77 76 90 59 -36 1 -4 -16 -97 -11 94 -48 94 43 94 -47 55 -73 -70 -93 -71 -10 -38 -85 -18 -67 -73 -73
-52 5 -17 76 -89 93 -70 -28 97 -8 -87 4 -11 9 -82 29 24 -36 7 0 33 47 -17 -8 90 9 -2 99 23 33 87 -71 -41 -86 43 56 9 -34 29 55 -63 25 93 -62 -6 -73 49 -90 -82 -8 1 -91 -68 -6 1 67 -14 96 -19 -30 -28 11 47 43 -21 78 37 -18 72 46
-55 -52 51 -79 -7 -45 -80 -66 8 -70 1 -50 -68 62 90 89 -46 20 88 -4 94 -41 -76 -31 -16 60 -17 56 -61 21 -51 85 24 -21 79 50 -5 -81 -12 14 -36 74 1 70 24 -84 65 11 24 18 -27 68 59 36 31 77 56 30 -44 56 87 -52 -88 60 89 -37 70 59 20 -98
49 16 -69 87 -11 32 -67 94 73 0 -19 23 -71 80 59 -97 6 -73 -95 -17 57 31 88 -28 -80 42 83 -66 80 4 84 7 -60 -53 79 23 45 61 -20 94 -77 -71 72 -23 10 -87 -90 -31 49 -91 89 -24 -17 -60 78 -27 62 -33 96 -54 4 -42 4 -52 -8 -89 86 66 -14 -12
83 -22 79 93 -39 -23 -77 -75 -36 -87 -17 73 -86 -88 -59 -41 -39 -65 -87 -5 -65 40 -85 32 -38 35 91 -27 -14 -86 -92 29 -36 -85 28 52 64 7 2 55 -35 49 25 99 35 -47 76 72 -63 41 42 -49 -80 -25 21 -46 72 85 13 92 89 85 74 9 5 41 18 94 77 2
0 -52 97 -73 14 -7 -45 -23 44 -56 -58 -83 -95 -14 -45 33 9 61 -20 50 95 -12 93 -11 93 95 -8 -68 51 68 -24 -76 68 -34 -96 37 47 -75 -4 17 4 -50 -24 -47 -83 13 -72 12 -33 -32 32 -15 -39 14 -59 48 -19 -97 -93 -36 20 -83 57 43 71 12 -70 65 43 22
93 25 93 11 -97 78 -50 39 71 33 0 35 -61 -84 -6 -24 25 -26 25 58 64 -16 -88 -86 -72 -40 -56 70 87 -93 83 45 62 73 -82 21 -45 -45 69 0 -96 0 44 -65 76 -63 67 -51 89 -31 -79 31 46 41 -67 58 -51 -45 32 -67 -49 93 -1 -87 71 -48 64 -74 29 90
-6 -40 60 9 -86 83 21 81 43 98 -43 48 6 -98 29 23 83 77 -72 -69 -49 40 -69 -10 -82 -62 -32 -24 -14 14 19 -15 68 -88 -47 4 99 7 -19 -52 11 -79 -99 50 -8 31 60 18 51 27 -46 -22 60 -56 33 -35 57 96 17 7 -51 -84 54 82 28 -25 80 16 -74 -21
-4 -22 83 -63 -87 0 94 59 -83 -78 85 93 97 38 -9 35 -69 59 23 28 34 -2 24 -24 95 59 98 -35 58 -2 -68 -48 -62 74 -6 66 -39 42 73 33 -25 -74 -80 -14 -17 -96 17 -77 63 48 -87 61 -21 85 -76 82 -100 61 93 91 77 54 92 53 79 85 -64 -11 -66 8
-40 82 -21 31 21 82 10 -40 -14 -40 -33 76 14 92 -67 59 -63 34 63 39 21 -8 -13 -88 -9 59 -77 -45 94 -23 -66 -87 -4 77 -1 -59 -29 -18 -100 6 49 72 -55 94 -25 7 86 66 -82 -55 71 83 -53 -100 10 -20 21 17 6 68 76 -65 -22 30 61 -30 44 -40 -53 -51
19 98 -97 69 -65 -81 -5 24 -17 -32 -28 71 -85 47 -41 -24 -76 57 77 -73 97 -88 -87 -43 3 48 42 -79 -14 -72 -52 -25 -79 75 84 38 -64 40 -29 87 81 14 -94 -22 -83 92 -32 43 88 -40 -32 -3 -6 -57 -74 37 87 77 67 -93 97 92 -33 12 -99 66 -1 -60 -84 15
-81 34 -78 76 33 -52 -36 -86 -57 -51 -58 -7 -27 12 66 -80 -37 95 0 13 -95 -57 -54 -34 -84 77 -57 -49 32 86 -93 36 14 99 28 10 -87 68 8 -55 11 -57 -27 -84 77 3 10 -60 -41 -55 20 74 -100 93 35 -100 2 -22 -57 98 40 28 -27 -95 -79 -86 38 -9 -95 11
-31 88 -43 95 87 -31 -25 -86 24 67 42 -35 77 26 35 -34 -34 15 -15 -15 -19 59 23 -2 -22 20 63 -67 39 -83 49 88 31 -15 20 -24 -93 -16 36 98 38 -27 -35 90 50 63 -33 81 73 -97 -77 -36 17 41 84 5 18 -81 -47 -26 1 34 -46 91 10 74 33 79 65 -24
68 -14 -54 -6 0 -79 99 23 -72 -66 22 -77 53 42 -37 37 -32 72 21 8 95 52 43 47 -60 -44 -78 68 20 -2 18 82 54 90 78 73 82 17 -64 -30 -43 -98 44 -27 50 75 -21 95 -70 64 -53 -1 -16 -24 -35 75 -34 -100 48 -17 -76 84 28 -74 51 99 -7 -45 68 2
16 -14 30 -96 -29 19 0 -88 73 79 -37 -77 -76 70 4 -87 -49 64 97 -54 34 -30 -14 -15 80 -84 -78 43 83 56 69 -75 -82 6 -28 -60 -38 -2 55 32 37 -91 67 -92 -23 -61 -68 -73 33 -28 -60 -66 -7 -81 29 -90 -26 -53 -28 37 -28 -8 -74 64 95 85 7 18 51 -18
-80 -60 -24 56 -15 -16 -72 -8 -32 -22 59 16 -56 -87 -98 52 -58 -38 23 37 80 -34 83 19 -1 93 -12 96 38 -37 61 -54 59 -30 -88 82 -3 -71 35 51 -33 -45 -75 -4 -3 74 39 -70 -68 5 57 -48 31 -64 42 -8 7 -52 -83 -65 -62 70 88 -28 -73 52 -17 -39 -71 -98
-16 -59 -54 -63 80 0 -6 25 14 -15 32 -32 -10 -19 -16 -46 1 9 -74 -12 -46 82 58 -12 -12 74 -99 -22 43 62 42 -33 33 -75 8 68 82 68 -96 -17 65 48 66 -30 -20 -100 76 -51 14 -36 -43 -27 83 72 87 36 -79 5 -84 -70 94 0 75 -60 -100 37 50 21 -92 95
70 -93 -30 -39 -87 -5 -27 36 -21 -49 66 26 92 55 41 90 89 -18 -24 53 -67 -10 86 81 -30 46 -29 43 -8 -5 87 27 76 5 0 -6 13 -12 -41 71 -92 -22 77 -37 10 -53 10 -87 -65 -62 -25 42 -33 -66 21 63 15 85 29 48 41 -81 57 -2 -84 94 58 -76 -72 52
-52 -29 -80 86 31 -18 -48 -8 24 99 -31 -71 39 67 27 96 -86 -45 35 71 26 28 -99 79 12 -39 52 5 18 31 -25 -45 -69 25 -58 10 -23 60 14 -42 97 -8 -56 -46 89 -39 -23 -90 -3 -43 29 -2 -22 -41 62 61 54 -45 -76 10 15 -69 -99 -38 12 73 47 -34 97 -90
-54 78 -73 -70 52 29 43 -75 -96 -1 -50 85 7 1 -3 25 73 -56 -23 -58 13 61 17 -25 -97 -8 79 75 10 -54 -95 -86 31 79 -39 95 28 43 87 61 56 52 68 75 14 -71 99 41 41 -31 -52 32 39 -9 -8 -11 8 -35 -28 -90 -16 55 47 56 99 -87 -42 -71 -87 99
3 9 35 52 66 -50 -27 -59 28 -72 27 -97 86 58 -71 71 -28 -37 62 -39 -93 -20 -71 -92 69 -38 -89 -36 32 22 -13 45 9 83 -97 7 69 55 -55 -91 64 -58 -46 10 -71 -60 19 -42 -74 58 73 21 -12 -29 -92 97 82 54 82 9 -90 54 73 74 -48 -39 -92 -43 -82 -82
69 81 -17 -53 -68 -53 60 -50 -49 -85 -52 42 -29 48 -1 -12 -71 94 29 30 53 87 64 -77 -69 89 79 92 -5 -65 -59 -45 87 -14 -71 -65 -71 1 47 -89 75 -82 -97 -54 73 -29 -28 22 73 84 -80 -16 -81 31 22 -84 2 -30 -96 -68 27 4 -22 70 15 95 -89 41 -61 20
-30 -63 79 87 -81 12 94 -84 -76 -77 -4 -6 -38 21 -63 -96 88 -32 94 46 -62 -31 29 -84 54 -50 14 -8 -33 3 -89 12 29 90 -36 23 -75 78 -1 37 -83 -47 58 97 -5 76 50 -6 -82 72 -42 -13 -75 -5 81 -40 71 5 -84 6 -29 91 -49 -86 -32 91 65 69 47 57
-17 -50 32 34 -7 -24 91 -41 -5 85 -47 -28 19 12 9 73 86 79 -82 -71 24 -56 -71 82 59 93 -12 76 31 -55 47 29 60 29 -2 -100 -52 -73 90 12 -36 26 -57 -68 44 78 30 37 5 81 -100 -29 -77 22 -53 -81 -45 -27 -73 68 78 -12 12 10 70 -52 94 79 -63 -42
-40 -84 -92 88 -7 -97 -94 59 -68 53 -75 -65 -32 67 -4 -63 23 -44 -82 -21 50 13 -99 -59 69 55 46 -61 -89 -19 -79 54 -27 23 68 -24 -80 22 84 74 19 -6 23 -96 89 -64 -60 64 -1 39 84 -42 -34 -27 -99 92 -60 21 -92 -40 59 5 -5 -90 -38 85 75 -48 90 -86
36 -85 -36 35 -38 12 81 19 -78 -45 -62 -39 14 23 65 -67 85 -55 -88 68 -33 37 97 -66 -1 71 61 -43 18 74 88 -79 -49 -41 5 -46 -97 -52 -89 13 87 -93 8 10 92 44 -11 29 70 77 9 -76 -72 -47 64 -95 47 -81 71 1 -24 -3 11 -29 -65 -11 79 -67 -74 -9
3791