6
155
7763 6531 938 9153 9271 3170 5448 3312 7227 4100 6766 8962 1420 4222 806 2071 9191 3406 9306 9954 4632 6585 6216 9812 8741 5315 7128 5851 3884 2879 990 2011 6906 3576 5548 2555 4254 6303 7641 8627 2990 9062 6839 869 2136 8957 1394 2826 7611 6634 2869 7998 7959 638 4849 4191 6002 5878 6272 1857 8365 2591 3991 6262 3702 7854 2971 4604 5424 30 8277 87 5280 4027 9848 6833 392 4703 6530 8879 985 3979 8226 2070 4964 6681 5225 1453 3667 8063 356 6389 9382 3415 3641 1687 6384 3932 7695 5564 7411 343 9267 9075 3672 1227 57 9486 3716 1982 1151 2542 8424 3529 2072 5361 7656 2418 3496 9640 1342 8472 539 1390 1615 126 9963 9174 7710 652 2466 5396 6832 8354 5468 1983 576 8862 5520 1157 5012 896 7601 512 4640 3804 5968 1831 7257 672 453 4568 4236 9671 3470
29
173 232 125 90 220 46 184 149 151 283 162 207 288 31 172 16 269 4 270 231 123 277 100 158 61 272 17 261 263
991
622 269 124 504 977 596 458 304 714 141 239 546 145 52 53 904 941 879 807 896 416 634 194 179 576 445 966 558 415 259 235 370 74 198 985 315 43 646 746 144 39 618 423 580 564 118 30 914 80 238 849 830 873 18 86 866 481 615 427 400 954 166 976 588 290 26 258 220 234 654 217 835 886 534 708 37 509 31 557 69 242 72 488 354 531 684 923 688 824 116 364 248 735 154 50 221 792 536 498 802 174 809 426 679 929 107 189 766 530 983 467 936 969 939 744 737 173 834 9 733 199 565 719 817 108 900 515 71 222 468 666 335 2 126 987 361 85 473 723 224 569 805 775 3 858 953 59 472 636 604 648 6 349 767 111 233 21 13 153 148 938 510 787 348 139 55 756 1 284 288 956 911 777 764 783 298 948 831 988 521 325 64 486 661 312 579 375 236 619 447 117 8 465 418 302 613 186 494 191 51 506 781 675 419 680 707 181 902 611 845 999 332 676 120 973 950 687 134 607 518 606 338 940 363 446 286 261 747 379 946 543 266 595 17 533 921 143 701 44 137 192 927 295 372 585 87 35 922 560 250 635 794 28 278 406 906 631 306 263 229 216 609 541 593 360 663 629 489 742 554 136 424 812 779 549 164 487 270 837 130 710 804 853 293 538 425 350 457 109 803 918 650 683 305 800 260 826 389 877 972 878 678 313 322 577 656 351 82 297 547 975 501 686 943 935 271 1000 754 984 898 421 212 628 711 556 715 393 889 523 692 140 451 974 480 808 662 357 632 213 244 376 336 441 846 490 724 798 575 986 731 102 931 698 105 637 460 110 48 725 909 499 68 740 633 571 640 743 836 129 890 602 429 597 535 461 283 456 383 712 101 655 208 99 994 665 545 827 46 774 287 612 218 847 444 872 437 463 625 157 916 255 610 892 537 562 856 320 814 540 12 371 875 716 175 885 7 187 307 453 227 404 699 440 321 624 443 448 822 658 20 788 344 422 529 586 713 311 581 567 114 789 525 177 825 342 888 497 511 215 757 664 369 398 359 331 333 811 240 204 963 188 544 225 608 169 158 667 671 582 183 38 790 685 993 142 869 908 27 920 989 741 45 135 552 548 690 861 392 264 915 485 574 951 752 316 329 979 92 682 859 851 959 438 513 90 431 386 243 903 642 590 439 409 309 138 517 434 566 928 500 568 296 965 957 960 745 479 388 14 796 778 868 899 844 4 755 276 857 672 411 555 838 152 196 919 123 863 651 477 34 200 476 967 697 907 776 765 717 970 884 961 32 36 996 381 748 691 603 211 617 399 841 91 49 623 573 786 42 403 89 669 318 401 232 300 275 730 620 887 265 852 323 223 195 592 706 149 729 15 614 644 997 709 435 491 10 912 272 327 79 347 281 493 991 551 815 821 277 151 616 301 484 968 816 749 759 981 772 83 895 998 982 397 934 925 832 97 29 131 452 346 40 96 408 818 339 475 214 47 732 73 226 410 621 285 230 793 702 638 162 469 95 433 876 262 874 659 81 61 251 570 519 185 413 553 587 584 417 420 391 718 11 561 649 340 728 317 599 770 16 704 891 176 947 860 695 328 768 771 254 761 93 203 147 202 503 228 681 65 356 190 910 247 905 542 180 992 70 738 466 883 299 172 828 119 791 245 739 780 810 520 720 450 572 57 432 24 62 63 75 964 901 367 736 840 314 660 464 850 932 171 944 926 267 252 378 864 402 161 842 962 308 949 881 246 769 700 341 880 871 753 355 455 865 132 627 734 512 958 782 980 995 626 231 578 854 797 495 77 689 693 41 674 721 84 112 937 368 150 594 365 526 750 268 454 813 165 113 106 630 652 377 785 705 657 219 127 848 670 894 978 352 722 201 249 505 647 801 668 310 193 559 274 601 5 442 527 696 125 256 412 862 384 407 820 78 470 394 60 882 280 474 395 209 88 677 128 539 430 353 326 528 516 121 641 727 184 990 241 334 22 639 56 524 471 343 773 273 917 374 532 100 496 945 795 337 168 694 25 382 462 182 289 930 550 170 33 210 294 291 396 483 362 178 867 103 94 653 324 237 345 292 843 253 833 703 54 282 605 449 385 502 206 358 478 751 156 971 482 405 257 167 373 133 897 522 303 436 330 387 758 76 115 508 855 428 893 514 23 98 760 563 589 67 643 155 762 507 829 58 366 19 870 598 823 390 784 205 104 591 763 955 726 122 839 806 799 600 924 163 819 197 159 66 160 414 583 492 645 913 933
63
140 2 108 9 40 71 43 5 52 68 149 11 59 122 130 60 74 110 65 134 57 51 131 102 75 13 25 146 36 127 121 129 4 35 94 137 3 28 81 125 14 132 86 6 32 103 135 148 18 12 97 29 34 114 124 80 64 105 67 116 26 98 144
162
9306 2342 5641 4699 5307 3221 6308 9891 7638 8055 1363 760 8625 6908 2662 6169 8155 7061 2842 6515 529 3385 8026 3759 1668 151 776 1100 9291 5885 3020 2159 4981 3176 7324 9527 7105 8269 3469 6582 546 4040 8968 2397 6045 1187 7009 1975 5317 7401 6244 4394 8553 7020 3793 4921 300 8788 8186 9421 7000 9593 308 9736 7490 7480 1754 2277 7118 235 8040 2239 2707 9713 8747 784 5125 9051 5751 8171 794 4571 795 4514 5708 9505 7542 1737 6830 7122 9466 2746 147 6379 2128 1019 8363 5036 6349 303 9352 8690 2102 2399 5683 8969 6946 9690 1309 2592 7925 4574 5703 1342 5892 3505 5651 7278 8900 1567 8377 9819 5027 5124 2791 6488 5494 5692 9017 803 5986 8169 4585 5419 7664 2118 3609 8304 8075 1818 2862 8986 2235 6734 6623 508 231 3202 2047 6714 4998 5405 6841 2630 1540 9272 3030 9041 2797 1598 1033 2381
0

