8 2613 30
430 332 485 83 144 196 250 23
299 146 247 293 430 206 253 105
80 110 265 246 480 148 489 161
332 313 398 464 394 314 400 243
416 151 362 64 159 229 292 402
64 428 294 165 116 486 327 224
430 431 10 435 184 177 32 413
44 373 66 33 347 387 320 493
441 11 101 239 342 48 193 39
388 165 433 428 234 90 83 111
5 140 18 53 365 324 114 444
342 401 306 112 119 484 33 270
427 343 295 94 262 497 238 166
106 273 377 262 166 289 395 169
247 25 151 200 378 213 19 21
237 479 255 183 462 4 263 168
144 24 79 111 26 479 210 159
441 271 221 215 302 148 497 20
257 15 283 76 316 491 495 432
399 99 396 289 131 407 323 298
253 33 401 440 480 423 321 414
203 356 301 363 264 219 120 231
487 178 170 481 7 330 451 146
346 394 221 109 352 143 291 220
266 27 486 495 202 244 139 7
354 131 301 419 144 380 389 86
9 221 307 243 51 463 186 77
183 404 71 353 119 217 142 210
46 302 405 359 278 187 269 231
210 73 414 389 308 2 355 85
15 29 38 363 247 74 1 394
170 76 292 364 165 128 5 492
115 61 6 376 258 448 134 56
209 334 179 418 122 475 34 444
48 126 251 99 169 210 318 445
454 499 83 14 190 162 478 238
75 112 450 258 466 318 194 475
138 437 180 411 388 216 334 95
309 174 379 349 123 336 259 295
465 168 413 79 433 363 84 140
151 245 439 317 196 310 498 161
172 82 314 210 444 432 92 150
314 480 129 71 154 47 140 490
357 184 336 131 300 104 239 34
187 45 260 161 474 263 93 232
108 75 484 385 135 356 375 473
467 22 93 59 42 124 435 492
67 359 411 74 269 209 324 240
183 351 470 266 370 201 152 62
326 161 210 174 272 439 108 109
60 385 104 435 71 175 318 11
187 108 47 412 21 61 146 63
186 65 211 208 150 282 309 165
362 231 21 347 137 230 213 316
236 364 73 461 296 331 353 477
428 23 462 249 240 300 174 217
170 303 166 91 319 112 130 79
335 310 292 307 316 265 240 71
492 360 456 156 438 445 102 496
356 69 154 217 78 396 338 208
189 18 295 155 152 323 106 55
23 301 175 22 62 335 433 67
480 412 253 175 294 196 487 394
153 118 163 121 459 499 196 146
188 106 175 205 163 376 390 488
16 314 367 255 435 292 498 442
400 237 313 8 89 288 391 246
124 449 376 23 42 357 304 201
463 334 389 143 330 182 329 64
331 297 142 444 463 246 37 90
144 190 492 206 326 147 127 272
193 251 189 356 456 207 340 451
197 147 334 207 138 251 199 110
68 375 91 16 142 326 310 278
187 36 456 421 240 291 202 212
404 83 346 153 369 76 450 426
160 128 216 463 343 40 205 242
178 80 307 71 7 191 75 329
127 143 223 137 302 192 248 218
152 414 136 240 381 250 169 173
6 234 57 313 401 71 477 452
271 83 236 469 295 18 218 445
410 358 48 438 489 151 166 462
222 352 353 83 400 302 498 384
280 96 420 255 40 156 346 252
305 429 365 207 14 14 50 381
141 330 35 240 13 456 442 28
251 180 412 209 497 66 364 2
342 487 414 355 455 95 297 102
93 106 494 111 372 405 348 1
239 186 101 256 322 186 66 216
493 323 266 442 321 398 355 189
207 319 226 276 347 246 16 411
335 472 200 74 385 443 47 457
50 159 169 100 368 214 150 42
324 308 381 9 220 214 488 16
245 179 88 14 420 424 78 33
314 298 138 320 500 138 11 81
464 156 280 417 70 131 37 275
474 376 336 168 10 380 241 76
210 27 277 432 78 71 291 345
240 222 9 442 439 287 32 153
67 458 444 220 389 90 463 57
325 370 220 310 47 363 488 139
443 465 112 156 301 48 356 368
403 61 91 362 156 484 99 205
257 252 327 83 485 34 92 89
79 311 200 123 386 113 297 426
172 34 29 481 196 310 168 372
180 38 174 34 112 309 91 181
322 403 333 452 22 128 321 448
358 358 256 395 125 106 163 409
245 117 436 464 216 69 319 79
139 481 394 80 234 366 389 46
404 111 176 65 400 95 133 497
102 312 144 282 58 112 278 240
361 304 126 63 13 27 26 423
396 432 161 422 188 318 227 138
29 19 154 32 22 185 48 243
141 113 433 201 486 384 458 288
110 291 362 35 207 210 236 22
222 265 469 275 176 317 307 355
347 180 106 292 30 167 175 180
421 144 270 470 212 473 288 135
430 451 292 468 458 134 325 10
243 300 85 259 103 40 257 235
320 17 149 349 66 303 120 51
12 126 312 242 278 216 207 315
114 260 73 50 126 340 62 169
201 230 90 57 145 223 131 304
105 363 478 307 243 181 118 243
332 222 329 197 458 212 351 342
110 137 440 70 342 160 446 298
229 155 143 151 410 321 415 300
405 190 369 101 176 376 94 130
190 237 371 152 266 79 321 182
217 411 138 110 243 449 333 145
275 314 180 156 82 119 20 413
350 145 107 269 487 489 442 335
477 346 494 21 216 461 108 246
321 245 257 392 397 51 347 370
478 123 217 20 44 388 287 46
150 480 286 178 30 144 445 394
11 170 136 18 96 259 132 429
460 248 203 430 412 140 237 153
260 104 47 487 149 425 483 318
138 124 121 29 130 256 84 327
154 433 247 454 360 201 277 345
63 203 156 342 399 337 178 354
463 450 273 170 289 85 340 67
266 413 25 316 151 265 498 102
195 34 87 204 34 466 320 17
338 463 106 75 172 133 43 317
320 500 80 279 324 177 215 76
142 54 32 208 157 100 291 404
238 13 494 50 80 63 500 257
452 360 91 177 313 466 398 66
111 264 159 323 82 105 427 345
154 432 253 133 216 481 459 363
79 52 50 31 228 255 450 253
159 61 262 259 143 68 437 110
272 126 318 178 198 260 224 90
381 70 272 388 399 187 463 364
294 236 218 55 215 63 265 213
293 410 476 303 450 196 120 171
358 343 373 17 474 59 282 207
256 365 326 99 247 219 154 471
382 64 203 130 476 299 469 293
115 429 472 316 61 398 226 386
46 383 453 414 16 209 170 344
295 389 354 228 340 369 348 197
196 170 56 328 453 66 478 98
201 471 266 210 6 477 71 180
365 317 497 475 401 175 223 366
438 353 448 65 422 220 22 36
440 62 373 53 124 420 173 214
283 339 186 193 83 262 95 387
228 126 257 134 172 444 97 279
441 378 173 272 313 344 347 434
474 193 294 309 170 50 361 410
444 239 105 73 61 336 399 61
370 429 30 465 147 29 485 148
447 223 208 71 264 374 423 318
242 155 4 200 239 60 11 438
122 215 206 223 444 112 46 201
214 23 154 335 376 233 166 414
221 289 9 484 301 430 243 63
307 375 34 126 19 417 53 267
407 24 218 149 276 453 296 326
499 75 52 212 416 349 153 35
379 151 345 434 182 459 30 227
354 29 424 356 433 42 313 43
208 294 447 120 300 320 301 334
354 162 417 395 255 229 384 153
425 490 259 373 172 94 168 385
456 131 63 488 375 147 311 168
89 328 479 77 497 393 410 140
491 268 295 286 225 480 461 354
215 429 411 389 234 98 201 25
266 331 78 187 7 271 493 453
233 267 478 218 120 375 130 108
46 480 237 80 54 467 179 248
224 465 201 134 374 420 370 351
63 225 482 486 194 138 5 461
410 194 150 381 155 298 202 50
239 99 376 109 277 113 495 354
50 2 378 92 62 67 110 319
278 14 293 480 72 69 382 206
274 102 249 464 326 148 221 262
373 296 387 1 131 367 328 140
175 83 233 311 7 72 18 297
426 73 345 364 48 372 125 415
102 122 71 201 327 466 283 488
445 384 258 253 124 397 490 325
400 429 335 475 189 259 117 137
144 419 13 132 196 378 161 264
290 491 26 191 388 91 108 420
267 314 289 423 464 430 490 79
180 95 366 332 56 171 127 139
456 476 254 179 126 212 310 145
85 425 500 329 442 345 149 466
39 215 57 404 167 486 263 249
93 118 20 195 60 181 160 355
202 307 299 196 223 21 392 166
357 207 260 113 193 344 481 287
45 86 485 456 448 342 441 203
297 101 33 10 388 148 329 250
145 349 460 441 303 442 316 151
92 65 315 370 81 461 413 185
224 104 5 404 492 30 316 489
110 129 219 486 197 225 333 2
403 249 362 305 454 171 257 372
167 369 20 296 14 360 375 485
370 317 130 134 292 105 109 336
198 353 476 236 184 319 372 44
442 224 135 244 267 159 16 49
42 124 239 383 171 496 301 424
393 448 183 404 269 452 467 222
81 138 440 434 10 399 75 221
351 470 262 278 35 150 88 154
297 17 452 455 470 278 479 488
326 94 32 68 122 406 2 344
401 220 361 90 78 421 193 91
338 18 496 295 91 377 165 72
167 334 416 472 293 477 427 347
52 490 90 12 282 132 219 78
220 474 1 43 291 364 210 236
499 344 443 248 232 132 331 205
206 39 162 190 297 318 327 152
77 317 80 255 416 14 49 17
116 185 200 232 20 500 39 379
13 29 214 187 497 462 367 371
120 5 303 198 141 84 286 2
291 126 306 381 465 495 120 235
123 44 108 431 178 127 215 459
449 329 1 497 193 440 16 100
202 476 29 182 419 84 341 215
440 110 349 73 69 311 257 490
362 116 155 475 377 26 274 438
495 139 273 163 327 162 414 410
400 371 310 163 29 382 223 54
386 101 99 349 140 188 443 288
304 409 116 68 1 312 413 151
423 32 113 463 180 246 358 263
13 215 158 262 304 65 324 267
113 374 227 288 57 371 54 319
311 266 8 246 133 82 218 222
161 184 77 46 268 107 143 73
427 243 395 161 384 14 233 282
459 310 282 338 206 135 235 218
93 243 462 341 130 463 244 455
488 178 338 393 343 143 421 3
180 28 427 414 109 132 196 279
146 196 22 279 473 309 485 141
251 1 154 321 353 101 468 334
74 274 111 83 429 47 308 361
433 353 202 100 54 44 428 118
252 497 86 188 483 448 500 120
237 108 268 218 128 437 300 363
133 373 156 491 213 34 117 242
198 71 442 434 69 237 262 143
471 280 390 275 328 430 173 206
123 39 105 397 287 166 307 458
110 479 278 95 228 345 319 388
70 14 221 466 468 152 36 110
119 290 395 85 140 355 54 437
101 179 472 320 400 276 21 20
461 75 128 238 438 11 47 290
339 349 118 307 72 20 209 64
402 179 372 191 250 385 162 224
214 15 257 284 269 245 135 395
297 214 98 328 43 17 396 157
107 456 294 169 437 366 169 423
339 470 406 335 227 433 402 500
395 248 161 382 472 106 268 184
388 159 428 105 15 478 390 107
99 285 488 96 123 202 305 396
373 363 123 254 447 441 380 411
428 182 159 376 283 154 469 132
316 11 171 373 61 195 177 13
427 493 448 232 157 99 92 336
265 163 233 125 450 141 127 54
217 260 307 24 19 435 212 1
54 81 154 72 359 260 174 463
287 383 2 17 340 154 238 113
199 118 220 115 48 21 335 473
322 139 206 484 195 325 171 469
194 286 286 438 355 92 420 493
30 125 291 27 208 182 112 281
407 347 110 27 325 92 429 429
82 274 499 482 65 421 446 462
411 218 250 75 234 64 151 320
362 299 230 402 265 328 45 106
44 147 281 499 296 158 456 396
298 369 410 305 187 379 295 358
307 72 310 383 416 107 496 178
69 394 316 347 19 259 261 38
120 186 384 498 286 12 428 68
86 466 440 109 286 74 444 480
296 257 274 399 288 178 82 485
364 306 87 200 481 364 181 312
493 39 384 56 51 238 18 351
182 11 168 113 394 479 472 136
451 284 495 185 48 256 393 335
311 34 129 98 169 127 384 40
412 190 288 72 387 211 325 335
442 128 486 139 475 285 496 314
428 342 172 443 54 310 414 114
289 291 374 10 29 251 146 354
477 496 184 280 57 64 413 358
377 46 26 338 264 477 219 485
271 222 13 435 207 368 20 349
372 124 260 2 86 465 207 66
407 221 168 475 331 184 239 442
281 437 73 462 271 63 77 71
143 161 39 259 410 249 247 283
446 26 41 12 28 56 164 472
312 36 453 54 443 20 186 322
172 344 114 59 166 74 166 475
62 35 81 109 1 494 96 182
288 128 281 2 350 69 344 48
114 290 258 243 134 275 370 450
83 219 290 46 466 66 279 282
162 359 51 247 123 434 226 185
26 435 122 306 482 71 4 254
162 166 116 371 416 410 264 262
238 388 479 401 83 352 99 326
200 22 102 32 387 462 493 220
443 127 218 87 390 119 59 498
120 25 406 330 500 445 302 374
176 385 376 241 468 268 43 88
319 355 269 423 106 457 181 359
373 23 300 341 279 96 85 172
343 171 480 113 104 119 387 350
362 314 250 211 79 477 149 336
249 331 96 214 168 56 3 194
338 83 413 164 53 143 158 117
469 207 342 310 214 269 40 6
77 492 151 53 338 364 191 251
104 293 171 492 392 222 62 497
179 445 144 216 155 156 479 119
288 485 201 42 251 450 251 338
487 338 438 380 406 68 333 227
86 262 431 213 336 140 463 257
124 346 393 489 499 322 443 184
249 463 416 102 443 243 167 326
380 217 319 101 447 326 201 146
317 397 319 433 326 286 432 176
253 205 336 111 499 354 338 30
80 466 319 41 486 287 364 398
398 97 243 491 396 58 49 66
5 231 128 273 195 195 395 139
301 344 498 238 308 451 221 363
201 269 359 46 275 211 383 199
68 389 237 121 123 47 129 33
480 8 156 451 243 124 472 282
322 459 178 126 82 410 235 297
384 282 490 103 16 166 155 51
269 342 141 433 34 298 47 38
152 39 54 252 238 120 174 458
22 191 489 131 177 210 256 202
484 289 19 63 111 365 308 300
234 147 107 198 274 70 181 56
127 81 243 60 488 24 477 429
194 248 353 210 256 428 52 393
14 251 23 342 469 8 399 200
119 405 296 20 187 451 494 245
323 65 229 92 268 163 285 445
286 317 241 345 184 128 392 366
70 267 396 223 2 318 143 493
395 320 251 103 157 19 451 476
13 260 291 162 359 426 430 5
329 459 162 193 61 165 132 137
404 79 73 288 357 312 488 365
388 39 257 447 35 372 407 105
392 377 289 420 9 189 137 252
245 105 210 403 491 152 126 402
83 332 303 484 152 29 7 222
112 82 409 188 447 402 146 168
206 233 360 76 238 387 362 84
304 364 288 26 350 224 124 305
101 84 413 324 273 266 467 183
132 378 151 490 215 258 149 453
389 356 487 444 301 444 451 112
167 215 308 177 446 42 69 474
32 263 7 150 77 111 332 352
400 495 167 421 436 380 322 160
194 377 162 166 156 346 218 360
310 351 30 306 126 325 65 485
73 205 1 175 192 139 495 477
488 408 490 345 174 195 3 241
261 336 457 256 333 62 366 372
168 32 259 460 475 246 449 130
40 421 88 407 481 254 6 326
356 234 463 458 32 192 456 96
314 414 257 253 261 359 64 372
191 193 343 483 45 72 412 149
101 27 75 223 10 81 116 347
279 228 207 289 48 114 372 306
233 199 222 333 444 291 371 68
17 214 172 122 160 61 379 267
79 316 46 329 149 304 230 240
458 91 152 500 28 498 371 201
17 187 358 468 318 134 79 80
371 312 256 155 344 490 432 154
383 220 94 498 471 130 454 117
409 359 312 17 17 367 1 63
251 244 415 266 90 493 372 280
365 379 74 189 428 397 353 200
310 78 194 103 16 256 87 74
304 11 207 166 63 38 7 386
139 417 256 131 474 228 95 256
195 215 455 236 410 146 82 239
237 139 330 347 400 437 89 156
435 399 435 73 449 386 60 116
309 120 21 299 380 186 91 277
212 491 37 69 92 52 485 93
203 486 67 33 402 186 313 389
409 285 178 193 465 241 224 411
437 214 431 374 493 312 292 361
354 55 6 94 246 28 128 260
327 184 208 299 308 39 378 250
259 334 391 117 329 256 296 149
86 394 445 256 232 1 399 442
211 128 90 284 114 206 235 226
384 400 209 344 440 323 260 164
101 357 75 467 106 345 194 421
209 300 176 482 23 210 3 434
192 338 96 175 475 9 492 190
235 211 267 468 323 86 400 37
439 300 41 230 256 444 341 498
111 214 206 114 24 150 88 239
361 488 340 440 76 153 249 32
360 333 388 303 485 474 129 495
129 19 449 458 47 244 278 406
445 285 201 122 96 94 371 435
133 486 254 313 366 75 245 116
359 389 163 348 421 116 279 73
146 11 199 303 178 498 247 348
258 112 405 232 175 34 495 320
46 418 279 96 369 307 221 290
488 411 185 402 168 403 39 94
320 448 272 17 427 214 415 12
213 393 336 78 361 289 264 137
22 6 434 455 41 332 308 314
50 73 168 90 463 281 60 260
401 105 227 416 232 155 379 266
93 4 328 86 294 167 143 150
302 382 283 124 109 463 66 432
274 417 99 177 312 186 422 290
190 202 133 148 306 377 429 498
267 462 25 18 313 234 327 266
50 51 202 202 271 499 215 104
240 163 242 187 192 347 401 84
411 333 173 229 97 461 252 473
259 423 113 233 68 147 404 111
245 193 344 316 457 301 476 238
112 208 210 316 350 284 166 294
335 227 3 204 324 11 29 9
177 218 326 459 137 253 390 328
293 395 209 232 408 217 156 458
210 15 158 21 236 4 80 484
195 27 163 287 409 386 34 35
16 52 243 451 104 222 266 474
412 349 71 45 260 118 63 373
205 29 19 392 68 39 204 470
236 47 470 188 42 7 38 36
394 36 453 67 59 250 403 51
211 424 288 147 224 168 166 269
159 66 71 355 71 251 25 480
428 475 247 17 384 14 205 406
277 423 123 298 93 290 138 316
418 396 223 334 446 324 92 151
214 45 372 360 169 181 155 494
255 372 470 452 367 106 164 490
22 373 465 396 265 50 429 473
113 181 89 162 340 262 165 472
171 367 22 33 58 240 474 209
395 242 88 499 123 275 202 385
337 453 3 250 372 65 470 174
31 333 408 323 327 485 406 203
377 267 467 24 437 54 487 499
107 228 360 232 55 234 267 366
50 335 306 78 250 359 381 288
226 51 447 74 27 218 458 459
142 390 433 87 208 275 393 226
38 115 162 126 72 23 4 192
340 404 21 165 167 214 440 129
136 473 119 37 100 245 233 110
52 287 455 73 41 116 52 428
421 326 110 148 50 401 252 73
276 148 305 163 162 468 357 35
90 308 46 133 405 373 232 203
157 419 114 130 345 9 21 399
376 194 401 440 369 189 11 396
314 230 428 21 281 217 268 216
268 11 463 383 76 166 454 270
15 386 33 310 299 213 51 109
410 191 43 437 377 230 477 337
458 419 172 53 34 82 271 406
433 106 418 137 479 481 23 290
378 195 184 193 17 477 286 16
349 196 86 407 462 357 7 216
404 427 129 141 438 438 360 16
43 63 468 349 219 430 27 229
352 459 315 459 381 72 335 23
439 265 128 450 211 229 152 69
163 105 201 31 13 491 455 209
332 220 248 301 135 416 483 230
391 1 219 120 281 63 465 249
245 23 112 34 217 495 125 184
137 445 374 269 478 394 170 63
229 325 474 111 73 332 334 154
341 250 35 56 339 269 372 264
487 342 454 192 76 59 333 29
112 80 371 266 363 133 319 137
478 35 371 458 379 129 453 343
128 41 144 443 415 303 448 351
469 161 223 286 352 152 112 20
193 50 33 497 358 448 373 207
210 145 473 157 103 16 371 90
337 387 272 57 107 33 14 278
419 365 494 13 113 227 494 325
140 302 475 40 464 334 465 497
179 93 435 322 331 493 316 135
135 135 462 275 14 118 49 493
344 209 120 169 198 63 136 61
332 425 125 302 149 348 189 179
255 220 110 164 119 47 480 435
348 115 27 267 471 475 230 160
445 126 299 151 148 393 193 22
235 146 224 23 117 34 304 445
431 12 240 227 261 494 412 196
114 256 365 111 319 275 160 427
274 420 277 149 7 276 213 489
199 334 287 275 75 227 259 132
15 129 108 387 52 103 391 3
230 364 147 141 134 19 371 391
467 70 110 225 323 29 173 459
465 300 178 230 200 287 168 326
7 103 7 120 23 238 125 497
112 419 125 99 460 194 323 94
48 428 396 269 380 260 476 374
357 461 37 124 208 100 338 296
490 104 343 466 479 214 483 228
260 344 95 483 380 45 405 297
160 488 13 471 429 64 222 164
50 141 49 329 247 35 237 294
402 483 267 65 156 444 28 430
61 364 434 467 179 143 432 477
336 183 452 422 263 329 440 168
414 339 245 478 5 295 30 289
65 458 40 158 97 328 484 354
25 451 258 250 146 14 416 324
424 56 214 10 375 237 85 13
95 392 397 105 138 333 76 195
156 426 204 47 280 253 272 200
278 144 297 132 70 275 30 248
196 89 378 455 258 453 5 473
434 115 162 275 305 364 359 110
7 422 110 137 451 203 238 347
301 195 329 245 214 268 373 335
472 102 68 308 183 208 49 35
319 161 435 457 403 122 364 417
497 354 386 397 131 383 429 161
194 461 173 321 377 125 9 427
31 360 185 259 117 216 187 439
294 357 192 145 332 135 198 375
200 308 241 393 272 289 10 221
444 206 194 156 290 269 395 311
435 35 11 256 299 217 90 105
290 172 222 437 192 456 433 34
2 274 462 63 366 440 151 287
125 369 67 414 458 113 414 187
398 134 37 381 170 280 119 437
57 214 88 27 391 393 302 353
412 348 345 102 105 381 411 139
463 263 48 55 157 361 182 42
257 145 132 319 478 193 300 251
229 498 202 445 268 277 463 240
94 71 267 109 220 179 11 470
271 71 169 407 327 8 171 278
200 162 446 282 403 267 84 383
331 216 485 50 204 233 275 123
27 122 415 250 144 391 401 418
481 458 7 130 484 270 318 278
302 146 170 118 397 374 351 82
238 398 204 266 279 408 19 342
117 55 485 20 81 169 427 144
144 156 485 449 343 192 22 374
260 276 308 472 147 108 446 346
448 281 135 153 345 439 141 453
82 327 289 247 203 116 361 452
470 72 303 186 358 342 308 114
87 62 177 390 346 154 104 124
39 212 171 66 490 22 280 264
263 344 148 359 454 164 169 435
481 290 474 35 483 239 163 495
217 228 404 414 386 387 258 313
17 209 442 463 37 108 4 227
424 78 229 116 245 235 249 59
90 500 285 446 179 268 467 227
170 103 393 486 467 41 266 23
468 432 162 132 316 441 78 314
377 213 209 110 225 38 193 314
61 295 140 277 373 32 100 275
124 155 129 384 221 304 150 316
332 414 123 191 121 254 157 178
89 303 111 497 314 44 215 134
314 218 452 446 499 428 31 247
338 295 139 410 319 193 125 270
475 363 160 361 253 339 94 185
150 315 467 69 400 242 33 405
85 142 176 207 491 108 495 4
423 40 31 42 135 444 372 343
308 162 117 194 15 243 435 153
230 351 157 146 107 187 487 226
265 122 116 143 254 15 352 120
148 81 154 283 43 352 426 10
166 32 454 38 217 39 390 416
390 424 338 453 99 417 111 413
367 384 353 438 196 118 391 353
133 483 471 237 192 238 323 427
470 136 140 414 97 323 95 188
78 185 245 240 203 496 139 497
219 492 277 340 497 140 131 173
349 253 490 72 197 177 492 2
260 11 490 100 473 214 148 467
325 194 158 361 324 281 230 460
305 455 95 465 1 97 448 74
426 4 263 92 412 38 288 55
463 368 96 478 323 124 43 131
285 385 134 266 298 384 205 497
264 421 52 493 395 263 219 155
306 256 387 165 191 445 263 390
93 292 363 294 399 454 199 111
264 132 344 473 465 208 311 288
250 445 442 436 264 432 443 72
358 436 269 455 359 45 129 27
316 274 6 94 495 396 1 251
119 415 432 364 436 146 260 157
409 188 404 406 500 460 84 125
498 381 398 262 280 10 331 166
385 216 17 289 297 165 224 74
398 159 427 389 293 149 156 217
134 22 318 347 463 192 34 365
334 298 304 218 286 305 400 295
172 155 469 354 339 270 108 126
464 123 132 327 82 194 68 490
277 189 181 267 17 228 78 294
290 72 29 252 409 418 137 242
473 5 245 135 47 438 286 130
339 13 127 58 160 245 187 253
238 40 496 311 225 495 499 127
409 458 229 426 256 56 464 427
96 390 273 3 426 226 352 295
89 438 340 294 47 325 205 194
108 401 116 417 461 141 438 29
392 121 334 369 368 292 271 379
308 37 25 234 179 178 64 239
243 384 244 79 338 215 207 486
28 169 399 359 295 144 498 378
255 133 90 42 21 381 106 376
462 47 54 132 248 397 374 335
377 475 86 289 27 218 436 283
295 219 55 7 36 429 211 39
170 205 53 235 31 140 443 184
262 500 419 369 75 475 393 171
223 11 195 132 448 430 368 155
55 496 335 103 263 23 305 20
161 457 53 74 182 445 188 245
300 43 297 449 109 297 429 283
96 430 442 184 334 169 372 188
308 155 500 145 26 436 169 386
103 151 4 318 225 123 209 453
288 268 371 440 266 3 450 156
202 315 279 317 493 345 243 116
480 457 425 39 375 436 350 75
29 416 362 486 454 99 264 183
289 141 405 47 466 24 389 488
131 152 434 3 165 358 241 458
309 337 30 484 367 120 128 48
55 99 393 236 91 16 311 294
221 67 207 500 132 85 301 465
292 302 448 83 361 97 251 109
156 372 12 48 26 36 408 446
185 146 179 287 169 43 465 292
422 25 130 168 158 361 242 449
481 336 172 423 331 313 388 487
1 278 378 131 112 327 57 124
275 145 75 227 419 175 307 468
48 236 105 216 206 125 125 290
149 394 2 260 325 176 428 455
480 178 484 161 425 358 371 421
32 361 286 440 79 361 308 26
377 227 108 138 409 405 129 51
298 62 147 163 296 447 76 93
45 336 158 238 196 284 307 91
90 430 255 178 119 376 136 386
72 500 160 336 403 484 254 207
118 330 358 299 467 416 462 429
35 194 113 222 430 286 283 369
127 431 310 489 17 485 423 452
184 163 360 468 291 171 36 256
350 62 467 399 336 91 148 439
411 61 336 377 403 67 114 243
480 48 19 289 483 12 158 308
46 233 316 296 219 65 368 141
158 31 83 297 97 308 390 351
485 392 360 495 323 356 305 113
373 107 299 327 465 268 328 254
218 366 253 447 261 23 105 218
21 148 393 156 184 158 103 306
225 313 27 4 170 405 294 95
77 141 341 449 417 358 314 343
308 393 133 381 302 424 32 131
345 3 129 203 67 221 131 462
415 324 227 129 427 489 212 21
57 25 149 32 25 409 423 269
43 251 39 354 158 209 92 168
80 53 299 304 150 406 282 124
494 334 196 192 47 141 352 439
362 37 40 125 215 306 427 17
41 87 324 490 417 37 425 369
103 168 260 350 379 377 257 117
256 159 409 351 487 452 164 381
122 133 373 34 413 456 490 448
36 118 390 245 438 361 367 223
142 356 411 369 164 53 451 175
343 22 458 360 472 3 103 23
161 410 88 205 283 96 205 208
385 272 448 175 246 425 379 432
45 32 197 453 423 147 420 288
56 20 175 41 397 165 206 329
353 336 402 376 227 413 395 127
260 116 23 364 174 228 420 149
243 253 105 259 38 126 185 390
11 388 8 80 229 67 15 444
493 54 74 157 416 389 240 211
257 90 449 68 20 295 75 474
94 483 471 77 202 251 425 99
247 307 450 463 367 397 229 422
424 349 212 219 453 61 152 222
323 43 340 303 320 441 390 28
268 93 371 228 2 305 248 282
121 60 1 41 252 62 208 377
183 144 201 102 251 191 472 367
27 231 156 221 152 203 75 341
94 327 266 436 336 61 191 22
146 108 275 498 24 298 277 295
122 308 4 141 422 367 432 70
289 49 364 39 486 480 266 395
484 339 87 186 334 119 484 317
184 51 130 82 95 330 151 186
480 276 325 274 350 396 226 470
417 302 12 303 407 357 61 421
469 186 150 96 97 298 22 146
451 128 305 141 113 174 242 236
119 429 252 36 386 415 480 121
303 433 460 163 127 478 186 98
7 71 244 120 497 246 390 241
285 220 13 355 193 333 427 83
249 323 150 295 120 280 477 130
494 295 345 329 434 278 364 56
332 331 40 40 106 333 338 478
444 418 80 4 224 140 436 382
203 117 158 483 410 406 198 213
392 112 149 383 316 450 408 138
373 253 450 474 304 252 77 485
470 115 113 200 330 415 236 165
201 380 497 133 85 465 49 375
247 283 99 468 496 441 397 172
106 187 3 101 134 154 444 106
93 414 293 387 371 269 484 252
315 87 197 143 476 154 101 30
200 117 300 327 239 260 303 398
198 197 466 468 181 281 273 366
94 328 314 73 211 302 466 143
469 355 337 174 421 461 383 347
11 25 102 2 10 134 258 308
135 256 455 457 33 97 258 271
176 472 447 367 413 443 429 18
474 207 302 59 454 397 89 406
23 364 432 436 274 388 359 110
19 404 398 11 478 127 91 10
129 139 44 11 350 340 318 345
495 308 26 388 153 195 70 40
238 361 31 101 238 65 361 424
343 428 232 210 344 419 319 60
395 261 234 243 94 200 199 468
352 230 252 158 60 415 410 27
6 153 182 337 109 234 217 390
219 185 472 394 122 240 258 3
235 177 456 201 221 488 375 483
181 184 268 162 456 140 318 97
300 15 481 48 62 23 38 60
343 242 483 307 149 455 80 213
65 100 194 359 275 191 303 471
6 22 175 255 124 442 465 460
176 364 68 238 314 47 364 239
298 4 100 489 193 415 154 472
385 185 245 251 340 90 373 154
470 6 384 196 354 454 183 278
381 328 128 475 13 215 199 409
290 87 275 81 258 461 310 86
118 193 484 479 431 453 400 313
106 301 351 275 400 64 269 425
445 334 192 464 115 190 440 40
409 442 4 321 352 296 7 2
470 60 27 46 141 107 396 337
262 218 344 147 23 415 410 495
86 23 69 203 7 429 446 278
64 233 292 246 254 41 430 151
103 361 374 252 458 137 34 400
174 470 176 264 219 444 222 491
341 442 109 25 83 411 201 25
51 230 26 29 446 180 429 219
230 312 34 193 178 150 413 360
2 380 238 214 488 378 285 205
134 476 478 131 273 141 190 91
321 338 102 136 178 184 11 33
451 38 327 137 64 278 97 20
417 478 199 381 297 202 340 109
241 220 152 247 442 111 252 310
376 412 461 137 171 281 149 173
21 71 115 380 386 179 42 435
53 168 38 17 156 155 286 87
361 143 185 275 494 372 495 425
406 173 122 198 381 225 206 203
246 314 344 50 378 31 401 307
356 496 47 438 3 270 256 79
476 121 375 374 32 500 115 396
152 488 149 53 71 93 278 63
352 80 233 143 317 38 486 391
163 143 62 60 319 103 5 401
220 401 134 71 166 329 309 434
10 395 151 264 403 420 85 249
420 356 350 487 143 429 71 51
162 472 500 131 52 465 485 121
386 139 148 460 274 480 164 165
495 38 315 265 343 64 312 401
114 3 272 207 372 188 94 207
160 212 284 463 153 229 112 23
81 437 151 268 205 68 465 196
209 6 141 51 96 373 302 412
253 253 154 61 219 358 150 155
123 274 455 469 44 22 195 304
303 228 454 19 43 31 387 351
174 259 370 450 66 488 96 120
279 49 428 374 405 239 68 211
61 204 59 427 183 461 469 446
166 127 182 69 107 29 106 135
463 164 124 122 464 73 160 314
214 207 143 303 350 121 66 139
411 422 190 415 463 489 366 78
372 152 466 142 259 283 422 70
340 230 38 95 436 47 392 499
239 148 86 334 282 385 26 383
461 25 56 339 316 271 15 81
275 195 286 490 289 37 100 325
117 140 53 193 164 355 348 161
350 4 125 57 397 370 328 408
82 17 371 245 373 67 167 282
83 325 166 269 30 254 27 88
493 183 427 108 265 268 278 470
467 278 441 391 358 238 439 320
72 5 397 204 76 88 74 188
394 482 443 431 282 495 91 192
326 91 459 364 163 243 132 309
94 383 257 355 103 141 95 481
309 42 241 387 295 106 113 329
387 281 460 28 81 307 305 255
286 199 29 282 250 63 17 313
354 335 109 267 34 256 388 197
26 51 288 104 407 419 123 144
129 478 177 445 199 263 412 43
434 19 294 48 385 305 470 264
260 129 346 310 60 319 411 262
111 133 233 154 292 308 336 324
41 203 99 396 447 190 280 70
218 473 489 219 201 265 454 193
140 329 91 500 361 53 111 378
303 491 316 277 334 120 217 475
431 26 237 430 338 477 242 302
169 350 126 380 299 298 397 348
14 444 48 185 48 207 168 271
428 6 89 473 116 221 352 452
458 123 452 196 388 268 325 150
441 353 30 213 48 17 84 425
218 122 197 45 275 320 190 344
500 466 185 110 496 3 64 291
136 347 146 172 81 230 413 277
304 87 104 272 59 325 65 68
207 150 135 92 160 189 178 448
316 298 243 120 332 79 62 280
399 189 37 404 441 55 427 261
187 303 28 404 139 383 19 405
58 493 197 206 328 401 328 153
96 71 484 71 221 425 256 119
232 50 384 71 459 460 106 429
102 387 295 324 403 374 315 12
235 218 300 63 139 69 66 278
412 260 439 59 459 200 481 29
275 202 260 381 96 417 458 21
144 403 476 314 400 275 487 181
54 70 170 440 188 293 410 287
188 214 184 281 381 160 1 104
288 360 280 177 352 458 383 29
335 20 151 485 218 49 30 421
183 433 313 443 77 232 375 164
271 224 339 299 61 283 241 497
383 77 104 101 427 369 210 393
277 350 481 317 413 489 100 186
177 98 349 49 408 71 138 73
290 455 373 475 37 102 356 4
291 116 241 392 293 429 426 269
231 376 204 354 9 339 282 381
214 498 368 263 254 481 265 162
65 211 225 35 354 412 127 138
97 114 205 390 157 8 20 29
5 491 303 472 337 438 87 431
320 472 80 223 191 195 94 492
500 471 487 273 328 259 296 429
309 79 363 267 197 199 66 226
99 494 139 379 163 347 223 402
412 232 469 135 263 200 281 409
351 87 492 311 475 19 269 55
483 194 84 491 91 349 142 162
96 58 318 383 21 185 327 348
221 436 97 34 53 9 249 138
29 52 151 143 314 289 145 175
63 319 90 435 292 170 484 322
166 263 23 124 184 61 194 304
441 342 306 323 347 426 314 424
299 70 420 324 138 457 185 164
148 383 376 497 451 24 487 175
399 96 482 342 159 142 48 485
274 386 16 436 431 10 220 189
9 413 67 473 403 434 112 116
424 62 250 446 494 169 475 367
240 453 272 74 460 85 310 93
117 145 421 440 366 77 408 111
431 295 137 348 409 425 274 302
157 99 333 114 79 281 4 300
217 104 208 490 297 106 95 275
450 67 31 467 144 4 477 276
153 75 58 232 388 353 252 246
76 415 288 202 336 133 254 53
13 222 455 292 459 408 411 127
141 311 201 249 64 423 455 258
418 247 460 313 308 239 53 152
420 106 91 472 431 484 370 153
166 126 451 82 398 256 230 229
142 141 296 350 360 221 334 344
324 483 93 307 140 55 309 476
355 103 263 254 464 119 388 150
330 73 486 494 106 401 417 109
292 195 222 398 302 115 499 1
317 61 480 30 397 100 384 318
431 318 403 11 77 382 306 3
14 162 123 26 274 120 299 11
320 318 238 121 131 273 297 219
2 430 261 399 255 430 71 298
17 500 387 2 376 336 286 388
382 431 203 12 136 16 365 163
38 233 373 347 323 190 201 129
67 452 281 160 162 358 321 484
369 305 172 89 475 106 183 197
413 24 413 347 122 146 297 205
378 30 241 237 125 118 182 383
51 359 267 394 337 488 283 124
363 296 221 463 488 71 282 306
245 298 253 27 169 125 174 262
428 477 229 13 255 66 104 45
420 59 224 13 470 447 263 450
495 446 382 416 232 404 294 3
96 445 500 416 485 362 69 440
323 251 269 500 163 334 491 431
452 63 466 30 215 120 499 179
380 98 475 72 294 33 323 328
111 332 473 405 478 485 416 28
125 132 410 123 306 245 332 270
316 95 355 19 269 182 191 205
219 41 437 119 36 141 473 269
482 236 72 24 327 181 110 31
12 111 439 136 144 148 274 308
300 484 63 426 296 102 429 374
404 166 211 113 480 8 205 262
325 304 9 97 449 431 475 167
481 285 224 93 373 415 430 474
311 466 304 222 428 300 3 48
339 274 322 406 227 100 478 496
71 361 41 46 228 434 32 374
184 389 214 413 156 172 302 376
343 416 376 50 336 59 397 237
388 305 373 218 41 438 376 69
78 103 199 164 320 451 192 303
392 104 364 383 431 342 324 143
310 387 118 48 161 116 253 432
498 142 208 369 262 109 448 67
16 401 363 271 349 497 63 285
230 213 210 53 100 99 392 81
177 34 147 23 280 266 377 108
202 274 287 208 393 414 401 20
446 267 458 324 478 149 449 406
443 409 332 142 340 412 24 216
100 226 426 311 70 62 36 423
456 364 79 217 480 452 139 214
48 87 183 341 37 203 83 161
393 60 391 362 26 272 10 18
50 398 195 80 382 347 427 284
300 413 399 213 33 341 227 75
121 186 87 175 428 14 88 334
296 173 322 365 344 196 458 445
121 467 275 401 371 490 405 243
394 168 71 77 69 225 156 53
319 499 492 11 220 463 53 317
26 361 374 295 140 187 10 400
291 453 492 109 88 346 254 140
18 214 268 288 108 41 382 43
448 131 36 131 289 417 261 58
37 179 106 432 304 310 400 3
161 247 293 401 162 332 222 459
71 7 205 157 405 213 22 353
365 333 399 421 478 305 352 149
407 92 122 388 226 152 359 322
147 222 127 310 421 388 450 168
306 482 374 330 418 456 351 78
350 259 107 328 100 78 2 434
330 167 338 107 231 58 12 408
125 317 260 468 197 441 273 487
399 412 348 50 141 11 341 228
302 437 162 364 472 177 476 205
391 381 251 366 450 164 410 495
483 149 303 71 290 480 224 49
38 244 10 392 75 141 428 26
439 340 215 176 448 101 1 470
257 153 96 271 217 361 69 66
68 9 340 148 39 248 458 200
138 299 288 230 420 135 137 412
131 276 391 478 316 376 2 418
218 8 225 31 134 297 129 18
277 294 108 361 485 14 131 5
433 72 386 107 112 305 27 275
139 264 161 277 370 243 61 487
484 378 267 419 6 450 231 497
162 344 46 404 440 337 23 13
237 200 125 59 394 450 283 21
271 429 77 253 173 44 192 67
48 102 429 305 177 282 370 332
127 334 246 67 416 266 147 182
291 458 64 26 443 466 15 435
27 302 163 346 488 339 335 224
326 393 159 163 227 281 275 335
196 152 41 244 465 408 138 494
187 31 380 244 440 470 265 321
222 92 328 365 352 247 392 48
86 406 290 28 167 460 332 35
280 327 74 157 374 129 96 107
368 243 255 50 66 102 37 396
62 111 255 448 305 377 393 305
215 134 429 35 86 354 359 406
108 223 337 96 133 314 281 131
400 325 188 378 244 293 225 162
369 114 405 336 86 397 98 445
455 48 460 386 273 292 368 105
64 184 295 484 500 109 418 157
233 150 20 229 129 500 423 1
320 461 352 297 441 230 157 435
468 189 116 148 482 90 29 309
152 388 330 41 8 218 123 457
404 497 69 436 380 435 419 43
211 458 182 272 152 56 420 155
199 309 136 185 277 123 212 373
496 462 265 319 352 332 206 322
105 287 302 197 162 369 123 406
493 10 291 227 168 116 162 469
16 495 376 497 156 24 445 368
35 168 301 238 306 472 177 458
112 347 159 278 339 26 449 117
168 204 385 232 13 138 88 225
138 48 432 380 117 180 450 48
403 374 152 14 340 342 167 16
88 378 429 273 47 495 433 419
158 261 486 185 375 409 329 415
175 371 17 230 434 40 113 452
46 393 145 231 163 9 77 168
51 24 443 112 426 316 73 78
240 316 390 88 482 438 213 51
49 277 82 43 113 39 49 496
33 177 349 37 255 261 393 499
135 32 345 89 83 88 299 1
274 139 239 272 29 328 460 93
109 253 196 343 94 174 231 348
88 85 142 448 296 179 338 307
365 326 323 298 363 168 430 80
43 374 455 132 253 136 23 217
55 392 433 327 163 197 94 124
250 82 22 277 238 367 57 145
348 203 378 198 382 435 19 191
417 378 1 166 54 478 245 11
403 230 451 217 499 347 38 192
217 344 457 434 36 184 360 209
350 403 54 45 492 330 276 122
382 111 422 237 140 261 166 352
128 406 218 338 321 461 87 332
35 382 29 200 347 283 18 216
449 270 473 231 245 12 76 413
279 172 305 469 419 113 219 258
487 236 208 347 354 94 462 40
105 420 332 384 99 340 427 60
383 322 269 212 500 435 216 52
104 70 50 158 338 491 335 271
160 177 15 498 290 327 346 296
215 19 74 428 224 286 448 355
6 454 189 8 51 340 230 476
437 256 101 396 278 339 70 73
179 325 7 113 56 299 48 28
272 415 201 342 122 113 136 427
258 464 490 7 228 229 273 371
245 251 447 339 428 124 409 370
160 219 94 379 354 371 338 381
306 19 243 197 428 266 207 322
237 328 238 429 64 126 197 338
350 287 423 243 137 375 67 44
143 468 2 279 350 499 186 445
427 348 308 468 284 53 306 262
390 396 83 290 131 346 319 462
458 467 374 1 336 340 384 465
483 160 267 167 449 90 184 30
404 93 278 125 100 233 236 493
16 153 449 11 200 426 310 41
94 303 222 495 116 94 397 180
193 486 235 226 327 344 154 426
89 319 83 307 221 127 33 402
36 266 70 38 316 265 342 325
474 449 437 50 376 433 337 221
137 278 300 436 128 290 82 339
221 265 230 450 30 78 125 129
258 500 496 421 224 448 212 9
361 194 299 483 217 214 364 68
31 45 129 181 232 140 380 491
430 80 272 322 149 187 369 30
110 106 87 74 206 119 215 308
445 9 130 12 11 317 298 417
479 435 7 373 290 202 154 288
158 248 72 23 396 77 316 141
103 130 209 211 282 213 3 316
228 231 336 155 330 109 388 180
436 235 224 292 191 270 138 81
238 464 306 21 400 397 179 482
406 332 116 142 174 423 461 412
371 111 97 295 285 19 345 485
15 410 387 282 23 435 331 438
158 65 158 348 221 355 133 21
3 113 300 13 373 196 363 156
386 303 135 343 458 498 274 140
376 259 177 55 182 271 90 179
454 258 429 369 459 110 246 442
302 245 331 67 142 41 452 288
172 103 24 385 163 255 474 437
371 63 56 120 496 182 234 36
86 160 426 278 414 419 50 413
27 443 327 379 178 453 357 300
447 448 379 264 489 254 173 152
400 170 295 351 332 61 11 457
365 294 305 140 425 25 470 247
326 260 215 359 449 221 176 132
81 182 93 460 456 286 295 242
286 407 478 457 260 56 329 142
188 93 231 48 33 197 393 310
430 459 468 478 194 156 164 440
67 56 369 481 159 363 157 109
439 170 234 443 118 142 293 203
375 93 215 496 283 458 99 348
156 409 405 76 87 327 273 96
249 195 259 7 360 58 306 143
153 69 234 215 215 284 202 468
62 273 277 278 452 161 101 123
12 386 86 325 70 362 116 420
91 398 55 478 357 431 146 446
309 81 266 211 398 202 249 286
41 253 286 284 363 378 34 313
322 341 419 462 92 376 232 181
444 106 398 434 419 334 350 340
442 329 91 466 449 175 88 147
187 26 153 204 499 472 266 344
262 98 357 89 337 278 126 129
478 131 471 51 86 177 177 55
174 338 84 383 186 239 37 260
33 260 66 129 383 99 290 326
199 122 395 107 457 231 192 234
283 228 271 34 366 327 155 345
47 47 397 164 130 223 72 86
427 30 62 447 44 405 329 118
283 53 342 52 375 460 24 410
36 25 68 185 234 474 436 409
386 30 226 108 341 443 167 31
141 249 452 109 478 323 267 491
84 402 316 489 253 408 410 23
301 291 216 409 476 298 369 359
439 3 348 115 311 6 388 417
263 309 360 473 417 84 149 203
259 90 251 116 485 80 260 419
493 470 379 443 306 308 462 95
342 324 82 381 340 313 299 351
36 205 222 154 96 134 213 225
119 213 355 199 436 4 488 396
382 377 495 353 481 196 453 160
279 290 61 6 159 19 122 84
290 73 251 404 256 17 398 245
62 201 146 332 278 231 129 233
390 5 86 41 188 17 440 353
357 307 228 350 309 37 475 390
7 494 6 40 338 498 297 131
102 469 494 213 346 302 184 122
294 450 484 5 157 48 250 415
37 455 35 141 494 70 473 452
256 384 324 244 88 365 436 3
376 495 239 100 286 316 80 274
454 19 27 311 118 356 407 307
132 186 50 475 226 115 357 170
493 102 351 229 186 465 266 394
176 472 371 123 208 398 405 315
153 88 405 122 237 34 292 169
339 359 350 245 217 156 330 196
257 381 282 75 86 134 435 86
74 427 88 205 425 427 176 352
493 14 349 202 484 430 284 393
481 10 358 441 218 468 220 94
14 397 386 231 474 2 20 80
370 369 237 406 57 308 103 209
496 257 404 379 31 451 156 88
193 280 6 120 147 352 123 180
274 161 481 171 44 218 256 289
375 373 407 314 192 468 96 159
235 416 389 313 288 225 374 4
302 217 307 207 262 131 224 182
242 129 158 241 454 193 75 143
326 460 497 153 153 396 187 188
438 36 204 264 201 210 336 450
221 312 84 189 220 386 206 348
438 130 357 115 369 125 338 487
79 289 255 211 2 32 407 233
221 496 293 92 420 347 98 111
446 162 437 421 484 256 414 107
233 400 63 303 188 470 64 418
342 161 169 340 301 411 412 482
15 389 181 453 363 375 178 190
397 2 315 289 220 102 82 65
193 82 267 411 85 245 5 443
443 284 76 296 351 58 54 36
410 143 399 103 383 283 258 70
77 245 173 79 362 111 412 119
160 461 345 113 430 186 270 89
329 5 355 327 455 252 382 477
112 397 60 166 407 358 446 353
379 210 315 109 83 460 300 42
171 228 181 412 368 88 466 298
33 81 430 354 155 66 371 339
146 127 354 331 65 138 44 354
280 322 54 62 291 117 32 125
310 180 204 448 279 272 325 225
279 407 74 323 457 131 121 404
228 22 252 348 451 187 250 105
142 449 49 454 362 305 362 107
84 92 153 121 11 313 44 46
339 288 298 52 178 32 1 370
121 106 263 339 202 130 223 317
449 330 236 133 212 309 434 178
355 309 117 235 183 80 246 313
141 399 462 419 30 449 2 148
15 114 213 486 154 311 284 224
307 113 131 11 224 364 354 473
65 119 191 390 153 429 215 330
197 361 471 406 69 13 44 401
412 351 4 75 183 401 484 201
170 88 259 404 287 71 124 147
83 449 15 286 11 43 431 117
406 398 40 91 247 184 243 207
473 101 319 488 97 25 463 377
384 180 27 120 489 482 475 2
93 368 345 455 354 326 303 410
289 177 429 352 91 180 412 125
210 19 415 407 11 403 361 94
375 264 316 140 226 440 32 321
167 83 178 261 478 475 398 393
486 202 175 200 63 238 22 431
254 365 330 111 474 241 479 377
228 314 84 202 326 349 114 372
497 247 89 169 254 246 481 198
257 191 197 175 393 357 206 349
91 344 180 248 306 6 312 234
378 214 409 451 156 102 201 103
162 115 466 473 452 114 278 174
177 229 155 452 317 91 59 87
359 68 355 261 99 488 480 389
115 257 71 328 285 347 201 446
291 84 10 302 146 116 375 419
284 279 22 5 5 484 337 265
15 20 329 464 109 468 104 479
345 375 464 371 54 291 255 281
204 493 196 349 381 275 88 178
124 243 80 441 200 373 224 23
439 325 117 464 399 481 427 426
133 139 298 186 36 167 358 437
305 288 81 440 205 176 159 216
206 397 428 164 77 118 369 182
59 50 316 238 270 355 157 68
359 298 289 11 46 194 238 224
386 354 495 433 133 159 494 475
354 158 471 411 317 334 43 8
494 100 28 92 222 480 431 455
59 471 499 348 399 421 284 171
54 185 120 319 455 319 425 117
279 386 395 284 104 198 251 22
182 323 439 167 295 194 44 89
352 455 38 368 378 348 79 255
74 449 143 153 425 81 478 17
279 44 463 452 126 105 387 157
177 206 45 435 497 165 488 221
248 149 289 2 40 302 100 130
98 185 101 325 304 320 111 266
304 5 483 415 270 280 45 95
424 377 385 200 340 318 184 283
373 130 485 88 409 135 285 242
362 378 305 54 356 9 207 370
159 48 76 274 198 166 245 470
487 373 43 367 35 332 211 154
208 150 401 221 13 421 4 409
222 116 111 160 313 71 79 388
268 326 137 191 304 304 433 93
13 102 451 170 371 449 113 236
353 64 89 401 115 93 284 205
153 394 223 63 142 259 198 256
407 434 178 468 489 417 255 295
308 415 282 179 300 162 326 72
295 137 182 424 253 6 350 185
485 116 122 479 353 312 500 394
7 341 452 431 121 327 246 322
26 37 323 292 46 225 251 190
376 40 354 454 393 373 85 84
468 95 331 492 152 31 81 206
318 154 290 278 339 339 407 401
176 64 370 243 336 450 447 370
286 354 95 451 44 133 105 88
403 283 455 482 252 472 466 44
474 159 336 36 253 55 397 208
154 303 299 131 368 369 403 269
106 262 205 244 182 12 115 132
14 3 141 234 101 178 374 208
268 241 279 296 473 63 72 135
207 398 299 352 108 109 70 329
36 161 259 491 323 30 354 64
72 256 81 326 150 22 186 215
39 466 386 20 348 279 216 58
473 438 334 401 457 482 256 175
360 318 181 417 146 429 418 484
43 450 47 135 89 131 476 63
53 74 433 231 194 337 274 265
438 383 446 376 159 433 37 147
17 106 403 347 140 274 99 208
473 131 88 442 72 390 483 165
156 408 44 321 403 436 153 296
443 100 457 436 85 322 346 34
68 377 438 435 261 391 118 465
263 454 63 89 64 474 404 222
318 489 120 210 494 26 386 407
484 98 34 341 185 336 346 338
157 50 109 207 433 360 390 465
201 49 180 486 461 84 65 308
393 441 372 186 64 352 236 266
141 292 122 183 373 456 93 49
48 258 52 481 120 53 259 173
194 385 120 407 162 407 289 21
358 99 93 405 177 413 395 294
113 239 207 154 34 149 340 101
161 4 144 411 254 97 498 197
272 337 446 426 341 461 24 135
4 171 82 319 133 465 447 125
258 171 359 243 56 408 302 112
232 433 144 248 234 180 270 166
277 458 230 250 100 15 414 144
49 239 487 213 468 326 441 309
478 423 190 304 367 16 283 449
152 97 88 111 1 247 472 118
246 171 356 382 352 331 300 23
59 324 500 237 222 65 84 180
102 7 123 294 58 14 124 160
434 455 288 418 463 462 158 347
31 309 21 196 477 497 414 428
455 57 322 340 438 49 12 452
78 344 358 234 262 234 287 312
406 339 405 416 264 352 314 55
140 111 233 359 55 320 218 499
277 239 36 339 129 128 58 123
169 458 443 206 348 31 399 83
320 26 374 453 51 166 351 468
396 190 42 139 241 169 302 55
453 317 234 112 311 446 249 339
297 316 471 164 418 481 313 472
280 128 212 245 210 175 110 489
48 66 314 172 357 168 485 438
494 409 53 409 236 172 469 495
500 27 41 158 312 26 11 355
473 200 478 268 359 444 358 470
160 434 456 158 29 232 480 132
69 471 476 272 392 498 138 203
403 339 369 270 144 55 472 360
12 439 8 402 123 292 327 478
452 363 420 362 50 301 193 103
199 172 495 115 306 407 497 254
54 139 448 483 224 23 33 63
325 180 218 92 362 332 106 335
496 60 7 414 288 304 463 72
485 284 415 181 439 372 53 426
48 223 312 308 137 136 260 25
228 168 105 112 439 164 49 272
216 410 24 11 42 461 283 403
190 22 154 10 255 388 207 442
407 296 80 395 435 358 383 216
425 287 172 303 456 215 139 5
191 436 92 449 118 283 383 212
461 439 339 278 490 280 18 10
233 202 409 419 210 482 58 361
435 328 3 410 479 402 281 199
318 35 445 357 90 39 346 64
493 30 243 224 348 324 278 251
251 156 273 460 486 288 367 133
204 223 495 167 349 396 81 232
417 278 25 193 3 289 256 5
139 200 384 422 268 355 403 303
341 319 419 394 58 311 325 186
258 45 319 252 142 198 70 201
124 146 156 19 405 80 322 497
139 457 89 44 464 1 274 487
431 490 444 161 228 148 137 322
246 42 459 63 438 295 476 186
463 223 168 458 312 252 483 18
317 484 35 92 114 112 198 71
140 74 450 337 262 150 172 395
435 334 248 442 248 164 420 412
345 304 243 233 243 170 303 462
385 373 136 403 135 361 411 76
138 187 392 62 433 426 495 139
215 215 25 488 430 144 253 121
499 22 68 170 223 258 79 204
406 89 426 377 482 146 42 432
15 48 495 309 248 411 98 37
92 88 174 436 234 28 183 238
345 184 412 388 12 123 498 67
66 272 445 318 277 459 450 325
216 285 69 380 221 494 131 288
195 27 428 320 453 400 419 440
83 7 354 107 374 238 444 129
399 433 80 23 446 244 423 385
1 167 429 180 98 159 444 274
236 284 62 39 115 367 60 82
105 347 18 415 273 62 229 109
366 261 495 190 387 4 142 426
321 406 7 178 364 341 80 394
83 448 128 57 251 62 134 199
387 467 73 464 213 312 94 247
242 47 130 353 230 499 482 279
214 317 244 208 239 36 476 424
224 319 258 438 363 140 134 349
256 235 265 238 433 495 438 463
425 296 310 70 111 50 247 187
66 357 159 440 215 34 263 428
462 300 129 78 185 282 443 35
429 464 121 285 106 144 394 393
197 348 98 75 404 429 206 380
154 426 316 69 252 376 37 382
294 204 496 473 494 460 409 173
242 374 242 57 248 315 485 389
427 486 370 127 483 271 250 33
142 27 324 462 45 365 250 246
33 250 124 148 498 133 5 467
151 288 10 498 39 87 395 251
407 367 350 317 194 397 467 306
241 72 370 17 63 323 355 197
340 67 123 297 212 285 201 497
195 207 152 492 163 297 40 263
477 322 3 375 383 490 177 39
357 418 418 229 242 134 195 89
74 155 151 145 318 461 96 399
72 38 404 416 75 340 229 390
401 288 140 56 403 419 289 288
476 489 280 194 22 439 42 31
370 421 140 17 34 461 247 417
96 294 83 280 200 333 197 346
26 376 118 216 341 380 478 361
207 188 277 72 311 134 401 312
287 182 368 67 353 340 376 351
400 199 316 430 466 451 144 29
357 375 104 347 23 92 45 478
242 24 40 123 288 138 363 434
470 125 125 53 431 215 398 145
40 312 7 40 269 163 431 49
446 408 78 469 275 31 484 76
465 376 50 439 102 432 289 387
219 150 315 293 232 421 121 495
155 138 141 120 45 157 309 236
269 44 28 202 126 198 222 341
307 337 26 444 441 215 393 69
418 227 80 209 187 123 354 278
275 52 13 8 161 448 30 364
422 491 291 266 412 117 108 374
358 371 304 394 157 16 393 402
70 266 146 320 198 473 260 352
10 107 427 146 294 40 239 195
316 96 14 214 169 335 460 260
56 313 496 414 178 350 396 485
69 87 316 441 471 414 467 259
129 458 304 37 53 195 239 168
56 116 122 160 168 193 449 297
462 175 491 422 95 258 171 365
157 115 171 26 379 146 32 57
252 206 70 53 315 266 298 475
26 446 349 321 223 19 479 235
256 378 24 207 310 72 217 344
431 450 102 322 334 431 206 452
119 90 468 130 199 64 113 487
302 123 477 282 76 200 150 37
237 214 143 354 421 147 158 133
142 367 313 177 483 246 401 398
321 455 315 36 324 187 38 62
44 126 134 421 12 112 455 114
291 150 137 313 33 328 83 428
128 478 285 39 212 134 190 301
339 89 477 407 277 295 360 467
32 4 454 452 283 192 314 132
492 259 445 370 254 18 6 409
112 341 344 152 139 157 108 280
237 187 93 139 187 269 324 490
165 285 155 185 108 364 109 166
429 57 211 139 427 378 374 168
401 149 328 128 157 135 351 171
3 318 152 68 346 281 72 99
196 100 497 302 285 111 118 44
418 199 196 338 366 127 288 317
460 241 421 180 358 413 312 490
441 421 416 290 354 62 439 479
265 489 50 10 236 174 312 274
54 445 471 210 153 438 318 113
373 359 82 82 105 126 309 5
243 149 463 270 279 296 189 28
132 134 164 117 230 48 360 312
359 36 348 171 377 310 423 330
39 387 351 175 232 168 325 396
220 257 449 34 192 265 15 363
140 388 302 67 467 254 89 402
435 48 23 165 326 268 27 425
284 118 44 168 73 220 33 131
37 178 268 211 134 234 304 13
291 214 169 332 419 139 255 396
275 464 201 236 291 92 447 303
14 484 58 367 237 225 271 322
478 447 434 30 417 230 336 60
203 14 316 252 25 4 42 166
455 177 397 28 338 317 230 118
26 56 64 110 32 376 106 297
483 313 3 281 321 103 356 198
45 64 71 463 230 477 99 68
207 218 440 481 497 40 48 476
200 315 314 135 270 200 462 369
40 360 305 358 130 157 35 405
445 49 342 5 215 173 197 103
382 28 433 171 37 112 38 159
340 416 105 212 266 207 496 64
60 115 254 216 363 293 437 343
346 293 314 178 429 1 340 21
150 455 96 238 498 142 263 437
297 120 44 244 306 165 291 359
40 479 74 179 46 363 359 350
314 259 18 186 27 124 157 292
333 486 389 386 120 65 447 60
81 362 283 162 212 403 323 179
132 259 495 366 437 314 256 56
299 355 494 261 164 267 275 330
144 213 121 456 414 38 279 194
86 451 286 304 473 237 33 162
304 404 135 35 33 315 476 232
70 327 95 4 267 373 446 269
111 209 375 314 397 9 70 486
25 371 62 33 384 310 288 434
180 306 313 237 333 57 368 134
87 361 20 345 465 447 119 419
149 382 315 465 18 181 132 68
498 245 198 81 479 487 116 66
236 424 270 124 307 61 403 234
126 285 478 318 158 17 169 114
64 315 150 210 298 87 133 484
260 338 59 12 256 423 242 77
67 162 181 412 193 299 249 452
82 300 255 17 214 366 168 97
10 233 363 484 428 442 242 298
385 321 88 222 221 299 317 473
122 101 374 221 468 338 270 192
241 49 417 104 273 71 349 96
228 500 54 250 403 95 250 486
63 275 5 171 112 50 153 205
5 425 417 163 76 430 223 270
237 13 107 142 210 231 371 286
150 155 332 74 150 309 414 8
143 151 342 188 173 441 26 173
404 225 227 255 233 192 95 22
327 384 282 454 102 167 90 61
487 110 116 155 406 213 148 272
57 310 480 431 118 188 105 261
126 234 495 343 123 460 499 232
387 225 173 270 65 62 290 296
145 186 138 221 71 386 334 403
357 19 38 393 198 334 289 301
101 127 225 304 201 93 277 97
180 241 92 345 183 53 148 47
110 343 174 99 121 237 208 7
214 187 484 131 96 180 103 73
143 417 234 419 392 12 399 331
19 43 396 303 312 335 339 87
223 216 81 487 196 162 273 373
189 130 331 67 37 13 266 377
421 60 149 262 124 124 65 331
177 384 483 100 8 93 432 402
212 46 490 108 243 348 157 238
426 303 366 459 213 218 194 389
187 151 374 11 25 130 133 210
472 424 336 292 98 71 385 429
193 16 346 322 144 240 184 356
457 71 493 357 320 130 231 74
348 391 126 440 299 486 125 294
113 230 476 231 147 36 392 356
97 415 172 54 85 73 339 129
434 169 357 219 21 414 382 38
202 459 468 391 81 439 25 129
195 10 205 137 187 13 73 284
246 475 500 326 186 340 336 476
361 10 449 260 21 221 114 142
359 371 472 267 245 494 475 474
132 77 170 295 58 281 438 295
114 299 210 227 341 92 18 228
129 413 37 99 457 229 19 463
88 321 23 376 201 446 281 1
26 223 63 123 495 413 465 191
226 399 227 445 445 102 418 471
215 303 238 154 3 171 422 24
473 371 316 285 294 116 478 401
30 343 121 302 80 40 58 218
30 160 250 269 93 202 38 468
483 280 174 172 303 273 38 28
290 261 91 468 175 311 495 48
452 206 123 149 287 247 279 342
325 410 59 13 422 479 233 431
417 351 284 37 7 283 315 201
362 104 168 192 430 168 187 29
452 292 429 310 169 214 390 242
265 80 247 167 268 314 128 92
121 165 81 393 497 240 326 446
170 456 144 57 413 42 106 416
309 416 176 267 442 72 311 45
120 279 449 245 7 342 202 95
50 9 127 288 162 441 338 114
314 208 194 264 486 350 464 461
424 106 347 331 397 49 424 365
51 255 113 365 446 492 167 68
49 80 257 67 359 242 315 43
246 464 271 343 207 264 438 400
50 227 202 145 260 327 7 493
70 163 464 206 435 447 127 319
314 213 156 172 445 450 381 16
270 166 173 427 176 247 95 381
93 319 46 187 489 411 299 205
40 31 305 83 56 148 383 408
393 385 50 380 287 237 125 33
78 464 443 444 231 20 200 341
277 329 262 32 353 300 433 225
483 332 252 110 362 363 162 344
490 16 213 299 215 460 258 310
249 114 234 227 138 326 211 358
252 346 10 356 284 48 3 261
233 374 197 498 409 347 121 313
392 129 193 138 103 71 225 11
180 281 480 134 243 434 251 265
212 97 298 363 253 199 268 433
51 176 381 291 24 112 110 488
277 388 420 435 485 241 93 284
423 268 424 359 320 135 97 343
46 219 375 429 470 90 409 381
281 131 51 365 237 463 143 26
171 134 32 64 206 203 198 190
150 56 122 228 185 14 495 318
190 255 372 422 377 81 76 426
387 2 36 464 310 264 160 261
491 383 317 459 345 212 196 75
117 497 139 367 88 142 116 404
4 354 162 382 387 55 40 102
452 230 475 92 316 98 63 15
236 218 69 194 184 245 12 432
467 118 422 498 316 153 292 260
432 144 196 377 220 385 305 394
182 163 284 426 491 342 114 19
64 436 362 136 41 142 461 470
465 320 159 179 392 432 51 261
37 52 238 75 260 270 500 3
363 20 459 436 111 396 72 24
445 473 115 485 205 158 287 415
227 142 350 297 309 125 350 465
5 487 96 245 431 167 252 379
476 197 41 427 419 183 126 232
44 404 293 308 200 181 163 373
25 69 112 340 99 436 305 215
406 228 123 217 392 287 313 120
49 231 381 36 165 151 87 22
305 177 171 239 322 285 224 234
179 189 264 360 458 324 494 463
165 160 250 424 308 135 132 73
265 30 375 265 367 5 499 258
132 185 69 9 67 367 230 304
201 265 279 9 425 6 391 217
289 146 453 399 275 203 84 33
394 177 464 184 210 277 67 252
441 460 351 414 434 354 406 370
186 433 368 39 170 490 163 129
212 119 253 236 465 310 241 282
90 397 203 423 453 218 153 68
375 137 194 350 464 120 171 435
83 6 323 266 471 75 175 335
448 223 481 365 214 264 336 11
398 322 352 252 290 337 356 414
92 65 353 314 129 173 337 417
460 168 248 338 237 49 449 455
402 473 281 313 433 167 27 432
178 455 324 465 183 5 161 18
206 195 361 364 173 206 412 251
41 278 256 271 451 493 208 289
294 26 342 440 199 372 173 169
445 244 38 264 102 11 218 56
149 388 61 393 76 239 333 321
365 337 342 110 67 243 61 121
36 445 431 437 360 262 55 98
337 242 458 108 213 239 406 117
207 412 341 393 53 47 231 191
130 484 242 69 235 426 354 147
356 435 56 98 268 239 119 275
72 177 129 361 456 328 265 307
319 174 437 457 58 162 131 177
382 232 273 357 185 463 90 352
369 375 109 46 11 499 236 204
27 148 369 415 277 174 228 183
44 490 326 471 81 142 20 276
290 73 62 87 39 494 165 362
44 18 491 469 412 263 10 409
162 432 349 66 319 198 458 250
27 318 331 425 279 368 314 198
374 298 246 433 498 486 208 291
469 23 181 387 301 239 438 58
325 176 10 370 497 148 279 458
32 251 320 441 115 179 89 140
309 180 75 137 461 127 238 233
120 423 168 224 472 194 407 340
215 473 110 19 464 455 176 281
479 64 474 405 23 469 118 478
321 326 79 74 66 434 7 466
57 194 54 165 494 384 38 353
422 18 448 37 144 148 96 66
103 167 283 336 169 426 332 73
92 288 97 147 219 411 124 481
495 183 222 492 134 395 145 183
116 149 368 13 392 243 147 448
66 76 482 318 226 191 127 231
87 260 14 130 297 85 196 485
235 147 325 126 202 261 402 128
394 411 331 133 338 279 366 209
74 252 452 34 102 268 292 478
194 36 25 394 180 277 455 172
197 481 137 247 240 114 481 438
400 422 268 150 112 356 484 148
28 62 319 234 441 380 310 52
385 124 370 375 216 330 365 145
457 222 437 440 493 307 176 75
201 10 227 221 351 295 161 13
376 248 286 265 391 276 361 143
19 137 101 73 292 77 247 260
139 81 85 315 245 483 285 221
451 106 301 492 123 476 181 464
489 455 102 75 335 495 18 386
77 131 351 124 498 177 188 53
59 143 218 390 248 80 459 3
420 87 89 17 36 34 97 181
325 205 58 176 394 334 316 437
391 497 259 228 424 11 401 312
348 168 51 440 490 19 83 33
1 433 307 411 202 398 352 292
458 230 294 181 460 112 219 95
413 303 46 417 167 19 293 237
259 19 112 144 230 18 432 102
242 298 448 353 432 483 283 105
353 330 190 32 125 210 83 414
215 63 11 288 291 396 164 12
200 4 437 212 430 317 478 488
238 481 315 161 311 34 457 412
58 16 243 238 253 228 497 125
221 354 194 71 131 363 82 74
163 72 411 487 88 180 390 414
243 416 256 446 391 15 102 489
8 172 224 175 443 93 440 212
278 471 251 295 493 431 204 233
27 43 230 109 404 125 494 88
127 448 432 420 496 449 374 25
261 91 449 52 264 186 89 72
15 76 115 357 183 369 417 322
490 145 96 318 84 3 48 399
383 328 45 127 186 348 358 190
491 205 47 139 325 482 47 119
252 473 261 447 14 468 269 122
170 48 331 454 103 112 236 449
87 181 382 443 488 286 333 142
459 85 493 78 431 178 346 414
125 375 13 359 498 45 237 127
308 227 494 189 136 44 205 327
471 74 268 76 435 356 239 447
349 212 3 303 397 297 178 269
426 170 204 251 186 440 260 15
460 168 494 491 132 221 227 69
118 412 309 102 64 377 213 195
161 473 374 120 270 316 468 213
298 81 477 81 100 16 134 480
105 427 281 232 7 12 38 160
234 274 224 393 144 258 282 116
282 165 213 396 137 307 495 220
238 45 324 172 494 429 424 132
41 470 353 312 181 352 71 66
373 185 205 189 454 366 474 464
454 187 172 367 251 329 307 215
130 369 245 143 397 325 317 62
450 434 18 268 77 194 149 205
212 237 329 295 469 159 173 170
71 384 216 64 172 198 41 339
478 2 285 252 37 137 429 42
405 102 162 394 357 21 24 439
83 233 179 113 436 317 496 382
114 204 387 389 160 291 332 483
370 300 372 282 182 328 340 327
330 391 184 427 147 299 181 118
401 82 151 113 376 313 451 464
451 38 472 305 479 472 208 182
50 258 136 153 299 148 291 427
1 364 57 328 80 324 227 305
436 135 222 361 241 143 8 228
265 150 100 144 164 164 394 226
113 280 327 81 362 69 182 457
81 255 338 496 328 113 234 243
342 349 143 27 23 58 33 470
434 482 217 266 184 48 273 386
276 411 236 418 113 392 143 357
88 404 56 90 226 278 166 162
396 355 210 341 413 139 121 434
148 307 310 168 315 60 461 78
339 371 467 313 229 173 164 444
156 364 159 140 152 114 220 237
494 426 68 137 145 149 224 312
220 384 411 176 33 195 162 470
294 483 401 12 194 223 500 52
310 291 297 273 484 246 484 128
383 242 136 310 417 217 63 280
118 303 365 415 318 437 117 446
412 16 229 328 191 414 495 430
426 212 240 412 35 53 472 175
433 86 146 392 398 191 213 462
394 332 59 413 385 331 421 106
159 341 492 441 410 340 494 78
463 136 31 351 425 476 166 202
130 223 375 443 296 442 447 199
451 380 230 459 187 409 99 462
313 7 468 364 41 418 500 177
75 406 27 445 474 175 169 481
351 252 410 391 18 402 267 277
350 495 352 243 216 226 405 46
43 470 55 403 245 59 177 121
460 275 127 418 273 369 85 268
56 414 151 228 246 225 35 202
4 168 19 487 128 167 258 70
137 289 157 272 418 461 118 60
207 403 79 290 383 266 143 232
93 160 42 314 394 156 75 228
174 228 331 277 155 299 195 462
2 468 488 210 263 80 146 284
292 357 371 449 368 135 266 291
429 11 108 73 347 130 405 489
15 446 466 303 193 55 294 367
132 385 346 56 150 433 209 339
42 77 108 348 28 268 307 314
350 466 112 29 261 172 439 171
298 199 150 48 177 319 450 143
173 89 70 20 217 256 452 483
139 412 133 305 399 176 312 154
98 362 202 2 28 301 53 340
146 74 150 364 280 302 59 64
394 7 277 337 109 344 214 158
417 118 175 169 289 468 491 341
466 211 303 449 275 323 281 347
36 496 83 167 410 205 410 456
147 469 430 379 206 18 227 55
29 358 432 425 473 240 480 125
366 164 346 388 136 302 89 188
100 333 340 472 479 19 22 257
404 447 37 314 356 85 456 46
51 169 222 387 464 343 377 201
97 282 148 440 441 327 136 343
54 56 89 397 98 224 271 189
60 322 383 214 179 182 256 451
375 495 137 437 278 189 408 284
81 496 263 22 331 46 11 44
2 82 346 85 189 130 34 158
292 382 62 143 30 433 143 110
280 186 79 53 435 447 28 236
356 183 97 185 377 58 461 167
435 198 172 85 102 31 309 15
201 286 289 337 2 485 133 7
435 469 266 49 155 41 86 168
47 90 61 44 193 328 162 340
394 333 170 7 230 15 295 96
4 102 477 292 191 10 367 110
325 10 458 67 465 186 393 372
434 106 184 281 89 4 254 407
343 358 257 28 165 427 417 185
276 76 428 408 161 473 412 139
124 82 457 353 326 391 153 356
381 27 269 211 419 328 38 124
98 482 160 424 3 135 193 282
172 321 217 381 247 94 69 458
288 132 149 482 202 419 266 148
407 288 128 445 465 267 241 35
95 356 151 72 379 298 138 371
39 96 464 240 487 384 492 452
467 249 461 94 97 23 97 384
349 2 458 429 319 75 251 61
389 274 46 410 94 64 161 80
274 63 138 379 223 76 71 415
123 392 366 429 179 283 365 256
467 384 462 474 7 69 189 408
390 165 242 247 256 411 364 325
429 62 178 260 464 497 122 128
109 234 415 95 191 34 291 100
105 363 156 456 91 284 30 197
392 103 178 420 173 300 50 434
408 270 176 173 26 464 351 88
165 282 436 228 43 136 486 4
459 434 368 351 105 280 18 33
276 68 338 400 157 454 408 220
3 343 465 12 193 317 432 6
347 221 69 332 181 438 258 5
381 306 471 200 315 447 254 199
77 215 19 490 23 419 96 441
321 4 188 232 216 151 465 5
135 143 35 11 58 384 75 85
306 58 148 141 494 391 301 230
185 37 95 60 57 463 161 342
395 422 337 156 120 123 476 499
324 11 329 165 58 369 102 214
327 447 128 415 149 12 383 344
106 238 453 77 81 379 383 80
110 172 145 442 433 144 387 311
368 198 259 331 104 350 430 306
352 65 485 326 62 3 189 240
433 125 322 341 352 55 167 61
431 435 190 273 383 151 117 480
337 251 446 71 125 39 79 227
213 215 37 11 443 275 30 66
182 450 444 483 398 62 380 411
253 334 367 5 238 103 443 264
352 55 53 319 482 206 498 91
57 74 448 204 313 338 486 185
453 302 406 5 250 33 50 433
15 366 73 22 198 217 372 366
260 473 56 373 341 114 330 428
422 457 156 243 392 417 457 411
466 213 341 434 410 391 437 146
348 435 58 308 2 268 72 474
423 438 476 295 70 45 111 249
230 357 451 26 136 266 112 271
60 354 156 167 380 49 390 324
201 84 113 447 395 21 139 492
391 94 412 47 43 76 341 282
490 137 129 19 273 465 10 278
197 38 375 466 169 478 257 418
410 266 343 355 53 300 366 236
33 188 472 159 134 38 181 202
330 70 64 321 34 46 372 122
187 484 494 356 485 139 312 60
163 340 358 244 460 148 204 43
373 412 381 222 457 288 254 439
266 336 178 95 84 100 149 212
230 321 394 265 343 284 457 402
267 271 388 463 32 206 34 427
19 64 138 428 90 241 41 296
165 486 202 339 127 243 453 208
148 281 194 186 425 456 91 8
420 466 437 190 224 65 430 353
235 345 251 68 154 266 289 365
284 17 181 112 103 348 288 147
76 39 130 173 485 420 7 194
168 242 319 170 229 378 398 37
368 370 381 268 200 94 138 187
463 260 434 378 188 115 123 119
109 179 179 151 444 35 423 456
412 251 396 480 207 52 102 376
155 157 158 483 322 142 120 212
430 260 129 361 293 427 121 129
124 123 432 109 30 346 489 6
208 88 72 295 54 324 169 480
416 366 297 233 346 154 500 413
33 164 442 421 335 265 70 362
385 232 257 134 403 260 317 41
427 25 365 390 206 113 350 179
127 30 87 407 337 397 201 210
472 29 398 214 198 96 259 289
80 281 299 145 262 406 142 203
367 404 1 107 298 437 400 16
116 393 98 455 327 128 343 204
334 86 296 33 74 413 99 293
444 411 49 396 277 204 164 317
138 42 124 117 240 297 460 214
330 266 441 198 120 394 439 477
292 172 481 196 51 267 466 208
103 177 311 238 386 61 279 460
9 98 312 459 370 491 336 251
338 174 76 252 255 304 232 331
174 299 143 428 24 199 129 117
299 269 398 319 462 481 44 422
100 170 67 203 373 303 64 50
293 244 472 334 278 417 90 280
160 386 484 214 127 273 86 283
165 55 200 422 185 421 406 409
383 462 92 88 60 112 34 483
500 49 444 490 431 390 78 254
281 458 52 440 226 344 464 456
417 8 424 397 166 129 313 376
449 391 476 78 89 483 408 138
390 32 316 138 499 331 491 200
191 250 169 24 158 24 348 63
158 44 315 423 327 180 105 226
315 209 314 345 278 76 469 87
242 278 261 256 234 175 481 13
196 335 205 16 31 451 256 284
346 450 435 13 286 335 283 81
10 343 14 53 488 270 162 314
187 278 226 122 391 115 433 271
189 228 376 266 420 50 131 479
323 423 155 277 400 182 79 276
287 361 296 234 315 273 429 55
246 434 239 414 196 366 122 33
414 86 172 488 443 8 78 457
286 31 123 160 29 100 115 95
453 241 193 21 55 14 340 494
327 283 105 342 143 169 20 343
3 169 131 464 146 31 395 44
283 284 300 438 304 421 445 270
431 364 12 108 312 213 159 299
386 239 439 17 197 19 295 389
475 216 368 73 350 119 80 213
17 69 225 220 291 74 316 17
300 489 409 292 389 381 77 283
70 194 437 311 94 473 276 415
167 36 44 27 379 261 289 188
278 176 483 480 92 475 405 36
225 10 49 470 327 287 214 312
345 71 71 464 270 74 218 273
339 380 362 102 24 5 336 142
240 38 200 223 280 63 314 171
490 35 443 64 438 223 386 131
329 43 126 84 200 159 306 103
67 141 338 442 315 422 3 461
200 458 318 322 199 71 77 287
267 241 111 404 270 272 70 237
495 386 197 307 62 320 418 226
83 350 68 23 318 73 498 251
38 220 89 248 393 219 154 426
312 16 190 380 339 238 169 340
399 283 425 405 302 476 365 408
471 448 157 385 34 41 187 294
22 410 39 304 177 285 164 117
268 119 55 182 164 22 283 334
20 58 261 446 105 232 380 170
166 282 56 168 3 7 368 360
307 322 278 92 337 308 459 337
168 183 430 401 271 12 441 362
424 177 201 134 354 287 93 213
493 305 494 345 465 66 301 432
135 124 457 347 195 346 15 8
129 283 316 157 186 351 330 247
25 277 89 434 11 98 131 183
396 181 9 254 199 179 136 210
364 161 77 369 8 484 41 272
384 136 60 169 370 244 334 31
164 372 242 212 198 376 478 250
171 177 187 496 186 26 223 341
279 149 109 290 303 97 368 19
292 329 250 295 358 114 265 469
497 150 127 402 80 358 118 457
1 470 460 344 179 346 337 423
176 211 141 73 114 50 292 287
364 127 90 150 352 250 364 301
300 439 184 266 21 340 392 135
388 375 266 96 396 99 183 35
310 343 305 53 207 498 37 131
159 434 61 218 358 355 66 411
4 438 434 402 193 337 408 30
22 153 127 422 293 75 392 205
23 255 10 87 52 390 488 286
394 25 454 352 317 230 200 471
359 23 244 236 432 425 360 369
412 399 339 285 136 315 292 445
5 220 279 208 423 161 261 438
405 121 106 198 209 431 57 65
499 211 490 334 381 206 446 328
186 386 276 284 83 390 103 448
105 497 377 172 297 40 58 22
148 313 163 469 482 37 89 261
217 158 361 251 117 265 485 335
360 294 396 85 371 122 278 352
487 408 146 443 153 279 121 154
430 102 320 49 88 385 176 76
121 195 87 483 25 21 30 194
69 442 126 415 168 127 392 86
471 257 245 210 209 153 277 166
181 359 346 315 446 102 163 240
438 27 251 17 186 108 24 497
266 291 47 138 414 46 253 186
228 185 371 331 183 230 354 106
447 401 59 277 249 73 285 202
286 265 438 15 423 490 375 284
95 208 210 146 285 43 62 245
51 240 306 196 32 32 305 471
165 416 318 281 426 9 206 127
399 162 318 396 327 84 115 7
16 470 283 199 192 269 214 497
121 145 337 59 448 440 45 7
319 231 27 1 138 307 55 89
366 378 102 216 189 402 9 406
109 224 210 157 321 205 33 164
431 265 332 242 127 61 419 375
120 82 439 447 56 459 119 454
395 212 315 96 110 443 248 98
110 295 248 444 54 86 272 180
404 335 471 431 500 289 429 219
294 115 312 457 47 444 78 228
313 140 23 486 122 464 416 253
70 378 196 316 48 137 110 431
275 268 247 380 236 276 278 132
487 111 257 473 18 34 381 441
70 475 376 207 29 48 294 153
198 346 167 361 426 409 155 284
203 115 428 172 8 467 91 420
200 265 387 266 346 259 331 32
232 9 298 375 102 500 125 364
286 443 83 304 318 443 444 286
397 69 360 223 222 330 157 145
53 370 400 172 179 436 428 157
452 137 24 207 387 147 277 404
282 88 415 127 122 35 208 471
257 498 401 317 290 88 229 241
18 437 71 395 365 144 100 224
74 128 102 285 162 146 83 199
485 74 440 452 171 76 107 86
231 373 290 34 94 258 487 434
222 344 417 203 255 481 240 320
222 193 124 455 408 141 302 467
13 100 484 229 337 411 461 59
191 111 276 322 16 111 233 127
378 111 337 464 474 339 131 483
175 185 263 231 181 263 354 299
208 43 449 476 460 175 19 302
92 231 382 425 446 212 273 172
319 168 203 378 115 135 486 233
370 328 198 427 432 240 124 343
159 114 250 75 151 297 224 443
11 466 480 491 238 380 34 404
262 312 271 477 4 273 480 36
24 289 225 418 191 22 387 122
414 470 144 208 456 460 217 290
412 115 254 428 252 228 177 109
246 290 38 125 473 484 181 345
311 341 380 447 148 346 383 146
337 443 437 190 493 141 29 404
343 191 165 12 122 356 253 54
498 483 79 19 92 452 353 292
455 431 316 324 72 479 244 442
447 432 477 365 47 303 388 291
8 77 484 388 179 459 10 419
61 382 50 221 163 459 457 493
338 380 424 492 163 207 299 146
81 50 422 445 174 471 450 408
426 298 295 226 490 150 356 405
100 417 116 360 264 2 344 245
190 183 213 155 124 342 339 451
231 280 246 241 202 425 68 160
43 54 459 68 164 172 396 390
167 392 20 129 437 144 330 362
97 245 466 421 165 453 49 191
9 15 464 399 158 468 485 433
385 416 451 52 9 222 161 435
166 288 318 86 462 199 392 306
297 305 279 194 228 132 271 223
379 54 137 91 343 197 177 101
101 133 255 116 104 55 380 388
353 225 111 357 125 239 433 287
114 84 24 210 494 298 83 47
157 70 171 159 257 195 13 446
226 324 400 62 231 416 171 474
407 426 310 201 445 165 321 199
262 138 422 305 147 323 453 416
46 142 216 208 440 339 288 6
114 250 493 28 208 109 120 203
325 328 103 369 445 97 317 453
303 198 468 184 107 409 311 296
139 27 268 246 400 296 494 228
39 115 454 445 92 193 471 500
456 238 259 55 386 446 108 104
423 405 471 77 298 474 215 105
344 353 134 78 148 223 52 79
131 225 480 149 139 252 162 6
337 105 125 442 264 381 346 194
424 2 49 85 343 266 221 473
225 119 166 338 166 68 308 441
368 67 113 272 377 395 27 76
291 284 289 386 311 397 76 246
231 446 136 141 175 254 7 482
465 38 224 495 472 70 273 177
350 263 408 278 338 22 398 49
61 40 455 271 298 211 37 464
387 28 172 7 158 233 183 195
334 425 321 154 251 190 416 367
299 78 226 231 21 253 193 179
10 241 104 313 163 63 165 268
58 253 479 281 196 489 357 87
218 237 172 213 263 483 371 39
53 415 281 27 199 302 102 237
319 234 259 132 148 252 56 330
490 193 355 157 393 327 223 424
430 141 109 138 467 226 197 205
342 123 292 394 344 108 436 407
92 436 25 340 198 66 467 198
88 167 444 165 124 349 479 113
330 106 8 28 328 218 151 21
208 153 291 392 200 397 204 357
17 438 49 454 28 354 385 476
108 295 200 396 234 179 444 314
434 348 22 279 11 320 147 200
119 366 123 181 247 421 341 471
401 9 23 52 324 184 190 412
426 411 357 78 339 428 171 367
109 418 419 154 486 379 299 96
129 262 211 254 200 457 479 313
442 20 219 47 309 451 191 7
38 484 494 199 291 1 102 96
344 45 205 483 194 36 111 318
141 284 220 433 281 37 142 199
418 288 454 452 370 40 391 171
59 93 432 418 142 130 148 41
15 328 470 425 42 187 86 387
214 212 196 376 444 252 319 125
266 233 319 341 436 394 491 338
190 292 106 157 251 462 338 154
314 276 381 8 212 287 84 73
261 271 197 69 150 183 425 71
6 450 254 392 439 178 313 118
287 205 460 240 412 277 438 408
357 72 347 56 118 13 197 98
46 325 323 370 58 434 269 197
45 407 476 379 278 116 415 73
326 401 286 249 455 41 139 221
344 273 158 261 145 368 410 128
221 109 20 429 138 435 157 416
145 286 12 376 359 455 245 245
99 320 153 173 181 311 257 194
94 342 348 112 449 345 169 85
57 268 246 500 288 305 255 318
184 332 470 322 320 200 481 396
89 77 208 64 125 370 377 412
316 116 297 499 154 459 85 300
180 390 36 434 181 22 191 445
431 240 466 257 38 414 429 465
97 428 340 38 329 55 170 173
70 375 160 75 423 19 459 88
64 398 471 147 457 19 287 355
238 339 197 248 125 114 88 375
44 3 87 80 67 429 308 495
268 270 405 129 353 89 489 483
342 392 478 155 64 287 261 22
345 372 439 269 233 411 155 268
235 372 463 468 389 414 356 305
209 94 80 243 44 292 334 232
498 381 457 306 346 75 25 364
379 449 206 319 213 174 253 231
333 479 328 388 273 118 73 318
315 314 242 139 136 205 315 495
367 13 192 48 222 190 185 323
17 90 132 34 387 258 166 300
349 141 84 14 239 478 379 396
356 271 294 99 469 499 215 452
175 307 476 125 313 429 243 250
128 493 356 78 381 312 374 263
450 385 181 196 45 418 159 382
225 212 416 473 351 335 478 231
228 228 180 149 475 343 430 213
161 223 134 20 24 44 18 320
157 76 146 77 181 421 187 104
434 294 101 208 165 164 440 140
259 343 453 332 336 313 371 264
423 490 463 222 148 149 201 424
110 22 52 132 109 228 438 70
383 45 419 119 192 159 402 239
48 433 253 414 492 207 385 403
373 178 418 113 320 80 420 205
265 170 246 439 327 66 77 4
55 436 453 52 20 356 127 269
66 346 158 308 274 416 184 346
322 43 156 26 346 348 133 48
37 73 424 405 304 260 434 114
323 44 128 218 205 474 4 184
103 141 448 184 56 356 480 489
167 16 71 51 32 222 194 250
124 494 59 270 475 354 264 288
411 352 382 429 307 329 115 426
297 482 18 316 140 237 342 480
460 401 445 417 191 493 187 321
412 302 201 374 318 415 251 130
163 253 266 293 121 190 242 113
213 479 308 110 103 289 69 415
373 411 66 185 103 246 318 294
338 41 181 353 7 71 276 496
311 46 341 54 412 421 57 350
499 73 70 236 24 464 354 339
162 434 264 478 51 320 261 78
494 394 136 479 491 439 146 387
171 172 477 252 217 373 230 458
423 191 100 32 453 79 119 278
238 193 453 251 57 313 348 368
360 417 20 88 454 159 330 321
214 442 361 27 305 155 23 168
373 91 239 332 440 365 414 209
330 125 356 98 375 110 373 271
463 111 96 349 48 198 490 232
497 113 486 352 455 167 195 231
88 441 407 371 274 187 483 57
91 269 242 370 34 161 258 381
24 348 172 260 196 209 488 70
196 313 394 297 142 100 167 81
465 318 66 449 479 361 32 228
22 342 154 91 30 366 155 469
347 139 369 190 60 440 308 433
375 41 436 499 149 134 18 365
216 205 226 466 351 226 395 312
214 431 484 277 363 184 374 59
320 173 82 36 34 394 164 167
449 278 240 427 425 10 24 215
209 228 206 118 154 451 368 416
142 69 401 116 500 368 389 355
23 10 323 96 483 63 202 338
224 303 283 183 494 456 426 407
163 148 139 237 387 155 173 291
169 392 151 92 415 158 367 313
83 117 77 200 79 500 457 189
318 377 84 401 44 491 50 273
420 372 467 219 55 55 464 443
244 443 261 253 350 85 441 33
286 370 211 310 157 281 430 448
44 363 171 80 302 160 263 21
438 245 145 24 166 87 52 323
203 175 332 283 18 205 365 135
266 286 101 420 363 5 280 58
494 266 457 283 234 30 282 379
30 222 238 480 196 210 214 331
2 447 14 162 99 99 361 419
48 289 436 157 39 261 363 145
220 34 360 444 270 426 293 255
396 393 324 247 357 212 117 351
180 492 498 238 44 371 309 169
472 174 215 213 34 428 464 84
53 450 79 290 383 232 139 274
88 62 326 50 168 66 161 483
435 449 56 156 43 380 16 118
69 414 482 112 200 215 25 431
18 279 423 417 477 51 360 6
313 102 176 479 46 376 102 239
81 99 237 426 54 279 254 444
421 120 129 246 125 246 188 191
187 352 482 485 495 315 425 44
60 97 155 424 484 161 197 419
251 166 168 394 202 476 187 312
262 45 21 35 364 276 21 386
324 446 387 22 351 213 461 89
278 2 50 407 135 306 93 199
1 477 253 466 187 170 176 67
449 80 405 35 14 13 19 453
241 476 351 352 459 421 292 163
228 414 229 250 234 146 135 44
470 500 477 420 409 353 8 71
154 62 270 134 372 458 106 44
406 499 361 399 472 442 439 168
65 336 409 103 444 346 325 60
420 148 367 95 3 470 399 66
8 431 487 284 235 135 402 296
138 478 253 455 278 269 81 255
292 449 9 256 432 58 365 376
265 437 31 162 378 329 494 347
157 302 400 269 410 127 420 23
146 250 103 341 269 418 58 23
300 268 101 256 371 457 115 33
470 59 318 163 410 189 131 85
203 396 201 242 168 471 135 27
490 363 104 243 72 196 175 290
66 254 265 323 169 279 397 89
423 76 458 201 479 371 45 206
299 376 395 417 320 30 451 54
82 200 455 450 53 435 395 87
454 275 394 437 238 250 197 482
364 499 194 444 201 450 197 117
253 315 261 343 111 157 165 70
221 54 204 315 346 224 378 126
216 302 156 214 457 115 427 435
384 170 307 428 428 295 177 370
225 120 159 401 57 32 72 22
61 392 176 288 56 175 212 139
420 252 101 334 480 417 193 351
464 145 431 21 15 29 304 37
494 412 226 337 178 54 324 1
408 55 6 119 254 191 378 2
57 144 487 309 157 217 229 84
169 86 473 155 55 69 291 138
462 183 177 465 230 416 37 389
119 58 142 458 54 165 355 343
204 443 453 251 381 70 266 469
485 326 154 130 144 319 277 141
147 64 272 160 168 65 256 245
242 22 309 487 34 316 480 6
289 484 415 104 12 354 197 58
216 307 468 310 346 242 134 230
190 96 352 433 257 10 221 77
409 279 78 253 12 353 319 15
396 12 334 144 378 437 73 315
56 449 29 392 264 327 90 306
314 458 264 94 461 14 330 109
335 496 297 136 306 240 335 379
461 142 481 480 114 445 374 492
315 472 457 438 168 49 106 215
401 6 436 50 248 366 145 49
161 18 126 80 240 268 449 52
271 435 441 318 21 327 44 485
158 307 182 310 400 445 301 22
181 470 108 309 90 341 189 17
111 96 270 129 340 181 247 207
4 55 108 200 207 25 152 442
137 294 450 466 469 306 223 276
8 484 65 407 159 312 414 421
29 355 244 427 437 321 8 1
186 109 388 228 248 235 33 192
388 110 317 468 459 449 117 203
352 324 134 52 434 103 433 46
147 94 145 182 26 245 404 500
234 310 68 376 188 481 343 45
203 411 113 206 118 214 386 249
305 175 492 480 60 365 285 462
281 254 344 202 412 76 72 26
147 45 409 179 343 6 7 262
225 152 252 370 1 464 362 340
313 129 322 27 257 239 475 118
402 414 257 127 99 187 343 346
83 75 286 272 264 346 72 88
220 38 458 51 329 87 342 86
438 381 120 362 177 156 397 19
299 295 380 429 362 213 173 443
280 103 351 357 240 330 319 177
302 108 229 136 399 497 13 78
366 340 194 483 243 305 145 311
184 61 22 413 447 76 482 483
368 438 69 269 295 42 150 439
207 79 147 347 204 395 259 356
435 17 433 259 349 433 239 360
353 211 498 249 100 492 119 381
325 64 447 104 493 89 435 496
61 38 67 235 479 476 392 176
266 65 232 355 389 9 125 13
221 190 240 139 74 434 127 1
19 104 305 94 61 336 469 422
339 250 426 220 227 222 153 242
438 347 335 301 496 61 181 333
326 313 189 417 321 130 443 155
404 55 43 71 269 474 209 468
136 119 471 54 151 373 441 10
349 296 263 427 73 140 210 66
322 305 96 253 101 99 198 139
354 356 302 163 387 148 306 405
169 420 494 17 460 498 389 348
13 56 79 428 494 55 481 207
486 65 61 109 106 386 220 429
27 88 105 98 388 329 108 419
6 142 295 293 170 117 252 108
67 106 195 331 366 137 385 164
446 330 157 319 67 58 497 253
37 434 485 204 284 246 88 177
103 340 327 131 425 309 250 358
267 406 299 498 32 11 10 329
218 48 107 314 149 440 214 251
49 23 16 374 18 383 217 63
267 283 13 109 213 446 31 114
257 253 124 388 109 324 408 78
401 38 107 322 56 416 446 84
150 123 356 366 112 283 91 141
196 378 357 372 453 122 136 340
265 351 250 489 181 213 292 467
20 492 201 438 496 357 2 286
478 141 241 469 480 479 270 227
168 138 176 201 70 254 336 253
138 312 263 229 103 373 265 268
415 48 478 324 109 427 348 450
359 125 377 376 347 294 207 317
352 251 329 170 492 253 295 247
381 154 65 260 433 257 432 469
46 479 337 7 342 48 114 81
438 300 358 73 173 77 85 392
304 348 24 457 151 49 142 204
82 272 403 138 497 109 252 42
29 168 223 44 344 429 356 129
247 30 52 382 118 199 248 378
395 361 442 68 179 402 396 414
181 232 266 251 92 160 185 104
64 437 391 393 35 41 128 32
170 50 137 490 149 289 165 152
155 471 378 113 247 257 273 191
6 242 256 51 286 471 315 57
470 18 141 311 267 409 308 440
478 5 71 380 168 498 339 307
462 426 172 263 229 386 186 26
272 384 487 90 383 53 423 487
456 248 85 386 468 284 271 455
297 483 158 174 113 307 95 453
317 185 209 22 267 352 438 358
281 179 151 485 155 247 252 156
314 139 148 74 266 240 90 392
137 139 476 19 357 380 23 312
108 81 184 262 474 440 297 149
219 258 215 486 377 416 170 82
224 342 65 128 256 73 192 15
327 109 151 431 80 476 341 390
307 318 105 418 233 493 460 2
126 190 263 106 98 413 10 495
253 418 80 166 75 373 5 304
119 366 154 258 429 112 228 377
273 43 256 28 398 112 281 5
164 154 119 30 298 382 31 309
287 66 54 374 327 53 350 491
116 326 466 448 254 291 257 176
451 276 270 191 323 189 47 462
380 500 188 200 265 490 153 151
96 127 354 34 352 215 241 184
276 276 413 13 477 346 463 407
478 446 54 340 101 371 3 393
405 220 416 198 218 197 260 133
109 116 160 32 493 287 125 47
173 145 102 65 187 329 42 405
500 121 61 41 328 98 291 34
492 215 102 167 419 453 129 46
338 190 269 47 332 221 103 388
272 36 178 280 12 119 387 456
393 276 321 391 68 299 478 33
49 25 279 83 94 495 231 168
379 109 412 359 183 455 477 499
121 426 371 203 315 316 316 59
47 28 181 354 157 462 364 327
68 61 333 289 476 90 235 490
19 344 9 115 135 492 242 120
423 235 220 172 162 313 312 162
308 401 490 227 130 330 374 494
428 448 191 427 265 256 200 452
327 471 416 261 244 86 286 244
200 450 41 164 155 62 280 197
341 58 450 368 332 172 127 367
327 145 94 4 433 341 418 175
331 244 374 108 301 18 462 273
394 39 231 220 135 2 362 45
162 71 304 7 271 47 172 227
151 289 57 56 187 378 305 297
107 52 398 264 104 359 281 329
34 344 461 174 410 330 53 300
211 153 340 434 263 272 19 32
105 424 176 59 473 263 242 139
387 430 317 205 183 437 183 282
36 306 215 268 60 69 81 7
244 388 427 43 92 419 38 32
281 233 359 213 201 111 36 237
487 316 2 239 343 338 73 186
