7 2004 30
335 40 212 375 434 125 293
378 214 100 37 16 494 115
273 321 290 335 442 391 111
453 43 345 330 288 42 422
10 471 177 369 132 461 478
436 78 190 341 262 115 400
204 154 418 418 407 465 465
259 169 205 392 439 138 91
294 273 223 81 104 412 151
308 404 243 224 453 239 110
25 295 65 8 365 329 168
350 368 116 84 389 279 207
446 223 170 101 200 442 98
462 408 273 137 146 343 271
293 282 396 65 267 357 29
135 380 154 405 50 268 398
466 152 110 385 73 489 208
436 452 237 99 282 323 82
314 374 398 320 15 203 438
45 210 259 154 117 57 57
500 398 283 439 224 441 445
43 248 38 114 428 281 192
446 482 353 180 389 454 77
130 397 116 197 124 169 318
185 23 492 354 430 391 457
335 226 75 16 140 124 177
317 144 140 107 271 21 481
146 208 384 144 101 431 236
72 381 26 354 86 312 121
481 79 300 399 185 363 302
307 454 188 294 382 158 40
405 423 278 492 444 410 132
117 330 289 437 175 477 224
191 112 409 205 493 238 442
315 326 320 30 482 183 105
90 167 276 482 474 232 484
417 46 235 136 311 36 395
209 260 151 307 353 79 164
146 68 339 443 211 331 36
96 422 112 215 272 169 43
293 94 480 492 125 237 23
103 60 440 86 397 216 151
419 171 257 55 334 464 223
281 493 273 244 67 221 145
461 432 145 239 22 278 393
274 391 344 178 244 225 420
216 232 42 305 268 410 7
326 371 366 370 171 367 235
163 136 192 305 196 135 22
147 9 429 453 422 401 276
204 240 421 250 286 32 480
486 162 338 148 75 43 5
399 410 99 496 74 189 327
238 215 60 487 57 117 111
14 380 476 484 205 7 56
434 317 231 74 145 242 495
89 100 384 307 107 105 95
143 245 312 371 438 151 395
366 491 2 389 258 211 350
232 82 233 64 135 7 190
313 243 478 389 465 429 112
242 394 408 54 429 271 249
14 326 79 409 46 174 310
181 240 101 163 60 333 305
399 176 6 317 93 354 175
264 466 444 426 439 103 52
44 414 468 170 130 102 180
181 15 370 474 142 499 388
158 89 95 153 5 80 480
408 449 296 238 367 4 495
474 146 218 276 429 358 445
177 109 122 77 103 325 347
225 313 293 193 292 482 497
171 155 292 243 147 290 233
169 451 88 357 351 231 328
168 441 60 102 334 489 165
267 307 128 304 277 436 361
95 356 483 337 224 108 458
89 69 199 103 233 236 178
235 139 378 233 360 412 486
58 363 325 24 154 78 408
483 138 446 355 492 87 113
213 484 149 382 300 63 401
196 403 214 329 28 133 462
336 261 202 406 30 382 353
183 49 403 17 358 341 172
411 130 361 435 320 286 354
294 335 173 27 76 106 308
50 296 310 177 218 126 307
329 454 238 24 478 368 423
67 142 174 173 149 182 425
361 417 276 322 124 138 27
350 81 209 20 177 27 396
333 98 488 55 231 325 440
8 97 241 248 342 283 484
133 370 136 204 80 98 296
410 191 333 141 282 169 378
280 32 138 264 130 301 189
70 92 359 423 152 116 398
108 386 232 107 200 88 136
261 322 358 195 229 316 296
114 410 71 72 25 466 8
342 390 399 387 381 127 101
51 324 194 247 239 416 411
441 451 36 410 301 402 185
57 488 174 83 204 426 296
423 463 153 141 435 284 495
282 274 57 351 384 73 148
301 456 138 10 332 353 430
305 435 441 203 6 79 173
466 17 200 431 55 1 222
274 97 335 441 385 443 338
164 375 125 146 15 155 398
226 260 374 131 326 184 73
136 61 221 113 201 14 273
412 264 53 360 34 333 224
427 252 106 430 389 207 461
440 486 204 138 187 122 339
285 293 439 277 4 87 390
491 457 310 28 379 374 33
11 245 132 215 314 251 353
493 166 457 9 474 182 123
368 60 409 71 222 182 37
78 195 148 356 230 420 339
55 393 309 362 181 160 161
460 341 62 102 227 353 127
182 239 14 441 159 251 334
250 449 53 382 42 161 8
140 450 459 187 282 217 93
160 360 226 303 230 186 410
375 67 373 419 302 116 499
462 218 166 205 289 493 121
125 51 454 239 293 432 391
63 82 232 83 87 64 283
428 383 133 331 487 150 436
229 446 373 328 336 51 146
13 259 296 187 487 297 459
381 384 151 14 491 467 360
429 2 334 368 351 429 143
171 390 420 475 75 371 362
334 29 29 107 115 428 281
439 363 15 390 441 244 475
78 187 88 71 456 307 269
480 68 465 316 288 332 253
481 479 84 91 221 280 320
397 50 224 88 417 326 485
64 468 27 237 45 415 6
377 481 332 191 11 362 242
391 421 393 296 203 317 272
384 404 374 460 136 455 4
37 281 319 335 94 210 377
464 365 362 152 136 454 450
245 13 127 98 16 51 289
203 448 231 73 488 135 442
49 179 186 87 200 311 159
202 494 187 427 308 397 33
403 450 429 500 301 39 78
488 481 468 32 324 13 187
374 236 343 392 55 351 426
418 329 406 374 300 42 387
405 154 253 356 238 35 484
328 19 496 271 255 479 47
466 52 217 184 243 312 364
444 242 248 79 172 160 355
327 124 417 301 490 44 225
307 314 381 105 280 119 25
87 96 349 469 35 479 405
347 232 324 137 363 242 470
110 185 109 262 326 11 94
158 459 185 357 286 159 26
303 405 40 157 48 327 101
428 16 236 213 227 73 427
83 224 20 48 239 453 76
119 53 79 383 458 39 242
105 44 244 353 226 292 14
120 395 383 351 463 51 389
300 72 482 435 421 415 102
324 477 437 446 73 93 487
191 133 287 313 177 187 413
487 318 226 66 106 120 54
124 158 45 40 314 290 123
278 352 137 350 336 325 488
245 358 445 244 26 423 15
117 461 205 384 399 123 38
244 396 360 282 388 142 307
262 465 254 412 9 412 97
258 165 75 190 290 288 206
133 460 267 290 375 329 443
46 141 285 22 315 305 1
328 214 86 207 399 215 495
141 264 348 119 120 55 309
252 42 372 459 482 397 343
472 465 333 364 470 237 12
176 376 273 185 340 315 10
451 495 52 206 158 334 245
304 58 326 370 345 211 166
350 431 109 365 178 429 46
54 58 364 344 70 46 169
158 122 346 443 342 133 257
41 456 97 362 295 30 229
120 301 459 149 472 201 165
250 84 235 450 215 158 169
457 441 166 288 226 25 68
492 247 331 365 318 9 315
135 48 395 21 448 417 161
119 288 287 231 418 121 45
478 172 259 149 287 64 439
122 104 59 148 77 136 143
437 281 11 373 106 100 236
498 265 112 408 26 438 498
344 24 442 221 315 101 221
342 175 453 486 360 492 118
199 394 308 362 289 368 368
7 489 494 79 388 8 38
474 175 204 184 68 497 331
15 91 298 347 371 487 354
291 80 269 147 169 220 395
248 64 181 170 341 372 122
207 423 368 8 382 222 235
47 336 198 219 141 156 215
314 93 229 252 57 61 301
50 413 106 129 332 127 284
255 82 252 152 40 107 366
492 336 211 362 295 446 61
438 209 37 83 437 254 467
367 280 236 435 10 500 221
74 116 133 95 145 95 69
333 294 411 473 429 24 73
51 446 460 418 237 291 246
363 209 104 103 423 482 43
163 405 297 204 358 370 263
72 75 96 330 188 321 312
222 412 82 58 446 334 341
179 192 117 278 295 493 210
135 148 436 237 265 157 153
311 477 67 220 258 265 385
23 322 2 254 437 235 362
300 28 371 348 450 402 349
311 275 294 409 361 5 249
343 434 347 19 74 491 451
233 162 115 186 206 114 351
453 429 81 396 324 221 475
111 345 492 110 468 51 60
427 480 427 207 43 308 175
24 106 293 1 54 219 241
307 145 292 181 361 35 98
5 238 356 148 53 442 73
417 357 258 110 460 220 118
462 415 316 461 167 26 141
435 190 329 243 175 480 92
440 397 150 363 115 305 138
201 466 362 50 212 70 386
136 318 176 250 387 267 494
340 125 302 360 239 210 248
437 339 260 99 337 254 427
111 211 107 178 491 206 156
387 138 111 273 275 55 10
267 110 297 435 141 446 215
339 334 437 465 283 467 404
136 250 92 5 43 190 146
461 417 497 186 35 28 469
416 303 106 481 80 122 171
105 276 85 284 100 448 184
163 29 347 277 179 321 111
353 249 394 11 415 191 127
10 202 112 114 394 100 380
182 338 64 409 262 241 139
413 197 9 90 383 104 119
347 409 324 175 427 251 421
142 107 105 448 425 157 81
163 409 489 399 35 193 207
65 304 456 379 15 317 180
52 431 150 310 25 121 369
455 474 301 45 134 477 228
448 499 424 19 289 315 202
233 65 69 44 53 153 425
218 81 211 435 222 473 492
33 60 423 359 92 498 273
28 437 106 171 411 268 50
475 38 17 76 226 360 322
90 481 140 271 439 111 233
140 43 405 475 324 411 163
334 463 296 241 309 349 286
394 222 39 108 156 212 111
123 301 376 115 422 151 349
7 3 222 30 472 215 281
353 35 143 74 398 446 420
240 80 59 144 366 363 54
461 466 57 9 494 426 366
278 68 29 43 229 242 37
386 343 232 319 368 138 496
127 486 157 446 163 445 107
485 402 347 127 230 470 39
243 249 381 180 213 151 6
436 153 431 260 149 132 339
199 207 261 81 143 368 218
8 401 27 421 253 327 127
7 291 195 104 500 322 491
40 489 283 403 27 419 183
139 499 225 347 491 41 347
454 485 144 215 465 6 96
12 31 79 378 446 311 293
114 285 355 159 460 250 370
271 424 214 321 235 448 276
281 1 456 265 8 293 48
241 231 190 440 281 79 72
179 431 19 149 180 258 60
65 290 35 69 18 23 115
6 419 108 106 232 424 323
431 347 55 345 160 210 94
257 17 262 101 444 224 326
305 362 431 326 201 13 462
299 16 132 86 109 72 155
111 42 117 390 221 178 36
131 268 404 89 500 322 156
471 148 319 9 468 400 436
253 372 409 113 302 66 312
443 107 456 402 154 115 435
425 22 350 311 406 401 494
404 69 224 440 65 98 145
63 303 54 256 472 426 321
273 310 395 69 354 384 309
187 301 309 90 144 416 422
269 431 130 227 497 80 301
435 43 472 206 277 140 264
33 363 289 499 266 312 427
92 374 499 483 219 154 73
490 211 65 23 340 100 496
404 490 62 319 136 146 241
206 462 234 418 221 411 399
218 151 124 479 322 181 348
104 39 54 81 276 6 22
261 270 107 43 52 431 329
131 180 156 13 352 187 37
156 433 8 307 354 226 13
330 377 69 272 114 249 309
65 211 125 191 311 347 10
87 253 330 111 441 342 172
424 321 80 430 263 400 186
306 151 253 344 420 131 151
287 497 55 499 281 24 113
95 293 437 203 376 311 57
350 341 307 331 478 62 256
184 41 172 116 34 381 269
200 386 98 230 244 315 28
171 472 65 264 380 469 186
140 465 395 480 208 275 399
355 280 489 356 304 475 219
414 177 185 46 226 291 84
196 172 178 35 111 442 188
19 308 272 49 147 344 89
357 60 74 349 471 496 290
79 184 302 366 301 231 69
360 53 359 304 19 7 202
278 141 484 369 71 228 477
63 111 39 108 414 265 424
30 487 127 123 114 186 400
289 405 467 302 454 106 243
189 96 56 153 324 18 450
314 94 180 298 3 252 47
85 498 329 127 221 292 274
146 440 62 439 52 493 5
325 77 101 58 389 407 71
5 305 37 447 125 178 484
359 297 390 99 283 190 275
340 343 49 99 256 294 258
229 303 277 473 336 214 241
80 35 320 409 345 453 464
108 330 394 383 389 346 177
201 383 229 75 374 223 466
135 317 436 420 68 77 307
348 173 350 23 14 171 287
334 306 64 297 88 419 261
242 292 128 365 55 428 283
381 395 330 100 479 233 185
351 235 67 305 381 466 444
234 490 93 415 285 62 34
42 68 10 285 241 147 437
2 406 183 217 365 381 272
246 94 144 82 16 190 245
171 136 485 491 383 70 45
398 307 104 91 205 251 450
185 216 102 377 4 198 204
17 111 5 64 316 203 389
494 378 377 43 410 490 293
418 37 242 219 314 119 461
63 262 98 248 93 391 55
327 119 147 302 441 419 291
130 499 204 81 10 489 188
173 201 361 321 194 57 457
60 363 82 479 343 195 397
339 393 306 467 15 160 437
350 101 73 311 36 294 288
69 9 170 463 306 98 484
31 255 58 291 422 331 232
81 421 219 119 87 417 156
481 409 73 23 207 72 306
365 483 245 479 470 432 327
26 396 94 400 286 41 145
284 146 425 476 431 390 321
101 52 481 222 179 362 103
62 26 358 296 264 86 476
133 71 206 406 417 49 23
431 246 460 250 173 289 400
94 78 139 422 166 187 81
172 445 465 327 250 214 123
209 13 363 120 474 499 16
171 88 262 429 476 171 459
24 317 85 205 80 309 154
250 127 175 162 62 412 158
187 483 472 496 423 432 206
424 290 45 106 153 279 382
460 248 153 420 216 40 24
336 259 260 61 233 123 324
454 264 280 390 157 429 24
496 232 265 184 145 201 274
243 8 143 75 170 233 116
29 25 131 40 213 406 76
475 302 283 175 298 305 228
224 380 491 117 339 446 72
237 350 159 486 184 356 278
463 294 234 316 139 212 233
19 71 162 284 451 394 26
159 323 334 5 464 491 43
487 437 291 32 480 419 484
253 476 210 269 451 166 396
378 177 60 222 328 304 82
116 39 146 29 173 67 84
302 263 300 227 200 95 242
482 402 312 293 78 460 313
185 135 67 341 220 5 342
135 246 154 392 188 190 500
28 235 92 440 220 315 142
424 37 81 222 343 166 230
300 7 231 301 4 159 112
340 363 253 158 203 75 486
388 125 152 332 246 99 100
377 195 131 453 250 345 89
105 420 77 256 323 50 410
239 192 91 397 369 428 254
327 318 294 284 116 130 41
60 432 444 281 486 410 492
1 56 258 477 246 108 42
214 240 492 141 386 196 350
356 289 97 416 498 68 367
383 453 220 269 298 125 343
74 14 349 32 422 199 364
28 413 454 450 9 301 317
323 430 376 441 95 235 388
43 38 202 170 9 189 418
116 436 390 63 62 26 209
390 416 40 348 491 394 89
24 356 48 48 416 487 75
256 94 155 452 246 144 163
331 4 20 364 194 328 279
336 83 242 290 54 479 137
114 4 157 34 398 15 127
411 406 334 391 343 278 274
468 339 463 324 194 29 282
474 179 102 403 19 188 234
335 21 12 90 125 406 387
197 377 59 49 400 226 210
295 298 174 394 218 172 240
483 52 436 217 441 116 356
398 199 109 425 461 402 477
469 101 458 250 34 143 371
353 212 447 248 47 372 488
134 81 66 438 370 375 392
212 72 343 188 157 88 62
129 191 318 135 76 56 354
59 192 16 343 217 351 51
311 87 207 61 151 269 41
350 141 156 455 325 415 105
204 96 398 479 44 422 431
383 221 256 481 183 405 28
483 380 252 386 387 303 25
111 383 94 192 488 379 300
299 453 367 139 438 422 430
241 419 226 255 179 214 225
119 96 23 9 308 414 125
21 160 68 403 66 149 396
281 387 364 461 185 203 367
351 271 332 251 174 194 82
346 85 67 48 13 331 251
274 449 223 180 48 279 200
72 190 474 187 374 180 36
477 29 288 167 179 210 349
321 91 124 342 34 223 334
332 66 333 181 5 11 347
62 118 283 236 386 421 497
239 472 414 264 130 367 363
64 426 109 450 29 252 355
268 465 51 34 406 378 493
256 258 444 87 491 372 408
429 11 342 170 192 347 2
378 458 50 189 397 459 250
475 422 402 149 25 131 160
422 426 478 454 78 267 283
109 119 473 51 209 41 439
221 55 275 343 337 211 124
201 318 248 422 179 281 463
159 156 30 402 27 71 53
274 293 437 65 450 102 146
303 30 381 109 191 94 499
94 326 287 411 208 60 360
149 450 276 77 85 375 244
300 345 242 255 28 242 247
412 443 367 102 184 254 366
119 431 482 37 203 195 101
196 462 398 427 495 362 9
366 51 38 128 140 340 434
360 204 81 150 255 18 43
346 411 463 411 145 337 456
103 409 183 17 43 50 116
413 188 312 7 404 300 142
351 73 51 96 145 274 86
209 34 441 30 370 359 451
283 5 350 314 186 441 299
115 207 272 114 114 495 459
31 442 429 359 195 351 148
272 241 158 188 158 74 306
196 493 64 500 407 457 257
226 10 318 138 155 262 34
337 462 189 212 196 252 387
196 151 290 141 457 49 260
137 337 170 311 413 23 27
337 292 97 122 190 302 85
28 149 166 413 236 149 242
46 82 285 239 141 320 39
475 207 56 164 335 31 466
482 324 61 175 370 331 198
54 4 259 309 225 289 232
364 380 271 166 187 466 443
212 288 120 112 365 371 482
170 39 396 418 413 6 195
96 491 275 439 472 99 314
83 378 19 428 245 343 453
173 119 14 341 113 366 242
322 229 285 475 330 125 263
259 63 343 73 74 344 490
142 376 239 437 487 366 428
38 324 283 221 478 388 361
347 369 18 190 350 289 308
344 109 88 69 301 456 383
365 54 449 234 264 274 216
300 196 194 122 1 278 168
364 303 23 28 474 29 290
281 170 471 361 92 185 278
193 166 216 250 2 443 114
113 443 291 494 81 338 364
390 110 155 472 307 370 350
273 484 493 370 142 163 165
352 151 491 161 388 220 299
499 434 274 59 88 419 290
65 459 102 470 273 278 410
57 304 336 449 243 126 85
355 409 470 72 479 114 372
362 46 478 493 460 138 346
257 6 108 216 253 81 468
372 185 498 140 255 177 432
460 14 292 409 481 335 366
323 201 268 154 321 2 428
418 195 381 279 322 337 332
360 18 332 135 320 368 461
384 244 345 324 278 359 395
260 123 447 190 92 264 365
383 97 196 407 294 237 187
461 427 131 58 486 348 404
96 228 169 402 251 18 59
446 287 477 25 251 334 85
116 249 173 14 50 176 477
62 405 157 338 441 121 98
120 242 99 152 171 203 455
212 328 345 173 203 432 228
491 419 37 134 183 439 223
54 363 356 333 282 136 497
439 390 202 295 299 17 460
206 363 318 44 136 40 303
102 3 449 437 318 345 297
21 495 42 235 485 245 58
195 105 469 495 53 480 420
405 478 46 449 196 272 268
199 270 255 54 362 490 293
319 13 40 121 22 220 406
16 4 70 322 100 45 454
469 334 44 5 227 485 109
187 491 487 213 168 98 212
301 301 80 481 54 227 95
122 421 394 418 435 465 193
76 223 462 469 165 158 304
371 412 254 31 91 427 120
474 147 492 60 25 367 388
52 483 402 489 320 351 385
400 151 423 150 99 185 26
264 335 194 219 145 233 391
447 480 380 306 333 48 139
86 16 304 71 71 373 157
287 142 451 393 478 277 355
461 292 210 151 381 237 134
402 207 351 144 37 433 426
242 201 231 384 487 184 224
449 89 188 292 477 425 442
182 213 253 403 362 408 465
133 234 361 461 399 313 7
402 330 436 144 343 215 272
423 98 409 71 186 219 53
359 363 144 122 152 437 42
402 269 353 455 42 298 169
380 413 43 372 228 93 232
351 86 409 231 72 164 418
390 110 329 286 358 136 148
33 231 485 365 384 83 83
395 496 149 427 190 113 317
392 60 210 237 403 435 46
81 267 68 483 19 52 78
102 237 110 460 63 216 163
465 274 418 16 106 154 194
68 144 326 379 477 471 305
126 52 413 246 44 63 103
188 168 386 151 478 196 179
13 179 233 277 111 191 339
346 83 257 175 63 54 308
81 349 483 119 481 394 68
362 61 102 201 162 375 182
451 216 347 432 111 89 12
140 94 220 359 194 463 356
163 354 23 11 331 85 488
167 409 224 437 405 253 446
201 112 14 249 247 115 18
237 197 349 343 496 499 299
240 33 21 279 330 151 143
48 181 416 482 10 118 39
348 83 454 244 316 254 55
398 490 135 57 385 427 327
352 432 398 370 428 184 442
166 181 135 32 494 168 428
439 287 185 144 152 33 486
263 201 153 500 215 461 433
189 254 27 400 262 434 422
264 81 94 50 238 282 490
363 281 274 323 442 414 480
308 262 282 116 125 349 148
19 482 463 288 156 142 430
60 396 24 459 278 77 361
76 490 338 136 303 378 468
159 209 155 244 42 42 90
59 104 232 159 46 488 289
248 152 130 179 37 144 231
154 63 471 403 393 463 81
460 305 72 435 377 368 51
281 357 415 110 17 294 389
150 416 257 23 218 315 490
220 181 225 283 479 39 107
290 280 43 112 160 84 419
269 44 225 417 496 232 97
457 137 476 304 130 493 353
40 65 3 310 177 347 191
180 90 19 437 411 390 396
361 94 142 100 88 307 185
185 355 420 293 371 15 217
102 418 241 4 473 317 286
101 47 204 462 157 273 474
469 345 86 498 94 163 239
258 187 201 335 296 428 141
267 92 499 4 47 415 492
245 209 467 454 424 233 267
290 456 235 72 123 454 301
367 173 271 428 429 310 151
396 269 149 387 270 253 117
408 78 260 142 313 197 130
474 264 281 60 455 283 42
177 267 56 411 337 260 253
17 114 184 166 235 168 216
349 347 145 77 427 240 477
151 448 373 154 334 454 140
419 409 83 482 314 253 20
431 51 418 255 105 8 255
139 390 102 228 261 65 25
143 103 252 330 348 162 232
48 166 417 405 261 364 340
137 434 417 102 285 466 470
387 317 163 414 321 41 258
348 53 249 75 419 136 243
164 391 435 258 246 122 228
73 9 169 237 340 454 7
410 39 45 378 230 496 131
1 346 473 368 342 430 283
142 66 80 445 402 5 446
228 115 266 82 287 435 234
464 490 144 255 476 162 368
433 368 351 357 340 436 182
476 1 64 270 495 422 106
301 244 283 452 210 212 146
260 93 356 305 443 468 46
378 379 233 292 223 425 42
248 471 197 267 135 21 130
410 372 276 273 359 167 111
141 491 491 26 198 179 131
492 103 185 324 234 356 270
216 240 188 20 105 383 126
5 12 162 310 357 400 401
226 76 30 15 473 188 367
386 148 374 432 437 108 107
336 241 263 201 352 236 254
29 190 242 302 311 320 16
18 52 403 247 497 316 165
45 108 404 452 387 286 182
244 182 126 190 104 189 272
327 224 367 420 70 161 237
427 242 278 7 139 270 402
252 238 315 253 391 14 36
483 171 371 478 94 301 292
415 112 356 247 88 169 85
251 167 370 237 87 494 222
392 329 464 40 66 452 251
285 304 90 4 159 99 52
47 54 1 247 54 2 37
367 331 66 175 18 367 364
56 456 438 264 25 480 189
461 23 265 411 297 135 277
483 108 212 294 80 277 17
367 134 116 135 201 80 339
19 28 11 119 496 127 86
293 95 451 483 201 474 187
485 102 34 215 441 387 300
250 142 190 223 300 244 185
112 438 465 493 370 324 427
3 303 247 324 312 123 144
178 225 147 47 341 359 284
48 104 479 105 127 240 69
54 162 423 406 339 347 56
39 241 151 2 116 211 383
477 333 227 389 363 192 58
365 220 4 465 191 253 296
314 320 219 198 278 37 76
134 136 359 29 105 46 25
112 183 398 186 248 181 325
327 150 155 403 476 2 285
25 30 395 447 62 4 367
442 31 316 58 421 75 253
237 96 267 234 426 428 458
429 474 259 467 29 442 165
326 338 10 31 244 415 92
199 239 48 111 476 245 56
18 15 408 428 403 459 446
230 404 429 38 273 406 479
271 341 400 130 455 293 173
345 198 239 164 480 180 404
20 253 453 353 164 289 103
137 464 454 497 40 261 232
162 227 430 138 416 109 207
422 366 270 326 376 100 362
224 450 401 376 337 36 17
307 155 78 380 288 156 154
163 393 470 344 374 158 378
235 217 151 340 110 351 353
446 118 224 380 408 162 402
155 411 169 402 217 248 415
104 373 462 442 484 253 294
130 130 317 151 386 288 285
263 421 418 209 453 309 447
392 339 131 167 323 497 40
404 157 418 223 389 235 203
478 403 88 22 185 138 343
129 20 72 67 267 476 24
164 370 69 442 3 469 230
92 274 296 314 384 433 202
158 300 144 338 235 126 102
465 265 286 193 27 339 149
291 364 161 71 356 130 256
15 17 204 366 325 61 112
2 336 322 391 232 118 414
308 31 28 270 192 322 446
479 6 362 359 251 128 222
485 350 304 312 272 10 41
35 194 88 388 392 18 140
70 458 337 286 85 196 478
270 331 237 439 397 329 414
214 17 116 99 332 26 140
489 183 62 471 197 280 146
12 85 357 171 43 471 403
352 388 102 246 280 497 281
299 66 205 369 218 319 451
426 166 152 492 81 286 489
236 9 73 345 478 492 40
166 209 139 474 287 273 236
169 253 99 458 279 155 214
410 47 198 238 269 21 383
190 198 448 306 408 286 50
483 219 69 393 150 188 490
428 193 241 58 415 341 300
165 80 257 75 265 406 429
148 352 115 461 98 223 172
338 280 40 172 409 10 316
303 384 394 177 356 252 164
180 484 199 57 261 116 278
184 11 133 258 335 93 147
12 97 389 224 341 436 176
41 127 332 314 258 361 260
388 30 233 285 419 245 256
349 230 21 50 311 463 329
163 15 110 497 17 367 471
235 111 483 61 319 261 276
454 41 352 17 397 473 364
329 242 360 141 413 57 141
223 397 285 35 165 162 142
297 76 299 21 473 411 322
259 41 250 336 405 342 56
379 214 159 385 320 321 95
252 277 117 6 99 261 418
13 216 1 162 359 176 425
172 198 11 108 459 262 227
184 378 145 212 86 6 239
227 493 481 312 225 224 446
127 300 124 381 201 308 322
69 211 159 151 98 342 145
254 312 452 141 134 433 496
297 207 102 385 140 224 17
441 166 63 313 500 136 121
6 330 401 133 387 97 215
286 57 365 322 463 166 62
325 331 174 312 23 262 60
414 294 30 341 9 450 161
108 301 235 22 402 231 190
38 408 245 157 53 313 328
18 232 261 28 238 174 214
109 338 98 67 392 446 67
142 375 188 107 190 422 347
239 488 70 412 91 281 27
221 78 477 157 480 277 302
198 151 124 280 431 194 51
36 104 436 398 151 233 497
48 340 203 339 361 496 342
467 411 117 371 423 93 437
309 390 409 384 440 295 92
377 227 10 483 9 282 295
228 448 374 425 389 272 468
466 80 471 375 63 404 188
314 470 43 161 145 270 161
68 266 183 356 319 239 247
80 489 107 105 204 121 154
95 325 357 257 69 31 231
329 108 199 463 446 119 476
162 51 273 88 73 208 251
140 468 313 65 214 176 473
100 43 71 261 333 41 164
290 376 455 179 232 49 251
105 237 319 347 227 53 127
307 315 211 287 237 496 87
360 122 163 30 137 172 45
19 429 49 187 271 235 303
24 176 267 4 402 441 63
21 492 433 260 421 138 237
431 151 117 375 300 491 237
68 156 392 32 48 216 312
120 121 113 364 24 85 182
196 375 228 274 233 370 149
103 327 279 395 174 293 361
479 56 70 114 401 252 411
135 32 262 159 47 438 63
334 210 215 182 49 203 480
187 396 352 452 94 176 205
46 201 412 103 109 2 363
439 251 107 76 466 292 67
333 14 75 26 352 462 422
159 383 494 67 193 329 474
157 403 414 44 496 477 467
424 268 12 433 283 96 287
376 217 210 207 211 499 65
96 162 437 127 9 471 53
36 305 457 48 218 403 6
85 39 387 255 323 60 467
65 414 91 213 242 125 235
457 352 370 422 185 150 370
384 59 377 75 187 351 380
235 382 274 446 79 145 174
51 4 189 482 102 28 144
461 443 469 452 330 145 457
344 59 409 41 279 214 456
488 464 83 373 238 497 163
214 170 4 161 200 56 423
447 145 214 307 423 190 377
239 342 234 290 10 172 106
7 262 78 88 112 367 105
49 38 11 188 117 467 287
95 490 73 362 180 354 291
152 378 336 486 310 245 286
21 316 30 346 171 351 223
410 196 4 104 463 462 436
3 184 5 345 309 80 197
206 274 340 204 199 227 105
11 243 294 226 32 337 291
148 481 428 260 82 451 271
193 80 114 384 197 271 212
248 255 75 184 255 93 311
396 416 223 396 212 184 483
305 369 171 199 398 162 443
271 288 482 476 300 199 142
264 398 453 480 315 237 414
297 373 201 464 167 219 40
482 394 376 306 227 235 289
156 124 285 407 302 3 88
447 9 333 275 154 201 134
130 278 482 482 344 257 398
251 49 44 134 346 207 127
460 258 299 219 145 67 198
236 478 459 497 156 220 365
52 127 208 439 141 85 268
302 213 469 291 451 235 204
387 273 46 77 413 452 387
365 37 267 294 106 51 413
365 328 24 88 289 160 253
52 190 436 25 39 105 102
153 65 344 297 29 294 416
270 405 121 258 383 325 243
44 329 348 145 45 365 63
434 383 23 445 412 380 175
306 497 263 153 296 153 424
104 182 10 335 474 375 66
361 146 85 388 232 49 167
226 48 424 131 242 5 90
56 484 11 435 247 155 207
144 500 261 220 86 280 464
166 397 1 147 310 240 49
233 186 438 38 485 314 342
377 225 139 63 202 23 7
490 139 365 306 237 49 500
135 222 183 73 282 275 497
283 412 166 32 451 243 340
230 5 480 438 68 270 118
248 162 42 293 137 128 388
471 119 230 232 1 403 337
197 401 444 12 79 403 445
275 390 390 127 15 431 341
211 94 406 281 280 490 309
416 317 208 392 158 381 33
346 115 275 72 299 21 340
233 234 180 43 299 37 319
39 437 162 389 379 229 68
12 358 472 419 120 488 264
185 368 145 484 253 164 393
306 484 218 195 318 437 334
342 82 20 339 113 203 355
44 409 299 65 312 284 401
420 382 292 32 445 179 398
348 122 32 64 109 67 75
110 425 435 153 240 152 377
301 19 98 494 155 449 318
149 420 189 304 458 497 83
136 67 218 460 88 448 32
314 406 433 24 283 451 429
318 87 159 13 370 226 71
246 230 94 154 407 156 73
179 394 65 435 283 277 418
483 210 180 134 78 472 177
41 212 28 483 204 177 441
283 216 303 144 411 239 158
493 140 420 232 328 155 7
135 106 479 261 183 184 325
45 44 205 500 415 259 60
380 383 256 120 140 129 417
273 207 316 204 209 483 121
294 221 151 242 419 286 487
270 144 219 184 322 348 155
46 209 354 383 160 88 51
202 487 404 299 188 211 288
441 496 285 246 255 96 86
118 238 156 482 317 282 295
45 27 110 191 294 67 24
408 193 245 6 351 58 186
15 315 226 375 363 432 497
96 444 466 189 107 262 175
326 15 346 360 487 379 363
69 204 445 396 445 332 445
13 85 301 394 496 123 74
262 343 450 248 13 483 310
212 146 106 382 251 91 146
98 115 222 389 433 306 76
128 144 460 469 180 235 269
224 237 48 407 292 41 101
270 387 133 78 430 134 370
8 397 50 95 464 56 401
153 11 69 271 47 53 479
263 295 324 458 257 68 30
62 274 30 95 6 454 219
488 143 364 66 298 79 438
242 384 195 419 139 418 108
387 473 30 85 234 434 461
199 312 416 13 471 138 364
186 4 420 395 497 409 287
495 188 217 385 125 284 439
209 208 391 172 323 398 398
499 182 281 338 269 21 273
372 321 50 280 287 453 147
151 65 73 87 367 234 408
63 422 60 257 361 6 482
192 59 110 484 161 104 77
71 351 364 499 61 57 334
35 466 253 467 73 388 278
72 75 308 388 186 175 382
105 165 327 203 198 351 193
85 374 423 472 127 466 62
251 462 146 240 28 71 103
326 351 361 382 283 300 169
300 52 458 153 230 336 482
346 167 36 403 269 126 260
67 59 114 182 51 464 117
182 178 373 452 450 468 189
305 383 364 235 161 233 210
12 368 19 462 126 178 493
25 304 235 393 447 76 130
337 24 226 485 36 319 266
84 374 7 45 260 36 112
236 162 111 203 336 352 321
477 344 487 415 173 265 271
32 178 468 26 449 322 110
291 336 266 492 458 411 154
67 179 31 33 292 136 152
272 273 198 206 450 421 260
268 100 162 330 81 242 451
224 256 234 478 99 316 50
416 406 488 192 167 53 351
134 377 54 95 123 403 286
139 485 430 30 102 87 5
33 102 369 23 245 2 110
235 32 367 153 254 169 273
433 227 399 408 334 386 65
493 291 113 178 475 474 266
244 45 280 79 291 357 473
138 60 277 404 449 202 78
270 109 431 283 325 397 488
311 75 494 421 208 108 492
269 498 417 476 252 463 393
136 6 33 449 34 274 219
130 228 479 196 313 207 211
308 148 299 117 59 440 302
317 151 43 401 473 456 102
191 46 74 273 431 99 247
373 137 370 44 174 416 288
165 142 122 438 222 246 55
141 116 33 30 322 39 126
398 230 490 497 164 259 406
295 190 324 274 73 459 270
206 483 92 84 89 370 51
483 441 64 257 405 374 370
250 375 138 490 351 202 435
54 71 199 29 437 407 153
354 325 366 2 279 68 73
73 305 483 42 55 424 144
39 9 386 451 117 397 291
63 294 142 288 405 368 277
293 42 47 350 120 85 377
3 110 347 215 487 272 26
66 74 211 327 232 380 399
260 481 375 118 142 65 297
275 399 202 350 125 250 78
201 434 61 327 385 360 227
270 83 146 455 145 295 118
322 439 167 90 461 236 474
52 121 206 432 18 98 39
413 34 301 472 253 18 141
477 131 500 56 334 409 12
175 221 418 42 167 465 77
293 166 435 34 104 461 27
342 29 319 229 335 35 35
168 340 360 197 403 366 46
174 434 500 381 72 55 17
154 236 154 75 43 239 482
498 294 187 309 341 86 23
245 392 456 124 379 90 303
317 337 157 326 325 103 453
229 252 63 337 206 463 50
416 65 224 400 486 491 226
335 37 327 152 447 267 241
304 17 353 387 2 362 177
445 49 377 119 157 33 245
1 263 422 236 345 249 382
335 491 106 265 127 27 352
136 243 52 39 411 266 34
384 270 415 6 354 487 260
107 228 149 257 35 396 480
497 166 410 455 49 449 327
362 439 199 419 350 500 212
381 113 314 336 155 90 321
363 282 377 296 84 434 351
106 375 25 105 390 438 292
369 159 167 191 172 68 232
254 349 367 387 307 179 49
176 327 343 290 412 35 256
460 243 428 71 153 330 382
96 168 245 68 30 169 326
241 183 474 63 472 479 416
320 206 207 398 305 152 427
82 423 199 29 2 228 325
224 146 151 208 87 130 196
373 28 435 50 137 179 425
115 386 191 303 236 241 362
258 457 347 192 383 69 438
198 172 314 401 140 417 428
322 309 39 423 235 201 432
334 279 348 388 409 235 225
340 159 389 177 493 124 251
433 495 169 190 65 191 462
92 166 453 190 125 326 162
349 379 71 25 82 416 406
105 184 187 269 422 324 168
246 7 395 472 394 308 212
477 28 51 459 31 330 96
111 292 498 4 119 187 141
395 107 71 169 282 473 106
191 67 107 144 499 172 310
474 70 364 333 363 89 443
82 313 376 304 271 43 358
37 473 242 363 144 325 349
53 400 332 249 343 177 257
496 463 95 468 418 371 255
266 222 78 101 398 159 497
390 122 410 428 273 102 317
369 228 363 396 74 407 340
335 61 9 466 145 266 389
226 427 456 35 227 208 393
187 232 252 367 54 23 274
137 424 26 82 79 421 186
174 277 218 334 281 326 171
261 322 331 170 231 250 433
35 1 88 297 442 235 168
111 116 242 254 209 205 22
400 289 453 470 419 340 327
441 358 404 158 151 107 452
486 120 366 358 46 316 371
118 2 12 483 69 211 188
318 469 106 390 100 315 337
494 446 276 120 314 338 208
356 443 357 484 461 357 147
271 373 39 144 16 78 459
398 298 436 177 479 107 81
417 132 421 9 446 151 430
26 360 153 171 463 194 202
151 418 125 161 393 12 179
307 19 84 299 272 32 400
164 292 77 55 488 147 319
489 423 402 440 477 280 396
135 68 27 393 473 419 400
405 426 79 419 304 451 166
441 233 261 169 246 125 233
223 206 254 170 417 393 219
352 372 298 122 198 415 11
183 338 258 219 70 291 237
316 392 4 477 156 230 419
127 194 391 497 287 200 459
152 88 499 131 5 349 393
47 366 295 354 142 199 272
338 8 89 343 298 138 434
173 401 478 124 12 421 349
120 145 158 193 322 384 294
442 70 314 337 47 401 194
403 417 106 496 304 232 170
70 272 155 98 146 495 85
11 482 442 499 418 238 487
352 25 35 433 70 321 144
160 463 278 374 415 164 444
204 190 217 68 244 446 97
414 255 211 88 359 14 486
190 110 206 156 493 15 429
17 213 361 219 411 295 153
60 17 424 429 170 360 135
297 45 9 434 171 133 381
449 238 240 385 80 178 461
424 331 302 40 285 342 126
387 205 237 398 24 50 440
378 444 165 15 55 7 253
446 222 417 92 331 91 376
146 340 237 383 271 278 37
459 82 278 152 35 140 147
368 426 153 72 169 272 17
152 288 48 377 223 17 172
457 51 382 258 149 483 467
391 239 211 159 201 196 116
39 21 72 76 101 313 215
493 284 174 85 198 358 442
490 135 74 9 147 127 23
377 220 303 112 70 390 360
290 63 322 300 255 399 186
5 116 319 228 150 34 372
25 38 376 347 340 398 276
39 55 2 374 42 16 439
321 312 44 228 229 497 261
282 64 302 386 72 150 462
55 303 62 392 356 215 402
239 314 234 302 341 364 49
11 485 412 271 500 477 46
400 296 111 488 59 331 26
403 116 117 383 4 25 114
196 283 433 444 56 476 449
202 464 319 298 495 486 114
296 462 429 32 466 455 60
388 242 286 138 421 398 186
341 25 199 497 246 301 360
226 245 495 390 87 496 383
247 296 481 42 285 279 499
393 405 190 426 448 219 190
480 222 380 437 182 435 217
387 47 235 57 224 213 483
254 437 493 313 52 407 293
453 55 428 25 45 162 165
371 369 387 208 90 304 413
203 136 465 87 256 34 129
83 58 149 423 208 296 247
389 296 233 64 279 500 447
345 198 303 28 412 455 25
262 281 227 313 30 325 17
94 212 149 318 319 100 433
476 36 272 321 182 491 428
356 395 294 442 268 313 398
107 257 417 153 182 65 308
57 112 451 367 333 391 370
126 448 171 29 137 66 109
481 21 345 62 50 478 189
383 141 149 371 447 393 107
140 90 493 386 316 195 374
200 177 297 342 474 206 305
252 383 439 347 261 257 226
453 181 451 247 40 478 448
145 74 466 54 129 444 87
58 422 173 4 340 113 266
285 2 133 255 75 26 70
126 433 267 199 371 371 75
310 84 365 246 268 233 6
158 344 335 369 248 404 152
207 250 101 2 83 373 358
222 55 53 188 418 7 183
488 31 394 17 29 447 91
372 252 81 362 226 286 382
332 99 449 494 133 339 485
470 427 44 472 120 134 360
99 296 262 463 279 132 344
122 369 428 412 410 270 24
306 475 34 75 240 48 441
238 120 350 118 36 211 495
495 351 108 216 157 394 141
22 154 324 467 106 105 197
392 467 189 420 426 493 444
465 325 54 460 372 57 204
163 365 61 193 144 457 395
29 258 450 433 98 388 470
131 92 289 449 259 176 37
340 465 43 220 204 323 102
247 368 255 264 364 490 414
202 25 40 29 418 109 30
358 188 454 382 290 77 321
480 48 192 306 339 252 29
343 44 473 432 433 414 112
195 474 6 102 39 213 75
168 340 193 36 372 43 215
356 50 268 378 222 264 428
113 119 272 228 336 301 252
343 419 146 410 408 360 108
32 12 437 58 86 159 381
466 202 476 231 136 373 210
179 404 379 123 306 399 91
360 36 392 336 391 192 148
286 153 362 58 46 488 127
397 179 146 242 154 314 286
26 146 301 122 25 48 405
470 391 115 397 284 126 295
209 121 240 488 228 351 205
483 290 56 370 252 197 249
466 495 138 66 249 99 303
365 259 351 322 489 306 347
36 465 30 91 54 173 175
450 380 300 388 306 309 363
183 231 239 253 52 485 379
164 11 81 430 474 37 37
77 455 414 463 398 311 252
192 61 138 342 499 470 472
455 321 491 314 45 390 328
154 277 488 209 487 353 201
356 323 59 431 391 401 276
11 68 368 109 379 420 437
244 349 381 478 262 151 156
104 328 269 73 51 460 395
71 431 473 248 139 493 338
455 489 150 342 219 178 59
228 226 292 210 277 362 82
71 210 484 127 418 368 88
166 453 1 469 147 185 269
492 156 210 161 331 60 51
30 336 284 246 281 143 341
423 302 452 393 179 46 376
233 268 126 51 223 43 113
67 47 193 65 387 207 34
432 145 35 475 184 20 294
398 485 405 235 303 142 413
290 333 259 447 271 117 61
79 175 378 50 346 228 190
379 135 444 4 64 87 113
51 75 184 199 158 99 351
109 60 477 287 369 241 183
150 39 26 25 270 147 422
346 330 310 169 125 354 102
33 279 140 193 199 135 153
149 311 499 155 372 235 488
336 41 253 201 35 109 42
31 245 44 10 149 375 417
414 410 411 75 137 116 424
448 362 224 1 142 48 301
124 400 87 210 267 144 390
2 487 255 238 322 1 424
154 346 402 444 232 39 121
105 275 384 318 54 240 435
22 298 434 470 58 305 205
179 467 96 283 324 491 251
441 266 320 3 275 405 197
25 419 207 250 325 83 13
376 155 326 483 150 359 440
477 429 471 396 324 346 205
233 214 325 378 40 464 400
279 433 142 113 258 100 110
45 183 498 438 177 398 368
280 379 416 483 143 273 250
297 499 491 365 455 496 406
152 179 407 188 438 59 346
335 16 387 301 202 50 472
408 169 401 405 166 76 448
47 63 422 497 263 259 206
123 263 111 447 325 25 15
312 254 262 420 413 370 415
26 365 116 256 482 96 318
2 178 396 56 327 413 76
305 211 349 243 110 417 238
259 385 271 173 347 117 22
312 197 166 345 500 162 491
83 264 339 238 211 12 373
156 160 413 35 270 313 375
338 115 50 405 485 91 364
424 123 307 30 246 134 18
128 324 169 372 252 402 72
57 143 58 94 356 485 328
431 456 32 476 176 10 202
416 371 172 313 472 147 190
46 295 272 208 473 68 446
39 276 161 340 335 434 102
23 311 187 233 192 199 321
112 387 287 88 424 492 92
381 485 411 285 275 307 490
90 112 191 466 463 39 276
251 207 477 427 376 371 289
17 115 302 459 280 88 325
261 321 256 87 89 292 355
427 61 172 234 184 300 117
451 434 64 331 246 10 456
173 85 430 456 378 326 74
179 63 112 90 216 345 135
93 248 148 135 109 155 132
315 88 85 163 74 126 319
491 363 48 42 213 262 41
259 26 55 59 308 277 469
468 90 50 237 86 195 6
88 443 414 202 341 61 272
108 224 300 110 159 476 433
200 310 272 340 412 285 92
37 395 399 388 396 427 263
430 241 290 244 68 125 405
443 56 402 189 160 3 140
414 87 287 441 454 193 425
386 496 485 63 60 48 100
350 466 142 393 22 7 148
136 76 6 69 493 233 380
187 188 197 378 122 340 370
388 46 480 214 289 309 308
190 147 362 480 246 122 59
122 313 300 446 418 401 23
218 270 46 35 375 487 341
438 259 257 56 93 283 258
116 79 251 441 299 323 493
300 451 463 411 216 471 308
79 21 205 269 107 270 432
106 189 317 150 59 264 490
349 77 455 36 89 141 129
153 277 313 354 247 59 406
338 483 33 418 272 269 442
382 96 32 231 107 284 331
326 102 443 272 281 132 147
220 7 443 392 23 76 147
113 473 109 487 351 273 329
328 468 450 474 462 222 176
80 284 340 376 16 47 280
341 483 286 2 444 492 341
128 407 52 57 498 291 89
166 371 288 25 128 440 476
383 159 429 62 213 390 366
460 316 298 400 288 457 70
117 471 118 346 136 10 321
49 223 172 239 219 225 236
419 255 448 28 499 275 32
435 200 377 322 323 306 270
67 242 230 218 415 290 404
287 284 42 135 57 67 52
479 41 150 367 73 77 43
374 32 432 488 46 207 237
495 330 282 341 452 381 467
232 77 55 354 381 117 297
310 94 24 27 445 418 218
319 449 197 265 12 13 172
465 191 432 198 162 40 220
433 368 424 394 389 306 77
151 462 355 379 30 104 186
122 489 484 480 432 77 261
484 104 82 391 198 247 10
187 158 210 80 163 35 171
72 397 63 365 465 450 89
435 7 35 99 56 411 496
361 160 48 111 53 273 131
71 135 168 300 441 40 22
270 195 79 467 393 3 100
354 447 191 320 389 90 339
132 210 495 62 388 273 321
96 355 268 304 347 61 385
336 360 192 55 183 81 235
235 386 157 228 176 393 343
152 49 421 203 148 390 474
213 302 314 422 68 60 68
389 474 472 475 445 152 253
346 157 260 177 140 337 345
443 123 387 223 435 428 49
52 64 370 26 31 446 372
474 346 328 45 158 293 235
260 55 261 119 365 213 26
490 460 171 256 339 416 158
231 56 153 15 314 255 314
48 482 341 114 433 24 148
35 367 264 91 139 390 62
480 275 392 289 93 21 145
118 262 470 416 155 145 164
261 421 455 80 189 191 378
20 319 160 228 499 453 3
223 289 78 8 277 364 144
82 350 423 78 323 84 362
126 403 171 178 65 5 120
458 7 98 126 346 288 319
335 396 334 477 188 500 275
215 249 153 175 20 35 76
121 338 166 130 165 234 277
490 498 469 231 164 280 30
293 429 257 69 226 78 111
471 450 307 6 107 153 321
332 377 290 242 64 333 463
172 123 298 480 136 500 455
60 340 499 437 226 380 80
178 216 58 405 230 344 319
357 308 8 244 18 311 167
188 222 210 384 420 309 325
471 73 342 105 402 60 407
385 182 160 338 186 378 79
210 8 418 462 285 446 352
422 15 31 359 495 47 146
397 392 248 435 351 191 130
32 42 359 394 63 288 235
284 404 75 9 312 21 289
203 311 152 17 124 354 169
234 322 18 17 493 74 447
370 55 1 299 119 91 130
99 243 117 423 464 77 160
449 405 71 285 322 17 295
360 473 15 441 31 337 253
6 421 146 325 257 268 88
117 220 382 264 110 353 112
48 260 221 9 122 439 40
337 144 124 211 225 58 462
219 130 324 431 463 220 446
56 271 474 282 452 189 74
313 231 404 358 280 150 356
325 252 41 470 54 72 149
8 283 126 107 190 89 308
333 274 187 244 491 281 100
490 272 351 49 221 482 334
347 69 216 470 300 420 287
251 452 18 207 29 427 121
42 199 101 428 301 332 141
235 466 239 251 200 341 70
244 433 331 125 478 443 332
54 116 169 5 395 418 11
245 356 108 183 111 442 237
65 280 461 463 80 265 449
366 177 24 178 357 248 462
418 23 204 12 337 278 239
202 304 480 317 81 71 35
345 338 3 275 482 46 292
253 62 387 370 330 496 15
207 108 199 276 472 200 470
295 319 53 30 141 461 111
323 290 227 440 334 268 282
63 415 476 159 170 429 51
316 398 46 147 264 8 208
119 133 326 168 357 432 227
371 223 237 387 418 120 380
346 307 319 102 162 216 240
164 131 125 418 181 3 257
13 122 58 434 56 167 400
307 170 416 112 17 105 89
291 76 347 89 265 346 432
373 4 14 147 380 75 487
137 18 216 375 339 93 85
154 136 392 288 134 342 442
9 421 427 397 484 44 115
420 39 1 496 389 160 248
338 115 235 278 268 231 214
188 187 225 370 346 85 46
34 281 277 492 314 193 241
125 229 187 132 367 457 444
345 31 111 402 480 449 98
495 391 111 153 62 411 34
21 449 117 221 323 352 479
476 142 143 83 88 235 340
206 235 142 41 33 335 12
41 376 197 177 256 35 304
24 375 5 39 169 27 122
95 211 336 16 79 133 239
438 491 82 455 477 296 235
126 95 188 356 3 164 145
8 379 138 36 228 119 256
34 435 108 246 499 197 460
324 220 221 411 40 427 257
28 418 290 103 154 246 99
346 443 311 347 418 376 162
460 340 292 88 9 230 417
44 384 153 300 404 57 92
485 39 302 120 332 331 496
204 82 420 429 291 90 385
328 223 417 245 312 309 476
452 461 490 302 92 287 361
209 354 248 262 481 333 180
476 486 121 164 450 221 32
156 175 186 481 116 300 372
13 448 223 258 438 390 445
341 110 400 239 350 108 458
164 345 468 211 233 118 25
8 351 115 178 148 121 86
101 474 281 37 268 111 113
379 161 31 41 276 106 230
79 467 428 51 129 223 43
233 242 205 341 17 364 469
438 127 394 387 41 404 54
98 32 398 115 13 141 357
54 274 231 211 386 81 180
163 407 419 34 100 192 498
7 414 279 145 340 431 165
32 463 444 297 477 76 490
274 223 195 345 285 432 124
89 267 23 22 434 71 163
436 86 251 61 253 429 140
242 128 22 247 9 328 299
253 21 84 257 310 110 469
205 486 40 134 37 7 437
252 471 491 117 159 355 422
3 377 256 247 477 262 478
359 350 464 481 344 435 456
119 46 324 212 385 272 285
62 43 226 12 229 120 487
404 362 157 117 279 78 97
190 304 150 464 362 168 263
469 358 458 344 154 483 288
4 71 480 80 460 483 291
479 145 263 474 273 421 359
157 353 352 154 88 30 184
299 23 82 486 213 72 186
80 288 28 42 26 485 237
235 292 353 371 418 23 449
357 434 356 448 270 1 259
99 311 231 437 193 251 328
187 199 250 179 444 302 194
135 252 17 196 485 239 268
345 418 221 33 64 298 475
33 323 312 227 110 292 108
463 132 362 383 291 384 483
390 200 400 205 426 296 129
496 30 231 197 466 145 230
109 314 162 499 342 325 453
16 97 182 288 268 65 311
338 287 192 120 234 328 334
120 87 332 449 374 195 346
460 394 314 70 235 315 292
398 455 191 101 486 246 229
363 302 256 195 61 494 87
265 56 488 12 212 103 102
147 17 71 446 69 196 178
94 208 337 75 57 107 478
11 293 439 367 86 39 357
285 197 367 232 313 358 325
461 320 1 212 394 174 70
309 48 44 111 56 328 401
167 381 83 150 483 193 333
354 368 93 371 458 5 124
65 184 110 197 63 33 121
336 61 349 373 158 380 323
188 205 435 326 313 148 360
310 165 310 319 242 85 334
424 302 253 116 256 55 172
414 48 470 348 245 25 337
283 236 367 289 137 229 264
413 488 196 496 202 178 333
259 72 42 41 26 239 22
27 446 394 330 498 305 268
109 311 166 459 336 433 195
301 159 41 361 261 96 271
403 15 293 12 283 140 166
282 274 372 470 105 46 192
106 191 73 130 448 202 368
290 424 156 137 200 337 491
272 256 202 71 383 41 486
201 492 69 153 269 152 207
268 466 206 430 376 412 446
437 113 222 214 431 208 225
120 394 495 461 478 274 333
42 86 479 118 118 26 471
323 198 31 125 197 290 308
415 282 100 402 477 5 435
330 274 471 444 426 2 38
393 267 252 373 46 322 170
324 281 457 252 425 481 333
181 51 89 474 444 290 341
274 141 31 77 306 466 158
333 221 16 181 405 358 382
243 194 213 362 284 304 129
33 402 246 168 72 433 207
326 104 399 238 14 302 376
180 471 179 212 128 490 337
416 104 13 111 449 46 271
210 259 137 389 305 359 301
233 133 27 356 224 472 466
75 194 131 106 340 156 378
433 477 373 469 352 233 458
180 234 110 130 278 284 327
286 6 131 206 344 109 26
80 34 452 78 84 5 281
31 290 431 15 121 317 130
127 336 370 158 352 227 378
41 235 207 254 408 368 178
201 168 116 237 452 87 435
447 481 493 275 271 56 366
369 201 494 373 400 28 422
349 184 294 290 375 425 456
93 311 416 388 11 263 213
209 446 218 70 17 198 356
10 293 267 3 441 292 305
333 15 204 129 235 452 154
2 357 99 236 426 287 430
382 306 71 332 336 336 36
332 125 115 379 289 305 384
152 291 442 299 363 109 113
331 255 259 295 350 331 150
330 360 131 445 403 208 353
46 60 260 349 418 70 328
198 361 363 197 94 466 396
470 435 457 350 164 122 465
294 191 29 341 31 372 144
326 159 319 257 103 133 156
201 83 45 382 104 78 335
368 380 74 325 496 141 244
324 400 16 419 494 291 266
149 246 268 94 156 287 193
319 354 81 326 175 72 204
35 243 431 98 352 264 480
293 303 425 62 486 375 353
297 96 403 247 118 391 189
485 44 82 96 159 96 14
408 56 456 365 32 109 357
144 472 268 72 97 269 350
106 332 258 53 30 262 228
297 3 462 339 361 425 268
282 284 265 119 369 401 296
272 66 87 127 203 82 153
493 192 449 101 285 170 47
308 307 86 180 358 432 500
58 197 224 33 146 323 168
57 241 232 140 363 239 181
494 125 205 415 448 426 187
250 378 121 111 241 340 356
393 458 442 356 483 279 353
226 372 24 289 139 156 345
131 8 213 247 278 265 125
286 396 380 434 221 270 116
115 285 400 250 213 51 209
158 80 53 51 355 56 219
253 417 382 470 134 467 291
260 242 328 262 37 54 60
200 22 56 95 53 36 479
414 438 403 48 151 455 8
314 122 10 128 56 255 179
141 72 462 492 50 22 257
100 106 197 369 136 85 205
115 327 398 130 383 311 404
452 318 470 136 164 429 30
126 405 366 211 364 358 415
54 99 199 112 187 235 90
400 146 193 325 7 327 243
429 158 328 96 285 223 395
396 142 335 128 370 345 201
206 377 464 137 196 244 457
497 475 137 57 179 315 447
199 147 351 178 475 166 165
375 50 11 293 486 51 328
228 476 327 329 492 424 349
405 86 404 387 293 409 492
141 193 209 139 484 224 258
84 89 495 445 223 463 65
328 372 249 93 6 376 248
324 461 219 265 386 72 425
490 459 371 19 215 322 345
145 243 4 240 41 454 430
47 275 309 421 495 491 316
473 86 354 108 113 106 244
257 444 254 465 405 499 238
408 406 107 223 424 181 34
321 401 207 413 292 18 316
319 392 15 161 9 309 117
46 357 249 221 89 407 448
73 413 230 23 313 331 87
256 362 177 167 392 484 276
86 185 61 351 348 178 387
180 167 461 423 414 106 48
336 84 460 382 185 238 11
336 199 433 158 374 425 216
305 375 149 148 285 482 132
423 443 113 253 60 77 84
218 134 147 257 318 127 54
37 321 439 282 319 426 413
181 191 470 225 427 94 422
263 469 119 311 447 13 289
295 14 63 360 267 67 116
198 58 285 229 339 121 253
492 246 197 227 211 497 205
237 290 399 401 390 98 16
65 248 313 398 166 9 143
495 453 488 425 289 26 223
294 433 112 91 168 459 150
354 464 374 189 228 228 243
119 321 24 274 483 254 179
429 254 38 231 371 50 39
299 52 156 361 412 412 444
469 186 165 423 66 317 44
372 45 391 214 112 103 28
11 470 104 187 236 183 152
203 90 180 272 274 70 317
374 480 82 79 313 395 99
393 161 109 485 88 445 167
392 455 41 49 225 388 310
30 276 348 392 93 467 88
380 464 259 221 462 284 237
174 221 258 367 440 188 340
84 490 55 95 298 389 499
27 198 113 489 175 302 382
54 367 34 138 462 459 403
476 387 310 115 200 397 15
440 180 494 207 249 386 448
187 442 463 95 491 396 483
237 402 164 386 29 184 271
314 28 498 314 498 394 5
370 19 258 486 50 232 408
333 300 436 299 303 10 191
476 236 230 380 217 36 84
462 393 365 373 220 455 62
208 438 26 174 209 341 288
268 101 186 93 234 77 187
229 348 444 57 40 414 95
78 306 212 76 450 52 425
255 43 70 210 329 381 308
352 447 499 450 268 257 132
427 390 296 273 194 269 58
319 16 409 69 3 252 110
490 464 200 308 274 396 30
314 325 219 331 3 458 213
44 475 87 435 118 478 461
444 129 94 31 235 83 266
247 167 442 491 309 82 485
386 275 207 442 22 336 80
205 484 489 287 48 384 417
391 328 65 488 109 38 395
70 267 250 188 369 168 172
158 312 121 384 192 282 60
280 63 174 292 66 150 76
180 76 339 480 103 310 416
45 27 370 21 253 145 12
344 427 25 147 459 345 401
396 221 303 123 464 208 448
222 272 213 167 438 152 228
72 109 311 221 481 276 213
399 219 338 426 293 93 109
443 55 155 478 278 361 295
451 251 41 96 440 40 81
426 223 441 216 54 215 96
370 358 354 63 38 12 317
35 327 291 145 79 148 18
144 310 233 196 222 73 191
160 52 276 395 233 88 14
314 152 234 192 411 457 383
286 453 400 256 176 130 126
477 412 25 310 462 27 312
127 194 37 97 10 99 480
418 453 205 84 310 160 446
449 318 7 65 429 8 91
133 209 315 184 69 9 11
7 466 294 342 193 52 356
11 352 160 140 110 360 329
3 73 469 135 439 497 487
492 174 307 321 361 249 189
234 272 275 212 417 422 426
424 445 296 417 230 488 53
499 360 483 106 298 478 34
320 295 316 20 342 78 339
158 124 473 221 261 23 325
79 412 103 104 353 382 313
249 93 288 328 361 483 67
298 102 249 413 26 137 265
20 482 140 99 307 110 276
341 499 147 113 340 1 284
423 389 26 112 287 252 487
6 55 492 266 290 258 154
261 245 376 70 42 59 232
128 498 438 115 107 97 318
300 36 450 211 76 185 272
54 72 208 349 379 129 325
490 50 447 6 66 9 217
346 393 378 368 312 100 306
237 74 188 100 156 18 432
362 279 356 36 385 124 431
42 475 226 316 361 470 25
428 380 282 351 406 63 399
233 317 278 108 111 191 119
411 357 450 184 258 235 410
449 473 30 280 30 58 211
260 185 257 487 357 355 300
263 257 291 362 390 351 294
209 265 297 417 285 218 273
272 119 441 51 289 272 322
116 377 163 239 382 249 9
273 272 475 302 461 299 229
466 73 468 14 245 482 500
364 112 500 6 330 169 416
412 387 120 174 349 211 259
259 101 289 208 392 465 56
265 476 396 281 192 122 234
364 355 107 497 187 202 31
445 125 99 437 320 452 479
396 2 296 122 206 461 256
155 64 40 14 133 364 73
299 212 90 293 374 149 203
483 62 147 117 235 220 411
339 264 442 427 208 339 156
460 309 239 320 73 112 110
365 122 206 281 84 282 365
331 135 237 127 314 113 233
173 295 281 267 215 159 34
165 471 473 219 253 320 369
364 4 305 402 153 415 70
169 418 10 10 350 375 200
294 470 484 327 249 357 303
372 144 117 120 476 452 291
478 252 14 218 452 142 282
421 327 470 119 43 266 160
498 161 118 158 109 468 195
416 74 430 114 166 35 178
236 302 60 494 487 143 192
75 132 36 92 481 361 441
470 409 76 311 440 353 220
199 231 143 322 109 283 136
410 325 52 311 243 433 343
360 172 148 409 430 437 354
155 444 101 25 66 467 13
468 89 93 137 110 149 100
49 134 117 110 183 260 346
375 107 14 292 179 287 460
14 430 309 116 66 482 489
386 340 40 187 219 105 93
157 489 71 66 384 71 259
25 257 388 398 230 50 345
468 86 386 6 146 419 445
230 61 77 267 156 248 416
428 4 287 145 168 398 264
465 176 119 498 175 92 361
443 93 274 310 410 494 423
488 166 402 222 455 54 491
42 6 305 347 243 419 111
50 354 138 485 417 95 135
297 91 176 335 206 179 165
180 263 126 384 72 493 346
498 441 290 331 485 309 248
441 427 143 390 455 303 12
49 203 459 292 30 153 366
166 470 328 54 313 78 286
352 431 340 343 82 186 464
214 370 478 372 39 154 14
416 285 363 26 297 30 30
416 438 250 116 249 312 345
293 487 48 55 11 205 139
486 499 43 174 103 300 354
497 409 347 450 316 274 19
490 288 34 362 419 443 385
411 486 260 192 377 263 273
56 377 74 381 222 220 19
124 238 211 324 201 477 146
492 395 240 317 417 179 316
113 103 337 302 408 439 437
32 56 429 260 261 298 150
83 231 468 208 463 440 139
7 350 101 139 299 329 7
407 323 346 366 269 118 319
362 253 249 224 414 257 52
390 150 186 84 16 122 113
88 443 35 184 490 300 100
362 421 5 477 267 228 456
107 421 6 498 200 500 256
220 124 160 90 218 284 357
265 245 162 310 224 259 469
314 366 236 419 371 488 379
136 211 352 201 420 181 157
121 496 263 303 390 105 393
385 441 34 119 49 90 279
359 336 247 194 293 231 62
464 98 21 352 475 114 454
299 351 109 83 77 475 260
203 381 462 497 402 394 49
184 296 394 134 44 264 349
241 485 417 241 342 495 160
464 67 255 263 255 103 212
418 430 476 234 309 438 261
298 421 54 323 96 102 61
277 400 163 446 418 123 224
494 314 194 397 162 27 408
244 300 345 484 413 115 79
101 439 292 464 269 414 73
94 196 334 216 459 110 115
297 381 465 491 64 306 79
344 35 283 16 130 488 404
365 439 209 445 305 382 432
227 402 400 242 482 190 329
275 353 335 14 100 295 408
259 488 205 447 232 42 76
283 396 363 36 9 453 231
313 122 429 406 400 102 56
225 346 352 159 445 297 224
449 123 171 181 72 57 59
344 450 356 188 85 445 30
193 253 335 38 163 464 414
17 497 255 178 363 126 320
400 459 322 373 20 383 297
39 246 320 345 232 166 216
218 58 24 81 488 453 281
197 91 39 331 94 226 199
414 404 306 68 364 36 156
94 54 196 6 409 29 384
234 89 240 343 303 206 278
399 228 377 374 149 470 155
253 256 185 252 32 199 218
94 99 189 188 380 161 357
245 249 208 114 58 309 384
293 129 365 159 125 381 278
320 437 483 184 148 112 208
184 420 313 435 304 424 490
233 205 371 499 434 114 41
398 346 267 393 297 227 204
87 190 380 122 441 86 126
98 328 330 287 210 317 378
377 165 128 462 267 31 33
197 110 123 54 147 53 54
220 228 405 489 449 51 280
291 182 224 440 238 500 296
304 30 352 273 6 477 235
457 267 496 419 400 83 302
244 298 63 444 437 133 248
53 443 419 137 451 70 350
8 238 449 497 377 291 273
410 332 372 273 353 64 190
117 464 480 434 342 310 420
228 164 397 455 97 427 299
400 416 291 177 227 67 159
135 281 359 180 218 442 82
5 243 186 451 138 384 234
439 86 168 133 110 249 115
2 115 70 219 176 249 379
252 71 294 350 475 221 277
293 425 433 403 469 322 126
69 44 332 59 265 214 112
101 242 52 256 142 473 472
194 269 461 492 336 62 86
478 500 96 109 451 470 15
231 131 232 35 11 49 85
282 32 203 441 189 28 124
428 474 366 40 68 448 282
136 24 227 442 307 23 430
99 347 166 143 62 268 213
457 497 258 95 203 388 229
443 188 88 102 414 142 285
116 406 104 119 208 89 211
428 496 111 15 439 97 232
150 456 88 226 205 195 358
489 7 46 276 199 282 454
474 102 67 128 78 100 93
132 223 479 201 439 14 89
232 38 97 29 346 305 339
22 409 453 391 464 117 120
28 313 119 411 384 94 16
318 7 262 199 429 51 477
161 7 65 73 228 286 167
