9 761 30
18 121 191 61 60 48 197 112 22
170 115 143 11 153 21 194 17 60
170 158 19 30 165 189 34 62 197
12 164 168 97 121 109 76 96 100
78 101 160 8 156 29 134 154 123
175 53 9 98 21 2 110 192 115
200 190 31 179 127 85 127 91 91
190 23 196 81 192 40 36 109 187
130 143 154 20 84 9 34 117 93
95 87 136 32 142 88 197 136 44
32 90 152 86 100 43 54 178 156
74 33 118 75 8 153 152 114 85
150 47 154 101 43 26 81 84 124
184 39 10 46 159 152 2 174 1
109 16 52 180 31 138 169 25 43
8 72 96 157 54 105 57 190 186
195 190 15 121 11 159 147 103 200
134 95 118 193 164 158 190 1 28
19 166 129 55 21 99 151 79 122
151 62 96 141 139 78 131 154 144
69 173 93 121 182 103 173 93 169
88 134 85 3 48 103 33 80 150
65 128 62 5 194 127 164 130 57
33 163 89 34 72 67 176 180 187
57 172 138 40 23 99 119 92 36
130 173 169 190 72 119 87 94 10
189 55 43 112 176 115 34 136 127
114 100 138 162 59 63 76 37 95
138 39 71 180 124 97 51 95 188
164 182 9 174 62 59 102 132 43
187 138 155 112 41 37 160 42 45
9 155 47 127 17 26 66 111 124
65 37 130 90 161 81 72 166 78
130 195 157 190 105 66 166 31 90
87 98 168 119 126 110 194 20 200
158 192 190 175 5 173 69 74 123
93 33 91 69 191 12 23 163 1
164 13 166 181 36 147 145 170 19
117 81 158 29 184 192 171 97 150
78 7 83 115 153 129 107 32 7
112 174 173 193 182 66 140 115 101
56 171 17 145 5 186 12 166 169
142 52 91 29 182 8 168 94 188
133 44 143 102 108 17 78 142 7
108 141 86 196 200 116 80 74 194
189 53 100 83 40 76 93 177 105
133 99 103 22 167 102 70 61 135
171 59 190 2 156 83 36 172 34
29 18 66 174 183 35 157 83 52
3 56 129 12 92 84 94 4 83
194 93 39 197 145 172 37 36 56
48 108 143 174 92 20 192 88 90
7 151 59 9 161 152 123 64 76
80 171 178 39 126 46 162 176 103
69 128 95 114 114 85 141 6 188
43 182 40 44 25 187 65 71 30
42 48 85 91 145 36 50 110 25
29 107 188 64 179 163 63 122 47
54 152 41 17 62 135 34 57 100
169 73 186 193 105 40 51 126 98
156 40 97 91 153 9 160 108 119
42 3 72 149 162 157 68 21 152
131 151 8 139 25 106 43 168 145
2 10 122 157 92 4 28 71 128
95 11 127 49 150 58 85 28 88
85 143 135 163 131 117 188 48 182
59 109 105 188 31 130 184 179 35
73 50 112 21 166 68 145 134 164
60 172 24 42 196 71 163 113 170
162 194 45 11 146 145 74 90 167
42 105 11 183 48 99 13 156 83
197 63 188 6 60 114 185 189 35
7 176 11 91 179 133 123 131 192
191 197 88 62 175 59 14 178 55
156 183 109 41 177 12 152 85 175
106 70 71 68 30 100 88 45 77
84 148 151 29 72 109 29 64 45
166 146 90 53 50 87 32 82 93
111 83 88 75 8 190 186 128 69
164 64 95 98 6 111 192 80 196
106 124 58 137 191 42 87 36 117
151 72 172 37 89 76 187 30 165
43 127 110 130 88 77 69 118 170
166 12 199 164 127 94 60 76 132
13 189 121 197 161 48 49 91 5
190 89 108 18 197 86 53 152 7
4 184 194 171 29 175 65 154 108
95 148 5 107 200 87 6 105 156
185 124 120 134 82 2 182 69 5
106 146 33 18 62 18 6 31 39
83 103 16 58 40 44 125 16 110
14 115 76 152 42 38 27 94 133
125 151 75 71 118 132 103 51 43
23 154 174 117 75 75 46 65 189
40 93 160 43 86 142 195 129 188
55 78 140 83 79 149 75 176 18
197 43 141 19 188 25 116 25 99
157 150 93 178 181 108 35 133 39
68 167 54 148 133 66 44 81 134
189 34 64 108 157 130 175 179 167
76 126 32 102 169 103 124 19 181
145 195 37 69 125 94 105 45 93
125 91 181 193 65 134 21 21 153
8 46 128 139 90 59 29 182 158
32 55 85 194 161 145 174 172 103
116 4 94 151 12 18 52 83 125
162 147 77 33 109 100 120 70 11
2 49 54 165 185 103 95 153 175
103 188 5 23 83 27 8 123 180
129 158 178 189 187 50 11 66 102
129 1 73 65 28 7 23 169 102
14 174 165 119 12 14 4 32 111
34 108 88 115 140 156 39 72 147
188 89 175 12 179 117 86 167 177
118 171 180 159 33 85 86 11 80
145 102 168 23 100 27 38 125 108
64 118 110 44 86 40 174 71 36
96 64 172 148 38 152 179 153 22
14 48 22 40 100 37 168 104 25
157 110 64 7 102 79 21 74 78
109 184 107 26 17 37 52 115 168
177 132 10 100 7 60 20 174 60
115 177 170 52 48 162 43 132 190
154 74 122 21 167 169 26 22 89
132 66 175 114 194 120 168 29 175
179 37 68 182 79 61 77 167 68
146 133 99 185 34 144 167 62 125
143 192 7 160 35 52 64 154 105
2 197 37 199 194 184 95 158 199
169 145 104 76 57 200 59 125 199
66 175 72 159 115 109 20 200 97
193 73 125 125 169 80 62 19 134
163 184 107 66 120 34 81 18 11
137 137 175 18 118 88 176 29 151
7 50 37 108 177 154 91 194 111
58 196 45 66 74 124 25 65 177
50 178 179 173 179 45 111 87 81
15 34 66 172 124 1 149 105 34
183 95 27 199 58 131 63 1 129
52 109 165 144 83 44 105 192 70
180 102 56 107 66 96 41 54 31
112 152 103 66 180 101 119 64 117
28 157 1 185 33 20 44 114 146
47 62 15 103 80 47 138 133 92
101 66 52 139 133 97 102 47 71
81 17 188 178 170 6 143 112 87
106 57 19 98 85 142 48 109 74
88 139 171 182 170 27 165 45 114
63 49 9 190 153 105 124 83 178
168 128 138 110 162 76 68 17 156
34 15 187 121 127 9 40 199 67
140 163 130 2 27 68 79 90 116
151 147 150 182 95 165 49 165 18
26 143 76 119 144 49 51 110 149
160 145 167 136 172 115 37 127 172
181 60 187 145 80 121 9 158 181
193 67 147 185 5 135 43 34 28
134 74 145 161 55 171 24 95 44
64 110 58 94 179 73 40 149 125
83 159 154 150 71 97 97 84 38
150 137 47 149 48 46 172 34 93
105 96 31 128 5 168 150 145 29
111 22 142 197 72 28 10 111 196
165 22 55 109 67 13 16 132 54
76 16 161 158 137 193 41 174 66
10 92 66 194 166 95 173 161 171
80 60 161 174 169 135 16 60 158
57 162 20 10 37 166 196 175 132
37 81 148 52 38 35 132 163 150
136 197 93 182 167 126 34 45 136
181 172 87 114 119 167 14 165 161
145 40 154 39 180 50 128 163 122
196 8 136 121 132 170 15 7 23
193 178 143 5 93 111 164 172 168
168 30 128 132 72 147 146 106 160
135 6 94 164 31 26 169 71 27
172 30 118 98 163 74 20 154 97
134 9 152 134 86 32 53 40 63
65 138 59 117 36 133 20 2 40
84 138 174 195 73 78 147 82 71
42 80 59 77 89 17 193 104 134
117 160 117 167 72 194 71 147 169
113 86 145 110 174 177 139 31 146
29 75 145 147 126 125 68 120 125
158 199 120 75 123 155 152 78 68
101 124 153 10 23 97 112 183 73
128 93 197 124 21 36 194 152 192
46 11 111 83 156 95 169 150 82
85 49 64 63 183 128 151 17 9
128 74 6 45 147 60 176 9 62
131 9 180 160 34 112 20 127 44
66 100 46 179 28 196 159 136 40
97 159 107 55 63 74 116 102 124
53 35 27 198 59 14 106 120 193
25 59 9 86 155 158 53 85 102
42 161 30 95 90 1 36 31 178
156 175 57 72 186 141 53 70 117
52 188 23 150 76 53 80 153 171
88 145 179 104 193 44 147 20 54
61 103 198 196 26 65 22 8 166
146 164 18 152 44 26 126 97 182
95 110 190 164 117 66 147 14 54
18 145 146 170 181 144 156 148 147
129 196 191 136 173 161 138 1 114
157 11 124 8 105 139 123 198 11
6 2 187 4 87 90 178 151 73
28 172 119 160 25 36 184 1 162
56 169 184 148 52 160 25 126 107
22 97 126 136 157 69 24 65 143
115 48 134 177 200 3 185 136 169
185 94 122 30 62 84 49 44 169
117 147 130 100 155 45 151 117 123
194 154 84 22 198 89 46 29 136
6 65 94 23 143 178 101 68 165
28 36 193 104 81 21 48 8 29
183 199 55 169 8 146 157 86 42
186 156 130 137 69 29 160 19 13
50 59 81 173 174 139 30 42 74
36 133 182 18 122 200 19 191 154
158 126 190 85 76 34 193 190 120
110 156 118 25 145 122 53 19 150
113 196 90 107 100 57 77 134 72
171 53 121 177 183 70 13 45 58
189 110 81 48 98 126 155 28 144
108 159 24 19 174 182 120 49 52
29 2 36 79 98 120 199 162 59
138 159 144 66 101 116 166 28 97
16 170 178 194 151 165 194 36 176
13 166 148 115 45 132 133 83 121
136 169 134 181 87 1 34 117 13
198 2 163 178 168 178 164 57 7
199 92 153 89 146 99 63 107 135
39 91 147 49 196 178 101 193 58
4 157 94 199 159 117 63 172 140
63 39 155 40 13 8 145 133 190
139 57 122 44 30 162 177 148 55
33 64 158 88 154 58 198 196 107
94 113 58 9 120 180 151 120 95
10 144 21 31 12 89 6 143 22
127 116 30 104 13 87 50 26 69
139 25 115 20 163 155 164 19 139
192 128 156 193 198 15 146 31 5
67 156 130 71 194 131 23 90 190
90 143 40 154 61 200 81 6 69
110 199 28 20 65 194 83 115 177
149 132 124 31 81 35 189 38 200
32 50 42 29 119 14 112 154 69
99 158 2 133 40 188 128 90 138
107 64 157 87 29 156 120 199 54
17 68 195 33 44 128 35 149 151
36 170 138 97 93 21 159 28 1
84 102 96 149 32 162 72 197 14
71 148 189 130 179 71 117 71 115
162 26 110 129 56 90 30 53 51
24 139 82 167 114 42 147 102 95
91 101 20 124 200 54 99 1 86
126 66 40 73 181 129 189 108 45
49 4 193 90 17 191 110 23 92
16 17 147 129 134 22 180 43 91
6 154 171 109 106 199 90 131 112
150 3 171 133 138 96 33 148 40
180 34 94 159 105 114 98 190 179
27 31 128 173 24 48 44 34 113
7 111 63 119 125 6 159 74 32
94 94 136 7 23 2 17 194 137
143 193 133 125 131 22 102 119 178
115 69 59 146 172 44 117 136 3
103 29 85 123 126 11 180 10 40
88 165 124 187 157 111 69 161 191
185 87 60 108 186 198 134 127 145
128 114 154 199 121 31 60 53 93
174 33 80 87 10 10 100 122 88
92 175 30 79 29 117 174 1 60
197 7 98 73 153 11 121 69 67
175 85 98 151 82 145 78 28 71
67 93 151 36 122 61 137 100 70
102 191 122 132 185 139 144 42 79
105 102 8 86 157 110 96 40 147
40 183 180 182 66 52 169 77 106
152 128 60 39 47 138 183 92 198
2 140 151 69 28 121 137 96 141
83 38 184 45 161 136 167 83 72
47 164 135 24 164 187 70 111 78
145 25 53 165 151 79 128 68 108
93 33 172 8 51 94 7 198 97
25 194 90 73 25 159 28 78 151
122 171 174 188 82 53 148 177 170
85 161 95 81 111 44 193 15 145
7 70 1 74 44 91 190 47 152
65 50 123 15 130 83 191 136 186
123 90 50 12 30 3 167 66 69
85 80 33 193 146 82 124 75 107
95 55 84 79 63 183 40 154 57
153 169 39 69 33 73 194 4 196
16 111 66 199 151 199 58 1 123
28 154 166 54 82 121 102 27 161
63 5 49 16 44 92 154 53 91
57 108 194 144 154 119 58 136 152
152 76 64 193 5 110 121 6 66
175 186 158 20 14 87 186 100 62
144 68 31 70 173 186 139 12 168
23 84 67 67 43 96 29 117 121
159 122 55 154 7 16 51 137 151
197 111 46 155 68 86 151 183 45
88 108 152 160 164 121 111 2 195
162 79 97 158 50 129 165 2 20
13 64 35 133 196 79 95 74 44
1 29 94 44 64 94 151 161 173
18 186 184 1 30 195 100 177 125
186 138 185 60 74 51 133 122 124
83 132 40 20 168 118 189 98 100
23 158 171 190 76 44 169 6 174
198 96 128 21 185 122 35 198 68
158 131 96 57 101 59 139 193 5
95 66 183 81 24 163 192 56 33
189 49 101 171 73 34 80 68 4
66 3 20 27 179 143 195 144 79
71 125 189 11 45 200 54 18 109
144 28 53 127 49 15 138 168 21
91 187 99 93 62 25 83 181 41
152 165 156 134 20 60 1 145 164
157 93 9 30 196 140 1 76 38
69 154 142 33 21 28 80 1 182
20 77 4 22 176 163 64 29 73
177 107 63 176 134 187 84 84 52
8 12 179 174 175 94 95 85 144
186 59 185 34 150 94 102 53 39
47 197 104 168 162 172 132 103 193
113 153 158 159 43 55 143 25 137
56 196 118 56 29 22 128 182 78
12 187 172 101 7 6 84 189 195
160 24 7 169 149 171 165 34 65
123 35 142 116 103 131 15 190 69
200 151 29 32 181 25 132 192 134
127 150 66 151 136 116 146 84 92
36 190 105 34 131 109 91 33 131
151 182 62 40 71 185 151 119 38
119 45 49 58 55 119 111 31 190
52 134 12 131 193 85 65 148 149
36 144 183 128 127 42 91 83 51
163 160 116 105 185 36 64 81 192
48 87 168 42 34 42 77 125 100
112 136 133 69 74 157 68 87 195
32 111 41 28 200 147 117 63 129
63 76 114 164 148 113 190 34 75
84 9 34 149 24 73 39 145 182
74 53 145 27 81 85 6 8 18
119 118 96 127 175 83 48 26 91
141 98 174 68 18 66 88 180 109
117 123 111 93 158 85 117 8 43
196 94 24 72 141 63 132 122 166
68 58 190 106 46 180 3 101 167
136 141 89 52 124 44 96 19 154
37 10 124 176 191 194 45 132 176
124 80 174 65 186 8 150 112 56
100 167 172 124 3 108 6 122 41
179 86 174 161 175 27 91 11 2
175 20 95 82 67 129 139 187 15
84 66 134 148 21 86 136 69 115
55 54 83 67 164 48 137 30 49
52 32 70 170 132 116 73 79 34
182 122 72 147 106 140 123 194 140
112 59 15 7 161 108 175 198 110
29 69 143 56 100 161 188 196 120
73 116 3 35 29 130 72 126 191
92 58 34 58 54 179 164 155 176
144 121 182 110 170 163 10 94 195
138 119 31 85 166 94 160 80 75
82 119 83 182 78 139 189 192 135
196 172 137 108 121 190 31 99 138
70 190 29 104 49 194 189 98 25
75 93 49 161 24 89 21 131 104
104 1 143 132 145 165 148 105 18
35 52 77 159 108 171 55 184 28
64 140 147 155 104 168 61 165 190
74 91 141 127 115 86 141 14 199
150 129 131 53 126 157 66 76 8
171 169 94 90 74 145 26 146 67
49 124 150 174 63 96 71 13 121
31 7 175 83 9 160 184 49 188
63 174 88 115 105 15 96 35 196
129 52 34 49 35 157 80 177 122
196 163 62 142 127 125 107 199 182
185 94 98 166 142 125 96 93 59
151 56 55 124 37 67 193 28 32
121 60 132 84 139 92 162 102 129
34 125 26 93 198 24 185 167 81
173 104 74 178 12 60 182 119 108
85 175 31 41 184 23 126 63 42
72 40 182 145 140 33 118 61 185
173 165 8 119 67 191 185 11 127
117 55 73 97 81 68 189 152 48
136 35 194 113 184 81 16 86 22
9 86 113 75 19 33 89 51 50
164 36 80 61 140 127 177 113 67
67 43 62 122 34 64 119 74 20
136 174 116 83 142 167 119 13 21
155 155 179 114 88 116 101 131 23
73 33 168 15 109 180 65 24 166
23 25 2 44 101 121 79 20 85
24 78 38 75 82 1 75 164 174
57 35 106 140 49 102 36 126 193
145 89 47 196 92 142 50 76 17
175 124 68 31 43 68 37 73 115
170 181 9 11 86 118 104 58 106
3 154 7 187 160 93 189 195 106
163 64 51 165 81 176 120 133 39
85 51 174 168 140 125 104 132 97
18 93 77 125 54 133 110 131 165
93 147 197 183 139 28 68 52 125
20 200 85 146 114 181 60 16 197
78 148 88 101 102 147 72 8 165
70 103 106 159 22 70 33 92 75
21 24 139 118 148 161 168 51 195
121 136 127 123 7 187 134 175 28
81 32 77 58 23 4 26 62 156
30 165 48 136 197 34 69 5 64
186 130 88 83 16 139 169 164 119
13 8 107 115 145 67 105 198 122
6 200 28 154 58 171 88 159 153
103 104 140 97 179 127 125 127 4
130 2 134 28 165 200 112 20 78
172 163 47 17 66 176 129 54 5
72 175 145 104 160 177 9 164 191
198 91 11 142 166 71 132 63 118
179 24 24 184 182 77 146 49 56
24 85 23 65 32 119 82 143 57
93 129 139 159 136 169 62 27 116
50 88 34 93 147 154 108 195 111
61 19 136 79 66 101 110 10 67
35 54 74 154 59 47 65 72 187
188 148 24 111 154 31 182 36 168
169 10 118 199 33 130 175 124 185
63 105 187 147 118 166 110 81 145
158 143 152 31 105 74 72 194 141
151 13 167 50 143 90 68 180 132
119 189 9 78 192 63 116 171 17
56 33 95 78 190 138 156 119 120
121 99 124 154 62 196 93 77 44
75 54 78 199 51 25 182 73 71
172 114 46 47 132 139 28 152 18
24 14 87 189 27 195 175 160 18
90 65 198 87 169 131 19 162 143
36 173 141 103 119 3 128 46 86
100 70 62 169 28 79 180 159 146
192 38 53 21 64 145 125 16 29
98 120 155 198 188 54 13 10 154
109 47 121 37 185 122 168 136 75
52 155 26 157 39 199 51 189 18
174 115 136 28 78 23 121 142 108
110 2 152 117 171 170 7 101 43
63 29 3 34 6 10 53 113 153
138 184 123 152 15 123 191 179 113
196 24 159 138 3 156 95 198 70
82 5 35 148 24 1 78 158 164
1 199 35 41 74 117 131 155 182
149 54 103 30 175 190 133 194 49
98 175 142 152 61 71 159 156 70
44 167 156 1 149 13 130 198 9
9 104 72 78 190 3 113 81 185
14 20 165 65 90 107 23 111 5
66 74 48 9 76 166 184 175 12
135 129 155 7 59 101 90 24 35
1 105 3 93 130 159 190 130 180
86 173 20 89 150 142 178 31 147
172 63 5 79 191 184 150 107 20
197 87 131 17 25 142 159 68 13
180 1 92 82 125 108 8 94 156
1 191 129 140 128 200 176 101 173
19 185 12 65 198 32 190 75 165
1 182 54 12 112 101 157 95 166
25 108 156 172 186 40 71 117 48
194 30 174 105 120 22 138 162 149
102 148 27 131 194 67 96 181 107
101 54 137 53 13 147 78 57 55
136 75 148 127 35 128 168 76 104
49 113 170 17 160 155 192 174 170
186 15 38 117 89 29 22 119 103
9 129 59 119 111 129 104 112 158
188 163 148 161 179 78 52 91 72
41 148 22 158 192 99 189 29 45
30 144 45 71 30 56 51 66 151
12 170 161 161 68 36 2 108 148
130 161 184 163 128 184 3 124 35
158 175 188 135 29 163 134 125 56
32 43 2 164 23 166 198 102 81
63 147 101 15 190 20 74 163 171
192 190 111 59 119 122 173 62 164
77 54 22 148 65 127 50 110 191
72 53 99 181 103 136 64 157 69
15 97 87 167 51 113 170 56 91
143 71 132 49 91 110 104 2 26
21 113 37 110 165 171 184 121 80
75 135 35 177 102 183 170 138 50
27 146 116 126 20 70 82 110 38
173 191 146 168 64 169 72 156 179
118 86 112 73 6 28 28 53 81
146 157 7 155 118 74 156 28 73
13 114 61 10 140 137 128 10 153
189 119 130 174 100 88 186 157 147
32 108 167 182 101 97 107 127 160
58 121 79 123 81 112 51 143 88
53 184 178 58 61 18 111 137 148
130 197 40 79 166 189 10 159 93
14 19 167 179 139 174 152 194 56
166 123 146 25 144 159 122 4 121
195 95 175 84 54 68 109 79 101
171 37 79 166 131 107 72 114 67
171 49 135 149 100 176 159 23 98
98 195 102 150 190 133 51 105 83
188 51 198 134 57 98 32 105 98
151 181 184 156 150 33 53 158 42
133 95 36 25 114 119 17 13 105
195 17 111 92 190 198 95 18 71
145 137 191 33 187 146 178 147 173
148 60 1 165 135 117 67 137 24
153 21 33 118 35 127 64 186 17
149 51 183 136 185 134 107 57 151
123 116 20 122 148 70 148 61 147
36 156 5 152 150 192 69 107 58
119 10 26 149 127 48 37 11 193
36 32 78 38 36 41 4 11 163
2 116 57 146 89 194 65 155 71
185 134 79 86 8 10 68 55 128
94 127 162 181 12 88 14 147 167
6 68 90 158 96 23 77 108 86
191 128 4 159 55 137 43 180 107
89 46 157 110 42 118 74 123 98
25 165 194 169 75 134 149 200 21
7 171 66 116 26 141 135 45 159
168 175 48 18 58 60 170 165 184
67 64 26 31 181 8 27 18 56
50 141 116 27 32 18 174 155 58
62 179 151 4 165 145 122 68 187
147 122 175 12 109 5 155 101 56
52 154 98 175 10 45 194 153 78
71 183 32 6 172 171 64 119 146
184 188 123 119 198 70 83 59 50
117 77 111 36 84 7 62 34 17
189 75 12 131 63 131 120 144 6
124 79 13 24 175 87 71 186 114
42 138 158 72 199 80 134 77 80
156 119 77 92 104 177 12 29 76
134 148 180 151 65 10 27 58 89
41 180 171 38 156 161 88 68 38
44 70 13 164 199 64 132 53 190
131 15 129 92 98 52 32 147 61
184 116 40 151 147 74 102 168 64
181 146 40 44 92 31 62 13 172
75 56 197 64 185 196 134 121 169
126 81 145 69 18 154 196 157 68
38 49 53 78 143 149 69 34 23
50 177 137 84 70 106 164 43 86
62 65 24 116 3 111 164 22 162
101 24 194 65 33 41 151 169 85
140 85 18 198 180 136 131 111 138
81 70 107 101 77 171 43 162 66
28 159 45 80 106 64 65 84 70
125 108 11 186 180 47 140 65 180
36 23 3 136 144 61 198 158 12
7 130 105 118 156 19 125 118 77
13 25 110 68 59 177 136 101 168
188 79 27 194 75 183 125 75 68
126 91 34 109 159 92 121 61 188
193 104 184 140 184 195 9 110 41
32 141 93 77 83 5 76 153 141
140 52 69 122 130 67 49 2 40
63 154 194 189 188 186 28 1 50
118 28 176 178 196 141 57 186 4
27 95 199 54 90 15 83 60 55
19 8 42 46 183 20 131 28 42
93 198 181 24 126 73 25 189 50
52 186 148 168 89 65 193 104 162
41 156 126 180 84 167 76 67 22
153 133 174 103 173 103 93 36 188
16 120 56 82 117 57 183 128 126
188 123 5 134 134 43 10 98 60
48 174 96 22 106 192 146 108 163
35 139 191 185 119 81 43 98 157
27 19 28 59 125 134 99 169 58
25 126 11 98 37 123 112 12 194
186 90 45 36 120 191 17 13 133
55 185 171 192 87 158 43 137 94
173 102 183 134 68 115 3 109 59
62 13 188 159 104 166 24 19 110
118 135 72 70 134 93 167 111 40
80 172 160 38 137 77 116 105 76
178 117 139 177 160 31 22 12 129
62 134 25 103 90 29 101 1 34
158 81 76 79 148 16 189 131 75
11 94 41 87 83 31 198 108 71
183 184 190 166 75 110 59 111 103
49 165 55 155 10 123 187 63 108
187 110 58 42 177 62 15 156 187
138 57 94 72 38 121 74 86 99
69 184 91 152 131 170 62 70 143
93 199 66 193 69 156 148 146 111
150 152 8 117 28 34 145 198 174
8 69 164 108 99 110 146 199 5
76 182 128 121 100 75 169 192 97
82 193 184 14 18 124 98 115 93
129 163 70 133 37 99 35 95 193
21 87 190 32 46 34 59 100 154
115 77 65 59 88 11 129 75 14
65 1 36 150 195 116 21 105 147
71 48 165 185 173 58 80 36 20
107 4 20 48 183 4 177 166 148
182 65 164 85 185 22 7 158 169
47 4 176 9 89 195 79 112 68
81 75 24 130 13 36 99 158 142
57 70 122 74 59 34 131 130 109
128 17 12 71 37 153 81 196 199
29 49 136 71 152 147 102 47 82
74 168 134 19 116 200 145 45 132
79 77 74 155 117 130 72 106 72
90 58 195 152 82 106 153 114 176
123 101 107 102 132 179 160 134 17
4 68 47 148 36 82 182 69 71
43 8 141 24 9 71 153 66 189
123 45 11 199 3 15 38 100 29
110 23 188 162 155 4 21 53 190
162 26 62 4 70 64 161 103 118
154 132 111 7 83 114 72 7 125
1 172 85 119 195 10 184 148 91
38 182 154 166 28 39 192 36 79
16 188 54 167 188 59 35 179 200
18 198 74 109 149 26 80 36 78
89 23 21 120 169 156 137 4 176
108 73 12 97 39 166 94 39 68
186 68 178 181 158 178 48 163 166
47 77 173 18 191 158 30 6 7
179 5 29 139 131 144 121 6 148
171 78 136 155 70 176 140 33 21
25 50 23 84 144 114 91 130 87
75 107 77 131 131 17 95 153 199
40 176 191 77 62 43 145 96 139
133 6 92 49 52 50 27 108 4
156 168 179 72 67 185 200 39 68
98 84 148 39 160 199 170 140 154
23 200 88 31 78 10 140 92 113
65 39 101 46 92 67 7 94 102
14 147 52 113 138 37 156 131 78
133 127 24 102 13 86 65 97 101
189 84 90 60 122 164 138 72 70
2 155 88 164 164 184 119 7 165
11 27 81 189 31 135 137 194 167
54 148 6 158 2 175 164 185 36
12 102 185 172 36 128 182 187 188
114 161 166 34 18 8 6 82 40
120 118 164 30 101 61 112 104 94
197 101 88 135 115 126 6 190 104
159 150 90 63 6 57 1 88 189
24 162 124 23 190 2 138 169 182
58 106 91 14 152 24 151 90 165
10 113 148 24 77 175 10 105 166
35 104 120 189 87 32 23 190 41
15 165 19 199 58 37 44 36 40
54 153 68 66 52 121 100 80 159
100 149 118 170 62 131 47 103 108
1 81 193 196 16 106 33 88 31
24 54 188 140 95 183 25 20 134
18 136 152 131 99 19 65 105 141
72 21 23 100 55 26 43 150 190
99 31 191 147 129 82 172 2 171
106 187 120 1 16 137 95 141 76
147 50 35 68 122 4 10 79 24
76 83 15 128 4 114 102 125 58
180 23 41 102 32 41 114 149 88
88 96 22 114 132 73 179 89 62
104 18 10 8 92 188 148 124 5
157 167 112 53 62 96 168 156 160
76 148 12 66 92 124 134 196 23
98 77 196 22 71 89 193 4 112
183 175 124 58 111 122 160 196 125
167 183 100 61 63 54 156 25 189
74 94 37 18 197 14 157 158 80
111 133 130 184 9 8 92 36 98
189 91 109 34 191 180 166 27 84
124 63 168 33 143 21 93 140 40
172 200 114 129 103 55 34 182 183
58 145 133 99 122 167 144 71 186
66 151 32 189 169 103 6 1 12
88 179 146 195 166 155 89 12 173
189 38 177 187 9 132 105 192 154
37 85 145 142 157 62 62 19 19
141 152 28 45 139 87 180 140 2
155 131 88 179 58 87 125 162 73
141 46 95 134 96 40 135 45 57
27 194 34 127 180 6 39 113 78
156 174 122 187 41 121 155 54 48
23 48 74 173 18 36 128 157 127
182 61 157 150 192 122 40 155 181
192 21 51 84 180 168 51 82 199
112 158 60 49 177 141 133 39 171
20 85 51 34 75 155 91 7 18
68 148 111 184 93 8 59 134 173
13 152 191 70 177 127 187 150 187
128 124 41 36 138 32 161 165 94
185 152 178 189 194 109 88 183 19
134 139 6 46 189 51 10 2 118
56 150 144 136 156 91 20 50 7
36 158 39 1 145 170 133 139 192
173 115 103 64 90 65 161 200 4
44 14 48 132 114 61 126 52 138
186 28 13 168 90 175 158 136 164
123 175 81 45 182 141 157 31 130
134 173 107 159 175 25 60 169 60
169 78 181 25 118 127 25 86 60
85 117 176 76 40 197 118 37 33
80 168 83 90 86 55 99 176 53
49 93 167 140 108 51 61 156 157
73 98 76 169 14 118 69 43 26
60 69 151 32 165 151 111 14 176
138 197 10 24 65 32 152 87 131
194 57 186 180 65 14 68 100 116
109 79 190 9 123 64 172 132 155
67 113 114 46 96 191 135 131 172
58 117 9 82 109 111 171 91 123
21 123 84 185 192 146 87 154 112
46 5 75 19 85 195 64 105 146
66 182 118 110 35 50 88 80 130
138 186 64 178 11 113 152 2 83
164 52 151 184 177 84 82 40 77
127 59 82 36 90 150 45 99 18
21 136 9 126 182 82 53 105 143
147 84 102 191 114 2 12 46 16
11 28 103 132 170 9 173 1 74
32 125 150 195 184 35 164 168 75
71 141 110 149 40 186 63 109 65
62 176 33 172 106 48 151 157 16
2 146 104 164 76 26 174 95 1
95 75 94 4 198 139 75 95 109
191 130 34 116 82 175 95 180 194
190 102 125 107 19 77 115 189 131
18 136 161 50 108 128 135 38 79
144 109 180 14 88 75 34 197 75
146 5 7 77 134 52 110 133 97
68 170 115 51 14 28 3 31 110
147 18 39 188 71 64 178 16 11
183 133 162 144 180 104 96 192 35
146 60 128 31 184 93 194 35 114
37 122 138 102 106 183 22 34 153
12 151 92 112 168 10 100 66 179
28 148 65 34 191 46 198 100 85
199 149 198 90 163 40 67 31 41
168 88 123 32 123 56 109 138 154
132 80 8 178 133 30 118 22 156
8 73 163 154 164 86 196 163 185
172 183 153 71 189 191 102 194 73
139 74 9 84 71 190 26 49 146
87 96 95 112 47 103 131 137 137
183 37 90 180 47 151 2 186 28
36 103 65 67 158 90 25 35 43
184 199 103 144 66 9 82 6 80
171 83 52 50 186 92 85 87 72
29 68 153 63 78 181 64 192 93
182 78 22 77 102 147 183 128 108
19 187 85 123 132 56 85 29 180
189 51 109 75 166 75 18 140 127
37 169 98 197 185 137 25 129 164
165 18 6 4 117 131 93 41 63
