7 1152 29
152 221 127 217 173 4 136
166 269 243 219 149 1 192
396 128 210 30 126 197 302
388 381 244 363 320 79 187
60 188 264 160 226 383 333
367 228 375 92 69 322 341
154 156 278 9 92 247 380
289 155 257 307 396 49 65
84 68 265 209 387 91 38
351 69 244 306 387 97 86
155 290 265 13 281 115 187
289 50 48 386 395 65 15
339 261 245 161 197 369 134
218 368 381 222 19 329 293
309 381 365 121 205 183 109
33 303 305 216 127 102 353
287 100 298 118 149 117 80
316 37 143 16 191 73 297
134 4 376 345 286 4 351
73 154 266 179 235 6 159
326 299 14 387 297 52 270
399 161 150 265 217 29 375
286 184 118 183 24 313 135
376 197 1 384 45 314 196
198 18 293 197 189 125 19
46 120 292 51 179 144 351
314 226 356 207 72 77 192
399 171 332 161 26 386 300
135 254 229 301 12 271 116
155 308 270 381 362 358 187
290 296 170 393 234 269 291
114 182 102 191 250 359 339
124 360 46 285 349 226 276
108 253 281 139 360 372 309
164 303 392 370 355 342 118
59 368 179 97 325 240 42
250 352 163 391 192 41 15
92 74 35 29 155 83 296
178 358 132 363 65 372 169
31 62 199 77 109 358 156
231 338 222 339 281 295 233
208 22 357 318 240 69 265
361 208 115 356 33 43 157
198 42 146 190 92 140 129
310 184 179 272 268 176 280
247 69 153 144 117 294 261
260 243 166 74 113 340 359
102 16 304 151 192 57 1
82 369 3 285 218 66 367
166 313 55 54 79 6 173
272 16 311 64 295 91 6
240 91 127 279 197 55 77
57 33 36 185 27 68 381
307 112 22 162 151 358 224
33 66 356 220 193 167 370
238 161 369 269 179 97 217
331 234 399 217 363 287 37
82 129 63 16 219 209 153
100 108 186 354 15 58 294
28 315 275 286 56 376 76
274 185 138 121 58 235 270
238 263 100 50 211 157 154
70 365 165 181 286 251 206
150 121 125 132 119 279 76
372 245 374 70 350 236 45
361 396 18 13 2 354 327
133 198 295 299 86 176 147
369 118 268 281 274 152 292
391 53 187 314 27 397 306
389 233 84 388 223 74 359
53 94 183 337 5 1 358
124 119 270 260 325 133 217
68 352 322 135 135 269 80
132 108 233 371 194 298 55
134 132 76 64 364 282 28
9 154 349 179 276 179 285
383 202 196 56 246 104 65
318 363 87 127 179 63 400
51 101 361 63 283 351 9
135 268 222 345 199 268 209
21 236 289 310 269 231 105
114 152 176 59 289 187 203
30 240 331 106 9 342 47
259 363 10 106 132 172 225
231 212 131 151 165 43 217
256 181 388 125 159 114 82
170 183 257 258 359 400 73
192 157 237 20 76 174 75
54 381 227 220 158 358 327
181 154 265 387 21 352 26
153 391 315 21 341 393 195
339 112 286 144 152 359 193
319 320 44 220 70 332 139
23 69 231 272 372 253 367
167 219 326 144 84 50 364
130 68 191 201 374 323 289
121 316 191 172 89 250 269
115 289 264 59 202 148 335
182 172 118 35 109 155 382
254 277 311 28 368 159 209
380 276 23 208 203 340 45
116 249 63 41 104 272 122
155 13 357 149 273 229 60
127 13 285 80 109 262 319
196 23 174 327 243 227 275
308 383 39 298 193 328 137
121 37 139 73 243 232 125
33 90 327 152 155 63 185
118 276 62 291 315 112 153
312 248 30 177 293 44 125
140 157 126 127 67 161 297
381 155 18 263 59 311 153
353 94 92 183 229 299 69
40 90 113 120 222 16 26
24 203 59 270 76 111 50
233 368 195 115 238 107 388
217 108 17 100 16 48 378
94 264 202 275 57 216 68
115 63 85 305 176 14 324
275 131 382 284 336 217 196
48 133 27 342 139 75 49
128 348 281 355 55 373 218
32 301 46 209 226 196 31
330 193 37 126 371 7 115
118 155 100 156 345 313 164
368 262 32 317 69 350 322
397 186 180 194 132 363 388
367 221 68 102 350 99 122
146 246 226 342 245 162 107
371 309 290 76 74 322 228
63 155 14 290 2 31 190
187 327 108 177 166 189 249
352 115 254 355 215 21 122
79 340 334 389 240 205 233
108 251 358 158 94 25 83
1 312 382 75 364 369 136
270 190 328 89 216 164 314
57 230 7 313 133 344 230
297 364 184 277 221 284 59
262 81 217 197 199 121 254
82 205 10 151 82 288 391
365 228 38 368 19 38 148
134 194 380 18 353 16 191
383 53 70 280 325 98 209
254 93 268 216 236 70 235
192 118 67 211 269 301 131
134 171 80 213 232 140 70
378 4 2 58 205 366 30
86 241 248 314 35 347 344
389 32 128 26 237 241 31
34 113 154 210 37 375 124
65 41 300 382 71 234 234
112 329 94 303 253 21 235
380 255 23 23 10 7 258
33 196 172 45 126 65 211
187 326 368 321 32 240 26
158 32 155 194 234 234 63
16 356 246 259 94 344 379
192 210 104 356 134 254 255
68 334 244 210 55 287 254
152 266 357 221 43 110 383
64 95 25 344 280 19 382
88 345 294 398 123 68 44
223 211 163 257 188 186 387
189 381 138 105 120 184 240
175 127 264 398 334 296 173
320 96 35 372 290 294 322
329 400 215 282 42 142 42
170 221 57 390 28 181 126
232 186 97 281 198 306 166
176 226 253 238 129 48 140
32 329 299 132 210 359 372
188 173 305 221 244 112 309
229 152 280 34 117 133 142
24 219 316 64 61 132 213
181 354 144 341 331 38 192
387 180 153 179 231 257 243
226 84 364 85 72 88 348
176 374 370 53 294 54 67
287 398 286 344 121 363 71
391 108 111 79 375 100 44
28 229 173 331 354 357 378
241 166 342 268 31 292 296
224 297 238 210 106 393 118
239 370 372 79 9 188 77
126 74 364 217 198 334 217
179 309 13 17 353 121 87
365 279 391 368 247 90 397
303 137 87 198 114 72 309
30 164 65 201 279 50 291
169 123 10 29 258 226 100
169 173 359 245 345 128 166
66 369 114 201 147 245 289
132 8 164 359 109 192 53
105 112 263 97 146 385 223
194 176 115 387 186 142 57
72 23 322 347 261 6 87
283 245 101 301 297 154 45
112 20 4 240 119 273 98
159 77 225 120 239 37 318
34 349 346 214 136 96 5
396 146 62 115 123 78 257
229 236 207 107 217 154 88
392 265 148 58 180 275 67
315 173 377 284 56 329 186
280 107 267 49 18 208 242
348 321 101 242 176 167 144
375 234 89 70 55 169 288
376 328 331 254 400 146 133
261 62 230 183 325 268 320
94 85 24 40 156 100 275
63 277 208 37 328 204 87
83 117 286 252 308 196 188
188 241 57 207 305 283 349
135 375 305 119 149 237 225
251 121 302 335 208 366 112
245 279 53 365 138 280 272
97 229 239 304 115 275 311
64 72 8 277 260 3 115
169 380 353 36 224 77 117
258 238 146 239 184 234 255
195 113 90 278 55 212 241
254 108 17 198 241 385 284
102 388 308 297 189 60 347
73 177 271 130 260 64 345
117 232 59 32 65 32 338
26 326 280 114 126 159 352
45 232 277 112 105 1 305
363 75 126 305 7 85 199
173 396 238 331 42 250 385
290 318 160 393 35 277 154
267 392 276 75 164 239 12
156 261 161 65 131 236 376
12 199 85 109 365 66 192
400 149 233 101 284 83 233
133 121 382 306 99 340 322
88 308 188 94 231 210 14
141 55 391 180 260 304 8
329 348 144 303 80 175 122
126 182 377 194 353 36 183
135 307 170 83 399 276 9
195 281 249 255 46 335 36
168 176 299 150 3 80 203
258 35 128 392 372 135 133
195 386 93 57 97 82 370
93 25 12 364 322 203 273
92 105 276 348 142 57 383
231 323 242 302 290 257 384
169 48 281 210 198 50 42
187 137 376 340 9 222 36
79 20 357 370 285 169 157
246 29 104 117 36 65 266
399 309 307 23 37 56 67
247 32 136 260 327 295 237
328 207 53 149 345 305 287
324 42 372 100 330 93 51
149 308 54 272 326 5 207
28 374 295 93 107 140 348
196 227 130 74 103 214 391
263 322 129 399 48 219 36
62 176 230 338 118 288 360
363 28 378 318 185 145 290
208 103 336 103 192 249 227
390 343 216 379 400 66 44
288 13 88 335 213 273 400
143 288 142 208 100 153 138
361 84 240 195 306 371 340
160 193 351 162 217 177 11
106 394 33 9 72 388 105
30 129 52 195 145 380 200
103 196 356 111 358 150 43
257 236 199 81 191 176 366
165 348 254 24 396 156 343
386 128 268 39 168 58 226
375 191 306 86 195 112 102
65 31 246 90 388 390 27
63 381 180 125 231 38 132
327 216 46 252 237 223 45
376 119 22 50 132 34 233
318 190 3 326 310 299 270
308 325 313 214 229 257 212
134 238 335 157 383 342 297
344 195 381 271 85 33 288
124 354 162 122 378 271 340
109 72 81 324 353 203 331
209 396 259 314 399 291 352
288 74 287 356 339 331 52
59 183 320 190 360 297 134
157 305 269 378 34 255 395
113 202 14 85 213 155 204
157 97 285 160 197 398 43
216 54 319 105 152 36 137
9 15 50 280 377 204 338
62 94 369 192 13 87 183
400 343 139 323 277 340 341
359 275 212 369 11 71 101
39 318 358 167 328 24 131
94 246 338 373 392 57 376
152 400 367 125 115 274 19
320 10 112 66 46 196 388
138 23 272 391 372 358 147
209 307 235 261 113 189 235
222 16 362 11 91 322 91
152 85 333 76 251 260 364
397 75 15 54 93 212 71
203 248 294 85 14 116 337
257 41 182 48 213 238 58
323 257 330 98 241 48 63
398 77 59 322 189 201 268
289 387 248 150 89 236 153
163 55 193 33 238 318 296
23 194 313 32 70 194 177
285 191 123 65 144 141 343
40 59 301 243 126 244 45
51 139 296 212 229 293 386
371 83 88 60 43 189 186
181 94 214 223 339 298 46
59 283 196 240 183 47 17
172 54 263 267 120 279 275
385 307 237 384 144 10 30
121 209 110 121 208 307 229
92 237 123 1 181 358 72
318 215 80 284 175 143 85
248 268 103 246 375 341 154
50 255 266 329 24 355 381
398 122 172 280 48 51 248
220 358 186 147 105 303 279
134 53 353 389 206 103 177
8 351 387 162 354 152 395
337 1 8 211 321 74 225
277 290 268 92 55 168 254
109 266 89 123 392 84 230
32 36 64 334 114 208 53
367 373 195 244 78 107 360
54 345 57 186 326 156 177
60 234 241 363 221 359 11
213 377 133 372 141 179 129
277 44 66 227 391 325 89
223 344 222 60 383 80 271
16 1 84 313 258 173 330
217 395 346 14 140 306 17
132 53 50 1 352 365 45
181 147 202 17 243 230 51
155 87 252 51 154 240 83
77 117 200 139 95 319 185
378 89 121 94 15 175 345
184 165 237 26 35 298 204
340 344 337 290 285 68 278
382 384 313 32 356 397 259
123 213 161 270 54 100 360
278 378 228 304 319 365 246
80 326 230 33 265 103 66
322 219 80 325 247 139 326
149 263 387 279 196 37 298
256 364 68 22 127 368 300
48 204 336 29 311 36 45
276 40 358 254 92 220 322
83 311 290 45 248 333 302
234 220 196 354 198 162 49
236 19 279 158 272 376 230
221 184 102 169 283 361 46
80 232 312 145 390 342 157
72 386 95 22 150 12 301
95 154 209 388 257 9 233
339 217 203 38 75 122 373
207 382 37 375 351 333 184
215 376 347 36 142 155 165
52 1 108 166 203 243 369
389 301 41 364 258 369 318
186 306 277 279 26 311 83
282 18 275 115 315 318 110
272 119 283 118 191 277 132
247 365 185 74 12 281 235
265 100 194 183 136 216 2
102 209 11 299 333 130 99
81 373 355 56 216 235 266
219 303 248 59 73 254 132
259 271 204 263 343 160 68
400 121 133 136 105 91 101
390 298 375 133 186 269 270
17 101 386 207 91 45 36
186 115 181 268 198 345 238
245 64 239 109 63 245 274
383 232 161 202 43 343 345
64 231 299 70 128 302 36
307 15 368 112 330 287 138
9 265 96 343 285 378 281
119 334 243 183 112 378 396
181 290 270 399 301 175 7
117 206 107 345 142 127 352
292 256 2 293 371 341 380
48 135 286 133 105 308 61
123 114 153 289 76 4 374
35 147 107 217 321 66 116
10 56 322 6 312 23 391
399 34 338 279 304 395 180
219 92 344 9 87 13 316
91 167 8 86 251 91 241
41 82 5 306 253 393 384
296 356 70 115 111 15 343
326 224 81 100 5 343 36
400 386 57 75 336 239 198
104 352 253 92 400 354 255
332 267 104 290 225 288 228
353 301 288 110 20 150 225
278 392 306 207 122 293 127
318 346 188 86 323 10 368
97 36 376 327 362 45 110
240 214 356 10 215 386 335
397 342 220 276 193 127 134
81 95 136 294 221 127 213
193 335 400 268 58 270 171
133 309 41 131 257 353 24
384 157 325 130 365 103 266
96 382 64 330 114 374 66
327 369 376 291 350 68 172
75 238 7 20 98 292 377
95 222 57 4 238 76 190
51 310 269 278 399 133 259
38 362 56 395 88 400 172
269 38 314 4 98 293 165
219 86 383 275 330 174 134
193 12 140 198 104 336 128
314 343 254 49 50 209 238
188 35 99 117 140 144 329
49 76 376 50 88 233 127
321 268 42 257 165 1 292
212 299 242 297 158 306 241
242 167 143 317 237 320 3
297 232 68 106 363 398 366
276 130 17 315 202 44 346
193 313 118 285 336 307 5
80 216 183 373 317 236 317
400 357 358 326 386 216 90
131 138 51 271 213 339 25
315 165 163 293 302 214 164
174 355 231 33 172 130 45
19 330 281 113 94 285 189
38 277 4 267 93 133 305
195 76 289 247 376 364 233
387 241 258 256 160 100 113
174 358 67 350 100 147 7
180 238 221 349 217 317 182
366 113 150 128 371 129 245
51 121 214 166 286 193 183
37 346 75 152 276 149 356
273 221 270 125 335 281 348
238 329 273 275 267 309 387
73 22 220 391 278 22 363
209 171 70 380 266 181 368
52 59 146 252 366 377 307
131 24 71 210 249 220 296
86 395 99 181 20 37 277
30 376 359 323 212 181 313
216 54 153 44 13 378 372
275 301 383 347 226 361 128
344 70 252 59 84 21 33
275 40 231 180 20 32 261
342 197 114 257 181 34 221
374 203 26 276 369 230 70
45 161 24 108 374 347 336
323 56 289 329 311 158 180
289 303 343 263 364 221 122
166 42 326 186 215 119 131
298 111 289 391 370 296 159
34 83 194 64 197 88 360
66 103 93 324 212 376 244
150 366 276 118 128 351 202
359 262 359 93 301 68 262
154 194 368 341 235 344 114
180 348 108 305 259 269 286
64 277 87 80 280 290 226
238 200 140 85 189 59 52
143 70 73 14 183 132 160
146 111 220 276 308 95 221
4 22 127 105 159 156 339
35 327 113 238 105 261 393
289 67 126 230 291 252 149
95 325 337 368 381 262 168
175 120 341 339 218 98 133
69 266 274 54 132 75 308
81 303 288 206 244 322 232
86 207 280 352 2 78 304
265 256 392 163 331 72 311
277 217 399 249 394 135 269
342 140 218 81 227 74 16
259 167 194 16 378 172 113
194 384 360 138 33 306 76
310 32 204 349 396 220 69
33 18 80 295 364 162 62
338 220 47 45 384 98 394
270 236 130 368 388 399 44
247 370 140 92 201 55 301
255 159 120 348 23 66 109
54 336 46 95 317 372 345
367 190 92 274 27 83 201
253 269 361 354 382 148 292
318 19 343 33 244 7 55
12 49 261 20 68 90 314
243 220 163 46 239 371 95
164 398 342 104 95 5 228
369 199 254 99 107 173 296
17 53 156 176 365 120 176
15 103 49 60 148 150 80
54 308 136 337 293 271 303
296 318 356 378 387 331 216
161 43 94 179 22 75 357
379 184 275 46 182 9 223
316 329 306 244 394 22 278
299 208 182 389 370 36 179
2 190 18 42 182 85 303
351 230 316 106 305 35 28
261 175 321 202 163 251 58
247 386 350 3 21 186 12
352 155 246 58 372 283 339
221 59 258 247 164 139 208
373 137 391 57 269 276 183
235 281 321 37 17 37 163
201 391 286 248 311 286 47
335 279 258 279 248 358 59
63 235 363 1 331 139 221
83 176 60 163 90 229 227
75 249 12 253 111 184 370
163 388 98 85 220 293 91
102 67 177 86 79 203 32
229 135 320 91 258 243 64
237 318 303 266 100 281 366
245 220 65 142 100 31 62
304 312 37 45 7 199 210
107 78 76 225 118 238 31
171 174 224 55 269 129 209
348 344 215 180 226 330 315
380 19 158 155 169 44 111
370 370 107 323 164 37 119
102 42 75 336 292 191 63
393 235 313 160 163 367 124
325 172 96 203 1 56 250
289 168 270 236 336 240 103
75 264 187 290 7 393 116
12 285 172 328 398 95 351
375 7 98 320 330 27 182
284 200 28 155 344 148 345
178 32 9 276 257 286 185
248 332 125 273 346 16 318
241 255 257 43 348 127 327
346 11 360 308 69 374 358
153 8 245 114 186 234 4
25 399 143 246 142 285 237
235 34 180 397 389 275 313
373 279 243 247 324 79 202
370 349 198 319 157 232 21
323 60 5 234 126 156 387
139 382 354 384 394 189 337
17 10 98 336 148 177 155
283 68 399 346 184 141 286
157 77 209 362 371 81 27
274 171 320 273 127 143 147
207 117 97 351 386 233 325
380 193 258 144 89 371 162
111 46 13 326 170 259 267
140 26 111 34 277 361 211
227 363 394 152 34 149 25
246 151 345 51 151 21 177
265 123 25 17 113 205 85
279 94 309 270 292 81 96
115 138 207 253 239 55 293
137 113 337 218 382 361 258
132 135 293 199 318 71 190
67 328 251 365 217 79 205
386 137 255 298 246 90 166
198 142 138 202 191 211 370
398 15 400 110 257 134 332
59 152 87 233 241 29 97
12 115 55 385 382 260 300
359 354 173 341 166 136 237
273 80 81 48 364 337 324
259 369 266 241 70 190 290
356 226 215 136 75 158 93
123 268 365 193 173 321 170
244 310 325 231 16 21 132
338 396 236 93 153 12 365
43 351 200 95 197 400 46
374 355 369 378 258 386 379
373 214 345 202 267 44 381
193 177 183 322 288 119 201
99 201 155 214 115 127 30
24 197 128 347 5 169 181
341 126 249 55 272 105 51
132 147 321 279 354 124 44
163 116 100 350 141 235 229
77 257 366 73 388 300 236
101 331 392 33 86 263 72
136 186 286 343 65 131 254
268 99 55 270 225 115 283
69 20 342 226 234 317 307
64 171 289 140 52 178 183
238 102 5 377 23 108 13
317 344 211 25 196 140 364
340 258 152 197 244 208 34
202 149 367 231 220 85 46
279 209 49 253 84 315 352
50 76 285 254 316 354 92
380 215 212 371 118 336 232
9 325 377 216 70 166 62
193 100 10 393 182 339 95
3 298 271 272 220 206 134
297 77 55 389 29 380 4
226 11 17 174 399 94 38
48 77 245 179 58 240 290
219 337 306 86 353 249 122
397 79 21 126 342 153 110
262 54 285 35 371 381 45
96 160 201 273 82 392 298
214 25 24 38 220 223 166
173 239 312 131 223 227 218
365 109 214 96 216 62 256
9 381 371 222 230 131 125
96 325 382 381 351 7 213
28 355 72 376 124 20 336
242 383 400 149 315 230 220
356 1 397 126 160 121 5
331 345 256 178 28 241 343
102 358 155 78 301 362 213
47 219 10 280 175 3 333
93 369 186 117 83 12 331
63 206 285 155 43 385 400
240 93 223 363 286 290 126
171 34 7 62 356 290 71
73 131 244 3 251 246 175
39 68 254 240 171 27 132
45 151 101 298 255 314 183
227 203 157 120 53 97 163
90 206 185 388 155 85 171
186 183 194 78 236 48 113
196 89 224 179 212 231 286
166 199 157 224 214 342 221
176 163 132 342 98 229 233
233 69 93 270 298 135 158
256 346 334 348 335 131 325
4 310 115 3 300 48 252
243 332 40 395 207 221 305
152 173 385 376 61 335 356
71 155 118 241 188 361 375
104 297 143 113 382 108 18
61 5 242 368 391 382 248
14 300 188 258 112 260 363
143 186 82 385 29 276 394
275 265 227 131 395 250 374
61 249 191 381 308 264 21
145 245 195 333 336 384 39
222 72 63 346 311 70 342
236 167 287 252 157 33 174
297 287 362 111 368 270 293
93 95 141 225 23 36 227
49 231 194 326 300 54 309
278 70 362 291 110 239 146
3 374 347 20 114 188 33
212 291 100 264 328 118 109
191 281 157 134 91 397 107
114 294 115 46 264 294 334
175 285 268 150 216 310 382
267 261 217 232 235 141 195
366 118 147 351 21 400 88
229 243 312 339 178 99 150
20 7 173 74 53 388 38
98 386 278 260 76 59 206
389 77 55 36 17 113 123
300 220 165 236 56 368 208
145 270 283 25 92 267 213
325 219 184 69 128 362 348
388 286 235 195 2 370 361
366 311 47 233 26 157 62
161 117 12 143 126 222 342
306 321 269 101 184 345 291
145 342 151 227 150 331 190
241 165 50 10 121 394 346
130 387 95 115 385 278 270
187 17 379 172 331 153 164
373 268 9 364 114 285 354
272 50 393 300 207 344 357
242 302 161 248 49 110 169
286 49 34 287 270 35 60
133 74 156 232 380 374 160
107 128 269 259 13 208 241
380 5 98 130 27 35 388
385 28 372 277 5 124 273
21 334 395 298 122 376 195
81 292 97 360 137 100 142
113 65 57 331 54 155 186
51 218 179 299 271 43 60
250 337 200 44 281 180 226
171 161 252 54 280 356 308
9 77 308 88 85 276 179
207 388 58 170 398 298 179
270 9 119 238 383 186 93
26 259 327 64 201 211 352
108 228 308 70 379 32 233
194 102 223 7 197 315 25
105 123 337 349 357 118 280
51 206 360 276 292 60 81
348 156 297 362 189 350 92
64 117 184 188 22 285 9
221 148 86 113 15 116 263
296 232 207 261 386 46 99
213 208 106 168 94 378 73
371 291 333 309 58 79 95
179 362 273 267 286 165 282
121 324 400 261 220 351 172
71 243 295 50 23 72 102
165 191 93 397 371 291 25
101 140 226 237 120 246 235
219 80 336 34 329 352 102
243 18 19 325 325 398 145
63 19 340 137 304 39 269
187 226 232 170 165 350 262
24 81 276 227 291 397 301
4 393 219 319 8 81 250
33 248 44 357 288 336 330
10 337 205 384 397 199 104
41 110 215 130 154 40 155
96 298 316 356 105 50 13
51 12 194 317 153 136 244
249 14 135 356 272 335 202
96 314 27 331 301 230 17
15 331 100 354 346 249 292
348 280 347 351 170 73 203
69 22 92 47 214 400 63
362 325 324 182 276 121 215
154 14 198 322 372 241 301
386 106 119 303 78 121 173
183 379 229 118 104 302 28
307 4 208 129 114 352 278
136 69 68 369 109 69 7
114 170 278 346 163 264 172
4 67 326 398 126 192 40
11 272 137 98 26 108 68
165 278 248 30 232 234 306
1 251 281 128 171 312 385
5 301 28 273 203 288 260
72 397 319 363 208 371 97
259 252 276 149 226 381 231
196 111 107 347 161 333 98
184 148 279 347 181 151 364
77 220 336 206 19 74 209
373 239 379 364 314 175 262
187 256 176 228 47 21 273
7 263 58 361 345 260 191
26 274 138 99 168 127 90
378 277 271 382 240 191 159
148 268 365 280 190 393 278
183 73 49 354 30 397 123
101 298 372 343 265 85 287
215 394 108 149 304 360 67
125 353 281 87 271 4 270
116 102 130 199 392 216 124
56 328 153 183 318 211 204
104 317 276 60 48 396 299
202 249 132 173 200 130 52
59 213 344 312 49 202 54
75 32 373 317 331 14 355
215 236 236 292 281 80 248
153 264 341 52 353 253 159
199 133 11 8 115 240 48
133 294 275 203 75 325 360
205 370 326 69 355 8 173
131 259 297 329 304 116 30
399 162 163 195 120 221 260
350 279 71 357 44 397 73
345 126 48 312 4 245 9
294 162 313 270 131 61 288
384 215 47 285 389 308 68
167 312 136 163 140 159 241
111 342 237 20 169 252 89
287 73 108 272 333 285 264
391 122 384 286 339 264 126
28 252 289 295 180 47 46
67 268 211 311 197 362 190
108 355 302 121 323 212 320
17 259 331 59 384 225 100
234 187 393 380 275 301 159
181 353 165 358 74 86 171
257 272 288 200 232 206 123
198 253 159 88 86 80 165
269 145 208 320 156 289 115
223 232 1 87 70 214 370
217 176 305 95 311 103 48
243 193 387 155 58 389 127
396 181 76 274 51 50 30
364 317 236 349 63 341 94
33 177 203 334 271 191 133
152 256 163 147 359 191 313
135 251 67 207 341 40 94
139 295 364 101 193 228 83
81 197 34 174 341 94 41
257 336 92 138 124 229 364
304 189 298 329 390 147 207
389 330 198 255 296 48 357
219 375 313 256 69 281 69
216 42 118 55 243 100 146
153 148 223 329 80 171 58
234 48 329 384 377 115 23
280 304 390 359 233 181 341
74 338 290 72 179 121 225
253 93 19 6 201 73 244
18 313 42 246 85 94 229
159 180 360 114 158 379 226
8 279 164 255 393 352 265
258 137 282 390 292 5 84
19 2 129 156 369 325 307
312 66 375 94 180 381 274
273 252 66 91 194 349 44
15 165 343 229 140 113 181
270 99 276 192 223 173 198
145 187 44 268 374 312 35
190 247 174 312 395 361 29
313 155 50 52 221 310 14
367 157 243 130 225 51 275
143 210 321 143 377 395 276
159 217 320 378 28 111 284
3 344 316 323 149 13 79
356 354 276 239 286 77 183
24 22 202 360 73 133 118
308 110 278 343 82 201 177
69 272 182 321 58 384 190
29 117 303 253 37 373 247
224 219 164 101 81 69 18
397 54 368 196 188 118 71
77 335 317 228 235 130 386
261 165 44 55 51 132 313
338 79 15 7 282 222 75
117 35 151 242 345 93 378
84 161 297 244 316 348 399
304 165 331 300 160 188 114
191 284 199 307 358 73 326
236 229 206 297 63 279 324
195 164 103 188 301 250 129
277 350 355 277 334 42 113
60 9 40 123 174 144 24
37 323 220 68 15 216 244
343 92 53 19 12 213 332
45 168 31 117 291 42 251
88 197 210 237 282 376 176
63 155 8 302 135 223 160
209 86 365 295 188 98 52
205 69 118 132 86 60 328
380 246 105 364 240 334 277
375 173 38 396 23 256 12
194 17 211 140 68 298 298
112 336 266 94 297 391 334
23 175 17 45 95 309 226
254 340 209 76 216 126 75
245 361 195 275 186 43 119
216 69 260 312 102 219 125
313 112 8 117 28 63 207
71 54 57 269 249 270 309
302 230 86 110 114 31 269
182 161 29 3 349 252 346
271 66 198 385 30 377 371
323 45 158 95 108 73 169
114 373 276 179 147 171 283
8 235 287 69 268 28 368
335 275 65 166 6 28 24
176 389 93 333 272 368 261
136 245 319 206 250 218 111
354 196 141 69 304 57 51
165 398 325 170 210 305 141
127 391 267 217 208 181 100
64 149 30 332 50 347 145
128 76 240 231 27 328 326
382 111 3 274 323 324 19
196 342 256 216 268 264 55
385 139 24 181 211 40 270
218 150 100 392 374 273 96
228 181 119 93 348 348 209
340 248 389 238 119 129 119
8 327 34 122 169 312 116
57 398 162 26 56 379 202
186 56 95 304 29 25 74
121 8 272 156 32 316 362
271 297 59 159 247 343 317
185 169 383 114 391 362 331
376 78 73 35 207 191 112
153 331 255 119 212 362 387
234 368 103 298 269 4 174
383 140 116 193 223 279 24
122 88 318 396 66 3 329
265 289 275 172 196 39 126
153 277 26 396 150 27 225
381 176 95 97 304 240 118
149 34 157 90 36 323 322
171 110 207 242 2 150 139
329 183 118 287 357 148 304
115 181 89 65 285 369 305
75 74 42 181 275 378 354
319 135 17 15 2 260 27
332 376 264 192 289 332 147
137 85 201 51 66 257 2
144 304 278 356 341 356 290
105 161 368 351 30 253 394
12 136 142 287 48 98 189
282 332 58 101 5 112 332
12 78 49 111 118 94 138
383 279 119 368 122 104 380
186 160 108 53 337 148 210
370 101 296 269 96 48 376
227 42 143 149 115 322 237
358 283 32 370 170 329 202
77 65 336 373 398 91 141
234 231 384 330 349 195 242
338 330 311 368 374 257 344
45 144 372 350 352 167 286
296 285 82 358 224 228 256
35 48 88 343 19 309 51
364 87 98 296 115 257 200
313 230 81 277 26 235 348
27 37 369 383 195 208 284
242 97 108 306 80 298 303
196 261 67 357 113 73 139
98 135 285 76 155 251 339
366 117 75 307 253 286 227
171 44 171 365 87 329 66
124 274 99 265 362 123 9
110 16 219 373 136 359 165
378 238 397 143 362 55 42
49 186 305 147 60 345 54
78 29 31 396 55 241 67
220 163 107 288 182 147 260
121 82 363 290 186 74 227
364 241 262 62 45 236 200
170 311 132 121 359 347 123
324 347 198 179 66 101 221
399 245 384 188 158 25 379
91 164 103 279 163 347 76
352 144 187 41 175 215 133
349 31 361 374 208 383 120
106 145 168 186 15 35 272
188 60 163 222 377 17 365
383 59 112 79 311 65 301
366 12 50 99 264 208 64
327 138 317 304 80 19 310
90 23 88 331 268 363 185
365 260 328 36 179 29 169
377 29 137 252 110 231 384
182 243 384 24 38 137 107
38 62 94 325 132 383 140
345 291 164 356 65 227 194
20 45 241 110 17 280 127
159 273 89 346 326 279 344
216 44 292 210 33 43 332
63 385 239 392 337 314 254
26 64 174 85 390 356 381
53 30 258 380 255 222 10
152 204 10 224 121 256 261
26 26 303 372 394 328 144
274 237 217 321 293 290 302
91 80 127 300 312 202 177
312 147 223 322 145 15 294
48 163 330 259 219 376 290
302 111 114 329 355 371 135
246 171 97 123 172 28 343
4 398 28 269 346 387 75
121 190 23 2 223 269 370
374 125 100 77 194 53 38
2 196 172 396 3 358 19
252 303 400 292 254 48 252
224 347 7 74 310 374 284
21 214 111 289 390 215 342
199 136 22 301 84 396 176
385 67 397 178 346 235 198
30 337 293 306 112 386 152
84 258 114 151 89 238 34
46 155 34 197 185 264 232
46 374 82 22 78 235 184
116 205 235 20 284 230 261
198 263 376 109 98 373 377
304 325 93 222 178 254 326
121 394 362 52 355 16 16
152 106 101 95 129 332 244
100 120 68 40 288 219 36
111 10 231 260 349 161 203
202 164 165 107 363 242 166
306 17 331 157 44 126 152
154 67 175 16 333 168 308
215 153 117 127 101 213 80
315 24 181 178 207 332 137
360 291 313 324 170 98 286
64 347 385 109 305 129 319
182 215 101 334 361 215 172
384 167 299 135 149 24 185
344 309 18 114 7 168 248
269 372 302 225 163 45 156
347 268 338 260 287 10 55
185 87 147 394 81 45 293
149 331 278 53 150 322 239
9 174 243 150 247 295 140
204 109 26 198 74 51 303
229 50 141 309 189 359 374
37 167 112 217 179 116 104
17 164 337 122 164 86 28
251 124 140 165 392 326 345
264 322 174 16 139 39 75
41 3 307 198 150 364 391
193 182 153 152 54 74 280
171 157 343 185 112 210 363
337 332 134 67 266 124 309
93 269 231 297 233 339 355
205 229 104 218 275 57 145
366 26 320 256 139 27 345
341 252 67 172 55 17 389
321 35 303 241 333 276 248
368 238 196 253 65 394 322
338 217 67 357 49 278 29
272 385 181 227 310 23 37
263 95 381 76 105 396 275
104 57 360 292 344 176 303
283 364 380 131 309 170 379
141 169 35 315 49 181 229
30 261 234 82 147 339 171
145 291 364 225 115 74 288
275 281 375 76 52 101 149
51 334 254 234 240 286 71
112 42 47 338 66 25 124
209 362 8 144 381 153 12
192 43 342 372 252 300 394
354 33 323 75 105 258 316
40 86 89 12 372 84 312
148 311 219 261 105 258 265
38 201 65 35 280 134 373
333 359 87 99 169 153 32
55 93 43 174 173 8 97
328 369 214 183 195 85 322
174 180 179 347 100 219 308
186 354 318 369 163 76 195
56 10 340 307 209 24 256
75 48 286 286 245 30 313
213 279 372 199 317 89 151
233 354 316 298 377 373 10
48 29 260 9 370 125 315
276 304 178 282 267 251 159
232 330 98 133 297 104 27
177 13 32 53 73 41 341
187 375 57 338 284 372 182
79 248 313 292 219 366 178
144 294 100 324 104 270 342
337 11 334 243 169 3 33
20 291 240 237 63 173 359
45 235 240 154 255 36 71
250 128 369 385 314 37 20
69 198 203 146 326 275 369
148 215 297 324 269 256 79
347 285 386 118 325 245 120
136 384 12 14 226 315 210
70 176 238 3 137 136 344
382 107 154 73 342 178 166
290 376 40 30 217 14 287
110 321 148 276 265 314 26
119 54 4 73 42 123 106
249 264 40 93 241 233 23
142 225 211 370 65 365 290
310 254 250 107 199 89 95
45 357 324 132 186 29 4
93 53 226 17 253 43 125
34 37 359 371 73 236 225
6 362 147 295 79 34 361
335 282 37 157 171 370 360
18 302 239 369 392 94 205
12 88 90 63 31 400 382
228 160 48 357 57 182 292
382 175 397 83 146 382 221
327 37 378 333 46 315 37
4 112 29 53 129 226 12
263 364 347 341 340 365 341
230 339 235 214 288 352 215
192 13 316 346 213 4 228
251 143 362 134 134 14 268
209 10 275 106 220 162 350
150 363 310 227 61 29 50
386 389 105 360 263 360 362
130 383 335 249 90 108 339
170 125 282 288 393 221 83
396 295 135 32 358 127 389
258 258 398 308 368 68 339
168 145 170 130 110 284 271
79 227 110 397 282 99 316
244 102 4 330 56 142 212
139 127 314 192 153 316 46
200 104 117 340 143 54 220
156 71 21 60 336 364 189
81 333 223 204 29 207 390
367 329 380 2 133 393 243
209 1 291 134 69 289 1
6 85 78 5 303 147 19
189 84 110 384 55 315 344
353 182 396 283 251 69 118
295 231 27 19 95 67 96
349 5 244 160 145 131 304
350 227 156 220 218 194 1
177 310 13 200 324 277 166
315 38 165 262 301 169 46
353 370 341 299 43 351 137
137 75 143 262 366 384 392
120 284 50 142 278 294 42
102 333 162 291 285 392 288
178 74 339 106 101 354 159
28 329 395 328 389 62 323
246 190 254 305 337 331 284
267 8 80 378 282 244 230
94 59 40 239 165 88 380
70 168 199 91 297 78 241
393 75 114 133 89 150 214
125 173 206 137 178 319 364
325 284 112 345 236 332 288
73 244 62 125 74 64 121
175 317 226 377 259 164 285
271 359 397 336 230 150 270
128 377 371 97 84 340 11
178 263 169 102 71 201 132
255 31 183 272 52 286 269
139 48 264 9 231 295 139
50 115 210 19 121 394 156
392 78 90 299 42 262 296
291 368 283 17 72 93 229
100 2 292 232 79 326 158
94 343 275 10 86 188 249
292 125 364 369 248 300 230
89 57 65 274 399 61 131
287 64 283 81 253 241 249
234 397 382 303 162 198 241
399 131 9 149 169 258 246
347 58 196 400 317 149 17
63 337 134 280 389 241 370
67 244 153 226 188 77 128
194 47 187 42 53 370 386
13 235 323 274 290 38 113
193 31 153 173 56 291 130
162 123 97 26 323 351 257
186 4 184 323 240 92 272
230 210 346 175 392 386 261
375 174 259 56 79 6 11
334 275 11 281 201 137 313
297 266 87 114 246 252 132
353 16 322 108 124 398 99
216 31 21 226 109 39 153
227 115 300 4 10 9 322
213 54 296 225 10 255 229
84 81 364 218 16 75 104
183 118 2 165 229 90 285
385 204 132 274 121 6 391
155 59 83 48 172 368 110
353 355 330 383 31 225 330
355 169 344 214 153 170 102
73 319 49 257 283 316 334
