28 36
1101000110001101010011111101
1001001110100010101000100000
0100011010011010101011001010
1000001000111110111111011110
1100001100101101001010001110
1110100110101110011111101101
1000010011001110111111110110
0111101000011000100110010110
0011100101111000100011010001
0110011110101011110101100011
0010011100011101111111011100
1111100001101110110101101110
0001001001101010000111111011
0111010100010110110110110101
0111101000111101010110010100
1010000110100100011111010011
1001010100100010110101111001
0111001000010101000010011110
0000011001100111101110011000
0110100110110111001011001111
0101011110111011100111111101
0001010010000110110100000111
0001110101101011110100101011
1111010111101011010010100101
0100110101001011100010110000
0110111110001100100100100101
1101011011011001100001011010
1010101011011110110110100100
1110111101110000000000001011
0010111101100001111111100011
0100110001010001111100110000
0111011101000111000111000010
0111111000011101010101100110
0110011100000111000000100110
0110011100000011010100100110
0110011101111101010111100110
0110010101111100110100000110
0010011100001110001000000110
0001111101101111100111000111
0100000101101100010101000111
0011111111001101000101000101
1000010111001100110111011111
0000111101001100110000011111
1000110011001100110111010101
1100110011111100110111011100
1000110011111000110000100100
1100110001101100110001011011
0000110000111100111110000011
1110110000101110111110111000
0100000110111100110000000000
0010000010101100110001011111
0111011010100100111100001011
0100111000101101100000000000
0110011000111001100000101111
0110011111010001100010001001
0110011111110110010111001111
