29 50
10111101010110111011000101111
01110101011010001101101001001
11111100011110010011011011001
00100101010010011011001001011
00010111110101001111111001001
11110001000011110000001101001
00111000001011010011110101101
10010111110111101110000101011
01100000110000100011111011001
10100010100000010000110000100
11100110110001000001111101001
10001101101111101011000000010
01111000001001110010100010000
01100101011001111111001110101
01101111100000000101101001001
11110000100000111010011110010
10001101101110010101010101010
01011100111011001011011000010
01100001100111110110011101000
00111100011000001001001101001
10001011110000110110110000001
10001000110100010101000110110
01110011110011011101100000001
01100111110111100101010011001
10100100101100110100000101011
11011010110110100000100111000
00110101101010010011001110011
11100011000001111011011101101
11010101111010110110000010111
11000111111010011000011101101
11000100000000010100110111000
11001100010000011000101111111
11001111010110011000001000000
11001010011010011101110000000
10100000111111110101100011100
11111001010000001100110001100
11100111101001001011011000100
11011011010001100011101100100
11101000001001010011010001100
11100111011100100011100011000
01100100110101111011111000000
00000100110011011110001000100
00011110111101011111111001100
00000001101100111101111101000
00001111110110000001001001101
00011011111111000000001110111
10010111111101100110100000001
11100111111100101011010000011
00101110100010101110000010010
00000100010011001111011110100
10000001011111111011110111100
10000000111111111011111100001
10010000000111101110100110011
10111111001111011100110010111
00011111001001111111101011101
00111111000011101011011110001
01101000011100110011001110011
00111100111001101011001110110
