19 48
0000100110001100011
1001011101010100110
1101001100101100111
1000110011000100010
1110110011111011101
1110100011111111100
0011011111011100101
0111111100000100010
1001011001111001001
0001111110011110011
0000101111100101001
1010110010001110101
0111001110001111100
0000001011111001000
1011001110110010110
1111111000100110100
0100100011011010011
0011001111001101011
0000011001010000000
1001111000101111101
1101101010000111100
1100111101110111100
1100011001101100010
0000111101100010010
0111111010111111110
0100110111000111111
0011111010100101111
1110110101000011111
1101111111001111101
1010111111100110010
1011111111111100101
1110111110011111111
0110111111111111111
0111111111111111101
0111011111111111110
0001111101111001001
1111110111011111111
1111111111111111011
