24 10
100100001101101011010000
010001011101111110001110
111011001000001101010110
111011001000000100111011
001001011011111111011101
011001011100100000100111
000011111101111011101101
110100110001110011000110
011001101011001011100010
111100011001010110000110
000101101010101101110111
001000111010110000010110
111110101111101100110111
000010000001111111101110
011000111110011101100111
110101001010010000100110
110011001101111110010010
100011001100000011110010
110100110011101110001100
101110011000000101110100
010010010101101001100110
111010010110001111011001
001110111110100010001101
011110001111010010100101
111111111111111111111111
111111111111111111111111
111111111111111111111111
111111111111111111111111
111111111111111111111111
111111111111111111111111
111111111111111111111111
111111111111111111111111
111111111111111111111111
111111111111111111111111
111111111111111111111111
111111111111111111111111
111111111111111111111111
111111111111111111111111
111111111111111111111111
111111111111111111111111
111111111111111111111111
111111111111111111111111
111111111111111111111111
111111111111111111111111
111111111111111111111111
111111111111111111111111
111111111111111111111111
111111111111111111111111
