49 18
000110001001000001
000110000001000000
000110000001000000
000110000001000000
000110000001000000
000110000001000000
000110001001000001
000000000000000000
100111001001001000
100101001001101000
100101001001101000
100101001001001000
000100001001000000
000100001001000000
000111001001000000
000000000000000000
110000100010110000
110000100010111000
100000000000101000
100000000000101000
100000000000101000
100101001001001000
000101001001001000
010000010110010100
010000110110010100
000000100010110000
000000100000110000
000000100000110000
000000100010110000
010000110110010100
010000010110010100
000000000000000000
000001001000000000
000101001000001000
000001001000000000
000000000010010000
010000100010010000
000000000010010000
100000000000100000
100000000000100000
100000100000101000
100000100000101000
000100001000000000
110001101010111000
100001100010111000
100000100000110000
100000100000110000
000000100000100000
000000000000000000
