49384
778
794
45387
36650
2363
8691
17764
60541
9173
85212
102568
783
82863
68
73930
74023
13070
41394
15012
56230
44422
13785
95199
316
46414
92
39957
863
26997
306
37085
337
70847
21314
125
583
18815
75435
44
91088
117277
15789
25404
112755
933
109677
27740
36227
68095
796
51435
57468
70098
13318
6653
302
4287
113866
28445
38441
38032
18098
482
40710
24568
99498
587
55307
86220
51529
5733
49504
18271
709
66341
107797
619
42847
922
112380
57765
842
194
37035
110125
56988
13744
228
69860
31433
36438
73276
61475
859
76030
68236
105819
6144
95929
78777
44444
34614
607
42905
115129
37370
9918
83325
19471
58491
773
645
97506
22955
67670
28543
70198
119356
16349
13623
69300
35747
74341
312
67606
662
879
29321
79445
523
26709
48283
52925
82063
2601
33453
380
27469
60974
882
88934
118661
17200
68900
112960
112814
191
72927
85
22091
3377
75937
77446
29180
26888
63349
91660
337
46343
38207
57714
322
104820
77722
75940
33941
71706
128
45985
43921
2423
21397
45631
79293
673
626
101223
66641
103899
299
525
48210
48820
733
55995
40380
5274
851
1861
95580
994
67622
2505
81962
31327
78945
53203
56785
22843
69529
8873
89959
48037
97754
63304
12134
52891
37568
90369
34501
33789
250
73304
65364
30254
687
1153
85976
89158
437
13415
110461
60029
78051
67557
24795
58700
21040
10429
24501
57648
76160
82536
24340
62216
505
60050
98286
344
178
45239
16950
55368
293
744
830
683
113542
13827
12262
10361
28024
82
191
58997
54678
50691
44525
69615
8206
46313
45101
42727
4917
85579
947
648
52
79632
70858
61313
215
513
14413
109611
6190
6356
36621
78988
18339
47771
56857
607
5850
107206
115218
74946
76874
70874
44290
66608
92758
54472
71101
83619
58026
73075
78158
83494
70271
73418
75570
12623
13174
36432
683
24293
58
71522
8575
1948
39232
538
55
99
41082
53517
12232
61797
339
39219
73971
104813
978
111537
4177
119208
64858
33500
128
237
819
10564
61245
1806
292
118956
93590
108994
72806
4823
718
33094
10127
21487
50544
7815
78180
763
7089
15711
30295
347
31138
25154
82574
60926
66711
77218
964
67091
98131
58572
634
64790
42605
806
47869
69486
42196
950
968
46764
50597
866
37
7771
79212
42533
72380
98271
64173
235
7284
399
21064
951
10574
46060
94048
83
71233
22955
51899
115641
9160
119263
81042
61724
66273
155
15822
29366
71172
40270
18702
74654
10908
36729
798
27085
35335
30992
899
1053
18190
507
69017
93110
90001
58110
35082
31339
19427
65148
16788
56533
282
44851
96591
15351
13814
61495
106082
95721
7983
488
297
45405
36893
70298
79135
507
7058
20596
21963
47484
40155
71310
59933
55022
564
23683
37686
286
15991
77315
117
893
75529
526
137
89619
10338
26583
311
889
816
103438
20009
784
18658
43828
61270
6652
100911
30640
889
72394
33891
35200
56932
108778
658
60953
642
49369
185
777
95267
68955
309
17279
52556
775
1
40998
8413
78383
74694
102440
8422
34986
41355
58763
71542
853
23663
70400
65155
39016
79852
4791
62492
50038
58860
872
16988
66591
3971
27666
53070
67362
41352
29301
11639
29365
101033
105
33680
13413
54970
36171
845
46650
104466
42327
20184
970
153
394
37290
99632
265
549
61878
66834
950
105156
78469
40961
58824
93172
678
53246
762
324
4101
21076
82043
2660
16290
53470
41552
5384
23134
19305
982
33667
68968
50193
100903
48132
3175
9719
61184
65488
34574
63
73934
32497
93142
11727
76981
83486
306
64030
899
94563
720
11642
11
32727
790
23709
40939
32494
711
906
9614
639
79422
7830
96181
49096
43025
29155
10570
970
374
58434
92588
100095
51500
47340
743
87
350
30187
55012
34134
52723
6774
41520
55355
103125
56260
117419
101713
38706
62734
72735
316
91088
670
36488
36838
90
206
66705
2558
63404
1893
523
102444
5362
33379
701
54883
4900
2590
50354
86949
3037
37108
25418
922
18481
65995
14124
32934
6318
13932
710
119157
70
32996
172
68570
24802
26653
341
51744
93092
26528
38879
3051
82125
24214
500
96795
25116
79343
42438
199
9940
26514
65129
71805
112347
139
496
76422
27227
159
357
77646
73447
8112
17604
55826
70217
19175
597
46268
22014
520
34651
77833
280
954
119296
16108
938
977
4585
84
119493
497
62940
105736
29874
50165
92252
752
16340
73166
303
1080
22548
48485
59562
21932
60529
55495
37544
1124
80188
44644
91989
321
14099
33019
86464
696
96506
16143
99
11473
22854
4798
64548
40517
9913
878
12554
42933
42036
38108
70050
33862
32335
35326
44429
21764
116
382
65186
32101
82409
13350
55880
114317
586
62766
77931
77893
26630
79753
367
7396
44429
113848
27
61063
40630
15101
3398
30776
545
3321
519
51795
27135
116909
113063
2687
48433
808
58835
597
67985
72325
34466
39717
29344
14188
603
65361
880
43942
102925
97136
3163
33871
74164
812
72516
46235
291
88694
340
47495
85214
106383
91476
58739
116952
812
69169
14814
12500
114536
115465
68347
3073
65741
12624
7058
58794
282
60115
57372
100597
89884
33568
65801
675
434
57458
95950
524
25293
107630
52336
102141
44
50340
12026
654
53
82958
31288
39541
14827
67206
73879
170
87228
91521
222
77884
112268
55383
512
62554
28609
769
199
54969
61010
49504
11255
74058
83824
74397
943
28013
36856
64855
43135
21282
61974
51639
73414
11900
485
662
48781
3924
1
32001
26953
70505
59760
92526
59118
637
19561
70615
938
23749
56621
864
61833
38005
47459
128
6369
54570
8342
5375
606
902
78990
2491
90733
700
72001
45458
42349
50018
66170
80570
49129
19
78586
1281
76755
1708
401
22
789
191
79635
25326
30462
143
4192
521
96555
27143
40931
35
47309
29781
58645
39546
76523
16926
11736
34493
30297
531
44050
40513
77590
68449
52429
112558
66577
798
5140
87006
34783
70524
237
81418
20354
72725
26351
77711
57243
95165
34642
2112
411
22791
69956
65917
42782
63959
807
19902
74675
75266
38567
77670
59135
-1
