100 15
8 10 10 17 5 7 7 6 7 3 11 8 9 8 7 9 8 11 14 9 7 8 11 14 14 16 6 7 13 5 11 9 9 13 7 6 10 10 8 13 14 10 8 6 9 16 9 6 14 11 10 4 10 9 4 7 10 7 9 9 4 8 5 12 7 9 10 11 5 5 4 10 9 6 10 10 9 10 7 9 12 12 9 11 10 10 9 7 10 5 7 15 8 10 6 8 11 8 9 16 
36 21
62 19
86 85
38 88
77 2
92 17
25 53
91 29
100 36
83 72
78 80
10 93
98 65
13 100
62 84
99 456
0 0 0 0 0 1 0 0 0 0 0 0 0 0 0 2 0 0 0 0 0 0 0 0 0 0 0 0 0 0 0 0 0 0 0 0 0 0 1 0 0 0 0 0 0 0 0 0 0 0 0 0 1 1 0 0 0 0 0 0 0 0 0 0 0 0 0 0 0 0 0 0 0 0 0 0 0 0 1 0 0 0 0 0 0 0 0 0 0 0 1 1 0 0 0 0 1 0 0 
55 70
32 79
24 23
9 92
59 91
65 36
72 74
30 69
41 42
29 3
27 21
99 31
75 16
23 14
69 3
30 24
73 62
5 96
85 13
91 44
6 56
80 76
32 11
47 71
53 75
74 78
97 73
11 72
89 33
87 58
36 17
82 10
79 85
8 64
99 97
10 5
55 89
82 85
1 29
58 53
6 32
33 4
7 43
76 94
77 63
54 13
80 36
23 59
24 30
25 23
29 34
28 83
24 11
70 24
40 28
77 45
61 11
49 66
54 26
63 31
89 17
44 69
54 66
30 76
97 54
1 26
88 28
10 12
39 79
36 78
8 13
25 68
24 73
36 76
99 98
9 88
17 52
59 69
20 87
48 17
43 47
43 31
76 52
42 16
32 77
94 40
91 19
9 15
93 45
91 92
44 98
82 60
52 41
31 71
30 77
88 72
26 30
5 3
82 46
18 15
25 13
55 16
32 63
30 25
9 21
19 52
21 1
13 72
43 44
45 72
22 32
46 47
63 50
50 45
96 68
60 21
81 15
36 13
78 65
38 86
87 55
39 9
57 51
81 98
95 26
72 17
58 18
65 22
68 15
67 64
83 28
85 64
43 22
77 22
87 15
9 74
71 47
83 28
99 64
27 93
90 97
12 49
17 75
71 84
91 38
49 74
67 34
40 10
56 18
32 43
33 40
19 4
87 2
31 85
67 57
81 57
56 91
7 72
69 77
58 60
17 8
36 83
42 75
93 96
92 25
41 25
65 59
29 52
61 59
39 28
17 20
86 73
13 92
47 80
71 5
41 87
12 76
71 53
52 64
51 45
90 91
70 55
52 98
8 14
58 46
42 74
66 28
49 77
21 95
59 90
1 2
79 13
77 51
67 30
17 18
75 7
11 46
62 63
45 69
76 4
17 18
79 82
46 28
61 66
24 21
58 25
22 38
38 98
89 5
29 6
23 5
13 33
50 74
95 94
46 71
98 62
90 77
45 36
6 7
3 30
28 60
55 48
98 92
48 86
97 76
93 21
81 6
54 32
81 49
28 27
22 26
89 12
5 34
48 10
41 49
40 68
11 93
18 9
87 65
95 84
42 88
6 24
94 59
56 75
10 82
3 31
10 90
43 14
26 89
24 66
41 62
36 50
58 52
59 45
19 55
31 60
44 36
84 38
96 40
15 6
24 17
37 32
8 79
46 33
70 69
1 11
33 35
62 89
88 21
36 7
76 65
67 21
3 52
59 97
92 73
5 16
89 41
48 96
21 93
31 90
64 31
3 95
66 64
86 54
86 22
61 62
88 29
83 90
81 42
89 73
16 93
89 6
35 38
4 56
33 34
48 95
65 50
92 31
16 78
85 2
2 47
64 89
76 47
81 57
90 71
32 7
66 21
13 1
59 16
57 90
50 6
88 15
56 80
45 71
60 31
74 62
78 38
53 54
86 35
13 76
7 43
83 71
65 94
73 24
12 30
16 60
36 5
75 91
85 20
64 45
51 38
9 29
76 60
83 62
95 96
39 3
40 22
74 5
18 47
30 29
78 45
89 14
50 64
6 35
84 69
80 36
8 87
65 83
50 49
47 45
45 85
48 84
8 22
90 25
70 20
54 47
65 43
61 15
8 67
49 91
38 29
29 45
18 92
30 67
43 76
14 87
63 61
73 70
84 62
95 53
82 49
2 47
93 62
62 1
31 11
93 67
41 22
14 58
16 43
27 57
21 40
46 82
2 19
54 84
82 49
39 64
99 40
13 92
4 73
93 34
85 86
3 26
9 17
84 24
60 12
81 80
51 27
64 52
46 19
38 28
68 76
93 67
19 6
61 22
79 54
57 64
42 59
90 50
76 74
74 36
86 55
18 38
83 81
91 30
1 29
58 69
7 51
38 25
56 98
48 36
54 5
1 95
64 90
47 40
67 21
77 53
77 93
92 60
77 82
90 77
13 48
47 20
99 84
45 55
84 91
92 38
96 91
35 60
84 80
1 50
3 77
5 79
72 95
40 49
79 31
28 91
79 74
12 78
60 56
35 44
49 27
82 46
20 17
7 4
98 8
54 2
40 16
2 10 3 10 5 5 9 2 4 4 5 2 3 2 2 4 6 1 4 6 2 3 5 7 7 7 4 6 7 6 3 3 2 2 5 4 11 8 9 8 
35 21
22 12
32 24
14 27
26 25
32 15
12 11
29 2
38 14
21 5
14 22
2 21
23 36
23 24
34 22
21 28
20 0
4 6 6 1 0 5 3 3 3 0 4 4 6 5 4 3 2 1 2 3 
20 180
0 0 0 0 0 0 0 0 0 0 0 0 0 0 0 0 0 0 0 0 
14 9
14 17
10 2
8 3
15 10
4 13
4 19
9 10
16 11
10 5
13 2
17 5
2 3
18 5
3 12
10 16
2 4
15 11
6 3
14 19
13 17
14 15
17 3
6 13
14 15
18 7
17 13
12 18
16 9
3 18
2 13
15 4
17 9
15 2
12 9
2 4
7 15
20 3
18 5
16 11
20 13
18 15
7 9
14 2
19 16
20 1
9 15
5 6
5 18
8 15
8 9
20 13
5 19
17 2
4 12
13 3
5 10
19 11
20 12
14 17
9 13
19 17
8 3
3 12
2 10
8 9
19 7
2 3
7 17
5 10
10 17
13 14
8 11
7 8
4 19
5 12
13 3
9 1
6 11
13 6
2 1
15 19
8 16
3 13
14 7
4 5
5 16
19 12
8 4
19 11
4 5
3 16
7 12
17 11
4 9
18 4
9 12
4 16
9 7
10 3
15 13
6 18
10 4
11 16
8 10
8 11
14 11
8 19
3 4
11 6
13 9
11 2
2 14
18 10
1 7
12 14
1 17
14 9
1 4
6 9
14 15
20 7
5 7
6 8
12 17
14 4
6 4
6 7
18 3
17 18
11 8
13 10
5 6
20 6
10 5
15 4
19 14
10 4
2 15
11 12
13 5
16 18
8 2
6 5
5 2
3 14
10 15
5 14
1 4
20 10
9 14
14 7
8 3
11 9
19 2
2 11
6 17
10 13
19 15
19 3
17 1
17 5
16 1
20 16
4 18
7 12
13 19
20 1
3 10
10 2
12 10
13 17
8 3
11 6
18 9
8 13
10 4
19 6
5 17
2 8
98 278
0 2 0 1 1 2 0 0 2 0 0 0 2 1 1 0 1 0 1 1 0 2 0 0 1 0 1 1 1 2 1 0 0 1 1 0 1 1 2 3 0 1 0 1 3 2 1 1 0 2 0 0 0 2 0 0 1 0 0 1 0 0 1 0 1 2 1 1 0 1 1 0 1 0 0 1 1 0 2 1 1 2 0 1 0 1 0 3 2 1 1 0 1 0 0 1 0 0 
87 95
35 2
76 77
7 4
9 50
95 21
63 75
5 51
84 41
58 24
80 20
90 68
85 31
4 16
50 28
31 38
26 65
40 3
44 46
7 52
97 4
73 60
79 76
15 64
20 71
88 1
91 79
69 77
12 72
94 61
3 26
2 28
92 41
31 37
88 37
90 86
41 63
49 21
42 62
85 61
37 74
61 29
56 32
9 67
6 4
32 9
30 33
36 24
74 66
61 63
6 52
52 46
18 2
68 59
65 54
22 3
31 82
32 86
16 40
56 22
44 87
30 73
22 65
97 95
34 59
61 39
14 15
86 31
17 55
90 80
12 14
84 42
96 17
31 14
57 86
35 2
76 64
75 97
32 73
95 65
35 58
8 48
72 92
80 88
50 71
71 61
85 55
6 82
72 36
96 30
25 33
32 3
97 8
2 31
81 96
97 17
57 6
66 30
1 46
21 50
20 90
14 6
49 19
88 22
55 85
52 79
20 83
82 19
91 82
50 73
82 48
91 40
54 57
71 53
6 90
6 25
83 19
31 33
37 21
55 91
8 9
73 27
93 55
46 84
41 95
60 24
45 52
64 1
12 35
54 17
28 59
42 13
78 72
46 17
93 3
10 3
12 81
30 6
39 75
90 79
73 52
5 20
6 68
20 18
6 73
35 33
34 75
46 14
50 90
30 44
94 39
47 7
23 76
12 61
53 4
43 27
56 47
47 61
18 66
79 23
41 15
56 74
91 3
88 42
94 19
87 88
58 35
95 80
14 9
45 66
12 87
94 67
37 42
31 53
10 11
76 50
26 33
27 19
36 16
61 32
35 49
23 92
85 19
76 97
28 22
67 39
11 61
9 47
5 39
3 15
50 78
65 75
14 90
94 49
9 56
81 44
8 5
39 92
24 16
93 51
38 60
91 48
24 1
95 29
40 97
44 88
78 10
67 91
3 62
43 12
21 26
55 28
31 93
23 54
12 17
8 49
78 97
97 4
1 93
32 39
93 75
31 72
85 96
66 87
61 10
1 80
36 55
11 66
51 33
23 61
50 30
12 29
30 11
33 30
7 64
69 2
42 1
74 29
98 41
18 60
51 18
43 86
74 53
55 26
86 76
88 38
9 2
68 38
12 2
68 18
66 38
20 10
40 92
38 39
36 55
1 86
74 43
75 49
96 31
75 83
10 64
23 18
65 89
56 76
92 25
95 59
64 16
69 5
11 9
44 46
64 43
35 39
86 12
89 83
43 64
69 51
31 90
70 95
56 198
10 8 7 8 8 12 8 13 8 14 12 3 10 8 8 11 11 11 15 5 8 12 5 10 12 7 8 5 9 12 11 8 15 9 9 7 9 5 10 6 11 13 6 12 13 9 8 12 11 11 8 11 8 8 12 12 
14 15
55 35
19 51
7 16
47 43
38 49
28 19
49 25
17 15
25 47
26 13
8 25
33 14
46 5
17 9
43 30
23 41
10 40
37 16
1 27
3 38
21 30
1 12
55 17
28 23
9 53
37 16
22 13
30 11
17 45
20 3
20 42
44 28
27 24
44 27
51 46
9 15
20 10
27 18
26 54
42 34
52 22
50 17
35 23
29 50
13 48
54 32
35 41
5 6
10 48
32 5
39 40
20 3
50 46
21 20
45 6
54 39
28 47
1 6
15 29
56 28
22 53
4 55
39 9
5 48
1 36
53 39
21 16
42 14
6 7
34 49
12 32
34 38
24 34
44 38
8 43
10 28
41 14
28 24
23 32
16 23
12 13
7 32
29 47
47 34
54 24
29 8
56 6
47 23
40 34
6 46
21 15
19 6
29 46
29 51
23 44
19 33
2 25
10 30
17 55
9 14
24 36
22 23
42 12
47 25
46 51
16 11
11 34
16 39
25 44
35 46
33 52
24 34
22 33
9 38
33 16
52 55
53 17
23 38
29 13
7 18
8 22
29 19
56 44
2 24
33 36
15 9
34 38
44 54
16 51
37 47
12 32
47 8
49 13
46 22
26 52
40 33
19 12
52 18
1 53
43 32
34 1
42 11
39 29
10 53
25 46
46 35
23 35
44 15
49 33
37 18
30 20
52 48
32 47
11 32
45 52
9 23
54 49
34 36
23 43
34 46
34 23
26 1
3 14
15 51
47 51
14 20
16 9
13 47
1 23
24 45
19 31
13 16
26 46
53 47
34 30
38 12
54 8
12 55
21 27
51 12
22 9
32 37
18 44
29 17
11 51
7 29
27 19
46 52
9 42
44 42
17 25
54 14
33 9
13 53
36 8
9 2
17 40
94 6
0 0 0 0 0 0 0 0 0 0 0 0 0 0 0 0 0 0 0 0 0 0 0 0 0 0 0 0 0 0 0 0 0 0 0 0 0 0 0 0 0 0 0 0 0 0 0 0 0 0 0 0 0 0 0 0 0 0 0 0 0 0 0 0 0 0 0 0 0 0 0 0 0 0 0 0 0 0 0 0 0 0 0 0 0 0 0 0 0 0 0 0 0 0 
65 56
48 18
85 64
11 2
20 55
33 3
98 654
58 102 87 70 82 75 73 65 74 80 72 67 62 78 72 95 79 73 63 74 84 80 73 79 87 74 62 77 69 81 86 70 83 74 66 74 57 80 88 76 59 78 81 86 82 70 76 85 66 91 66 70 72 76 70 67 79 76 71 62 80 88 69 84 69 81 68 85 75 95 84 70 67 76 90 73 78 88 55 80 72 78 78 51 83 57 52 74 82 57 83 80 64 78 75 71 95 101 
35 94
2 92
66 53
69 55
1 11
71 25
73 98
14 49
12 61
87 93
18 19
49 86
2 88
62 24
93 37
48 28
34 49
23 1
5 91
56 5
4 28
29 76
19 43
28 31
6 17
27 23
35 74
11 37
65 73
61 59
12 10
87 44
60 12
45 64
5 3
69 9
31 97
98 49
42 15
80 47
32 8
71 66
83 81
5 49
56 64
10 67
75 96
14 35
11 58
1 15
61 69
24 98
69 11
42 13
26 24
60 57
32 33
26 16
15 30
65 70
94 74
40 70
73 53
8 83
14 8
98 73
78 24
66 48
35 10
61 60
34 22
20 64
54 44
81 68
74 47
42 69
23 80
42 95
36 48
81 49
57 80
25 36
6 90
84 40
2 46
3 35
68 22
2 24
67 81
92 42
31 35
14 53
18 54
51 53
5 33
5 61
15 29
97 21
21 81
61 23
30 63
58 96
98 59
22 53
44 16
95 73
51 10
29 68
65 78
24 69
13 28
32 28
57 30
48 77
15 11
2 43
73 98
42 98
21 64
15 64
80 11
40 33
21 67
4 84
48 27
56 60
56 87
88 14
20 38
92 34
48 92
78 23
55 21
83 75
85 96
41 66
9 79
1 30
49 4
17 96
32 71
60 86
62 49
3 81
87 98
17 37
89 93
60 45
17 43
22 4
42 62
70 50
44 71
80 92
75 98
92 8
70 52
95 33
4 96
16 90
92 32
29 82
28 87
29 45
34 50
48 74
15 20
27 58
91 9
53 67
7 46
76 75
1 71
10 5
70 26
95 64
58 25
49 85
15 76
32 48
29 79
25 43
2 51
4 98
60 56
62 66
5 39
44 6
13 53
10 82
79 6
49 38
31 96
26 45
75 57
94 6
39 20
50 40
71 53
35 33
12 95
1 16
37 44
22 49
98 31
34 78
37 81
19 67
80 44
15 57
3 10
63 42
30 14
82 3
67 18
36 77
16 36
94 53
81 17
4 80
48 37
61 83
21 79
54 3
26 98
60 29
78 24
70 10
38 54
13 7
72 47
84 87
84 78
43 66
96 46
49 44
84 12
31 7
91 83
10 18
54 68
47 33
93 19
43 32
73 55
39 46
5 24
36 87
5 78
56 2
27 7
46 13
18 75
19 11
61 28
29 16
97 75
50 90
94 98
25 67
49 63
16 52
87 52
43 90
33 97
93 59
6 40
72 24
18 90
34 78
21 62
95 19
39 46
12 34
40 36
4 87
1 20
43 87
71 84
81 5
84 74
64 89
17 37
16 35
30 49
16 50
13 14
69 52
59 79
87 97
18 89
88 19
12 32
8 82
18 88
87 4
65 53
94 81
91 11
19 22
60 34
72 73
47 41
27 7
23 15
7 40
7 93
59 18
28 66
2 45
57 88
50 24
44 45
8 35
56 26
57 18
61 30
91 9
72 19
15 94
34 21
37 40
17 95
58 44
64 59
90 23
50 41
47 92
86 54
31 43
80 87
61 42
19 53
51 90
72 65
87 7
87 25
47 6
22 6
50 85
65 41
11 16
82 56
11 69
13 41
15 92
31 75
37 49
31 86
42 4
54 30
11 42
54 56
48 75
62 96
64 29
40 73
45 23
32 56
93 44
97 9
39 29
84 74
78 16
64 21
20 19
51 30
61 7
86 11
82 50
9 47
79 48
23 25
71 54
81 65
1 79
74 39
11 59
16 88
76 78
12 94
98 61
26 60
68 14
71 52
64 79
1 43
30 23
69 2
78 51
67 77
32 42
18 42
4 33
32 78
14 43
76 13
7 3
74 75
17 46
28 80
28 29
26 56
52 93
59 31
47 27
10 78
70 28
22 73
61 54
54 74
97 31
88 5
34 63
79 51
12 9
33 38
38 58
95 88
54 55
22 2
83 31
80 54
59 4
29 22
57 82
96 55
16 85
61 49
51 41
2 61
50 34
2 87
92 96
78 47
54 1
49 38
32 30
92 90
34 22
14 90
7 12
48 22
98 10
72 50
51 73
14 3
10 15
90 4
14 69
51 67
71 2
7 4
32 97
95 64
22 10
57 28
22 7
50 21
17 23
71 67
97 84
70 8
2 61
12 15
33 62
82 5
64 87
9 94
87 5
62 11
15 20
39 36
27 88
58 42
14 30
12 13
16 80
20 17
44 31
32 76
94 15
81 58
5 88
55 91
94 18
4 10
38 42
47 63
33 6
8 46
36 19
58 51
2 77
69 46
11 2
24 6
17 7
65 21
95 21
14 90
39 17
2 75
59 48
42 91
54 49
39 88
69 96
42 70
77 13
18 87
14 41
93 30
48 59
51 44
80 64
37 20
81 38
96 42
87 39
35 42
89 73
33 59
72 74
31 50
87 49
40 2
90 34
33 40
93 82
84 74
49 23
94 31
61 91
73 49
33 9
91 23
83 24
82 56
1 14
9 86
63 47
89 54
82 23
94 76
8 80
53 55
5 48
87 64
42 61
16 73
70 8
96 54
32 79
12 32
93 20
21 57
68 11
14 51
34 10
29 40
90 80
96 93
31 84
61 71
47 76
48 19
84 45
73 17
26 84
49 21
7 69
79 73
80 91
27 16
4 55
56 93
38 53
90 68
40 52
42 86
30 88
7 15
36 78
32 62
65 80
83 70
52 62
47 34
57 73
50 60
30 7
56 67
61 47
38 2
1 79
88 30
71 93
45 9
74 76
70 41
59 54
14 13
19 59
47 75
35 95
38 64
5 92
34 64
42 71
66 42
53 55
72 26
51 18
34 27
95 6
68 55
60 80
69 78
42 17
56 76
15 92
43 20
88 76
84 31
50 52
73 5
10 46
30 60
64 63
87 60
69 56
18 31
39 85
11 80
5 67
59 20
62 4
39 51
80 25
82 31
77 56
36 85
5 65
48 68
30 37
31 1
93 48
31 33
36 42
16 40
11 74
60 72
78 1
89 645
75 74 105 66 73 84 92 100 90 92 91 79 84 76 90 78 82 93 85 83 66 94 73 83 77 83 85 88 107 84 84 84 91 86 104 103 87 90 89 89 92 75 79 84 95 76 87 72 83 91 93 86 86 90 95 98 84 91 99 85 109 97 85 87 105 72 99 85 90 81 83 86 98 80 80 87 64 74 76 97 85 79 77 83 79 86 98 79 106
65 18
3 26
27 77
43 64
46 76
75 38
60 16
9 54
85 44
49 46
43 40
5 31
23 35
5 41
29 89
79 4
18 81
29 43
70 71
19 26
60 4
64 30
20 72
85 15
28 43
61 70
83 64
13 16
11 18
57 38
17 46
42 34
39 70
89 19
53 7
45 23
11 20
53 30
3 48
44 30
3 15
11 85
80 24
13 1
41 69
39 58
27 79
4 64
61 80
84 25
88 40
48 9
59 11
39 61
59 82
3 61
9 14
57 87
37 69
88 77
49 37
47 74
29 49
51 89
41 45
25 39
85 71
49 55
83 86
28 52
80 30
24 88
43 80
87 79
61 85
68 20
35 25
6 62
74 56
62 26
13 85
65 9
69 24
64 62
22 2
26 12
31 49
89 73
41 9
64 13
6 42
33 39
67 38
13 51
6 74
77 18
72 52
27 51
76 1
24 8
2 49
20 32
9 30
17 50
39 89
62 44
33 6
84 10
44 7
61 49
82 48
67 63
11 4
26 86
5 49
5 6
9 24
38 17
54 55
67 3
45 40
47 77
45 41
87 88
48 58
49 40
18 27
15 28
31 39
25 35
88 29
41 8
53 78
25 17
44 2
21 88
42 67
77 86
19 74
87 66
44 46
18 61
73 32
89 14
71 25
49 69
54 1
77 18
79 12
35 33
14 55
33 55
33 20
53 52
6 50
30 49
7 47
22 78
79 22
4 60
46 52
41 11
53 28
29 42
40 63
75 53
30 19
20 62
39 72
25 44
34 54
5 40
12 26
30 2
47 33
62 4
86 13
15 48
41 43
1 89
18 75
46 47
6 65
20 44
49 44
88 81
10 3
33 21
29 62
23 75
6 83
79 3
8 5
51 48
48 51
41 65
39 85
23 43
62 42
87 22
87 85
15 7
89 47
28 29
20 49
14 26
45 4
28 51
9 78
11 56
41 51
33 79
49 55
34 21
8 31
43 5
28 57
11 27
15 38
55 35
88 67
61 43
71 88
6 79
78 17
46 29
68 78
20 27
44 53
48 51
85 2
57 23
59 67
50 73
17 15
19 15
83 78
58 64
78 63
55 66
80 11
7 58
1 26
85 44
79 43
7 73
45 62
8 14
41 56
88 57
72 17
73 64
6 41
40 83
16 5
61 6
16 66
64 16
4 59
60 81
15 65
66 59
40 72
73 80
41 71
49 23
88 32
87 5
73 37
88 89
42 59
6 57
38 69
74 40
40 43
33 54
21 9
24 59
82 8
51 33
79 10
56 76
42 53
81 25
2 79
25 43
51 30
12 87
11 84
39 50
39 70
16 59
80 39
30 72
47 79
17 36
1 71
24 42
36 15
68 37
6 3
81 56
33 3
55 43
88 4
5 37
75 20
8 65
59 37
49 16
28 65
51 28
48 74
70 83
1 48
32 6
51 23
63 83
26 27
38 24
31 42
62 16
62 68
81 30
17 40
46 44
17 8
72 64
82 53
59 81
12 2
88 62
25 60
57 50
88 6
74 29
48 46
45 19
25 37
50 41
78 6
85 5
13 67
69 5
31 38
87 42
40 84
16 63
57 72
24 55
78 9
85 36
54 40
55 78
77 15
31 65
21 26
70 33
5 49
39 35
87 36
78 37
32 4
12 87
77 35
54 65
44 49
12 8
89 67
87 76
82 28
53 14
54 33
47 58
82 84
4 79
32 81
28 63
85 39
62 72
74 26
49 28
75 60
36 74
39 33
62 31
62 25
45 26
59 3
84 51
87 88
42 29
80 69
4 75
19 64
59 4
2 18
32 76
78 67
62 27
12 35
58 72
60 14
10 29
16 5
80 14
4 32
43 82
13 46
70 31
22 39
35 23
57 66
10 45
45 71
72 56
18 40
40 76
54 49
17 69
54 8
83 56
40 36
51 52
82 31
83 14
69 29
37 36
6 46
81 50
29 63
18 46
15 56
34 68
17 50
49 69
58 41
38 8
78 87
60 69
30 54
84 9
83 31
45 88
77 37
50 17
11 66
63 26
35 8
5 50
58 53
32 26
6 68
34 82
68 5
63 8
59 57
17 52
88 61
52 75
9 12
3 20
79 65
45 24
73 49
75 41
14 17
67 19
86 12
12 63
17 74
72 75
43 87
38 40
60 1
27 68
13 29
88 3
6 43
27 77
4 12
30 17
29 8
35 25
19 46
89 35
32 70
22 73
69 59
25 39
60 51
19 71
81 17
74 85
60 11
75 63
23 15
80 51
22 26
76 41
72 74
76 15
56 8
89 36
67 24
75 37
76 4
20 66
21 5
64 80
16 48
55 38
63 45
89 84
71 74
37 53
61 23
68 27
31 67
63 9
3 48
46 77
53 66
56 73
71 29
65 86
78 29
36 51
75 35
47 55
21 83
20 80
17 87
19 47
66 81
57 68
41 13
57 4
79 23
78 60
52 53
58 40
82 4
3 66
38 50
34 58
44 53
50 61
53 68
20 29
61 75
9 12
89 65
16 78
88 4
50 51
56 18
2 48
21 5
26 58
55 59
28 10
24 77
70 75
56 1
16 27
76 24
39 74
89 54
64 87
58 24
49 25
42 50
74 62
55 10
32 20
70 59
30 4
48 11
80 14
11 7
42 85
31 79
72 30
45 46
29 14
70 77
39 22
39 23
84 5
33 26
25 13
85 54
17 43
65 7
57 74
14 9
72 43
89 54
74 45
11 14
59 80
2 8
14 40
31 8
45 63
34 69
76 29
35 3
73 10
10 40
85 23
50 67
67 49
33 51
5 43
65 63
35 66
71 48
17 12
56 61
75 88
42 61
30 76
65 13
86 74
53 81
9 13
60 74
62 3
38 66
46 13
40 80
79 22
39 7
34 6
68 19
6 21
80 35
8 55
47 5
41 11
86 48
23 56
35 84
15 67
5 6 5 4 3 4 6 6 8 8 3 7 8 7 8 
15 9
6 7
1 9
4 2
7 8
13 14
3 13
7 14
6 12
5 12
1 13
3 12
11 5
13 5
6 13
5 6
8 11
12 8
6 1
10 11
7 6
10 11
6 2
9 11
14 13
9 13
12 10
12 7
15 8
12 6
7 2
11 13
13 8
7 3
8 1
14 15
8 9
10 12
10 3
9 8
2 3
7 13
12 3
6 11
12 3
3 4
5 13
2 3
6 8
5 13
10 4
13 2
13 7
14 7
10 7
15 11
9 6
10 5
10 1
2 6
4 5
9 8
2 10
11 7
4 1
6 12
4 5
67 987
1 4 1 0 3 2 3 3 1 2 2 0 2 3 3 2 5 1 3 0 0 6 0 1 2 1 2 1 2 1 2 3 3 3 5 2 0 3 5 3 0 0 1 1 2 1 3 0 5 1 1 0 3 1 1 0 2 1 1 2 3 4 2 2 0 1 3 
63 1
46 4
33 61
23 10
50 56
34 48
62 40
14 15
23 40
61 7
57 61
23 7
25 56
56 62
38 63
5 33
67 50
38 29
46 59
39 28
50 6
9 44
46 23
58 1
64 51
7 52
46 30
59 4
20 47
66 67
44 4
24 39
54 60
2 32
54 40
60 35
46 2
13 24
25 4
25 21
55 31
6 33
61 64
37 13
45 35
4 21
40 27
61 26
21 61
59 7
35 51
43 13
53 54
37 10
58 60
31 44
26 36
11 19
34 67
32 12
16 35
33 55
62 26
15 16
21 5
22 54
56 63
1 41
51 37
52 41
31 15
19 55
52 29
8 18
10 39
30 25
7 62
14 2
21 67
16 41
33 37
29 21
34 29
63 18
67 47
59 30
63 11
19 47
40 26
65 49
66 28
8 6
23 21
7 43
49 23
18 14
60 46
35 27
8 30
44 7
11 35
37 6
46 55
53 19
15 50
1 13
11 9
18 33
30 25
10 11
47 27
25 40
6 58
67 14
23 43
21 33
12 57
39 57
46 24
9 60
8 10
7 18
19 24
52 47
49 60
59 29
21 15
2 26
7 1
40 29
44 60
62 55
52 33
46 30
57 54
24 63
65 29
15 16
54 65
63 35
60 54
64 13
3 64
40 9
65 13
39 41
7 33
30 57
66 8
21 55
62 43
52 59
6 66
8 59
66 3
28 57
57 24
4 59
22 43
2 20
56 39
61 62
6 23
53 4
31 6
60 26
49 44
18 54
44 25
48 42
28 8
33 18
32 36
10 53
13 11
6 2
50 66
64 55
23 48
59 53
55 51
12 36
29 30
24 5
54 4
47 15
12 13
32 43
49 41
29 61
52 34
63 34
34 58
23 55
41 14
42 28
66 53
64 27
16 20
32 2
25 12
17 36
24 48
12 5
23 40
66 7
8 61
42 41
54 63
30 27
11 4
55 10
57 50
36 5
4 1
7 28
12 23
64 35
5 8
41 26
49 39
34 55
34 8
30 20
5 58
47 16
63 34
25 52
18 60
58 21
61 64
49 6
21 45
41 25
54 14
52 34
54 18
23 20
26 52
40 30
45 19
45 40
53 3
26 3
63 17
24 56
15 6
62 35
51 35
60 37
49 43
5 35
61 27
55 19
13 27
49 57
46 26
31 32
29 55
34 25
6 57
15 20
63 9
54 46
44 46
17 26
23 21
61 16
48 49
35 60
9 17
51 54
43 14
19 5
3 52
30 8
43 44
28 38
52 14
18 29
61 33
55 16
54 48
33 35
30 1
29 38
17 13
26 59
27 43
64 29
29 26
37 5
2 64
43 53
12 59
16 5
26 3
21 13
51 53
48 14
54 9
52 3
22 10
63 47
53 58
10 15
18 46
20 19
44 61
6 55
54 21
60 13
24 14
25 8
1 5
21 53
14 5
57 35
15 51
16 1
44 26
15 60
6 34
13 49
29 19
37 16
40 30
28 63
44 52
4 44
58 24
31 5
29 20
40 42
5 55
43 48
14 57
42 19
25 54
1 53
7 38
2 46
1 29
42 44
15 45
21 5
2 51
10 30
4 49
6 9
38 48
57 51
40 31
4 63
19 5
50 25
42 51
4 42
14 45
20 28
24 40
33 26
25 42
56 28
24 62
37 61
44 26
46 16
57 49
13 8
54 62
33 28
46 36
4 59
15 23
20 38
64 51
64 21
27 52
49 50
48 18
44 24
44 23
40 32
5 52
40 57
47 6
19 26
41 22
18 55
46 37
27 41
22 23
62 48
9 43
32 55
62 9
13 38
31 52
4 35
38 43
26 17
49 44
43 22
67 60
11 45
31 37
20 52
60 14
34 1
58 64
57 51
6 2
23 36
55 26
5 24
2 30
41 49
8 17
5 7
10 16
52 40
53 4
26 44
18 59
46 8
57 34
60 62
37 15
32 23
41 36
48 42
67 21
25 7
38 30
14 47
46 65
21 30
3 46
8 20
38 53
28 29
21 22
23 56
36 54
13 9
25 59
52 23
14 9
30 50
39 43
31 17
42 51
47 44
31 54
64 1
41 24
29 60
45 51
50 14
40 61
23 63
54 7
20 66
16 49
51 53
26 15
3 1
66 49
45 29
37 41
30 10
66 58
3 43
43 51
56 15
46 12
11 32
18 30
32 33
13 16
19 38
30 22
39 28
4 16
57 40
58 19
50 55
11 52
31 52
37 20
67 16
32 10
49 50
40 13
15 52
29 33
24 57
56 61
19 58
11 9
32 1
28 15
57 37
67 20
23 36
40 22
53 4
32 33
53 5
47 66
57 8
34 13
66 22
8 17
14 18
25 45
20 52
60 9
23 58
28 45
29 1
1 13
4 32
47 56
37 25
57 26
33 23
39 31
44 45
48 57
64 6
36 16
58 28
24 14
20 51
59 47
53 58
61 56
24 40
46 59
66 35
19 31
58 57
62 34
36 42
25 32
48 59
48 38
20 5
52 39
56 42
20 41
34 13
31 57
53 9
51 52
44 2
15 33
59 9
1 27
51 25
59 31
18 39
2 37
44 53
10 32
29 30
7 62
42 36
53 27
45 36
12 21
38 26
55 30
35 55
57 19
13 48
50 30
21 51
1 64
38 10
30 66
39 36
62 13
6 47
41 50
16 51
4 53
10 58
17 44
47 6
64 59
55 46
23 8
31 23
6 2
33 35
1 4
4 61
17 9
42 56
60 57
41 63
44 50
55 59
28 33
66 24
26 52
3 48
61 33
4 65
35 36
34 35
40 37
30 56
47 4
46 38
61 19
35 37
2 22
30 29
55 28
53 14
14 55
62 7
22 65
6 55
35 39
23 7
9 52
63 55
56 41
27 49
60 61
20 61
15 49
24 3
10 11
17 23
65 11
31 19
9 36
7 43
8 29
50 17
15 45
5 3
20 31
52 12
25 4
7 39
53 30
43 62
39 58
19 36
3 49
55 11
18 61
55 25
24 37
42 38
16 45
41 35
10 25
47 34
29 53
6 15
16 48
10 54
40 28
24 41
11 12
53 28
6 39
53 30
10 26
1 25
5 41
60 15
67 40
48 28
26 54
43 41
35 52
29 7
14 52
49 24
65 34
52 3
7 36
33 16
63 33
41 1
8 34
15 7
7 62
35 32
50 11
7 18
63 36
25 10
22 6
34 19
40 18
22 46
55 53
62 50
20 35
51 27
2 65
34 8
62 2
41 44
12 46
62 8
16 19
18 36
25 51
55 64
3 10
44 56
63 37
40 16
6 23
43 7
22 9
15 16
11 55
60 23
35 53
31 49
6 48
20 30
33 7
28 34
17 4
24 13
41 63
28 46
20 4
53 41
13 1
57 23
56 48
46 23
35 9
6 40
57 25
3 22
32 30
57 48
33 13
61 7
10 21
53 29
25 38
3 38
39 58
61 27
40 39
51 8
49 56
47 38
14 49
60 45
12 48
27 44
62 20
51 4
42 36
33 66
8 34
37 46
26 31
7 65
4 56
6 51
46 52
23 59
35 15
38 46
64 65
25 58
18 8
62 58
45 27
58 51
62 28
30 21
59 36
20 61
26 25
47 4
11 2
63 45
17 33
25 14
31 48
6 47
57 1
39 34
28 29
18 22
57 47
43 48
17 61
43 42
20 22
46 30
24 41
8 40
8 32
55 38
14 59
18 3
60 56
37 20
19 54
43 8
35 18
56 51
13 31
27 32
53 6
62 10
47 2
51 54
34 37
25 47
30 42
51 23
33 20
43 50
7 18
59 41
36 47
26 47
12 52
13 64
58 7
7 38
9 57
25 42
28 49
23 57
26 6
13 57
26 55
41 32
6 32
6 41
13 32
22 24
17 34
22 8
41 28
46 49
19 4
26 45
53 48
36 11
54 48
2 12
37 42
44 42
7 49
17 19
14 38
43 31
5 64
39 45
26 17
29 43
20 53
22 6
35 57
17 21
40 18
33 9
60 9
52 66
59 1
19 5
39 61
36 43
59 8
22 17
25 49
60 44
36 15
50 4
6 66
24 44
17 56
54 10
66 38
9 56
39 27
62 10
21 30
53 12
37 8
29 61
57 21
39 26
36 21
29 41
21 52
18 37
43 5
47 40
42 54
30 14
15 24
24 35
54 10
48 24
17 9
18 7
30 55
33 65
10 60
40 30
47 57
67 22
62 45
63 36
34 25
50 47
49 6
16 35
16 62
59 32
4 9
39 34
65 4
33 7
64 5
37 43
62 36
66 55
15 60
25 47
18 8
28 66
14 43
35 29
39 26
61 42
35 32
10 32
36 41
40 32
46 9
9 40
45 7
29 59
67 53
40 17
61 1
17 8
44 50
37 15
10 31
58 43
63 66
9 31
41 47
63 19
57 5
59 33
11 20
26 10
7 64
28 1
66 44
9 42
28 45
58 36
9 48
13 5
48 22
36 22
3 31
41 58
35 33
-1
