50
19.183935 47.482223
3.439436 34.078494
8.415479 26.273385
6.216620 22.443312
10.745567 44.442579
43.903928 29.790643
36.570330 46.130253
33.114109 34.130375
43.290506 9.822382
11.262856 29.587695
4.405347 22.383801
20.723594 5.182043
29.453413 0.436415
0.901822 49.853511
5.156102 48.193304
21.028779 35.328227
3.070162 15.752129
11.487167 3.386029
24.050111 46.967986
26.493118 9.082308
24.840541 30.906095
45.931883 46.478164
47.108371 46.005127
49.166845 8.459731
44.236579 10.951567
18.634602 7.220679
26.172674 31.374554
6.038087 6.909391
17.668691 6.381420
18.950468 45.092624
0.201422 34.049501
10.635701 44.511246
32.906583 29.871517
30.918302 41.764580
22.812586 47.286905
20.879238 34.421827
39.732047 14.293344
9.236427 23.177282
46.061586 25.264748
43.180639 0.570696
36.863308 1.977599
11.493271 12.863552
10.489212 12.965789
42.790002 46.610920
15.109714 15.215003
36.637471 16.512040
41.409040 7.301553
10.412915 6.099124
6.796472 8.012635
19.705802 37.795648
