4000
14.817216 30.412402
21.109451 21.555246
44.039817 13.122565
2.889291 6.716095
15.821607 8.023419
19.600143 24.135337
8.294022 48.713497
3.099320 40.383584
19.488443 48.832091
31.783152 0.615214
32.622331 11.891656
14.254472 12.696760
21.614787 10.397949
4.014346 12.986580
49.421257 24.675955
2.579719 14.238473
5.088357 23.689170
35.793718 49.128173
36.811735 38.683010
5.844268 2.633343
46.706429 25.444411
26.768680 5.000451
24.157908 29.867999
45.384035 43.646351
28.700091 27.167187
44.261564 11.322421
39.058843 8.516036
24.019182 10.673630
18.913985 28.033527
23.660210 18.335242
2.709482 26.239929
32.573714 7.797839
49.929098 18.367432
6.926012 36.740834
7.050442 12.770280
39.374176 3.756871
38.214691 16.142856
8.757321 12.372599
46.010855 4.141357
6.018950 24.710946
31.308543 0.280514
36.033367 20.367386
8.796550 10.052549
31.041016 27.710535
38.086076 4.701226
46.045776 40.795559
30.941155 28.619490
48.593398 30.870253
46.986922 5.519410
17.611087 4.037364
18.289690 6.985263
7.794235 6.504382
23.128119 16.551556
18.876981 19.138974
20.692913 24.895930
43.849920 2.001456
25.176444 29.883288
22.368842 33.972994
39.935837 3.409858
11.683529 28.021913
8.111084 7.729305
18.817472 39.052239
36.348795 17.410869
19.922492 33.335717
22.930279 37.533579
37.373081 41.219969
44.518842 45.167316
47.724350 17.646961
11.718872 16.601331
36.785936 32.411785
41.497261 30.635856
34.413241 16.673706
10.519144 6.782083
0.646700 0.454980
10.191941 12.330228
28.476893 18.303025
20.059533 47.294365
7.355264 6.408328
14.705234 27.277756
39.744045 37.635513
14.811335 27.117126
28.855482 9.330177
22.284442 26.579832
26.977138 34.003314
43.181163 13.763074
16.415099 34.678425
44.398930 0.828340
1.352131 4.918073
7.610422 1.998830
5.373054 17.802363
14.329059 33.849947
36.105388 34.388592
31.144312 43.460652
40.796920 45.849546
20.738407 30.540965
33.485059 35.549742
7.658091 12.340541
44.879919 29.942533
38.920373 21.857057
13.945848 32.101536
35.620131 30.360947
16.779961 30.019061
31.189286 18.132092
34.937134 38.799709
20.130922 40.310188
6.602072 34.459981
24.160135 42.707460
18.848572 5.304446
36.168112 9.645492
1.153992 6.906519
40.186456 34.639051
42.456261 47.844547
46.979592 37.336180
27.787081 35.899965
9.193237 41.732929
18.001501 44.813368
22.093875 34.781462
24.832429 3.283162
2.913554 9.769563
42.082871 23.044476
0.079751 48.684942
7.504457 24.239886
41.392402 26.353029
29.544332 27.560514
35.998521 30.698324
34.467033 26.184977
15.337375 26.923294
24.029525 12.316967
14.259474 1.816606
48.216931 23.452711
43.549534 16.218432
18.266080 15.643410
0.999895 43.098509
18.926572 3.913449
2.868072 11.009442
26.957926 2.947823
9.694385 34.462383
27.187709 1.086787
10.815412 6.732041
28.647300 46.813933
37.430366 13.114333
22.998910 2.767741
40.037627 47.028435
15.084708 4.297101
48.845041 13.301639
27.749812 42.394575
29.520072 46.015892
8.037985 30.519967
39.114400 26.964556
34.433416 41.982472
37.973999 11.391341
44.930296 47.668383
45.853724 22.118005
48.755170 6.669136
28.850046 27.402470
3.483068 16.280412
40.516803 26.481979
19.048153 30.554430
23.510414 34.132861
34.851531 22.355455
47.434501 12.601343
14.750030 26.954572
8.617234 22.788014
7.474539 47.731635
49.752571 41.907955
39.714107 37.726569
3.299296 34.644403
35.394952 49.153020
6.762408 34.150122
5.822155 35.612454
11.552592 9.305224
1.892866 2.069396
35.787203 20.941019
32.623826 9.297616
5.073880 17.475356
31.653071 2.508381
30.076699 46.403100
29.462953 38.693934
19.191115 36.937492
36.425568 18.943685
28.845447 26.139676
6.670255 32.144743
10.784079 42.065207
31.297763 17.546486
26.215329 37.119918
3.158940 37.767921
46.425142 5.051806
39.837317 32.212345
25.992825 22.461142
41.509961 31.066705
39.936499 23.163032
33.575086 20.013198
19.566132 13.038039
8.707131 38.757247
49.975531 45.132700
7.700932 28.820977
21.272375 14.371187
10.965720 32.056454
6.436394 42.263483
49.602940 32.651723
29.383401 2.761880
20.419644 25.808543
7.813686 10.256961
8.020888 33.806511
32.718103 49.530849
14.873216 22.654602
22.693881 48.448301
42.667800 42.260013
11.486340 1.374931
31.017260 11.461870
46.507630 38.718193
40.282848 17.780006
3.089380 1.248568
49.836460 9.525773
43.512051 49.439400
42.177496 22.895452
2.201280 12.597141
48.703996 10.014966
22.854101 6.724884
43.821477 5.572205
6.255733 8.694693
28.226806 28.949613
7.142994 20.894606
21.209626 18.629334
22.269537 2.226886
30.091204 18.777167
40.945079 20.374052
36.557173 44.034459
21.622620 36.393632
3.560232 15.134671
35.833032 45.737728
38.030123 38.034312
8.334869 36.734119
48.049278 31.188970
43.459003 41.870754
36.761175 49.714735
0.565447 14.987981
28.664349 7.708441
35.882587 49.873975
26.337774 8.152124
2.100861 6.428978
26.929291 43.045940
26.803030 13.486464
37.080399 48.425650
49.880096 40.640631
13.560320 35.713128
36.378359 1.590444
23.747440 44.713228
38.324563 21.796718
25.902199 31.783565
13.667472 12.663374
31.498300 14.232919
27.651355 10.162649
21.941360 13.533943
10.036624 48.279134
21.686067 12.137485
4.708112 48.615358
5.183426 31.511142
12.101822 42.263825
29.936792 11.981918
32.904456 43.497112
47.695046 19.282815
45.087556 21.442486
13.996043 33.412118
43.239203 39.898242
15.195683 6.906675
2.561616 46.693984
21.139594 30.212971
6.856632 43.080954
43.746913 16.893256
41.360088 15.432980
29.030742 46.068200
14.048338 34.214167
27.579342 26.150159
26.477992 7.516134
38.132077 9.382448
1.013246 35.827123
28.665263 46.100801
7.269609 42.661306
29.512920 0.508812
32.559548 44.708603
7.415487 35.121164
41.402586 28.555081
15.334135 48.259219
21.636035 9.081048
15.152475 12.996122
24.514028 44.183217
9.064322 38.562366
28.397384 36.643664
14.712525 4.875376
44.159798 2.844602
14.257824 45.173043
38.671725 42.923087
41.273845 45.941333
35.584394 20.786764
46.450145 18.143942
15.495367 3.865632
3.265106 6.897953
32.420713 18.599241
5.157172 4.056748
27.680289 20.309647
17.052871 2.194317
14.492864 26.117193
40.756683 42.890248
12.760857 5.469208
47.765624 6.920655
8.313809 12.023448
2.093698 46.985534
4.946536 43.367543
42.926868 40.530929
14.154307 39.377013
8.674872 29.649674
43.242645 11.939978
36.547627 25.663359
30.539219 41.704799
29.720107 8.219508
12.014446 46.772978
10.413825 26.507310
22.890171 1.170508
19.397558 35.651028
6.639715 17.163182
42.571683 14.953524
29.186630 44.665381
11.939059 34.133166
38.032924 4.865926
24.664095 2.187231
44.242939 33.338967
31.836905 37.485585
45.278945 18.384532
13.148943 25.818163
10.089331 42.869050
34.037671 22.103777
39.642028 44.451496
48.611087 12.532198
45.622004 18.008645
48.183226 2.261719
35.171826 40.754909
17.215243 14.358457
35.420289 29.154302
48.491623 23.453213
34.020228 23.155718
25.640444 28.263168
6.494685 7.477348
15.748752 1.773630
25.861880 28.897696
27.591793 35.951211
21.766746 11.629464
8.054989 11.408774
6.080960 6.666075
23.940972 1.702964
24.674720 22.124199
3.964682 9.846546
12.879107 21.179926
24.205003 48.299397
0.334228 22.696625
21.752609 34.354456
45.852343 47.393053
12.617624 2.347028
4.870401 28.366376
4.120658 30.732281
7.264072 31.712451
16.683493 29.030818
43.341915 24.738481
40.439592 49.422875
31.404557 14.380564
1.125838 6.079277
36.504763 5.090521
15.925823 49.383870
26.270446 40.130826
47.683266 26.604674
12.827451 19.435876
10.959130 8.679795
16.828929 23.576753
11.026823 21.699330
1.943129 15.147481
2.431611 9.207201
46.859931 19.115104
38.238018 40.201846
43.853585 28.677610
39.624720 25.258141
43.058174 40.750559
31.337418 29.562936
45.841079 47.263241
28.946806 22.111526
37.394066 26.630073
48.716199 0.221518
46.065949 9.675329
8.901312 12.894877
33.252082 19.928135
34.594207 35.195211
35.075615 37.025818
44.402412 31.935546
6.140922 32.640430
22.137392 49.994506
11.318040 11.762112
25.252647 4.376214
2.512671 6.590065
33.939150 48.353750
3.853306 12.885956
20.465276 41.247372
39.516029 19.181475
41.468890 35.581978
28.856804 0.370202
48.476855 12.108887
20.298337 33.071062
47.304098 5.373952
20.096880 41.706510
37.309499 26.237801
24.346940 9.446891
26.232308 35.664980
21.209003 1.484955
40.041194 23.721674
8.075020 23.980344
22.075424 11.928326
36.866300 42.540700
3.175698 26.382329
11.722175 44.644587
11.964307 40.578979
45.014789 10.441162
2.687866 15.313126
43.512223 49.991964
20.687078 13.609103
41.698474 7.996576
39.846905 16.045414
17.443467 16.079212
1.710395 38.652470
17.564167 41.751589
12.374144 25.639188
15.731933 34.449568
37.567513 2.598233
26.990267 40.743211
28.980563 38.712442
35.387798 40.944870
29.291421 30.402588
1.386031 31.979286
45.715713 44.898255
31.971250 16.402791
8.507358 23.669724
24.399367 48.354263
39.715138 41.842834
14.433475 41.425533
30.495304 31.997643
33.177122 42.869448
7.636830 48.909055
27.319015 45.204344
1.507288 4.309283
35.947555 30.487851
43.021724 21.335353
21.432720 22.313145
1.737941 22.818752
4.292431 47.453654
17.717006 36.263681
13.856445 26.224365
9.933405 38.255813
24.578627 49.648543
30.098647 39.012103
41.074076 10.593951
21.009746 24.251198
3.463399 28.646576
23.160252 30.782414
23.850920 24.667540
35.091697 9.798475
5.155391 28.113421
31.133828 26.588111
0.426566 32.871769
49.406863 4.718997
30.325423 17.123869
40.982678 44.181868
43.348234 0.916083
32.437681 17.926861
0.564626 12.536328
6.938964 41.638702
23.130279 27.948710
15.889900 26.593678
6.595286 39.050153
7.376092 30.446206
13.717693 42.467789
40.244680 18.873084
20.581210 21.378508
45.461195 21.007777
4.250277 44.868058
25.726774 34.575700
11.991927 16.709452
28.757568 5.340160
17.625535 11.195248
23.267021 18.190161
23.731576 30.205985
9.828863 46.861855
8.154695 25.718764
23.455532 14.749981
14.768916 30.831625
45.196187 28.486609
23.299414 35.440867
47.359693 43.880624
6.819375 42.820888
14.888401 11.069652
37.688945 40.615175
45.645352 49.680872
7.324626 24.402919
5.021033 24.950161
35.598168 28.288054
43.140323 9.329744
8.494039 2.969186
6.191599 16.648735
28.687949 29.647131
31.398715 43.456865
10.478756 26.594902
21.943474 33.778170
12.035769 19.303167
27.658794 18.855144
12.124055 42.547195
29.924796 49.813000
33.162369 25.570148
49.493873 40.486996
49.973067 4.514905
15.437157 35.571235
32.802959 8.577480
44.900979 41.296999
11.546666 1.092577
7.945733 40.234615
30.739708 39.344448
33.691480 41.218464
15.939350 5.634955
24.996634 27.975119
24.938122 2.655428
46.830263 37.062177
45.202622 26.755059
36.875178 28.364992
2.325207 36.369050
18.851987 2.298274
40.883955 34.289145
37.869509 23.686914
42.866624 32.770487
14.983913 4.413290
33.863064 22.929646
44.647905 14.602773
12.274094 28.339385
5.821237 28.213445
33.974340 30.817870
6.188564 8.912462
33.473298 3.018827
45.974639 28.675920
29.773886 32.849816
7.040912 32.099093
19.218867 25.892899
34.397367 10.102822
10.182044 22.266875
33.789736 3.048668
5.037363 48.773649
7.461958 38.900427
21.703295 2.109863
3.503200 33.977390
30.449248 9.324437
12.190834 14.423587
40.142307 18.379399
23.336049 23.615605
21.398226 19.310688
2.291525 1.172112
2.160504 9.332437
33.271205 21.379371
35.225336 17.668572
31.482193 45.407379
39.935448 15.271929
48.456048 44.972811
14.045578 5.918005
33.873238 35.748873
8.027868 37.376438
19.726263 38.477116
46.700874 31.917097
2.900703 36.843181
0.296495 26.236752
10.458786 21.694721
45.547440 12.750311
22.866834 47.707944
22.082747 6.138039
19.087315 7.308083
23.806611 0.569508
2.715463 13.742059
15.841436 1.171510
8.714870 29.887014
7.089515 42.588107
15.635887 15.117384
29.964545 35.362150
3.594499 26.665420
17.279247 6.495202
13.508601 17.575742
32.731954 23.967387
39.270464 28.279394
36.717698 12.137297
25.987338 8.800446
18.275336 45.074653
16.108529 42.081947
45.644161 18.823991
5.824006 11.485597
19.995502 14.538876
41.372611 27.085017
7.126984 7.008499
42.202401 37.091529
42.370649 45.796900
13.756949 9.649896
2.292102 27.265550
27.225638 35.024056
1.232937 16.496101
13.303450 37.950635
28.633399 39.290788
46.751081 46.908735
34.365441 12.859610
38.990682 30.009602
31.683601 44.814688
41.495199 1.679103
9.353564 32.867810
28.764120 16.480548
39.876309 20.966520
3.572077 32.246958
16.763420 17.329025
41.896853 19.055522
44.594575 19.122491
4.079578 45.827512
35.618593 17.383028
33.778147 14.251991
6.673815 30.529228
11.160726 41.039256
43.388838 0.151408
21.048858 25.072439
44.966096 12.544057
26.751541 4.319660
45.411867 5.515661
20.800208 35.288176
26.482181 24.372285
17.535134 43.245601
41.701310 9.431987
12.301123 36.295885
28.554479 16.380701
32.123397 14.173071
33.763728 15.901544
28.425063 40.437544
46.430772 39.585789
31.476800 39.819610
39.737196 2.525658
14.892049 34.703292
15.069715 41.643590
39.022953 10.481582
47.159251 9.823161
45.769758 23.641432
34.195446 13.304891
16.887034 25.896756
22.736878 29.188157
12.192641 1.291357
45.568857 44.316038
15.464428 29.332586
10.217583 43.889491
19.770129 6.648355
33.475280 1.246929
46.467965 23.212476
3.772588 11.360013
7.915768 18.842303
3.003603 46.938721
29.323884 0.162854
6.761882 25.093642
23.804287 40.957328
38.398533 40.691320
16.854084 11.135411
19.879477 29.046725
12.426768 15.448334
23.362763 27.891196
44.780920 33.580346
21.780687 14.551049
40.228701 5.255967
15.797979 36.696665
28.468443 19.570566
48.056678 36.384211
38.412869 1.060282
33.322932 17.736753
1.223136 40.084814
42.830395 25.027423
31.042142 31.228928
15.718743 47.896225
42.364339 35.598220
26.942950 4.791107
1.046555 0.305713
32.682304 45.827475
33.886059 4.462991
10.378524 24.114759
9.718958 26.176503
10.811425 38.187401
45.747069 8.868103
24.571612 34.159938
9.928385 7.894544
1.896691 11.151521
47.979358 44.727086
36.178943 29.021500
25.956014 1.897687
26.917725 18.320353
37.495907 3.860675
23.111461 38.542462
4.166388 5.793765
34.369937 38.052447
10.256756 44.748461
12.167206 19.975713
20.924964 22.978631
8.163114 16.672033
31.846734 32.734726
0.831970 41.775119
40.629271 2.728661
2.926639 38.608629
47.455747 39.105583
17.630129 23.411761
41.003269 44.547854
41.732115 28.499177
48.408529 14.843576
17.041639 2.574917
20.637341 1.411575
40.627364 30.894096
46.160037 2.794571
0.869810 17.085000
25.773201 9.032924
33.757033 7.619935
41.767650 34.589003
49.395054 32.396921
37.317665 2.321693
21.005550 34.773412
41.427276 38.635679
8.185174 32.430545
33.183533 49.917288
10.929722 31.592062
14.760864 27.971360
34.166980 35.398205
29.382936 24.794344
16.292301 25.542972
27.588915 17.162111
42.627972 3.362116
26.195035 26.385005
10.982051 17.962685
10.974009 10.377105
0.359605 48.291674
12.698798 21.365155
33.065086 4.126074
10.000834 41.250259
36.556619 43.184367
41.167548 47.486340
24.776429 5.928412
25.457701 8.943408
41.326617 4.840636
33.737752 7.618918
30.383608 11.326667
24.781029 23.011581
14.688783 0.976063
49.396586 25.670834
18.938748 10.370595
36.047939 19.298353
8.662269 48.746737
40.663508 41.727355
2.872811 0.664341
32.977614 39.429429
43.848708 24.145162
36.915770 18.625137
30.073574 12.373470
27.568545 21.400191
17.214106 11.306297
29.019109 47.597715
22.632964 3.800137
20.609295 37.321747
4.776200 20.005881
12.992581 23.714948
30.376476 49.040520
43.013301 39.038745
47.787257 33.676809
30.766100 0.660068
34.341150 13.743714
40.089497 28.189858
37.888875 27.005267
46.814995 17.962449
39.378737 24.383540
39.362640 6.592843
35.689837 18.381749
4.190558 8.322802
22.181887 24.799853
45.644549 26.958087
44.805735 8.637130
0.673035 25.182211
7.677650 43.686336
14.220956 5.464907
27.363145 44.987056
6.124975 11.704295
8.730769 46.214472
39.894153 46.619645
23.219739 36.709147
14.582094 12.598476
11.092687 3.944734
19.191319 46.782524
22.326483 23.381877
5.105326 44.508370
48.181731 0.749874
21.466457 42.987466
9.387004 22.139492
18.169677 17.064654
15.825828 32.390633
22.529561 43.188972
27.377689 28.654536
4.893267 36.108458
24.869008 44.787419
32.728102 48.088746
31.496567 47.310196
10.687222 42.589254
1.254931 29.878541
39.371778 23.581414
3.260419 44.477104
18.089784 1.442149
45.226978 39.556241
44.429615 4.613982
11.695733 12.599292
21.678637 27.521561
44.989925 44.208198
20.710533 22.367614
22.862734 25.603800
8.476071 47.731741
20.391219 41.204174
45.820488 1.887786
38.514370 6.507710
44.477040 39.769301
36.386251 33.848818
13.350716 39.646670
28.325921 31.440500
41.088819 23.552899
20.996741 35.518434
28.166882 32.692474
48.117726 49.845518
10.214035 43.107651
44.053716 30.924568
15.475264 16.916450
6.528368 23.951336
14.648191 26.919587
15.155510 10.468679
28.807373 3.669880
16.976389 23.284413
43.439181 3.362640
7.133231 6.789897
43.009310 35.459152
38.230397 34.098129
9.012051 9.227138
19.616563 37.178933
41.919612 17.734289
37.024451 2.133646
10.841940 31.078167
33.058214 26.317204
47.994617 39.586582
0.268540 12.642808
16.506169 15.424049
23.111487 45.313543
19.093930 40.087876
18.597956 12.533111
43.450516 25.731186
19.323008 36.459825
11.190338 7.553405
20.557954 20.202389
16.780542 40.174517
7.381322 8.700154
7.908806 44.405773
10.833800 18.750745
25.483940 43.892015
45.067949 23.478558
33.478597 45.336489
36.121366 49.984767
10.760538 9.232853
45.298309 29.854468
49.320729 13.896265
42.387579 42.771244
39.627451 11.710587
29.231070 0.817789
19.263992 49.789024
21.020178 36.044534
39.963541 28.401500
44.744688 47.872347
22.807273 5.578489
16.623092 48.291214
49.470504 11.691041
21.769771 32.949101
7.027530 7.891137
32.933867 17.788069
17.123990 28.232176
47.642537 16.444718
42.128441 40.030116
9.215963 31.755893
1.740703 38.447032
32.573682 21.004695
38.236056 3.593860
7.049229 28.199597
31.995361 1.793917
26.071944 4.802634
7.372406 42.695036
3.093847 6.842909
4.386078 24.863619
39.792010 11.413608
32.754755 22.725877
29.201677 49.878745
0.958053 26.844214
16.323463 43.086495
16.874330 25.539426
24.842387 18.615033
13.986458 7.416069
39.619728 2.222514
11.009930 46.668957
30.422112 43.005291
48.462874 6.494056
47.807924 5.835280
49.189092 0.901772
12.678189 3.575169
25.765390 2.470199
14.988778 8.520146
25.196076 44.190455
8.398891 26.154129
21.034669 24.722354
19.240624 37.908998
0.261780 44.083011
6.524031 14.248238
1.499080 46.143759
16.470752 12.509010
42.812715 46.892864
5.514301 41.275589
3.386919 3.322225
47.110869 2.576011
4.223997 9.789058
6.151181 29.989387
12.259257 21.139958
38.509533 37.455332
15.330413 46.908423
13.609461 36.365081
21.630777 32.850085
24.274080 21.892557
26.933096 30.798111
36.140795 28.432176
26.941870 2.611547
40.941187 19.754585
49.504411 46.455488
11.030174 2.891330
49.777713 8.141043
5.467341 4.001709
17.930101 11.618522
33.991097 30.189357
32.758480 22.500629
17.644690 48.088893
19.409052 31.254151
34.453974 41.039830
14.104236 8.728054
12.932386 41.037332
39.526165 49.073181
19.469508 16.468035
1.684728 10.410695
36.222620 1.189138
6.866182 47.252794
4.080468 6.643895
5.393837 9.547809
10.645604 23.323938
21.166331 44.636701
3.513295 3.924811
17.137330 21.157985
2.013704 36.546382
2.412136 36.467679
27.586212 16.516371
45.195733 40.518598
7.553703 34.721898
39.591779 27.023211
1.189933 41.276507
37.433905 37.412553
42.465645 44.300087
34.665347 46.546114
0.943982 40.059184
6.093923 11.589586
13.383123 27.260254
6.226287 16.896418
31.185066 23.363617
38.054403 33.198770
9.909999 40.466539
19.666448 37.496211
6.982910 14.862181
28.014809 14.536613
49.584079 17.606588
41.559824 0.774012
8.883095 28.993729
38.186564 1.348741
23.293817 22.851911
47.894854 24.237799
12.911096 3.988778
35.827385 26.294218
31.249032 42.053671
43.190636 12.434098
15.417288 31.245039
45.632867 25.327287
21.711578 15.299316
12.823498 28.694488
30.161497 40.838307
43.231102 29.745576
8.444895 34.790926
30.519588 17.327990
13.784655 18.706152
18.676731 37.078472
41.558063 16.571585
11.316270 4.469159
20.560363 47.143655
30.763377 1.809395
39.197326 23.954013
14.243492 4.614614
5.199052 9.876360
29.941901 26.910630
25.175676 42.765399
5.605118 5.337173
33.603706 48.836220
35.082749 42.048601
33.627145 15.602336
9.376591 47.411800
34.308488 28.053322
34.490272 25.866551
44.624908 45.806542
30.335709 15.185270
42.950197 11.099086
16.994665 32.147523
35.053099 31.238158
36.762137 40.252151
41.114517 16.704038
17.162780 16.290193
9.469437 22.767899
21.627366 43.073143
21.604118 6.710115
35.121744 5.231264
22.312451 44.498336
2.643064 6.620939
22.551658 37.133336
32.487490 17.176566
32.939878 12.823199
32.361836 25.890074
23.922285 49.356501
8.037597 8.975384
30.594659 44.799735
49.227535 21.709176
11.503773 16.390315
37.999370 20.973211
39.158214 9.626736
14.046354 10.762332
16.336850 49.168098
15.993595 38.649301
43.666434 18.636659
45.270240 16.218092
5.769995 27.757730
33.394658 38.709872
40.580929 15.756494
14.599947 14.503214
15.112995 22.637544
23.478598 45.707654
17.437279 22.706133
17.416831 28.941052
39.096448 5.416200
49.914262 28.254662
15.042936 13.960616
39.016994 31.379786
13.128714 5.010589
20.029087 6.795148
23.647248 15.299327
23.013240 29.417243
43.057057 6.407898
18.127115 33.637986
22.164392 32.727062
48.141201 37.277387
5.364606 21.619799
32.985041 22.801885
44.325932 0.401872
1.742937 33.422380
5.818072 1.657200
11.677042 20.861008
15.617816 0.694036
2.240795 28.746530
5.704625 22.269882
35.541679 29.351873
37.569210 8.554919
8.769116 30.626267
14.962817 26.896232
14.264253 37.127208
9.623294 12.405454
24.404595 14.987900
34.025253 7.389636
37.789786 28.351185
7.791508 39.532723
11.773565 13.609581
41.189922 23.450607
34.470589 6.807738
24.144643 36.711384
35.554269 29.849267
8.981266 21.095947
9.201141 46.550475
29.650866 17.970257
27.176742 44.613682
44.866489 41.440995
31.740890 4.489783
3.846449 6.145486
19.477683 37.871702
13.535122 7.267469
16.222886 21.326630
46.800191 27.996451
34.936211 37.990114
1.447058 19.406800
44.797852 25.591701
6.118184 30.352121
5.440968 15.099450
1.448068 14.642109
11.649925 31.098934
32.612366 38.826668
25.712616 27.478854
30.267663 7.453506
31.968637 34.114112
13.598992 1.446320
21.985813 27.134114
8.713789 38.208700
48.460744 5.513980
16.205151 33.396955
43.504094 17.652210
2.803756 38.301946
43.243910 8.921940
18.654066 48.684879
24.021390 20.102134
13.326987 35.671315
1.201067 45.939353
24.497983 26.913683
23.418207 4.765645
34.367190 5.386844
38.879757 47.966181
6.833164 10.865570
25.100295 15.546953
49.074270 23.561040
21.060933 15.279422
6.957995 14.565026
32.931631 9.761751
2.866972 26.175541
18.683691 21.521038
24.860420 42.705080
41.623172 38.187407
28.376395 42.824239
34.126761 2.874378
19.737923 7.544968
7.640023 4.105112
12.931812 46.519780
2.071294 19.764977
7.385351 27.171589
35.311930 6.459621
0.732629 6.372863
21.739043 7.690624
20.937889 4.670674
17.452375 23.804861
30.846215 36.136065
45.325899 5.706635
28.841146 36.949071
43.894043 7.217541
29.773310 28.020803
10.091919 49.511233
35.565771 17.731942
3.616345 48.497584
14.251722 5.687639
18.262560 21.637073
32.859228 3.574490
28.096694 33.591857
9.947353 49.835736
41.282481 30.885242
4.506410 8.734856
4.690102 35.352625
44.870921 0.016001
41.059260 23.712067
36.965072 34.953303
30.929608 16.738382
12.974106 41.021526
16.249614 48.539877
8.753468 19.865959
47.037461 23.005190
25.553598 15.300021
44.642262 8.412826
18.874512 22.738956
42.004682 28.821864
22.574692 33.287163
9.707106 27.081102
42.022018 14.397209
12.433727 36.892939
14.413210 3.492988
10.605006 1.378282
38.446291 41.534614
18.116663 1.420397
32.556140 34.366278
49.960275 41.309608
4.232237 46.997736
14.314797 29.785835
12.297757 8.957060
38.198661 31.172268
31.696016 30.203343
9.994133 4.270708
13.490506 19.701239
31.351810 5.512524
34.098448 43.785538
42.405463 48.511658
47.278525 3.010469
49.889940 35.724816
44.545083 18.006603
37.145214 27.101223
2.372881 37.105488
18.410830 6.605118
34.103224 32.725628
36.390953 46.400981
41.682687 24.589613
27.573249 23.378703
4.792956 37.567382
27.649411 18.283461
7.268621 9.001221
23.795985 41.367069
2.786759 16.201449
39.878727 0.065284
19.211918 39.768667
35.790100 13.757001
7.775270 22.935314
40.858223 10.148150
10.040802 9.269054
16.753268 44.144026
41.994681 3.144221
40.545007 33.677368
27.733834 18.118256
7.056071 32.526790
5.685638 34.705483
0.810251 12.954259
43.706704 24.606237
4.321328 46.493463
40.807685 44.200055
46.558747 10.019604
33.968722 32.348847
23.776605 41.743991
5.284161 14.634828
1.892142 15.324963
23.903882 18.645410
9.468989 15.898563
21.789631 0.013996
49.575931 49.523465
18.132252 6.632002
32.050254 23.817889
41.337485 32.860506
36.772148 35.044189
7.466742 41.093476
31.537652 48.274428
35.293531 28.096398
8.294031 19.262253
10.445246 32.070636
11.006245 15.729407
46.705464 12.898386
31.054371 20.609345
31.543796 40.523360
36.507908 3.333427
40.537356 36.083839
2.856892 8.669607
42.715841 34.907146
32.487496 34.053326
17.767652 19.259645
19.097515 25.234394
10.353121 0.635166
23.508821 45.646652
28.731565 31.802852
14.908905 39.176810
13.873488 25.915149
4.906217 10.578952
38.813536 35.960588
31.188297 20.357332
26.483948 17.696205
23.690759 17.021304
3.780043 26.547651
25.690911 46.495884
11.454797 8.178407
30.549210 29.222449
27.438052 49.646725
4.456842 37.791173
0.281892 27.965664
33.437824 29.013456
9.768516 48.346729
18.190267 23.642004
24.261879 23.096484
34.220956 13.075415
9.057072 15.409252
33.432747 35.541020
33.105457 7.123506
2.562324 36.885500
33.671157 28.253235
33.381385 45.125954
36.431642 13.930595
24.348403 13.869694
13.577320 28.805245
1.660866 13.859212
6.770909 35.098691
42.872668 16.539425
33.445420 11.062935
40.181429 7.707299
34.159419 24.402384
20.782714 43.216491
39.811636 4.215461
28.757511 22.917093
11.338967 31.319835
9.802594 45.010124
9.573069 43.183978
40.136079 46.004711
7.114573 14.484482
9.874405 20.691893
43.289727 11.535271
34.551105 0.060636
46.633962 27.423773
16.600060 30.079382
38.486708 6.781489
37.786682 22.646127
31.183873 8.569395
15.862619 20.995509
12.784856 44.620130
43.912603 24.123823
25.939965 3.715196
19.133948 35.513034
46.899174 9.270026
31.517745 4.013747
23.754508 41.392150
24.705641 17.044235
2.927422 9.256746
17.104870 49.561384
36.680519 33.704931
29.640767 25.167228
40.486419 17.427448
47.813355 21.670292
25.996843 13.675974
42.665801 38.781699
8.296103 36.578404
12.905523 34.236068
40.293600 32.039470
19.749102 37.192774
41.309497 1.266847
41.206522 15.064005
42.658998 15.912162
32.108240 45.586420
25.168908 49.213110
45.147804 11.849428
32.918041 24.788570
37.016655 23.404460
42.216018 34.830010
45.074752 18.212862
48.505984 37.740553
6.994561 6.802087
24.318957 19.900084
41.038155 14.612556
1.939554 10.787257
1.805331 43.249051
12.054105 43.011852
8.313055 4.713102
8.924014 40.421295
0.299522 34.092923
39.634405 45.447326
45.942350 22.552446
20.235896 32.959005
45.956905 12.451915
17.789015 41.031657
30.664777 16.294999
28.772210 37.659338
23.097086 3.091167
7.559422 14.135241
17.703723 9.498976
24.922498 19.509054
2.748026 36.976603
12.520906 11.061082
41.689705 21.444920
1.482377 41.989227
5.537843 41.116782
37.436553 1.480193
13.669227 7.672450
34.439198 9.626132
20.124365 2.228213
0.657790 0.789141
18.523213 29.430000
38.448479 41.620299
32.521166 46.007901
5.755540 0.224890
5.506877 30.678038
19.733943 8.254903
17.654641 32.254849
19.315985 9.344346
3.699769 20.798361
1.333574 9.237611
11.915143 38.770127
10.717804 25.584370
46.442577 45.157002
35.210502 16.566941
47.385216 35.868292
17.356083 15.908428
15.298292 5.804562
7.528727 47.819458
1.812463 13.284266
48.044348 7.319339
43.962304 17.778291
15.574242 11.616945
0.033140 34.890227
20.961291 3.732908
5.688588 22.294865
12.970520 17.603731
11.064992 23.688324
43.188101 7.507569
18.845326 28.398603
24.074510 16.230541
14.266895 41.430593
32.138969 29.565187
47.235155 39.667696
27.384645 49.047618
2.951962 25.428993
6.366957 46.914267
43.207284 21.941199
8.531212 43.240423
6.831425 29.492503
46.973331 12.520013
1.787369 9.943851
30.123744 12.852361
33.632175 23.311845
20.359930 2.477500
1.710448 44.434440
18.708042 15.977343
35.865033 0.847011
45.542530 33.100188
40.514707 22.927176
32.147806 43.466670
48.356168 38.514763
40.380936 41.563452
10.455961 48.912148
34.803875 17.287386
28.404652 31.777206
29.807400 30.192020
41.721057 9.931144
43.044381 25.353232
33.242988 13.404311
27.830732 34.953437
7.838751 46.538774
0.930780 43.703785
47.385785 46.473310
26.803973 37.900492
19.400486 8.951779
31.367162 17.756654
47.466542 21.748098
9.320106 7.922503
20.660247 44.123981
25.209889 49.064899
25.901187 5.017289
29.256919 17.622244
14.948432 22.301300
42.975476 48.191421
35.705611 20.806209
33.144857 43.544362
17.344983 34.075637
37.248146 14.730768
30.548947 14.052119
2.631260 49.949433
23.003898 33.998422
17.706087 20.470440
5.746520 27.026193
28.392943 26.406767
21.150174 3.602832
25.471665 47.051361
8.620120 4.728584
14.673606 23.568552
27.029884 7.649082
21.759973 12.735495
28.455290 4.904830
6.279857 45.800273
38.980467 43.528003
10.531041 19.529414
7.580123 13.162301
19.478848 30.584021
47.160723 37.184935
1.054461 2.907243
14.211129 29.447403
29.314010 35.361303
33.050235 4.785675
32.412664 41.670355
9.514260 47.086270
15.238908 36.544144
4.735352 36.998880
49.279639 33.190642
41.903710 5.559496
28.990915 30.884177
49.087499 39.521956
0.413592 6.667622
2.684257 19.892440
37.251643 49.844980
7.077375 38.306104
2.752223 21.288503
17.753508 32.066233
6.649806 0.803743
36.851909 39.062471
42.474098 46.366169
36.148741 7.713005
32.910313 40.884093
44.711886 32.189952
24.074735 36.615596
37.749448 3.065650
17.499774 36.836947
42.587607 17.913365
43.504569 45.271864
37.805805 30.756212
45.116844 44.883180
19.062316 47.869067
16.171683 36.815824
29.935301 22.821489
37.619566 16.787210
11.883960 30.093664
13.153378 48.032701
37.806669 46.063691
38.916793 32.518555
28.253642 12.991528
19.134151 16.003090
16.057178 36.633924
2.840037 8.644785
4.547290 46.344606
3.916648 42.353095
27.100818 49.033493
37.236274 46.163134
46.902560 3.407957
32.978958 26.837861
26.229446 20.598524
43.625070 38.113406
0.692188 6.778449
36.146107 38.498857
2.842140 25.062900
21.017412 31.095782
38.054428 40.151563
47.098872 4.111606
26.785487 49.938908
12.756390 31.332777
46.283514 16.673039
23.685872 23.384332
15.706531 10.922146
19.547466 12.609091
14.330103 2.526424
39.446952 40.559549
23.124948 33.072022
28.672956 23.817136
39.850471 14.819063
12.315993 42.692611
39.881962 33.333405
23.788393 27.936390
23.484968 20.887264
32.047996 0.270455
20.826173 44.804386
31.603233 17.109687
11.477425 5.289104
40.494019 27.183957
16.211250 10.041484
39.793048 30.541353
12.567908 29.240000
21.100903 35.692856
12.312022 49.773859
9.509991 2.162494
14.592921 21.825984
44.855104 4.474883
5.159389 18.643497
32.411273 28.644357
39.530761 14.459269
28.914812 10.356934
9.263655 10.518045
27.466621 20.741080
15.807149 17.960639
47.925037 32.018399
28.002124 37.718085
12.559753 40.570032
16.958085 33.660656
26.262887 29.270107
33.434514 35.772878
31.432601 48.027435
7.598862 26.287705
2.502319 12.758251
44.931202 34.913592
41.402608 34.461963
49.372861 20.317421
44.818897 8.636516
30.835465 22.285518
29.377597 46.642615
40.246157 27.302634
28.661014 18.248281
15.020718 41.220767
8.818313 31.978803
24.881422 35.081200
11.248910 8.315936
20.854079 42.681511
6.343372 28.452941
18.969216 8.845690
41.211193 13.900418
43.759282 32.613801
48.362381 43.132143
2.931222 43.181278
1.768660 33.766687
15.466796 31.146256
30.409302 5.712953
8.448890 9.070316
23.961235 23.469608
0.291082 32.779548
5.448411 25.172505
17.860748 16.697322
33.488441 38.714827
9.378833 39.831813
17.167768 28.348048
48.677503 8.378960
42.248466 42.436786
40.992761 40.610847
35.568929 43.923983
33.792125 37.337589
27.690670 49.258921
18.483845 8.099972
4.971875 26.932735
17.170287 28.933109
0.402344 17.461370
11.712657 5.850755
42.633874 29.573405
22.548077 26.122315
18.288232 31.926909
15.954128 35.455999
10.274958 14.631631
43.834959 2.523424
7.068417 34.827721
43.134271 42.637346
28.751703 26.926396
29.974935 6.442373
26.185317 48.458780
14.542345 31.157192
25.391516 31.712632
10.090301 25.793859
49.174002 21.802958
31.644614 41.807876
1.376363 4.192691
17.930192 19.664595
36.119600 33.884320
5.120594 46.394558
48.515951 48.955553
48.917982 5.584368
33.783274 42.052253
48.221714 12.534977
18.978649 28.196649
18.977350 45.163966
26.655429 33.519696
26.321158 2.046945
15.232328 36.411459
27.840804 14.406330
8.214417 9.485419
6.214207 9.590781
13.678110 24.144398
29.255375 49.797710
8.028718 34.375969
46.192268 6.544670
33.331523 45.110249
12.129038 17.114797
37.162502 10.350752
29.649774 6.141151
38.547402 48.627124
1.305117 15.202831
32.146820 27.626275
17.249776 47.379148
14.037734 45.090580
11.785478 22.252151
4.575999 17.999685
31.842932 18.254108
42.144083 11.098307
18.051818 0.172802
45.474277 14.244086
6.717471 28.805800
9.354335 18.846509
45.920596 46.516837
29.197262 25.570370
2.657988 17.744664
24.197494 3.963105
32.947495 6.344314
31.589379 0.197270
3.723462 45.627113
45.287851 15.508940
17.879264 49.863849
33.508624 49.722196
18.117958 25.652707
10.820503 36.169776
25.825509 6.294780
0.413861 32.542980
35.100579 9.768196
1.389490 31.021175
6.285034 30.586752
6.591545 8.943021
48.331415 30.789039
12.906126 31.278910
37.133353 44.495505
31.476180 40.856815
40.122618 26.764031
6.365755 8.001882
26.627880 39.874379
7.724078 44.745837
15.527086 18.544581
30.915613 41.352595
24.839361 31.329474
23.895575 9.939940
41.097671 25.285065
40.961115 47.382704
5.871817 47.552661
6.325726 4.203232
28.341700 19.231852
35.482141 15.475053
13.727357 16.958321
6.331868 3.849975
43.722352 12.697623
11.851857 20.350232
2.572002 19.575935
15.096069 18.099088
38.120516 46.011682
9.451684 12.959877
27.341156 33.347259
22.899817 18.438827
8.632324 13.860932
15.821531 14.504140
11.413593 22.147257
18.707372 39.755293
41.379109 4.189513
5.230346 5.106466
21.147834 11.562215
8.956441 14.870186
24.259838 20.808298
35.220418 26.831840
40.384233 0.316486
44.930928 28.504749
46.328168 4.382612
41.464626 23.669324
37.729871 14.364442
42.108151 46.362195
28.225374 7.929682
10.866335 39.638967
30.076939 29.573707
29.394260 21.456047
33.763220 34.624606
26.562513 4.911055
46.186820 35.518954
19.781241 20.446658
6.327252 5.001658
47.278498 46.711485
5.318145 42.209426
25.216234 1.646313
46.592038 16.680860
25.315637 34.321909
31.045302 17.423788
30.684104 9.270676
25.353470 41.550439
48.909643 5.430408
21.124146 28.303903
26.886456 4.887366
12.928509 3.448969
9.798421 9.115329
38.967923 29.579662
29.561987 45.295175
34.581320 26.840485
42.006660 39.899464
19.049911 17.222895
41.545777 15.641950
33.903754 16.861414
49.963858 14.949056
34.285202 30.647962
24.219733 9.638671
22.198401 23.129376
15.069080 43.322546
1.433279 41.955535
48.209913 14.361787
45.404504 8.008333
23.477116 34.372427
37.587995 3.039103
29.667602 22.169315
29.879589 21.674263
12.068779 48.929500
38.897157 3.614556
14.571450 22.800912
20.475970 14.535308
37.749968 4.761172
45.183270 11.969701
14.399843 17.381671
35.099077 29.468923
10.704217 36.532356
21.424458 8.914130
0.894143 16.828963
16.922463 24.371259
1.201390 4.510458
27.410363 30.868992
26.679773 7.289951
2.543255 38.748552
6.219451 41.440412
42.363108 20.790901
14.241324 12.839078
35.326209 1.991292
17.600250 30.509479
13.960993 32.000094
47.891150 49.060070
11.469017 8.595367
35.592426 32.893475
17.509497 36.486568
49.722437 34.431960
10.857828 0.923827
38.942419 38.268190
31.792819 15.622191
45.558141 34.336074
4.370743 1.777592
25.776486 46.733851
22.568493 40.017810
9.572930 7.894702
42.009102 27.173180
38.404182 5.970095
9.173274 36.295332
5.030165 20.642290
44.890699 40.622591
3.535765 12.400196
27.109160 3.258202
46.832156 37.966987
4.182029 35.774575
26.235177 35.974848
1.396766 21.793318
20.310922 5.767510
23.570911 46.087408
2.501361 46.139404
36.105218 12.074291
4.034107 28.114320
39.247471 42.438288
34.084416 48.420744
28.733620 39.114581
19.063034 23.624318
29.737172 22.598799
36.024514 6.846332
25.857001 32.856671
44.813319 30.039030
18.631246 21.048496
16.013879 20.028012
42.841814 36.324801
25.795522 16.412725
32.412209 28.296883
12.552129 18.517427
40.371174 16.586236
46.631747 29.618645
9.024524 30.716163
28.039389 37.758144
19.830744 47.102424
11.382462 49.567916
19.701223 47.406977
6.414247 45.558224
30.263648 1.227566
25.597255 48.894893
22.276062 41.611133
18.922906 15.117876
27.935934 44.718428
31.530602 10.348142
23.015311 44.082731
28.865569 13.386485
10.668967 25.497316
43.005130 19.693491
6.213479 21.044519
7.451635 26.044222
18.146943 18.834097
25.612138 37.848166
16.241074 32.026386
33.406390 46.504721
33.253952 9.003645
45.399615 5.530014
0.614778 14.322520
20.647890 28.550712
9.040948 2.178492
38.898854 32.056258
46.261223 17.764423
45.442743 6.930190
43.261739 38.447873
26.623681 49.475218
9.492392 34.075316
25.519440 27.639336
2.909413 1.131578
15.487502 19.150487
33.157964 48.893892
15.655208 16.411915
7.897537 11.054823
21.941929 8.512315
25.377343 42.589819
37.063026 34.418291
44.768311 25.961880
16.474549 41.029534
43.726303 11.917292
47.959724 36.988043
0.365166 24.583404
36.463261 9.857558
8.658720 11.982701
37.496894 11.568132
13.114279 2.984395
30.718619 46.272243
1.878287 46.373827
12.684159 9.775823
7.428650 34.626088
18.288138 32.805992
27.215907 5.351164
17.224283 21.984219
31.313044 33.698832
13.013752 25.039348
45.616124 10.973476
12.027391 45.981290
35.556880 48.490651
5.838848 44.215600
10.473352 43.335741
5.783733 23.587632
46.320136 36.502352
19.859875 48.198423
32.876179 32.544033
7.974247 40.304828
17.170121 26.262385
23.110821 44.386028
31.613549 40.335104
16.370247 12.926593
24.033936 29.383999
37.965941 19.650060
40.357476 49.993332
15.631350 25.914356
48.483983 21.470198
20.129956 8.957336
14.805939 25.913689
32.544967 11.126076
12.416041 2.404842
9.324499 45.292219
34.948875 17.298746
35.597048 2.118997
43.561131 8.707868
46.505025 25.174680
49.042972 12.875272
38.101273 23.076908
42.259272 26.067214
42.726968 32.616747
26.060546 8.358318
8.531103 24.544529
29.828516 28.661059
33.501865 44.634456
4.574748 16.046832
5.760532 16.990789
18.451674 15.085031
12.283008 3.400549
32.383777 47.880056
5.519546 25.944908
6.587924 2.024571
1.119587 5.630896
14.899843 39.220860
28.707804 7.159115
15.288074 21.434772
39.775862 41.348620
29.793091 48.306965
15.893149 9.621607
26.968024 49.395013
4.256062 31.542772
15.441845 10.016594
48.533561 33.893519
25.101625 10.816569
37.294068 7.485402
8.696625 42.813614
33.430310 15.284550
44.838185 34.549897
20.915446 9.738028
23.770757 49.623250
16.897143 39.058831
21.058022 6.673005
30.407451 0.851113
4.979970 46.300599
10.472720 31.947994
45.695613 14.728782
13.490766 11.137458
24.745376 12.024328
45.030977 49.847001
22.840897 32.325045
7.332403 31.537522
25.138660 40.762713
46.822072 19.976845
25.312610 17.737518
29.714874 49.083367
17.360768 46.612017
38.142197 38.418790
3.285022 18.549648
39.269903 8.264992
14.850248 49.742623
40.212986 10.545860
14.471405 3.703752
21.683318 39.216781
15.728080 16.714295
39.063782 38.568977
49.039341 46.396186
20.106499 24.178000
37.158899 16.928571
44.154845 12.471508
34.666089 23.869719
11.554875 2.026856
20.481736 49.697072
40.445647 23.766757
18.246721 29.715550
32.031749 33.096968
29.458173 22.244734
43.642829 43.929577
25.948486 15.326147
33.146359 41.676566
32.040442 22.210141
30.245543 31.079783
18.606327 0.352042
5.257783 5.765225
17.280613 49.412629
18.236734 1.946701
23.282347 29.791609
3.973558 43.764083
29.488681 44.419204
17.530840 47.735402
24.134754 49.562589
30.832370 3.592927
21.807324 24.475198
47.522504 47.755810
39.801345 30.668863
39.432376 21.841787
2.879003 19.677919
2.921570 21.485330
20.029961 8.179353
27.250555 37.310573
7.591982 45.487289
39.257274 30.874329
25.278898 43.230832
24.638412 4.767579
37.650036 42.169253
2.502981 11.784790
41.731842 33.335350
15.377717 13.539165
7.810549 12.900221
11.294976 47.611894
43.569084 0.727352
19.453681 46.448087
20.405271 22.375251
17.933417 40.435231
30.554604 45.183972
27.745804 38.146586
40.671262 17.003079
19.020915 15.950159
10.233911 43.659327
20.717738 47.883947
35.828580 23.220719
9.668737 27.560422
6.556069 25.046454
41.099587 14.366618
37.946675 2.394563
11.978512 31.515759
3.121915 31.432194
27.963846 23.527185
3.807445 45.897263
13.962417 34.362049
41.081235 41.708221
22.508635 31.752497
8.711300 41.529551
47.702656 18.945210
35.188878 18.420394
16.829157 21.017458
41.641113 26.497894
48.577879 48.197182
1.544349 39.677467
12.563800 39.491024
42.072029 24.542312
21.006783 45.193944
5.974506 48.970629
18.721129 9.781951
44.867891 32.683546
44.144000 35.949127
24.391767 16.652635
17.701623 33.103066
8.182186 15.404279
2.048277 43.371064
33.824674 18.877434
14.388522 25.465786
45.375328 12.966401
23.662969 46.919677
2.643868 36.226769
36.410701 44.715897
10.769081 7.417484
39.909841 16.743587
6.388112 8.630971
26.525537 1.256004
41.314516 20.669537
37.205130 15.706283
37.322173 4.906754
48.809350 45.504359
20.311033 0.857627
38.875422 4.135707
19.735061 3.263944
29.601493 15.110389
16.230345 3.264462
12.030066 18.874213
39.491230 48.440767
13.590110 0.260311
5.858251 3.499951
17.003898 12.246364
12.130921 43.529435
13.502368 3.445438
14.198973 0.707498
19.151721 1.521145
5.614252 17.961071
47.025504 25.925285
18.818697 35.900926
30.060992 38.553758
39.164870 9.662485
3.664147 5.395215
12.926947 15.694213
24.269428 2.418178
14.134981 37.859537
2.678489 19.993232
41.359488 19.682387
32.239596 3.490410
13.211822 45.741964
6.935847 27.410795
46.449462 26.087569
28.931941 2.063713
44.048639 25.957444
27.988999 12.867337
11.858371 8.049991
1.421095 1.023241
17.712476 5.085242
6.418456 30.639423
20.779455 30.687884
33.057601 34.914436
18.547421 35.736090
4.907667 9.906909
5.418477 37.147263
13.397319 18.630300
32.889227 20.333166
46.041095 29.338688
46.420735 24.973035
31.402402 40.469374
0.930480 9.391400
3.336711 12.788851
17.441391 4.757806
13.812092 35.153867
9.843048 20.230548
15.793291 30.622503
0.918431 48.850892
15.536938 19.465853
34.586982 20.444606
29.372762 40.005460
7.591869 42.770081
8.635759 40.481096
13.103247 4.676854
19.819784 9.523982
29.649890 1.222186
49.993356 30.580369
10.613586 3.330067
43.369220 28.054977
8.087873 7.181311
13.208845 17.930921
27.411859 29.002135
48.553423 28.330290
27.853027 14.090362
47.796143 12.440010
34.534967 27.168905
2.445469 42.126836
19.938986 11.081229
32.607932 33.042233
15.758083 2.427716
42.566214 45.407973
3.649901 42.559570
25.988342 14.263487
45.889637 19.357562
42.318465 3.977510
26.538873 5.527309
21.908431 3.950732
34.529444 20.461854
32.281023 12.382472
34.552216 30.077166
24.822482 19.087183
7.246071 27.267951
11.214020 27.185056
38.349180 43.821952
10.227289 4.107263
46.249667 2.793503
49.515235 49.899569
45.353073 25.503577
14.163056 41.242711
44.861139 6.481521
45.220221 21.400012
12.008830 17.128651
25.350744 46.538274
37.590506 7.631767
8.920746 22.142722
37.708932 33.743228
41.229905 44.955003
11.011179 2.443925
22.140059 49.360359
46.265877 32.367348
3.467622 42.515544
35.160851 2.982857
42.415113 30.513924
28.486435 6.578169
21.756635 23.347574
13.059689 16.976855
44.747586 25.068519
34.105507 20.098330
21.606793 21.696013
27.730096 30.527539
43.838734 15.439029
14.270767 35.068640
10.394031 25.281946
37.512564 32.534090
24.642305 33.778441
14.901438 28.109927
26.293985 0.062289
31.092784 18.709098
30.576213 9.579219
25.287266 2.332848
32.926792 38.346956
19.309703 27.674378
13.415475 3.415210
47.772707 35.022268
25.111223 25.502804
15.549807 18.949957
40.941832 29.820574
4.018596 1.335864
5.102520 41.531161
33.869954 29.744825
25.309602 48.771393
7.854751 1.603587
48.833682 38.947535
20.312685 29.409895
48.526754 45.599951
31.742743 31.453546
33.946907 1.052446
9.127924 47.362381
4.467656 6.900631
32.384649 29.578879
32.403435 47.934456
48.528836 23.345268
27.755029 2.547432
24.681131 32.857549
44.078593 8.551086
12.602373 19.388195
7.322478 20.457125
20.991782 6.156160
9.404660 41.304467
35.566055 7.931414
36.904418 17.308798
39.384960 20.851325
18.361244 48.512884
18.213706 22.828900
5.413515 0.598355
2.407778 37.816950
48.532811 0.936614
11.162218 26.287840
3.484047 35.843349
9.145389 47.562640
44.394435 21.747762
16.950835 1.716913
42.204887 37.942618
7.873073 1.609547
29.247085 43.439128
9.540961 16.151503
10.747926 48.925921
37.002828 29.109169
47.438804 5.216534
1.938069 2.852320
5.814889 4.345847
40.669270 4.347700
5.282462 1.831488
30.635540 8.766508
37.674837 39.780929
6.329148 32.069272
11.528691 23.279983
33.786186 3.733578
11.222601 41.659259
5.343124 40.469685
35.098387 14.884085
6.621188 45.846313
13.810005 43.624016
24.955482 11.248810
48.840550 26.893551
14.101130 4.655440
31.239398 4.770400
9.003140 36.521860
6.601888 39.638679
45.288368 44.276725
29.419608 1.617516
26.345997 40.948299
24.897500 10.132183
44.681877 36.120100
1.791442 0.025001
26.589786 36.889829
14.909086 33.210974
32.736142 28.719091
26.834990 7.691624
39.967901 25.675541
34.585175 4.069030
30.330980 15.824573
8.839430 39.334120
2.346433 15.441318
28.972799 47.634802
9.718042 8.392407
49.252318 36.064039
49.340706 24.149818
46.196222 44.022583
10.269918 47.987664
44.047583 36.859704
34.877493 8.956669
20.070678 17.613635
37.675760 46.905668
25.305259 27.643661
22.581208 9.890434
31.712692 2.912189
25.715007 40.552122
42.246308 28.061441
5.993439 21.219108
25.696243 15.711481
29.611515 24.948561
1.775521 28.952221
49.098379 47.971743
22.974803 9.368297
45.959407 17.022387
46.228001 30.836900
25.979056 16.298679
48.450535 13.654816
13.204347 23.755793
41.298477 35.785555
33.646227 23.011169
38.697744 9.361234
13.563291 30.944052
37.422675 19.556730
2.163160 13.118918
35.268211 31.774675
38.067479 37.043732
10.726896 37.165857
35.015475 33.701699
46.534154 30.974881
0.724086 42.762155
11.811781 26.703142
9.060834 10.262316
40.357958 22.265180
34.018109 31.656436
8.050736 17.664336
4.667605 46.748479
27.025571 18.230896
27.692532 14.448246
37.787625 29.855691
27.567163 23.055837
11.630366 15.634642
10.099569 22.357262
2.800499 45.115043
6.058961 49.334653
26.089925 6.783047
42.096809 37.901706
33.486189 1.157642
48.164021 23.844147
23.422823 32.182130
5.500583 31.473558
49.846466 10.168188
28.222038 26.872037
28.399084 5.914569
41.320282 16.186709
35.770261 18.887446
39.242546 47.400627
34.522088 49.342114
19.757889 37.322587
44.457158 25.816849
36.657240 20.547082
32.599896 28.754049
8.448788 16.086085
29.911691 6.612809
39.930232 3.334514
38.794939 45.430815
34.808072 38.641405
5.599003 13.030110
15.513442 33.998087
18.944679 6.833724
0.184796 4.714940
25.721170 39.427342
2.115567 10.243257
38.769456 21.873456
47.565844 33.226613
47.690305 34.223084
3.773696 30.290201
12.977133 12.222483
46.376286 42.888824
18.835292 36.306518
46.223338 7.630231
31.737333 31.031410
46.271637 37.336336
44.061520 11.785078
21.334423 13.006199
18.618802 21.519219
17.721139 44.339972
10.946560 19.836706
4.583229 49.716016
41.710162 2.149073
32.942630 39.400467
36.372158 36.716325
19.690668 49.349291
48.938809 16.066954
42.238115 17.774101
2.373472 38.461453
25.404333 34.110805
19.492863 21.675969
21.447142 13.554383
33.461048 42.781565
26.560583 2.079850
14.300784 44.281722
46.419822 25.247345
14.118428 1.003051
24.963361 5.828590
3.152125 7.905990
45.229057 39.524282
44.622316 14.919725
38.873573 43.561124
30.986679 31.111688
11.335225 33.360151
19.573141 36.739558
17.470956 39.066005
8.415527 38.918098
2.620388 41.876575
31.699663 29.180971
43.956424 46.000447
23.462693 40.376247
21.247792 37.581121
41.379298 46.211152
43.409711 44.531423
4.117143 38.638768
34.055705 48.739458
3.558493 22.929278
42.300583 34.545172
4.040966 3.635808
17.905322 23.614108
40.375365 35.376278
12.680112 48.790892
24.294376 15.300501
40.667467 5.994039
44.481472 34.623891
1.994486 17.944165
25.000138 23.242278
5.525286 16.379436
19.453430 48.934997
10.910858 23.570573
37.573765 44.966563
22.310032 41.132258
17.895841 14.610614
25.677430 21.936807
18.246422 43.582752
45.550915 8.621787
28.959031 8.231027
7.412679 3.253407
23.531528 48.080146
9.247446 18.013000
32.704038 11.241933
35.957164 7.704175
34.484211 41.482450
24.083611 3.937641
40.417448 34.994469
27.508214 27.991213
29.961032 49.818246
19.123472 47.856873
14.428860 44.800901
19.793680 32.675282
38.383654 15.344595
41.297069 17.342684
23.575622 48.709748
20.596091 47.107151
46.789895 29.843537
15.120150 29.493932
41.085470 1.077315
37.198108 25.569681
42.559765 11.281719
29.507322 32.977213
46.276188 7.015536
10.968426 26.237220
6.833782 30.091898
24.094093 21.262642
24.892799 43.887773
3.937924 13.276453
9.232368 45.234993
30.619137 32.807990
43.944742 1.215228
29.915141 40.734636
31.058765 45.035291
20.228569 22.144235
46.112606 7.426676
47.713916 38.672371
18.708395 27.221238
21.649584 14.984583
34.236775 32.618010
41.221803 41.070557
12.709908 15.315895
12.333199 37.602707
9.203668 16.271124
0.879160 18.436036
11.506117 31.498297
1.244027 5.450858
32.713524 31.159168
46.185495 13.772290
26.194459 16.414063
35.916525 22.307065
23.840740 33.630441
10.979436 42.549135
10.851679 32.629020
7.533718 45.088453
15.247030 48.755520
36.159010 27.956938
14.071416 48.492210
15.559645 23.275084
14.763333 16.438805
41.711120 26.269450
47.937101 42.955147
31.720309 30.650626
24.114315 27.905803
44.422915 0.308773
44.319867 30.339440
22.615838 18.160606
13.969881 33.595274
10.709741 24.821559
16.224294 18.243459
19.910013 31.471324
16.998979 6.069023
9.428262 31.070395
4.561232 24.987907
4.345479 19.324566
41.426712 46.056600
45.594016 39.363814
39.011747 27.314325
20.014439 13.126061
5.220128 14.437354
13.434835 49.539995
44.776794 36.050672
17.700601 8.746675
19.645946 28.410342
33.568234 35.870240
46.653801 3.478247
17.341564 13.652781
9.547269 26.769827
44.723176 14.108502
1.757734 49.068655
33.433068 43.184446
45.125255 29.027084
32.548260 34.137002
6.341408 2.562699
47.263063 11.561536
17.000054 10.697898
11.101531 11.776848
46.748570 28.802132
20.523523 16.394516
7.212474 4.091757
2.264757 3.866276
7.570004 19.606321
17.519056 17.117273
46.376147 12.242232
31.225775 48.133881
11.310887 14.658843
41.318328 6.436142
43.685926 23.866587
40.573144 0.027335
26.429287 37.836207
11.588871 43.429340
48.534105 22.690401
5.206188 45.282675
1.492533 25.729711
11.677191 8.705008
29.821468 13.941948
12.571283 37.391471
33.548269 30.090340
4.508745 29.924416
42.332572 35.734520
28.058297 3.643459
0.393362 19.376625
10.079601 44.079289
43.243212 0.652745
44.106623 19.672499
38.488952 5.695494
13.101839 37.023057
28.385895 18.308027
32.305732 29.878429
44.037738 43.982923
38.583436 23.859205
7.924871 1.154720
11.250677 41.473139
31.245059 15.759421
21.397555 23.577631
1.493941 49.455853
27.221090 1.887303
18.832478 37.300691
45.966591 12.075690
37.953437 40.073214
31.748189 26.442389
45.768708 44.850028
13.465446 24.154603
13.158055 45.771178
4.033032 7.195793
39.754101 42.616468
31.054998 47.678972
43.771188 42.305675
39.152112 25.016247
8.065096 10.549667
48.593878 9.559036
10.005520 25.814968
11.446339 28.837998
13.115659 7.412930
40.913688 1.069095
47.486145 22.661877
27.511485 43.254853
17.511905 40.976931
17.409456 30.669961
36.748109 21.442488
37.865753 26.502210
14.058956 18.920751
24.181182 7.830144
11.226426 13.333294
32.846391 19.291521
23.882961 31.440269
28.850558 33.888481
7.255237 40.296897
12.726478 20.370895
47.709827 3.640166
21.439991 45.195972
26.302044 48.951475
38.450825 43.813949
39.928406 5.860281
24.483910 26.676515
27.302769 12.349663
3.178725 41.361725
31.270414 27.359907
49.191869 42.496840
40.693201 32.038260
11.788361 14.576162
13.478529 40.638919
48.464643 20.733765
30.935815 11.191121
41.104661 28.645642
14.831287 12.544652
23.841614 41.133331
11.496127 12.292439
34.947280 1.424533
18.152720 9.431190
28.101048 45.455488
21.780853 31.279773
36.817213 3.051267
8.639680 36.009082
45.548107 49.332881
18.047342 7.336468
13.909043 31.525871
47.975387 12.373686
2.259637 28.911202
23.564807 43.364297
7.556845 38.396094
5.908949 31.398459
29.529425 17.405076
43.690897 14.476705
18.829610 11.843617
23.907895 46.930658
7.299105 45.688747
28.210431 44.116319
48.740014 36.850111
30.125401 44.288120
36.182993 48.172743
1.624588 0.092036
29.698615 49.599975
12.465722 31.958251
28.511177 36.030529
25.322549 36.068022
24.426623 31.231498
17.466480 3.956048
48.636574 11.157378
18.432753 17.466184
23.000995 42.340647
14.396842 30.300100
38.029394 42.607273
24.416419 36.769408
29.457384 4.541820
31.057529 15.640377
2.714563 32.682117
15.732413 32.413178
32.282092 28.198135
14.371429 10.793269
14.228664 39.693978
46.861291 38.655287
20.925475 14.327771
42.611335 19.562049
25.485149 11.044087
37.028233 48.486144
3.384735 1.425075
28.786244 41.414129
44.032348 3.202663
28.183538 23.489732
7.744482 9.241066
39.130109 10.459045
41.923183 4.862522
42.872223 24.205275
33.060657 7.243652
34.998544 47.289321
46.937630 31.859834
35.944608 17.863105
46.187605 28.555942
37.425154 21.672754
39.600030 24.453388
20.158898 42.984765
25.878462 48.945142
34.398894 19.910810
2.147804 12.582432
43.400542 9.892287
21.823498 32.530651
20.351332 13.746681
37.393173 13.223555
37.951955 20.453830
20.467207 22.950499
17.743151 17.404837
4.810333 3.687759
35.267941 0.997938
32.243702 22.693096
22.670692 21.843732
47.146483 42.829590
14.828497 23.024946
41.774732 49.227391
42.935756 43.922536
11.809822 36.336298
3.814823 33.633320
18.866949 24.166155
47.380001 6.260122
37.389710 35.331956
26.713952 7.856917
8.282455 44.457104
25.261753 13.092788
48.144863 10.529695
14.090726 30.388565
33.222790 36.761419
2.232296 30.369274
29.591009 17.060793
3.394219 21.365741
16.288184 46.329975
15.288277 28.098006
32.666273 19.103099
11.731326 1.533221
43.269254 9.111327
7.793343 30.658964
44.443283 34.507295
38.515880 2.725738
28.964399 13.777634
15.818526 27.109262
24.307328 29.909252
7.497826 7.530119
16.670671 9.730123
37.899393 46.261680
26.790915 41.293612
17.627421 43.079099
37.623587 32.915698
21.177105 20.289860
2.018797 32.908431
21.823081 45.288051
42.019758 29.616424
25.947015 36.463041
14.123720 14.462895
39.188779 43.088118
28.240529 5.007305
20.197380 2.547857
34.916558 27.695206
10.077976 1.587229
37.425329 47.977369
47.848909 14.216244
39.270981 15.476330
7.295343 26.894568
48.392027 28.472448
47.184427 0.410824
11.380879 19.007509
45.698875 3.400638
48.623933 21.645890
39.863679 12.747652
36.108785 29.052458
5.835771 14.349314
34.059763 26.033150
16.897171 18.976321
3.728356 26.975147
20.563550 41.153685
24.952516 18.412459
5.369929 14.223497
33.888789 12.665272
41.118064 32.280816
41.137720 38.302491
32.691640 2.518600
7.310000 28.390516
5.919237 5.933933
0.036406 45.782916
18.681585 36.145191
24.835374 24.517356
0.494505 8.895137
0.550506 17.391676
27.871458 4.278863
44.366823 48.435008
45.432547 19.319339
16.847467 0.802476
33.542836 0.736256
13.467748 24.660900
33.017072 4.605469
12.963391 15.708712
7.124068 20.273391
44.099228 13.043305
26.207324 44.135634
8.826221 44.888909
30.280824 33.661595
19.406265 30.775329
42.556732 19.956771
48.167005 20.428190
24.235634 42.533828
18.863197 19.668181
11.853167 35.710664
20.470658 45.396003
36.446919 33.938406
20.056903 19.463991
38.543875 33.020294
35.172703 45.667943
3.293686 29.271931
8.711248 29.501010
23.407565 17.537469
24.389919 3.688389
1.199064 43.796185
34.463718 43.755796
13.752956 32.630722
14.183985 37.988590
25.164550 33.047183
7.656771 37.017717
18.757847 28.127429
32.413719 5.204766
12.065835 2.470622
24.668757 0.609709
35.490916 9.841461
46.277652 38.784602
39.113392 4.988900
18.285612 12.520957
22.526370 42.675531
16.209346 23.725434
36.471716 0.673063
17.481230 0.224672
33.303786 31.665215
38.213262 8.468335
14.712398 45.870033
45.486052 33.470244
23.997461 27.899771
38.675010 36.063296
30.370394 13.343768
36.673005 15.861310
23.185228 32.950657
4.645912 12.298620
37.939558 22.931524
24.819577 10.465927
15.607056 41.028922
34.191361 2.078771
41.701985 1.672591
2.303443 25.005771
33.337806 40.516705
33.474106 48.050203
36.386738 28.960158
31.520448 10.384199
6.859930 20.195458
46.447495 37.230323
33.539226 33.120500
3.091633 6.724454
16.071157 7.737546
19.023074 4.010715
30.669070 43.842650
14.476642 46.276125
34.871572 48.668003
48.354897 26.573558
0.340594 0.658340
1.579329 33.678400
41.175045 35.053435
31.728603 27.561782
14.013593 13.249051
37.945981 20.873523
33.444509 34.393476
8.103846 16.983735
17.513976 11.195479
23.708189 33.585133
18.933025 42.731262
37.595848 49.602095
36.573912 2.072490
45.878220 21.445484
0.740494 44.233117
48.019042 1.081088
44.891457 49.598371
34.759488 36.066502
34.651805 16.488091
13.628284 48.665398
29.737142 1.574265
19.538921 13.181651
35.967741 27.642767
30.165386 3.481717
38.838247 3.873575
37.066850 7.771272
46.604837 24.662698
7.373366 33.178749
26.735189 3.251586
4.624233 27.475683
47.484703 2.643275
28.556771 42.376160
2.241646 13.316258
28.442662 36.893452
29.804349 42.070946
35.558850 9.541491
43.645211 5.097771
22.723143 29.612953
32.740538 2.888529
33.094670 21.578785
6.762104 20.161520
29.350056 3.366940
44.824218 36.723423
36.545689 21.559407
39.975009 41.169923
49.035089 37.459713
43.813198 27.591860
29.835873 46.054844
40.908118 8.278534
32.948296 20.712468
0.349480 18.507146
30.253959 43.994692
23.604917 2.977102
23.607644 6.345455
5.865631 6.702314
27.924240 12.627734
26.863834 7.274297
15.994675 21.688051
43.997719 2.540364
43.247458 33.972729
43.710287 42.282547
21.432441 37.523485
19.874407 1.268314
33.578330 10.782525
9.546848 16.526626
31.494993 9.896329
35.033772 11.748952
3.891020 8.638689
14.726053 27.498665
14.984144 20.591684
34.200979 42.908384
33.219418 11.064812
0.182680 49.214093
32.752864 44.180400
1.754457 26.000322
28.153129 45.464744
18.282869 49.585570
32.988229 38.157276
0.853883 16.566559
48.939801 10.400732
33.093185 30.434794
20.297060 18.126956
42.183746 24.188081
26.765645 6.909799
1.686746 41.749789
27.501483 35.887725
34.658173 10.720902
46.952537 34.840854
9.934995 29.705401
29.021253 11.689452
5.705723 7.174382
7.154196 23.988592
6.759952 40.142425
12.145868 7.613835
6.708984 11.085670
18.014567 39.802169
41.520464 38.311627
7.929125 33.704210
12.499708 34.694770
40.614009 14.186454
26.444559 18.115492
0.074178 11.102732
28.836393 47.026715
45.943586 38.771388
26.732116 24.964839
0.460840 32.437839
32.139221 7.615035
6.426431 38.899172
47.757460 18.572299
46.513007 4.466444
29.657969 14.527574
44.268612 21.178433
2.839201 2.197737
4.882643 15.338909
36.892507 45.496651
29.525363 13.337066
13.612143 29.599541
24.439798 42.448536
26.626256 20.383384
31.219924 3.358372
45.348223 31.680764
35.796211 27.487443
39.295799 42.222643
16.386616 37.053259
10.794942 12.899623
41.519703 40.452911
27.427197 35.788315
11.631344 30.266399
37.986053 16.513987
45.605308 24.878560
12.010638 25.130671
38.215626 25.622781
4.730212 12.655424
18.071318 31.356468
33.038808 49.291242
34.714841 28.387031
30.972006 20.511052
5.874474 20.267805
12.733695 22.261090
7.321064 23.528637
35.160713 48.840768
13.981548 12.587910
34.629083 25.612892
42.854308 22.615136
42.126879 38.459616
47.493695 4.137517
13.590287 35.709321
29.760299 18.320499
48.364746 47.831617
49.676967 31.403554
47.122859 34.391808
9.790584 28.094865
4.902860 15.665058
48.362670 17.636554
37.926148 5.683735
41.165191 23.086860
4.524502 5.146739
35.674770 39.153585
30.759631 28.529078
11.768721 22.886510
16.988694 9.262416
27.024028 30.578981
44.971737 6.784326
48.899480 43.336483
4.615943 48.576447
24.740037 1.738802
32.968254 34.530621
29.833667 37.871114
0.195680 28.196337
5.507668 38.121828
33.880072 46.672859
11.208688 38.404574
1.819598 46.883458
27.558159 32.579228
25.412537 39.326880
5.465738 42.401231
48.589296 32.489766
22.980212 43.561033
39.274092 21.879692
36.897516 43.890035
20.456139 11.637553
45.628837 3.424394
46.168174 25.462504
41.295508 46.363854
3.658841 46.803176
34.485682 37.538913
43.476035 45.694370
25.943486 45.295632
42.577828 3.501645
27.874861 17.990365
42.828525 33.340599
10.391596 41.417821
15.830365 33.371808
34.978854 5.104457
5.251501 21.876370
48.994493 25.707640
33.513923 44.623330
29.132033 29.682097
20.085833 20.427541
26.045951 23.744674
17.230717 10.531632
11.283587 10.706752
6.226002 37.227073
6.002384 48.803830
40.728719 33.877245
16.794194 33.557244
17.217844 27.185790
24.975065 33.048209
10.557598 9.953918
38.152667 15.809099
31.830288 37.147160
41.516739 15.344210
31.770489 20.648772
45.026308 1.856323
41.076313 21.072258
25.600997 8.307030
31.603891 36.884584
19.013782 37.829893
24.111657 25.016166
36.633723 14.840376
8.893411 3.427917
48.397620 26.111255
30.613707 23.372684
9.159465 41.171305
33.326602 47.312131
6.980404 15.156890
34.459291 48.497143
30.501101 16.229780
19.145915 25.527408
18.086103 10.222228
46.599667 43.687100
18.529257 28.203558
30.571684 37.543039
16.033451 4.683341
12.559205 2.667173
19.523717 21.452615
6.095090 17.921336
47.563870 36.708798
41.294021 6.723335
27.880103 24.620623
4.035466 34.860507
39.777513 38.494757
33.357650 20.278614
4.724537 2.503565
45.806022 22.810640
12.725792 42.405689
16.497740 31.255050
20.609246 47.069424
18.798089 36.642697
1.752764 31.357293
39.309870 21.276481
2.809909 45.404961
39.197817 0.373779
32.113758 30.491838
7.097114 9.993861
5.112460 11.132580
44.854369 44.889974
49.627337 28.212019
15.168587 4.351875
30.715583 10.974609
27.162515 43.441376
3.380298 43.660255
24.696425 23.989544
40.729679 43.494514
10.632241 42.482443
24.851807 49.942111
13.758924 27.661716
45.347072 2.956741
28.035495 27.460830
33.448579 35.132609
37.454692 38.561039
46.265189 32.309060
33.451013 45.892526
10.521079 48.619600
0.244401 41.236662
9.594209 27.406917
34.678038 12.974507
21.067172 9.374463
36.964052 11.796851
2.868977 47.596293
4.279294 27.720785
47.538404 18.038218
5.382501 42.885476
20.994959 33.417996
20.346306 4.443538
18.550605 7.800997
43.004577 14.815794
40.110057 26.455589
10.708320 0.631136
25.075189 10.952722
41.867798 34.669399
38.359638 26.545836
47.643906 9.426810
35.920299 34.607958
21.223661 38.789277
32.204250 25.502954
16.510062 29.742654
43.541172 21.892562
22.628129 14.536131
5.310558 42.974435
18.979669 23.861163
0.775432 11.984246
38.676957 40.885489
38.439835 49.385277
41.516625 13.515024
10.337999 33.384424
48.184423 48.697637
9.930260 45.828329
8.124447 45.850559
30.436287 29.348107
34.639835 12.640537
4.851062 1.149897
42.383191 48.392234
23.042459 15.011320
12.928365 28.353018
7.985756 31.908034
2.214181 8.761188
43.892280 40.891138
49.646677 32.332114
40.276415 41.163303
45.847139 0.614414
24.547726 44.031562
49.312050 34.477986
39.859891 7.436497
30.328545 20.296177
36.784604 14.968380
32.936715 41.635665
16.118277 25.319906
40.027899 39.160737
40.331226 2.956264
17.513754 48.316982
34.864298 19.727935
7.078169 28.756578
10.619073 6.724846
11.088692 0.895488
47.888149 6.935831
1.509902 22.435875
0.967392 0.821952
6.913861 40.827283
8.258449 37.242405
11.123460 45.043053
2.210785 44.060175
36.678718 18.329062
19.380081 26.706617
7.489799 9.711307
29.662882 25.003553
8.028288 14.527180
44.731489 15.106458
43.283758 5.350562
21.831304 4.372451
6.246050 19.719453
11.308281 7.755952
42.155328 12.275674
8.577904 49.069189
3.102957 16.836353
36.311594 14.226417
11.879406 38.522380
8.286592 48.558124
6.851442 27.666673
25.264741 14.341241
37.377980 4.927623
39.344794 45.406268
19.454804 34.076283
10.512725 12.738562
39.426844 32.344029
17.111012 45.672894
2.063482 28.419294
3.428846 44.218810
40.694968 12.006750
43.287999 43.797925
28.843103 29.599593
8.024342 40.722508
18.121973 16.310934
39.280632 24.973414
43.977607 14.545373
39.314655 31.355587
19.472996 28.659449
26.761855 38.927800
12.735732 37.274580
1.666362 2.162576
19.618609 18.777374
47.835470 21.682091
47.196668 1.264316
15.900902 37.891636
13.271066 9.188901
31.689561 42.114169
38.788494 39.713903
32.836677 6.910466
6.024837 22.117309
31.883881 0.002444
36.662683 21.198536
31.358031 6.135679
49.857985 8.119886
45.063479 12.593717
45.394466 46.729841
14.756292 15.013075
15.507215 12.591763
36.695167 12.703883
13.856079 2.596068
0.595520 27.127145
11.784969 32.285080
19.241314 0.573462
21.998983 2.077992
7.483929 28.023820
24.195301 39.367809
28.026264 10.857984
10.566345 9.384295
16.993663 10.424330
17.504181 12.057142
23.018047 12.898647
8.786983 37.774339
27.911722 24.294198
0.366102 14.606888
36.998082 14.222180
17.202956 37.593601
41.349326 28.987925
19.878682 10.590640
29.561387 41.877665
12.668631 37.045316
19.901485 36.863932
26.413125 47.927749
47.721916 36.979470
7.312044 14.715579
47.403800 24.816225
26.772721 20.421847
37.714872 35.559704
8.196186 15.626593
9.853903 8.562287
30.233481 46.851984
22.784467 47.436438
34.445586 14.133793
26.424362 4.324267
24.724433 5.985750
46.201932 37.393064
43.031065 16.103417
24.256997 19.444190
14.031166 21.978913
6.423660 21.343210
36.694492 3.827460
46.159435 13.467213
24.249307 33.874307
49.026918 32.445493
49.500900 8.880820
41.007780 29.734382
5.732805 13.792247
27.170819 40.178390
27.926040 3.595181
44.502658 2.650473
9.580931 40.704590
40.043537 2.611996
6.808007 14.300534
22.056187 20.839173
36.279447 28.479847
42.182383 22.973939
32.307307 38.341818
36.441152 6.556614
22.216125 35.468070
39.002107 21.717026
44.348891 30.009887
1.451407 0.081695
43.802134 28.622226
40.260086 21.728174
32.217408 34.762744
24.378647 41.798339
25.467334 14.422184
44.410335 32.275341
28.722718 16.466522
3.114513 15.002165
44.946368 45.296896
37.976104 27.253676
33.638715 24.417256
33.810290 5.854840
9.885326 22.812397
27.571865 4.234217
2.822284 29.023273
4.315912 46.624418
7.645499 44.575998
18.352592 39.862907
29.338741 42.731239
31.661245 4.806075
7.153423 26.071580
37.081416 35.876141
42.538102 40.195929
0.878306 37.484470
35.492825 38.854410
14.738146 19.131540
13.271666 48.548436
24.986380 23.156992
21.360833 2.558245
27.391208 24.183117
31.581518 31.707120
20.807535 39.227017
26.283118 39.160127
29.089923 5.621860
31.891366 10.751168
10.427935 39.044790
36.822749 47.509351
24.920931 29.360851
37.705280 25.799237
16.845321 23.198105
14.653647 31.583467
42.329645 27.925313
30.131903 17.316025
1.082305 1.492736
19.874270 28.473513
25.675854 1.455787
10.180633 46.483389
40.682804 36.463752
35.643517 19.772727
42.085611 17.534883
30.523895 2.513546
6.579673 17.346644
0.022897 31.500604
46.707495 37.728176
7.299841 13.552816
10.926281 21.953488
45.136283 3.255926
49.878801 25.268186
20.571950 0.961105
26.760922 40.446220
29.434619 2.436776
41.902007 39.615252
48.920166 32.584811
26.079004 34.563682
2.357538 18.164615
2.098565 32.881434
20.678161 8.678238
0.228078 20.701058
40.178842 46.935573
8.429234 47.478684
10.488389 19.355515
19.432172 5.624672
22.611441 19.310973
30.892858 43.183392
20.272078 7.653780
33.629612 49.706697
10.090556 25.531619
39.321949 9.010722
8.116431 15.400952
43.574404 10.473969
33.565567 45.672970
43.355403 4.243729
4.351208 43.583481
24.944787 44.530051
40.519053 33.374021
42.008734 1.007442
2.729536 11.440906
6.632114 25.340978
30.751879 37.524972
18.524369 1.023957
45.178752 2.153981
0.730654 5.269308
27.685601 40.052602
14.280030 35.802031
5.453554 7.854435
46.276000 39.019122
3.527405 39.631403
43.262850 7.878613
33.214883 18.207637
2.408663 23.733937
1.581658 44.417398
24.741379 4.311194
5.858304 31.373493
29.652171 36.610182
18.898465 48.176541
37.634139 14.077217
0.330522 38.364793
19.346525 28.016123
28.417395 33.626555
13.818155 33.870949
41.480990 10.094155
22.890071 45.008394
49.725558 16.152922
2.887007 32.940441
34.360558 5.295670
6.674378 35.942216
49.713068 31.415757
40.253410 5.571371
12.789250 19.905581
42.181554 31.687715
18.082122 29.815693
45.764931 18.412645
18.180485 15.111456
46.428768 46.597880
48.738011 10.246923
30.468830 40.219001
20.341078 3.358901
35.227395 20.066635
19.511823 38.114402
3.007076 3.872381
43.410072 9.681454
39.814597 43.123140
41.097211 30.068007
48.694511 3.886461
49.973588 40.876065
35.574176 18.055711
20.691758 31.339107
36.468355 38.872243
46.450563 32.897123
35.470124 45.188574
43.144046 15.938954
35.407575 13.485124
19.297854 20.634970
33.551759 38.809677
8.749372 36.558835
42.682058 2.159444
46.240290 32.496655
45.282584 37.337501
12.564662 43.977096
41.223961 12.538250
34.853161 26.798137
30.593961 5.544919
8.137244 17.062316
44.417162 4.587807
49.959439 29.887286
49.776381 43.103485
45.826239 35.183957
6.588609 15.124094
5.818927 40.140368
3.933771 14.568299
26.699204 46.615829
16.727743 22.939493
29.112484 12.010328
10.276994 41.677145
5.987423 1.500955
4.215395 40.840584
28.299092 34.809356
46.385503 36.436336
1.871672 40.802665
41.024143 1.831111
20.689951 40.800525
44.934597 16.516191
25.984481 1.523206
31.640285 31.803408
41.663574 35.574055
46.371707 18.362777
32.189884 13.099450
41.302270 11.302368
25.109777 1.579264
2.979513 31.097201
3.080219 7.194909
21.937785 31.379311
42.004265 18.323288
17.815647 43.875937
9.125954 8.839791
45.707048 29.815905
49.640315 40.641645
46.332096 25.624796
42.164850 27.972380
7.428204 33.828424
13.546436 3.799911
2.191201 45.736320
16.899360 43.493472
7.038688 42.009137
45.072736 10.018201
23.106338 48.152955
17.213110 45.044123
29.532266 9.217375
13.367411 47.347914
3.093312 22.493365
6.187704 48.800360
2.309270 5.828019
39.442005 48.641366
31.452816 31.606855
26.613746 38.881020
15.435279 40.160181
42.680930 17.626481
35.896501 9.580290
11.119953 42.935189
1.589428 6.192688
2.953390 24.695766
4.345644 20.166500
19.739889 33.877910
29.383876 33.107300
31.225824 32.477188
5.600666 37.413528
31.277548 7.909935
43.241547 20.719553
6.551301 24.694363
2.326408 33.165047
13.575382 17.761687
23.325228 6.256312
35.388168 9.221729
15.836603 46.508121
2.156918 17.426030
2.700809 5.110308
42.121796 7.046453
25.276809 11.861685
40.924363 4.660684
44.968985 22.150186
37.137872 0.569651
9.563714 18.415419
8.479586 2.805261
39.134972 15.030887
27.499624 41.461380
48.195934 41.075006
9.223067 21.521162
47.331318 44.611235
30.742891 13.167921
41.119356 32.899809
30.593951 43.820165
38.010117 22.715747
0.866618 13.286926
34.577432 41.790980
17.947610 29.546417
13.941166 5.085481
30.116068 23.504880
23.500901 38.595655
26.310141 12.635873
3.626542 3.809765
4.097253 1.822476
44.884771 13.320320
23.343638 42.216089
7.931555 4.086529
5.384010 49.050911
36.986338 35.977961
42.871076 24.996455
8.693708 43.737693
38.283380 43.271140
35.528674 6.230990
22.817557 49.469840
11.316471 2.933626
22.974720 34.817372
41.529280 49.284862
47.453244 45.155823
3.094627 1.550497
46.978299 47.979398
14.870817 20.321937
40.195487 22.802372
24.408466 45.579497
21.853283 11.394804
31.557458 14.724358
36.391259 40.251166
8.462052 24.674639
33.522306 43.990725
30.905628 6.339863
43.460565 42.222099
9.273489 16.435286
27.039471 0.802769
15.720147 24.492715
45.958592 18.814774
26.043212 42.936891
16.794172 40.914028
13.258828 6.989659
13.716400 37.667294
2.569157 35.569683
49.062098 34.126615
0.294041 35.453357
24.377781 8.756093
10.127995 7.900087
2.746818 41.033624
14.239950 46.207384
33.255723 23.513439
12.642669 10.295194
24.316208 28.362816
34.787909 20.274800
47.177590 10.831121
13.211691 13.971762
1.745149 26.470519
20.961422 15.461549
14.137813 23.530579
1.031232 13.199911
7.657194 1.325273
48.653268 32.034975
10.081366 8.781263
39.935063 12.828184
49.814887 4.175013
9.035567 33.070610
27.688452 21.678236
43.365804 2.004661
0.041053 28.153713
22.279461 47.218643
38.984834 35.491151
11.190405 40.729984
11.961670 32.151827
6.191533 26.099483
5.682406 7.222765
39.299394 13.339600
8.548037 37.952662
45.374575 18.629403
46.733925 35.309638
31.457587 46.548812
39.484652 40.493154
29.619422 17.173104
12.171391 22.985226
19.177765 12.212443
1.138939 41.457225
9.431086 40.123773
26.948377 20.621492
30.853757 38.910047
2.773319 37.045289
15.009530 8.455725
44.268054 4.308924
21.795325 2.816092
42.261586 17.169900
21.445495 38.995511
2.479538 2.903081
35.544323 41.964190
43.396236 15.163744
9.137294 5.567626
38.148970 28.315059
17.780070 39.287908
19.772284 27.211156
29.411681 46.720661
47.832648 10.265438
35.630708 0.605967
47.310727 0.640238
9.061691 41.578781
4.949162 30.857016
44.394873 47.210748
48.026916 15.840367
36.206259 0.506454
18.743449 21.750581
42.470644 12.139685
36.914325 1.607938
17.707311 25.063295
29.922996 35.487381
14.351203 49.695280
12.698537 43.762885
46.415941 10.531185
4.028322 32.046648
11.137152 1.339050
32.686886 20.198843
42.917831 37.636048
1.055859 37.312704
34.846795 49.082775
3.153071 21.053054
49.589229 21.896520
42.803635 42.059873
34.036204 29.717960
43.667811 1.743515
4.781255 23.590807
37.230896 19.132458
23.286087 49.929434
12.895342 19.702028
10.460619 16.923665
1.748677 21.597770
18.262714 34.435563
41.796614 11.180545
22.071610 42.852473
48.493249 6.918406
41.935248 1.646320
27.971459 41.524477
23.542839 20.775094
33.584350 7.579044
0.493054 27.252161
9.322559 5.274309
0.842968 46.553455
24.406767 24.129056
46.482889 37.302110
43.831084 6.943507
4.225774 45.579761
28.541278 22.488489
30.015323 20.337891
33.669034 2.086934
13.190364 32.162282
9.005339 5.125612
33.808602 36.976799
46.650089 7.351441
7.751893 30.234439
14.930485 8.244947
7.486601 24.253044
13.519257 8.329569
20.806499 37.926024
32.458625 17.289388
25.228133 26.289709
24.232896 29.453907
21.869470 2.774173
1.942396 1.884793
23.112065 35.611430
3.971727 36.302428
17.773712 12.977066
41.428040 1.582314
49.953865 38.078129
8.933756 7.705758
18.312568 23.864241
15.950705 25.799169
48.117285 29.469962
34.128738 18.923785
17.395985 16.587363
36.213173 42.624118
42.877072 10.446069
22.078026 14.746542
13.220242 24.020422
16.631335 36.332306
9.631852 20.603061
22.634735 27.405564
33.580128 14.062775
28.987879 33.533992
2.140904 37.921635
41.239750 20.453473
11.785876 7.190455
46.252642 9.903161
36.660417 30.381380
28.826945 4.056402
46.968743 15.040118
46.680521 39.845814
25.486187 18.758547
4.592356 38.706429
42.778969 21.223691
25.038735 2.410820
41.826752 47.673470
29.816385 25.406880
11.736245 8.804263
8.940872 13.877150
46.725898 0.180622
34.330622 8.511774
7.371077 30.583264
18.414934 44.031494
10.964643 47.241880
48.087897 7.933386
12.281998 44.768417
47.779201 37.768185
13.526964 2.371557
26.474614 6.305933
23.595247 1.513349
8.716753 15.422000
49.186820 38.533138
40.828880 10.923065
47.337401 49.769752
24.800215 44.063299
49.950374 9.130837
2.575073 7.321451
39.714101 20.990007
1.352945 0.678745
18.231887 49.440842
8.612131 30.513885
44.209260 6.391331
18.282070 7.736224
8.762888 44.756684
14.042156 32.358135
46.270034 22.758909
47.780135 45.456854
11.292047 38.609014
6.379919 8.629448
38.378766 31.180134
2.692747 38.329140
40.310971 5.267820
45.650591 30.025072
26.257827 47.003536
30.703817 44.489714
46.444378 39.315947
25.003599 40.653638
45.707278 43.285669
48.389862 4.470166
38.042353 12.432018
36.828301 34.312387
35.190927 34.608436
29.769241 46.482974
23.217450 36.149160
5.112423 11.596216
17.329294 7.805170
49.925355 7.640265
13.072990 45.575946
37.665337 39.330817
42.579482 18.369153
33.820531 39.023860
7.685101 8.824130
29.677498 3.392379
2.109799 28.067360
7.862545 40.152152
40.499378 44.690845
24.464540 25.690305
29.299281 4.233781
22.173279 2.516731
40.382940 27.285702
14.112947 7.712234
35.090872 14.038302
15.352499 48.163862
9.614248 3.017836
37.494679 2.193730
21.386989 21.315210
41.217591 29.072090
30.139339 20.895089
32.464468 32.249138
48.962449 40.327013
22.401291 39.461826
35.017859 46.865830
15.152131 14.317140
1.099611 37.325411
16.833871 41.482551
14.611113 30.946818
49.194785 49.701985
44.985120 14.547284
47.865847 4.599368
17.565120 35.360526
6.793098 38.952109
6.675736 48.010689
18.024199 36.815075
18.905778 0.488667
19.064213 17.868227
40.815680 41.465504
7.330053 25.833539
38.331334 22.482184
40.150678 39.430945
9.807595 6.984549
30.913496 24.418708
37.931366 30.108282
24.120693 32.916486
44.655566 21.986540
37.515854 12.220686
7.347065 44.308953
1.172795 14.022801
42.319642 19.196994
0.837876 11.225419
19.685661 19.902089
29.093646 10.501341
11.367593 36.423699
36.334880 49.698928
8.905884 26.485558
39.129873 18.713479
33.470107 20.043369
43.132187 21.401473
0.151651 17.252880
4.317960 44.807217
39.239419 41.833814
7.027903 46.586484
36.142766 8.200698
10.609285 28.462408
27.397692 11.447161
39.687827 47.083352
31.349250 18.781474
7.584693 42.716844
5.205173 43.919573
42.415772 14.111057
20.405131 31.545645
32.824536 3.875238
1.589014 25.956723
25.276712 1.740665
43.209602 29.594671
46.547883 32.449021
21.428485 3.575786
29.035506 7.571252
11.776484 39.644791
36.033659 39.174175
1.091952 25.721487
36.257528 32.441202
44.502960 43.842221
25.158046 49.708133
37.761794 17.573818
13.819190 8.166925
49.119462 46.643726
12.042163 0.708476
22.600448 37.318875
2.449141 15.810050
16.913546 48.997024
48.259072 38.342031
2.572810 27.294577
45.913283 14.349293
16.939368 31.946943
3.523468 18.031320
7.668429 39.780996
0.472522 2.171390
33.623217 25.630568
1.879523 21.385011
43.204386 15.698713
29.551936 42.323848
12.342439 41.594099
43.032324 34.942887
28.912974 45.481465
0.752938 45.826520
44.478489 49.012009
34.168551 47.051299
26.306586 30.081834
11.400592 43.245954
12.028777 14.924060
11.277274 19.697206
4.705056 11.749796
21.868596 38.328273
37.380364 23.748119
9.713283 30.584749
39.446833 39.265219
22.908597 1.789272
30.859318 15.940921
36.732159 9.772291
11.422386 37.485097
5.598811 5.900876
36.497106 39.767363
2.952174 12.803693
19.849197 14.352766
6.049647 31.877974
29.276827 17.326921
1.575180 33.981883
29.076716 23.443776
22.310155 16.457080
47.191895 32.023438
47.041829 36.638728
21.288657 19.950426
38.427999 2.147975
35.891347 25.160158
11.920266 47.313733
12.645255 17.519077
3.214609 49.142361
7.286439 6.166783
11.946054 27.135636
20.519550 17.995701
9.013610 49.796377
35.322621 10.588790
33.778259 14.399338
34.032566 6.088414
30.856418 31.224462
38.111853 27.898247
17.863189 9.400510
47.848673 6.291189
11.548484 33.740020
31.451347 23.468750
31.053754 44.096602
40.987827 34.268363
43.238964 48.274267
40.435146 5.185017
25.409903 10.954696
23.180718 34.423513
10.751073 8.503339
45.012304 44.529332
22.902677 29.044870
0.617746 3.759095
10.269331 38.729599
31.657342 28.132521
48.130109 29.506015
34.423710 9.678593
13.246035 15.875057
33.147344 44.299789
9.971659 24.135171
28.568152 3.210623
22.409438 19.003298
8.395640 47.819341
29.957995 31.576358
32.242854 40.709068
40.079698 27.255158
35.238400 12.982375
6.300027 35.856146
16.741470 16.569359
24.585745 48.398811
44.701880 22.715854
27.904826 29.125589
32.394447 41.150861
45.000646 15.541791
35.450650 4.972305
39.676962 14.018802
8.182928 12.086399
33.022101 16.578568
9.905740 12.980096
48.154927 42.148595
3.689163 38.234624
19.403752 38.927563
1.216999 25.703780
24.783708 17.958469
42.273139 49.369453
