2
360
10.15 -170
9.18 -171
9.66 -172
10.12 -173
8.88 -174
9.04 -175
9.22 -176
9.02 -177
9.44 -178
10.03 -179
9.93 180
9.93 179
9.48 178
9.94 177
9.36 176
10.03 175
9.26 174
9.22 173
8.80 172
9.43 171
10.13 160
9.00 159
9.03 158
10.12 157
10.11 156
9.25 155
9.12 154
9.50 153
9.31 152
9.36 151
9.81 150
9.05 149
9.09 148
9.52 147
9.23 146
10.10 145
9.35 144
9.69 143
9.12 142
9.79 141
8.92 140
8.85 139
9.19 138
9.02 137
9.31 136
8.81 135
10.15 134
9.78 133
9.91 132
9.74 131
9.79 130
8.88 129
8.97 128
10.03 127
9.24 126
8.89 125
9.52 124
9.57 123
10.03 122
10.04 121
9.17 120
9.64 119
9.32 118
9.90 117
9.40 116
9.75 115
8.84 114
9.96 113
9.69 112
9.59 111
9.99 110
8.85 109
9.65 108
8.99 107
9.51 106
9.20 105
9.00 104
9.46 103
10.18 102
9.15 101
9.44 100
8.81 99
9.67 98
9.62 97
10.05 96
10.12 95
10.15 94
9.82 93
9.93 92
9.99 91
10.09 90
9.33 89
9.87 88
9.22 87
9.04 86
9.08 85
9.21 84
9.08 83
9.28 82
9.14 81
9.88 80
9.08 79
9.19 78
9.76 77
9.27 76
9.90 75
10.17 74
9.91 73
9.61 72
9.19 71
9.49 170
9.59 169
8.89 168
9.26 167
9.38 166
9.49 165
8.82 164
9.90 163
9.78 162
9.78 161
9.85 60
9.45 59
9.83 58
9.52 57
8.91 56
10.08 55
9.80 54
9.33 53
9.39 52
8.89 51
10.11 50
9.51 49
9.17 48
9.10 47
9.08 46
10.08 45
9.24 44
9.05 43
8.82 42
10.06 41
9.88 40
9.76 39
10.11 38
8.89 37
9.74 36
10.02 35
10.03 34
9.10 33
9.45 32
9.38 31
9.61 30
9.54 29
10.04 28
9.24 27
8.87 26
10.15 25
9.12 24
8.92 23
9.72 22
10.16 21
9.01 20
9.63 19
9.47 18
9.82 17
8.97 16
9.76 15
10.13 14
9.42 13
9.05 12
9.20 11
9.28 10
10.13 9
10.16 8
9.63 7
9.26 6
10.14 5
9.46 4
9.09 3
9.05 2
9.15 1
9.68 0
9.86 -1
9.90 -2
9.96 -3
8.91 -4
9.98 -5
9.91 -6
9.67 -7
10.10 -8
9.87 -9
9.63 -10
9.34 -11
9.73 -12
9.35 -13
9.40 -14
9.91 -15
8.91 -16
9.34 -17
9.57 -18
9.60 -19
9.74 -20
10.05 -21
9.54 -22
9.71 -23
9.49 -24
10.01 -25
10.09 -26
9.18 -27
8.91 -28
8.95 -29
9.54 -30
8.83 -31
9.05 -32
9.24 -33
9.99 -34
9.59 -35
9.46 -36
10.14 -37
9.07 -38
9.79 -39
8.85 -40
8.94 -41
9.38 -42
9.79 -43
9.93 -44
9.99 -45
9.94 -46
10.04 -47
9.13 -48
9.31 -49
9.45 -50
9.12 -51
9.17 -52
9.23 -53
9.07 -54
8.89 -55
9.04 -56
8.97 -57
9.28 -58
9.59 -59
9.55 -60
9.06 -61
10.05 -62
9.81 -63
9.94 -64
8.89 -65
9.20 -66
9.20 -67
9.27 -68
9.91 -69
9.23 -70
9.33 -71
9.30 70
8.85 69
9.21 68
10.17 67
9.67 66
9.50 65
9.13 64
9.63 63
9.12 62
8.86 61
9.10 -72
9.82 -73
9.36 -74
8.83 -75
9.61 -76
9.11 -77
9.12 -78
8.98 -79
9.62 -80
8.80 -81
9.74 -82
9.03 -83
9.24 -84
10.01 -85
9.13 -86
9.91 -87
9.22 -88
10.05 -89
9.74 -90
9.98 -91
9.34 -92
10.03 -93
10.02 -94
9.09 -95
10.13 -96
9.03 -97
9.93 -98
9.20 -99
9.19 -100
8.97 -101
10.17 -102
9.93 -103
9.99 -104
9.34 -105
9.00 -106
9.84 -107
9.65 -108
9.32 -109
10.03 -110
9.51 -111
9.77 -112
10.00 -113
9.75 -114
9.24 -115
9.82 -116
9.12 -117
8.96 -118
8.84 -119
8.97 -120
8.94 -121
9.06 -122
9.95 -123
10.18 -124
8.89 -125
8.84 -126
10.11 -127
9.57 -128
9.97 -129
9.56 -130
8.99 -131
9.18 -132
9.54 -133
10.12 -134
9.41 -135
9.12 -136
9.36 -137
9.06 -138
9.01 -139
9.89 -140
9.32 -141
9.73 -142
9.89 -143
9.13 -144
9.29 -145
8.94 -146
9.19 -147
9.61 -148
9.54 -149
9.68 -150
8.81 -151
9.69 -152
9.95 -153
9.97 -154
9.68 -155
9.08 -156
9.05 -157
10.03 -158
8.88 -159
8.83 -160
9.83 -161
9.08 -162
9.65 -163
9.61 -164
9.45 -165
8.87 -166
9.93 -167
9.05 -168
9.13 -169

5
110
11.0 3.3
11.1 40.5
11.2 44.2
11.3 -160.3
11.4 -27.0
11.5 118.2
11.6 -86.1
11.7 173.9
11.8 6.5
11.9 -159.8
12.0 -146.0
12.1 -129.0
12.2 112.7
12.3 121.5
12.4 -145.2
12.5 -7.4
12.6 19.2
12.7 -47.2
12.8 43.3
12.9 -11.1
13.0 -164.6
13.1 27.8
13.2 2.5
13.3 -82.5
13.4 80.1
13.5 177.5
13.6 138.9
13.7 71.6
13.8 -66.9
13.9 -16.5
14.0 -133.5
14.1 115.5
14.2 119.4
14.3 6.1
14.4 134.2
14.5 -88.6
14.6 -56.7
14.7 143.5
14.8 -95.7
14.9 128.9
15.0 79.1
15.1 -146.3
15.2 95.3
15.3 10.9
15.4 70.7
15.5 129.1
15.6 -177.5
15.7 -174.7
15.8 177.3
15.9 -38.7
16.0 -6.8
16.1 -168.3
16.2 84.5
16.3 91.1
16.4 -155.3
16.5 -16.3
16.6 87.7
16.7 162.6
16.8 150.7
16.9 -160.2
17.0 -118.5
17.1 -163.7
17.2 50.7
17.3 179.9
17.4 21.4
17.5 -79.7
17.6 -89.6
17.7 60.1
17.8 159.2
17.9 -89.9
18.0 -75.6
18.1 57.4
18.2 -57.1
18.3 -161.3
18.4 163.7
18.5 109.0
18.6 63.2
18.7 81.6
18.8 113.3
18.9 59.6
19.0 -138.1
19.1 -74.5
19.2 70.3
19.3 41.8
19.4 -164.4
19.5 94.0
19.6 -155.5
19.7 18.7
19.8 -7.9
19.9 174.3
20.0 37.5
20.1 52.6
20.2 105.9
20.3 -176.4
20.4 51.6
20.5 -137.3
20.6 -77.1
20.7 57.4
20.8 101.8
20.9 -98.8
21.0 146.6
21.1 -154.8
21.2 54.0
21.3 -175.1
21.4 139.3
21.5 36.8
21.6 112.9
21.7 21.6
21.8 -62.5
21.9 45.2

1
100
67.6 -110.2
72.0 116.2
76.7 124.6
67.0 -112.0
42.5 -87.4
93.7 -134.9
125.1 -168.7
72.7 121.5
78.4 129.1
16.6 54.1
115.6 -169.7
29.3 -85.2
43.2 -94.0
126.7 177.4
6.8 57.5
83.4 134.1
21.3 65.3
31.8 67.9
78.5 117.7
120.6 159.3
117.3 162.1
71.0 121.7
87.2 -143.1
81.4 132.1
92.0 -143.5
20.3 -69.7
61.7 -115.3
89.2 -145.1
86.4 -139.7
72.0 -127.9
50.4 101.1
106.8 -162.7
30.1 -80.2
71.4 118.9
40.8 -81.5
17.8 60.8
12.1 62.8
71.4 -121.8
62.6 113.3
89.9 130.0
19.5 62.0
42.7 -98.6
120.5 -174.2
50.4 -102.2
124.9 168.4
22.6 65.6
48.4 -99.1
14.1 64.8
129.9 169.1
50.8 -106.7
95.1 -136.4
104.7 -160.6
17.3 -73.2
1.9 52.6
4.1 -60.0
8.7 55.5
43.9 -83.6
90.4 -142.2
134.6 -175.6
73.9 116.9
60.7 -114.5
68.6 -124.5
98.2 139.3
31.8 -72.6
66.4 116.0
15.2 -60.3
87.5 -140.1
116.0 153.4
43.6 -93.9
123.9 -173.7
82.1 121.0
42.7 -86.8
7.1 57.8
72.4 120.3
106.6 157.3
66.7 116.5
39.5 84.6
113.2 163.9
21.8 -65.7
46.4 94.9
64.1 -109.3
113.2 -164.4
40.9 -88.5
131.7 170.7
126.1 162.6
34.9 -88.0
71.6 122.3
70.8 -126.5
110.8 161.5
111.8 -158.1
70.3 120.2
77.3 116.1
114.2 -170.1
114.4 -155.0
36.5 -91.9
105.9 -161.8
33.8 -89.7
2.3 53.0
95.3 -149.2
4.7 -58.0

0.02
4444
29.8 46.2
29.7 27.2
29.5 61.5
29.7 71.4
29.7 41.9
29.2 135.8
29.4 57.8
29.5 146.1
29.5 27.6
29.3 28.9
29.4 152.5
29.3 -18.8
29.8 -118.7
29.4 -96.9
29.2 166.9
29.2 -11.3
29.4 178.8
29.3 39.5
29.7 -142.0
29.6 167.6
29.6 76.6
29.5 -118.2
29.6 -64.4
29.4 -106.6
29.4 164.6
29.4 -12.2
29.8 29.3
29.4 -16.4
29.6 -48.9
29.5 -54.9
29.8 -122.3
29.2 -18.7
29.2 -40.2
29.7 31.8
29.8 141.9
29.7 87.8
29.5 153.1
29.7 87.9
29.4 177.4
29.2 146.8
29.2 -86.2
29.2 -50.8
29.5 -161.5
29.5 139.2
29.2 -170.4
29.3 -82.1
29.7 28.2
29.7 134.0
29.5 -69.8
29.4 -99.2
29.4 100.2
29.5 25.7
29.6 53.2
29.7 76.9
29.7 105.1
29.2 -52.5
29.5 93.3
29.3 -112.5
29.7 -75.6
29.5 176.5
29.6 -154.1
29.4 -83.7
29.8 3.7
29.3 -127.8
29.4 -48.9
29.5 101.1
29.8 131.8
29.5 39.6
29.6 -24.7
29.8 150.6
29.3 75.2
29.6 -165.6
29.6 5.0
29.7 -164.6
29.7 -156.5
29.5 53.6
29.4 -158.8
29.4 -66.4
29.5 30.4
29.2 -126.2
29.4 -51.0
29.4 -147.4
29.2 111.8
29.3 -84.1
29.5 103.6
29.7 -97.4
29.4 174.8
29.8 82.4
29.5 -171.0
29.6 -155.9
29.6 24.6
29.8 92.0
29.3 -37.3
29.7 80.8
29.5 -158.5
29.3 69.6
29.8 -60.3
29.7 -118.6
29.2 -175.5
29.5 -126.3
29.4 -41.2
29.6 -158.1
29.6 -116.6
29.8 48.3
29.6 -63.0
29.6 -75.4
29.3 -114.8
29.7 112.7
29.5 137.1
29.6 -148.9
29.7 158.4
29.2 139.3
29.2 -147.0
29.3 -115.4
29.2 -171.8
29.2 60.6
29.4 -95.3
29.4 15.6
29.6 -163.0
29.5 40.2
29.4 -33.4
29.7 105.8
29.4 -8.5
29.3 69.8
29.4 147.0
29.2 32.6
29.5 -148.2
29.3 138.5
29.6 -157.3
29.2 -162.7
29.6 66.8
29.5 -2.2
29.2 -104.7
29.4 -145.4
29.5 87.5
29.3 -38.7
29.7 145.0
29.7 0.8
29.2 -64.3
29.4 -84.7
29.4 1.7
29.2 123.1
29.8 -145.3
29.6 -71.6
29.2 -149.9
29.5 -91.9
29.4 -156.7
29.2 -101.5
29.3 -70.5
29.7 -74.1
29.8 18.1
29.2 166.1
29.6 -35.6
29.5 34.5
29.3 -27.5
29.8 77.9
29.3 77.4
29.6 -162.2
29.7 28.0
29.3 84.5
29.8 -13.1
29.3 -110.1
29.3 -6.5
29.5 23.8
29.4 -3.5
29.6 -49.9
29.6 -152.9
29.6 -2.6
29.2 102.9
29.7 81.9
29.3 76.7
29.3 59.7
29.5 10.9
29.8 96.4
29.3 118.6
29.5 96.7
29.4 -91.6
29.7 30.7
29.4 145.2
29.5 -165.0
29.8 -70.4
29.6 -108.8
29.4 -3.7
29.5 -41.5
29.6 15.4
29.2 -175.3
29.7 19.9
29.7 -103.6
29.8 -123.2
29.6 -110.5
29.5 -6.6
29.5 111.1
29.8 -101.8
29.8 173.9
29.3 -153.5
29.6 4.8
29.2 164.2
29.6 7.8
29.7 -120.5
29.7 -90.1
29.2 -173.6
29.7 -2.8
29.6 74.0
29.5 -112.7
29.7 66.1
29.3 -43.5
29.5 48.3
29.5 -28.6
29.8 -55.6
29.5 169.6
29.4 -110.8
29.3 21.9
29.7 80.5
29.7 -51.1
29.4 91.0
29.6 -134.9
29.3 48.5
29.5 133.9
29.6 -149.2
29.8 168.3
29.4 168.1
29.2 -13.5
29.4 12.2
29.2 -17.3
29.6 -161.8
29.3 117.6
29.3 -23.1
29.7 -124.3
29.4 179.4
29.3 27.6
29.7 53.7
29.4 -161.9
29.7 125.1
29.2 -40.4
29.3 88.2
29.3 72.5
29.6 -12.3
29.7 -152.3
29.5 111.9
29.7 -33.4
29.8 -7.0
29.6 132.4
29.4 -126.1
29.7 37.5
29.6 -157.1
29.6 -26.1
29.4 -32.0
29.2 8.9
29.3 154.2
29.4 -111.2
29.7 -168.5
29.3 148.8
29.5 30.5
29.7 -85.9
29.5 -162.8
29.6 -172.6
29.7 -109.7
29.2 170.2
29.4 62.9
29.5 -172.4
29.5 -76.9
29.8 87.8
29.5 -101.1
29.6 79.2
29.7 160.2
29.4 30.4
29.3 -145.2
29.3 -94.1
29.4 101.2
29.3 122.7
29.6 70.8
29.6 138.7
29.4 4.9
29.4 -179.8
29.3 166.8
29.3 -101.1
29.4 94.8
29.7 -8.8
29.7 -96.8
29.3 -133.4
29.2 -36.2
29.4 150.1
29.6 86.4
29.5 158.9
29.2 -29.1
29.2 -139.1
29.5 -33.4
29.7 97.8
29.7 -41.3
29.3 -35.4
29.4 -64.0
29.3 140.8
29.2 30.0
29.3 119.5
29.3 -147.5
29.7 6.8
29.5 -106.8
29.3 89.9
29.4 32.6
29.6 -97.8
29.5 -94.7
29.5 140.1
29.5 132.9
29.5 128.8
29.7 166.1
29.8 -132.7
29.8 136.8
29.4 143.1
29.6 -125.0
29.4 25.4
29.5 -16.4
29.4 -86.0
29.8 8.8
29.6 -48.6
29.4 -97.1
29.7 55.0
29.8 -13.0
29.4 50.4
29.2 83.2
29.5 136.9
29.4 7.6
29.3 -83.3
29.8 107.2
29.5 -38.6
29.8 142.1
29.8 -5.0
29.4 113.9
29.8 97.5
29.3 -161.6
29.7 174.2
29.2 -2.5
29.8 4.5
29.4 74.4
29.7 114.6
29.6 -115.7
29.6 57.0
29.4 -94.2
29.5 131.3
29.3 128.5
29.5 5.3
29.7 89.6
29.7 131.3
29.7 -165.3
29.6 61.1
29.5 12.7
29.5 -130.6
29.4 -160.6
29.5 4.9
29.3 -61.0
29.6 81.6
29.5 21.1
29.4 85.3
29.5 -152.7
29.5 34.8
29.2 -40.6
29.4 -18.5
29.4 50.5
29.4 -12.6
29.2 -8.2
29.3 98.1
29.2 18.7
29.2 109.6
29.5 -63.6
29.8 142.1
29.8 -31.1
29.2 68.8
29.2 97.2
29.6 11.8
29.7 20.9
29.8 15.4
29.4 -178.4
29.2 39.5
29.7 -155.4
29.5 -62.8
29.8 170.4
29.5 -64.2
29.7 97.8
29.3 57.4
29.8 170.1
29.4 -165.1
29.3 73.3
29.5 139.2
29.5 67.9
29.5 -150.0
29.3 -67.4
29.7 164.1
29.5 -42.8
29.8 81.4
29.7 -34.6
29.5 -76.4
29.5 148.8
29.4 59.9
29.4 -84.9
29.7 -153.9
29.8 -33.1
29.4 -125.6
29.3 124.4
29.7 -139.2
29.4 174.9
29.7 16.1
29.4 -53.6
29.5 -43.3
29.6 118.7
29.5 75.7
29.2 151.6
29.5 -45.1
29.6 -131.1
29.4 -162.8
29.2 142.2
29.7 -120.6
29.8 -95.9
29.7 74.6
29.4 137.6
29.4 -128.9
29.4 101.3
29.5 70.2
29.2 77.6
29.3 46.3
29.8 160.0
29.5 -154.2
29.4 131.5
29.5 -97.8
29.5 -174.3
29.4 -120.6
29.7 -122.2
29.7 87.2
29.6 -117.3
29.5 -179.4
29.6 -167.7
29.3 -17.0
29.6 -135.7
29.3 161.0
29.4 175.1
29.8 63.5
29.5 -20.5
29.8 21.6
29.7 165.1
29.2 121.6
29.7 118.3
29.2 53.7
29.3 129.9
29.2 148.1
29.7 -47.0
29.6 43.1
29.2 30.6
29.7 173.8
29.7 -100.9
29.7 -153.1
29.2 -167.7
29.2 59.4
29.5 -85.2
29.6 -67.0
29.2 99.9
29.5 -109.6
29.2 150.5
29.3 -135.6
29.6 -179.9
29.6 28.0
29.3 76.2
29.5 13.3
29.6 -167.8
29.6 11.9
29.8 -103.2
29.3 175.7
29.5 -135.7
29.7 -88.8
29.7 51.2
29.5 -46.1
29.8 -6.2
29.4 104.2
29.7 -116.6
29.5 74.9
29.4 76.0
29.7 -153.3
29.8 -91.1
29.3 -5.9
29.2 57.2
29.4 -72.5
29.5 -125.0
29.5 53.4
29.4 158.1
29.5 -111.5
29.5 178.9
29.8 95.3
29.3 141.7
29.5 -32.8
29.4 178.2
29.4 98.8
29.7 -120.1
29.5 141.5
29.6 175.7
29.8 -15.1
29.7 151.7
29.6 -78.1
29.4 110.6
29.6 -139.0
29.4 -50.0
29.7 128.2
29.5 46.9
29.4 36.6
29.4 73.2
29.4 -136.1
29.6 -134.4
29.8 -119.4
29.7 -166.5
29.7 -10.7
29.5 167.8
29.2 -22.9
29.4 -18.4
29.2 166.1
29.6 -115.5
29.2 11.0
29.3 -128.4
29.3 -26.4
29.8 97.7
29.8 -157.9
29.2 109.0
29.4 157.2
29.2 -46.0
29.5 90.3
29.2 70.1
29.8 -23.5
29.4 148.8
29.4 -67.5
29.3 -137.2
29.3 -42.5
29.4 -139.4
29.3 -132.9
29.5 -157.3
29.7 105.8
29.5 -54.0
29.8 -153.8
29.8 -60.7
29.6 39.8
29.8 51.4
29.5 -139.4
29.2 -55.3
29.8 9.7
29.8 76.1
29.5 -41.2
29.6 50.9
29.7 56.3
29.4 -105.0
29.2 13.9
29.8 -140.8
29.7 133.0
29.7 77.8
29.5 -44.9
29.2 77.5
29.4 5.3
29.8 -139.9
29.3 -99.3
29.7 73.3
29.6 -91.5
29.5 -137.3
29.6 -176.7
29.5 153.8
29.8 -80.0
29.7 173.2
29.5 -118.6
29.2 148.6
29.5 -67.5
29.2 173.3
29.2 -21.6
29.5 -107.2
29.6 29.9
29.7 -55.3
29.6 -72.2
29.4 -148.9
29.2 -97.7
29.2 73.8
29.7 167.1
29.5 -24.6
29.2 11.3
29.8 116.1
29.5 -84.0
29.8 2.0
29.4 -133.9
29.4 106.3
29.6 76.2
29.7 8.0
29.7 37.3
29.5 131.7
29.7 65.6
29.2 171.6
29.4 151.6
29.3 148.5
29.2 123.1
29.4 56.1
29.5 7.5
29.3 37.2
29.2 87.0
29.4 142.1
29.5 -135.4
29.5 -22.6
29.3 -102.3
29.2 142.0
29.2 -51.7
29.5 -4.8
29.8 -93.3
29.4 76.8
29.2 62.4
29.4 27.3
29.7 84.2
29.8 54.9
29.6 -179.1
29.5 110.1
29.6 141.5
29.5 40.8
29.4 -124.3
29.7 126.7
29.5 13.7
29.8 78.6
29.6 -167.4
29.4 -13.9
29.6 -109.2
29.8 167.8
29.7 -61.6
29.7 -126.4
29.4 -71.4
29.2 -150.7
29.8 30.8
29.5 112.4
29.3 -138.1
29.8 -1.9
29.6 -93.7
29.6 -118.9
29.8 43.7
29.6 -107.8
29.7 43.7
29.2 70.6
29.2 -48.7
29.2 -17.4
29.6 168.5
29.5 7.4
29.5 -120.3
29.8 -143.2
29.6 -173.7
29.3 177.7
29.2 -142.7
29.6 155.9
29.5 35.7
29.4 53.7
29.5 -77.8
29.5 -34.1
29.5 -165.7
29.6 80.2
29.8 9.8
29.5 -144.8
29.7 14.0
29.3 -74.4
29.2 89.4
29.4 174.4
29.8 -153.5
29.7 -25.9
29.4 -12.2
29.3 -162.5
29.3 92.5
29.3 28.2
29.8 -152.7
29.8 75.5
29.8 125.5
29.4 -77.8
29.5 -131.3
29.2 48.6
29.5 10.1
29.3 146.6
29.2 41.9
29.5 25.5
29.6 48.2
29.5 -37.7
29.5 55.0
29.7 69.6
29.3 61.2
29.3 172.3
29.6 -173.1
29.3 45.0
29.7 53.7
29.7 -177.3
29.7 114.8
29.3 175.3
29.7 130.9
29.3 -125.3
29.7 -66.9
29.2 156.2
29.8 -90.1
29.7 112.2
29.3 13.3
29.5 -152.6
29.3 -70.2
29.6 162.7
29.3 -82.2
29.6 164.0
29.7 -174.8
29.2 -11.1
29.2 -46.9
29.4 159.9
29.5 136.2
29.2 76.6
29.3 29.7
29.2 145.6
29.4 86.4
29.7 -0.4
29.6 174.6
29.8 -90.8
29.6 -123.1
29.3 -44.0
29.7 -70.2
29.4 -138.8
29.7 -73.4
29.6 150.0
29.2 -60.4
29.8 -26.2
29.3 -5.3
29.3 155.3
29.2 18.3
29.5 59.0
29.4 -66.2
29.3 -60.7
29.8 0.6
29.5 -137.0
29.2 -69.4
29.7 42.4
29.2 118.8
29.8 70.4
29.2 123.8
29.8 -64.8
29.3 -94.8
29.2 149.3
29.5 54.5
29.7 19.3
29.8 -19.4
29.3 -172.4
29.2 -128.1
29.2 32.9
29.8 -14.4
29.4 35.3
29.6 -105.3
29.5 -128.5
29.6 76.2
29.5 -15.7
29.6 -18.0
29.5 -1.7
29.8 -76.5
29.3 157.3
29.5 -172.7
29.3 60.9
29.7 -94.9
29.5 177.2
29.2 -59.2
29.6 -65.2
29.4 -74.2
29.7 -62.5
29.4 142.8
29.2 -155.9
29.2 -69.3
29.4 154.0
29.6 -157.1
29.8 170.1
29.2 -49.9
29.3 29.8
29.5 69.4
29.4 40.2
29.2 -10.6
29.8 36.8
29.6 -112.7
29.8 -48.5
29.7 36.7
29.5 3.7
29.5 152.9
29.7 133.4
29.5 46.4
29.2 91.3
29.6 5.1
29.2 -59.0
29.5 154.2
29.6 -172.4
29.2 156.5
29.2 -66.9
29.5 -179.8
29.2 171.0
29.7 36.5
29.3 -109.3
29.3 21.6
29.8 -97.2
29.6 112.3
29.8 -6.9
29.6 -26.2
29.6 58.1
29.4 -4.1
29.4 29.1
29.5 149.7
29.7 108.8
29.3 179.4
29.2 -173.0
29.4 106.8
29.3 162.0
29.2 130.6
29.8 -133.3
29.7 42.0
29.6 61.7
29.4 -99.2
29.5 48.0
29.8 -125.9
29.5 -51.5
29.4 -159.7
29.6 115.1
29.7 -155.6
29.6 31.2
29.6 -84.0
29.4 118.4
29.8 141.6
29.5 176.3
29.6 -16.7
29.8 74.6
29.4 -177.2
29.7 -170.2
29.5 -74.0
29.8 -31.7
29.2 79.0
29.8 125.0
29.6 -95.5
29.7 4.2
29.2 114.2
29.2 -132.3
29.4 -96.2
29.5 148.0
29.6 -83.4
29.3 -32.3
29.2 17.5
29.8 -64.6
29.2 -86.5
29.4 -66.0
29.6 98.0
29.3 179.3
29.4 -170.7
29.7 -168.8
29.7 -80.5
29.6 -147.1
29.2 -119.0
29.5 158.9
29.6 76.8
29.6 -74.9
29.4 -78.7
29.3 -11.7
29.4 30.1
29.3 149.3
29.5 -131.3
29.6 -37.1
29.5 -4.1
29.4 -121.3
29.2 96.8
29.2 -155.6
29.7 -84.5
29.6 144.9
29.5 148.1
29.3 121.1
29.5 -99.2
29.2 -46.6
29.8 -50.7
29.5 46.4
29.8 -39.6
29.3 18.0
29.6 -70.8
29.7 165.9
29.2 133.4
29.5 120.5
29.6 -150.5
29.8 -18.6
29.3 32.4
29.3 101.3
29.4 80.3
29.5 140.5
29.5 -165.9
29.8 88.6
29.2 130.5
29.7 -142.3
29.5 65.7
29.7 -69.9
29.5 -48.3
29.2 15.0
29.5 -124.4
29.4 50.2
29.2 110.5
29.5 -54.9
29.5 168.0
29.6 58.5
29.4 -81.0
29.8 154.8
29.2 27.8
29.3 76.2
29.8 -161.8
29.6 -100.6
29.6 -95.3
29.2 -6.3
29.8 20.5
29.4 36.4
29.6 154.3
29.3 76.2
29.4 128.3
29.5 -132.4
29.6 162.7
29.2 110.0
29.7 -140.0
29.2 -70.2
29.3 -116.9
29.4 56.2
29.8 -49.9
29.7 -4.7
29.4 155.3
29.4 166.1
29.8 92.7
29.2 82.1
29.7 -60.8
29.7 -113.1
29.3 -85.4
29.2 14.0
29.3 50.7
29.4 -106.0
29.6 -151.5
29.2 168.6
29.5 -160.1
29.6 -176.9
29.4 -169.4
29.7 99.8
29.6 -97.6
29.4 -103.4
29.3 -156.6
29.7 -22.8
29.6 147.3
29.4 -139.7
29.7 -11.3
29.5 -125.8
29.4 178.0
29.5 45.0
29.2 -37.9
29.4 43.5
29.7 173.3
29.4 -37.8
29.7 -135.3
29.5 84.7
29.6 147.8
29.5 -142.7
29.3 -29.7
29.4 144.0
29.7 68.7
29.5 -85.6
29.7 -26.4
29.8 -168.3
29.4 -73.1
29.4 103.5
29.4 -174.8
29.8 61.2
29.4 -166.7
29.8 97.4
29.7 -94.8
29.2 -79.8
29.5 173.6
29.7 54.4
29.5 -102.7
29.7 -88.4
29.3 -62.3
29.3 33.5
29.5 69.6
29.5 73.2
29.2 -163.2
29.5 -19.5
29.3 143.5
29.3 115.4
29.4 160.1
29.4 45.0
29.2 45.1
29.3 128.5
29.7 112.8
29.5 12.8
29.7 31.4
29.3 -13.8
29.2 -154.6
29.4 -109.3
29.4 -20.2
29.6 91.4
29.3 -124.5
29.3 -66.5
29.3 123.8
29.2 6.0
29.5 -88.1
29.2 -0.7
29.5 111.2
29.7 -174.1
29.2 -39.2
29.3 -115.7
29.3 133.2
29.3 -28.4
29.4 -99.6
29.3 -11.3
29.8 -78.9
29.2 -123.4
29.6 -113.1
29.5 -174.2
29.7 -46.0
29.7 29.5
29.4 62.5
29.5 -166.9
29.5 -108.4
29.5 47.9
29.6 -132.2
29.7 -60.3
29.4 172.8
29.5 -10.1
29.7 -131.5
29.4 133.2
29.4 153.6
29.2 -128.5
29.4 -85.2
29.3 61.4
29.5 -16.0
29.7 105.0
29.2 -145.3
29.2 -129.6
29.5 52.1
29.7 53.8
29.5 -54.6
29.4 -153.7
29.5 -0.3
29.5 11.2
29.3 -175.1
29.3 27.9
29.7 164.3
29.3 29.2
29.4 51.7
29.6 -41.8
29.8 -83.6
29.2 177.2
29.6 96.2
29.3 -27.5
29.8 60.9
29.6 78.4
29.8 114.7
29.5 -140.4
29.2 131.1
29.2 77.5
29.4 25.4
29.7 114.3
29.2 14.9
29.6 3.8
29.8 -31.0
29.5 -162.7
29.4 35.3
29.3 26.7
29.8 157.1
29.5 14.8
29.5 120.4
29.5 -40.6
29.4 112.9
29.4 84.4
29.5 144.7
29.6 -65.1
29.4 2.2
29.4 94.8
29.7 -157.2
29.6 178.7
29.8 70.8
29.3 67.4
29.2 125.5
29.6 -27.4
29.3 -86.9
29.3 -39.6
29.5 175.6
29.7 3.6
29.2 -166.3
29.8 -177.4
29.5 -15.1
29.2 158.7
29.2 -98.3
29.8 14.4
29.2 2.3
29.4 -73.5
29.2 -55.9
29.8 -170.7
29.4 -92.2
29.8 87.2
29.2 -115.6
29.7 -135.5
29.5 -22.4
29.2 -1.3
29.2 -33.7
29.8 159.9
29.8 -51.0
29.7 -136.4
29.2 -137.7
29.5 -34.5
29.7 81.4
29.4 -52.2
29.2 65.7
29.7 -169.9
29.4 118.9
29.5 79.7
29.2 -25.0
29.6 158.2
29.8 -177.5
29.8 134.1
29.4 -11.6
29.8 25.3
29.2 -97.2
29.8 158.3
29.8 -138.1
29.5 -0.1
29.3 110.8
29.4 63.8
29.8 179.9
29.8 160.1
29.2 -178.7
29.3 -47.8
29.8 -165.9
29.4 119.1
29.4 -82.5
29.4 175.5
29.6 -162.7
29.6 -146.6
29.6 -175.3
29.3 150.7
29.5 145.7
29.3 84.9
29.2 -166.7
29.8 83.1
29.8 52.7
29.7 -37.9
29.7 133.1
29.2 -44.4
29.5 119.7
29.2 78.8
29.4 62.8
29.3 38.0
29.3 105.3
29.2 10.5
29.8 -86.7
29.2 71.6
29.3 46.7
29.3 -34.3
29.3 -44.7
29.7 -96.6
29.8 27.0
29.7 167.3
29.7 -40.4
29.2 -137.6
29.7 17.4
29.7 -148.6
29.7 120.9
29.5 -9.5
29.4 151.0
29.5 -108.8
29.8 172.3
29.2 133.5
29.3 129.4
29.8 109.3
29.8 -116.9
29.2 102.8
29.7 58.0
29.3 80.4
29.3 -147.2
29.6 107.1
29.7 -105.8
29.7 -39.5
29.2 -57.1
29.3 -23.7
29.8 -122.6
29.2 168.4
29.8 -159.5
29.6 3.8
29.6 51.3
29.2 64.8
29.3 -139.3
29.7 -145.3
29.8 172.7
29.3 -53.4
29.7 -27.1
29.8 -94.2
29.6 -168.0
29.7 -107.7
29.2 -172.4
29.4 -121.0
29.4 106.4
29.6 124.9
29.7 -0.5
29.2 11.8
29.5 -23.3
29.2 -4.6
29.4 -20.7
29.3 126.4
29.6 -119.9
29.7 -87.5
29.6 -138.4
29.4 90.2
29.7 139.6
29.5 -161.2
29.8 -138.6
29.6 -42.4
29.6 -139.8
29.4 9.6
29.8 -53.8
29.8 -79.4
29.3 108.3
29.8 130.5
29.6 136.2
29.3 -25.5
29.6 64.8
29.7 -35.7
29.4 75.5
29.8 -9.7
29.2 47.3
29.5 -167.5
29.7 1.8
29.6 -28.6
29.8 -32.5
29.5 91.8
29.2 97.4
29.2 -68.4
29.2 -146.2
29.3 28.2
29.3 -30.8
29.4 -173.8
29.8 -100.1
29.7 55.4
29.7 130.4
29.8 -74.5
29.8 -30.3
29.3 -178.7
29.2 -81.8
29.6 118.9
29.3 143.9
29.5 169.6
29.2 -126.6
29.7 -178.0
29.6 173.4
29.5 172.2
29.8 138.3
29.4 -88.4
29.4 159.1
29.5 108.6
29.3 22.9
29.6 -157.8
29.5 162.2
29.4 -25.7
29.2 -173.6
29.2 -108.5
29.6 -45.8
29.2 -138.3
29.3 -102.8
29.4 -75.1
29.7 -95.9
29.4 -136.6
29.3 -169.5
29.3 175.6
29.3 -163.1
29.4 -155.5
29.8 -31.5
29.8 -137.4
29.5 80.3
29.4 -138.7
29.6 -59.7
29.6 -112.9
29.6 -91.2
29.5 177.0
29.5 -112.5
29.4 -113.2
29.5 -65.9
29.3 -155.8
29.7 -19.9
29.5 39.6
29.6 39.0
29.7 47.0
29.8 25.7
29.3 -126.7
29.5 116.6
29.6 22.9
29.6 -142.4
29.2 46.4
29.4 113.8
29.5 -57.4
29.3 -24.4
29.4 163.1
29.3 -50.3
29.6 44.4
29.4 122.1
29.4 -158.3
29.8 63.0
29.7 -96.4
29.4 -106.8
29.6 -70.3
29.7 -33.5
29.7 161.8
29.5 -42.5
29.2 -39.4
29.2 81.8
29.8 82.9
29.8 102.7
29.5 -22.8
29.3 -96.5
29.4 77.1
29.6 -159.4
29.6 -78.4
29.3 -97.5
29.7 2.5
29.7 57.1
29.2 175.8
29.6 -20.3
29.6 133.0
29.4 -164.1
29.6 -66.0
29.5 7.0
29.4 -99.5
29.3 -171.8
29.8 -102.9
29.2 79.2
29.3 -147.8
29.6 -96.7
29.7 -166.4
29.8 -30.7
29.8 -28.3
29.3 -136.7
29.6 -24.6
29.3 135.2
29.6 65.7
29.3 21.8
29.6 174.3
29.2 111.5
29.6 -126.4
29.7 47.5
29.3 126.4
29.3 115.1
29.4 56.7
29.8 37.8
29.8 -80.8
29.6 -178.6
29.6 43.7
29.6 48.6
29.2 -102.0
29.2 -52.8
29.2 165.1
29.3 58.3
29.3 8.1
29.8 64.4
29.8 119.6
29.7 107.3
29.5 -26.4
29.2 -125.2
29.3 -24.2
29.6 15.5
29.8 -70.1
29.7 -119.1
29.6 -108.1
29.6 87.6
29.5 -151.8
29.2 -151.5
29.3 14.0
29.7 -81.9
29.8 86.7
29.5 -1.3
29.7 -85.8
29.7 -172.7
29.7 -21.3
29.4 13.0
29.2 69.6
29.5 -55.5
29.7 -124.4
29.2 152.8
29.8 -150.2
29.4 12.3
29.6 -74.6
29.6 -3.3
29.2 -137.5
29.5 -28.3
29.5 77.1
29.5 -109.5
29.7 86.6
29.7 -26.0
29.4 -40.4
29.2 114.8
29.6 25.7
29.7 -151.5
29.5 -20.4
29.7 123.8
29.8 167.1
29.4 -102.5
29.3 91.9
29.5 42.0
29.2 -11.1
29.7 -86.2
29.5 79.1
29.8 67.5
29.3 61.8
29.6 -34.0
29.4 38.7
29.7 145.5
29.6 150.2
29.4 60.6
29.7 -79.3
29.2 -30.7
29.2 140.3
29.7 -84.8
29.8 -144.0
29.7 -163.3
29.8 -18.9
29.2 -163.7
29.6 94.5
29.5 -39.2
29.4 -44.6
29.2 -87.4
29.8 -67.1
29.8 153.4
29.5 62.3
29.2 -52.2
29.8 133.4
29.6 80.9
29.2 154.1
29.6 156.0
29.6 -36.5
29.5 -134.8
29.5 -161.8
29.6 99.7
29.7 145.0
29.3 -176.0
29.4 -2.5
29.3 -170.5
29.5 165.0
29.4 23.7
29.7 -152.9
29.3 135.7
29.8 -101.2
29.5 -10.8
29.8 -52.3
29.5 157.9
29.8 -127.0
29.4 35.5
29.2 179.5
29.7 14.1
29.5 -69.4
29.6 75.1
29.4 -55.0
29.4 143.9
29.5 -102.4
29.5 -97.4
29.5 -126.0
29.8 -179.7
29.7 74.7
29.3 -79.4
29.8 -35.1
29.7 113.3
29.3 -163.4
29.6 -80.7
29.7 -65.9
29.4 75.6
29.4 -133.5
29.2 78.2
29.4 150.2
29.8 -68.4
29.5 -150.6
29.6 -112.4
29.4 -32.5
29.2 -48.8
29.6 -27.7
29.5 159.5
29.5 45.3
29.7 60.5
29.2 -13.1
29.3 77.9
29.6 8.2
29.3 155.9
29.2 39.2
29.2 56.4
29.4 -84.1
29.7 57.0
29.8 -167.6
29.7 -141.2
29.6 107.4
29.7 -147.7
29.7 52.0
29.3 27.2
29.2 -65.2
29.4 74.2
29.8 162.5
29.3 -62.3
29.5 40.6
29.7 55.5
29.6 62.6
29.3 4.1
29.5 -165.1
29.5 113.9
29.2 100.7
29.2 -77.8
29.7 152.9
29.4 -61.9
29.8 -118.6
29.2 37.2
29.8 147.9
29.3 -167.1
29.4 -86.3
29.8 131.2
29.7 -40.8
29.7 44.2
29.2 118.4
29.2 10.5
29.4 -155.6
29.6 -9.2
29.5 107.4
29.6 163.5
29.4 57.7
29.7 115.4
29.4 161.8
29.3 125.5
29.6 -85.9
29.7 -89.7
29.7 -176.0
29.3 -123.0
29.6 -36.8
29.4 -99.9
29.8 64.5
29.8 45.1
29.6 45.2
29.5 -51.0
29.2 -125.7
29.7 63.1
29.8 -51.0
29.8 -33.9
29.3 -18.8
29.2 70.7
29.4 144.9
29.3 178.1
29.8 117.4
29.2 -152.8
29.4 71.3
29.7 172.5
29.4 28.0
29.5 139.6
29.8 -96.3
29.6 -39.2
29.5 -63.9
29.5 -110.3
29.6 -62.7
29.8 6.1
29.8 -42.5
29.2 -91.2
29.2 -122.5
29.7 166.4
29.8 152.1
29.8 170.6
29.7 131.0
29.2 94.1
29.7 -64.4
29.3 -32.8
29.8 57.4
29.6 72.2
29.8 46.9
29.3 -111.2
29.3 103.1
29.7 -2.3
29.3 66.7
29.2 -101.9
29.4 3.5
29.8 -50.6
29.3 173.0
29.7 114.0
29.8 -162.0
29.2 -77.3
29.2 -98.3
29.6 -101.7
29.7 -87.0
29.6 -37.3
29.2 -57.4
29.6 123.9
29.4 116.7
29.6 -158.6
29.5 38.3
29.7 -137.4
29.7 -101.1
29.4 -67.5
29.7 26.9
29.8 -164.4
29.5 74.4
29.8 -76.1
29.7 103.2
29.2 -54.7
29.5 -112.4
29.6 155.9
29.3 129.8
29.4 -29.0
29.8 -33.2
29.7 164.8
29.2 6.8
29.5 142.0
29.5 -65.6
29.3 72.5
29.5 -59.3
29.6 -78.8
29.7 121.3
29.3 1.4
29.7 122.2
29.5 -109.1
29.4 -135.0
29.6 19.9
29.8 -108.0
29.5 -23.8
29.3 -101.8
29.3 43.7
29.2 -96.6
29.5 -94.4
29.2 -4.9
29.5 -21.0
29.4 -18.9
29.7 -123.6
29.8 115.5
29.2 -22.9
29.6 -165.3
29.5 67.3
29.3 -75.0
29.3 64.6
29.4 88.2
29.3 -144.4
29.6 -83.2
29.8 -13.7
29.6 95.2
29.8 113.0
29.6 -119.9
29.5 -48.5
29.7 -82.4
29.6 58.6
29.3 75.9
29.2 5.7
29.8 -1.3
29.5 -19.5
29.2 170.4
29.6 110.9
29.7 -179.1
29.5 -20.0
29.8 -124.0
29.8 12.8
29.5 -131.6
29.6 -13.2
29.6 -132.0
29.7 149.5
29.4 -138.8
29.5 -86.4
29.5 -21.2
29.7 -57.3
29.6 87.4
29.7 -173.4
29.4 63.2
29.5 -108.6
29.6 -1.0
29.3 161.5
29.2 17.6
29.6 -143.7
29.6 -49.6
29.3 89.5
29.2 -123.5
29.6 -25.8
29.7 -177.9
29.4 45.0
29.8 -13.1
29.8 148.6
29.7 -79.0
29.5 67.1
29.5 7.7
29.8 48.1
29.8 -75.1
29.5 -23.3
29.8 34.1
29.7 -76.5
29.7 131.2
29.2 173.1
29.7 -13.0
29.6 30.7
29.3 -145.2
29.5 65.0
29.3 158.3
29.8 -73.8
29.7 -76.2
29.7 158.5
29.5 -38.0
29.4 33.2
29.5 151.1
29.7 -75.6
29.3 -62.0
29.5 -95.3
29.3 -129.0
29.3 2.2
29.5 -40.0
29.3 -153.0
29.2 -156.4
29.3 -58.0
29.6 135.8
29.2 91.4
29.6 -128.3
29.3 1.2
29.8 -83.8
29.7 90.7
29.5 139.4
29.4 -12.5
29.7 -126.9
29.4 156.7
29.6 -19.8
29.6 57.2
29.6 -73.3
29.8 125.3
29.7 -173.7
29.8 142.4
29.4 30.4
29.3 31.8
29.3 -141.4
29.4 21.1
29.4 162.5
29.7 -147.8
29.4 137.1
29.3 114.2
29.3 102.2
29.6 -150.6
29.4 164.7
29.8 -52.0
29.6 -179.1
29.3 -128.1
29.2 150.7
29.5 64.3
29.5 -17.0
29.6 93.4
29.5 -135.9
29.2 -13.5
29.6 -38.6
29.8 63.4
29.3 133.4
29.6 -156.3
29.6 -176.6
29.5 -116.6
29.8 -30.2
29.3 89.7
29.2 -0.3
29.4 -107.1
29.2 155.6
29.7 151.3
29.8 148.2
29.4 -9.7
29.6 9.5
29.3 133.9
29.6 -4.8
29.8 79.5
29.6 109.9
29.8 14.4
29.3 71.3
29.6 16.4
29.3 -175.8
29.5 -73.2
29.8 -112.6
29.8 154.0
29.4 -128.2
29.8 -168.3
29.4 -159.7
29.8 127.4
29.3 -106.3
29.8 -169.2
29.7 108.8
29.4 27.8
29.8 -71.5
29.2 162.3
29.8 -49.8
29.4 51.2
29.4 19.8
29.7 53.2
29.3 -107.3
29.6 -39.6
29.2 -112.5
29.4 -120.5
29.2 -15.7
29.2 -52.3
29.3 -166.4
29.5 137.1
29.4 143.8
29.7 171.3
29.6 132.5
29.8 167.1
29.4 -112.7
29.3 -132.8
29.4 -68.7
29.5 -90.8
29.4 -52.7
29.7 43.4
29.2 -52.9
29.4 -67.2
29.4 24.8
29.2 179.5
29.2 114.0
29.8 -104.2
29.2 131.7
29.2 149.9
29.3 135.7
29.7 -3.0
29.5 -89.7
29.7 -59.8
29.3 -120.5
29.2 120.5
29.8 89.2
29.7 31.9
29.7 -93.4
29.7 -22.2
29.2 -59.8
29.2 -115.2
29.2 -151.1
29.3 131.8
29.4 -142.1
29.6 170.2
29.6 -111.1
29.3 26.7
29.8 41.6
29.6 95.7
29.7 -88.8
29.4 33.4
29.2 30.2
29.2 46.8
29.5 124.9
29.4 -121.5
29.3 1.7
29.4 -60.8
29.8 -85.9
29.3 116.6
29.3 2.9
29.8 135.7
29.2 -170.9
29.7 145.9
29.4 -135.8
29.4 162.0
29.4 107.9
29.2 146.0
29.5 -4.4
29.4 85.1
29.7 -47.6
29.2 -79.3
29.6 -178.1
29.2 174.8
29.4 -59.0
29.7 -121.9
29.6 -46.7
29.8 -69.4
29.2 -88.9
29.8 23.2
29.5 53.0
29.2 -79.2
29.8 115.6
29.6 -50.8
29.3 -5.4
29.8 -118.0
29.8 92.9
29.5 -4.0
29.8 32.7
29.6 -63.9
29.4 27.6
29.2 -72.2
29.3 -161.9
29.3 133.4
29.4 29.9
29.4 -105.4
29.8 76.9
29.8 169.2
29.2 -22.8
29.7 38.7
29.7 -112.4
29.6 13.7
29.8 93.5
29.7 -94.6
29.8 105.8
29.5 110.1
29.2 25.8
29.5 -150.7
29.3 -93.6
29.3 68.0
29.2 -125.6
29.8 29.4
29.5 -42.2
29.6 -121.3
29.5 -32.9
29.4 1.7
29.2 -151.7
29.4 -154.6
29.7 35.2
29.2 -112.2
29.8 -37.5
29.6 -75.4
29.7 -38.9
29.8 -52.8
29.3 126.9
29.2 174.0
29.4 157.6
29.2 47.5
29.7 52.1
29.8 60.5
29.4 -146.2
29.3 -31.1
29.2 87.7
29.6 -176.2
29.3 -64.8
29.3 -86.0
29.8 -5.1
29.5 -103.8
29.5 67.6
29.8 -81.5
29.8 38.3
29.8 -69.3
29.3 115.7
29.7 -38.6
29.8 -85.5
29.8 -78.0
29.6 179.0
29.8 10.3
29.3 160.1
29.3 124.5
29.3 -84.2
29.3 3.2
29.6 -27.8
29.2 -38.3
29.5 -162.3
29.5 -30.8
29.3 152.5
29.4 82.1
29.7 -27.0
29.6 86.3
29.2 -114.8
29.6 110.8
29.8 79.0
29.2 150.7
29.2 -34.7
29.3 -15.4
29.4 48.8
29.4 -113.2
29.7 172.6
29.7 70.9
29.6 -176.3
29.4 -103.4
29.8 34.9
29.3 -20.6
29.4 -158.0
29.4 -94.5
29.7 -106.2
29.8 -113.5
29.2 -127.6
29.7 137.2
29.6 47.4
29.4 173.9
29.8 119.9
29.3 127.3
29.6 -80.6
29.5 -47.0
29.5 -26.8
29.4 -101.0
29.3 8.1
29.7 26.1
29.7 39.1
29.6 32.3
29.4 127.8
29.7 -84.2
29.3 51.0
29.8 -67.1
29.2 -90.1
29.4 120.0
29.4 92.9
29.8 -112.4
29.8 -179.5
29.6 -149.7
29.7 -130.0
29.5 172.0
29.8 -2.1
29.3 98.4
29.2 -50.5
29.7 -19.9
29.2 59.7
29.6 87.7
29.2 -40.8
29.4 134.4
29.3 137.6
29.4 -175.8
29.5 -123.3
29.4 -107.1
29.3 92.2
29.5 -139.0
29.4 -137.4
29.6 -149.5
29.3 -33.9
29.8 -92.2
29.3 174.6
29.5 87.9
29.4 69.2
29.7 -4.9
29.3 -68.9
29.6 -7.6
29.4 118.9
29.7 -50.7
29.7 -16.6
29.8 62.9
29.6 -44.5
29.8 48.0
29.2 -32.9
29.2 48.9
29.8 -57.6
29.8 -56.3
29.2 -145.3
29.7 1.4
29.2 -57.9
29.3 47.3
29.4 -139.0
29.5 -132.7
29.3 -48.7
29.6 70.4
29.6 29.0
29.8 20.5
29.4 152.1
29.6 -102.3
29.6 62.0
29.2 -127.9
29.4 -1.8
29.8 -143.6
29.2 -57.6
29.5 -128.2
29.6 -135.5
29.4 43.2
29.5 53.9
29.6 160.3
29.4 97.3
29.6 -49.9
29.6 98.9
29.6 -69.3
29.8 134.0
29.7 -170.0
29.6 -130.1
29.4 20.3
29.4 -111.8
29.6 175.9
29.4 104.7
29.3 0.5
29.2 61.9
29.3 64.9
29.7 49.2
29.8 131.1
29.5 -169.1
29.5 7.8
29.6 61.9
29.5 0.7
29.8 -138.2
29.4 -148.2
29.6 -97.0
29.7 54.7
29.6 34.1
29.7 -8.0
29.3 13.4
29.3 118.3
29.2 131.2
29.4 -74.0
29.5 143.4
29.4 -23.0
29.7 -126.7
29.7 -0.8
29.3 18.3
29.6 -133.9
29.7 -159.3
29.4 -18.0
29.6 -124.7
29.7 -94.9
29.3 2.4
29.5 143.3
29.2 -15.4
29.5 -89.2
29.4 179.7
29.4 -53.7
29.6 -11.2
29.5 -52.3
29.7 87.9
29.5 167.5
29.8 41.7
29.6 -3.4
29.6 121.7
29.5 -3.7
29.7 25.5
29.7 86.2
29.4 168.7
29.2 -136.6
29.5 141.2
29.3 -80.8
29.6 -18.9
29.4 -65.7
29.7 -31.4
29.4 117.4
29.5 -76.2
29.2 172.9
29.5 53.5
29.6 -57.2
29.4 158.3
29.2 -92.9
29.2 -149.2
29.6 -53.3
29.5 -127.0
29.5 -177.0
29.6 -45.5
29.5 -14.6
29.5 62.7
29.6 -169.1
29.2 171.8
29.2 -177.3
29.5 -31.8
29.4 -119.2
29.4 175.3
29.2 -68.2
29.5 48.1
29.4 -22.8
29.7 -72.7
29.3 -71.4
29.3 -171.1
29.8 -90.5
29.4 -136.1
29.7 4.4
29.4 -175.3
29.6 52.8
29.2 -121.4
29.4 -173.0
29.2 156.6
29.2 -36.5
29.2 -98.4
29.7 125.3
29.2 104.5
29.4 -56.4
29.4 36.5
29.4 -73.0
29.6 -90.9
29.8 -65.8
29.8 101.6
29.5 154.6
29.7 144.0
29.4 17.8
29.8 8.3
29.6 -120.3
29.8 -77.2
29.2 -43.4
29.6 108.7
29.2 144.3
29.3 109.7
29.7 -20.1
29.4 -29.8
29.6 21.7
29.7 -161.5
29.3 107.2
29.6 -10.6
29.6 -38.6
29.8 34.6
29.4 166.3
29.5 -165.7
29.6 -57.2
29.5 -15.9
29.2 36.5
29.4 -93.4
29.2 41.0
29.8 -81.2
29.6 -102.6
29.3 22.9
29.7 -136.8
29.2 -30.0
29.2 -103.6
29.2 -117.6
29.6 103.0
29.5 -152.7
29.4 -30.0
29.6 50.2
29.2 -21.6
29.4 -177.7
29.3 137.4
29.7 -154.2
29.5 115.3
29.4 -150.5
29.5 108.5
29.6 26.8
29.7 -171.3
29.6 37.1
29.6 -33.7
29.3 38.0
29.8 -68.6
29.7 -11.2
29.2 21.8
29.5 -90.8
29.6 168.4
29.5 25.3
29.8 105.8
29.5 -140.9
29.4 90.7
29.3 -31.2
29.8 120.8
29.5 -94.1
29.7 2.5
29.7 44.9
29.2 -127.4
29.3 48.3
29.4 63.1
29.5 75.5
29.5 -104.0
29.7 95.2
29.5 1.6
29.5 105.1
29.2 86.6
29.6 63.4
29.3 -147.4
29.8 26.6
29.7 122.7
29.2 -151.6
29.7 -114.4
29.5 -171.0
29.5 71.1
29.2 -67.7
29.2 -75.4
29.7 -46.0
29.7 2.7
29.2 -104.9
29.4 -95.3
29.3 -153.4
29.8 59.4
29.5 93.9
29.8 37.2
29.6 -104.4
29.2 148.0
29.8 -64.7
29.8 177.0
29.3 162.0
29.7 11.8
29.8 117.2
29.7 112.3
29.2 -148.0
29.4 130.6
29.2 129.5
29.4 -157.7
29.8 -48.1
29.4 -103.6
29.8 -91.4
29.3 -14.0
29.6 18.9
29.6 3.2
29.5 177.8
29.7 88.7
29.4 78.5
29.2 84.2
29.2 131.9
29.5 -167.7
29.5 -38.2
29.7 101.1
29.3 8.3
29.4 77.6
29.8 -60.0
29.8 -174.3
29.6 -82.2
29.2 23.1
29.6 -44.1
29.5 -14.1
29.6 -143.3
29.3 38.8
29.3 -89.9
29.8 -134.0
29.4 -30.2
29.8 -48.8
29.6 31.4
29.4 33.0
29.7 5.9
29.6 94.9
29.7 94.8
29.3 164.8
29.8 102.5
29.4 44.3
29.4 -135.7
29.2 -157.7
29.5 -160.2
29.6 111.3
29.7 14.4
29.7 -113.1
29.4 45.7
29.8 -74.1
29.8 -99.3
29.6 -148.2
29.5 164.5
29.7 -137.3
29.2 -37.8
29.4 6.9
29.6 -134.5
29.3 133.4
29.2 176.4
29.4 -9.3
29.7 -133.0
29.2 -54.1
29.3 89.4
29.5 -39.5
29.7 41.2
29.2 32.0
29.3 -59.7
29.7 -141.4
29.4 -74.6
29.5 -176.1
29.3 -156.2
29.4 -122.3
29.2 -23.0
29.3 -105.8
29.2 -3.0
29.4 -10.6
29.3 -3.0
29.3 -159.6
29.4 53.5
29.5 -43.6
29.7 57.5
29.4 46.7
29.6 -32.9
29.3 -77.7
29.4 166.5
29.8 65.5
29.8 -52.7
29.6 89.8
29.2 134.1
29.6 172.7
29.3 -36.2
29.5 90.0
29.7 -167.7
29.5 57.3
29.7 16.7
29.7 75.5
29.6 -178.1
29.3 -108.3
29.7 122.6
29.7 -33.1
29.5 -154.4
29.6 -50.5
29.6 70.6
29.3 172.2
29.8 118.3
29.3 -14.1
29.2 -118.1
29.7 53.1
29.2 16.5
29.5 -29.8
29.4 -56.0
29.8 -157.7
29.8 178.2
29.2 -159.7
29.8 -166.7
29.8 -35.2
29.2 -65.4
29.3 -158.0
29.7 48.6
29.7 -55.2
29.5 94.0
29.7 -100.7
29.5 101.6
29.3 60.3
29.5 -117.4
29.8 161.4
29.5 171.2
29.4 -122.1
29.4 23.0
29.4 25.1
29.7 -19.6
29.2 -9.8
29.7 -85.6
29.3 15.2
29.2 -58.6
29.4 140.1
29.7 -14.3
29.7 -63.3
29.4 86.8
29.3 -144.5
29.3 122.5
29.2 166.2
29.7 30.7
29.4 -66.7
29.5 -142.8
29.7 5.0
29.6 -41.5
29.8 -152.3
29.4 -77.6
29.2 121.2
29.5 -82.1
29.4 -175.3
29.7 35.7
29.8 85.9
29.5 -146.6
29.3 102.1
29.2 53.3
29.7 -80.3
29.4 -37.5
29.3 -127.3
29.3 -178.4
29.8 112.3
29.2 -32.1
29.4 -61.7
29.3 2.7
29.3 124.3
29.2 55.8
29.6 -80.8
29.4 165.4
29.7 -135.8
29.4 126.4
29.2 89.6
29.7 -115.3
29.7 -1.3
29.4 -127.5
29.7 121.9
29.4 -71.1
29.7 119.5
29.5 -70.8
29.4 157.3
29.3 127.4
29.7 -137.4
29.2 -119.2
29.3 -159.8
29.5 -33.2
29.7 159.9
29.3 40.9
29.6 -77.0
29.7 -91.1
29.7 143.0
29.8 -111.8
29.3 120.8
29.3 -126.0
29.2 84.1
29.8 -51.8
29.7 -170.0
29.8 173.1
29.4 -90.9
29.5 -70.5
29.6 -165.0
29.5 -91.4
29.3 -85.2
29.5 -105.5
29.4 -29.9
29.2 -145.5
29.8 -45.0
29.2 112.9
29.5 -154.8
29.8 -33.7
29.6 -114.9
29.4 -179.2
29.5 0.4
29.5 -137.3
29.5 142.8
29.7 113.7
29.5 58.6
29.2 -17.1
29.6 66.8
29.2 -93.8
29.5 135.8
29.7 160.1
29.4 -126.4
29.2 176.9
29.6 -5.2
29.5 103.0
29.2 -16.9
29.3 -34.8
29.2 97.4
29.7 -96.9
29.3 -9.7
29.4 -131.8
29.4 134.1
29.6 117.3
29.5 -91.8
29.6 -112.1
29.4 -120.9
29.7 145.1
29.7 55.9
29.5 11.2
29.2 115.3
29.2 -59.2
29.8 132.9
29.4 92.1
29.4 -171.2
29.8 120.7
29.4 -168.2
29.6 47.8
29.3 19.7
29.4 176.9
29.7 -76.5
29.3 -17.8
29.3 -152.3
29.7 95.1
29.5 99.4
29.6 -35.5
29.4 -129.3
29.4 -36.7
29.6 -93.8
29.5 -115.9
29.7 -129.5
29.2 93.9
29.5 88.7
29.3 38.4
29.8 -43.1
29.8 46.6
29.2 99.9
29.3 137.9
29.7 166.2
29.5 -138.6
29.4 -95.3
29.6 -144.8
29.7 -173.9
29.8 149.1
29.4 -31.0
29.8 -77.8
29.5 133.1
29.5 -3.3
29.6 83.1
29.8 65.2
29.7 -14.6
29.2 -69.5
29.6 150.7
29.6 43.0
29.8 -48.4
29.2 42.2
29.8 -174.8
29.8 1.8
29.2 86.2
29.4 113.7
29.8 4.0
29.2 74.4
29.7 62.2
29.7 93.8
29.8 116.4
29.5 -164.5
29.3 5.8
29.3 -78.0
29.2 -155.3
29.7 -151.6
29.6 -35.6
29.4 22.8
29.3 73.5
29.5 171.1
29.7 -4.7
29.3 34.6
29.6 -29.1
29.7 -128.7
29.5 105.4
29.3 -171.3
29.2 -140.8
29.4 58.5
29.3 160.4
29.6 31.7
29.2 -44.3
29.7 -103.6
29.2 56.2
29.5 79.8
29.7 38.7
29.3 24.3
29.4 -174.1
29.8 43.5
29.4 178.0
29.6 -159.9
29.7 -109.8
29.5 -119.8
29.6 63.2
29.5 -15.5
29.7 -70.6
29.8 48.5
29.4 -93.4
29.7 -99.9
29.2 -125.8
29.3 -172.6
29.5 -119.0
29.8 -42.9
29.5 -79.3
29.2 -126.2
29.3 -159.1
29.8 117.0
29.6 112.9
29.5 -64.6
29.5 -53.9
29.3 -140.5
29.8 31.1
29.6 -144.5
29.7 -137.0
29.3 -89.4
29.3 105.6
29.2 20.2
29.5 -40.2
29.2 148.4
29.7 -11.8
29.4 74.1
29.8 106.4
29.5 99.9
29.8 -161.5
29.7 130.4
29.7 50.1
29.4 115.0
29.2 -92.0
29.5 29.1
29.4 96.2
29.4 -121.7
29.6 132.7
29.8 -76.6
29.2 -29.2
29.6 68.0
29.5 -170.9
29.2 158.2
29.5 -16.5
29.7 -110.3
29.8 -56.5
29.7 61.6
29.6 104.9
29.6 169.9
29.8 157.3
29.3 -121.2
29.2 -126.3
29.3 -169.7
29.6 110.6
29.3 109.2
29.6 -79.4
29.5 50.6
29.5 -30.5
29.2 140.1
29.4 -158.1
29.4 -130.0
29.8 144.9
29.4 -126.0
29.5 118.3
29.3 -2.3
29.5 -106.9
29.2 -95.9
29.6 3.8
29.7 -131.8
29.3 -141.7
29.3 -69.3
29.5 164.8
29.4 -101.3
29.5 -74.9
29.7 97.5
29.4 78.8
29.8 -77.5
29.6 -6.0
29.4 123.6
29.8 -64.6
29.3 122.9
29.7 8.0
29.7 135.1
29.3 131.5
29.2 -138.9
29.7 -9.1
29.7 138.9
29.4 143.3
29.2 24.9
29.5 171.4
29.6 -154.5
29.5 -175.2
29.4 124.0
29.5 19.5
29.8 -58.7
29.2 103.9
29.7 -121.6
29.7 101.3
29.7 -141.4
29.2 27.0
29.8 -127.2
29.5 -118.3
29.8 -176.3
29.4 144.4
29.3 103.5
29.4 66.0
29.7 -143.8
29.7 171.9
29.6 79.8
29.8 47.6
29.6 -118.6
29.6 95.4
29.4 -1.6
29.2 143.5
29.3 79.6
29.6 -53.1
29.6 -161.5
29.2 -25.6
29.5 -136.3
29.4 -119.1
29.6 169.5
29.3 11.1
29.3 -67.3
29.4 100.9
29.8 24.7
29.4 43.7
29.5 35.0
29.4 36.0
29.4 70.7
29.3 -99.3
29.2 0.1
29.8 -162.3
29.3 131.2
29.3 -129.1
29.2 110.6
29.2 57.1
29.8 153.7
29.5 -44.0
29.6 -98.6
29.3 109.0
29.4 25.2
29.5 -72.9
29.5 26.7
29.3 -171.4
29.7 -122.4
29.5 -17.3
29.6 31.9
29.2 86.5
29.2 172.3
29.3 168.1
29.3 79.5
29.2 -146.8
29.8 28.4
29.6 -30.2
29.7 -38.9
29.7 35.7
29.2 -118.3
29.6 56.7
29.7 20.9
29.7 16.0
29.7 -15.2
29.6 146.5
29.3 -1.2
29.8 -170.1
29.3 -159.4
29.6 104.2
29.4 -126.6
29.2 -111.7
29.7 136.8
29.5 -73.5
29.8 -53.0
29.4 94.4
29.3 -64.8
29.3 107.3
29.4 46.6
29.2 -135.2
29.7 -143.1
29.2 58.2
29.8 -105.5
29.8 37.0
29.3 -103.8
29.8 25.4
29.2 -166.5
29.3 -148.9
29.4 141.9
29.8 163.3
29.3 110.0
29.8 -72.2
29.2 143.8
29.6 96.3
29.7 168.5
29.4 -43.3
29.6 -17.4
29.6 -108.8
29.2 -2.1
29.3 -17.7
29.7 164.3
29.3 -156.5
29.7 -68.5
29.3 63.2
29.4 -157.6
29.7 172.5
29.3 -140.9
29.4 177.4
29.5 -129.7
29.3 -156.6
29.8 -115.0
29.8 159.1
29.3 -174.9
29.6 -160.4
29.4 73.5
29.8 172.1
29.7 -75.4
29.4 -29.4
29.7 -4.5
29.2 24.5
29.3 -4.8
29.2 -114.6
29.2 32.2
29.8 -132.6
29.7 -13.3
29.4 -48.6
29.3 -34.1
29.3 -165.8
29.2 170.9
29.4 69.0
29.4 -134.2
29.8 132.4
29.2 -178.0
29.2 -173.7
29.4 147.0
29.6 110.5
29.3 142.7
29.3 6.7
29.5 153.6
29.3 87.5
29.2 40.0
29.7 106.9
29.4 159.5
29.3 -108.1
29.5 -99.8
29.3 -50.2
29.8 -147.8
29.4 96.2
29.2 -164.7
29.5 -53.2
29.7 143.4
29.5 134.7
29.5 -127.1
29.5 111.1
29.4 110.5
29.7 177.0
29.8 -27.6
29.3 166.6
29.8 -124.8
29.2 -162.7
29.5 114.4
29.4 81.2
29.2 -120.6
29.6 95.9
29.4 110.1
29.3 -123.2
29.2 -165.1
29.6 -170.2
29.2 -112.2
29.8 104.4
29.5 149.7
29.5 74.2
29.6 -59.7
29.3 -95.8
29.3 34.3
29.4 45.8
29.8 -101.3
29.6 125.5
29.8 -45.3
29.6 32.6
29.3 -85.8
29.8 -116.3
29.8 15.8
29.2 -88.2
29.4 24.7
29.8 -172.7
29.2 32.6
29.6 -138.1
29.5 -37.9
29.8 158.5
29.5 -122.2
29.2 -119.9
29.4 -18.4
29.6 94.4
29.6 -38.0
29.8 -73.6
29.5 46.5
29.6 80.3
29.2 -21.3
29.3 -23.9
29.4 18.5
29.6 -172.1
29.8 159.9
29.7 34.2
29.7 -89.0
29.4 -146.6
29.4 132.1
29.8 105.1
29.7 -165.9
29.3 60.1
29.2 -23.3
29.3 42.4
29.4 -23.6
29.7 95.7
29.3 -150.2
29.3 53.4
29.3 -29.8
29.4 14.4
29.2 26.2
29.7 -12.9
29.3 -23.6
29.4 -179.1
29.3 29.0
29.4 -42.9
29.2 51.0
29.8 29.3
29.4 -176.6
29.6 145.9
29.4 -70.6
29.5 -150.1
29.5 48.4
29.3 102.5
29.3 154.9
29.4 -116.3
29.2 -99.5
29.2 128.4
29.2 166.3
29.3 -4.5
29.8 -114.5
29.5 68.6
29.7 149.5
29.7 59.2
29.8 179.9
29.2 143.0
29.7 -178.3
29.3 -16.5
29.7 -93.6
29.7 -16.3
29.6 -62.2
29.4 -107.5
29.7 108.4
29.6 85.4
29.3 65.2
29.5 120.2
29.2 128.5
29.7 67.0
29.8 -63.0
29.3 -98.8
29.5 66.2
29.5 -38.9
29.3 47.2
29.3 128.3
29.4 125.5
29.4 109.9
29.5 -95.2
29.5 -172.9
29.4 -156.9
29.7 -62.0
29.4 3.6
29.6 -46.0
29.2 -102.7
29.7 145.2
29.5 157.3
29.2 -38.7
29.7 100.7
29.5 121.6
29.5 -122.8
29.6 -163.5
29.2 12.1
29.6 -8.6
29.8 43.9
29.4 25.0
29.3 -174.0
29.7 -109.7
29.8 31.4
29.7 56.7
29.2 -39.8
29.3 -142.1
29.2 173.6
29.7 75.9
29.5 111.8
29.6 157.2
29.4 97.6
29.5 1.8
29.8 119.9
29.5 121.5
29.5 -93.3
29.7 145.8
29.3 119.7
29.3 17.3
29.2 -109.5
29.4 174.8
29.8 -73.9
29.4 63.1
29.2 -137.9
29.6 109.0
29.8 -98.1
29.3 -27.0
29.2 -5.2
29.4 -155.8
29.5 -21.8
29.8 13.5
29.7 37.6
29.2 72.6
29.6 -154.5
29.4 -41.4
29.7 174.1
29.6 41.6
29.5 176.2
29.2 -150.0
29.5 -106.1
29.7 22.3
29.5 -39.9
29.2 -109.7
29.2 -104.5
29.6 164.7
29.3 -14.3
29.7 128.8
29.8 -97.1
29.4 -84.4
29.8 -58.5
29.8 -145.4
29.2 102.5
29.4 141.1
29.8 11.1
29.8 -32.8
29.7 45.1
29.8 70.9
29.2 -89.8
29.4 -29.6
29.6 66.0
29.8 134.3
29.3 -36.6
29.3 -105.3
29.3 114.8
29.3 -15.1
29.2 54.6
29.7 97.3
29.2 -169.4
29.6 86.0
29.4 -35.5
29.5 116.8
29.6 52.8
29.2 -59.7
29.6 -116.0
29.2 -136.4
29.7 140.7
29.4 -178.6
29.3 -88.7
29.6 65.4
29.6 171.8
29.6 92.5
29.4 -15.3
29.4 -51.1
29.4 78.4
29.5 112.0
29.8 98.2
29.4 62.7
29.8 151.5
29.5 -151.0
29.3 8.6
29.2 80.4
29.7 80.7
29.3 -11.6
29.5 -11.9
29.8 28.2
29.4 -161.0
29.2 -48.4
29.4 -39.3
29.7 93.9
29.7 30.3
29.6 177.0
29.8 169.7
29.6 14.5
29.8 -107.1
29.7 176.5
29.4 31.0
29.5 -129.4
29.2 -106.3
29.8 -161.3
29.3 7.7
29.6 -33.0
29.6 -2.1
29.2 125.3
29.6 -1.1
29.4 177.5
29.8 160.1
29.6 -107.3
29.5 -115.7
29.4 110.7
29.2 -49.6
29.7 -141.5
29.7 -80.9
29.4 103.3
29.6 -41.8
29.4 -20.1
29.4 179.2
29.8 -177.3
29.3 45.2
29.6 -44.6
29.5 177.3
29.4 83.5
29.5 137.5
29.8 42.1
29.3 -21.7
29.8 -106.0
29.2 90.2
29.4 -79.8
29.4 126.9
29.6 -167.8
29.3 60.6
29.2 61.1
29.5 -61.3
29.3 -123.4
29.5 -158.1
29.8 -46.6
29.8 -24.9
29.2 6.8
29.3 23.2
29.6 59.8
29.6 -63.2
29.8 25.1
29.6 76.5
29.8 131.3
29.4 148.7
29.3 -61.3
29.5 -129.4
29.5 -176.0
29.7 -21.4
29.4 78.6
29.8 -97.3
29.8 -150.0
29.2 163.9
29.8 -84.2
29.4 0.7
29.8 8.4
29.5 24.4
29.4 -25.3
29.6 73.9
29.6 -45.4
29.6 164.4
29.8 82.0
29.8 -11.9
29.5 -145.5
29.5 61.5
29.5 157.5
29.6 144.9
29.8 -147.8
29.3 -125.6
29.6 146.2
29.6 -76.7
29.5 98.0
29.7 -161.7
29.2 143.7
29.6 -86.4
29.7 -130.3
29.2 86.5
29.7 -152.0
29.5 -47.4
29.3 51.6
29.6 175.4
29.2 -11.5
29.3 141.9
29.3 -165.5
29.2 63.6
29.5 -98.4
29.7 -129.7
29.7 29.6
29.2 167.3
29.4 75.8
29.8 -78.3
29.6 169.2
29.2 -92.6
29.8 93.1
29.3 174.7
29.2 -115.7
29.6 3.9
29.4 -124.3
29.5 168.4
29.3 172.2
29.2 -129.3
29.3 -46.2
29.2 83.7
29.8 -95.4
29.4 166.9
29.5 -17.9
29.8 20.8
29.3 107.1
29.2 -96.5
29.7 -116.8
29.5 -5.0
29.6 -6.4
29.3 95.2
29.3 154.8
29.2 34.5
29.8 145.7
29.6 51.0
29.7 101.2
29.3 8.3
29.5 120.7
29.6 -3.7
29.5 -85.9
29.6 -95.7
29.7 40.3
29.8 -43.7
29.5 -103.9
29.6 61.1
29.2 -124.5
29.4 129.1
29.8 70.0
29.3 7.4
29.5 163.9
29.8 -34.6
29.3 -71.9
29.4 -78.9
29.4 -116.1
29.8 161.8
29.2 29.5
29.6 -85.9
29.5 -116.0
29.8 3.5
29.6 -168.2
29.4 39.9
29.8 -128.9
29.6 107.7
29.2 152.4
29.8 167.0
29.4 -6.6
29.4 -128.4
29.2 116.3
29.4 65.3
29.5 -110.2
29.6 168.4
29.3 -56.7
29.3 -0.6
29.6 47.9
29.4 -22.5
29.3 77.7
29.6 -42.8
29.4 -78.7
29.6 -99.8
29.6 -85.0
29.3 125.0
29.4 -150.2
29.2 -75.1
29.2 -115.8
29.3 -23.6
29.2 142.6
29.6 63.6
29.8 47.1
29.7 8.1
29.3 160.8
29.3 -15.2
29.5 97.9
29.7 -77.6
29.4 17.1
29.6 -172.1
29.4 69.5
29.4 -64.5
29.3 -40.3
29.5 -104.5
29.3 135.9
29.2 73.0
29.2 -163.5
29.3 99.3
29.5 -65.5
29.2 -11.3
29.7 103.1
29.2 68.8
29.4 -74.3
29.5 -44.9
29.8 -6.5
29.4 -30.1
29.7 106.2
29.3 -7.5
29.5 51.1
29.5 4.8
29.8 -145.0
29.5 -159.6
29.3 -135.5
29.5 -54.7
29.6 -27.6
29.4 -10.7
29.8 2.5
29.4 -73.4
29.2 144.3
29.6 -118.8
29.6 119.7
29.5 -149.0
29.4 126.6
29.6 26.8
29.7 101.8
29.4 14.8
29.6 -155.6
29.2 103.2
29.3 165.0
29.7 -37.1
29.4 77.5
29.8 -137.0
29.4 20.4
29.3 18.4
29.7 126.3
29.7 -47.3
29.7 120.9
29.5 -153.1
29.5 102.2
29.5 75.4
29.8 0.2
29.4 170.9
29.4 40.4
29.2 93.3
29.5 57.6
29.2 -91.8
29.6 18.5
29.8 -134.7
29.8 15.8
29.7 -61.4
29.7 68.7
29.7 123.1
29.2 149.9
29.4 87.4
29.8 -146.2
29.2 21.5
29.2 -12.0
29.2 -121.6
29.6 -73.6
29.5 -115.9
29.3 38.0
29.7 44.5
29.2 18.5
29.3 -169.7
29.3 163.6
29.2 -88.6
29.6 30.3
29.3 157.0
29.4 14.6
29.5 -2.2
29.6 142.1
29.7 177.4
29.7 31.5
29.6 -106.4
29.8 37.6
29.2 -132.7
29.3 -59.9
29.4 142.2
29.5 -83.5
29.7 88.0
29.7 111.6
29.4 -37.4
29.3 128.9
29.7 -112.5
29.4 14.1
29.5 22.1
29.6 84.4
29.4 -63.4
29.2 -94.6
29.4 84.0
29.8 -22.0
29.6 28.7
29.5 -42.0
29.6 -28.3
29.7 153.5
29.4 -35.3
29.8 -121.1
29.7 57.2
29.8 -27.7
29.4 76.6
29.3 -75.0
29.2 152.9
29.4 -51.7
29.7 135.4
29.2 14.6
29.8 166.8
29.2 -94.4
29.2 -79.2
29.6 -68.3
29.3 108.2
29.7 47.2
29.6 85.3
29.8 -74.3
29.2 -140.8
29.4 97.4
29.6 -20.6
29.5 44.7
29.2 126.7
29.4 -43.3
29.5 -143.1
29.4 -143.5
29.5 -110.8
29.4 144.6
29.4 -4.1
29.3 157.6
29.8 -18.6
29.6 -172.8
29.8 141.1
29.6 134.6
29.8 -169.3
29.2 31.1
29.8 74.1
29.5 37.4
29.7 163.9
29.2 -162.2
29.8 60.4
29.4 54.7
29.3 -173.4
29.7 -145.4
29.8 10.7
29.4 21.5
29.4 -132.8
29.3 68.9
29.8 56.6
29.8 18.7
29.3 170.4
29.8 152.4
29.2 -139.3
29.4 95.4
29.3 -81.2
29.5 140.3
29.3 82.5
29.8 -61.0
29.8 129.4
29.3 -173.5
29.2 176.0
29.3 142.3
29.2 151.8
29.8 61.6
29.5 149.7
29.5 -169.3
29.4 -134.9
29.4 -145.2
29.7 -92.2
29.3 -154.7
29.3 -21.6
29.3 176.0
29.4 -84.3
29.2 -19.8
29.3 3.5
29.3 -164.7
29.2 109.8
29.6 -127.2
29.4 -76.3
29.5 -155.1
29.7 24.9
29.3 43.7
29.3 113.6
29.7 -14.0
29.4 -141.2
29.4 -141.8
29.5 -172.9
29.5 -91.6
29.8 159.3
29.2 158.0
29.2 150.3
29.6 -7.5
29.4 65.8
29.6 -103.4
29.5 169.9
29.4 73.1
29.7 147.3
29.2 10.1
29.3 25.4
29.6 -152.3
29.3 -162.4
29.7 176.5
29.7 110.2
29.2 137.7
29.5 153.2
29.5 167.3
29.3 -145.6
29.4 -61.4
29.7 35.2
29.8 -80.1
29.7 -53.0
29.2 -34.8
29.8 120.0
29.3 -79.4
29.4 -18.4
29.4 124.7
29.2 -70.8
29.8 -145.9
29.3 121.0
29.7 -40.9
29.5 -147.2
29.6 -132.1
29.7 -63.7
29.8 82.4
29.4 12.0
29.2 -173.2
29.5 90.3
29.2 63.4
29.8 137.6
29.2 90.8
29.4 -152.6
29.2 -136.2
29.2 -108.4
29.5 -173.8
29.6 79.8
29.5 -63.1
29.8 -78.1
29.5 179.6
29.8 66.4
29.5 -75.2
29.7 -0.8
29.7 132.3
29.3 -86.2
29.3 119.7
29.4 -170.1
29.6 96.0
29.3 160.9
29.4 -91.1
29.4 132.6
29.2 75.2
29.4 -109.4
29.5 -120.1
29.4 -88.1
29.3 125.8
29.6 -28.4
29.8 151.6
29.7 87.5
29.2 155.4
29.7 129.8
29.5 62.9
29.3 135.7
29.4 176.8
29.6 -61.6
29.3 -0.8
29.7 106.1
29.4 -66.5
29.5 -178.6
29.2 -95.7
29.2 158.3
29.5 166.6
29.4 90.8
29.4 -164.2
29.2 -22.9
29.5 -85.4
29.4 -83.6
29.7 -113.6
29.8 -128.6
29.6 -1.2
29.4 74.2
29.7 166.2
29.7 167.3
29.7 -88.0
29.3 -76.6
29.4 92.2
29.5 -58.7
29.3 -53.4
29.5 36.9
29.5 -54.6
29.6 -131.5
29.8 -144.1
29.7 -67.5
29.3 -68.1
29.4 175.6
29.3 -100.8
29.8 23.6
29.2 165.0
29.5 -15.1
29.5 -170.2
29.4 -96.5
29.4 85.0
29.2 -84.2
29.3 -28.1
29.3 -6.2
29.7 61.7
29.8 -127.7
29.5 17.4
29.2 30.0
29.6 -21.1
29.2 -109.8
29.5 -169.7
29.4 38.5
29.4 114.9
29.3 82.5
29.8 26.7
29.3 -38.4
29.7 -74.1
29.2 -121.8
29.5 -74.9
29.7 -174.7
29.8 104.5
29.5 -85.5
29.8 -127.5
29.7 81.3
29.6 -115.0
29.8 99.7
29.3 -19.7
29.3 80.8
29.5 -103.4
29.8 134.8
29.3 159.5
29.3 129.9
29.6 68.8
29.2 -91.4
29.4 -24.9
29.6 -9.1
29.5 161.6
29.3 -148.4
29.3 -55.1
29.4 -104.3
29.3 -0.6
29.5 0.2
29.8 -46.6
29.6 169.8
29.4 -105.5
29.5 -131.8
29.6 51.1
29.8 -125.6
29.7 16.4
29.6 -151.1
29.4 -28.2
29.6 81.2
29.8 -159.8
29.6 -97.6
29.8 -124.2
29.6 70.1
29.7 -111.4
29.2 -135.0
29.4 -113.7
29.6 62.2
29.6 -10.5
29.8 14.5
29.5 -61.3
29.2 -104.4
29.2 42.0
29.4 -43.3
29.3 -45.6
29.8 157.3
29.8 -19.2
29.7 -50.0
29.4 -131.9
29.5 102.0
29.3 -174.7
29.8 -31.2
29.8 -72.8
29.6 -52.7
29.4 56.4
29.4 52.3
29.6 -139.1
29.5 45.1
29.4 62.5
29.7 -73.1
29.5 134.6
29.3 -178.2
29.2 -121.0
29.7 -17.9
29.2 -113.2
29.5 -126.1
29.6 61.3
29.4 153.9
29.6 -31.3
29.4 -84.7
29.3 73.2
29.5 115.1
29.4 -74.3
29.3 -152.7
29.4 -103.1
29.7 15.4
29.3 -131.4
29.5 157.0
29.7 -20.9
29.6 -135.2
29.2 -41.8
29.8 -51.9
29.3 -48.4
29.7 18.1
29.7 -146.6
29.5 40.3
29.4 -88.8
29.5 -129.1
29.5 -34.3
29.3 -164.6
29.3 137.8
29.7 -11.0
29.5 58.1
29.3 124.2
29.3 20.0
29.7 -2.0
29.5 97.9
29.7 7.8
29.5 58.3
29.4 64.7
29.8 -30.5
29.8 -151.6
29.5 -89.5
29.5 87.8
29.6 82.9
29.8 108.9
29.8 144.1
29.7 -122.7
29.2 -106.0
29.5 -25.7
29.4 0.6
29.3 -12.8
29.6 -71.4
29.4 -117.1
29.7 -53.7
29.3 -91.3
29.2 147.5
29.5 -108.6
29.3 121.8
29.6 -55.7
29.3 -87.4
29.6 75.6
29.8 -114.0
29.4 -6.1
29.2 49.3
29.6 -126.2
29.8 -49.3
29.8 -116.6
29.3 141.3
29.2 -123.7
29.5 168.9
29.4 98.3
29.7 -87.7
29.5 24.6
29.7 -20.8
29.4 -111.0
29.4 -158.1
29.7 -41.3
29.7 -72.3
29.8 -37.1
29.6 -68.9
29.7 37.2
29.8 -17.0
29.5 131.3
29.8 57.1
29.2 -53.1
29.3 -112.4
29.7 -167.3
29.7 130.0
29.5 -155.9
29.2 -78.8
29.8 11.1
29.5 68.0
29.5 -138.7
29.6 -67.3
29.6 67.7
29.5 31.1
29.3 -159.5
29.7 35.7
29.5 -41.8
29.8 -10.4
29.8 53.8
29.3 45.4
29.4 47.2
29.5 -161.2
29.8 -150.1
29.3 79.4
29.5 -21.9
29.2 -74.2
29.3 -121.9
29.2 118.6
29.7 177.2
29.6 60.9
29.2 -101.3
29.4 -0.3
29.7 -75.7
29.5 -142.9
29.4 -38.6
29.6 44.4
29.2 88.0
29.2 -5.1
29.2 98.2
29.5 -106.2
29.2 -128.1
29.4 -74.1
29.2 48.3
29.5 65.9
29.6 -155.7
29.2 -21.7
29.2 -41.7
29.8 139.7
29.8 -22.5
29.6 -44.2
29.4 -90.6
29.5 42.5
29.8 -106.4
29.5 30.2
29.3 37.0
29.3 78.2
29.3 113.9
29.2 29.0
29.4 58.7
29.4 122.7
29.8 -128.1
29.4 -174.2
29.5 4.4
29.4 83.1
29.8 -27.5
29.4 15.7
29.8 134.0
29.6 -110.5
29.2 20.9
29.3 114.3
29.5 -146.1
29.2 61.8
29.2 -68.4
29.4 140.2
29.2 -164.0
29.3 73.1
29.2 14.1
29.5 -91.7
29.2 -40.6
29.7 -179.9
29.4 -150.0
29.3 -176.1
29.6 179.4
29.5 106.6
29.4 3.3
29.6 -6.8
29.5 148.5
29.7 -164.8
29.4 -119.1
29.5 165.4
29.3 -111.6
29.7 154.9
29.6 147.6
29.3 100.7
29.8 -125.6
29.6 49.0
29.7 126.8
29.2 -111.7
29.3 -43.5
29.7 -118.6
29.6 -49.2
29.6 -172.8
29.8 24.7
29.8 -85.6
29.6 -76.9
29.8 -7.4
29.6 -31.5
29.5 -106.2
29.8 30.5
29.6 -126.7
29.4 10.3
29.6 84.4
29.6 165.5
29.2 178.2
29.3 -22.3
29.7 7.2
29.2 -55.6
29.3 122.8
29.3 -133.1
29.5 -115.2
29.7 127.2
29.2 56.4
29.7 35.1
29.2 -138.0
29.3 124.5
29.2 -19.3
29.7 27.9
29.3 -78.0
29.6 132.7
29.6 -34.5
29.5 169.9
29.2 134.0
29.4 -98.0
29.5 -96.8
29.7 29.0
29.8 13.8
29.7 35.6
29.6 -13.2
29.3 115.4
29.8 -128.7
29.2 39.2
29.5 24.8
29.3 12.1
29.8 -4.6
29.8 141.9
29.2 -94.6
29.5 -56.2
29.4 161.2
29.6 31.2
29.8 69.7
29.5 -137.4
29.6 -133.5
29.2 163.9
29.5 -20.9
29.4 72.3
29.3 169.4
29.2 72.6
29.4 -171.3
29.6 151.2
29.5 -120.4
29.5 155.2
29.5 -20.0
29.6 -80.6
29.5 124.5
29.4 -144.3
29.6 -63.9
29.5 -156.9
29.7 71.6
29.2 110.9
29.5 21.3
29.4 -3.9
29.6 -55.1
29.2 35.2
29.3 -111.7
29.5 52.7
29.7 -145.5
29.3 7.9
29.6 41.8
29.6 -14.2
29.2 163.3
29.8 10.7
29.4 99.7
29.5 -3.0
29.6 -44.3
29.7 -127.9
29.4 -58.7
29.6 178.0
29.4 -53.0
29.5 114.7
29.7 -140.7
29.6 -26.6
29.6 110.2
29.2 -81.5
29.6 -166.0
29.7 53.3
29.3 -74.3
29.8 -168.2
29.4 12.7
29.8 122.0
29.3 31.7
29.6 -44.4
29.4 -127.5
29.3 38.9
29.3 81.7
29.6 109.8
29.5 56.0
29.3 25.1
29.8 74.6
29.2 53.2
29.5 -57.1
29.5 1.0
29.7 -94.6
29.3 -95.9
29.2 116.5
29.5 -103.4
29.3 115.2
29.4 -59.1
29.8 165.6
29.8 -97.9
29.8 143.6
29.8 -76.6
29.4 20.4
29.8 15.9
29.7 -13.0
29.3 98.7
29.2 -89.5
29.8 168.7
29.7 -57.4
29.3 104.1
29.8 109.1
29.7 27.1
29.5 32.8
29.3 -137.9
29.4 -42.0
29.4 95.9
29.3 61.5
29.2 -48.7
29.8 -22.1
29.3 -88.0
29.5 131.3
29.4 -94.9
29.8 120.5
29.6 -132.1
29.2 -118.4
29.5 -142.9
29.5 67.7
29.6 -50.0
29.2 -52.8
29.3 -50.9
29.4 -53.4
29.3 16.9
29.6 159.3
29.5 -175.0
29.7 30.3
29.6 -162.9
29.6 117.8
29.2 -61.6
29.7 -89.0
29.8 -48.5
29.5 -126.8
29.3 153.5
29.2 -127.4
29.6 136.4
29.2 -74.1
29.4 95.1
29.8 -134.5
29.5 -24.5
29.3 90.3
29.5 -103.1
29.4 -7.5
29.6 17.2
29.3 -153.6
29.8 83.6
29.4 132.0
29.3 -79.8
29.6 23.6
29.4 41.2
29.3 -172.6
29.4 1.4
29.5 -86.7
29.3 -4.1
29.6 -141.3
29.4 -101.5
29.8 -133.0
29.2 164.6
29.2 -15.6
29.6 149.6
29.4 147.6
29.6 -41.6
29.2 3.4
29.7 19.9
29.5 -37.5
29.7 -66.7
29.7 164.0
29.4 -86.6
29.5 126.2
29.8 -49.0
29.3 -24.3
29.3 28.8
29.5 99.9
29.7 157.2
29.6 25.5
29.6 10.1
29.6 -85.0
29.8 -172.3
29.6 -57.9
29.5 40.3
29.5 -166.0
29.3 64.7
29.3 3.3
29.8 170.3
29.3 -102.5
29.3 124.5
29.7 -19.0
29.3 170.9
29.2 -3.0
29.6 175.4
29.2 9.9
29.2 -69.5
29.8 -111.0
29.7 -61.7
29.4 -108.8
29.2 105.9
29.3 47.2
29.7 178.3
29.7 158.8
29.7 105.4
29.8 35.3
29.2 24.6
29.4 33.5
29.7 -167.8
29.8 173.8
29.6 147.9
29.6 -156.7
29.4 -71.7
29.4 -153.2
29.7 -66.4
29.2 -59.8
29.8 -81.7
29.2 135.5
29.4 -36.7
29.7 10.5
29.3 85.7
29.2 33.7
29.8 157.2
29.7 -44.1
29.5 107.8
29.4 7.2
29.5 48.3
29.5 -15.8
29.3 -47.1
29.8 -61.8
29.8 24.1
29.7 -63.7
29.5 -124.0
29.8 49.1
29.8 101.1
29.8 3.0
29.8 115.6
29.6 -52.8
29.2 114.0
29.7 -87.6
29.6 43.0
29.2 -147.6
29.5 140.2
29.7 163.0
29.6 -152.5
29.8 74.6
29.8 74.6
29.8 -175.9
29.2 177.7
29.6 -115.2
29.8 -57.1
29.7 115.8
29.3 19.5
29.2 66.3
29.3 -23.7
29.3 175.1
29.4 -91.6
29.5 -69.5
29.4 -40.8
29.2 -38.5
29.4 -70.4
29.6 -36.4
29.3 57.2
29.3 -35.1
29.7 115.8
29.2 -111.4
29.7 -82.6
29.7 -147.8
29.6 162.4
29.6 165.4
29.4 -7.8
29.2 -22.2
29.6 18.3
29.2 129.0
29.5 11.9
29.4 69.5
29.4 52.0
29.6 40.7
29.3 0.5
29.4 163.8
29.8 -49.6
29.8 -174.9
29.6 151.8
29.3 174.8
29.5 50.9
29.4 -172.2
29.6 -29.0
29.2 38.7
29.4 84.1
29.6 -23.1
29.5 -91.6
29.4 -142.6
29.5 -100.8
29.8 -110.7
29.4 -86.1
29.8 26.1
29.3 30.9
29.5 102.2
29.3 68.3
29.4 147.0
29.4 -7.7
29.7 -102.7
29.7 -124.6
29.6 47.5
29.8 -161.3
29.6 -124.6
29.7 165.7
29.7 77.7
29.4 1.0
29.4 -25.3
29.7 -54.5
29.4 149.4
29.5 -53.1
29.3 -106.0
29.4 -96.3
29.4 144.6
29.8 110.8
29.2 -130.6
29.3 -11.9
29.3 40.7
29.5 -48.6
29.2 -55.9
29.3 103.8
29.3 -167.9
29.2 -0.9
29.7 30.0
29.2 -97.5
29.2 16.0
29.6 166.0
29.7 -125.2
29.5 130.8
29.3 60.6
29.7 156.3
29.7 -37.3
29.6 -58.2
29.2 66.2
29.5 14.5
29.7 105.2
29.5 -42.5
29.7 -126.6
29.2 -161.0
29.4 -3.8
29.3 92.9
29.4 -38.9
29.2 17.1
29.3 -21.2
29.6 35.1
29.6 39.6
29.6 -20.4
29.5 -14.0
29.2 100.8
29.6 -175.2
29.6 72.7
29.6 -31.4
29.8 -37.7
29.7 81.8
29.5 30.7
29.5 -87.0
29.3 -174.9
29.7 32.8
29.3 -110.2
29.5 85.1
29.4 61.2
29.8 126.5
29.3 -138.0
29.5 57.3
29.7 -100.3
29.8 173.1
29.3 -92.9
29.6 97.6
29.5 -6.1
29.5 -43.8
29.2 -92.5
29.8 158.4
29.2 -161.7
29.2 29.7
29.4 -147.0
29.2 -61.7
29.4 -25.5
29.7 50.0
29.8 -87.6
29.7 -105.7
29.3 84.4
29.3 154.7
29.2 -56.0
29.8 -128.9
29.7 81.8
29.2 57.5
29.7 151.5
29.4 176.8
29.8 57.3
29.8 88.0
29.5 56.3
29.3 -80.6
29.4 -173.9
29.4 -122.6
29.8 171.7
29.2 -79.2
29.8 -66.0
29.8 -102.2
29.7 -22.1
29.7 -89.1
29.6 -33.6
29.8 143.9
29.2 -165.5
29.7 117.8
29.8 177.3
29.4 -103.0
29.8 -117.8
29.6 -85.5
29.3 -34.4
29.8 177.0
29.7 -66.2
29.8 43.6
29.3 -91.8
29.8 116.1
29.3 165.3
29.4 40.7
29.2 -79.2
29.7 -15.5
29.5 70.6
29.5 102.0
29.5 -41.8
29.4 -143.5
29.2 -4.9
29.4 3.7
29.2 -66.8
29.8 108.3
29.2 13.5
29.8 20.2
29.3 -171.7
29.7 178.0
29.8 173.5
29.7 135.4
29.4 53.5
29.7 29.3
29.6 -127.7
29.2 107.1
29.4 -50.0
29.2 125.8
29.5 104.8
29.3 -84.0
29.5 -39.5
29.8 -169.6
29.4 -88.8
29.2 -94.1
29.4 166.7
29.5 103.2
29.5 37.7
29.7 169.4
29.4 93.4
29.5 -134.5
29.2 64.9
29.6 -108.9
29.8 31.2
29.5 -29.9
29.7 156.6
29.5 99.4
29.4 -79.4
29.8 101.3
29.8 -39.9
29.8 -58.6
29.6 -173.9
29.2 117.1
29.5 102.9
29.5 -119.6
29.7 -139.9
29.4 -103.1
29.7 173.5
29.7 -134.8
29.2 175.1
29.7 -9.2
29.6 91.7
29.4 99.0
29.5 114.9
29.4 -145.7
29.3 -142.4
29.4 -63.2
29.4 20.1
29.6 -167.1
29.6 -9.4
29.4 -30.5
29.7 -1.0
29.7 145.9
29.2 -60.2
29.2 27.3
29.4 -143.3
29.3 96.7
29.5 118.5
29.4 -29.2
29.7 46.1
29.2 43.4
29.4 160.6
29.6 -42.3
29.4 44.4
29.2 -131.0
29.2 -41.1
29.8 -19.3
29.3 75.1
29.8 140.5
29.7 148.0
29.6 -135.3
29.2 111.2
29.5 48.0
29.8 167.3
29.3 -161.9
29.6 -61.1
29.5 127.3
29.8 -128.1
29.5 -154.5
29.6 -114.2
29.7 46.3
29.4 92.8
29.2 -102.5
29.8 163.8
29.2 -82.3
29.5 131.1
29.2 136.2
29.2 -161.3
29.3 -153.0
29.6 -146.8
29.5 -130.4
29.2 -63.3
29.3 -98.3
29.6 176.9
29.2 179.9
29.6 1.4
29.6 2.3
29.2 -11.8
29.8 -87.8
29.3 -52.1
29.8 -76.4
29.4 -17.6
29.4 141.0
29.8 169.4
29.3 -162.7
29.6 43.2
29.7 -90.4
29.3 -116.4
29.7 -116.4
29.8 -71.4
29.6 -141.9
29.8 109.5
29.4 34.4
29.4 -144.9
29.8 -15.4
29.6 146.7
29.8 -23.1
29.4 -21.8
29.3 45.2
29.7 116.1
29.5 -94.9
29.4 129.2
29.7 -125.8
29.7 -3.9
29.6 83.4
29.6 -83.7
29.2 -135.2
29.8 -103.2
29.5 -141.6
29.8 -59.2
29.6 -75.0
29.2 121.4
29.4 -48.5
29.5 30.0
29.3 -17.9
29.8 -25.7
29.3 -44.5
29.6 -12.8
29.2 126.5
29.8 -42.3
29.5 -81.9
29.5 -113.6
29.5 -5.3
29.3 137.1
29.5 -94.7
29.2 151.1
29.3 175.5
29.3 102.4
29.2 107.0
29.2 -141.3
29.5 -71.4
29.5 -98.4
29.5 -138.1
29.3 84.0
29.8 -33.0
29.2 -151.6
29.4 10.7
29.4 -152.3
29.6 -111.8
29.6 38.3
29.2 157.6
29.3 -6.1
29.3 112.0
29.7 -164.9
29.7 -36.4
29.7 -41.8
29.2 172.2
29.5 -128.7
29.7 -156.5
29.8 117.4
29.6 92.0
29.5 150.5
29.8 155.6
29.6 -156.8
29.8 -6.8
29.7 -152.6
29.5 81.1
29.6 134.1
29.4 -52.2
29.6 62.3
29.8 33.2
29.8 173.8
29.5 -109.5
29.5 -25.6
29.4 10.5
29.6 -0.5
29.7 152.5
29.6 -144.5
29.7 -116.8
29.8 -82.8
29.7 -49.7
29.2 122.3
29.5 -23.9
29.7 -125.3
29.3 -39.4
29.3 120.6
29.3 52.4
29.2 -65.9
29.7 -95.2
29.6 131.9
29.5 10.4
29.6 28.1
29.8 16.3
29.6 121.2
29.3 37.2
29.6 -129.0
29.5 173.2
29.2 113.9
29.3 -100.2

-1
