100
73 131 133 146 149 115 26 123 9 106 150 76 78 120 144 78 13 72 60 58 78 86 98 137 31 139 115 109 137 68 90 2 101 55 115 147 116 80 75 47 43 93 36 104 46 46 14 94 97 103 30 13 15 2 39 118 105 8 13 112 14 57 7 134 3 95 35 18 12 112 52 144 110 91 78 85 40 120 72 114 134 23 67 72 50 114 89 30 3 12 110 60 21 70 40 48 105 96 2 107
69 78 44 15 132 71 29 68 51 68 143 22 18 145 45 85 104 114 37 144 145 109 49 85 101 129 66 100 33 106 115 7 30 136 144 56 49 114 81 35 147 4 58 60 57 116 39 74 79 54 146 148 5 11 39 97 150 57 91 105 95 76 132 3 58 110 19 39 79 83 19 43 15 47 26 37 59 58 104 123 111 116 71 103 136 69 122 85 93 150 6 110 131 42 98 148 80 76 79 135
145 27 51 92 90 67 140 118 96 39 46 30 85 106 23 16 19 132 2 32 43 120 80 85 50 144 20 35 103 33 101 39 77 1 140 15 38 18 25 50 26 71 1 104 34 13 138 89 28 7 108 14 122 2 2 85 135 143 109 36 121 16 144 10 12 110 143 103 126 81 91 71 136 30 26 80 74 134 123 22 76 2 38 90 4 96 139 85 62 17 33 53 123 79 137 34 51 131 121 126
87 33 141 17 128 131 68 41 70 63 130 38 13 59 85 41 147 12 46 145 14 84 22 78 15 146 33 91 38 143 29 15 32 42 16 120 122 141 51 27 36 54 116 74 21 12 14 81 71 75 120 83 111 61 140 21 69 25 77 25 124 114 95 131 42 142 67 150 20 98 100 129 134 41 45 113 28 59 80 149 149 47 15 48 137 90 113 31 37 116 102 22 138 94 2 42 131 91 69 47
88 94 5 91 60 31 38 30 116 74 132 82 99 60 142 95 58 145 38 23 91 116 70 16 75 105 77 117 90 113 35 107 60 70 60 12 40 135 76 113 45 145 5 124 72 51 36 79 91 53 107 137 115 112 60 133 30 140 33 64 131 5 56 54 116 10 15 77 134 33 10 94 125 116 28 51 70 139 56 115 32 116 131 9 59 128 146 9 79 126 63 42 28 114 94 28 55 126 110 104
18 39 1 36 85 133 53 100 62 138 67 145 94 131 47 87 7 140 112 64 81 97 128 146 57 142 118 142 105 141 114 136 117 23 135 58 147 147 55 134 44 70 62 73 57 74 132 146 42 75 59 23 78 19 69 76 56 11 39 23 62 77 147 131 101 24 1 146 36 27 135 96 132 89 86 148 116 67 39 122 10 101 34 11 76 48 95 85 133 62 74 144 136 77 74 140 77 118 15 45
109 94 148 73 73 25 13 115 113 71 143 97 140 34 5 45 31 40 77 27 108 41 150 1 37 137 32 58 68 15 2 60 70 94 61 13 127 16 52 78 144 100 127 82 31 81 32 37 81 122 23 95 85 42 64 142 107 71 133 9 92 116 40 77 41 19 59 10 91 72 107 104 130 71 14 14 123 32 34 93 14 109 118 66 17 68 141 138 38 50 29 128 101 36 50 109 9 36 125 19
59 1 24 138 146 40 103 59 80 50 33 50 32 33 101 125 70 91 44 106 18 94 64 12 14 149 127 129 75 96 25 139 56 3 116 20 98 127 80 12 93 49 44 87 69 34 23 82 98 31 60 59 21 113 68 87 130 27 73 141 7 40 138 16 6 8 28 84 43 45 108 43 119 13 23 128 78 115 21 101 31 49 19 52 68 84 50 122 67 83 147 58 106 5 96 71 53 37 89 109
99 38 122 23 34 45 86 128 123 104 40 150 101 10 4 89 45 54 60 30 38 13 31 39 120 106 92 105 50 47 124 120 20 90 83 45 9 21 149 84 86 97 69 41 56 62 26 14 37 28 67 89 23 51 2 2 47 140 142 80 52 32 29 52 124 103 92 149 132 83 124 120 149 43 2 104 110 41 102 70 65 22 1 69 136 1 72 99 135 122 85 105 33 2 38 18 147 32 73 136
107 10 14 9 26 94 6 8 8 121 123 92 126 12 150 119 39 68 14 37 146 41 50 79 126 140 67 26 103 38 73 37 4 122 142 16 59 73 6 20 108 110 136 28 71 126 89 150 74 29 7 137 24 21 125 116 135 116 131 114 10 131 100 109 41 19 9 1 12 38 35 101 56 3 48 102 32 92 55 99 103 49 86 84 31 104 71 108 25 70 41 147 96 61 15 88 52 142 105 101
128 83 34 87 27 31 87 37 88 145 36 100 82 91 78 136 26 72 88 108 34 39 128 32 61 27 6 20 88 133 27 17 96 141 80 97 61 66 106 131 36 55 50 98 6 144 21 67 33 74 23 95 42 41 1 76 116 121 2 16 113 103 146 27 62 48 116 25 84 92 50 42 22 110 104 82 43 77 84 143 111 112 38 32 61 84 22 41 37 131 18 45 24 103 7 4 147 21 99 79
32 102 102 144 57 38 110 138 34 51 104 126 65 142 76 68 8 75 31 9 72 52 150 5 70 68 147 148 41 88 84 25 128 108 73 34 131 16 89 59 118 59 102 140 1 41 84 21 111 64 55 132 75 82 45 91 127 18 142 122 148 123 113 128 142 6 26 91 6 46 120 3 129 85 40 37 7 120 49 101 146 10 100 126 58 37 143 56 59 64 107 49 72 43 37 10 60 147 102 53
23 126 104 57 39 147 26 93 36 79 2 79 78 59 139 55 144 72 109 32 24 131 2 115 50 64 147 39 17 87 148 6 102 65 68 16 47 146 50 18 5 118 111 88 45 87 141 24 38 126 31 66 32 85 42 15 48 88 106 116 61 12 35 78 34 134 11 122 104 128 84 150 2 126 121 122 91 115 81 102 12 109 38 145 74 94 149 143 135 57 139 96 146 103 9 58 91 33 58 95
26 33 69 65 8 113 81 22 90 143 108 100 121 135 99 35 140 77 102 134 112 62 89 117 16 69 37 66 142 72 75 34 128 28 89 41 105 21 134 87 14 13 9 92 17 86 73 84 54 26 72 19 123 32 129 110 139 146 14 62 139 4 147 46 56 94 17 97 25 132 44 13 101 50 99 115 52 116 95 147 101 35 19 106 20 85 51 136 92 68 87 91 2 17 88 4 108 71 35 66
132 113 69 25 73 84 32 97 10 78 54 59 89 149 128 52 147 39 124 131 36 111 17 36 129 67 70 89 76 130 131 122 72 69 137 55 1 29 1 82 75 99 19 117 136 135 75 20 134 134 6 27 51 63 49 97 54 82 16 111 90 148 118 106 123 22 2 36 51 40 59 6 95 141 60 94 110 148 9 54 7 9 81 53 130 89 124 96 76 57 115 108 142 120 15 47 145 116 143 123
141 86 47 66 18 70 124 60 44 142 86 25 46 95 20 64 47 86 54 8 22 111 89 115 58 114 116 9 99 99 112 22 23 145 116 122 125 120 148 13 90 25 87 118 56 72 6 77 78 56 108 29 26 130 4 93 126 81 71 97 125 86 34 128 61 143 123 78 126 60 41 44 44 13 35 127 147 42 41 103 129 71 47 1 47 136 133 15 73 145 139 25 30 31 91 2 85 112 31 33
135 69 124 74 41 120 55 122 93 11 21 82 104 22 6 32 131 123 108 79 85 146 54 42 89 88 127 112 45 4 96 32 144 121 22 117 89 29 36 108 14 66 49 114 28 37 144 135 70 84 80 19 36 97 35 85 6 18 51 27 135 39 63 111 45 66 100 102 88 82 37 78 34 105 119 64 85 46 26 123 138 122 80 55 108 30 65 40 53 16 24 70 15 91 150 23 98 54 82 48
14 1 141 125 23 22 144 105 78 134 141 68 95 53 125 141 75 79 147 138 149 130 54 115 66 22 52 95 109 2 33 53 77 100 56 98 115 136 53 122 94 55 70 37 48 33 126 123 101 15 76 66 95 62 111 111 10 128 71 99 117 87 89 116 86 140 97 27 148 82 7 129 147 97 18 25 65 136 48 127 38 14 21 46 95 35 140 18 75 25 13 138 111 36 48 122 66 109 3 54
21 84 47 86 88 39 47 90 71 25 132 137 19 50 39 58 14 39 59 11 115 34 58 138 61 76 127 21 57 25 37 134 16 20 118 29 66 60 90 99 37 48 128 69 108 24 84 127 118 36 141 55 40 44 17 128 88 58 87 128 66 79 104 46 1 17 141 138 144 76 76 32 45 71 5 50 135 102 9 74 37 56 35 112 69 49 100 39 60 101 11 16 113 98 61 50 36 91 10 7
1 141 104 64 49 17 144 83 64 19 99 80 87 18 30 59 23 59 9 137 27 10 126 33 120 14 47 83 39 80 42 123 67 143 65 98 31 108 80 83 89 133 5 54 112 7 91 26 106 93 110 129 57 28 110 45 21 7 18 110 134 54 79 3 71 108 6 14 9 87 142 44 88 54 110 100 42 65 19 48 53 135 50 135 114 1 121 93 88 48 141 141 85 54 88 58 69 113 134 105
29 54 113 38 19 29 13 120 85 2 13 96 116 107 7 88 113 143 7 144 101 45 7 149 135 96 9 124 73 143 77 23 91 91 52 66 42 38 45 89 4 64 55 142 27 100 15 45 134 40 35 148 96 104 127 148 42 56 138 87 39 98 56 69 6 133 140 55 15 53 53 146 137 18 4 97 102 78 62 13 6 27 84 80 122 91 26 37 31 138 47 90 57 16 98 50 136 4 2 11
27 11 16 25 12 83 77 74 55 21 47 54 40 99 55 59 141 83 95 67 76 98 147 92 51 122 4 108 43 113 68 19 66 21 98 23 31 82 149 57 34 96 56 32 30 114 143 134 117 137 107 60 98 125 108 10 107 60 49 72 17 108 141 90 122 47 20 111 86 24 99 30 117 107 20 85 52 38 144 47 62 139 87 57 105 80 123 55 63 12 64 89 120 1 150 82 29 101 113 73
29 88 50 53 67 13 109 11 114 55 116 4 72 131 2 103 98 126 57 53 56 111 108 129 24 147 146 82 141 119 32 24 48 107 47 45 92 42 64 106 56 116 24 123 5 25 126 80 79 97 118 72 136 145 110 47 87 150 6 35 42 139 138 121 128 64 26 126 19 138 72 94 19 65 38 26 89 66 58 136 85 31 108 27 137 68 9 132 114 118 29 115 82 68 116 116 54 148 32 4
41 36 54 41 123 42 55 57 97 125 103 147 116 33 44 141 91 61 65 80 143 130 40 111 128 135 43 106 42 1 113 120 114 90 77 61 138 94 126 131 18 38 108 46 55 47 59 102 32 133 81 38 111 49 55 52 128 2 17 134 91 1 46 23 60 6 64 77 69 20 110 11 128 29 94 83 32 67 105 141 138 70 116 6 137 146 9 32 110 87 129 2 83 62 31 145 104 41 112 126
66 126 128 136 30 124 102 34 49 62 42 19 125 124 71 57 55 20 85 87 72 78 112 74 14 1 37 56 129 79 107 68 116 46 2 124 62 55 19 102 14 82 73 122 18 67 35 60 49 134 16 18 10 146 19 63 48 5 63 127 59 116 10 16 50 43 113 39 110 37 121 136 75 66 6 82 31 109 75 79 86 61 15 84 82 102 63 106 13 150 13 70 59 21 24 121 150 11 135 38
58 89 23 112 27 92 72 128 90 143 146 141 97 150 49 106 116 8 81 100 2 76 64 27 33 49 140 147 147 130 113 40 75 85 99 36 11 84 14 115 118 120 60 15 62 16 75 103 88 82 16 91 41 117 150 100 47 110 141 21 89 88 119 44 93 1 78 109 121 77 93 60 25 124 86 101 44 63 144 51 136 58 36 133 55 102 84 138 15 130 34 97 71 104 130 56 127 132 50 125
98 37 82 124 3 9 53 39 139 81 11 72 137 43 98 62 137 52 62 98 53 127 68 24 121 3 31 14 26 128 127 138 16 120 109 29 36 102 110 72 107 146 58 53 127 127 86 70 123 41 143 52 57 67 131 79 99 113 129 136 84 23 141 18 63 31 125 79 149 95 102 145 108 19 54 39 143 74 71 1 21 143 8 114 139 102 132 134 97 148 93 76 133 106 141 58 77 49 124 85
78 54 58 139 116 118 44 18 42 81 35 69 17 22 60 146 14 78 43 24 25 108 29 60 149 85 139 118 146 56 90 70 75 78 71 141 41 93 113 29 73 49 131 106 33 92 64 19 20 117 91 90 121 46 16 104 110 55 62 131 90 16 30 122 9 139 118 119 139 33 22 51 87 134 86 34 20 138 72 65 5 119 142 76 127 72 95 82 56 80 75 112 76 1 108 54 30 143 90 17
30 79 36 74 4 126 56 142 43 15 109 94 57 150 55 113 46 142 75 86 15 144 148 68 54 1 132 41 72 33 131 28 89 129 14 2 121 2 28 125 24 149 12 49 34 13 13 100 50 105 26 66 92 118 97 101 9 141 130 51 131 56 24 101 66 77 88 50 120 112 38 74 92 66 136 127 60 115 70 91 125 108 144 116 9 110 123 61 54 16 21 103 123 128 148 134 115 10 9 128
130 36 77 111 13 81 116 126 57 82 55 6 139 123 77 44 140 112 73 58 71 78 67 20 27 85 70 2 104 14 144 4 49 14 143 35 49 130 23 18 78 142 106 28 142 104 49 101 53 39 29 108 74 29 137 140 38 101 145 72 33 147 110 46 138 33 23 136 98 49 54 72 92 96 70 28 120 77 27 100 118 7 1 97 23 7 87 130 134 134 106 60 52 2 86 97 58 7 114 70
36 127 146 20 69 78 129 45 119 104 115 147 21 52 22 35 132 135 18 33 42 111 92 41 75 61 5 11 51 44 1 39 44 92 62 66 28 78 76 9 121 99 144 48 46 29 64 124 58 128 103 39 102 99 99 118 17 38 76 7 60 28 29 16 60 40 2 32 83 119 28 130 141 32 17 81 93 16 92 150 77 150 105 62 24 134 62 57 140 72 98 12 25 97 32 141 111 38 125 47
100 83 41 114 5 141 113 123 143 124 95 90 115 119 131 67 48 36 144 118 138 1 10 115 103 106 1 66 106 5 47 74 79 114 14 24 92 82 65 144 144 37 82 35 61 89 139 41 112 112 10 6 90 84 10 16 132 12 18 102 65 131 28 29 114 133 33 104 131 51 132 124 59 55 58 132 71 17 18 105 71 142 71 54 56 119 51 97 33 94 25 56 30 74 11 46 38 26 29 110
112 110 31 108 67 133 49 81 85 149 124 101 129 22 8 55 112 118 130 80 79 36 63 94 3 132 123 35 75 66 36 142 129 63 119 67 96 81 20 118 87 113 78 7 137 103 112 116 64 54 12 49 35 20 77 31 104 84 106 119 136 99 149 113 87 11 144 65 90 124 81 100 82 44 102 123 66 23 94 103 135 63 10 20 86 83 138 24 86 134 114 78 116 137 119 61 141 27 41 67
124 46 147 36 120 62 77 48 46 104 29 130 115 21 56 17 36 53 3 57 116 86 140 124 55 65 85 120 99 22 92 141 40 97 140 103 119 122 10 88 30 23 109 2 59 21 123 126 80 88 128 130 28 115 136 98 77 19 32 36 98 42 115 124 59 114 71 69 30 85 31 13 65 143 55 138 51 131 77 79 84 137 65 84 121 149 41 148 122 73 47 18 22 37 119 143 7 21 29 50
65 16 25 107 98 32 8 34 46 115 5 51 129 32 4 88 127 33 124 123 78 116 77 117 141 92 7 54 5 62 42 122 8 127 2 11 142 92 101 49 113 12 89 147 11 128 42 125 124 23 54 94 100 32 76 30 89 49 119 128 23 50 77 103 53 4 15 15 61 95 27 134 132 145 130 16 25 81 85 138 44 85 130 147 56 35 5 31 50 128 18 8 29 134 42 145 48 39 90 131
96 33 99 121 73 144 55 150 15 67 45 47 97 78 105 61 83 76 149 124 104 46 46 121 43 87 4 73 102 20 8 139 9 85 40 119 31 3 49 55 124 149 142 34 144 146 90 145 115 110 117 126 118 132 98 101 83 27 119 126 124 79 126 126 24 66 112 115 106 74 137 148 26 95 3 80 143 50 5 102 135 33 142 142 138 22 28 28 16 66 18 121 126 112 91 95 117 46 52 73
7 91 85 90 146 20 28 86 5 126 57 28 125 85 81 130 41 70 31 47 4 66 24 84 81 86 58 71 44 43 70 137 50 62 82 71 74 34 26 106 69 24 115 83 133 134 115 53 8 20 74 11 46 109 112 140 145 74 72 130 77 2 86 46 144 79 142 60 67 59 113 49 75 119 34 138 42 146 132 24 45 62 83 98 57 14 21 87 42 84 18 4 22 133 105 31 149 107 118 116
9 26 44 124 113 103 95 58 126 41 95 79 84 61 107 73 97 69 42 58 60 92 40 90 147 66 146 55 107 57 40 131 140 49 34 13 1 36 87 20 32 47 4 121 127 2 20 37 146 132 94 6 1 145 37 97 91 118 81 123 25 18 75 76 94 112 18 15 111 3 89 44 72 136 72 41 102 23 121 74 97 149 117 69 53 111 34 141 102 111 106 135 143 10 52 94 107 54 9 103
12 38 71 82 121 44 15 115 130 12 28 129 73 99 126 126 1 76 96 89 116 101 126 103 150 92 101 79 110 133 26 145 137 129 58 94 35 1 142 78 133 64 40 73 34 52 10 101 27 97 128 130 49 31 53 84 134 26 147 18 5 91 44 40 54 117 36 34 26 110 50 7 64 123 106 6 139 26 114 31 116 16 61 136 65 80 38 81 134 142 22 56 5 143 113 29 28 114 62 6
29 110 147 92 61 91 105 24 124 130 43 131 149 147 62 4 62 150 92 88 14 9 147 21 24 141 58 98 57 67 70 54 17 131 112 21 141 101 70 2 145 123 8 143 22 71 79 61 104 9 82 48 14 81 2 133 25 52 41 113 89 144 64 134 46 33 29 73 40 29 60 55 56 87 94 4 117 8 143 59 86 131 63 14 48 48 90 9 120 70 138 135 36 99 6 66 17 81 31 91
140 115 138 50 77 120 25 47 12 13 15 101 66 106 136 98 66 104 72 24 119 51 6 49 142 139 55 113 34 13 150 60 24 138 12 40 126 43 118 64 85 130 42 12 58 147 72 61 33 128 113 19 117 10 52 140 70 74 67 100 62 65 111 129 122 80 127 47 37 78 113 28 129 17 83 64 33 35 17 6 28 55 108 75 136 63 18 66 126 149 78 78 53 15 99 56 13 58 4 35
92 17 74 22 52 125 51 7 3 24 56 81 1 105 89 120 117 128 38 119 37 66 17 13 22 138 88 79 30 28 36 129 25 40 54 106 80 4 67 120 58 84 51 97 27 116 143 10 52 60 105 115 94 27 32 45 134 117 72 31 113 64 60 66 101 46 52 70 103 76 74 76 134 140 38 56 36 116 18 48 14 104 1 130 3 5 12 65 85 36 44 73 141 11 49 126 62 52 16 117
43 148 45 10 86 68 56 145 18 132 37 13 71 103 115 56 52 26 122 68 22 135 96 125 107 149 88 122 142 66 108 56 4 97 104 50 52 36 90 139 117 97 142 9 61 38 110 113 79 102 36 33 21 102 31 56 20 61 17 107 133 76 145 96 108 72 34 38 86 123 128 94 141 148 70 109 102 12 23 127 54 80 96 14 129 148 94 9 17 69 99 63 61 130 19 106 141 137 112 110
37 21 18 79 13 104 148 40 14 130 133 40 30 14 91 11 102 70 118 8 24 95 122 119 55 23 93 14 3 30 83 28 7 134 13 86 121 76 90 44 130 81 125 39 106 8 147 18 66 120 10 53 78 50 150 30 52 8 58 146 62 9 104 86 46 139 59 42 2 75 5 142 113 26 8 3 34 5 81 91 113 148 137 25 99 48 66 12 112 4 75 55 119 14 4 136 116 100 109 80
96 30 73 130 131 131 16 125 45 96 50 14 147 64 54 147 25 135 33 46 140 136 15 4 4 110 120 92 17 32 4 146 86 144 135 37 115 78 90 125 89 115 23 1 24 57 8 88 58 150 32 52 108 147 123 55 33 129 148 32 62 123 95 67 24 5 101 114 91 5 59 150 94 28 119 56 66 11 103 145 146 31 106 19 136 68 82 43 32 107 85 110 112 59 89 94 12 19 126 95
123 1 30 60 142 91 119 115 126 4 150 142 9 120 103 90 110 114 85 117 135 148 93 106 29 53 135 73 31 113 69 7 55 41 80 145 7 24 62 25 70 123 66 83 27 80 12 123 50 72 50 89 83 95 38 18 38 147 38 99 12 135 115 121 29 91 114 69 122 108 73 95 102 23 128 17 148 91 80 23 138 116 130 62 3 11 123 15 131 74 128 91 3 51 57 19 22 83 143 43
23 118 140 110 138 64 119 35 52 72 25 34 9 86 41 3 71 109 67 32 52 54 74 81 135 130 125 47 88 51 48 23 57 76 88 84 92 22 128 110 120 95 45 1 43 113 37 6 28 24 104 79 21 23 86 78 68 80 44 81 104 102 75 91 113 14 31 109 80 65 104 38 94 50 21 9 21 147 147 127 16 93 130 99 78 90 84 104 80 58 142 33 123 94 51 128 13 7 113 124
148 91 84 99 52 116 32 59 76 86 124 3 87 143 30 39 30 83 73 94 113 46 109 20 83 23 102 71 65 129 80 76 26 88 116 97 86 7 126 23 50 55 28 77 133 15 16 133 61 82 140 7 127 90 136 13 6 86 142 24 87 44 36 142 124 148 33 14 38 105 41 59 73 62 90 6 106 124 137 50 124 36 21 15 46 129 148 147 58 102 24 150 83 83 128 110 5 65 63 98
133 81 62 33 119 66 4 143 58 120 50 96 87 53 48 85 44 115 148 89 25 9 143 54 140 47 25 14 59 135 140 52 124 126 25 37 68 117 34 68 142 89 120 84 103 121 58 147 42 108 23 61 42 115 83 40 23 77 122 32 146 42 55 47 85 116 25 13 41 49 119 87 8 6 102 39 102 115 113 108 44 17 79 33 38 30 89 20 36 11 51 118 38 39 73 78 37 49 147 142
130 115 22 73 105 13 77 147 84 51 132 53 89 94 148 71 65 101 7 73 8 111 71 8 27 15 2 49 48 5 120 71 124 123 94 37 82 56 48 141 112 60 58 126 44 137 51 98 34 129 32 34 5 27 63 114 18 114 135 17 54 22 127 123 45 133 18 7 121 84 59 62 83 146 140 38 145 1 86 89 59 135 26 84 57 141 2 24 78 114 78 108 23 137 92 32 46 74 108 70
100 17 59 98 59 97 37 74 92 125 20 123 102 24 62 50 76 75 99 76 15 116 60 18 37 143 130 128 47 116 6 41 116 142 26 66 83 106 96 46 117 23 32 112 55 106 101 118 142 19 60 97 28 22 113 113 46 104 113 70 117 91 113 148 12 53 10 8 33 3 74 83 120 23 55 142 80 79 96 40 82 97 27 116 69 68 98 10 114 16 106 43 6 58 19 10 48 144 98 49
17 33 131 70 30 143 66 132 52 5 92 91 120 93 121 48 88 100 64 135 38 64 11 94 79 41 3 63 117 130 57 86 127 68 106 5 27 83 29 77 59 8 141 96 65 87 50 9 33 25 53 140 12 122 139 31 70 137 122 84 77 11 5 17 85 78 107 67 105 35 17 147 94 25 30 35 44 135 31 57 136 44 141 144 34 128 109 58 94 112 85 78 118 126 104 47 47 138 6 108
44 125 11 113 12 81 45 41 9 139 103 15 95 23 89 104 144 77 30 59 29 116 47 113 12 67 109 92 85 124 6 29 134 147 32 136 31 87 142 17 2 112 49 14 70 52 139 144 36 85 83 8 55 22 34 52 81 76 144 51 37 136 78 41 69 21 22 7 125 109 116 47 107 79 88 47 42 37 94 65 18 50 12 43 114 104 79 36 11 84 60 131 54 7 142 50 107 127 21 110
44 83 90 14 48 26 101 100 1 121 131 10 148 127 26 132 54 41 6 97 106 143 65 33 36 57 46 71 20 124 53 25 58 60 39 7 110 3 92 9 142 19 83 85 131 105 118 101 113 81 30 69 34 87 57 105 103 144 43 136 130 51 50 129 64 86 34 78 107 131 134 136 58 65 61 126 72 113 63 22 135 24 59 142 96 8 108 137 137 109 147 50 110 72 137 75 147 101 67 10
142 52 15 33 87 27 10 28 43 126 47 96 27 75 36 85 90 147 130 103 36 84 93 82 112 33 29 42 121 136 4 23 81 144 141 70 119 47 71 83 145 15 150 86 9 90 50 12 149 51 78 13 46 2 22 111 106 69 32 56 149 77 102 44 105 89 27 93 11 82 41 107 116 15 54 63 39 81 60 67 56 70 111 13 33 65 135 29 8 150 39 58 79 75 11 148 142 18 82 24
14 30 24 100 54 129 31 81 87 25 103 3 19 22 65 106 8 95 57 104 138 136 72 92 71 140 84 117 42 104 97 31 134 105 145 117 143 102 150 1 53 57 87 118 104 147 31 143 63 101 19 85 26 119 43 39 37 94 2 34 30 137 33 29 72 94 143 148 149 128 99 31 93 32 77 91 38 84 93 133 109 97 126 13 56 94 16 2 51 136 149 135 18 111 80 27 128 34 23 106
103 73 139 107 21 136 148 7 31 32 7 14 140 62 108 93 123 30 135 99 76 116 1 129 131 88 22 124 54 53 72 68 119 21 43 145 71 113 95 136 106 53 103 89 145 134 84 139 59 113 33 73 30 67 97 107 129 101 41 88 146 9 93 21 74 109 20 2 94 43 9 121 75 99 83 82 99 31 32 78 55 133 130 114 90 113 25 84 51 22 112 25 138 70 103 129 81 80 23 64
100 22 15 19 25 26 64 3 40 148 36 15 77 98 59 41 63 80 52 20 5 87 65 24 76 52 139 4 50 112 127 31 72 6 2 147 48 139 78 20 89 27 5 100 80 55 107 131 65 145 15 59 95 57 112 32 72 93 30 36 23 83 97 78 5 131 111 49 146 50 119 10 132 34 122 9 11 135 100 126 104 108 46 101 125 127 125 62 5 67 62 139 124 47 92 128 94 37 43 117
107 89 89 65 25 50 41 49 106 126 126 11 46 103 1 6 17 113 99 66 35 150 146 43 63 71 126 129 96 122 24 120 52 57 91 137 33 33 94 37 8 130 11 133 127 133 122 36 104 99 4 78 120 92 81 37 111 115 100 26 41 132 83 87 131 107 112 107 74 53 36 135 87 125 103 100 113 142 143 140 56 90 17 44 20 41 26 6 122 53 30 57 118 69 27 11 11 95 135 150
82 121 79 100 49 21 111 49 72 104 11 135 120 130 138 150 125 100 96 95 118 48 68 25 50 101 119 8 58 131 13 2 121 117 6 17 83 81 17 111 149 2 22 126 32 127 26 50 123 76 99 112 2 1 39 105 79 105 46 146 57 29 60 146 121 90 46 17 53 92 90 60 10 70 69 85 21 97 80 87 72 113 110 60 108 48 112 23 74 72 101 17 68 103 6 23 47 44 12 54
131 140 28 102 1 43 14 110 35 123 139 70 25 71 103 65 89 143 61 30 107 2 69 5 23 55 102 121 108 67 149 34 149 133 51 4 16 47 15 112 136 44 32 116 101 51 89 42 110 79 83 21 112 7 28 64 101 93 108 24 118 120 136 55 57 46 34 73 83 88 15 44 37 148 146 39 52 105 86 122 119 2 118 89 61 44 91 68 145 107 71 91 118 129 30 39 120 47 64 150
10 31 53 123 80 81 12 46 47 5 119 7 99 126 13 52 103 117 148 137 33 59 82 61 52 93 59 10 36 82 115 15 25 60 21 8 124 21 62 24 36 143 5 136 78 105 38 106 136 86 17 57 122 97 54 53 26 116 144 47 80 72 69 34 1 25 53 139 113 117 73 103 49 112 17 65 21 56 54 62 127 131 79 105 106 140 94 58 130 18 93 97 70 73 83 77 10 67 74 32
120 125 112 109 86 45 70 145 4 124 62 107 40 15 87 4 39 23 10 36 138 106 78 27 113 112 69 63 125 9 84 134 1 83 150 15 9 26 18 33 71 85 90 71 56 109 71 105 129 74 141 53 55 92 2 89 21 1 34 86 117 116 22 34 112 32 106 116 33 77 8 3 48 69 17 149 119 149 125 68 30 85 93 22 31 8 54 61 34 38 3 4 106 15 1 116 5 51 63 90
150 22 7 88 43 96 51 94 25 13 52 19 96 137 87 150 39 69 86 80 110 142 13 136 78 13 58 127 4 140 38 76 121 86 110 49 28 49 7 106 83 9 58 143 45 146 45 42 145 63 28 65 90 53 23 113 150 11 90 73 108 35 130 139 73 52 68 60 147 72 41 96 150 54 42 121 131 82 66 74 18 148 37 63 62 29 100 41 123 66 28 9 103 21 86 42 114 118 20 54
1 5 146 119 138 47 8 75 137 36 21 8 4 83 141 26 13 13 69 90 113 25 3 14 120 26 22 73 68 106 101 128 96 113 59 77 36 111 38 76 11 102 108 64 123 14 7 76 16 4 110 127 67 150 45 80 11 60 95 98 39 104 98 56 84 127 21 46 50 99 150 73 36 56 62 20 36 92 62 77 37 55 144 109 67 27 95 144 39 105 138 16 119 55 108 106 17 53 3 3
16 94 72 7 77 99 43 22 56 69 139 99 64 134 135 59 125 40 118 121 118 142 24 148 27 7 3 59 129 43 44 29 40 5 73 64 29 35 22 73 129 67 81 82 127 115 37 90 19 46 85 22 44 44 66 113 149 106 126 106 86 74 9 107 76 115 128 96 105 49 39 24 32 95 133 90 60 10 73 80 43 88 59 81 14 51 86 141 36 57 12 102 22 108 22 10 22 129 4 78
117 137 93 34 59 17 86 79 80 31 50 67 107 132 27 84 118 7 125 23 126 129 20 93 117 11 112 122 32 3 89 99 56 141 9 41 134 44 52 121 14 79 72 86 119 124 82 108 17 124 21 62 34 150 83 105 52 17 148 59 122 95 82 58 81 110 48 129 83 150 150 15 78 40 123 30 122 84 23 40 3 53 65 122 124 46 126 28 137 113 25 48 7 18 20 117 86 64 133 79
112 135 58 138 149 72 108 90 18 51 95 16 33 129 125 63 62 135 44 108 35 42 146 38 133 22 14 115 8 105 10 144 43 94 78 77 137 33 109 14 50 101 46 13 65 59 124 138 45 97 10 107 123 65 150 15 47 73 103 68 89 6 12 43 132 101 133 132 120 134 113 68 105 12 13 22 135 118 43 62 101 138 3 47 43 43 74 4 98 78 61 109 99 32 133 89 115 140 92 129
140 43 97 90 133 49 129 25 33 69 53 79 109 118 9 60 87 129 38 92 126 45 37 41 58 94 124 6 95 10 59 143 53 10 64 34 58 45 29 89 77 93 1 62 95 77 21 94 112 144 25 63 27 2 25 84 87 125 77 46 88 133 80 73 33 42 7 128 45 142 94 119 54 43 89 124 70 133 124 3 89 59 21 94 60 78 138 103 118 146 71 90 98 47 46 150 55 62 41 115
93 144 139 133 98 6 110 129 40 148 41 37 92 37 124 124 114 110 18 36 104 132 147 13 55 63 33 60 69 118 93 132 38 97 43 98 74 108 132 48 149 129 105 44 142 104 101 103 133 118 24 56 112 72 33 1 109 61 110 109 46 104 9 92 25 131 6 36 100 11 131 132 17 129 138 63 7 80 13 128 70 142 61 92 88 65 15 87 90 90 138 141 125 107 44 55 20 112 99 86
23 58 52 43 16 128 37 15 5 98 93 3 81 10 41 104 13 59 140 12 62 72 148 96 38 131 61 92 1 146 89 29 91 89 106 40 35 136 104 13 22 47 50 65 20 33 115 29 36 124 56 114 2 109 17 30 3 16 31 117 80 137 145 9 66 22 36 22 126 36 104 79 140 6 66 109 107 81 7 132 118 16 42 59 22 12 24 123 35 105 79 127 135 13 50 61 43 146 15 35
25 30 69 87 9 133 28 27 42 54 50 41 34 90 9 42 13 75 76 147 17 48 56 123 124 4 3 87 64 39 35 108 65 108 24 66 76 110 67 72 27 93 120 43 98 61 102 102 71 65 101 126 45 91 89 25 57 90 35 130 124 83 50 5 48 144 72 127 121 125 3 72 113 72 60 139 67 11 98 4 1 18 20 125 66 5 59 142 25 27 144 97 114 73 18 63 71 31 50 72
55 130 82 56 46 6 145 89 99 22 36 11 44 136 9 119 74 64 123 98 100 52 89 119 8 50 56 51 67 38 91 102 25 135 137 75 91 43 2 133 84 134 77 111 122 44 104 97 81 10 111 128 55 40 34 26 129 150 70 11 114 113 49 92 57 50 145 96 47 33 100 24 12 86 58 56 90 122 112 93 63 6 44 93 111 120 138 24 150 17 142 74 59 128 85 16 77 20 120 93
22 67 82 103 137 124 21 127 18 116 18 131 28 149 83 1 20 140 131 33 74 31 28 82 114 57 138 125 25 64 120 122 30 119 65 115 145 26 117 81 42 9 110 88 2 111 129 21 136 36 64 111 86 122 139 24 122 43 99 44 27 54 110 1 147 32 9 93 108 145 37 68 147 107 100 61 139 28 127 16 125 145 134 22 92 109 43 101 43 33 18 97 6 62 110 20 83 40 59 33
76 83 44 71 149 132 145 15 148 76 76 10 23 9 27 63 109 113 87 21 17 47 23 121 14 13 99 87 129 93 56 111 50 95 63 81 16 61 123 120 81 116 101 24 79 86 118 85 51 76 19 143 136 17 42 9 106 89 114 103 125 110 79 30 128 111 87 100 146 40 1 48 25 80 14 5 105 93 55 77 67 144 64 84 140 3 67 135 4 22 14 63 59 83 81 121 62 57 139 45
135 2 124 59 17 18 90 47 101 12 81 45 109 12 123 4 49 112 127 85 59 115 16 106 120 38 7 24 96 134 79 141 64 135 107 113 123 119 90 118 79 130 10 135 104 100 83 128 35 92 26 8 69 6 78 68 48 6 126 64 46 9 40 92 26 43 25 28 145 121 33 87 49 21 113 142 67 60 25 75 101 7 107 109 54 105 49 27 42 55 128 104 138 74 49 49 19 35 27 4
49 87 64 63 141 11 3 135 124 133 2 7 17 94 40 11 13 89 67 126 123 51 146 120 102 36 37 103 50 57 150 79 15 97 150 17 61 13 49 133 136 95 43 1 15 91 51 142 124 42 13 66 89 19 105 119 79 38 129 28 29 6 42 25 60 49 84 50 71 27 30 61 63 61 150 5 79 55 138 133 68 129 123 146 25 84 18 150 146 115 54 140 14 20 54 9 44 130 13 138
145 86 128 107 130 13 80 22 41 133 9 49 76 26 142 72 13 26 72 7 129 83 35 2 143 35 14 40 63 48 128 89 38 150 136 107 127 37 2 141 99 56 145 126 40 87 105 68 52 9 64 46 115 29 131 3 74 92 74 73 95 28 143 22 4 141 34 106 111 140 139 84 135 8 133 123 105 123 87 80 68 139 61 136 46 97 63 94 78 87 75 122 82 66 127 146 135 72 98 109
21 14 22 16 125 59 20 130 148 134 71 116 111 116 108 38 142 127 57 137 107 18 50 67 66 126 43 121 13 57 89 84 44 87 54 113 83 69 24 146 8 119 13 102 21 16 138 9 124 2 80 8 32 148 89 147 39 79 126 82 94 66 96 112 99 8 150 30 36 147 56 34 60 148 46 68 62 19 9 101 28 122 7 41 103 53 88 111 107 13 69 90 10 103 129 83 140 97 129 2
142 40 51 98 60 95 89 24 57 21 36 47 21 41 67 101 23 103 102 40 26 70 55 39 131 41 140 100 68 56 100 3 43 131 114 72 147 69 5 144 31 92 108 150 55 131 1 146 104 9 43 138 117 9 25 65 86 75 22 126 131 80 49 126 29 140 46 89 125 68 96 77 10 100 120 66 129 67 122 144 32 101 62 44 116 81 43 15 75 119 42 37 130 77 31 104 24 24 37 120
62 90 108 70 15 4 127 92 25 98 65 113 20 128 102 49 26 18 132 17 78 107 42 36 79 130 131 131 82 77 80 18 44 104 71 146 134 95 122 120 25 104 92 110 61 94 98 83 100 42 19 139 59 74 99 72 75 39 38 98 109 9 81 114 39 68 127 121 139 73 108 5 139 73 138 9 121 87 23 145 103 61 43 149 76 64 71 54 31 8 31 108 74 3 119 48 47 72 93 94
114 118 27 12 99 142 59 6 93 82 74 33 118 119 97 122 61 15 54 86 25 94 48 139 95 97 144 90 100 45 141 21 127 119 60 1 115 137 109 147 19 59 76 39 127 109 114 130 54 10 16 2 34 25 82 84 56 77 31 23 44 119 116 22 66 148 97 26 79 70 89 35 75 17 39 36 59 102 71 92 147 15 136 145 134 128 19 61 57 103 115 122 29 29 57 61 77 147 37 90
102 38 134 7 53 74 34 104 80 32 149 17 48 30 112 54 134 105 102 53 32 68 1 26 48 113 139 97 127 146 100 35 42 27 130 40 43 50 5 51 115 91 56 62 64 46 5 63 90 8 15 33 77 105 54 97 13 145 49 32 96 58 50 17 103 91 21 122 133 88 69 19 110 103 69 77 101 104 47 101 93 28 97 57 40 148 114 49 36 120 128 50 98 104 53 22 43 119 94 5
95 64 36 55 108 13 62 76 95 19 109 139 48 55 145 106 149 69 56 20 39 86 11 142 145 6 138 77 116 43 9 52 81 78 38 88 35 123 45 149 16 100 72 97 94 87 132 22 85 74 36 108 34 8 1 115 115 38 37 22 144 105 149 88 64 45 64 88 82 49 137 80 68 136 123 22 130 53 103 80 70 74 30 77 144 58 50 115 84 112 93 28 77 58 55 31 108 121 44 141
19 63 65 35 67 82 9 3 130 75 62 127 67 98 3 100 88 8 25 107 62 91 69 90 19 21 58 96 101 28 149 143 5 43 61 38 131 9 111 92 125 121 68 75 51 16 84 110 110 137 140 9 40 10 37 85 53 34 97 56 21 125 93 33 26 14 16 107 127 64 110 72 83 52 5 79 128 46 51 136 61 123 49 26 7 74 79 95 45 91 69 49 120 94 75 95 5 41 28 124
85 127 36 81 86 28 115 42 38 44 128 102 43 148 143 149 89 54 62 4 61 121 93 6 44 100 139 111 58 109 102 100 101 98 62 128 15 30 63 124 102 35 112 112 94 133 107 138 121 47 17 38 31 38 15 138 123 31 121 4 37 106 52 4 23 47 138 56 19 41 122 32 25 53 107 111 12 84 49 142 59 98 128 83 85 14 118 13 68 23 25 93 26 138 129 85 79 131 20 111
109 84 56 53 127 108 6 126 49 57 50 76 21 40 17 5 135 3 142 150 25 3 1 60 9 50 28 71 45 93 68 130 46 15 83 131 109 123 11 108 53 83 16 12 109 110 37 66 143 80 75 108 1 67 86 13 149 72 16 82 49 145 52 63 140 143 150 42 107 68 116 90 122 28 60 23 42 114 112 66 18 91 134 43 126 30 78 23 109 20 36 71 149 55 133 69 119 65 27 23
119 68 18 14 19 57 36 36 66 28 119 111 2 82 38 53 103 44 96 122 105 13 4 13 101 7 28 89 126 49 85 19 113 52 110 84 40 10 139 61 100 147 81 8 136 5 21 137 43 113 50 2 14 127 123 98 14 108 146 56 47 113 110 109 1 119 38 99 13 145 36 19 75 121 27 114 46 18 47 98 148 46 91 3 114 1 25 63 142 66 85 12 76 114 110 12 47 85 140 104
80 123 103 6 135 134 10 132 1 58 83 23 75 53 63 56 129 67 149 117 72 109 36 101 67 126 130 126 131 88 95 135 119 40 89 101 43 25 22 70 125 102 109 88 92 132 64 124 87 71 89 2 43 52 78 141 6 31 45 27 132 70 107 95 104 32 18 9 78 102 130 6 71 33 38 87 137 82 116 143 62 102 80 3 72 96 64 142 15 24 149 106 74 140 101 11 59 84 121 60
133 11 42 23 25 33 112 122 79 11 50 84 93 30 115 85 10 15 75 80 62 43 126 94 37 113 12 23 91 87 2 117 99 113 89 68 72 24 99 71 82 139 54 106 2 79 10 88 9 131 76 40 48 90 139 101 109 4 81 97 135 67 124 119 86 13 145 66 28 9 133 112 148 109 123 35 28 62 140 149 134 122 28 71 57 60 38 70 66 51 123 148 65 104 122 98 117 45 105 119
28 34 146 131 123 87 26 120 74 27 119 31 67 118 49 46 137 78 14 48 46 143 28 66 16 32 39 150 64 3 24 77 86 127 141 8 141 136 87 109 58 140 136 12 19 135 128 19 54 94 84 133 39 124 75 1 74 135 126 150 83 111 128 64 34 87 79 87 113 28 94 27 84 24 53 12 106 47 46 88 70 40 101 80 16 72 34 137 139 136 142 131 110 66 118 150 32 52 62 106
84 1 17 9 66 118 73 30 139 140 108 14 83 138 98 60 110 20 134 113 129 128 150 124 65 120 86 85 30 23 147 97 32 98 122 3 22 100 7 59 11 28 111 118 119 60 94 133 45 88 11 131 91 39 76 86 16 91 133 96 35 98 84 120 134 81 98 84 149 66 6 22 32 119 90 99 140 134 84 109 18 62 72 110 73 83 11 135 15 134 149 6 126 99 113 64 48 113 90 54
62 34 61 68 77 66 22 133 4 8 36 123 47 20 66 39 22 64 130 3 44 95 113 62 145 95 147 130 98 66 104 50 39 72 40 125 4 18 108 145 106 63 27 58 148 87 102 75 66 85 8 33 70 99 14 92 99 86 75 62 60 142 81 43 45 4 30 117 120 51 42 98 66 52 56 55 35 14 27 48 120 87 82 126 137 48 147 37 28 44 141 1 36 34 57 25 120 106 11 61
113 39 53 58 44 98 12 17 88 117 63 136 6 132 25 16 44 92 81 98 72 8 16 146 85 136 6 43 144 91 6 118 136 43 97 146 24 77 46 76 72 118 3 95 86 50 72 62 38 36 59 3 103 73 56 29 139 44 46 94 139 40 25 64 12 129 40 146 66 1 9 128 143 141 85 23 68 25 63 85 143 140 48 42 107 87 33 7 103 27 97 148 49 90 37 150 23 97 1 22
68 3 150 108 116 29 121 66 92 76 43 135 57 97 8 18 20 116 16 80 97 23 92 6 28 77 69 89 125 120 109 15 86 82 36 135 132 97 90 15 81 46 86 123 19 73 84 76 111 48 40 81 36 136 117 147 17 12 53 41 65 122 50 95 69 31 97 67 149 93 39 103 73 10 120 36 20 100 117 10 64 3 108 83 102 111 51 63 136 5 98 41 25 29 131 56 135 103 64 31
59 139 128 127 56 79 96 144 120 1 118 55 144 44 53 74 29 94 147 119 22 38 16 35 20 22 68 94 148 79 29 40 116 9 49 25 131 56 27 74 6 82 26 92 34 32 59 53 146 18 95 29 12 28 98 120 66 137 104 92 58 22 110 8 44 42 49 120 120 26 45 32 100 137 100 129 114 99 136 95 16 71 99 70 22 13 22 97 92 75 121 19 11 117 126 10 12 54 82 54
39 60 108 89 140 129 77 55 132 49 105 54 35 89 81 125 4 17 25 150 40 10 104 64 103 101 8 129 92 109 123 90 2 67 13 88 12 58 15 19 14 54 6 13 48 67 55 26 7 50 34 20 40 118 34 133 94 64 96 145 67 76 142 11 144 77 20 105 132 76 61 79 8 121 138 48 131 115 44 100 44 25 16 32 3 80 130 26 48 82 131 66 89 61 65 85 113 120 104 59
54 58 125 10 105 13 108 18 58 116 145 48 81 61 64 150 67 128 21 120 21 121 33 47 141 39 25 117 53 34 37 30 95 61 19 25 97 78 13 86 37 72 44 52 31 58 26 38 57 63 39 70 74 10 79 33 123 21 129 65 113 52 31 95 49 83 48 54 94 118 76 48 110 137 16 24 72 24 9 50 81 77 59 94 79 57 83 117 15 24 91 28 35 53 103 39 133 70 41 86
115 3 139 129 31 52 131 85 114 35 109 70 96 92 47 19 94 130 104 4 82 96 31 147 47 79 114 13 112 128 116 55 104 106 57 61 56 13 15 16 17 70 98 146 68 121 61 54 123 140 55 92 52 75 146 62 91 62 44 107 46 107 101 39 49 107 70 91 71 100 66 148 123 28 85 34 5 114 94 113 138 132 25 107 118 53 40 58 9 2 67 111 147 1 11 130 50 36 147 10
29 112 6 50 124 93 77 84 73 137 3 113 125 140 93 4 60 125 88 12 25 102 32 40 7 140 140 13 146 8 80 139 96 89 102 58 58 107 77 114 126 30 15 27 52 30 79 100 53 52 7 78 45 36 61 139 120 53 67 18 121 94 98 70 44 19 120 116 49 8 40 46 13 48 99 105 106 25 76 123 21 135 106 45 140 114 45 47 61 107 117 1 91 68 24 49 117 63 27 49