1000
50 4 4 1
66 2 2 1
74 6 1 3
81 9 2 1
83 3 3 4
45 8 3 2
13 8 3 3
32 10 4 1
29 7 1 2
40 6 3 3
15 2 3 2
80 1 4 3
67 6 3 2
81 7 3 3
73 10 4 3
37 8 2 3
33 7 1 3
44 8 4 1
67 6 2 2
30 7 4 3
87 1 1 4
22 10 3 1
35 3 2 1
30 4 2 4
40 7 3 4
13 4 4 4
57 4 2 3
47 5 2 2
80 3 2 1
52 1 2 3
31 3 1 1
90 3 3 4
40 3 1 4
11 8 1 3
89 1 2 3
4 7 2 4
90 10 2 2
84 8 1 1
5 7 1 2
58 1 3 2
65 4 1 4
62 2 1 3
80 2 3 3
40 10 3 1
3 2 4 2
89 1 4 1
78 7 2 4
64 9 4 2
61 7 4 3
23 8 1 4
21 5 1 2
19 10 2 3
89 9 2 2
36 8 3 4
17 8 3 1
74 10 3 1
18 4 2 2
41 3 1 1
20 4 4 2
34 1 3 1
27 9 2 2
56 5 2 1
99 7 1 2
44 2 4 3
4 5 3 4
60 5 4 2
26 9 4 3
8 5 2 1
74 8 1 1
69 3 1 2
79 4 4 2
92 3 3 3
97 3 2 2
85 9 4 4
66 6 4 2
21 4 3 3
64 10 3 4
31 8 3 3
25 6 4 2
0 5 3 2
23 7 1 3
15 6 3 3
48 2 2 3
86 5 1 1
79 7 4 2
55 8 1 1
49 9 1 1
75 8 2 4
86 1 2 4
11 4 2 2
57 1 4 1
74 7 2 4
43 2 4 4
48 9 3 4
76 1 3 1
54 9 2 4
28 2 2 1
63 7 1 2
20 7 3 1
53 4 4 3
91 1 2 1
14 1 1 3
5 3 1 2
0 2 4 2
79 2 1 1
21 5 4 3
45 3 2 2
84 9 3 3
39 3 3 2
86 6 2 3
16 3 4 2
41 3 4 3
74 3 2 1
64 8 2 4
84 9 3 1
57 8 1 3
79 5 3 3
55 8 4 3
2 9 4 2
30 10 1 3
62 1 3 4
33 5 4 1
70 2 4 2
27 5 1 1
48 5 2 3
9 2 1 4
66 1 1 4
49 5 1 1
1 2 2 3
95 10 3 3
74 5 2 4
67 2 2 1
60 1 3 2
64 2 2 1
52 9 2 4
9 8 2 2
98 4 4 2
82 8 1 2
53 8 1 3
91 7 1 4
46 2 4 2
65 7 3 3
89 6 1 2
15 3 1 1
66 3 1 4
83 5 2 1
1 4 1 4
98 10 2 2
7 2 3 4
15 5 4 2
80 6 4 4
33 2 2 3
35 4 4 1
52 8 4 1
65 7 2 3
20 6 1 2
29 2 1 3
51 1 4 1
5 4 4 1
26 5 4 4
76 7 3 2
4 7 1 2
62 6 3 3
82 9 1 1
3 6 2 1
32 1 4 4
60 8 1 3
14 9 1 3
73 7 4 3
80 2 2 3
26 7 1 1
71 2 4 2
6 7 2 2
14 6 4 1
14 9 2 3
18 2 3 4
87 9 4 3
50 4 3 4
68 2 4 4
68 10 4 2
53 3 4 3
49 4 4 1
18 3 1 4
81 6 3 1
93 1 3 3
81 9 4 2
76 9 4 1
51 5 2 1
40 10 2 4
18 8 4 3
33 8 4 2
11 1 1 3
39 1 1 2
33 10 1 1
51 4 1 4
90 1 2 2
7 10 2 4
60 4 4 1
30 10 4 3
77 5 1 1
26 8 1 1
27 8 1 4
35 7 2 4
85 8 4 1
7 10 1 4
11 5 3 3
61 2 1 1
10 2 3 4
57 3 1 4
55 10 1 2
30 4 3 3
35 8 2 3
68 7 2 2
54 2 3 4
34 6 2 3
20 6 3 2
66 10 2 4
76 6 4 1
47 2 4 4
68 1 3 2
90 10 1 2
50 7 1 1
2 2 3 4
79 2 4 3
96 6 1 1
12 5 4 2
87 10 3 3
24 4 2 4
97 2 4 2
0 10 1 4
61 6 2 3
75 5 4 1
35 2 1 2
86 7 4 4
63 3 4 1
1 3 4 2
2 7 2 3
0 5 1 4
55 10 3 2
95 9 2 1
11 9 1 4
67 4 2 4
46 5 3 2
75 7 1 4
84 8 1 4
59 6 2 1
88 8 1 2
72 6 4 2
17 5 4 3
2 2 4 1
72 7 3 4
0 9 1 1
79 6 3 2
96 7 3 1
25 6 2 1
81 4 4 1
36 7 3 2
83 5 4 4
37 1 2 2
42 8 4 1
20 3 1 4
7 2 2 1
93 8 4 3
10 1 3 1
16 7 2 2
46 9 4 1
66 4 2 2
77 9 1 1
66 10 3 3
69 2 1 4
81 4 4 4
91 3 1 4
30 3 1 2
72 2 4 3
78 10 4 1
59 4 2 1
9 1 1 3
69 10 1 4
72 4 2 2
69 5 1 2
80 9 3 3
56 7 2 3
86 8 4 2
90 4 1 1
29 6 2 3
39 6 2 1
78 10 2 4
99 7 1 1
1 9 2 4
66 2 4 4
0 8 1 2
13 5 2 3
7 5 3 3
88 3 4 4
3 1 3 4
49 4 3 2
82 9 4 2
19 10 4 3
22 9 1 4
53 7 3 2
14 4 4 1
38 3 3 1
84 5 2 3
96 1 4 3
77 3 2 4
10 10 4 3
20 7 2 1
41 8 3 4
87 1 1 2
56 4 2 3
48 8 4 4
31 4 4 4
69 5 4 4
75 2 4 1
84 4 1 4
25 8 1 2
52 9 2 1
51 10 3 3
87 4 3 4
54 5 3 1
34 1 1 3
67 10 2 1
4 6 2 2
93 5 2 3
4 8 3 4
13 3 4 4
86 5 3 2
46 1 4 1
45 8 3 3
45 1 1 2
50 9 2 3
92 7 3 3
77 7 2 3
24 3 2 3
98 3 1 4
33 4 4 4
49 2 4 4
2 7 1 2
7 2 1 4
98 1 3 3
87 3 4 3
77 4 2 2
78 7 4 3
64 4 3 4
56 1 2 4
97 8 3 4
0 5 4 1
81 9 4 4
49 3 2 3
21 9 1 2
13 7 3 4
2 10 3 3
57 10 3 1
19 4 4 1
69 10 4 1
24 8 2 4
17 10 3 2
24 2 3 1
14 4 1 3
56 6 2 2
79 10 2 3
56 3 1 2
65 3 2 4
17 9 2 2
42 8 3 1
93 8 1 2
54 7 1 4
79 8 4 4
53 3 2 1
68 2 3 4
23 8 2 1
30 1 4 3
33 9 3 4
93 5 4 1
85 8 2 4
41 7 1 2
70 3 1 4
26 9 2 1
25 3 3 2
56 2 2 4
57 4 4 4
92 2 4 4
43 1 4 3
10 7 2 2
50 2 2 4
98 8 2 4
10 1 4 1
28 4 2 2
37 2 3 4
23 1 3 1
18 5 3 3
13 3 2 2
34 7 3 2
41 1 4 4
85 10 3 2
47 1 3 2
43 5 4 2
66 5 2 4
70 9 3 3
46 10 2 2
75 10 2 4
32 5 3 4
32 10 2 2
11 2 2 2
31 3 4 2
20 3 4 1
65 6 1 1
45 3 3 4
10 7 3 3
2 2 2 3
3 8 1 4
59 6 1 2
51 1 3 2
43 9 2 2
23 4 4 1
56 1 1 1
94 5 2 2
68 1 1 1
61 2 2 4
98 9 1 2
8 2 1 2
91 1 4 1
82 7 4 3
61 2 2 1
21 3 4 4
4 4 4 1
81 10 3 2
76 4 4 4
52 6 1 1
80 9 2 3
29 1 4 2
42 7 4 3
33 3 1 2
37 9 3 1
51 6 1 1
70 8 4 4
14 3 4 3
59 3 4 3
85 4 1 3
71 1 4 4
82 9 1 3
31 6 2 2
40 2 3 1
19 4 1 3
99 1 2 2
67 2 2 3
28 2 3 1
82 5 2 3
94 8 3 4
39 6 4 3
59 2 3 3
87 7 1 1
61 5 3 3
5 9 2 1
41 6 1 1
47 3 4 4
12 5 3 1
96 1 3 3
71 1 3 1
95 1 3 1
75 7 4 4
80 3 2 2
40 2 2 1
25 4 1 4
26 5 1 3
87 7 4 4
57 5 2 3
9 10 2 1
31 7 1 2
29 2 2 4
58 2 4 4
22 4 2 2
45 9 2 3
64 6 3 1
24 3 3 2
28 4 2 4
94 1 4 2
26 4 3 2
56 7 1 3
67 10 4 1
26 9 1 3
69 6 2 1
3 8 3 2
47 10 2 3
48 5 2 4
70 3 1 2
38 3 2 2
89 6 2 1
32 8 4 1
82 2 2 3
90 5 2 1
63 5 3 2
97 1 1 3
2 7 2 1
37 4 1 4
45 5 3 2
45 10 1 4
34 8 1 4
38 4 4 4
16 10 3 2
24 7 1 1
85 9 4 2
27 6 3 2
22 9 4 3
88 9 2 1
90 6 1 3
78 5 1 3
71 5 3 2
61 3 1 3
47 8 1 2
99 7 1 4
64 7 1 1
65 4 4 4
41 10 3 2
22 4 4 1
55 3 3 3
85 3 3 4
8 6 3 4
82 5 4 1
79 9 2 3
25 1 3 4
71 1 3 2
59 5 2 3
56 6 3 1
47 2 1 2
89 2 3 1
22 5 3 1
72 7 2 2
59 1 2 2
96 9 1 1
20 5 3 4
58 5 2 3
15 4 4 1
97 8 4 4
42 3 4 1
6 5 3 1
40 7 3 1
25 1 1 3
17 2 3 1
74 2 1 1
98 7 4 2
40 5 4 2
74 1 3 1
61 3 2 3
38 6 2 2
75 10 4 1
83 1 4 1
19 9 1 3
31 3 4 4
63 9 3 1
79 4 2 4
0 2 1 2
20 5 3 2
98 7 3 4
70 4 2 1
97 3 4 2
68 6 2 3
53 1 3 3
3 7 1 4
7 8 2 4
74 7 4 1
71 8 4 3
62 8 1 4
21 5 2 1
56 6 2 4
4 7 4 2
65 9 1 4
25 2 3 4
82 9 1 2
7 9 3 2
3 2 4 4
71 1 2 3
77 6 2 2
12 3 1 1
26 2 2 2
72 10 1 3
89 5 3 3
13 1 3 3
31 5 4 3
5 3 4 1
83 2 1 1
30 5 2 1
67 6 4 4
31 5 2 1
68 6 1 1
1 10 4 1
54 10 3 1
95 9 1 2
98 3 4 4
79 6 4 4
59 1 1 3
58 10 1 3
29 6 3 4
60 5 1 1
77 1 3 1
21 2 1 2
86 8 3 3
38 10 3 1
58 1 3 1
44 9 1 3
93 6 3 3
63 9 1 3
8 6 4 3
53 4 2 1
91 1 3 1
64 5 3 2
10 4 1 2
39 1 2 3
13 2 3 2
72 8 1 4
52 1 4 2
83 9 3 4
62 4 4 2
74 9 1 2
12 3 4 3
10 10 2 3
24 1 2 4
91 7 2 2
89 7 2 3
88 10 1 4
83 9 4 4
55 6 3 2
51 8 1 4
22 1 3 1
68 2 2 2
27 6 1 1
99 4 1 1
53 6 3 2
40 2 1 4
68 5 1 2
66 6 2 1
60 2 1 1
15 7 3 3
7 6 3 3
10 9 3 4
59 9 2 2
40 1 4 3
5 4 1 1
7 4 3 3
53 1 3 2
38 7 2 2
47 7 4 1
82 6 4 3
40 1 2 3
19 10 1 1
7 4 1 4
77 6 4 2
36 9 2 1
0 8 3 4
40 2 4 3
68 5 2 3
39 8 2 1
41 9 4 1
9 10 4 1
25 2 2 1
33 3 1 1
93 7 2 4
15 2 3 3
76 7 4 2
99 4 4 4
43 10 4 4
45 5 3 3
89 4 2 4
22 3 4 4
64 9 4 4
84 4 2 3
12 10 3 1
45 3 3 1
36 4 4 1
3 4 1 3
57 6 4 1
88 1 4 1
54 6 1 2
6 1 1 3
28 7 3 1
80 5 2 3
71 4 4 1
15 10 3 4
12 7 4 1
66 3 3 4
49 4 2 4
98 8 1 4
60 1 1 4
7 8 3 3
52 3 4 3
73 5 3 3
30 9 2 4
40 9 4 4
77 9 3 3
93 7 1 2
43 6 1 1
3 7 3 3
18 7 4 1
18 4 3 3
80 8 2 2
39 10 1 3
59 4 3 2
70 5 3 2
77 2 3 4
18 6 2 3
5 9 3 3
1 7 4 1
25 8 4 1
70 7 4 1
10 4 4 2
17 3 1 4
23 4 2 2
83 4 4 2
10 10 2 2
83 7 1 4
21 8 3 4
21 2 2 3
10 3 4 2
71 3 4 3
4 5 3 3
3 9 4 1
92 2 1 2
70 6 4 1
25 4 4 1
21 4 3 1
64 9 3 3
74 4 4 4
36 7 2 2
36 4 4 3
3 9 4 2
48 1 3 4
15 7 3 4
45 3 3 2
39 8 3 4
21 4 1 2
32 3 3 4
9 9 2 1
92 2 2 3
49 6 3 4
70 1 4 2
81 5 2 3
31 2 3 2
62 7 2 4
70 4 1 4
43 9 4 2
23 7 3 3
25 2 3 3
97 2 2 1
60 3 1 4
1 9 2 3
28 9 3 4
5 9 3 2
20 2 2 1
44 3 3 2
22 10 3 3
88 7 1 4
57 2 4 3
38 3 1 1
94 6 1 1
66 4 1 4
76 3 4 2
24 1 1 4
27 7 2 2
84 7 4 4
41 8 4 3
35 3 1 1
72 7 3 1
43 7 3 3
17 7 4 4
20 4 1 4
5 5 4 1
61 5 3 4
58 1 1 1
11 7 3 4
86 4 3 1
63 6 1 3
69 7 4 4
14 8 3 3
98 1 1 4
20 9 1 1
2 2 2 1
10 2 3 1
69 8 2 4
59 9 1 1
84 6 3 1
32 9 4 2
60 9 4 2
45 9 1 2
45 6 4 1
65 1 4 3
85 6 3 3
70 10 4 1
39 5 2 4
6 3 2 4
33 8 4 1
51 2 4 3
28 9 1 1
72 5 4 1
79 8 1 1
6 7 4 4
29 1 4 1
13 7 4 2
28 1 4 1
61 3 1 4
96 8 4 3
68 4 1 2
28 5 1 3
54 7 1 1
96 5 3 2
93 2 2 1
70 6 1 3
12 6 2 1
6 7 2 1
59 3 1 3
6 4 4 4
4 5 2 2
26 6 3 1
73 1 3 3
21 4 1 1
0 3 4 2
5 9 3 4
61 4 2 4
12 2 4 3
67 5 4 2
17 2 1 1
67 6 1 4
77 8 3 2
97 9 4 3
22 2 3 3
1 5 4 3
54 5 3 4
11 1 4 1
92 8 4 3
75 3 4 1
82 7 2 3
99 5 3 3
92 10 3 4
40 4 3 3
3 1 3 1
94 3 3 3
30 4 4 3
25 8 2 3
12 9 4 3
82 7 3 4
88 10 2 1
72 2 1 1
24 8 1 3
33 2 4 1
47 4 1 1
58 7 2 3
57 2 4 2
7 5 3 1
27 4 3 1
16 5 1 2
33 8 2 1
61 6 1 4
14 9 3 4
67 7 3 1
4 4 2 3
89 2 4 2
95 10 3 1
34 1 2 3
26 3 1 3
52 1 2 1
51 6 4 3
98 6 1 4
99 4 2 1
28 10 2 1
34 5 3 2
8 3 4 4
69 8 2 2
24 10 1 3
18 9 1 3
56 5 2 2
15 2 1 4
18 8 1 1
13 10 1 1
89 1 2 2
52 10 1 2
55 2 2 4
1 9 4 3
71 6 4 3
73 9 3 1
23 10 1 2
18 9 2 3
78 4 2 1
62 6 2 3
91 3 4 1
32 1 3 3
45 10 4 2
86 10 4 2
80 4 1 4
47 1 1 2
98 1 1 1
48 1 2 4
78 8 2 3
97 4 3 3
97 4 2 1
28 9 1 2
18 1 3 1
8 6 1 1
30 6 2 2
50 3 4 1
85 3 4 2
52 1 4 1
92 9 2 4
9 8 4 4
45 3 2 3
67 5 4 1
46 1 4 2
64 7 2 2
14 2 2 2
91 8 1 3
0 5 3 3
63 7 2 3
46 7 4 1
87 10 2 1
17 10 4 1
75 2 2 3
68 8 3 2
55 7 3 1
4 1 2 3
79 3 3 4
29 8 3 3
36 2 3 4
90 4 2 3
77 4 3 2
57 5 1 4
23 2 4 3
85 10 1 3
17 3 1 3
54 6 3 3
89 3 2 3
97 8 4 3
61 1 4 3
90 1 1 1
47 1 4 4
71 7 4 4
10 9 4 4
63 3 4 2
18 4 4 1
13 10 2 3
68 1 2 1
69 4 3 4
24 6 3 1
51 1 2 1
37 5 3 2
88 9 4 4
12 1 1 3
38 3 3 3
13 4 1 1
93 8 4 2
8 6 1 2
86 8 4 1
5 5 4 4
61 3 4 3
78 10 3 2
74 8 4 2
50 5 3 1
26 6 1 2
22 6 1 2
85 8 3 1
37 2 1 2
82 10 1 2
20 5 3 1
31 6 3 2
54 1 1 4
36 5 3 1
36 8 2 4
22 4 2 4
62 8 2 2
97 3 4 3
51 5 2 3
72 6 1 1
18 4 1 1
41 5 2 3
33 6 4 4
85 7 2 3
87 1 1 3
5 2 4 3
38 3 1 3
91 8 1 2
38 1 4 1
37 8 3 2
33 10 3 4
21 5 3 2
38 6 1 2
5 10 1 4
47 10 1 3
71 10 4 3
5 2 2 4
14 4 3 2
84 2 3 1
71 9 1 3
1 4 3 4
90 1 2 4
83 2 4 2
53 7 2 2
4 3 3 2
82 1 4 4
61 9 2 3
64 1 4 1
12 6 3 2
72 3 4 2
85 10 2 4
11286