100
72 10 1 2
20 5 3 2
30 6 1 4
41 10 1 4
0 5 2 2
77 7 2 3
88 8 4 3
46 9 1 2
47 2 2 3
32 3 3 2
41 1 3 1
30 3 4 1
9 10 4 1
35 10 3 3
42 6 3 2
14 8 2 1
82 10 3 2
50 1 4 4
59 6 1 1
15 7 1 3
33 9 1 2
91 7 1 3
70 5 3 2
78 5 1 4
11 6 3 3
6 1 4 2
28 4 1 2
36 3 4 1
91 3 1 1
53 8 3 1
85 6 1 2
38 2 2 4
32 7 2 2
84 2 2 3
96 2 3 2
16 10 1 1
70 6 1 2
81 9 1 2
71 1 4 1
13 3 2 2
18 6 4 2
52 2 3 3
14 3 1 3
5 10 1 3
57 6 4 1
54 5 4 3
12 1 4 1
8 1 4 4
41 4 2 1
33 8 1 2
3 8 1 4
33 10 3 1
13 8 3 2
74 3 3 3
32 6 2 1
51 9 4 4
12 6 3 3
72 9 3 1
19 10 2 1
21 7 4 4
98 4 1 1
59 9 2 1
54 2 4 1
86 9 3 1
13 1 4 2
98 7 1 2
22 10 1 2
4 8 2 4
44 7 2 2
82 10 2 3
8 8 1 1
45 9 4 3
58 8 4 3
60 8 4 2
44 6 1 3
44 8 4 1
87 1 2 1
2 6 2 4
24 3 2 1
79 6 3 1
68 10 3 2
61 7 3 1
16 9 2 4
51 10 3 4
30 6 2 3
65 7 2 4
70 1 1 1
93 2 4 1
99 10 1 4
56 4 3 4
7 4 4 1
91 3 1 3
82 1 1 2
37 6 2 3
52 6 1 1
48 2 4 2
10 10 3 3
20 2 2 1
26 2 4 2
100 3 5 6
2993