100			
0	5	2	2
2	6	2	4
3	8	1	4
4	8	2	4
5	10	1	3
6	1	4	2
7	4	4	1
8	1	4	4
8	8	1	1
9	10	4	1
10	10	3	3
11	6	3	3
12	1	4	1
12	6	3	3
13	1	4	2
13	3	2	2
13	8	3	2
14	3	1	3
14	8	2	1
15	7	1	3
16	9	2	4
16	10	1	1
18	6	4	2
19	10	2	1
20	2	2	1
20	5	3	2
21	7	4	4
22	10	1	2
24	3	2	1
26	2	4	2
28	4	1	2
30	3	4	1
30	6	1	4
30	6	2	3
32	3	3	2
32	6	2	1
32	7	2	2
33	8	1	2
33	9	1	2
33	10	3	1
35	10	3	3
36	3	4	1
37	6	2	3
38	2	2	4
41	1	3	1
41	4	2	1
41	10	1	4
42	6	3	2
44	6	1	3
44	7	2	2
44	8	4	1
45	9	4	3
46	9	1	2
47	2	2	3
48	2	4	2
50	1	4	4
51	9	4	4
51	10	3	4
52	2	3	3
52	6	1	1
53	8	3	1
54	2	4	1
54	5	4	3
56	4	3	4
57	6	4	1
58	8	4	3
59	6	1	1
59	9	2	1
60	8	4	2
61	7	3	1
65	7	2	4
68	10	3	2
70	1	1	1
70	5	3	2
70	6	1	2
71	1	4	1
72	9	3	1
72	10	1	2
74	3	3	3
77	7	2	3
78	5	1	4
79	6	3	1
81	9	1	2
82	1	1	2
82	10	2	3
82	10	3	2
84	2	2	3
85	6	1	2
86	9	3	1
87	1	2	1
88	8	4	3
91	3	1	1
91	3	1	3
91	7	1	3
93	2	4	1
96	2	3	2
98	4	1	1
98	7	1	2
99	10	1	4
2993			
