1348 3447 350
557 0
12618 1450
12644 886
628 0
945 282
945 141
945 -141
945 -282
1256 0
1573 282
1573 141
1573 -141
1573 -282
1884 0
2201 282
2201 141
2201 -141
2201 -282
2512 0
2829 282
2829 141
2829 -141
2829 -282
3140 0
3457 282
3457 141
3457 -141
3457 -282
3768 0
4085 282
4085 141
4085 -141
4085 -282
4396 0
4713 282
4713 141
4713 -141
4713 -282
5024 0
5341 282
5341 141
5341 -141
5341 -282
5652 0
5969 282
5969 141
5969 -141
5969 -282
6280 0
6597 282
6597 141
6597 -141
6597 -282
6908 0
7225 282
7225 141
7225 -141
7225 -282
7536 0
7853 282
7853 141
7853 -141
7853 -282
8164 0
8481 282
8481 141
8481 -141
8481 -282
8792 0
9109 282
9109 141
9109 -141
9109 -282
9420 0
9737 282
9737 141
9737 -141
9737 -282
10048 0
10365 282
10365 141
10365 -141
10365 -282
10676 0
10993 282
10993 141
10993 -141
10993 -282
11304 0
11621 282
11621 141
11621 -141
11621 -282
11932 0
12249 282
12249 141
12249 -141
12249 -282
12563 0
628 886
945 1118
945 1027
945 745
945 654
1256 886
1573 1118
1573 1027
1573 745
1573 654
1884 886
2201 1118
2201 1027
2201 745
2201 654
2512 886
2829 1118
2829 1027
2829 745
2829 654
3140 886
3457 1118
3457 1027
3457 745
3457 654
3768 886
4085 1118
4085 1027
4085 745
4085 654
4396 886
4713 1118
4713 1027
4713 745
4713 654
5024 886
5341 1118
5341 1027
5341 745
5341 654
5652 886
5969 1118
5969 1027
5969 745
5969 654
6280 886
6597 1118
6597 1027
6597 745
6597 654
6908 886
7225 1118
7225 1027
7225 745
7225 654
7536 886
7853 1118
7853 1027
7853 745
7853 654
8164 886
8481 1118
8481 1027
8481 745
8481 654
8792 886
9109 1118
9109 1027
9109 745
9109 654
9420 886
9737 1118
9737 1027
9737 745
9737 654
10048 886
10365 1118
10365 1027
10365 745
10365 654
10676 886
10993 1118
10993 1027
10993 745
10993 654
11304 886
11621 1118
11621 1027
11621 745
11621 654
11932 886
12249 1118
12249 1027
12249 745
12249 654
12563 886
628 1450
945 1682
945 1591
945 1309
945 1218
1256 1450
1573 1682
1573 1591
1573 1309
1573 1218
1884 1450
2201 1682
2201 1591
2201 1309
2201 1218
2512 1450
2829 1682
2829 1591
2829 1309
2829 1218
3140 1450
3457 1682
3457 1591
3457 1309
3457 1218
3768 1450
4085 1682
4085 1591
4085 1309
4085 1218
4396 1450
4713 1682
4713 1591
4713 1309
4713 1218
5024 1450
5341 1682
5341 1591
5341 1309
5341 1218
5652 1450
5969 1682
5969 1591
5969 1309
5969 1218
6280 1450
6597 1682
6597 1591
6597 1309
6597 1218
6908 1450
7225 1682
7225 1591
7225 1309
7225 1218
7536 1450
7853 1682
7853 1591
7853 1309
7853 1218
8164 1450
8481 1682
8481 1591
8481 1309
8481 1218
8792 1450
9109 1682
9109 1591
9109 1309
9109 1218
9420 1450
9737 1682
9737 1591
9737 1309
9737 1218
10048 1450
10365 1682
10365 1591
10365 1309
10365 1218
10676 1450
10993 1682
10993 1591
10993 1309
10993 1218
11304 1450
11621 1682
11621 1591
11621 1309
11621 1218
11932 1450
12249 1682
12249 1591
12249 1309
12249 1218
12563 1450
628 2014
945 2246
945 2155
945 1873
945 1782
1256 2014
1573 2246
1573 2155
1573 1873
1573 1782
1884 2014
2201 2246
2201 2155
2201 1873
2201 1782
2512 2014
2829 2246
2829 2155
2829 1873
2829 1782
3140 2014
3457 2246
3457 2155
3457 1873
3457 1782
3768 2014
4085 2246
4085 2155
4085 1873
4085 1782
4396 2014
4713 2246
4713 2155
4713 1873
4713 1782
5024 2014
5341 2246
5341 2155
5341 1873
5341 1782
5652 2014
5969 2246
5969 2155
5969 1873
5969 1782
6280 2014
6597 2246
6597 2155
6597 1873
6597 1782
6908 2014
7225 2246
7225 2155
7225 1873
7225 1782
7536 2014
7853 2246
7853 2155
7853 1873
7853 1782
8164 2014
8481 2246
8481 2155
8481 1873
8481 1782
8792 2014
9109 2246
9109 2155
9109 1873
9109 1782
9420 2014
9737 2246
9737 2155
9737 1873
9737 1782
10048 2014
10365 2246
10365 2155
10365 1873
10365 1782
10676 2014
10993 2246
10993 2155
10993 1873
10993 1782
11304 2014
11621 2246
11621 2155
11621 1873
11621 1782
11932 2014
12249 2246
12249 2155
12249 1873
12249 1782
12563 2014
628 2578
945 2810
945 2719
945 2437
945 2346
1256 2578
1573 2810
1573 2719
1573 2437
1573 2346
1884 2578
2201 2810
2201 2719
2201 2437
2201 2346
2512 2578
2829 2810
2829 2719
2829 2437
2829 2346
3140 2578
3457 2810
3457 2719
3457 2437
3457 2346
3768 2578
4085 2810
4085 2719
4085 2437
4085 2346
4396 2578
4713 2810
4713 2719
4713 2437
4713 2346
5024 2578
5341 2810
5341 2719
5341 2437
5341 2346
5652 2578
5969 2810
5969 2719
5969 2437
5969 2346
6280 2578
6597 2810
6597 2719
6597 2437
6597 2346
6908 2578
7225 2810
7225 2719
7225 2437
7225 2346
7536 2578
7853 2810
7853 2719
7853 2437
7853 2346
8164 2578
8481 2810
8481 2719
8481 2437
8481 2346
8792 2578
9109 2810
9109 2719
9109 2437
9109 2346
9420 2578
9737 2810
9737 2719
9737 2437
9737 2346
10048 2578
10365 2810
10365 2719
10365 2437
10365 2346
10676 2578
10993 2810
10993 2719
10993 2437
10993 2346
11304 2578
11621 2810
11621 2719
11621 2437
11621 2346
11932 2578
12249 2810
12249 2719
12249 2437
12249 2346
12563 2578
628 3142
945 3374
945 3283
945 3001
945 2910
1256 3142
1573 3374
1573 3283
1573 3001
1573 2910
1884 3142
2201 3374
2201 3283
2201 3001
2201 2910
2512 3142
2829 3374
2829 3283
2829 3001
2829 2910
3140 3142
3457 3374
3457 3283
3457 3001
3457 2910
3768 3142
4085 3374
4085 3283
4085 3001
4085 2910
4396 3142
4713 3374
4713 3283
4713 3001
4713 2910
5024 3142
5341 3374
5341 3283
5341 3001
5341 2910
5652 3142
5969 3374
5969 3283
5969 3001
5969 2910
6280 3142
6597 3374
6597 3283
6597 3001
6597 2910
6908 3142
7225 3374
7225 3283
7225 3001
7225 2910
7536 3142
7853 3374
7853 3283
7853 3001
7853 2910
8164 3142
8481 3374
8481 3283
8481 3001
8481 2910
8792 3142
9109 3374
9109 3283
9109 3001
9109 2910
9420 3142
9737 3374
9737 3283
9737 3001
9737 2910
10048 3142
10365 3374
10365 3283
10365 3001
10365 2910
10676 3142
10993 3374
10993 3283
10993 3001
10993 2910
11304 3142
11621 3374
11621 3283
11621 3001
11621 2910
11932 3142
12249 3374
12249 3283
12249 3001
12249 2910
12563 3142
628 3706
945 3938
945 3847
945 3565
945 3474
1256 3706
1573 3938
1573 3847
1573 3565
1573 3474
1884 3706
2201 3938
2201 3847
2201 3565
2201 3474
2512 3706
2829 3938
2829 3847
2829 3565
2829 3474
3140 3706
3457 3938
3457 3847
3457 3565
3457 3474
3768 3706
4085 3938
4085 3847
4085 3565
4085 3474
4396 3706
4713 3938
4713 3847
4713 3565
4713 3474
5024 3706
5341 3938
5341 3847
5341 3565
5341 3474
5652 3706
5969 3938
5969 3847
5969 3565
5969 3474
6280 3706
6597 3938
6597 3847
6597 3565
6597 3474
6908 3706
7225 3938
7225 3847
7225 3565
7225 3474
7536 3706
7853 3938
7853 3847
7853 3565
7853 3474
8164 3706
8481 3938
8481 3847
8481 3565
8481 3474
8792 3706
9109 3938
9109 3847
9109 3565
9109 3474
9420 3706
9737 3938
9737 3847
9737 3565
9737 3474
10048 3706
10365 3938
10365 3847
10365 3565
10365 3474
10676 3706
10993 3938
10993 3847
10993 3565
10993 3474
11304 3706
11621 3938
11621 3847
11621 3565
11621 3474
11932 3706
12249 3938
12249 3847
12249 3565
12249 3474
12563 3706
628 4270
945 4502
945 4411
945 4129
945 4038
1256 4270
1573 4502
1573 4411
1573 4129
1573 4038
1884 4270
2201 4502
2201 4411
2201 4129
2201 4038
2512 4270
2829 4502
2829 4411
2829 4129
2829 4038
3140 4270
3457 4502
3457 4411
3457 4129
3457 4038
3768 4270
4085 4502
4085 4411
4085 4129
4085 4038
4396 4270
4713 4502
4713 4411
4713 4129
4713 4038
5024 4270
5341 4502
5341 4411
5341 4129
5341 4038
5652 4270
5969 4502
5969 4411
5969 4129
5969 4038
6280 4270
6597 4502
6597 4411
6597 4129
6597 4038
6908 4270
7225 4502
7225 4411
7225 4129
7225 4038
7536 4270
7853 4502
7853 4411
7853 4129
7853 4038
8164 4270
8481 4502
8481 4411
8481 4129
8481 4038
8792 4270
9109 4502
9109 4411
9109 4129
9109 4038
9420 4270
9737 4502
9737 4411
9737 4129
9737 4038
10048 4270
10365 4502
10365 4411
10365 4129
10365 4038
10676 4270
10993 4502
10993 4411
10993 4129
10993 4038
11304 4270
11621 4502
11621 4411
11621 4129
11621 4038
11932 4270
12249 4502
12249 4411
12249 4129
12249 4038
12563 4270
628 4834
945 5066
945 4975
945 4693
945 4602
1256 4834
1573 5066
1573 4975
1573 4693
1573 4602
1884 4834
2201 5066
2201 4975
2201 4693
2201 4602
2512 4834
2829 5066
2829 4975
2829 4693
2829 4602
3140 4834
3457 5066
3457 4975
3457 4693
3457 4602
3768 4834
4085 5066
4085 4975
4085 4693
4085 4602
4396 4834
4713 5066
4713 4975
4713 4693
4713 4602
5024 4834
5341 5066
5341 4975
5341 4693
5341 4602
5652 4834
5969 5066
5969 4975
5969 4693
5969 4602
6280 4834
6597 5066
6597 4975
6597 4693
6597 4602
6908 4834
7225 5066
7225 4975
7225 4693
7225 4602
7536 4834
7853 5066
7853 4975
7853 4693
7853 4602
8164 4834
8481 5066
8481 4975
8481 4693
8481 4602
8792 4834
9109 5066
9109 4975
9109 4693
9109 4602
9420 4834
9737 5066
9737 4975
9737 4693
9737 4602
10048 4834
10365 5066
10365 4975
10365 4693
10365 4602
10676 4834
10993 5066
10993 4975
10993 4693
10993 4602
11304 4834
11621 5066
11621 4975
11621 4693
11621 4602
11932 4834
12249 5066
12249 4975
12249 4693
12249 4602
12563 4834
628 5398
945 5630
945 5539
945 5257
945 5166
1256 5398
1573 5630
1573 5539
1573 5257
1573 5166
1884 5398
2201 5630
2201 5539
2201 5257
2201 5166
2512 5398
2829 5630
2829 5539
2829 5257
2829 5166
3140 5398
3457 5630
3457 5539
3457 5257
3457 5166
3768 5398
4085 5630
4085 5539
4085 5257
4085 5166
4396 5398
4713 5630
4713 5539
4713 5257
4713 5166
5024 5398
5341 5630
5341 5539
5341 5257
5341 5166
5652 5398
5969 5630
5969 5539
5969 5257
5969 5166
6280 5398
6597 5630
6597 5539
6597 5257
6597 5166
6908 5398
7225 5630
7225 5539
7225 5257
7225 5166
7536 5398
7853 5630
7853 5539
7853 5257
7853 5166
8164 5398
8481 5630
8481 5539
8481 5257
8481 5166
8792 5398
9109 5630
9109 5539
9109 5257
9109 5166
9420 5398
9737 5630
9737 5539
9737 5257
9737 5166
10048 5398
10365 5630
10365 5539
10365 5257
10365 5166
10676 5398
10993 5630
10993 5539
10993 5257
10993 5166
11304 5398
11621 5630
11621 5539
11621 5257
11621 5166
11932 5398
12249 5630
12249 5539
12249 5257
12249 5166
12563 5398
628 5962
945 6194
945 6103
945 5821
945 5730
1256 5962
1573 6194
1573 6103
1573 5821
1573 5730
1884 5962
2201 6194
2201 6103
2201 5821
2201 5730
2512 5962
2829 6194
2829 6103
2829 5821
2829 5730
3140 5962
3457 6194
3457 6103
3457 5821
3457 5730
3768 5962
4085 6194
4085 6103
4085 5821
4085 5730
4396 5962
4713 6194
4713 6103
4713 5821
4713 5730
5024 5962
5341 6194
5341 6103
5341 5821
5341 5730
5652 5962
5969 6194
5969 6103
5969 5821
5969 5730
6280 5962
6597 6194
6597 6103
6597 5821
6597 5730
6908 5962
7225 6194
7225 6103
7225 5821
7225 5730
7536 5962
7853 6194
7853 6103
7853 5821
7853 5730
8164 5962
8481 6194
8481 6103
8481 5821
8481 5730
8792 5962
9109 6194
9109 6103
9109 5821
9109 5730
9420 5962
9737 6194
9737 6103
9737 5821
9737 5730
10048 5962
10365 6194
10365 6103
10365 5821
10365 5730
10676 5962
10993 6194
10993 6103
10993 5821
10993 5730
11304 5962
11621 6194
11621 6103
11621 5821
11621 5730
11932 5962
12249 6194
12249 6103
12249 5821
12249 5730
12563 5962
628 6526
945 6758
945 6667
945 6385
945 6294
1256 6526
1573 6758
1573 6667
1573 6385
1573 6294
1884 6526
2201 6758
2201 6667
2201 6385
2201 6294
2512 6526
2829 6758
2829 6667
2829 6385
2829 6294
3140 6526
3457 6758
3457 6667
3457 6385
3457 6294
3768 6526
4085 6758
4085 6667
4085 6385
4085 6294
4396 6526
4713 6758
4713 6667
4713 6385
4713 6294
5024 6526
5341 6758
5341 6667
5341 6385
5341 6294
5652 6526
5969 6758
5969 6667
5969 6385
5969 6294
6280 6526
6597 6758
6597 6667
6597 6385
6597 6294
6908 6526
7225 6758
7225 6667
7225 6385
7225 6294
7536 6526
7853 6758
7853 6667
7853 6385
7853 6294
8164 6526
8481 6758
8481 6667
8481 6385
8481 6294
8792 6526
9109 6758
9109 6667
9109 6385
9109 6294
9420 6526
9737 6758
9737 6667
9737 6385
9737 6294
10048 6526
10365 6758
10365 6667
10365 6385
10365 6294
10676 6526
10993 6758
10993 6667
10993 6385
10993 6294
11304 6526
11621 6758
11621 6667
11621 6385
11621 6294
11932 6526
12249 6758
12249 6667
12249 6385
12249 6294
12563 6526
628 7090
945 7322
945 7231
945 6949
945 6858
1256 7090
1573 7322
1573 7231
1573 6949
1573 6858
1884 7090
2201 7322
2201 7231
2201 6949
2201 6858
2512 7090
2829 7322
2829 7231
2829 6949
2829 6858
3140 7090
3457 7322
3457 7231
3457 6949
3457 6858
3768 7090
4085 7322
4085 7231
4085 6949
4085 6858
4396 7090
4713 7322
4713 7231
4713 6949
4713 6858
5024 7090
5341 7322
5341 7231
5341 6949
5341 6858
5652 7090
5969 7322
5969 7231
5969 6949
5969 6858
6280 7090
6597 7322
6597 7231
6597 6949
6597 6858
6908 7090
7225 7322
7225 7231
7225 6949
7225 6858
7536 7090
7853 7322
7853 7231
7853 6949
7853 6858
8164 7090
8481 7322
8481 7231
8481 6949
8481 6858
8792 7090
9109 7322
9109 7231
9109 6949
9109 6858
9420 7090
9737 7322
9737 7231
9737 6949
9737 6858
10048 7090
10365 7322
10365 7231
10365 6949
10365 6858
10676 7090
10993 7322
10993 7231
10993 6949
10993 6858
11304 7090
11621 7322
11621 7231
11621 6949
11621 6858
11932 7090
12249 7322
12249 7231
12249 6949
12249 6858
12563 7090
628 7654
945 7886
945 7795
945 7513
945 7422
1256 7654
1573 7886
1573 7795
1573 7513
1573 7422
1884 7654
2201 7886
2201 7795
2201 7513
2201 7422
2512 7654
2829 7886
2829 7795
2829 7513
2829 7422
3140 7654
3457 7886
3457 7795
3457 7513
3457 7422
3768 7654
4085 7886
4085 7795
4085 7513
4085 7422
4396 7654
4713 7886
4713 7795
4713 7513
4713 7422
5024 7654
5341 7886
5341 7795
5341 7513
5341 7422
5652 7654
5969 7886
5969 7795
5969 7513
5969 7422
6280 7654
6597 7886
6597 7795
6597 7513
6597 7422
6908 7654
7225 7886
7225 7795
7225 7513
7225 7422
7536 7654
7853 7886
7853 7795
7853 7513
7853 7422
8164 7654
8481 7886
8481 7795
8481 7513
8481 7422
8792 7654
9109 7886
9109 7795
9109 7513
9109 7422
9420 7654
9737 7886
9737 7795
9737 7513
9737 7422
10048 7654
10365 7886
10365 7795
10365 7513
10365 7422
10676 7654
10993 7886
10993 7795
10993 7513
10993 7422
11304 7654
11621 7886
11621 7795
11621 7513
11621 7422
11932 7654
12249 7886
12249 7795
12249 7513
12249 7422
12563 7654
945 461
4 5
4 6
4 7
4 8
5 6
7 8
5 9
6 9
7 9
8 9
4 9
5 10
8 13
9 10
9 11
9 12
9 13
10 11
12 13
10 14
11 14
12 14
13 14
9 14
10 15
13 18
14 15
14 16
14 17
14 18
15 16
17 18
15 19
16 19
17 19
18 19
14 19
15 20
18 23
19 20
19 21
19 22
19 23
20 21
22 23
20 24
21 24
22 24
23 24
19 24
20 25
23 28
24 25
24 26
24 27
24 28
25 26
27 28
25 29
26 29
27 29
28 29
24 29
25 30
28 33
29 30
29 31
29 32
29 33
30 31
32 33
30 34
31 34
32 34
33 34
29 34
30 35
33 38
34 35
34 36
34 37
34 38
35 36
37 38
35 39
36 39
37 39
38 39
34 39
35 40
38 43
39 40
39 41
39 42
39 43
40 41
42 43
40 44
41 44
42 44
43 44
39 44
40 45
43 48
44 45
44 46
44 47
44 48
45 46
47 48
45 49
46 49
47 49
48 49
44 49
45 50
48 53
49 50
49 51
49 52
49 53
50 51
52 53
50 54
51 54
52 54
53 54
49 54
50 55
53 58
54 55
54 56
54 57
54 58
55 56
57 58
55 59
56 59
57 59
58 59
54 59
55 60
58 63
59 60
59 61
59 62
59 63
60 61
62 63
60 64
61 64
62 64
63 64
59 64
60 65
63 68
64 65
64 66
64 67
64 68
65 66
67 68
65 69
66 69
67 69
68 69
64 69
65 70
68 73
69 70
69 71
69 72
69 73
70 71
72 73
70 74
71 74
72 74
73 74
69 74
70 75
73 78
74 75
74 76
74 77
74 78
75 76
77 78
75 79
76 79
77 79
78 79
74 79
75 80
78 83
79 80
79 81
79 82
79 83
80 81
82 83
80 84
81 84
82 84
83 84
79 84
80 85
83 88
84 85
84 86
84 87
84 88
85 86
87 88
85 89
86 89
87 89
88 89
84 89
85 90
88 93
89 90
89 91
89 92
89 93
90 91
92 93
90 94
91 94
92 94
93 94
89 94
90 95
93 98
94 95
94 96
94 97
94 98
95 96
97 98
95 99
96 99
97 99
98 99
94 99
100 101
100 102
100 103
100 104
101 102
103 104
101 105
102 105
103 105
104 105
100 105
101 106
104 109
105 106
105 107
105 108
105 109
106 107
108 109
106 110
107 110
108 110
109 110
105 110
106 111
109 114
110 111
110 112
110 113
110 114
111 112
113 114
111 115
112 115
113 115
114 115
110 115
111 116
114 119
115 116
115 117
115 118
115 119
116 117
118 119
116 120
117 120
118 120
119 120
115 120
116 121
119 124
120 121
120 122
120 123
120 124
121 122
123 124
121 125
122 125
123 125
124 125
120 125
121 126
124 129
125 126
125 127
125 128
125 129
126 127
128 129
126 130
127 130
128 130
129 130
125 130
126 131
129 134
130 131
130 132
130 133
130 134
131 132
133 134
131 135
132 135
133 135
134 135
130 135
131 136
134 139
135 136
135 137
135 138
135 139
136 137
138 139
136 140
137 140
138 140
139 140
135 140
136 141
139 144
140 141
140 142
140 143
140 144
141 142
143 144
141 145
142 145
143 145
144 145
140 145
141 146
144 149
145 146
145 147
145 148
145 149
146 147
148 149
146 150
147 150
148 150
149 150
145 150
146 151
149 154
150 151
150 152
150 153
150 154
151 152
153 154
151 155
152 155
153 155
154 155
150 155
151 156
154 159
155 156
155 157
155 158
155 159
156 157
158 159
156 160
157 160
158 160
159 160
155 160
156 161
159 164
160 161
160 162
160 163
160 164
161 162
163 164
161 165
162 165
163 165
164 165
160 165
161 166
164 169
165 166
165 167
165 168
165 169
166 167
168 169
166 170
167 170
168 170
169 170
165 170
166 171
169 174
170 171
170 172
170 173
170 174
171 172
173 174
171 175
172 175
173 175
174 175
170 175
171 176
174 179
175 176
175 177
175 178
175 179
176 177
178 179
176 180
177 180
178 180
179 180
175 180
176 181
179 184
180 181
180 182
180 183
180 184
181 182
183 184
181 185
182 185
183 185
184 185
180 185
181 186
184 189
185 186
185 187
185 188
185 189
186 187
188 189
186 190
187 190
188 190
189 190
185 190
186 191
189 194
190 191
190 192
190 193
190 194
191 192
193 194
191 195
192 195
193 195
194 195
190 195
196 197
196 198
196 199
196 200
197 198
199 200
197 201
198 201
199 201
200 201
196 201
197 202
200 205
201 202
201 203
201 204
201 205
202 203
204 205
202 206
203 206
204 206
205 206
201 206
202 207
205 210
206 207
206 208
206 209
206 210
207 208
209 210
207 211
208 211
209 211
210 211
206 211
207 212
210 215
211 212
211 213
211 214
211 215
212 213
214 215
212 216
213 216
214 216
215 216
211 216
212 217
215 220
216 217
216 218
216 219
216 220
217 218
219 220
217 221
218 221
219 221
220 221
216 221
217 222
220 225
221 222
221 223
221 224
221 225
222 223
224 225
222 226
223 226
224 226
225 226
221 226
222 227
225 230
226 227
226 228
226 229
226 230
227 228
229 230
227 231
228 231
229 231
230 231
226 231
227 232
230 235
231 232
231 233
231 234
231 235
232 233
234 235
232 236
233 236
234 236
235 236
231 236
232 237
235 240
236 237
236 238
236 239
236 240
237 238
239 240
237 241
238 241
239 241
240 241
236 241
237 242
240 245
241 242
241 243
241 244
241 245
242 243
244 245
242 246
243 246
244 246
245 246
241 246
242 247
245 250
246 247
246 248
246 249
246 250
247 248
249 250
247 251
248 251
249 251
250 251
246 251
247 252
250 255
251 252
251 253
251 254
251 255
252 253
254 255
252 256
253 256
254 256
255 256
251 256
252 257
255 260
256 257
256 258
256 259
256 260
257 258
259 260
257 261
258 261
259 261
260 261
256 261
257 262
260 265
261 262
261 263
261 264
261 265
262 263
264 265
262 266
263 266
264 266
265 266
261 266
262 267
265 270
266 267
266 268
266 269
266 270
267 268
269 270
267 271
268 271
269 271
270 271
266 271
267 272
270 275
271 272
271 273
271 274
271 275
272 273
274 275
272 276
273 276
274 276
275 276
271 276
272 277
275 280
276 277
276 278
276 279
276 280
277 278
279 280
277 281
278 281
279 281
280 281
276 281
277 282
280 285
281 282
281 283
281 284
281 285
282 283
284 285
282 286
283 286
284 286
285 286
281 286
282 287
285 290
286 287
286 288
286 289
286 290
287 288
289 290
287 291
288 291
289 291
290 291
286 291
292 293
292 294
292 295
292 296
293 294
295 296
293 297
294 297
295 297
296 297
292 297
293 298
296 301
297 298
297 299
297 300
297 301
298 299
300 301
298 302
299 302
300 302
301 302
297 302
298 303
301 306
302 303
302 304
302 305
302 306
303 304
305 306
303 307
304 307
305 307
306 307
302 307
303 308
306 311
307 308
307 309
307 310
307 311
308 309
310 311
308 312
309 312
310 312
311 312
307 312
308 313
311 316
312 313
312 314
312 315
312 316
313 314
315 316
313 317
314 317
315 317
316 317
312 317
313 318
316 321
317 318
317 319
317 320
317 321
318 319
320 321
318 322
319 322
320 322
321 322
317 322
318 323
321 326
322 323
322 324
322 325
322 326
323 324
325 326
323 327
324 327
325 327
326 327
322 327
323 328
326 331
327 328
327 329
327 330
327 331
328 329
330 331
328 332
329 332
330 332
331 332
327 332
328 333
331 336
332 333
332 334
332 335
332 336
333 334
335 336
333 337
334 337
335 337
336 337
332 337
333 338
336 341
337 338
337 339
337 340
337 341
338 339
340 341
338 342
339 342
340 342
341 342
337 342
338 343
341 346
342 343
342 344
342 345
342 346
343 344
345 346
343 347
344 347
345 347
346 347
342 347
343 348
346 351
347 348
347 349
347 350
347 351
348 349
350 351
348 352
349 352
350 352
351 352
347 352
348 353
351 356
352 353
352 354
352 355
352 356
353 354
355 356
353 357
354 357
355 357
356 357
352 357
353 358
356 361
357 358
357 359
357 360
357 361
358 359
360 361
358 362
359 362
360 362
361 362
357 362
358 363
361 366
362 363
362 364
362 365
362 366
363 364
365 366
363 367
364 367
365 367
366 367
362 367
363 368
366 371
367 368
367 369
367 370
367 371
368 369
370 371
368 372
369 372
370 372
371 372
367 372
368 373
371 376
372 373
372 374
372 375
372 376
373 374
375 376
373 377
374 377
375 377
376 377
372 377
373 378
376 381
377 378
377 379
377 380
377 381
378 379
380 381
378 382
379 382
380 382
381 382
377 382
378 383
381 386
382 383
382 384
382 385
382 386
383 384
385 386
383 387
384 387
385 387
386 387
382 387
388 389
388 390
388 391
388 392
389 390
391 392
389 393
390 393
391 393
392 393
388 393
389 394
392 397
393 394
393 395
393 396
393 397
394 395
396 397
394 398
395 398
396 398
397 398
393 398
394 399
397 402
398 399
398 400
398 401
398 402
399 400
401 402
399 403
400 403
401 403
402 403
398 403
399 404
402 407
403 404
403 405
403 406
403 407
404 405
406 407
404 408
405 408
406 408
407 408
403 408
404 409
407 412
408 409
408 410
408 411
408 412
409 410
411 412
409 413
410 413
411 413
412 413
408 413
409 414
412 417
413 414
413 415
413 416
413 417
414 415
416 417
414 418
415 418
416 418
417 418
413 418
414 419
417 422
418 419
418 420
418 421
418 422
419 420
421 422
419 423
420 423
421 423
422 423
418 423
419 424
422 427
423 424
423 425
423 426
423 427
424 425
426 427
424 428
425 428
426 428
427 428
423 428
424 429
427 432
428 429
428 430
428 431
428 432
429 430
431 432
429 433
430 433
431 433
432 433
428 433
429 434
432 437
433 434
433 435
433 436
433 437
434 435
436 437
434 438
435 438
436 438
437 438
433 438
434 439
437 442
438 439
438 440
438 441
438 442
439 440
441 442
439 443
440 443
441 443
442 443
438 443
439 444
442 447
443 444
443 445
443 446
443 447
444 445
446 447
444 448
445 448
446 448
447 448
443 448
444 449
447 452
448 449
448 450
448 451
448 452
449 450
451 452
449 453
450 453
451 453
452 453
448 453
449 454
452 457
453 454
453 455
453 456
453 457
454 455
456 457
454 458
455 458
456 458
457 458
453 458
454 459
457 462
458 459
458 460
458 461
458 462
459 460
461 462
459 463
460 463
461 463
462 463
458 463
459 464
462 467
463 464
463 465
463 466
463 467
464 465
466 467
464 468
465 468
466 468
467 468
463 468
464 469
467 472
468 469
468 470
468 471
468 472
469 470
471 472
469 473
470 473
471 473
472 473
468 473
469 474
472 477
473 474
473 475
473 476
473 477
474 475
476 477
474 478
475 478
476 478
477 478
473 478
474 479
477 482
478 479
478 480
478 481
478 482
479 480
481 482
479 483
480 483
481 483
482 483
478 483
484 485
484 486
484 487
484 488
485 486
487 488
485 489
486 489
487 489
488 489
484 489
485 490
488 493
489 490
489 491
489 492
489 493
490 491
492 493
490 494
491 494
492 494
493 494
489 494
490 495
493 498
494 495
494 496
494 497
494 498
495 496
497 498
495 499
496 499
497 499
498 499
494 499
495 500
498 503
499 500
499 501
499 502
499 503
500 501
502 503
500 504
501 504
502 504
503 504
499 504
500 505
503 508
504 505
504 506
504 507
504 508
505 506
507 508
505 509
506 509
507 509
508 509
504 509
505 510
508 513
509 510
509 511
509 512
509 513
510 511
512 513
510 514
511 514
512 514
513 514
509 514
510 515
513 518
514 515
514 516
514 517
514 518
515 516
517 518
515 519
516 519
517 519
518 519
514 519
515 520
518 523
519 520
519 521
519 522
519 523
520 521
522 523
520 524
521 524
522 524
523 524
519 524
520 525
523 528
524 525
524 526
524 527
524 528
525 526
527 528
525 529
526 529
527 529
528 529
524 529
525 530
528 533
529 530
529 531
529 532
529 533
530 531
532 533
530 534
531 534
532 534
533 534
529 534
530 535
533 538
534 535
534 536
534 537
534 538
535 536
537 538
535 539
536 539
537 539
538 539
534 539
535 540
538 543
539 540
539 541
539 542
539 543
540 541
542 543
540 544
541 544
542 544
543 544
539 544
540 545
543 548
544 545
544 546
544 547
544 548
545 546
547 548
545 549
546 549
547 549
548 549
544 549
545 550
548 553
549 550
549 551
549 552
549 553
550 551
552 553
550 554
551 554
552 554
553 554
549 554
550 555
553 558
554 555
554 556
554 557
554 558
555 556
557 558
555 559
556 559
557 559
558 559
554 559
555 560
558 563
559 560
559 561
559 562
559 563
560 561
562 563
560 564
561 564
562 564
563 564
559 564
560 565
563 568
564 565
564 566
564 567
564 568
565 566
567 568
565 569
566 569
567 569
568 569
564 569
565 570
568 573
569 570
569 571
569 572
569 573
570 571
572 573
570 574
571 574
572 574
573 574
569 574
570 575
573 578
574 575
574 576
574 577
574 578
575 576
577 578
575 579
576 579
577 579
578 579
574 579
580 581
580 582
580 583
580 584
581 582
583 584
581 585
582 585
583 585
584 585
580 585
581 586
584 589
585 586
585 587
585 588
585 589
586 587
588 589
586 590
587 590
588 590
589 590
585 590
586 591
589 594
590 591
590 592
590 593
590 594
591 592
593 594
591 595
592 595
593 595
594 595
590 595
591 596
594 599
595 596
595 597
595 598
595 599
596 597
598 599
596 600
597 600
598 600
599 600
595 600
596 601
599 604
600 601
600 602
600 603
600 604
601 602
603 604
601 605
602 605
603 605
604 605
600 605
601 606
604 609
605 606
605 607
605 608
605 609
606 607
608 609
606 610
607 610
608 610
609 610
605 610
606 611
609 614
610 611
610 612
610 613
610 614
611 612
613 614
611 615
612 615
613 615
614 615
610 615
611 616
614 619
615 616
615 617
615 618
615 619
616 617
618 619
616 620
617 620
618 620
619 620
615 620
616 621
619 624
620 621
620 622
620 623
620 624
621 622
623 624
621 625
622 625
623 625
624 625
620 625
621 626
624 629
625 626
625 627
625 628
625 629
626 627
628 629
626 630
627 630
628 630
629 630
625 630
626 631
629 634
630 631
630 632
630 633
630 634
631 632
633 634
631 635
632 635
633 635
634 635
630 635
631 636
634 639
635 636
635 637
635 638
635 639
636 637
638 639
636 640
637 640
638 640
639 640
635 640
636 641
639 644
640 641
640 642
640 643
640 644
641 642
643 644
641 645
642 645
643 645
644 645
640 645
641 646
644 649
645 646
645 647
645 648
645 649
646 647
648 649
646 650
647 650
648 650
649 650
645 650
646 651
649 654
650 651
650 652
650 653
650 654
651 652
653 654
651 655
652 655
653 655
654 655
650 655
651 656
654 659
655 656
655 657
655 658
655 659
656 657
658 659
656 660
657 660
658 660
659 660
655 660
656 661
659 664
660 661
660 662
660 663
660 664
661 662
663 664
661 665
662 665
663 665
664 665
660 665
661 666
664 669
665 666
665 667
665 668
665 669
666 667
668 669
666 670
667 670
668 670
669 670
665 670
666 671
669 674
670 671
670 672
670 673
670 674
671 672
673 674
671 675
672 675
673 675
674 675
670 675
676 677
676 678
676 679
676 680
677 678
679 680
677 681
678 681
679 681
680 681
676 681
677 682
680 685
681 682
681 683
681 684
681 685
682 683
684 685
682 686
683 686
684 686
685 686
681 686
682 687
685 690
686 687
686 688
686 689
686 690
687 688
689 690
687 691
688 691
689 691
690 691
686 691
687 692
690 695
691 692
691 693
691 694
691 695
692 693
694 695
692 696
693 696
694 696
695 696
691 696
692 697
695 700
696 697
696 698
696 699
696 700
697 698
699 700
697 701
698 701
699 701
700 701
696 701
697 702
700 705
701 702
701 703
701 704
701 705
702 703
704 705
702 706
703 706
704 706
705 706
701 706
702 707
705 710
706 707
706 708
706 709
706 710
707 708
709 710
707 711
708 711
709 711
710 711
706 711
707 712
710 715
711 712
711 713
711 714
711 715
712 713
714 715
712 716
713 716
714 716
715 716
711 716
712 717
715 720
716 717
716 718
716 719
716 720
717 718
719 720
717 721
718 721
719 721
720 721
716 721
717 722
720 725
721 722
721 723
721 724
721 725
722 723
724 725
722 726
723 726
724 726
725 726
721 726
722 727
725 730
726 727
726 728
726 729
726 730
727 728
729 730
727 731
728 731
729 731
730 731
726 731
727 732
730 735
731 732
731 733
731 734
731 735
732 733
734 735
732 736
733 736
734 736
735 736
731 736
732 737
735 740
736 737
736 738
736 739
736 740
737 738
739 740
737 741
738 741
739 741
740 741
736 741
737 742
740 745
741 742
741 743
741 744
741 745
742 743
744 745
742 746
743 746
744 746
745 746
741 746
742 747
745 750
746 747
746 748
746 749
746 750
747 748
749 750
747 751
748 751
749 751
750 751
746 751
747 752
750 755
751 752
751 753
751 754
751 755
752 753
754 755
752 756
753 756
754 756
755 756
751 756
752 757
755 760
756 757
756 758
756 759
756 760
757 758
759 760
757 761
758 761
759 761
760 761
756 761
757 762
760 765
761 762
761 763
761 764
761 765
762 763
764 765
762 766
763 766
764 766
765 766
761 766
762 767
765 770
766 767
766 768
766 769
766 770
767 768
769 770
767 771
768 771
769 771
770 771
766 771
772 773
772 774
772 775
772 776
773 774
775 776
773 777
774 777
775 777
776 777
772 777
773 778
776 781
777 778
777 779
777 780
777 781
778 779
780 781
778 782
779 782
780 782
781 782
777 782
778 783
781 786
782 783
782 784
782 785
782 786
783 784
785 786
783 787
784 787
785 787
786 787
782 787
783 788
786 791
787 788
787 789
787 790
787 791
788 789
790 791
788 792
789 792
790 792
791 792
787 792
788 793
791 796
792 793
792 794
792 795
792 796
793 794
795 796
793 797
794 797
795 797
796 797
792 797
793 798
796 801
797 798
797 799
797 800
797 801
798 799
800 801
798 802
799 802
800 802
801 802
797 802
798 803
801 806
802 803
802 804
802 805
802 806
803 804
805 806
803 807
804 807
805 807
806 807
802 807
803 808
806 811
807 808
807 809
807 810
807 811
808 809
810 811
808 812
809 812
810 812
811 812
807 812
808 813
811 816
812 813
812 814
812 815
812 816
813 814
815 816
813 817
814 817
815 817
816 817
812 817
813 818
816 821
817 818
817 819
817 820
817 821
818 819
820 821
818 822
819 822
820 822
821 822
817 822
818 823
821 826
822 823
822 824
822 825
822 826
823 824
825 826
823 827
824 827
825 827
826 827
822 827
823 828
826 831
827 828
827 829
827 830
827 831
828 829
830 831
828 832
829 832
830 832
831 832
827 832
828 833
831 836
832 833
832 834
832 835
832 836
833 834
835 836
833 837
834 837
835 837
836 837
832 837
833 838
836 841
837 838
837 839
837 840
837 841
838 839
840 841
838 842
839 842
840 842
841 842
837 842
838 843
841 846
842 843
842 844
842 845
842 846
843 844
845 846
843 847
844 847
845 847
846 847
842 847
843 848
846 851
847 848
847 849
847 850
847 851
848 849
850 851
848 852
849 852
850 852
851 852
847 852
848 853
851 856
852 853
852 854
852 855
852 856
853 854
855 856
853 857
854 857
855 857
856 857
852 857
853 858
856 861
857 858
857 859
857 860
857 861
858 859
860 861
858 862
859 862
860 862
861 862
857 862
858 863
861 866
862 863
862 864
862 865
862 866
863 864
865 866
863 867
864 867
865 867
866 867
862 867
868 869
868 870
868 871
868 872
869 870
871 872
869 873
870 873
871 873
872 873
868 873
869 874
872 877
873 874
873 875
873 876
873 877
874 875
876 877
874 878
875 878
876 878
877 878
873 878
874 879
877 882
878 879
878 880
878 881
878 882
879 880
881 882
879 883
880 883
881 883
882 883
878 883
879 884
882 887
883 884
883 885
883 886
883 887
884 885
886 887
884 888
885 888
886 888
887 888
883 888
884 889
887 892
888 889
888 890
888 891
888 892
889 890
891 892
889 893
890 893
891 893
892 893
888 893
889 894
892 897
893 894
893 895
893 896
893 897
894 895
896 897
894 898
895 898
896 898
897 898
893 898
894 899
897 902
898 899
898 900
898 901
898 902
899 900
901 902
899 903
900 903
901 903
902 903
898 903
899 904
902 907
903 904
903 905
903 906
903 907
904 905
906 907
904 908
905 908
906 908
907 908
903 908
904 909
907 912
908 909
908 910
908 911
908 912
909 910
911 912
909 913
910 913
911 913
912 913
908 913
909 914
912 917
913 914
913 915
913 916
913 917
914 915
916 917
914 918
915 918
916 918
917 918
913 918
914 919
917 922
918 919
918 920
918 921
918 922
919 920
921 922
919 923
920 923
921 923
922 923
918 923
919 924
922 927
923 924
923 925
923 926
923 927
924 925
926 927
924 928
925 928
926 928
927 928
923 928
924 929
927 932
928 929
928 930
928 931
928 932
929 930
931 932
929 933
930 933
931 933
932 933
928 933
929 934
932 937
933 934
933 935
933 936
933 937
934 935
936 937
934 938
935 938
936 938
937 938
933 938
934 939
937 942
938 939
938 940
938 941
938 942
939 940
941 942
939 943
940 943
941 943
942 943
938 943
939 944
942 947
943 944
943 945
943 946
943 947
944 945
946 947
944 948
945 948
946 948
947 948
943 948
944 949
947 952
948 949
948 950
948 951
948 952
949 950
951 952
949 953
950 953
951 953
952 953
948 953
949 954
952 957
953 954
953 955
953 956
953 957
954 955
956 957
954 958
955 958
956 958
957 958
953 958
954 959
957 962
958 959
958 960
958 961
958 962
959 960
961 962
959 963
960 963
961 963
962 963
958 963
964 965
964 966
964 967
964 968
965 966
967 968
965 969
966 969
967 969
968 969
964 969
965 970
968 973
969 970
969 971
969 972
969 973
970 971
972 973
970 974
971 974
972 974
973 974
969 974
970 975
973 978
974 975
974 976
974 977
974 978
975 976
977 978
975 979
976 979
977 979
978 979
974 979
975 980
978 983
979 980
979 981
979 982
979 983
980 981
982 983
980 984
981 984
982 984
983 984
979 984
980 985
983 988
984 985
984 986
984 987
984 988
985 986
987 988
985 989
986 989
987 989
988 989
984 989
985 990
988 993
989 990
989 991
989 992
989 993
990 991
992 993
990 994
991 994
992 994
993 994
989 994
990 995
993 998
994 995
994 996
994 997
994 998
995 996
997 998
995 999
996 999
997 999
998 999
994 999
995 1000
998 1003
999 1000
999 1001
999 1002
999 1003
1000 1001
1002 1003
1000 1004
1001 1004
1002 1004
1003 1004
999 1004
1000 1005
1003 1008
1004 1005
1004 1006
1004 1007
1004 1008
1005 1006
1007 1008
1005 1009
1006 1009
1007 1009
1008 1009
1004 1009
1005 1010
1008 1013
1009 1010
1009 1011
1009 1012
1009 1013
1010 1011
1012 1013
1010 1014
1011 1014
1012 1014
1013 1014
1009 1014
1010 1015
1013 1018
1014 1015
1014 1016
1014 1017
1014 1018
1015 1016
1017 1018
1015 1019
1016 1019
1017 1019
1018 1019
1014 1019
1015 1020
1018 1023
1019 1020
1019 1021
1019 1022
1019 1023
1020 1021
1022 1023
1020 1024
1021 1024
1022 1024
1023 1024
1019 1024
1020 1025
1023 1028
1024 1025
1024 1026
1024 1027
1024 1028
1025 1026
1027 1028
1025 1029
1026 1029
1027 1029
1028 1029
1024 1029
1025 1030
1028 1033
1029 1030
1029 1031
1029 1032
1029 1033
1030 1031
1032 1033
1030 1034
1031 1034
1032 1034
1033 1034
1029 1034
1030 1035
1033 1038
1034 1035
1034 1036
1034 1037
1034 1038
1035 1036
1037 1038
1035 1039
1036 1039
1037 1039
1038 1039
1034 1039
1035 1040
1038 1043
1039 1040
1039 1041
1039 1042
1039 1043
1040 1041
1042 1043
1040 1044
1041 1044
1042 1044
1043 1044
1039 1044
1040 1045
1043 1048
1044 1045
1044 1046
1044 1047
1044 1048
1045 1046
1047 1048
1045 1049
1046 1049
1047 1049
1048 1049
1044 1049
1045 1050
1048 1053
1049 1050
1049 1051
1049 1052
1049 1053
1050 1051
1052 1053
1050 1054
1051 1054
1052 1054
1053 1054
1049 1054
1050 1055
1053 1058
1054 1055
1054 1056
1054 1057
1054 1058
1055 1056
1057 1058
1055 1059
1056 1059
1057 1059
1058 1059
1054 1059
1060 1061
1060 1062
1060 1063
1060 1064
1061 1062
1063 1064
1061 1065
1062 1065
1063 1065
1064 1065
1060 1065
1061 1066
1064 1069
1065 1066
1065 1067
1065 1068
1065 1069
1066 1067
1068 1069
1066 1070
1067 1070
1068 1070
1069 1070
1065 1070
1066 1071
1069 1074
1070 1071
1070 1072
1070 1073
1070 1074
1071 1072
1073 1074
1071 1075
1072 1075
1073 1075
1074 1075
1070 1075
1071 1076
1074 1079
1075 1076
1075 1077
1075 1078
1075 1079
1076 1077
1078 1079
1076 1080
1077 1080
1078 1080
1079 1080
1075 1080
1076 1081
1079 1084
1080 1081
1080 1082
1080 1083
1080 1084
1081 1082
1083 1084
1081 1085
1082 1085
1083 1085
1084 1085
1080 1085
1081 1086
1084 1089
1085 1086
1085 1087
1085 1088
1085 1089
1086 1087
1088 1089
1086 1090
1087 1090
1088 1090
1089 1090
1085 1090
1086 1091
1089 1094
1090 1091
1090 1092
1090 1093
1090 1094
1091 1092
1093 1094
1091 1095
1092 1095
1093 1095
1094 1095
1090 1095
1091 1096
1094 1099
1095 1096
1095 1097
1095 1098
1095 1099
1096 1097
1098 1099
1096 1100
1097 1100
1098 1100
1099 1100
1095 1100
1096 1101
1099 1104
1100 1101
1100 1102
1100 1103
1100 1104
1101 1102
1103 1104
1101 1105
1102 1105
1103 1105
1104 1105
1100 1105
1101 1106
1104 1109
1105 1106
1105 1107
1105 1108
1105 1109
1106 1107
1108 1109
1106 1110
1107 1110
1108 1110
1109 1110
1105 1110
1106 1111
1109 1114
1110 1111
1110 1112
1110 1113
1110 1114
1111 1112
1113 1114
1111 1115
1112 1115
1113 1115
1114 1115
1110 1115
1111 1116
1114 1119
1115 1116
1115 1117
1115 1118
1115 1119
1116 1117
1118 1119
1116 1120
1117 1120
1118 1120
1119 1120
1115 1120
1116 1121
1119 1124
1120 1121
1120 1122
1120 1123
1120 1124
1121 1122
1123 1124
1121 1125
1122 1125
1123 1125
1124 1125
1120 1125
1121 1126
1124 1129
1125 1126
1125 1127
1125 1128
1125 1129
1126 1127
1128 1129
1126 1130
1127 1130
1128 1130
1129 1130
1125 1130
1126 1131
1129 1134
1130 1131
1130 1132
1130 1133
1130 1134
1131 1132
1133 1134
1131 1135
1132 1135
1133 1135
1134 1135
1130 1135
1131 1136
1134 1139
1135 1136
1135 1137
1135 1138
1135 1139
1136 1137
1138 1139
1136 1140
1137 1140
1138 1140
1139 1140
1135 1140
1136 1141
1139 1144
1140 1141
1140 1142
1140 1143
1140 1144
1141 1142
1143 1144
1141 1145
1142 1145
1143 1145
1144 1145
1140 1145
1141 1146
1144 1149
1145 1146
1145 1147
1145 1148
1145 1149
1146 1147
1148 1149
1146 1150
1147 1150
1148 1150
1149 1150
1145 1150
1146 1151
1149 1154
1150 1151
1150 1152
1150 1153
1150 1154
1151 1152
1153 1154
1151 1155
1152 1155
1153 1155
1154 1155
1150 1155
1156 1157
1156 1158
1156 1159
1156 1160
1157 1158
1159 1160
1157 1161
1158 1161
1159 1161
1160 1161
1156 1161
1157 1162
1160 1165
1161 1162
1161 1163
1161 1164
1161 1165
1162 1163
1164 1165
1162 1166
1163 1166
1164 1166
1165 1166
1161 1166
1162 1167
1165 1170
1166 1167
1166 1168
1166 1169
1166 1170
1167 1168
1169 1170
1167 1171
1168 1171
1169 1171
1170 1171
1166 1171
1167 1172
1170 1175
1171 1172
1171 1173
1171 1174
1171 1175
1172 1173
1174 1175
1172 1176
1173 1176
1174 1176
1175 1176
1171 1176
1172 1177
1175 1180
1176 1177
1176 1178
1176 1179
1176 1180
1177 1178
1179 1180
1177 1181
1178 1181
1179 1181
1180 1181
1176 1181
1177 1182
1180 1185
1181 1182
1181 1183
1181 1184
1181 1185
1182 1183
1184 1185
1182 1186
1183 1186
1184 1186
1185 1186
1181 1186
1182 1187
1185 1190
1186 1187
1186 1188
1186 1189
1186 1190
1187 1188
1189 1190
1187 1191
1188 1191
1189 1191
1190 1191
1186 1191
1187 1192
1190 1195
1191 1192
1191 1193
1191 1194
1191 1195
1192 1193
1194 1195
1192 1196
1193 1196
1194 1196
1195 1196
1191 1196
1192 1197
1195 1200
1196 1197
1196 1198
1196 1199
1196 1200
1197 1198
1199 1200
1197 1201
1198 1201
1199 1201
1200 1201
1196 1201
1197 1202
1200 1205
1201 1202
1201 1203
1201 1204
1201 1205
1202 1203
1204 1205
1202 1206
1203 1206
1204 1206
1205 1206
1201 1206
1202 1207
1205 1210
1206 1207
1206 1208
1206 1209
1206 1210
1207 1208
1209 1210
1207 1211
1208 1211
1209 1211
1210 1211
1206 1211
1207 1212
1210 1215
1211 1212
1211 1213
1211 1214
1211 1215
1212 1213
1214 1215
1212 1216
1213 1216
1214 1216
1215 1216
1211 1216
1212 1217
1215 1220
1216 1217
1216 1218
1216 1219
1216 1220
1217 1218
1219 1220
1217 1221
1218 1221
1219 1221
1220 1221
1216 1221
1217 1222
1220 1225
1221 1222
1221 1223
1221 1224
1221 1225
1222 1223
1224 1225
1222 1226
1223 1226
1224 1226
1225 1226
1221 1226
1222 1227
1225 1230
1226 1227
1226 1228
1226 1229
1226 1230
1227 1228
1229 1230
1227 1231
1228 1231
1229 1231
1230 1231
1226 1231
1227 1232
1230 1235
1231 1232
1231 1233
1231 1234
1231 1235
1232 1233
1234 1235
1232 1236
1233 1236
1234 1236
1235 1236
1231 1236
1232 1237
1235 1240
1236 1237
1236 1238
1236 1239
1236 1240
1237 1238
1239 1240
1237 1241
1238 1241
1239 1241
1240 1241
1236 1241
1237 1242
1240 1245
1241 1242
1241 1243
1241 1244
1241 1245
1242 1243
1244 1245
1242 1246
1243 1246
1244 1246
1245 1246
1241 1246
1242 1247
1245 1250
1246 1247
1246 1248
1246 1249
1246 1250
1247 1248
1249 1250
1247 1251
1248 1251
1249 1251
1250 1251
1246 1251
1252 1253
1252 1254
1252 1255
1252 1256
1253 1254
1255 1256
1253 1257
1254 1257
1255 1257
1256 1257
1252 1257
1253 1258
1256 1261
1257 1258
1257 1259
1257 1260
1257 1261
1258 1259
1260 1261
1258 1262
1259 1262
1260 1262
1261 1262
1257 1262
1258 1263
1261 1266
1262 1263
1262 1264
1262 1265
1262 1266
1263 1264
1265 1266
1263 1267
1264 1267
1265 1267
1266 1267
1262 1267
1263 1268
1266 1271
1267 1268
1267 1269
1267 1270
1267 1271
1268 1269
1270 1271
1268 1272
1269 1272
1270 1272
1271 1272
1267 1272
1268 1273
1271 1276
1272 1273
1272 1274
1272 1275
1272 1276
1273 1274
1275 1276
1273 1277
1274 1277
1275 1277
1276 1277
1272 1277
1273 1278
1276 1281
1277 1278
1277 1279
1277 1280
1277 1281
1278 1279
1280 1281
1278 1282
1279 1282
1280 1282
1281 1282
1277 1282
1278 1283
1281 1286
1282 1283
1282 1284
1282 1285
1282 1286
1283 1284
1285 1286
1283 1287
1284 1287
1285 1287
1286 1287
1282 1287
1283 1288
1286 1291
1287 1288
1287 1289
1287 1290
1287 1291
1288 1289
1290 1291
1288 1292
1289 1292
1290 1292
1291 1292
1287 1292
1288 1293
1291 1296
1292 1293
1292 1294
1292 1295
1292 1296
1293 1294
1295 1296
1293 1297
1294 1297
1295 1297
1296 1297
1292 1297
1293 1298
1296 1301
1297 1298
1297 1299
1297 1300
1297 1301
1298 1299
1300 1301
1298 1302
1299 1302
1300 1302
1301 1302
1297 1302
1298 1303
1301 1306
1302 1303
1302 1304
1302 1305
1302 1306
1303 1304
1305 1306
1303 1307
1304 1307
1305 1307
1306 1307
1302 1307
1303 1308
1306 1311
1307 1308
1307 1309
1307 1310
1307 1311
1308 1309
1310 1311
1308 1312
1309 1312
1310 1312
1311 1312
1307 1312
1308 1313
1311 1316
1312 1313
1312 1314
1312 1315
1312 1316
1313 1314
1315 1316
1313 1317
1314 1317
1315 1317
1316 1317
1312 1317
1313 1318
1316 1321
1317 1318
1317 1319
1317 1320
1317 1321
1318 1319
1320 1321
1318 1322
1319 1322
1320 1322
1321 1322
1317 1322
1318 1323
1321 1326
1322 1323
1322 1324
1322 1325
1322 1326
1323 1324
1325 1326
1323 1327
1324 1327
1325 1327
1326 1327
1322 1327
1323 1328
1326 1331
1327 1328
1327 1329
1327 1330
1327 1331
1328 1329
1330 1331
1328 1332
1329 1332
1330 1332
1331 1332
1327 1332
1328 1333
1331 1336
1332 1333
1332 1334
1332 1335
1332 1336
1333 1334
1335 1336
1333 1337
1334 1337
1335 1337
1336 1337
1332 1337
1333 1338
1336 1341
1337 1338
1337 1339
1337 1340
1337 1341
1338 1339
1340 1341
1338 1342
1339 1342
1340 1342
1341 1342
1337 1342
1338 1343
1341 1346
1342 1343
1342 1344
1342 1345
1342 1346
1343 1344
1345 1346
1343 1347
1344 1347
1345 1347
1346 1347
1342 1347
100 196
291 387
292 388
483 579
484 580
675 771
676 772
867 963
868 964
1059 1155
1060 1156
1251 1347
1 4
1 1252
2 291
3 195
5 1348
