36 77 23
70 140
40 0
80 0
20 120
40 120
60 120
80 120
100 120
10 100
30 100
50 100
70 100
90 100
110 100
-11 80
20 80
40 80
55 80
80 80
100 80
121 80
9 61
30 60
50 60
70 60
90 60
113 60
17 40
40 40
60 40
80 40
102 40
28 20
50 20
70 20
93 20
1 4
1 5
1 6
4 5
4 9
4 10
5 6
5 10
5 11
6 7
6 11
6 12
7 8
7 12
8 13
8 14
9 10
9 15
9 16
10 11
10 16
10 17
11 12
11 17
12 13
12 18
13 14
13 19
13 20
14 20
14 21
15 16
15 22
16 17
16 22
16 23
17 18
17 23
18 19
18 24
19 20
19 25
19 26
20 21
20 26
20 27
21 27
22 23
22 28
23 24
23 28
23 29
24 25
24 29
25 26
25 30
25 31
26 27
26 31
26 32
27 32
28 29
28 33
29 33
29 30
30 31
30 34
30 35
31 32
31 35
31 36
32 36
33 34
35 36
34 2
35 3
36 3
