87 227 170
-201 1
1401 501
1399 -499
100 600
300 600
500 600
700 600
900 600
1100 600
0 500
200 500
400 500
600 500
800 500
1000 500
1200 500
100 400
300 400
500 400
700 400
900 400
1100 400
0 300
200 300
400 300
600 300
800 300
1000 300
1200 300
100 200
300 200
500 200
700 200
900 200
1100 200
-20 120
200 100
400 100
600 100
800 100
1000 100
1200 100
100 0
300 0
520 0
680 0
900 0
1100 0
0 -100
200 -100
400 -100
600 -100
800 -100
1000 -100
1200 -100
100 -200
300 -200
500 -200
700 -200
900 -200
1100 -200
0 -300
200 -300
400 -300
600 -300
800 -300
1000 -300
1200 -300
100 -400
300 -400
500 -400
700 -400
900 -400
1100 -400
0 -500
200 -500
400 -500
600 -500
800 -500
1000 -500
1200 -500
100 -600
300 -600
500 -600
700 -600
900 -600
1100 -600
1 23
1 36
1 49
1 62
2 9
2 16
2 29
2 42
3 55
3 68
3 81
3 87
4 10
5 11
6 12
7 13
8 14
9 15
4 11
5 12
6 13
7 14
8 15
9 16
4 17
5 18
6 19
7 20
8 21
9 22
10 17
11 18
12 19
13 20
14 21
15 22
11 17
12 18
13 19
14 20
15 21
16 22
10 23
11 24
12 25
13 26
14 27
15 28
16 29
17 23
18 24
19 25
20 26
21 27
22 28
17 24
18 25
19 26
20 27
21 28
22 29
17 30
18 31
19 32
20 33
21 34
22 35
23 30
24 31
25 32
26 33
27 34
28 35
24 30
25 31
26 32
27 33
28 34
29 35
23 36
24 37
25 38
26 39
27 40
28 41
29 42
30 36
31 37
32 38
33 39
34 40
35 41
30 37
31 38
32 39
33 40
34 41
35 42
30 43
31 44
32 45
33 46
34 47
35 48
36 43
37 44
38 45
39 46
40 47
41 48
37 43
38 44
39 45
40 46
41 47
42 48
36 49
37 50
38 51
39 52
40 53
41 54
42 55
43 49
44 50
45 51
46 52
47 53
48 54
43 50
44 51
45 52
46 53
47 54
48 55
43 56
44 57
45 58
46 59
47 60
48 61
49 56
50 57
51 58
52 59
53 60
54 61
50 56
51 57
52 58
53 59
54 60
55 61
49 62
50 63
51 64
52 65
53 66
54 67
55 68
56 62
57 63
58 64
59 65
60 66
61 67
56 63
57 64
58 65
59 66
60 67
61 68
56 69
57 70
58 71
59 72
60 73
61 74
62 69
63 70
64 71
65 72
66 73
67 74
63 69
64 70
65 71
66 72
67 73
68 74
62 75
63 76
64 77
65 78
66 79
67 80
68 81
69 75
70 76
71 77
72 78
73 79
74 80
69 76
70 77
71 78
72 79
73 80
74 81
69 82
70 83
71 84
72 85
73 86
74 87
75 82
76 83
77 84
78 85
79 86
80 87
76 82
77 83
78 84
79 85
80 86
81 87
