50 32
22 27 28 32 29 34 29 30 29 30 33 34 29 30 36 32 24 30 26 22 21 30 36 33 24 24 27 25 28 39 36 26
25 29 26 23 27 36 43 40 36 37 33 38 32 35 35 29 30 38 38 30 24 35 36 37 30 27 26 27 42 49 54 35
22 29 27 22 19 31 36 33 29 35 25 25 22 26 28 25 25 35 30 33 27 36 33 36 37 34 26 38 38 33 31 24
29 40 36 28 25 34 35 37 35 42 38 37 22 22 26 30 36 41 34 29 29 40 33 33 37 36 30 38 39 25 34 23
33 39 36 24 22 28 33 35 39 38 37 46 26 28 37 40 43 42 33 28 31 38 33 36 37 43 41 41 36 34 39 29
27 39 31 28 28 36 39 42 39 31 36 41 26 31 38 38 40 39 29 27 33 36 38 44 38 40 45 40 36 34 28 27
34 36 41 38 30 29 32 34 36 38 38 40 27 27 32 32 45 31 24 21 32 33 32 42 32 33 34 28 28 30 23 26
37 44 42 47 42 29 32 28 33 33 28 35 23 25 31 35 45 36 25 22 23 21 25 35 38 35 29 25 18 21 22 26
30 29 35 39 32 27 34 38 40 34 34 37 34 31 34 31 43 35 35 30 28 25 25 32 37 34 36 35 25 30 23 25
19 24 32 37 32 20 31 39 35 35 29 43 38 43 33 37 33 34 29 30 30 29 27 29 30 30 29 25 25 30 31 22
20 20 27 35 36 24 34 37 36 26 21 26 37 40 39 37 40 26 31 35 28 28 30 29 41 34 33 23 24 38 30 26
34 36 32 39 38 26 24 33 27 28 16 23 27 35 31 48 40 24 25 33 28 34 30 32 35 38 34 25 35 32 29 20
47 54 47 40 40 30 25 29 32 30 27 31 34 25 23 26 35 22 33 37 35 34 29 24 33 38 37 39 29 32 24 23
22 33 42 44 48 47 30 31 27 35 34 37 36 28 24 31 36 46 48 38 36 34 27 26 31 34 37 34 29 19 23 23
19 25 36 33 37 37 26 23 39 45 39 36 33 36 35 27 30 46 54 28 24 26 23 26 34 35 33 39 31 28 25 29
32 27 36 36 39 35 22 26 41 47 40 31 38 45 45 33 27 34 35 23 29 33 30 26 37 45 47 48 48 31 28 29
33 29 30 34 36 36 38 33 38 36 29 30 34 44 37 34 36 26 32 34 42 44 33 31 32 36 41 34 39 30 36 35
28 22 28 28 26 33 33 33 26 31 25 22 37 41 41 36 42 35 36 37 40 34 33 33 31 36 45 35 42 36 43 36
27 25 25 20 21 25 32 25 30 35 31 27 32 35 33 24 37 45 44 34 27 26 21 31 25 30 32 35 45 44 41 26
26 36 32 30 24 34 28 36 33 38 35 37 25 27 31 23 37 48 46 33 35 37 43 38 37 28 26 31 37 36 39 26
35 36 32 22 35 34 34 37 40 28 30 38 26 31 34 27 35 53 44 38 32 42 39 34 30 26 29 42 36 35 31 25
40 36 21 22 32 30 19 37 37 35 27 33 22 30 32 27 40 52 43 27 33 35 36 23 23 26 30 44 37 37 27 21
33 30 20 20 24 18 30 43 42 33 32 29 23 37 38 36 35 46 33 27 28 25 24 22 27 28 35 40 38 40 31 24
27 34 37 29 29 24 34 40 31 32 40 39 25 30 30 27 23 30 32 33 38 23 24 31 33 36 35 42 39 40 32 23
25 37 28 28 26 28 30 33 31 32 41 37 26 34 26 26 26 24 32 36 32 22 26 30 32 31 26 28 27 35 32 22
31 30 26 20 26 24 29 33 34 28 29 24 28 38 32 37 37 26 31 34 26 20 22 20 24 28 24 25 28 39 36 25
32 26 18 21 29 30 29 37 34 29 30 27 30 39 29 36 42 23 30 28 23 29 37 30 34 25 19 21 18 36 41 34
29 22 25 25 38 35 37 40 39 33 36 38 39 37 24 24 30 32 40 41 28 35 45 49 48 31 29 29 33 37 46 37
26 31 34 33 31 30 29 37 33 33 44 40 35 31 23 25 35 31 35 31 28 32 38 40 40 30 34 35 31 31 27 22
28 21 32 25 28 22 27 30 35 50 49 39 28 25 26 23 22 25 18 22 16 24 30 38 35 29 34 31 40 35 24 12
30 26 28 35 34 40 25 29 31 50 46 39 29 34 35 25 23 16 20 25 21 25 34 39 38 29 26 27 29 36 31 18
39 28 30 29 37 49 44 37 38 43 33 31 30 31 40 32 31 26 26 41 34 29 33 36 35 31 32 33 31 36 37 29
33 28 27 31 31 41 31 36 33 31 26 31 28 36 42 28 31 26 35 52 43 31 32 25 23 24 35 44 34 28 22 23
27 23 31 33 25 26 28 38 40 35 27 27 31 36 44 37 35 39 39 43 38 32 27 23 23 19 38 45 40 29 19 20
26 30 42 40 30 27 24 29 35 41 34 31 28 31 37 35 38 40 33 29 35 34 26 28 29 28 37 44 38 36 24 22
32 40 46 41 32 28 26 27 29 36 37 30 35 35 38 38 36 43 34 30 30 28 26 29 26 24 32 34 28 28 25 20
29 34 39 36 36 27 33 35 31 36 37 27 28 39 41 41 41 36 32 39 30 26 27 31 27 26 30 27 24 25 26 25
25 26 26 32 32 31 34 36 34 36 46 30 32 34 37 31 32 28 32 40 42 33 28 32 35 38 31 29 25 28 29 25
27 25 29 28 36 32 34 35 32 37 40 26 24 28 31 23 18 25 30 34 37 35 23 29 34 34 31 27 28 33 28 22
30 41 37 40 31 26 27 34 41 41 39 26 19 21 35 26 20 21 26 28 33 33 23 33 36 32 27 20 21 29 25 20
26 32 39 34 34 23 29 30 35 34 25 20 18 24 41 34 25 20 31 35 37 27 27 31 31 37 28 26 31 30 27 23
21 29 26 28 26 26 30 32 32 39 32 30 29 34 42 38 36 34 42 49 30 29 31 33 37 39 35 35 40 35 22 20
24 31 30 32 35 35 35 32 37 35 30 29 28 33 38 33 37 31 41 38 36 28 37 40 32 31 29 34 44 29 18 18
21 32 33 28 36 36 37 32 30 30 29 24 23 26 26 27 25 23 30 33 31 28 36 45 40 25 23 34 31 31 23 28
17 31 35 29 24 40 40 35 30 28 27 30 22 27 31 36 39 29 32 33 39 29 27 38 42 39 33 33 35 27 31 28
23 35 40 37 31 26 33 30 35 28 30 27 25 25 29 34 41 36 35 33 37 32 29 33 43 41 33 36 28 31 30 26
29 25 31 39 41 31 32 37 33 31 33 30 22 26 31 30 27 26 33 30 31 33 32 32 32 32 22 26 26 26 29 21
34 33 23 31 35 24 29 30 23 23 33 25 20 30 47 39 25 21 30 24 35 35 34 26 35 29 18 18 22 38 34 30
24 19 20 27 36 33 31 27 21 29 39 32 25 28 38 39 26 35 34 29 35 42 32 26 33 38 18 19 26 39 40 37
12 16 22 29 35 33 30 27 28 31 34 34 29 24 27 26 29 32 26 14 26 31 32 20 28 27 20 24 29 36 31 30
1 17 12 3
