31 43
25 41 42 29 27 30 29 29 37 35 34 24 22 36 41 30 28 34 33 42 44 49 43 34 27 32 29 26 26 30 38 37 44 39 29 22 30 25 35 31 28 41 27
37 53 46 28 37 41 40 42 48 47 44 31 24 33 44 36 39 47 43 49 48 47 44 34 31 36 42 32 30 41 51 51 46 44 30 34 38 30 36 30 38 57 43
45 52 42 36 42 36 34 27 38 39 50 40 34 33 39 35 35 44 45 48 40 33 23 23 25 36 49 41 33 37 40 34 35 38 44 43 46 43 44 40 42 53 37
41 41 26 29 42 38 38 33 33 43 53 46 36 34 36 38 30 47 45 56 37 30 27 28 25 27 43 45 50 51 45 39 35 39 37 45 45 45 50 47 47 43 32
38 29 25 37 47 43 42 34 42 43 44 41 32 31 31 40 39 52 56 46 35 22 30 36 42 29 32 32 48 44 44 39 35 39 33 48 49 46 49 46 40 37 34
32 26 33 42 50 36 27 36 49 52 39 48 46 41 31 41 38 51 36 34 28 30 34 34 40 37 35 41 49 43 43 32 35 43 43 46 41 36 39 41 32 36 39
27 24 28 44 38 37 30 36 48 47 35 48 42 42 34 45 39 42 34 29 37 34 43 37 39 37 40 38 50 47 44 32 21 39 44 51 38 36 36 27 24 22 27
25 32 45 45 42 40 44 40 39 41 34 49 41 38 49 58 44 40 30 32 41 39 48 37 37 41 35 31 40 48 44 34 33 40 62 66 40 35 30 31 29 27 23
25 42 47 57 42 45 46 46 49 51 37 47 31 34 39 42 36 36 35 31 35 31 41 39 40 49 41 26 28 40 41 48 52 46 51 56 40 35 30 29 31 27 27
30 46 44 53 46 42 47 41 44 43 36 46 35 34 43 42 31 34 33 38 44 35 37 36 41 45 45 36 35 44 50 50 55 44 43 44 34 34 29 42 41 40 31
35 45 40 42 39 46 56 57 34 41 47 57 30 32 48 52 44 37 41 45 45 30 29 41 33 35 41 35 31 34 37 36 43 33 42 39 32 30 32 41 39 36 30
24 36 32 47 39 35 44 46 33 38 51 50 31 30 50 56 39 36 40 42 33 30 38 50 34 30 37 33 35 33 36 44 52 47 43 41 31 30 37 38 32 41 35
28 41 48 57 54 38 33 41 35 44 36 33 26 31 44 53 47 41 39 33 29 31 36 44 31 37 41 34 37 42 34 37 51 44 40 42 37 35 51 54 49 61 47
37 56 50 46 41 39 43 41 43 49 36 40 43 39 35 47 36 35 35 35 27 39 35 33 30 38 45 46 50 55 43 50 62 54 43 43 43 33 47 42 37 38 33
39 60 43 35 33 37 36 33 41 46 40 40 50 38 38 43 29 26 31 38 44 46 46 26 26 29 43 51 47 48 41 50 58 54 40 41 30 29 35 36 34 30 23
38 44 32 32 40 50 50 45 41 49 40 54 49 52 41 43 31 26 30 34 41 48 43 34 34 33 42 45 34 43 35 43 42 37 46 42 37 35 37 36 40 32 24
36 40 27 40 41 53 56 52 47 45 51 51 44 44 51 44 42 40 29 31 34 36 36 32 35 34 37 38 43 50 36 35 33 32 45 45 38 46 40 39 36 35 29
41 38 45 55 47 41 43 41 32 31 34 44 31 42 41 41 39 41 43 30 38 37 36 37 38 39 39 36 46 61 33 34 34 33 42 44 29 35 41 44 42 39 39
41 43 43 53 46 45 43 38 37 28 29 44 34 45 46 45 45 57 48 40 37 44 44 40 46 43 35 31 39 46 32 43 48 46 48 42 27 37 35 39 21 40 35
33 35 37 40 45 38 38 47 55 36 37 43 45 43 44 44 44 53 45 34 37 47 42 39 44 37 31 27 34 41 34 41 40 35 30 31 28 47 45 32 32 45 44
27 35 40 45 39 30 28 47 54 39 38 47 40 32 29 37 36 38 33 34 43 42 44 38 56 48 40 28 30 40 42 47 38 40 38 30 22 36 33 38 34 41 35
28 30 39 42 37 24 30 35 35 28 33 37 39 35 34 43 35 35 33 45 45 50 35 43 47 49 39 34 31 43 49 51 37 36 38 35 25 28 39 46 51 36 32
30 31 37 42 31 31 35 33 31 34 36 31 44 43 40 44 33 35 51 44 53 42 43 46 46 43 38 34 35 32 41 47 41 27 35 33 34 30 37 51 58 47 36
45 43 40 31 28 31 44 28 30 36 34 36 38 44 31 40 31 40 52 49 43 41 28 37 39 46 33 40 36 33 32 36 37 41 42 43 39 31 43 35 51 44 34
45 51 47 38 33 35 43 33 40 48 38 31 35 34 33 39 32 33 41 30 38 32 32 38 45 52 38 38 42 41 40 40 35 37 42 31 36 34 38 43 43 44 32
40 56 60 42 33 25 30 24 36 46 34 35 32 41 43 43 41 28 39 28 36 36 31 38 43 45 34 41 37 29 39 42 35 46 39 38 41 32 33 35 42 41 32
34 47 57 47 38 33 34 25 39 39 40 46 48 49 39 46 42 36 43 40 45 36 31 35 40 42 34 37 34 24 29 40 38 49 41 37 46 41 31 42 45 52 39
31 35 40 43 44 44 30 32 38 37 40 50 47 49 38 40 40 37 51 49 45 31 27 26 30 33 31 36 35 30 31 34 38 52 39 46 45 47 38 45 51 52 38
41 38 36 42 46 45 39 32 38 28 46 41 31 29 30 41 35 34 47 49 42 29 39 35 36 45 36 35 33 42 40 37 44 43 43 49 42 42 36 37 32 33 21
43 45 45 42 46 48 44 51 42 35 44 51 45 39 40 47 38 41 41 49 44 41 48 44 50 54 53 39 43 60 57 53 48 44 44 49 28 27 30 31 35 28 24
29 32 31 28 29 29 33 38 39 36 41 46 51 37 29 29 30 34 39 42 46 38 37 30 33 47 46 42 37 50 45 37 36 34 46 46 29 24 27 28 29 28 20
1 19 10 8
