50
56 4 28 7 42 14 59 64 54 44 78 41 65 38 4 89 14 40 8 36 99 83 27 19 37 98 79 60 39 54 100 56 70 32 50 71 79 57 54 15 77 18 56 31 49 42 52 42 60 68
55 92 24 77 88 28 49 5 64 66 69 61 15 12 94 34 24 12 82 47 99 88 37 100 73 76 67 77 44 71 60 93 55 56 96 9 67 55 94 64 95 65 76 68 50 12 80 8 68 74
1 63 10 67 41 53 53 53 18 69 35 96 6 3 40 23 59 35 20 21 99 5 2 23 73 22 20 96 56 59 96 34 47 69 19 77 77 77 95 26 98 21 71 14 66 82 77 75 22 27
59 85 8 62 83 68 35 21 63 86 31 56 65 84 21 77 14 50 10 68 69 18 64 88 46 65 21 82 75 88 84 37 80 84 10 29 74 53 2 76 1 36 92 98 62 11 90 51 66 21
14 22 41 42 66 72 9 24 30 51 75 27 78 37 98 26 68 4 49 54 38 14 75 10 67 84 85 28 14 67 4 39 47 99 88 70 87 28 96 75 62 73 87 48 91 11 18 26 26 46
14 34 4 45 49 49 100 80 60 66 49 17 40 55 73 64 18 61 32 20 63 48 64 29 95 30 11 59 64 9 41 46 83 18 23 96 71 97 80 49 25 86 44 77 6 30 3 71 46 35
7 100 49 4 96 29 85 9 18 97 8 38 44 2 2 53 12 75 8 9 3 54 46 36 10 72 90 100 25 81 22 1 39 100 20 22 30 90 75 15 89 94 49 17 47 1 24 76 82 2
49 77 79 25 63 55 88 8 27 36 75 19 96 91 57 68 86 12 47 21 59 65 59 60 1 92 38 67 68 51 5 54 2 38 30 21 54 7 44 6 79 90 62 39 61 64 47 100 52 30
42 32 95 2 28 60 66 49 54 24 60 61 17 81 95 32 55 2 97 14 8 39 24 84 45 31 73 33 23 76 70 73 19 33 83 24 21 7 33 48 6 60 94 82 47 56 76 43 99 60
42 17 4 25 59 47 56 49 64 69 65 57 47 9 63 98 89 55 93 27 10 22 51 27 67 51 18 31 45 26 84 88 39 91 50 34 3 86 44 47 29 69 8 53 81 81 1 69 52 44
60 98 24 79 56 45 79 56 18 75 21 77 44 72 77 90 60 85 94 42 32 44 74 53 20 25 14 74 73 17 75 27 35 79 25 34 37 67 66 80 92 2 13 69 59 37 15 66 9 41
22 70 88 55 33 96 61 46 15 11 95 82 71 67 53 77 11 76 50 43 35 28 83 50 81 14 84 3 15 60 34 56 32 60 60 34 51 99 88 74 4 61 100 99 52 17 18 18 39 100
32 54 64 96 27 29 69 95 55 59 7 3 98 93 56 80 41 60 35 89 84 15 53 60 60 6 34 52 91 73 81 79 98 85 63 71 57 73 80 40 84 87 60 17 61 64 42 72 34 17
71 78 29 92 89 87 25 6 68 41 26 62 97 88 40 14 49 29 96 61 64 83 64 9 78 47 44 1 62 81 20 49 73 8 95 8 26 98 29 31 80 8 78 25 2 12 95 23 42 7
68 20 95 98 62 39 33 63 61 80 3 29 26 72 31 9 87 49 94 54 11 81 60 100 92 14 62 79 46 22 29 29 54 96 98 97 26 95 5 93 59 97 78 48 56 62 99 33 65 18
46 23 91 57 37 25 42 97 95 52 85 57 4 78 33 48 53 73 16 92 5 89 7 60 15 38 58 64 6 93 87 99 53 80 70 21 74 44 31 58 42 71 53 71 93 27 41 84 24 85
37 41 18 89 39 29 30 78 29 20 79 57 75 92 77 42 87 70 77 13 23 30 94 53 96 40 29 71 78 64 62 39 1 24 96 64 50 45 27 16 72 71 88 16 8 45 92 32 99 1
81 7 11 95 33 50 45 4 80 35 77 60 72 76 70 20 63 32 28 62 94 81 71 26 67 22 95 58 31 83 36 8 61 63 46 18 89 58 5 71 50 63 89 28 15 82 14 5 11 42
94 21 38 69 23 91 57 49 6 43 46 63 44 16 94 72 13 80 48 79 94 45 46 22 3 72 64 17 84 23 35 65 91 75 56 19 67 4 98 58 75 29 9 87 11 22 28 83 86 39
48 24 39 66 13 40 61 81 54 45 41 14 68 61 59 62 96 48 19 35 38 40 62 62 8 39 35 13 14 72 3 77 13 75 17 70 32 66 74 21 100 72 55 22 46 84 3 68 26 39
44 90 24 41 54 67 86 81 30 48 38 34 31 52 57 24 10 61 84 76 75 45 73 81 81 52 41 44 50 92 33 89 17 36 9 61 99 89 45 46 51 17 58 26 31 74 43 37 84 39
92 1 30 22 30 90 76 42 61 37 60 53 94 33 54 40 14 97 45 50 31 9 67 75 99 23 26 34 86 51 79 73 11 30 62 98 47 96 50 65 18 92 86 49 34 48 88 72 97 65
29 60 81 52 89 74 25 98 64 72 27 81 82 61 100 75 91 75 88 66 54 90 91 21 43 95 67 82 94 27 86 40 18 41 18 95 9 2 36 42 26 44 22 44 57 36 56 39 34 64
37 76 84 19 65 95 71 55 61 26 92 73 79 19 76 99 20 39 96 11 99 40 51 89 15 71 12 95 79 50 97 96 93 80 81 22 64 78 10 9 70 12 78 38 42 93 59 53 49 52
28 85 56 99 39 93 1 28 36 100 37 93 23 17 49 32 32 97 8 24 25 85 32 46 33 86 49 43 52 6 86 77 32 72 81 52 22 28 65 91 59 49 70 76 73 86 45 64 1 46
92 74 43 59 9 37 40 77 2 4 3 12 67 34 45 24 19 87 57 76 76 9 28 1 17 66 77 47 45 81 97 31 82 99 53 91 79 8 36 40 81 5 50 38 16 85 13 53 86 83
63 6 23 74 28 83 91 52 22 60 29 30 38 18 8 21 69 25 75 17 27 33 100 98 99 100 72 23 63 39 65 13 89 34 49 81 61 21 76 81 25 65 100 65 59 2 7 24 6 49
48 32 39 49 74 58 13 30 65 95 67 31 14 36 73 92 17 35 70 6 20 58 33 18 11 43 1 79 87 81 1 72 8 30 4 45 22 86 17 44 9 43 6 3 87 37 89 29 42 15
80 62 47 10 50 27 7 2 54 9 23 56 56 80 9 91 100 43 1 5 33 70 5 59 75 33 81 91 1 71 25 74 90 77 12 58 12 44 45 18 49 52 93 68 34 47 32 6 53 33
3 28 75 57 41 36 10 31 60 99 67 36 22 4 12 7 77 78 48 73 8 3 99 68 15 30 23 91 41 4 95 1 23 62 55 63 24 46 64 71 55 17 45 46 9 72 2 4 72 37
81 3 63 15 59 45 6 77 44 82 56 88 72 69 27 36 7 33 16 96 32 28 8 60 83 15 46 86 33 56 30 24 99 32 97 53 61 75 22 34 44 70 44 39 10 88 85 2 70 28
63 7 50 73 21 64 23 34 80 63 48 16 23 22 47 45 83 19 53 15 87 20 63 57 35 72 76 42 66 71 1 86 98 66 7 80 39 26 7 10 13 23 72 30 22 4 68 75 81 58
24 83 96 40 5 58 35 84 87 82 46 7 90 69 41 42 61 84 42 98 34 37 99 61 75 51 4 65 98 37 39 89 9 100 82 94 67 37 77 71 98 22 69 7 87 11 32 38 23 89
46 91 33 50 11 18 39 60 50 58 2 94 89 40 88 87 78 69 45 10 77 76 81 13 51 83 7 6 30 3 10 63 2 70 27 73 44 2 24 3 74 95 7 28 50 9 86 94 54 45
21 69 38 12 84 67 7 74 19 21 49 89 20 42 36 63 68 42 44 63 64 30 60 43 65 66 95 38 70 71 18 92 81 30 86 34 68 28 58 45 29 44 87 91 28 90 70 81 68 45
9 64 9 84 2 95 29 51 16 75 24 1 48 35 100 85 95 39 68 45 96 16 32 42 97 46 87 7 1 32 36 14 96 35 55 8 55 98 6 45 25 41 5 99 90 29 18 10 62 62
37 92 81 98 21 69 82 25 59 25 93 14 7 69 41 49 4 48 14 61 68 23 22 99 84 79 93 80 36 97 3 48 66 46 41 59 79 56 36 49 90 73 49 76 46 43 72 21 74 79
44 79 51 9 22 55 41 20 13 52 45 54 54 80 27 15 11 60 54 87 37 5 68 13 39 100 44 50 1 72 92 9 13 9 16 43 66 82 72 2 70 70 38 38 70 52 72 8 93 49
90 90 50 94 23 7 5 18 21 55 59 97 31 10 60 94 86 82 79 66 14 33 92 82 97 19 60 25 62 63 93 33 92 50 91 84 33 81 92 26 25 39 31 33 10 22 59 71 78 28
70 67 50 25 6 23 36 55 52 9 4 86 52 77 55 25 100 22 54 29 12 3 69 28 57 87 89 17 52 32 38 70 38 17 41 86 14 90 95 12 62 16 82 47 85 37 76 28 1 60
84 41 17 89 20 68 29 12 8 31 88 28 8 76 34 86 26 24 82 66 8 12 58 1 93 84 6 23 73 19 69 60 37 75 26 85 14 53 23 32 56 68 51 100 24 67 25 93 89 79
51 96 41 53 28 57 11 32 33 6 64 43 2 87 69 54 64 43 43 93 38 78 60 28 93 11 80 73 72 88 58 55 92 79 18 89 11 56 55 59 55 80 29 22 18 52 46 97 91 42
64 43 23 23 28 48 70 86 38 80 51 68 74 93 87 72 57 51 36 69 22 96 64 94 70 98 18 33 82 62 35 19 29 47 18 78 81 90 77 68 50 50 90 100 88 59 82 91 8 19
51 16 54 45 20 91 57 94 93 54 68 68 64 33 12 56 47 100 50 55 75 98 30 65 73 28 96 59 62 39 46 25 88 86 38 37 55 36 86 81 53 80 5 31 78 1 91 80 18 80
76 76 64 100 88 56 35 38 75 59 15 80 8 49 3 79 39 68 68 84 11 81 60 47 40 3 52 30 65 70 63 87 81 11 80 25 96 34 33 84 8 93 65 68 61 51 99 30 100 2
64 16 86 29 63 66 65 68 27 21 31 30 29 97 63 26 94 17 52 25 43 98 95 95 4 13 65 75 73 88 41 32 83 3 90 45 30 53 16 75 15 30 11 12 89 93 65 80 16 74
18 8 61 53 9 95 31 47 40 49 1 4 62 20 37 38 32 60 85 6 42 70 32 100 96 49 31 63 44 1 56 53 13 75 67 60 73 24 43 31 71 13 19 39 76 91 38 9 47 96
35 18 70 34 61 4 95 91 63 41 99 80 31 69 58 98 96 9 83 46 80 80 69 59 43 61 2 69 1 55 67 49 10 68 68 47 92 1 54 3 16 60 74 43 57 24 27 69 37 89
83 21 46 99 6 60 48 77 40 83 48 44 16 1 56 34 53 86 15 44 40 34 72 71 58 13 90 14 31 60 99 6 30 76 53 88 51 38 24 71 39 83 33 34 83 13 42 4 20 93
91 76 53 78 33 56 53 78 85 92 67 91 7 32 87 73 76 30 67 31 85 65 86 95 49 39 83 1 88 43 73 46 52 94 86 17 52 75 38 94 40 34 1 3 44 19 67 4 32 74