100
0 100 300 1 1
200 110 6 1 2
5 0 10 1 7
10 88 1 1 7
18 90 6 1 6
19 88 1 1 7
23 88 1 1 7
36 92 15 1 5
37 90 6 1 6
38 88 1 1 7
42 88 1 1 7
50 90 6 1 6
51 88 1 1 7
55 88 1 1 7
73 94 34 1 4
74 92 15 1 5
75 90 6 1 6
76 88 1 1 7
80 88 1 1 7
88 90 6 1 6
89 88 1 1 7
93 88 1 1 7
106 92 15 1 5
107 90 6 1 6
108 88 1 1 7
112 88 1 1 7
120 90 6 1 6
121 88 1 1 7
125 88 1 1 7
148 96 72 1 3
149 94 34 1 4
150 92 15 1 5
151 90 6 1 6
152 88 1 1 7
156 88 1 1 7
164 90 6 1 6
165 88 1 1 7
169 88 1 1 7
182 92 15 1 5
183 90 6 1 6
184 88 1 1 7
188 88 1 1 7
196 90 6 1 6
197 88 1 1 7
201 88 1 1 7
219 94 34 1 4
220 92 15 1 5
221 90 6 1 6
222 88 1 1 7
226 88 1 1 7
234 90 6 1 6
235 88 1 1 7
239 88 1 1 7
252 92 15 1 5
253 90 6 1 6
254 88 1 1 7
258 88 1 1 7
266 90 6 1 6
267 88 1 1 7
271 88 1 1 7
299 98 148 1 2
300 96 72 1 3
301 94 34 1 4
302 92 15 1 5
303 90 6 1 6
304 88 1 1 7
308 88 1 1 7
316 90 6 1 6
317 88 1 1 7
321 88 1 1 7
334 92 15 1 5
335 90 6 1 6
336 88 1 1 7
340 88 1 1 7
348 90 6 1 6
349 88 1 1 7
353 88 1 1 7
371 94 34 1 4
372 92 15 1 5
373 90 6 1 6
374 88 1 1 7
378 88 1 1 7
386 90 6 1 6
387 88 1 1 7
391 88 1 1 7
404 92 15 1 5
405 90 6 1 6
406 88 1 1 7
410 88 1 1 7
418 90 6 1 6
419 88 1 1 7
423 88 1 1 7
446 96 72 1 3
447 94 34 1 4
448 92 15 1 5
1 98 148 1 2
2 96 72 1 3
3 94 34 1 4
4 92 15 1 5
5 90 6 1 6
