100
83 0 2 0
94 1 0 3 0
89 2 0 4 0
17 3 0 5 0
93 4 0 6 0
29 5 0 7 0
92 6 0 8 0
68 7 0 9 0
69 8 0 10 0
85 9 0 11 0
59 10 0 12 0
31 11 0 13 0
95 12 0 14 0
12 13 0 15 0
86 14 0 16 0
48 15 0 17 0
4 16 0 18 0
70 17 0 19 0
10 18 0 20 0
73 19 0 21 0
70 20 0 22 0
72 21 0 23 0
95 22 0 24 0
26 23 0 25 0
67 24 0 26 0
85 25 0 27 0
29 26 0 28 0
30 27 0 29 0
6 28 0 30 0
100 29 0 31 0
4 30 0 32 0
56 31 0 33 0
63 32 0 34 0
61 33 0 35 0
63 34 0 36 0
95 35 0 37 0
48 36 0 38 0
18 37 0 39 0
20 38 0 40 0
6 39 0 41 0
95 40 0 42 0
60 41 0 43 0
94 42 0 44 0
39 43 0 45 0
64 44 0 46 0
24 45 0 47 0
22 46 0 48 0
17 47 0 49 0
82 48 0 50 0
91 49 0 51 0
19 50 0 52 0
17 51 0 53 0
73 52 0 54 0
26 53 0 55 0
25 54 0 56 0
7 55 0 57 0
42 56 0 58 0
6 57 0 59 0
39 58 0 60 0
6 59 0 61 0
27 60 0 62 0
56 61 0 63 0
41 62 0 64 0
93 63 0 65 0
24 64 0 66 0
82 65 0 67 0
50 66 0 68 0
69 67 0 69 0
51 68 0 70 0
66 69 0 71 0
55 70 0 72 0
51 71 0 73 0
6 72 0 74 0
78 73 0 75 0
45 74 0 76 0
57 75 0 77 0
37 76 0 78 0
99 77 0 79 0
98 78 0 80 0
5 79 0 81 0
35 80 0 82 0
77 81 0 83 0
19 82 0 84 0
39 83 0 85 0
97 84 0 86 0
49 85 0 87 0
34 86 0 88 0
50 87 0 89 0
40 88 0 90 0
9 89 0 91 0
81 90 0 92 0
63 91 0 93 0
67 92 0 94 0
98 93 0 95 0
51 94 0 96 0
100 95 0 97 0
88 96 0 98 0
54 97 0 99 0
74 98 0 100 0
48 99 0 0
20000 1 0 100 0
