100
4 2 3 4 5 6 92 97 99 0 96 98 100 0
4 1 3 4 5 6 92 97 99 0 95 96 0
4 1 2 4 5 6 92 97 99 0 94 95 0
3 1 2 3 5 6 92 97 99 0 5 6 7 8 9 10 11 12 13 14 77 80 83 85 0
3 1 2 3 4 6 92 97 99 0 4 6 7 8 9 10 11 12 13 14 77 80 83 85 0
3 1 2 3 4 5 92 97 99 0 4 5 7 8 9 10 11 12 13 14 77 80 83 85 0
2 4 5 6 8 9 10 11 12 13 14 77 80 83 85 0 88 89 0
2 4 5 6 7 9 10 11 12 13 14 77 80 83 85 0 87 88 0
4 4 5 6 7 8 10 11 12 13 14 77 80 83 85 0 82 84 86 87 0
6 4 5 6 7 8 9 11 12 13 14 77 80 83 85 0 79 81 82 0
12 4 5 6 7 8 9 10 12 13 14 77 80 83 85 0 12 76 78 79 0
12 4 5 6 7 8 9 10 11 13 14 77 80 83 85 0 11 76 78 79 0
12 4 5 6 7 8 9 10 11 12 14 77 80 83 85 0 73 75 76 0
6 4 5 6 7 8 9 10 11 12 13 77 80 83 85 0 15 16 17 18 71 74 0
24 14 16 17 18 71 74 0 16 68 70 72 73 0
24 14 15 17 18 71 74 0 15 68 70 72 73 0
24 14 15 16 18 71 74 0 18 19 20 21 22 23 24 25 26 27 44 47 49 51 56 59 61 66 69 0
24 14 15 16 17 71 74 0 17 19 20 21 22 23 24 25 26 27 44 47 49 51 56 59 61 66 69 0
36 17 18 20 21 22 23 24 25 26 27 44 47 49 51 56 59 61 66 69 0 65 67 68 0
36 17 18 19 21 22 23 24 25 26 27 44 47 49 51 56 59 61 66 69 0 64 65 0
36 17 18 19 20 22 23 24 25 26 27 44 47 49 51 56 59 61 66 69 0 63 64 0
108 17 18 19 20 21 23 24 25 26 27 44 47 49 51 56 59 61 66 69 0 23 55 57 58 0
108 17 18 19 20 21 22 24 25 26 27 44 47 49 51 56 59 61 66 69 0 22 55 57 58 0
108 17 18 19 20 21 22 23 25 26 27 44 47 49 51 56 59 61 66 69 0 54 55 0
108 17 18 19 20 21 22 23 24 26 27 44 47 49 51 56 59 61 66 69 0 53 54 0
216 17 18 19 20 21 22 23 24 25 27 44 47 49 51 56 59 61 66 69 0 42 43 0
54 17 18 19 20 21 22 23 24 25 26 44 47 49 51 56 59 61 66 69 0 28 29 30 31 32 33 0
216 27 29 30 31 32 33 0 29 30 41 42 0
216 27 28 30 31 32 33 0 28 30 41 42 0
216 27 28 29 31 32 33 0 28 29 41 42 0
216 27 28 29 30 32 33 0 36 38 40 41 0
216 27 28 29 30 31 33 0 34 35 37 39 0
108 27 28 29 30 31 32 0 34 0
108 33 0 32 35 37 39 0
162 32 34 37 39 0 36 0
162 35 0 31 38 40 41 0
162 32 34 35 39 0 38 0
162 37 0 31 36 40 41 0
162 32 34 35 37 0 40 0
162 39 0 31 36 38 41 0
108 31 36 38 40 0 28 29 30 42 0
108 28 29 30 41 0 26 43 0
108 26 42 0 45 46 0
108 17 18 19 20 21 22 23 24 25 26 27 47 49 51 56 59 61 66 69 0 45 0
108 44 0 43 46 0
108 43 45 0 48 50 52 53 0
108 17 18 19 20 21 22 23 24 25 26 27 44 49 51 56 59 61 66 69 0 48 0
108 47 0 46 50 52 53 0
108 17 18 19 20 21 22 23 24 25 26 27 44 47 51 56 59 61 66 69 0 50 0
108 49 0 46 48 52 53 0
108 17 18 19 20 21 22 23 24 25 26 27 44 47 49 56 59 61 66 69 0 52 0
108 51 0 46 48 50 53 0
54 46 48 50 52 0 25 54 0
54 25 53 0 24 55 0
54 24 54 0 22 23 57 58 0
54 17 18 19 20 21 22 23 24 25 26 27 44 47 49 51 59 61 66 69 0 57 0
54 56 0 22 23 55 58 0
27 22 23 55 57 0 60 62 63 0
27 17 18 19 20 21 22 23 24 25 26 27 44 47 49 51 56 61 66 69 0 60 0
27 59 0 58 62 63 0
27 17 18 19 20 21 22 23 24 25 26 27 44 47 49 51 56 59 66 69 0 62 0
27 61 0 58 60 63 0
18 58 60 62 0 21 64 0
18 21 63 0 20 65 0
18 20 64 0 19 67 68 0
18 17 18 19 20 21 22 23 24 25 26 27 44 47 49 51 56 59 61 69 0 67 0
18 66 0 19 65 68 0
12 19 65 67 0 15 16 70 72 73 0
12 17 18 19 20 21 22 23 24 25 26 27 44 47 49 51 56 59 61 66 0 70 0
12 69 0 15 16 68 72 73 0
12 14 15 16 17 18 74 0 72 0
12 71 0 15 16 68 70 73 0
6 15 16 68 70 72 0 13 75 76 0
6 14 15 16 17 18 71 0 75 0
6 74 0 13 73 76 0
6 13 73 75 0 11 12 78 79 0
6 4 5 6 7 8 9 10 11 12 13 14 80 83 85 0 78 0
6 77 0 11 12 76 79 0
3 11 12 76 78 0 10 81 82 0
3 4 5 6 7 8 9 10 11 12 13 14 77 83 85 0 81 0
3 80 0 10 79 82 0
2 10 79 81 0 9 84 86 87 0
2 4 5 6 7 8 9 10 11 12 13 14 77 80 85 0 84 0
2 83 0 9 82 86 87 0
2 4 5 6 7 8 9 10 11 12 13 14 77 80 83 0 86 0
2 85 0 9 82 84 87 0
1 9 82 84 86 0 8 88 0
1 8 87 0 7 89 0
1 7 88 0 90 0
1 89 0 91 0
2 90 0 93 94 0
2 1 2 3 4 5 6 97 99 0 93 0
2 92 0 91 94 0
2 91 93 0 3 95 0
2 3 94 0 2 96 0
2 2 95 0 1 98 100 0
2 1 2 3 4 5 6 92 99 0 98 0
2 97 0 1 96 100 0
2 1 2 3 4 5 6 92 97 0 100 0
2 99 0 1 96 98 0
17189 1 2 3 4 5 6 92 97 99 0 1 96 98 100 0
