100
2 2 3 4 0 100 0
2 1 3 4 0 99 100 0
2 1 2 4 0 98 99 0
1 1 2 3 0 5 6 7 0
2 4 6 7 0 97 98 0
2 4 5 7 0 8 96 97 0
1 4 5 6 0 8 9 10 11 12 13 0
2 7 9 10 11 12 13 0 6 96 97 0
2 7 8 10 11 12 13 0 95 96 0
2 7 8 9 11 12 13 0 94 95 0
2 7 8 9 10 12 13 0 93 94 0
2 7 8 9 10 11 13 0 92 93 0
1 7 8 9 10 11 12 0 14 15 16 0
2 13 15 16 0 90 91 0
2 13 14 16 0 17 88 89 0
1 13 14 15 0 17 18 0
2 16 18 0 15 88 89 0
1 16 17 0 19 0
1 18 0 20 21 0
2 19 21 0 85 86 0
1 19 20 0 22 23 24 0
2 21 23 24 0 84 85 0
2 21 22 24 0 25 83 84 0
1 21 22 23 0 25 26 27 28 0
2 24 26 27 28 0 23 83 84 0
2 24 25 27 28 0 82 83 0
2 24 25 26 28 0 29 31 81 82 0
1 24 25 26 27 0 29 30 0
2 28 30 0 27 31 81 82 0
1 28 29 0 31 32 33 34 35 36 0
2 30 32 33 34 35 36 0 27 29 81 82 0
2 30 31 33 34 35 36 0 79 80 0
2 30 31 32 34 35 36 0 77 78 0
2 30 31 32 33 35 36 0 76 77 0
2 30 31 32 33 34 36 0 37 38 39 40 41 42 43 44 45 46 47 0
1 30 31 32 33 34 35 0 37 0
1 36 0 35 38 39 40 41 42 43 44 45 46 47 0
2 35 37 39 40 41 42 43 44 45 46 47 0 75 76 0
2 35 37 38 40 41 42 43 44 45 46 47 0 74 75 0
2 35 37 38 39 41 42 43 44 45 46 47 0 72 73 0
2 35 37 38 39 40 42 43 44 45 46 47 0 71 72 0
2 35 37 38 39 40 41 43 44 45 46 47 0 70 71 0
2 35 37 38 39 40 41 42 44 45 46 47 0 69 70 0
2 35 37 38 39 40 41 42 43 45 46 47 0 67 68 0
2 35 37 38 39 40 41 42 43 44 46 47 0 50 66 67 0
2 35 37 38 39 40 41 42 43 44 45 47 0 49 50 51 52 0
1 35 37 38 39 40 41 42 43 44 45 46 0 48 0
1 47 0 49 0
1 48 0 46 50 51 52 0
2 46 49 51 52 0 45 66 67 0
2 46 49 50 52 0 53 64 65 0
1 46 49 50 51 0 53 54 55 56 0
2 52 54 55 56 0 51 64 65 0
2 52 53 55 56 0 63 64 0
2 52 53 54 56 0 57 62 63 0
1 52 53 54 55 0 57 58 59 0
2 56 58 59 0 55 62 63 0
2 56 57 59 0 60 61 0
1 56 57 58 0 60 0
1 59 0 58 61 0
1 58 60 0 62 0
1 61 0 55 57 63 0
1 55 57 62 0 54 64 0
1 54 63 0 51 53 65 0
1 51 53 64 0 66 0
1 65 0 45 50 67 0
1 45 50 66 0 44 68 0
1 44 67 0 69 0
1 68 0 43 70 0
1 43 69 0 42 71 0
1 42 70 0 41 72 0
1 41 71 0 40 73 0
1 40 72 0 74 0
1 73 0 39 75 0
1 39 74 0 38 76 0
1 38 75 0 34 77 0
1 34 76 0 33 78 0
1 33 77 0 79 0
1 78 0 32 80 0
1 32 79 0 81 0
1 80 0 27 29 31 82 0
1 27 29 31 81 0 26 83 0
1 26 82 0 23 25 84 0
1 23 25 83 0 22 85 0
1 22 84 0 20 86 0
1 20 85 0 87 0
1 86 0 88 0
1 87 0 15 17 89 0
1 15 17 88 0 90 0
1 89 0 14 91 0
1 14 90 0 92 0
1 91 0 12 93 0
1 12 92 0 11 94 0
1 11 93 0 10 95 0
1 10 94 0 9 96 0
1 9 95 0 6 8 97 0
1 6 8 96 0 5 98 0
1 5 97 0 3 99 0
1 3 98 0 2 100 0
1 2 99 0 1 0
10853 1 2 3 4 0 1 100 0
