100
2 2 3 4 96 0 100 0
2 1 3 4 96 0 98 99 0
3 1 2 4 96 0 5 6 93 95 97 98 0
2 1 2 3 96 0 5 6 7 8 87 89 91 94 0
8 4 6 7 8 87 89 91 94 0 3 6 93 95 97 98 0
8 4 5 7 8 87 89 91 94 0 3 5 93 95 97 98 0
16 4 5 6 8 87 89 91 94 0 9 10 11 0
8 4 5 6 7 87 89 91 94 0 9 0
8 8 0 7 10 11 0
16 7 9 11 0 86 88 90 92 93 0
4 7 9 10 0 12 13 14 15 16 17 18 19 20 21 22 23 24 25 26 55 57 59 62 64 68 70 72 77 79 84 0
8 11 13 14 15 16 17 18 19 20 21 22 23 24 25 26 55 57 59 62 64 68 70 72 77 79 84 0 82 83 0
12 11 12 14 15 16 17 18 19 20 21 22 23 24 25 26 55 57 59 62 64 68 70 72 77 79 84 0 14 81 82 0
12 11 12 13 15 16 17 18 19 20 21 22 23 24 25 26 55 57 59 62 64 68 70 72 77 79 84 0 13 81 82 0
24 11 12 13 14 16 17 18 19 20 21 22 23 24 25 26 55 57 59 62 64 68 70 72 77 79 84 0 76 78 80 81 0
24 11 12 13 14 15 17 18 19 20 21 22 23 24 25 26 55 57 59 62 64 68 70 72 77 79 84 0 75 76 0
48 11 12 13 14 15 16 18 19 20 21 22 23 24 25 26 55 57 59 62 64 68 70 72 77 79 84 0 18 19 74 75 0
48 11 12 13 14 15 16 17 19 20 21 22 23 24 25 26 55 57 59 62 64 68 70 72 77 79 84 0 17 19 74 75 0
48 11 12 13 14 15 16 17 18 20 21 22 23 24 25 26 55 57 59 62 64 68 70 72 77 79 84 0 17 18 74 75 0
120 11 12 13 14 15 16 17 18 19 21 22 23 24 25 26 55 57 59 62 64 68 70 72 77 79 84 0 67 69 71 73 74 0
120 11 12 13 14 15 16 17 18 19 20 22 23 24 25 26 55 57 59 62 64 68 70 72 77 79 84 0 66 67 0
360 11 12 13 14 15 16 17 18 19 20 21 23 24 25 26 55 57 59 62 64 68 70 72 77 79 84 0 23 24 61 63 65 66 0
360 11 12 13 14 15 16 17 18 19 20 21 22 24 25 26 55 57 59 62 64 68 70 72 77 79 84 0 22 24 61 63 65 66 0
360 11 12 13 14 15 16 17 18 19 20 21 22 23 25 26 55 57 59 62 64 68 70 72 77 79 84 0 22 23 61 63 65 66 0
720 11 12 13 14 15 16 17 18 19 20 21 22 23 24 26 55 57 59 62 64 68 70 72 77 79 84 0 26 27 28 29 30 31 32 33 51 53 0
720 11 12 13 14 15 16 17 18 19 20 21 22 23 24 25 55 57 59 62 64 68 70 72 77 79 84 0 25 27 28 29 30 31 32 33 51 53 0
2160 25 26 28 29 30 31 32 33 51 53 0 28 29 50 52 54 56 58 60 61 0
2160 25 26 27 29 30 31 32 33 51 53 0 27 29 50 52 54 56 58 60 61 0
2160 25 26 27 28 30 31 32 33 51 53 0 27 28 50 52 54 56 58 60 61 0
4320 25 26 27 28 29 31 32 33 51 53 0 31 32 36 43 45 47 49 50 0
4320 25 26 27 28 29 30 32 33 51 53 0 30 32 36 43 45 47 49 50 0
4320 25 26 27 28 29 30 31 33 51 53 0 30 31 36 43 45 47 49 50 0
2160 25 26 27 28 29 30 31 32 51 53 0 34 35 0
2160 33 35 0 35 36 37 38 41 44 46 48 0
2160 33 34 0 34 36 37 38 41 44 46 48 0
5400 34 35 37 38 41 44 46 48 0 30 31 32 43 45 47 49 50 0
8100 34 35 36 38 41 44 46 48 0 40 42 43 0
2025 34 35 36 37 41 44 46 48 0 39 0
2025 38 0 40 0
4050 39 0 37 42 43 0
4050 34 35 36 37 38 44 46 48 0 42 0
4050 41 0 37 40 43 0
2700 37 40 42 0 30 31 32 36 45 47 49 50 0
2700 34 35 36 37 38 41 46 48 0 45 0
2700 44 0 30 31 32 36 43 47 49 50 0
2700 34 35 36 37 38 41 44 48 0 47 0
2700 46 0 30 31 32 36 43 45 49 50 0
2700 34 35 36 37 38 41 44 46 0 49 0
2700 48 0 30 31 32 36 43 45 47 50 0
1080 30 31 32 36 43 45 47 49 0 27 28 29 52 54 56 58 60 61 0
1080 25 26 27 28 29 30 31 32 33 53 0 52 0
1080 51 0 27 28 29 50 54 56 58 60 61 0
1080 25 26 27 28 29 30 31 32 33 51 0 54 0
1080 53 0 27 28 29 50 52 56 58 60 61 0
360 11 12 13 14 15 16 17 18 19 20 21 22 23 24 25 26 57 59 62 64 68 70 72 77 79 84 0 56 0
360 55 0 27 28 29 50 52 54 58 60 61 0
360 11 12 13 14 15 16 17 18 19 20 21 22 23 24 25 26 55 59 62 64 68 70 72 77 79 84 0 58 0
360 57 0 27 28 29 50 52 54 56 60 61 0
360 11 12 13 14 15 16 17 18 19 20 21 22 23 24 25 26 55 57 62 64 68 70 72 77 79 84 0 60 0
360 59 0 27 28 29 50 52 54 56 58 61 0
180 27 28 29 50 52 54 56 58 60 0 22 23 24 63 65 66 0
180 11 12 13 14 15 16 17 18 19 20 21 22 23 24 25 26 55 57 59 64 68 70 72 77 79 84 0 63 0
180 62 0 22 23 24 61 65 66 0
180 11 12 13 14 15 16 17 18 19 20 21 22 23 24 25 26 55 57 59 62 68 70 72 77 79 84 0 65 0
180 64 0 22 23 24 61 63 66 0
60 22 23 24 61 63 65 0 21 67 0
60 21 66 0 20 69 71 73 74 0
60 11 12 13 14 15 16 17 18 19 20 21 22 23 24 25 26 55 57 59 62 64 70 72 77 79 84 0 69 0
60 68 0 20 67 71 73 74 0
60 11 12 13 14 15 16 17 18 19 20 21 22 23 24 25 26 55 57 59 62 64 68 72 77 79 84 0 71 0
60 70 0 20 67 69 73 74 0
60 11 12 13 14 15 16 17 18 19 20 21 22 23 24 25 26 55 57 59 62 64 68 70 77 79 84 0 73 0
60 72 0 20 67 69 71 74 0
24 20 67 69 71 73 0 17 18 19 75 0
12 17 18 19 74 0 16 76 0
12 16 75 0 15 78 80 81 0
12 11 12 13 14 15 16 17 18 19 20 21 22 23 24 25 26 55 57 59 62 64 68 70 72 79 84 0 78 0
12 77 0 15 76 80 81 0
12 11 12 13 14 15 16 17 18 19 20 21 22 23 24 25 26 55 57 59 62 64 68 70 72 77 84 0 80 0
12 79 0 15 76 78 81 0
6 15 76 78 80 0 13 14 82 0
4 13 14 81 0 12 83 0
4 12 82 0 85 86 0
4 11 12 13 14 15 16 17 18 19 20 21 22 23 24 25 26 55 57 59 62 64 68 70 72 77 79 0 85 0
4 84 0 83 86 0
8 83 85 0 10 88 90 92 93 0
8 4 5 6 7 8 89 91 94 0 88 0
8 87 0 10 86 90 92 93 0
8 4 5 6 7 8 87 91 94 0 90 0
8 89 0 10 86 88 92 93 0
8 4 5 6 7 8 87 89 94 0 92 0
8 91 0 10 86 88 90 93 0
4 10 86 88 90 92 0 3 5 6 95 97 98 0
4 4 5 6 7 8 87 89 91 0 95 0
4 94 0 3 5 6 93 97 98 0
2 1 2 3 4 0 97 0
2 96 0 3 5 6 93 95 98 0
1 3 5 6 93 95 97 0 2 99 0
1 2 98 0 100 0
1 99 0 1 0
10652 1 2 3 4 96 0 1 100 0
