100
2 2 3 4 0 100 0
2 1 3 4 0 99 100 0
2 1 2 4 0 5 98 99 0
1 1 2 3 0 5 6 7 8 9 10 0
2 4 6 7 8 9 10 0 3 98 99 0
2 4 5 7 8 9 10 0 97 98 0
2 4 5 6 8 9 10 0 96 97 0
2 4 5 6 7 9 10 0 95 96 0
2 4 5 6 7 8 10 0 11 93 94 0
1 4 5 6 7 8 9 0 11 12 13 14 0
2 10 12 13 14 0 9 93 94 0
2 10 11 13 14 0 92 93 0
2 10 11 12 14 0 18 91 92 0
1 10 11 12 13 0 15 16 0
2 14 16 0 17 18 19 20 21 22 23 24 0
1 14 15 0 17 0
1 16 0 15 18 19 20 21 22 23 24 0
2 15 17 19 20 21 22 23 24 0 13 91 92 0
2 15 17 18 20 21 22 23 24 0 90 91 0
2 15 17 18 19 21 22 23 24 0 89 90 0
2 15 17 18 19 20 22 23 24 0 88 89 0
2 15 17 18 19 20 21 23 24 0 87 88 0
2 15 17 18 19 20 21 22 24 0 86 87 0
1 15 17 18 19 20 21 22 23 0 25 26 0
2 24 26 0 28 85 86 0
1 24 25 0 27 0
1 26 0 28 29 30 31 0
2 27 29 30 31 0 25 85 86 0
2 27 28 30 31 0 84 85 0
2 27 28 29 31 0 32 83 84 0
1 27 28 29 30 0 32 33 34 35 36 37 38 39 0
2 31 33 34 35 36 37 38 39 0 30 83 84 0
2 31 32 34 35 36 37 38 39 0 82 83 0
2 31 32 33 35 36 37 38 39 0 81 82 0
2 31 32 33 34 36 37 38 39 0 80 81 0
2 31 32 33 34 35 37 38 39 0 79 80 0
2 31 32 33 34 35 36 38 39 0 78 79 0
2 31 32 33 34 35 36 37 39 0 45 77 78 0
1 31 32 33 34 35 36 37 38 0 40 41 42 0
2 39 41 42 0 44 45 46 47 48 0
2 39 40 42 0 43 44 0
1 39 40 41 0 43 0
1 42 0 41 44 0
1 41 43 0 40 45 46 47 48 0
2 40 44 46 47 48 0 38 77 78 0
2 40 44 45 47 48 0 50 76 77 0
2 40 44 45 46 48 0 49 50 51 52 53 54 55 56 0
1 40 44 45 46 47 0 49 0
1 48 0 47 50 51 52 53 54 55 56 0
2 47 49 51 52 53 54 55 56 0 46 76 77 0
2 47 49 50 52 53 54 55 56 0 74 75 0
2 47 49 50 51 53 54 55 56 0 73 74 0
2 47 49 50 51 52 54 55 56 0 61 62 63 64 65 66 0
2 47 49 50 51 52 53 55 56 0 58 60 61 0
2 47 49 50 51 52 53 54 56 0 57 58 59 0
1 47 49 50 51 52 53 54 55 0 57 0
1 56 0 55 58 59 0
2 55 57 59 0 54 60 61 0
1 55 57 58 0 60 0
1 59 0 54 58 61 0
1 54 58 60 0 53 62 63 64 65 66 0
2 53 61 63 64 65 66 0 72 73 0
2 53 61 62 64 65 66 0 71 72 0
2 53 61 62 63 65 66 0 68 69 0
2 53 61 62 63 64 66 0 67 68 0
1 53 61 62 63 64 65 0 67 0
1 66 0 65 68 0
1 65 67 0 64 69 0
1 64 68 0 70 0
1 69 0 71 0
1 70 0 63 72 0
1 63 71 0 62 73 0
1 62 72 0 52 74 0
1 52 73 0 51 75 0
1 51 74 0 76 0
1 75 0 46 50 77 0
1 46 50 76 0 38 45 78 0
1 38 45 77 0 37 79 0
1 37 78 0 36 80 0
1 36 79 0 35 81 0
1 35 80 0 34 82 0
1 34 81 0 33 83 0
1 33 82 0 30 32 84 0
1 30 32 83 0 29 85 0
1 29 84 0 25 28 86 0
1 25 28 85 0 23 87 0
1 23 86 0 22 88 0
1 22 87 0 21 89 0
1 21 88 0 20 90 0
1 20 89 0 19 91 0
1 19 90 0 13 18 92 0
1 13 18 91 0 12 93 0
1 12 92 0 9 11 94 0
1 9 11 93 0 95 0
1 94 0 8 96 0
1 8 95 0 7 97 0
1 7 96 0 6 98 0
1 6 97 0 3 5 99 0
1 3 5 98 0 2 100 0
1 2 99 0 1 0
13401 1 2 3 4 0 1 100 0
