10000.00 101.01
10000.00 125.00
10000.00 116.28
10000.00 625.00
10000.00 416.67
10000.00 200.00
10000.00 140.85
10000.00 250.00
10000.00 144.93
10000.00 149.25
10000.00 312.50
10000.00 101.01
10000.00 151.52
10000.00 454.55
10000.00 263.16
10000.00 1666.67
10000.00 192.31
10000.00 357.14
10000.00 123.46
10000.00 153.85
10000.00 222.22
10000.00 181.82
10000.00 107.53
10000.00 178.57
10000.00 227.27
10000.00 125.00
10000.00 416.67
10000.00 149.25
10000.00 147.06
10000.00 3333.33
10000.00 526.32
10000.00 212.77
10000.00 192.31
10000.00 1428.57
10000.00 238.10
10000.00 196.08
10000.00 114.94
10000.00 163.93
10000.00 416.67
10000.00 476.19
10000.00 156.25
10000.00 909.09
10000.00 625.00
10000.00 400.00
10000.00 200.00
10000.00 106.38
10000.00 1428.57
10000.00 312.50
10000.00 384.62
10000.00 126.58
10000.00 100.00
10000.00 1111.11
10000.00 204.08
10000.00 1666.67
10000.00 119.05
10000.00 156.25
10000.00 500.00
10000.00 107.53
10000.00 238.10
10000.00 144.93
10000.00 123.46
10000.00 333.33
10000.00 153.85
10000.00 294.12
10000.00 185.19
10000.00 156.25
10000.00 133.33
10000.00 344.83
10000.00 714.29
10000.00 161.29
10000.00 112.36
10000.00 161.29
10000.00 188.68
10000.00 99.01
10000.00 208.33
10000.00 156.25
10000.00 166.67
10000.00 625.00
10000.00 588.24
10000.00 263.16
10000.00 166.67
10000.00 1000.00
10000.00 400.00
10000.00 128.21
10000.00 200.00
10000.00 833.33
10000.00 119.05
10000.00 166.67
10000.00 227.27
10000.00 416.67
10000.00 277.78
10000.00 169.49
10000.00 500.00
10000.00 99.01
10000.00 105.26
10000.00 178.57
10000.00 1111.11
10000.00 161.29
10000.00 119.05
10000.00 526.32
