13401.00 6700.50
6701.11 3350.56
3351.79 1675.89
1673.43 1673.43
1678.35 839.18
844.09 422.05
431.88 215.94
235.61 117.81
78.69 39.35
39.12 39.12
39.58 19.79
20.25 10.12
11.04 5.52
3.68 3.68
3.68 1.84
1.84 1.84
1.84 1.84
3.68 1.84
1.84 0.92
0.92 0.46
0.46 0.23
0.24 0.12
0.13 0.07
0.04 0.04
0.05 0.02
0.02 0.02
0.02 0.02
0.02 0.01
0.01 0.00
0.00 0.00
0.00 0.00
0.00 0.00
0.00 0.00
0.00 0.00
0.00 0.00
0.00 0.00
0.00 0.00
0.00 0.00
0.00 0.00
0.00 0.00
0.00 0.00
0.00 0.00
0.00 0.00
0.00 0.00
0.00 0.00
0.00 0.00
0.00 0.00
0.00 0.00
0.00 0.00
0.00 0.00
0.00 0.00
0.00 0.00
0.00 0.00
0.00 0.00
0.00 0.00
0.00 0.00
0.00 0.00
0.00 0.00
0.00 0.00
0.00 0.00
0.00 0.00
0.00 0.00
0.00 0.00
0.00 0.00
0.00 0.00
0.00 0.00
0.00 0.00
0.00 0.00
0.00 0.00
0.00 0.00
0.00 0.00
0.00 0.00
0.00 0.00
0.00 0.00
0.00 0.00
0.00 0.00
0.00 0.00
0.00 0.00
0.00 0.00
0.00 0.00
0.00 0.00
0.00 0.00
0.00 0.00
0.00 0.00
0.01 0.01
0.04 0.04
0.11 0.11
0.23 0.23
0.46 0.46
0.92 0.92
1.84 1.84
9.20 9.20
19.33 19.33
78.46 78.46
78.46 78.46
196.27 196.27
412.21 412.21
834.26 834.26
3349.33 3349.33
6699.89 6699.89
