10853.00 5426.50
5552.70 2776.35
3028.76 1514.38
1009.56 1009.56
1009.64 504.82
504.90 252.45
252.29 252.29
252.61 126.30
126.62 63.31
63.94 31.97
33.23 16.61
19.13 9.56
4.53 4.53
5.52 2.76
1.98 0.99
0.79 0.79
1.19 0.59
0.19 0.19
0.19 0.19
0.23 0.12
0.08 0.08
0.08 0.04
0.04 0.02
0.02 0.02
0.02 0.01
0.01 0.00
0.00 0.00
0.00 0.00
0.00 0.00
0.00 0.00
0.00 0.00
0.00 0.00
0.00 0.00
0.00 0.00
0.00 0.00
0.00 0.00
0.00 0.00
0.00 0.00
0.00 0.00
0.00 0.00
0.00 0.00
0.00 0.00
0.00 0.00
0.00 0.00
0.00 0.00
0.00 0.00
0.00 0.00
0.00 0.00
0.00 0.00
0.00 0.00
0.00 0.00
0.00 0.00
0.00 0.00
0.00 0.00
0.00 0.00
0.00 0.00
0.00 0.00
0.00 0.00
0.00 0.00
0.00 0.00
0.00 0.00
0.00 0.00
0.00 0.00
0.00 0.00
0.00 0.00
0.00 0.00
0.00 0.00
0.00 0.00
0.00 0.00
0.00 0.00
0.00 0.00
0.00 0.00
0.00 0.00
0.00 0.00
0.00 0.00
0.00 0.00
0.00 0.00
0.00 0.00
0.00 0.00
0.00 0.00
0.00 0.00
0.00 0.00
0.01 0.01
0.04 0.04
0.08 0.08
0.19 0.19
0.19 0.19
0.19 0.19
1.77 1.77
1.77 1.77
4.53 4.53
4.53 4.53
14.10 14.10
30.71 30.71
62.68 62.68
125.99 125.99
504.74 504.74
1009.56 1009.56
2523.94 2523.94
5300.30 5300.30
