311.33 3.75
352.59 3.75
333.83 3.75
63.77 3.75
348.84 3.75
108.78 3.75
345.09 3.75
255.06 3.75
258.81 3.75
318.83 3.75
221.31 3.75
116.28 3.75
356.34 3.75
45.01 3.75
322.58 3.75
180.05 3.75
15.00 3.75
262.57 3.75
37.51 3.75
273.82 3.75
262.57 3.75
270.07 3.75
356.34 3.75
97.52 3.75
251.31 3.75
318.83 3.75
108.78 3.75
112.53 3.75
22.51 3.75
375.09 3.75
15.00 3.75
210.05 3.75
236.31 3.75
228.81 3.75
236.31 3.75
356.34 3.75
180.05 3.75
67.52 3.75
75.02 3.75
22.51 3.75
356.34 3.75
225.06 3.75
352.59 3.75
146.29 3.75
240.06 3.75
90.02 3.75
82.52 3.75
63.77 3.75
307.58 3.75
341.34 3.75
71.27 3.75
63.77 3.75
273.82 3.75
97.52 3.75
93.77 3.75
26.26 3.75
157.54 3.75
22.51 3.75
146.29 3.75
22.51 3.75
101.28 3.75
210.05 3.75
153.79 3.75
348.84 3.75
90.02 3.75
307.58 3.75
187.55 3.75
258.81 3.75
191.30 3.75
247.56 3.75
206.30 3.75
191.30 3.75
22.51 3.75
292.57 3.75
168.79 3.75
213.80 3.75
138.78 3.75
371.34 3.75
367.59 3.75
18.75 3.75
131.28 3.75
288.82 3.75
71.27 3.75
146.29 3.75
363.84 3.75
183.80 3.75
127.53 3.75
187.55 3.75
150.04 3.75
33.76 3.75
303.83 3.75
236.31 3.75
251.31 3.75
367.59 3.75
191.30 3.75
375.09 3.75
330.08 3.75
202.55 3.75
277.57 3.75
180.05 3.75
