12121.00 3030.25
4848.40 2424.20
7272.60 2424.20
5204.68 743.53
2749.51 305.50
1249.78 249.96
1499.73 249.96
1434.84 89.68
759.62 84.40
675.22 84.40
724.02 30.17
367.33 9.93
183.67 9.67
183.67 9.67
185.00 3.43
94.18 3.36
90.82 3.36
91.47 1.12
45.99 0.37
22.84 0.12
11.45 0.04
2.87 0.01
1.43 0.01
1.43 0.01
1.44 0.00
0.72 0.00
0.18 0.00
0.09 0.00
0.04 0.00
0.04 0.00
0.04 0.00
0.02 0.00
0.02 0.00
0.02 0.00
0.01 0.00
0.00 0.00
0.00 0.00
0.00 0.00
0.00 0.00
0.00 0.00
0.00 0.00
0.00 0.00
0.00 0.00
0.00 0.00
0.00 0.00
0.00 0.00
0.00 0.00
0.00 0.00
0.00 0.00
0.00 0.00
0.00 0.00
0.01 0.00
0.01 0.00
0.01 0.00
0.01 0.00
0.01 0.00
0.01 0.00
0.02 0.00
0.04 0.00
0.09 0.00
0.09 0.00
0.09 0.00
0.18 0.00
0.18 0.00
0.18 0.00
0.36 0.00
0.36 0.00
0.36 0.00
0.72 0.00
0.72 0.00
0.72 0.00
1.43 0.01
2.86 0.02
2.88 0.02
2.86 0.02
5.72 0.04
5.70 0.04
5.75 0.04
11.39 0.12
11.48 0.12
11.36 0.12
23.15 0.37
23.00 0.37
23.00 0.37
45.48 1.11
45.74 1.12
45.74 1.12
93.53 3.34
182.33 10.13
356.69 29.72
376.49 28.96
347.53 28.96
710.82 88.85
1314.67 262.93
2455.17 818.39
2230.58 743.53
2974.10 743.53
6916.32 2305.44
