6400
0 0 1 1
2 0 3 1
4 0 5 1
6 0 7 1
8 0 9 1
10 0 11 1
12 0 13 1
14 0 15 1
16 0 17 1
18 0 19 1
20 0 21 1
22 0 23 1
24 0 25 1
26 0 27 1
28 0 29 1
30 0 31 1
32 0 33 1
34 0 35 1
36 0 37 1
38 0 39 1
40 0 41 1
42 0 43 1
44 0 45 1
46 0 47 1
48 0 49 1
50 0 51 1
52 0 53 1
54 0 55 1
56 0 57 1
58 0 59 1
60 0 61 1
62 0 63 1
64 0 65 1
66 0 67 1
68 0 69 1
70 0 71 1
72 0 73 1
74 0 75 1
76 0 77 1
78 0 79 1
80 0 81 1
82 0 83 1
84 0 85 1
86 0 87 1
88 0 89 1
90 0 91 1
92 0 93 1
94 0 95 1
96 0 97 1
98 0 99 1
100 0 101 1
102 0 103 1
104 0 105 1
106 0 107 1
108 0 109 1
110 0 111 1
112 0 113 1
114 0 115 1
116 0 117 1
118 0 119 1
120 0 121 1
122 0 123 1
124 0 125 1
126 0 127 1
128 0 129 1
130 0 131 1
132 0 133 1
134 0 135 1
136 0 137 1
138 0 139 1
140 0 141 1
142 0 143 1
144 0 145 1
146 0 147 1
148 0 149 1
150 0 151 1
152 0 153 1
154 0 155 1
156 0 157 1
158 0 159 1
0 2 1 3
2 2 3 3
4 2 5 3
6 2 7 3
8 2 9 3
10 2 11 3
12 2 13 3
14 2 15 3
16 2 17 3
18 2 19 3
20 2 21 3
22 2 23 3
24 2 25 3
26 2 27 3
28 2 29 3
30 2 31 3
32 2 33 3
34 2 35 3
36 2 37 3
38 2 39 3
40 2 41 3
42 2 43 3
44 2 45 3
46 2 47 3
48 2 49 3
50 2 51 3
52 2 53 3
54 2 55 3
56 2 57 3
58 2 59 3
60 2 61 3
62 2 63 3
64 2 65 3
66 2 67 3
68 2 69 3
70 2 71 3
72 2 73 3
74 2 75 3
76 2 77 3
78 2 79 3
80 2 81 3
82 2 83 3
84 2 85 3
86 2 87 3
88 2 89 3
90 2 91 3
92 2 93 3
94 2 95 3
96 2 97 3
98 2 99 3
100 2 101 3
102 2 103 3
104 2 105 3
106 2 107 3
108 2 109 3
110 2 111 3
112 2 113 3
114 2 115 3
116 2 117 3
118 2 119 3
120 2 121 3
122 2 123 3
124 2 125 3
126 2 127 3
128 2 129 3
130 2 131 3
132 2 133 3
134 2 135 3
136 2 137 3
138 2 139 3
140 2 141 3
142 2 143 3
144 2 145 3
146 2 147 3
148 2 149 3
150 2 151 3
152 2 153 3
154 2 155 3
156 2 157 3
158 2 159 3
0 4 1 5
2 4 3 5
4 4 5 5
6 4 7 5
8 4 9 5
10 4 11 5
12 4 13 5
14 4 15 5
16 4 17 5
18 4 19 5
20 4 21 5
22 4 23 5
24 4 25 5
26 4 27 5
28 4 29 5
30 4 31 5
32 4 33 5
34 4 35 5
36 4 37 5
38 4 39 5
40 4 41 5
42 4 43 5
44 4 45 5
46 4 47 5
48 4 49 5
50 4 51 5
52 4 53 5
54 4 55 5
56 4 57 5
58 4 59 5
60 4 61 5
62 4 63 5
64 4 65 5
66 4 67 5
68 4 69 5
70 4 71 5
72 4 73 5
74 4 75 5
76 4 77 5
78 4 79 5
80 4 81 5
82 4 83 5
84 4 85 5
86 4 87 5
88 4 89 5
90 4 91 5
92 4 93 5
94 4 95 5
96 4 97 5
98 4 99 5
100 4 101 5
102 4 103 5
104 4 105 5
106 4 107 5
108 4 109 5
110 4 111 5
112 4 113 5
114 4 115 5
116 4 117 5
118 4 119 5
120 4 121 5
122 4 123 5
124 4 125 5
126 4 127 5
128 4 129 5
130 4 131 5
132 4 133 5
134 4 135 5
136 4 137 5
138 4 139 5
140 4 141 5
142 4 143 5
144 4 145 5
146 4 147 5
148 4 149 5
150 4 151 5
152 4 153 5
154 4 155 5
156 4 157 5
158 4 159 5
0 6 1 7
2 6 3 7
4 6 5 7
6 6 7 7
8 6 9 7
10 6 11 7
12 6 13 7
14 6 15 7
16 6 17 7
18 6 19 7
20 6 21 7
22 6 23 7
24 6 25 7
26 6 27 7
28 6 29 7
30 6 31 7
32 6 33 7
34 6 35 7
36 6 37 7
38 6 39 7
40 6 41 7
42 6 43 7
44 6 45 7
46 6 47 7
48 6 49 7
50 6 51 7
52 6 53 7
54 6 55 7
56 6 57 7
58 6 59 7
60 6 61 7
62 6 63 7
64 6 65 7
66 6 67 7
68 6 69 7
70 6 71 7
72 6 73 7
74 6 75 7
76 6 77 7
78 6 79 7
80 6 81 7
82 6 83 7
84 6 85 7
86 6 87 7
88 6 89 7
90 6 91 7
92 6 93 7
94 6 95 7
96 6 97 7
98 6 99 7
100 6 101 7
102 6 103 7
104 6 105 7
106 6 107 7
108 6 109 7
110 6 111 7
112 6 113 7
114 6 115 7
116 6 117 7
118 6 119 7
120 6 121 7
122 6 123 7
124 6 125 7
126 6 127 7
128 6 129 7
130 6 131 7
132 6 133 7
134 6 135 7
136 6 137 7
138 6 139 7
140 6 141 7
142 6 143 7
144 6 145 7
146 6 147 7
148 6 149 7
150 6 151 7
152 6 153 7
154 6 155 7
156 6 157 7
158 6 159 7
0 8 1 9
2 8 3 9
4 8 5 9
6 8 7 9
8 8 9 9
10 8 11 9
12 8 13 9
14 8 15 9
16 8 17 9
18 8 19 9
20 8 21 9
22 8 23 9
24 8 25 9
26 8 27 9
28 8 29 9
30 8 31 9
32 8 33 9
34 8 35 9
36 8 37 9
38 8 39 9
40 8 41 9
42 8 43 9
44 8 45 9
46 8 47 9
48 8 49 9
50 8 51 9
52 8 53 9
54 8 55 9
56 8 57 9
58 8 59 9
60 8 61 9
62 8 63 9
64 8 65 9
66 8 67 9
68 8 69 9
70 8 71 9
72 8 73 9
74 8 75 9
76 8 77 9
78 8 79 9
80 8 81 9
82 8 83 9
84 8 85 9
86 8 87 9
88 8 89 9
90 8 91 9
92 8 93 9
94 8 95 9
96 8 97 9
98 8 99 9
100 8 101 9
102 8 103 9
104 8 105 9
106 8 107 9
108 8 109 9
110 8 111 9
112 8 113 9
114 8 115 9
116 8 117 9
118 8 119 9
120 8 121 9
122 8 123 9
124 8 125 9
126 8 127 9
128 8 129 9
130 8 131 9
132 8 133 9
134 8 135 9
136 8 137 9
138 8 139 9
140 8 141 9
142 8 143 9
144 8 145 9
146 8 147 9
148 8 149 9
150 8 151 9
152 8 153 9
154 8 155 9
156 8 157 9
158 8 159 9
0 10 1 11
2 10 3 11
4 10 5 11
6 10 7 11
8 10 9 11
10 10 11 11
12 10 13 11
14 10 15 11
16 10 17 11
18 10 19 11
20 10 21 11
22 10 23 11
24 10 25 11
26 10 27 11
28 10 29 11
30 10 31 11
32 10 33 11
34 10 35 11
36 10 37 11
38 10 39 11
40 10 41 11
42 10 43 11
44 10 45 11
46 10 47 11
48 10 49 11
50 10 51 11
52 10 53 11
54 10 55 11
56 10 57 11
58 10 59 11
60 10 61 11
62 10 63 11
64 10 65 11
66 10 67 11
68 10 69 11
70 10 71 11
72 10 73 11
74 10 75 11
76 10 77 11
78 10 79 11
80 10 81 11
82 10 83 11
84 10 85 11
86 10 87 11
88 10 89 11
90 10 91 11
92 10 93 11
94 10 95 11
96 10 97 11
98 10 99 11
100 10 101 11
102 10 103 11
104 10 105 11
106 10 107 11
108 10 109 11
110 10 111 11
112 10 113 11
114 10 115 11
116 10 117 11
118 10 119 11
120 10 121 11
122 10 123 11
124 10 125 11
126 10 127 11
128 10 129 11
130 10 131 11
132 10 133 11
134 10 135 11
136 10 137 11
138 10 139 11
140 10 141 11
142 10 143 11
144 10 145 11
146 10 147 11
148 10 149 11
150 10 151 11
152 10 153 11
154 10 155 11
156 10 157 11
158 10 159 11
0 12 1 13
2 12 3 13
4 12 5 13
6 12 7 13
8 12 9 13
10 12 11 13
12 12 13 13
14 12 15 13
16 12 17 13
18 12 19 13
20 12 21 13
22 12 23 13
24 12 25 13
26 12 27 13
28 12 29 13
30 12 31 13
32 12 33 13
34 12 35 13
36 12 37 13
38 12 39 13
40 12 41 13
42 12 43 13
44 12 45 13
46 12 47 13
48 12 49 13
50 12 51 13
52 12 53 13
54 12 55 13
56 12 57 13
58 12 59 13
60 12 61 13
62 12 63 13
64 12 65 13
66 12 67 13
68 12 69 13
70 12 71 13
72 12 73 13
74 12 75 13
76 12 77 13
78 12 79 13
80 12 81 13
82 12 83 13
84 12 85 13
86 12 87 13
88 12 89 13
90 12 91 13
92 12 93 13
94 12 95 13
96 12 97 13
98 12 99 13
100 12 101 13
102 12 103 13
104 12 105 13
106 12 107 13
108 12 109 13
110 12 111 13
112 12 113 13
114 12 115 13
116 12 117 13
118 12 119 13
120 12 121 13
122 12 123 13
124 12 125 13
126 12 127 13
128 12 129 13
130 12 131 13
132 12 133 13
134 12 135 13
136 12 137 13
138 12 139 13
140 12 141 13
142 12 143 13
144 12 145 13
146 12 147 13
148 12 149 13
150 12 151 13
152 12 153 13
154 12 155 13
156 12 157 13
158 12 159 13
0 14 1 15
2 14 3 15
4 14 5 15
6 14 7 15
8 14 9 15
10 14 11 15
12 14 13 15
14 14 15 15
16 14 17 15
18 14 19 15
20 14 21 15
22 14 23 15
24 14 25 15
26 14 27 15
28 14 29 15
30 14 31 15
32 14 33 15
34 14 35 15
36 14 37 15
38 14 39 15
40 14 41 15
42 14 43 15
44 14 45 15
46 14 47 15
48 14 49 15
50 14 51 15
52 14 53 15
54 14 55 15
56 14 57 15
58 14 59 15
60 14 61 15
62 14 63 15
64 14 65 15
66 14 67 15
68 14 69 15
70 14 71 15
72 14 73 15
74 14 75 15
76 14 77 15
78 14 79 15
80 14 81 15
82 14 83 15
84 14 85 15
86 14 87 15
88 14 89 15
90 14 91 15
92 14 93 15
94 14 95 15
96 14 97 15
98 14 99 15
100 14 101 15
102 14 103 15
104 14 105 15
106 14 107 15
108 14 109 15
110 14 111 15
112 14 113 15
114 14 115 15
116 14 117 15
118 14 119 15
120 14 121 15
122 14 123 15
124 14 125 15
126 14 127 15
128 14 129 15
130 14 131 15
132 14 133 15
134 14 135 15
136 14 137 15
138 14 139 15
140 14 141 15
142 14 143 15
144 14 145 15
146 14 147 15
148 14 149 15
150 14 151 15
152 14 153 15
154 14 155 15
156 14 157 15
158 14 159 15
0 16 1 17
2 16 3 17
4 16 5 17
6 16 7 17
8 16 9 17
10 16 11 17
12 16 13 17
14 16 15 17
16 16 17 17
18 16 19 17
20 16 21 17
22 16 23 17
24 16 25 17
26 16 27 17
28 16 29 17
30 16 31 17
32 16 33 17
34 16 35 17
36 16 37 17
38 16 39 17
40 16 41 17
42 16 43 17
44 16 45 17
46 16 47 17
48 16 49 17
50 16 51 17
52 16 53 17
54 16 55 17
56 16 57 17
58 16 59 17
60 16 61 17
62 16 63 17
64 16 65 17
66 16 67 17
68 16 69 17
70 16 71 17
72 16 73 17
74 16 75 17
76 16 77 17
78 16 79 17
80 16 81 17
82 16 83 17
84 16 85 17
86 16 87 17
88 16 89 17
90 16 91 17
92 16 93 17
94 16 95 17
96 16 97 17
98 16 99 17
100 16 101 17
102 16 103 17
104 16 105 17
106 16 107 17
108 16 109 17
110 16 111 17
112 16 113 17
114 16 115 17
116 16 117 17
118 16 119 17
120 16 121 17
122 16 123 17
124 16 125 17
126 16 127 17
128 16 129 17
130 16 131 17
132 16 133 17
134 16 135 17
136 16 137 17
138 16 139 17
140 16 141 17
142 16 143 17
144 16 145 17
146 16 147 17
148 16 149 17
150 16 151 17
152 16 153 17
154 16 155 17
156 16 157 17
158 16 159 17
0 18 1 19
2 18 3 19
4 18 5 19
6 18 7 19
8 18 9 19
10 18 11 19
12 18 13 19
14 18 15 19
16 18 17 19
18 18 19 19
20 18 21 19
22 18 23 19
24 18 25 19
26 18 27 19
28 18 29 19
30 18 31 19
32 18 33 19
34 18 35 19
36 18 37 19
38 18 39 19
40 18 41 19
42 18 43 19
44 18 45 19
46 18 47 19
48 18 49 19
50 18 51 19
52 18 53 19
54 18 55 19
56 18 57 19
58 18 59 19
60 18 61 19
62 18 63 19
64 18 65 19
66 18 67 19
68 18 69 19
70 18 71 19
72 18 73 19
74 18 75 19
76 18 77 19
78 18 79 19
80 18 81 19
82 18 83 19
84 18 85 19
86 18 87 19
88 18 89 19
90 18 91 19
92 18 93 19
94 18 95 19
96 18 97 19
98 18 99 19
100 18 101 19
102 18 103 19
104 18 105 19
106 18 107 19
108 18 109 19
110 18 111 19
112 18 113 19
114 18 115 19
116 18 117 19
118 18 119 19
120 18 121 19
122 18 123 19
124 18 125 19
126 18 127 19
128 18 129 19
130 18 131 19
132 18 133 19
134 18 135 19
136 18 137 19
138 18 139 19
140 18 141 19
142 18 143 19
144 18 145 19
146 18 147 19
148 18 149 19
150 18 151 19
152 18 153 19
154 18 155 19
156 18 157 19
158 18 159 19
0 20 1 21
2 20 3 21
4 20 5 21
6 20 7 21
8 20 9 21
10 20 11 21
12 20 13 21
14 20 15 21
16 20 17 21
18 20 19 21
20 20 21 21
22 20 23 21
24 20 25 21
26 20 27 21
28 20 29 21
30 20 31 21
32 20 33 21
34 20 35 21
36 20 37 21
38 20 39 21
40 20 41 21
42 20 43 21
44 20 45 21
46 20 47 21
48 20 49 21
50 20 51 21
52 20 53 21
54 20 55 21
56 20 57 21
58 20 59 21
60 20 61 21
62 20 63 21
64 20 65 21
66 20 67 21
68 20 69 21
70 20 71 21
72 20 73 21
74 20 75 21
76 20 77 21
78 20 79 21
80 20 81 21
82 20 83 21
84 20 85 21
86 20 87 21
88 20 89 21
90 20 91 21
92 20 93 21
94 20 95 21
96 20 97 21
98 20 99 21
100 20 101 21
102 20 103 21
104 20 105 21
106 20 107 21
108 20 109 21
110 20 111 21
112 20 113 21
114 20 115 21
116 20 117 21
118 20 119 21
120 20 121 21
122 20 123 21
124 20 125 21
126 20 127 21
128 20 129 21
130 20 131 21
132 20 133 21
134 20 135 21
136 20 137 21
138 20 139 21
140 20 141 21
142 20 143 21
144 20 145 21
146 20 147 21
148 20 149 21
150 20 151 21
152 20 153 21
154 20 155 21
156 20 157 21
158 20 159 21
0 22 1 23
2 22 3 23
4 22 5 23
6 22 7 23
8 22 9 23
10 22 11 23
12 22 13 23
14 22 15 23
16 22 17 23
18 22 19 23
20 22 21 23
22 22 23 23
24 22 25 23
26 22 27 23
28 22 29 23
30 22 31 23
32 22 33 23
34 22 35 23
36 22 37 23
38 22 39 23
40 22 41 23
42 22 43 23
44 22 45 23
46 22 47 23
48 22 49 23
50 22 51 23
52 22 53 23
54 22 55 23
56 22 57 23
58 22 59 23
60 22 61 23
62 22 63 23
64 22 65 23
66 22 67 23
68 22 69 23
70 22 71 23
72 22 73 23
74 22 75 23
76 22 77 23
78 22 79 23
80 22 81 23
82 22 83 23
84 22 85 23
86 22 87 23
88 22 89 23
90 22 91 23
92 22 93 23
94 22 95 23
96 22 97 23
98 22 99 23
100 22 101 23
102 22 103 23
104 22 105 23
106 22 107 23
108 22 109 23
110 22 111 23
112 22 113 23
114 22 115 23
116 22 117 23
118 22 119 23
120 22 121 23
122 22 123 23
124 22 125 23
126 22 127 23
128 22 129 23
130 22 131 23
132 22 133 23
134 22 135 23
136 22 137 23
138 22 139 23
140 22 141 23
142 22 143 23
144 22 145 23
146 22 147 23
148 22 149 23
150 22 151 23
152 22 153 23
154 22 155 23
156 22 157 23
158 22 159 23
0 24 1 25
2 24 3 25
4 24 5 25
6 24 7 25
8 24 9 25
10 24 11 25
12 24 13 25
14 24 15 25
16 24 17 25
18 24 19 25
20 24 21 25
22 24 23 25
24 24 25 25
26 24 27 25
28 24 29 25
30 24 31 25
32 24 33 25
34 24 35 25
36 24 37 25
38 24 39 25
40 24 41 25
42 24 43 25
44 24 45 25
46 24 47 25
48 24 49 25
50 24 51 25
52 24 53 25
54 24 55 25
56 24 57 25
58 24 59 25
60 24 61 25
62 24 63 25
64 24 65 25
66 24 67 25
68 24 69 25
70 24 71 25
72 24 73 25
74 24 75 25
76 24 77 25
78 24 79 25
80 24 81 25
82 24 83 25
84 24 85 25
86 24 87 25
88 24 89 25
90 24 91 25
92 24 93 25
94 24 95 25
96 24 97 25
98 24 99 25
100 24 101 25
102 24 103 25
104 24 105 25
106 24 107 25
108 24 109 25
110 24 111 25
112 24 113 25
114 24 115 25
116 24 117 25
118 24 119 25
120 24 121 25
122 24 123 25
124 24 125 25
126 24 127 25
128 24 129 25
130 24 131 25
132 24 133 25
134 24 135 25
136 24 137 25
138 24 139 25
140 24 141 25
142 24 143 25
144 24 145 25
146 24 147 25
148 24 149 25
150 24 151 25
152 24 153 25
154 24 155 25
156 24 157 25
158 24 159 25
0 26 1 27
2 26 3 27
4 26 5 27
6 26 7 27
8 26 9 27
10 26 11 27
12 26 13 27
14 26 15 27
16 26 17 27
18 26 19 27
20 26 21 27
22 26 23 27
24 26 25 27
26 26 27 27
28 26 29 27
30 26 31 27
32 26 33 27
34 26 35 27
36 26 37 27
38 26 39 27
40 26 41 27
42 26 43 27
44 26 45 27
46 26 47 27
48 26 49 27
50 26 51 27
52 26 53 27
54 26 55 27
56 26 57 27
58 26 59 27
60 26 61 27
62 26 63 27
64 26 65 27
66 26 67 27
68 26 69 27
70 26 71 27
72 26 73 27
74 26 75 27
76 26 77 27
78 26 79 27
80 26 81 27
82 26 83 27
84 26 85 27
86 26 87 27
88 26 89 27
90 26 91 27
92 26 93 27
94 26 95 27
96 26 97 27
98 26 99 27
100 26 101 27
102 26 103 27
104 26 105 27
106 26 107 27
108 26 109 27
110 26 111 27
112 26 113 27
114 26 115 27
116 26 117 27
118 26 119 27
120 26 121 27
122 26 123 27
124 26 125 27
126 26 127 27
128 26 129 27
130 26 131 27
132 26 133 27
134 26 135 27
136 26 137 27
138 26 139 27
140 26 141 27
142 26 143 27
144 26 145 27
146 26 147 27
148 26 149 27
150 26 151 27
152 26 153 27
154 26 155 27
156 26 157 27
158 26 159 27
0 28 1 29
2 28 3 29
4 28 5 29
6 28 7 29
8 28 9 29
10 28 11 29
12 28 13 29
14 28 15 29
16 28 17 29
18 28 19 29
20 28 21 29
22 28 23 29
24 28 25 29
26 28 27 29
28 28 29 29
30 28 31 29
32 28 33 29
34 28 35 29
36 28 37 29
38 28 39 29
40 28 41 29
42 28 43 29
44 28 45 29
46 28 47 29
48 28 49 29
50 28 51 29
52 28 53 29
54 28 55 29
56 28 57 29
58 28 59 29
60 28 61 29
62 28 63 29
64 28 65 29
66 28 67 29
68 28 69 29
70 28 71 29
72 28 73 29
74 28 75 29
76 28 77 29
78 28 79 29
80 28 81 29
82 28 83 29
84 28 85 29
86 28 87 29
88 28 89 29
90 28 91 29
92 28 93 29
94 28 95 29
96 28 97 29
98 28 99 29
100 28 101 29
102 28 103 29
104 28 105 29
106 28 107 29
108 28 109 29
110 28 111 29
112 28 113 29
114 28 115 29
116 28 117 29
118 28 119 29
120 28 121 29
122 28 123 29
124 28 125 29
126 28 127 29
128 28 129 29
130 28 131 29
132 28 133 29
134 28 135 29
136 28 137 29
138 28 139 29
140 28 141 29
142 28 143 29
144 28 145 29
146 28 147 29
148 28 149 29
150 28 151 29
152 28 153 29
154 28 155 29
156 28 157 29
158 28 159 29
0 30 1 31
2 30 3 31
4 30 5 31
6 30 7 31
8 30 9 31
10 30 11 31
12 30 13 31
14 30 15 31
16 30 17 31
18 30 19 31
20 30 21 31
22 30 23 31
24 30 25 31
26 30 27 31
28 30 29 31
30 30 31 31
32 30 33 31
34 30 35 31
36 30 37 31
38 30 39 31
40 30 41 31
42 30 43 31
44 30 45 31
46 30 47 31
48 30 49 31
50 30 51 31
52 30 53 31
54 30 55 31
56 30 57 31
58 30 59 31
60 30 61 31
62 30 63 31
64 30 65 31
66 30 67 31
68 30 69 31
70 30 71 31
72 30 73 31
74 30 75 31
76 30 77 31
78 30 79 31
80 30 81 31
82 30 83 31
84 30 85 31
86 30 87 31
88 30 89 31
90 30 91 31
92 30 93 31
94 30 95 31
96 30 97 31
98 30 99 31
100 30 101 31
102 30 103 31
104 30 105 31
106 30 107 31
108 30 109 31
110 30 111 31
112 30 113 31
114 30 115 31
116 30 117 31
118 30 119 31
120 30 121 31
122 30 123 31
124 30 125 31
126 30 127 31
128 30 129 31
130 30 131 31
132 30 133 31
134 30 135 31
136 30 137 31
138 30 139 31
140 30 141 31
142 30 143 31
144 30 145 31
146 30 147 31
148 30 149 31
150 30 151 31
152 30 153 31
154 30 155 31
156 30 157 31
158 30 159 31
0 32 1 33
2 32 3 33
4 32 5 33
6 32 7 33
8 32 9 33
10 32 11 33
12 32 13 33
14 32 15 33
16 32 17 33
18 32 19 33
20 32 21 33
22 32 23 33
24 32 25 33
26 32 27 33
28 32 29 33
30 32 31 33
32 32 33 33
34 32 35 33
36 32 37 33
38 32 39 33
40 32 41 33
42 32 43 33
44 32 45 33
46 32 47 33
48 32 49 33
50 32 51 33
52 32 53 33
54 32 55 33
56 32 57 33
58 32 59 33
60 32 61 33
62 32 63 33
64 32 65 33
66 32 67 33
68 32 69 33
70 32 71 33
72 32 73 33
74 32 75 33
76 32 77 33
78 32 79 33
80 32 81 33
82 32 83 33
84 32 85 33
86 32 87 33
88 32 89 33
90 32 91 33
92 32 93 33
94 32 95 33
96 32 97 33
98 32 99 33
100 32 101 33
102 32 103 33
104 32 105 33
106 32 107 33
108 32 109 33
110 32 111 33
112 32 113 33
114 32 115 33
116 32 117 33
118 32 119 33
120 32 121 33
122 32 123 33
124 32 125 33
126 32 127 33
128 32 129 33
130 32 131 33
132 32 133 33
134 32 135 33
136 32 137 33
138 32 139 33
140 32 141 33
142 32 143 33
144 32 145 33
146 32 147 33
148 32 149 33
150 32 151 33
152 32 153 33
154 32 155 33
156 32 157 33
158 32 159 33
0 34 1 35
2 34 3 35
4 34 5 35
6 34 7 35
8 34 9 35
10 34 11 35
12 34 13 35
14 34 15 35
16 34 17 35
18 34 19 35
20 34 21 35
22 34 23 35
24 34 25 35
26 34 27 35
28 34 29 35
30 34 31 35
32 34 33 35
34 34 35 35
36 34 37 35
38 34 39 35
40 34 41 35
42 34 43 35
44 34 45 35
46 34 47 35
48 34 49 35
50 34 51 35
52 34 53 35
54 34 55 35
56 34 57 35
58 34 59 35
60 34 61 35
62 34 63 35
64 34 65 35
66 34 67 35
68 34 69 35
70 34 71 35
72 34 73 35
74 34 75 35
76 34 77 35
78 34 79 35
80 34 81 35
82 34 83 35
84 34 85 35
86 34 87 35
88 34 89 35
90 34 91 35
92 34 93 35
94 34 95 35
96 34 97 35
98 34 99 35
100 34 101 35
102 34 103 35
104 34 105 35
106 34 107 35
108 34 109 35
110 34 111 35
112 34 113 35
114 34 115 35
116 34 117 35
118 34 119 35
120 34 121 35
122 34 123 35
124 34 125 35
126 34 127 35
128 34 129 35
130 34 131 35
132 34 133 35
134 34 135 35
136 34 137 35
138 34 139 35
140 34 141 35
142 34 143 35
144 34 145 35
146 34 147 35
148 34 149 35
150 34 151 35
152 34 153 35
154 34 155 35
156 34 157 35
158 34 159 35
0 36 1 37
2 36 3 37
4 36 5 37
6 36 7 37
8 36 9 37
10 36 11 37
12 36 13 37
14 36 15 37
16 36 17 37
18 36 19 37
20 36 21 37
22 36 23 37
24 36 25 37
26 36 27 37
28 36 29 37
30 36 31 37
32 36 33 37
34 36 35 37
36 36 37 37
38 36 39 37
40 36 41 37
42 36 43 37
44 36 45 37
46 36 47 37
48 36 49 37
50 36 51 37
52 36 53 37
54 36 55 37
56 36 57 37
58 36 59 37
60 36 61 37
62 36 63 37
64 36 65 37
66 36 67 37
68 36 69 37
70 36 71 37
72 36 73 37
74 36 75 37
76 36 77 37
78 36 79 37
80 36 81 37
82 36 83 37
84 36 85 37
86 36 87 37
88 36 89 37
90 36 91 37
92 36 93 37
94 36 95 37
96 36 97 37
98 36 99 37
100 36 101 37
102 36 103 37
104 36 105 37
106 36 107 37
108 36 109 37
110 36 111 37
112 36 113 37
114 36 115 37
116 36 117 37
118 36 119 37
120 36 121 37
122 36 123 37
124 36 125 37
126 36 127 37
128 36 129 37
130 36 131 37
132 36 133 37
134 36 135 37
136 36 137 37
138 36 139 37
140 36 141 37
142 36 143 37
144 36 145 37
146 36 147 37
148 36 149 37
150 36 151 37
152 36 153 37
154 36 155 37
156 36 157 37
158 36 159 37
0 38 1 39
2 38 3 39
4 38 5 39
6 38 7 39
8 38 9 39
10 38 11 39
12 38 13 39
14 38 15 39
16 38 17 39
18 38 19 39
20 38 21 39
22 38 23 39
24 38 25 39
26 38 27 39
28 38 29 39
30 38 31 39
32 38 33 39
34 38 35 39
36 38 37 39
38 38 39 39
40 38 41 39
42 38 43 39
44 38 45 39
46 38 47 39
48 38 49 39
50 38 51 39
52 38 53 39
54 38 55 39
56 38 57 39
58 38 59 39
60 38 61 39
62 38 63 39
64 38 65 39
66 38 67 39
68 38 69 39
70 38 71 39
72 38 73 39
74 38 75 39
76 38 77 39
78 38 79 39
80 38 81 39
82 38 83 39
84 38 85 39
86 38 87 39
88 38 89 39
90 38 91 39
92 38 93 39
94 38 95 39
96 38 97 39
98 38 99 39
100 38 101 39
102 38 103 39
104 38 105 39
106 38 107 39
108 38 109 39
110 38 111 39
112 38 113 39
114 38 115 39
116 38 117 39
118 38 119 39
120 38 121 39
122 38 123 39
124 38 125 39
126 38 127 39
128 38 129 39
130 38 131 39
132 38 133 39
134 38 135 39
136 38 137 39
138 38 139 39
140 38 141 39
142 38 143 39
144 38 145 39
146 38 147 39
148 38 149 39
150 38 151 39
152 38 153 39
154 38 155 39
156 38 157 39
158 38 159 39
0 40 1 41
2 40 3 41
4 40 5 41
6 40 7 41
8 40 9 41
10 40 11 41
12 40 13 41
14 40 15 41
16 40 17 41
18 40 19 41
20 40 21 41
22 40 23 41
24 40 25 41
26 40 27 41
28 40 29 41
30 40 31 41
32 40 33 41
34 40 35 41
36 40 37 41
38 40 39 41
40 40 41 41
42 40 43 41
44 40 45 41
46 40 47 41
48 40 49 41
50 40 51 41
52 40 53 41
54 40 55 41
56 40 57 41
58 40 59 41
60 40 61 41
62 40 63 41
64 40 65 41
66 40 67 41
68 40 69 41
70 40 71 41
72 40 73 41
74 40 75 41
76 40 77 41
78 40 79 41
80 40 81 41
82 40 83 41
84 40 85 41
86 40 87 41
88 40 89 41
90 40 91 41
92 40 93 41
94 40 95 41
96 40 97 41
98 40 99 41
100 40 101 41
102 40 103 41
104 40 105 41
106 40 107 41
108 40 109 41
110 40 111 41
112 40 113 41
114 40 115 41
116 40 117 41
118 40 119 41
120 40 121 41
122 40 123 41
124 40 125 41
126 40 127 41
128 40 129 41
130 40 131 41
132 40 133 41
134 40 135 41
136 40 137 41
138 40 139 41
140 40 141 41
142 40 143 41
144 40 145 41
146 40 147 41
148 40 149 41
150 40 151 41
152 40 153 41
154 40 155 41
156 40 157 41
158 40 159 41
0 42 1 43
2 42 3 43
4 42 5 43
6 42 7 43
8 42 9 43
10 42 11 43
12 42 13 43
14 42 15 43
16 42 17 43
18 42 19 43
20 42 21 43
22 42 23 43
24 42 25 43
26 42 27 43
28 42 29 43
30 42 31 43
32 42 33 43
34 42 35 43
36 42 37 43
38 42 39 43
40 42 41 43
42 42 43 43
44 42 45 43
46 42 47 43
48 42 49 43
50 42 51 43
52 42 53 43
54 42 55 43
56 42 57 43
58 42 59 43
60 42 61 43
62 42 63 43
64 42 65 43
66 42 67 43
68 42 69 43
70 42 71 43
72 42 73 43
74 42 75 43
76 42 77 43
78 42 79 43
80 42 81 43
82 42 83 43
84 42 85 43
86 42 87 43
88 42 89 43
90 42 91 43
92 42 93 43
94 42 95 43
96 42 97 43
98 42 99 43
100 42 101 43
102 42 103 43
104 42 105 43
106 42 107 43
108 42 109 43
110 42 111 43
112 42 113 43
114 42 115 43
116 42 117 43
118 42 119 43
120 42 121 43
122 42 123 43
124 42 125 43
126 42 127 43
128 42 129 43
130 42 131 43
132 42 133 43
134 42 135 43
136 42 137 43
138 42 139 43
140 42 141 43
142 42 143 43
144 42 145 43
146 42 147 43
148 42 149 43
150 42 151 43
152 42 153 43
154 42 155 43
156 42 157 43
158 42 159 43
0 44 1 45
2 44 3 45
4 44 5 45
6 44 7 45
8 44 9 45
10 44 11 45
12 44 13 45
14 44 15 45
16 44 17 45
18 44 19 45
20 44 21 45
22 44 23 45
24 44 25 45
26 44 27 45
28 44 29 45
30 44 31 45
32 44 33 45
34 44 35 45
36 44 37 45
38 44 39 45
40 44 41 45
42 44 43 45
44 44 45 45
46 44 47 45
48 44 49 45
50 44 51 45
52 44 53 45
54 44 55 45
56 44 57 45
58 44 59 45
60 44 61 45
62 44 63 45
64 44 65 45
66 44 67 45
68 44 69 45
70 44 71 45
72 44 73 45
74 44 75 45
76 44 77 45
78 44 79 45
80 44 81 45
82 44 83 45
84 44 85 45
86 44 87 45
88 44 89 45
90 44 91 45
92 44 93 45
94 44 95 45
96 44 97 45
98 44 99 45
100 44 101 45
102 44 103 45
104 44 105 45
106 44 107 45
108 44 109 45
110 44 111 45
112 44 113 45
114 44 115 45
116 44 117 45
118 44 119 45
120 44 121 45
122 44 123 45
124 44 125 45
126 44 127 45
128 44 129 45
130 44 131 45
132 44 133 45
134 44 135 45
136 44 137 45
138 44 139 45
140 44 141 45
142 44 143 45
144 44 145 45
146 44 147 45
148 44 149 45
150 44 151 45
152 44 153 45
154 44 155 45
156 44 157 45
158 44 159 45
0 46 1 47
2 46 3 47
4 46 5 47
6 46 7 47
8 46 9 47
10 46 11 47
12 46 13 47
14 46 15 47
16 46 17 47
18 46 19 47
20 46 21 47
22 46 23 47
24 46 25 47
26 46 27 47
28 46 29 47
30 46 31 47
32 46 33 47
34 46 35 47
36 46 37 47
38 46 39 47
40 46 41 47
42 46 43 47
44 46 45 47
46 46 47 47
48 46 49 47
50 46 51 47
52 46 53 47
54 46 55 47
56 46 57 47
58 46 59 47
60 46 61 47
62 46 63 47
64 46 65 47
66 46 67 47
68 46 69 47
70 46 71 47
72 46 73 47
74 46 75 47
76 46 77 47
78 46 79 47
80 46 81 47
82 46 83 47
84 46 85 47
86 46 87 47
88 46 89 47
90 46 91 47
92 46 93 47
94 46 95 47
96 46 97 47
98 46 99 47
100 46 101 47
102 46 103 47
104 46 105 47
106 46 107 47
108 46 109 47
110 46 111 47
112 46 113 47
114 46 115 47
116 46 117 47
118 46 119 47
120 46 121 47
122 46 123 47
124 46 125 47
126 46 127 47
128 46 129 47
130 46 131 47
132 46 133 47
134 46 135 47
136 46 137 47
138 46 139 47
140 46 141 47
142 46 143 47
144 46 145 47
146 46 147 47
148 46 149 47
150 46 151 47
152 46 153 47
154 46 155 47
156 46 157 47
158 46 159 47
0 48 1 49
2 48 3 49
4 48 5 49
6 48 7 49
8 48 9 49
10 48 11 49
12 48 13 49
14 48 15 49
16 48 17 49
18 48 19 49
20 48 21 49
22 48 23 49
24 48 25 49
26 48 27 49
28 48 29 49
30 48 31 49
32 48 33 49
34 48 35 49
36 48 37 49
38 48 39 49
40 48 41 49
42 48 43 49
44 48 45 49
46 48 47 49
48 48 49 49
50 48 51 49
52 48 53 49
54 48 55 49
56 48 57 49
58 48 59 49
60 48 61 49
62 48 63 49
64 48 65 49
66 48 67 49
68 48 69 49
70 48 71 49
72 48 73 49
74 48 75 49
76 48 77 49
78 48 79 49
80 48 81 49
82 48 83 49
84 48 85 49
86 48 87 49
88 48 89 49
90 48 91 49
92 48 93 49
94 48 95 49
96 48 97 49
98 48 99 49
100 48 101 49
102 48 103 49
104 48 105 49
106 48 107 49
108 48 109 49
110 48 111 49
112 48 113 49
114 48 115 49
116 48 117 49
118 48 119 49
120 48 121 49
122 48 123 49
124 48 125 49
126 48 127 49
128 48 129 49
130 48 131 49
132 48 133 49
134 48 135 49
136 48 137 49
138 48 139 49
140 48 141 49
142 48 143 49
144 48 145 49
146 48 147 49
148 48 149 49
150 48 151 49
152 48 153 49
154 48 155 49
156 48 157 49
158 48 159 49
0 50 1 51
2 50 3 51
4 50 5 51
6 50 7 51
8 50 9 51
10 50 11 51
12 50 13 51
14 50 15 51
16 50 17 51
18 50 19 51
20 50 21 51
22 50 23 51
24 50 25 51
26 50 27 51
28 50 29 51
30 50 31 51
32 50 33 51
34 50 35 51
36 50 37 51
38 50 39 51
40 50 41 51
42 50 43 51
44 50 45 51
46 50 47 51
48 50 49 51
50 50 51 51
52 50 53 51
54 50 55 51
56 50 57 51
58 50 59 51
60 50 61 51
62 50 63 51
64 50 65 51
66 50 67 51
68 50 69 51
70 50 71 51
72 50 73 51
74 50 75 51
76 50 77 51
78 50 79 51
80 50 81 51
82 50 83 51
84 50 85 51
86 50 87 51
88 50 89 51
90 50 91 51
92 50 93 51
94 50 95 51
96 50 97 51
98 50 99 51
100 50 101 51
102 50 103 51
104 50 105 51
106 50 107 51
108 50 109 51
110 50 111 51
112 50 113 51
114 50 115 51
116 50 117 51
118 50 119 51
120 50 121 51
122 50 123 51
124 50 125 51
126 50 127 51
128 50 129 51
130 50 131 51
132 50 133 51
134 50 135 51
136 50 137 51
138 50 139 51
140 50 141 51
142 50 143 51
144 50 145 51
146 50 147 51
148 50 149 51
150 50 151 51
152 50 153 51
154 50 155 51
156 50 157 51
158 50 159 51
0 52 1 53
2 52 3 53
4 52 5 53
6 52 7 53
8 52 9 53
10 52 11 53
12 52 13 53
14 52 15 53
16 52 17 53
18 52 19 53
20 52 21 53
22 52 23 53
24 52 25 53
26 52 27 53
28 52 29 53
30 52 31 53
32 52 33 53
34 52 35 53
36 52 37 53
38 52 39 53
40 52 41 53
42 52 43 53
44 52 45 53
46 52 47 53
48 52 49 53
50 52 51 53
52 52 53 53
54 52 55 53
56 52 57 53
58 52 59 53
60 52 61 53
62 52 63 53
64 52 65 53
66 52 67 53
68 52 69 53
70 52 71 53
72 52 73 53
74 52 75 53
76 52 77 53
78 52 79 53
80 52 81 53
82 52 83 53
84 52 85 53
86 52 87 53
88 52 89 53
90 52 91 53
92 52 93 53
94 52 95 53
96 52 97 53
98 52 99 53
100 52 101 53
102 52 103 53
104 52 105 53
106 52 107 53
108 52 109 53
110 52 111 53
112 52 113 53
114 52 115 53
116 52 117 53
118 52 119 53
120 52 121 53
122 52 123 53
124 52 125 53
126 52 127 53
128 52 129 53
130 52 131 53
132 52 133 53
134 52 135 53
136 52 137 53
138 52 139 53
140 52 141 53
142 52 143 53
144 52 145 53
146 52 147 53
148 52 149 53
150 52 151 53
152 52 153 53
154 52 155 53
156 52 157 53
158 52 159 53
0 54 1 55
2 54 3 55
4 54 5 55
6 54 7 55
8 54 9 55
10 54 11 55
12 54 13 55
14 54 15 55
16 54 17 55
18 54 19 55
20 54 21 55
22 54 23 55
24 54 25 55
26 54 27 55
28 54 29 55
30 54 31 55
32 54 33 55
34 54 35 55
36 54 37 55
38 54 39 55
40 54 41 55
42 54 43 55
44 54 45 55
46 54 47 55
48 54 49 55
50 54 51 55
52 54 53 55
54 54 55 55
56 54 57 55
58 54 59 55
60 54 61 55
62 54 63 55
64 54 65 55
66 54 67 55
68 54 69 55
70 54 71 55
72 54 73 55
74 54 75 55
76 54 77 55
78 54 79 55
80 54 81 55
82 54 83 55
84 54 85 55
86 54 87 55
88 54 89 55
90 54 91 55
92 54 93 55
94 54 95 55
96 54 97 55
98 54 99 55
100 54 101 55
102 54 103 55
104 54 105 55
106 54 107 55
108 54 109 55
110 54 111 55
112 54 113 55
114 54 115 55
116 54 117 55
118 54 119 55
120 54 121 55
122 54 123 55
124 54 125 55
126 54 127 55
128 54 129 55
130 54 131 55
132 54 133 55
134 54 135 55
136 54 137 55
138 54 139 55
140 54 141 55
142 54 143 55
144 54 145 55
146 54 147 55
148 54 149 55
150 54 151 55
152 54 153 55
154 54 155 55
156 54 157 55
158 54 159 55
0 56 1 57
2 56 3 57
4 56 5 57
6 56 7 57
8 56 9 57
10 56 11 57
12 56 13 57
14 56 15 57
16 56 17 57
18 56 19 57
20 56 21 57
22 56 23 57
24 56 25 57
26 56 27 57
28 56 29 57
30 56 31 57
32 56 33 57
34 56 35 57
36 56 37 57
38 56 39 57
40 56 41 57
42 56 43 57
44 56 45 57
46 56 47 57
48 56 49 57
50 56 51 57
52 56 53 57
54 56 55 57
56 56 57 57
58 56 59 57
60 56 61 57
62 56 63 57
64 56 65 57
66 56 67 57
68 56 69 57
70 56 71 57
72 56 73 57
74 56 75 57
76 56 77 57
78 56 79 57
80 56 81 57
82 56 83 57
84 56 85 57
86 56 87 57
88 56 89 57
90 56 91 57
92 56 93 57
94 56 95 57
96 56 97 57
98 56 99 57
100 56 101 57
102 56 103 57
104 56 105 57
106 56 107 57
108 56 109 57
110 56 111 57
112 56 113 57
114 56 115 57
116 56 117 57
118 56 119 57
120 56 121 57
122 56 123 57
124 56 125 57
126 56 127 57
128 56 129 57
130 56 131 57
132 56 133 57
134 56 135 57
136 56 137 57
138 56 139 57
140 56 141 57
142 56 143 57
144 56 145 57
146 56 147 57
148 56 149 57
150 56 151 57
152 56 153 57
154 56 155 57
156 56 157 57
158 56 159 57
0 58 1 59
2 58 3 59
4 58 5 59
6 58 7 59
8 58 9 59
10 58 11 59
12 58 13 59
14 58 15 59
16 58 17 59
18 58 19 59
20 58 21 59
22 58 23 59
24 58 25 59
26 58 27 59
28 58 29 59
30 58 31 59
32 58 33 59
34 58 35 59
36 58 37 59
38 58 39 59
40 58 41 59
42 58 43 59
44 58 45 59
46 58 47 59
48 58 49 59
50 58 51 59
52 58 53 59
54 58 55 59
56 58 57 59
58 58 59 59
60 58 61 59
62 58 63 59
64 58 65 59
66 58 67 59
68 58 69 59
70 58 71 59
72 58 73 59
74 58 75 59
76 58 77 59
78 58 79 59
80 58 81 59
82 58 83 59
84 58 85 59
86 58 87 59
88 58 89 59
90 58 91 59
92 58 93 59
94 58 95 59
96 58 97 59
98 58 99 59
100 58 101 59
102 58 103 59
104 58 105 59
106 58 107 59
108 58 109 59
110 58 111 59
112 58 113 59
114 58 115 59
116 58 117 59
118 58 119 59
120 58 121 59
122 58 123 59
124 58 125 59
126 58 127 59
128 58 129 59
130 58 131 59
132 58 133 59
134 58 135 59
136 58 137 59
138 58 139 59
140 58 141 59
142 58 143 59
144 58 145 59
146 58 147 59
148 58 149 59
150 58 151 59
152 58 153 59
154 58 155 59
156 58 157 59
158 58 159 59
0 60 1 61
2 60 3 61
4 60 5 61
6 60 7 61
8 60 9 61
10 60 11 61
12 60 13 61
14 60 15 61
16 60 17 61
18 60 19 61
20 60 21 61
22 60 23 61
24 60 25 61
26 60 27 61
28 60 29 61
30 60 31 61
32 60 33 61
34 60 35 61
36 60 37 61
38 60 39 61
40 60 41 61
42 60 43 61
44 60 45 61
46 60 47 61
48 60 49 61
50 60 51 61
52 60 53 61
54 60 55 61
56 60 57 61
58 60 59 61
60 60 61 61
62 60 63 61
64 60 65 61
66 60 67 61
68 60 69 61
70 60 71 61
72 60 73 61
74 60 75 61
76 60 77 61
78 60 79 61
80 60 81 61
82 60 83 61
84 60 85 61
86 60 87 61
88 60 89 61
90 60 91 61
92 60 93 61
94 60 95 61
96 60 97 61
98 60 99 61
100 60 101 61
102 60 103 61
104 60 105 61
106 60 107 61
108 60 109 61
110 60 111 61
112 60 113 61
114 60 115 61
116 60 117 61
118 60 119 61
120 60 121 61
122 60 123 61
124 60 125 61
126 60 127 61
128 60 129 61
130 60 131 61
132 60 133 61
134 60 135 61
136 60 137 61
138 60 139 61
140 60 141 61
142 60 143 61
144 60 145 61
146 60 147 61
148 60 149 61
150 60 151 61
152 60 153 61
154 60 155 61
156 60 157 61
158 60 159 61
0 62 1 63
2 62 3 63
4 62 5 63
6 62 7 63
8 62 9 63
10 62 11 63
12 62 13 63
14 62 15 63
16 62 17 63
18 62 19 63
20 62 21 63
22 62 23 63
24 62 25 63
26 62 27 63
28 62 29 63
30 62 31 63
32 62 33 63
34 62 35 63
36 62 37 63
38 62 39 63
40 62 41 63
42 62 43 63
44 62 45 63
46 62 47 63
48 62 49 63
50 62 51 63
52 62 53 63
54 62 55 63
56 62 57 63
58 62 59 63
60 62 61 63
62 62 63 63
64 62 65 63
66 62 67 63
68 62 69 63
70 62 71 63
72 62 73 63
74 62 75 63
76 62 77 63
78 62 79 63
80 62 81 63
82 62 83 63
84 62 85 63
86 62 87 63
88 62 89 63
90 62 91 63
92 62 93 63
94 62 95 63
96 62 97 63
98 62 99 63
100 62 101 63
102 62 103 63
104 62 105 63
106 62 107 63
108 62 109 63
110 62 111 63
112 62 113 63
114 62 115 63
116 62 117 63
118 62 119 63
120 62 121 63
122 62 123 63
124 62 125 63
126 62 127 63
128 62 129 63
130 62 131 63
132 62 133 63
134 62 135 63
136 62 137 63
138 62 139 63
140 62 141 63
142 62 143 63
144 62 145 63
146 62 147 63
148 62 149 63
150 62 151 63
152 62 153 63
154 62 155 63
156 62 157 63
158 62 159 63
0 64 1 65
2 64 3 65
4 64 5 65
6 64 7 65
8 64 9 65
10 64 11 65
12 64 13 65
14 64 15 65
16 64 17 65
18 64 19 65
20 64 21 65
22 64 23 65
24 64 25 65
26 64 27 65
28 64 29 65
30 64 31 65
32 64 33 65
34 64 35 65
36 64 37 65
38 64 39 65
40 64 41 65
42 64 43 65
44 64 45 65
46 64 47 65
48 64 49 65
50 64 51 65
52 64 53 65
54 64 55 65
56 64 57 65
58 64 59 65
60 64 61 65
62 64 63 65
64 64 65 65
66 64 67 65
68 64 69 65
70 64 71 65
72 64 73 65
74 64 75 65
76 64 77 65
78 64 79 65
80 64 81 65
82 64 83 65
84 64 85 65
86 64 87 65
88 64 89 65
90 64 91 65
92 64 93 65
94 64 95 65
96 64 97 65
98 64 99 65
100 64 101 65
102 64 103 65
104 64 105 65
106 64 107 65
108 64 109 65
110 64 111 65
112 64 113 65
114 64 115 65
116 64 117 65
118 64 119 65
120 64 121 65
122 64 123 65
124 64 125 65
126 64 127 65
128 64 129 65
130 64 131 65
132 64 133 65
134 64 135 65
136 64 137 65
138 64 139 65
140 64 141 65
142 64 143 65
144 64 145 65
146 64 147 65
148 64 149 65
150 64 151 65
152 64 153 65
154 64 155 65
156 64 157 65
158 64 159 65
0 66 1 67
2 66 3 67
4 66 5 67
6 66 7 67
8 66 9 67
10 66 11 67
12 66 13 67
14 66 15 67
16 66 17 67
18 66 19 67
20 66 21 67
22 66 23 67
24 66 25 67
26 66 27 67
28 66 29 67
30 66 31 67
32 66 33 67
34 66 35 67
36 66 37 67
38 66 39 67
40 66 41 67
42 66 43 67
44 66 45 67
46 66 47 67
48 66 49 67
50 66 51 67
52 66 53 67
54 66 55 67
56 66 57 67
58 66 59 67
60 66 61 67
62 66 63 67
64 66 65 67
66 66 67 67
68 66 69 67
70 66 71 67
72 66 73 67
74 66 75 67
76 66 77 67
78 66 79 67
80 66 81 67
82 66 83 67
84 66 85 67
86 66 87 67
88 66 89 67
90 66 91 67
92 66 93 67
94 66 95 67
96 66 97 67
98 66 99 67
100 66 101 67
102 66 103 67
104 66 105 67
106 66 107 67
108 66 109 67
110 66 111 67
112 66 113 67
114 66 115 67
116 66 117 67
118 66 119 67
120 66 121 67
122 66 123 67
124 66 125 67
126 66 127 67
128 66 129 67
130 66 131 67
132 66 133 67
134 66 135 67
136 66 137 67
138 66 139 67
140 66 141 67
142 66 143 67
144 66 145 67
146 66 147 67
148 66 149 67
150 66 151 67
152 66 153 67
154 66 155 67
156 66 157 67
158 66 159 67
0 68 1 69
2 68 3 69
4 68 5 69
6 68 7 69
8 68 9 69
10 68 11 69
12 68 13 69
14 68 15 69
16 68 17 69
18 68 19 69
20 68 21 69
22 68 23 69
24 68 25 69
26 68 27 69
28 68 29 69
30 68 31 69
32 68 33 69
34 68 35 69
36 68 37 69
38 68 39 69
40 68 41 69
42 68 43 69
44 68 45 69
46 68 47 69
48 68 49 69
50 68 51 69
52 68 53 69
54 68 55 69
56 68 57 69
58 68 59 69
60 68 61 69
62 68 63 69
64 68 65 69
66 68 67 69
68 68 69 69
70 68 71 69
72 68 73 69
74 68 75 69
76 68 77 69
78 68 79 69
80 68 81 69
82 68 83 69
84 68 85 69
86 68 87 69
88 68 89 69
90 68 91 69
92 68 93 69
94 68 95 69
96 68 97 69
98 68 99 69
100 68 101 69
102 68 103 69
104 68 105 69
106 68 107 69
108 68 109 69
110 68 111 69
112 68 113 69
114 68 115 69
116 68 117 69
118 68 119 69
120 68 121 69
122 68 123 69
124 68 125 69
126 68 127 69
128 68 129 69
130 68 131 69
132 68 133 69
134 68 135 69
136 68 137 69
138 68 139 69
140 68 141 69
142 68 143 69
144 68 145 69
146 68 147 69
148 68 149 69
150 68 151 69
152 68 153 69
154 68 155 69
156 68 157 69
158 68 159 69
0 70 1 71
2 70 3 71
4 70 5 71
6 70 7 71
8 70 9 71
10 70 11 71
12 70 13 71
14 70 15 71
16 70 17 71
18 70 19 71
20 70 21 71
22 70 23 71
24 70 25 71
26 70 27 71
28 70 29 71
30 70 31 71
32 70 33 71
34 70 35 71
36 70 37 71
38 70 39 71
40 70 41 71
42 70 43 71
44 70 45 71
46 70 47 71
48 70 49 71
50 70 51 71
52 70 53 71
54 70 55 71
56 70 57 71
58 70 59 71
60 70 61 71
62 70 63 71
64 70 65 71
66 70 67 71
68 70 69 71
70 70 71 71
72 70 73 71
74 70 75 71
76 70 77 71
78 70 79 71
80 70 81 71
82 70 83 71
84 70 85 71
86 70 87 71
88 70 89 71
90 70 91 71
92 70 93 71
94 70 95 71
96 70 97 71
98 70 99 71
100 70 101 71
102 70 103 71
104 70 105 71
106 70 107 71
108 70 109 71
110 70 111 71
112 70 113 71
114 70 115 71
116 70 117 71
118 70 119 71
120 70 121 71
122 70 123 71
124 70 125 71
126 70 127 71
128 70 129 71
130 70 131 71
132 70 133 71
134 70 135 71
136 70 137 71
138 70 139 71
140 70 141 71
142 70 143 71
144 70 145 71
146 70 147 71
148 70 149 71
150 70 151 71
152 70 153 71
154 70 155 71
156 70 157 71
158 70 159 71
0 72 1 73
2 72 3 73
4 72 5 73
6 72 7 73
8 72 9 73
10 72 11 73
12 72 13 73
14 72 15 73
16 72 17 73
18 72 19 73
20 72 21 73
22 72 23 73
24 72 25 73
26 72 27 73
28 72 29 73
30 72 31 73
32 72 33 73
34 72 35 73
36 72 37 73
38 72 39 73
40 72 41 73
42 72 43 73
44 72 45 73
46 72 47 73
48 72 49 73
50 72 51 73
52 72 53 73
54 72 55 73
56 72 57 73
58 72 59 73
60 72 61 73
62 72 63 73
64 72 65 73
66 72 67 73
68 72 69 73
70 72 71 73
72 72 73 73
74 72 75 73
76 72 77 73
78 72 79 73
80 72 81 73
82 72 83 73
84 72 85 73
86 72 87 73
88 72 89 73
90 72 91 73
92 72 93 73
94 72 95 73
96 72 97 73
98 72 99 73
100 72 101 73
102 72 103 73
104 72 105 73
106 72 107 73
108 72 109 73
110 72 111 73
112 72 113 73
114 72 115 73
116 72 117 73
118 72 119 73
120 72 121 73
122 72 123 73
124 72 125 73
126 72 127 73
128 72 129 73
130 72 131 73
132 72 133 73
134 72 135 73
136 72 137 73
138 72 139 73
140 72 141 73
142 72 143 73
144 72 145 73
146 72 147 73
148 72 149 73
150 72 151 73
152 72 153 73
154 72 155 73
156 72 157 73
158 72 159 73
0 74 1 75
2 74 3 75
4 74 5 75
6 74 7 75
8 74 9 75
10 74 11 75
12 74 13 75
14 74 15 75
16 74 17 75
18 74 19 75
20 74 21 75
22 74 23 75
24 74 25 75
26 74 27 75
28 74 29 75
30 74 31 75
32 74 33 75
34 74 35 75
36 74 37 75
38 74 39 75
40 74 41 75
42 74 43 75
44 74 45 75
46 74 47 75
48 74 49 75
50 74 51 75
52 74 53 75
54 74 55 75
56 74 57 75
58 74 59 75
60 74 61 75
62 74 63 75
64 74 65 75
66 74 67 75
68 74 69 75
70 74 71 75
72 74 73 75
74 74 75 75
76 74 77 75
78 74 79 75
80 74 81 75
82 74 83 75
84 74 85 75
86 74 87 75
88 74 89 75
90 74 91 75
92 74 93 75
94 74 95 75
96 74 97 75
98 74 99 75
100 74 101 75
102 74 103 75
104 74 105 75
106 74 107 75
108 74 109 75
110 74 111 75
112 74 113 75
114 74 115 75
116 74 117 75
118 74 119 75
120 74 121 75
122 74 123 75
124 74 125 75
126 74 127 75
128 74 129 75
130 74 131 75
132 74 133 75
134 74 135 75
136 74 137 75
138 74 139 75
140 74 141 75
142 74 143 75
144 74 145 75
146 74 147 75
148 74 149 75
150 74 151 75
152 74 153 75
154 74 155 75
156 74 157 75
158 74 159 75
0 76 1 77
2 76 3 77
4 76 5 77
6 76 7 77
8 76 9 77
10 76 11 77
12 76 13 77
14 76 15 77
16 76 17 77
18 76 19 77
20 76 21 77
22 76 23 77
24 76 25 77
26 76 27 77
28 76 29 77
30 76 31 77
32 76 33 77
34 76 35 77
36 76 37 77
38 76 39 77
40 76 41 77
42 76 43 77
44 76 45 77
46 76 47 77
48 76 49 77
50 76 51 77
52 76 53 77
54 76 55 77
56 76 57 77
58 76 59 77
60 76 61 77
62 76 63 77
64 76 65 77
66 76 67 77
68 76 69 77
70 76 71 77
72 76 73 77
74 76 75 77
76 76 77 77
78 76 79 77
80 76 81 77
82 76 83 77
84 76 85 77
86 76 87 77
88 76 89 77
90 76 91 77
92 76 93 77
94 76 95 77
96 76 97 77
98 76 99 77
100 76 101 77
102 76 103 77
104 76 105 77
106 76 107 77
108 76 109 77
110 76 111 77
112 76 113 77
114 76 115 77
116 76 117 77
118 76 119 77
120 76 121 77
122 76 123 77
124 76 125 77
126 76 127 77
128 76 129 77
130 76 131 77
132 76 133 77
134 76 135 77
136 76 137 77
138 76 139 77
140 76 141 77
142 76 143 77
144 76 145 77
146 76 147 77
148 76 149 77
150 76 151 77
152 76 153 77
154 76 155 77
156 76 157 77
158 76 159 77
0 78 1 79
2 78 3 79
4 78 5 79
6 78 7 79
8 78 9 79
10 78 11 79
12 78 13 79
14 78 15 79
16 78 17 79
18 78 19 79
20 78 21 79
22 78 23 79
24 78 25 79
26 78 27 79
28 78 29 79
30 78 31 79
32 78 33 79
34 78 35 79
36 78 37 79
38 78 39 79
40 78 41 79
42 78 43 79
44 78 45 79
46 78 47 79
48 78 49 79
50 78 51 79
52 78 53 79
54 78 55 79
56 78 57 79
58 78 59 79
60 78 61 79
62 78 63 79
64 78 65 79
66 78 67 79
68 78 69 79
70 78 71 79
72 78 73 79
74 78 75 79
76 78 77 79
78 78 79 79
80 78 81 79
82 78 83 79
84 78 85 79
86 78 87 79
88 78 89 79
90 78 91 79
92 78 93 79
94 78 95 79
96 78 97 79
98 78 99 79
100 78 101 79
102 78 103 79
104 78 105 79
106 78 107 79
108 78 109 79
110 78 111 79
112 78 113 79
114 78 115 79
116 78 117 79
118 78 119 79
120 78 121 79
122 78 123 79
124 78 125 79
126 78 127 79
128 78 129 79
130 78 131 79
132 78 133 79
134 78 135 79
136 78 137 79
138 78 139 79
140 78 141 79
142 78 143 79
144 78 145 79
146 78 147 79
148 78 149 79
150 78 151 79
152 78 153 79
154 78 155 79
156 78 157 79
158 78 159 79
0 80 1 81
2 80 3 81
4 80 5 81
6 80 7 81
8 80 9 81
10 80 11 81
12 80 13 81
14 80 15 81
16 80 17 81
18 80 19 81
20 80 21 81
22 80 23 81
24 80 25 81
26 80 27 81
28 80 29 81
30 80 31 81
32 80 33 81
34 80 35 81
36 80 37 81
38 80 39 81
40 80 41 81
42 80 43 81
44 80 45 81
46 80 47 81
48 80 49 81
50 80 51 81
52 80 53 81
54 80 55 81
56 80 57 81
58 80 59 81
60 80 61 81
62 80 63 81
64 80 65 81
66 80 67 81
68 80 69 81
70 80 71 81
72 80 73 81
74 80 75 81
76 80 77 81
78 80 79 81
80 80 81 81
82 80 83 81
84 80 85 81
86 80 87 81
88 80 89 81
90 80 91 81
92 80 93 81
94 80 95 81
96 80 97 81
98 80 99 81
100 80 101 81
102 80 103 81
104 80 105 81
106 80 107 81
108 80 109 81
110 80 111 81
112 80 113 81
114 80 115 81
116 80 117 81
118 80 119 81
120 80 121 81
122 80 123 81
124 80 125 81
126 80 127 81
128 80 129 81
130 80 131 81
132 80 133 81
134 80 135 81
136 80 137 81
138 80 139 81
140 80 141 81
142 80 143 81
144 80 145 81
146 80 147 81
148 80 149 81
150 80 151 81
152 80 153 81
154 80 155 81
156 80 157 81
158 80 159 81
0 82 1 83
2 82 3 83
4 82 5 83
6 82 7 83
8 82 9 83
10 82 11 83
12 82 13 83
14 82 15 83
16 82 17 83
18 82 19 83
20 82 21 83
22 82 23 83
24 82 25 83
26 82 27 83
28 82 29 83
30 82 31 83
32 82 33 83
34 82 35 83
36 82 37 83
38 82 39 83
40 82 41 83
42 82 43 83
44 82 45 83
46 82 47 83
48 82 49 83
50 82 51 83
52 82 53 83
54 82 55 83
56 82 57 83
58 82 59 83
60 82 61 83
62 82 63 83
64 82 65 83
66 82 67 83
68 82 69 83
70 82 71 83
72 82 73 83
74 82 75 83
76 82 77 83
78 82 79 83
80 82 81 83
82 82 83 83
84 82 85 83
86 82 87 83
88 82 89 83
90 82 91 83
92 82 93 83
94 82 95 83
96 82 97 83
98 82 99 83
100 82 101 83
102 82 103 83
104 82 105 83
106 82 107 83
108 82 109 83
110 82 111 83
112 82 113 83
114 82 115 83
116 82 117 83
118 82 119 83
120 82 121 83
122 82 123 83
124 82 125 83
126 82 127 83
128 82 129 83
130 82 131 83
132 82 133 83
134 82 135 83
136 82 137 83
138 82 139 83
140 82 141 83
142 82 143 83
144 82 145 83
146 82 147 83
148 82 149 83
150 82 151 83
152 82 153 83
154 82 155 83
156 82 157 83
158 82 159 83
0 84 1 85
2 84 3 85
4 84 5 85
6 84 7 85
8 84 9 85
10 84 11 85
12 84 13 85
14 84 15 85
16 84 17 85
18 84 19 85
20 84 21 85
22 84 23 85
24 84 25 85
26 84 27 85
28 84 29 85
30 84 31 85
32 84 33 85
34 84 35 85
36 84 37 85
38 84 39 85
40 84 41 85
42 84 43 85
44 84 45 85
46 84 47 85
48 84 49 85
50 84 51 85
52 84 53 85
54 84 55 85
56 84 57 85
58 84 59 85
60 84 61 85
62 84 63 85
64 84 65 85
66 84 67 85
68 84 69 85
70 84 71 85
72 84 73 85
74 84 75 85
76 84 77 85
78 84 79 85
80 84 81 85
82 84 83 85
84 84 85 85
86 84 87 85
88 84 89 85
90 84 91 85
92 84 93 85
94 84 95 85
96 84 97 85
98 84 99 85
100 84 101 85
102 84 103 85
104 84 105 85
106 84 107 85
108 84 109 85
110 84 111 85
112 84 113 85
114 84 115 85
116 84 117 85
118 84 119 85
120 84 121 85
122 84 123 85
124 84 125 85
126 84 127 85
128 84 129 85
130 84 131 85
132 84 133 85
134 84 135 85
136 84 137 85
138 84 139 85
140 84 141 85
142 84 143 85
144 84 145 85
146 84 147 85
148 84 149 85
150 84 151 85
152 84 153 85
154 84 155 85
156 84 157 85
158 84 159 85
0 86 1 87
2 86 3 87
4 86 5 87
6 86 7 87
8 86 9 87
10 86 11 87
12 86 13 87
14 86 15 87
16 86 17 87
18 86 19 87
20 86 21 87
22 86 23 87
24 86 25 87
26 86 27 87
28 86 29 87
30 86 31 87
32 86 33 87
34 86 35 87
36 86 37 87
38 86 39 87
40 86 41 87
42 86 43 87
44 86 45 87
46 86 47 87
48 86 49 87
50 86 51 87
52 86 53 87
54 86 55 87
56 86 57 87
58 86 59 87
60 86 61 87
62 86 63 87
64 86 65 87
66 86 67 87
68 86 69 87
70 86 71 87
72 86 73 87
74 86 75 87
76 86 77 87
78 86 79 87
80 86 81 87
82 86 83 87
84 86 85 87
86 86 87 87
88 86 89 87
90 86 91 87
92 86 93 87
94 86 95 87
96 86 97 87
98 86 99 87
100 86 101 87
102 86 103 87
104 86 105 87
106 86 107 87
108 86 109 87
110 86 111 87
112 86 113 87
114 86 115 87
116 86 117 87
118 86 119 87
120 86 121 87
122 86 123 87
124 86 125 87
126 86 127 87
128 86 129 87
130 86 131 87
132 86 133 87
134 86 135 87
136 86 137 87
138 86 139 87
140 86 141 87
142 86 143 87
144 86 145 87
146 86 147 87
148 86 149 87
150 86 151 87
152 86 153 87
154 86 155 87
156 86 157 87
158 86 159 87
0 88 1 89
2 88 3 89
4 88 5 89
6 88 7 89
8 88 9 89
10 88 11 89
12 88 13 89
14 88 15 89
16 88 17 89
18 88 19 89
20 88 21 89
22 88 23 89
24 88 25 89
26 88 27 89
28 88 29 89
30 88 31 89
32 88 33 89
34 88 35 89
36 88 37 89
38 88 39 89
40 88 41 89
42 88 43 89
44 88 45 89
46 88 47 89
48 88 49 89
50 88 51 89
52 88 53 89
54 88 55 89
56 88 57 89
58 88 59 89
60 88 61 89
62 88 63 89
64 88 65 89
66 88 67 89
68 88 69 89
70 88 71 89
72 88 73 89
74 88 75 89
76 88 77 89
78 88 79 89
80 88 81 89
82 88 83 89
84 88 85 89
86 88 87 89
88 88 89 89
90 88 91 89
92 88 93 89
94 88 95 89
96 88 97 89
98 88 99 89
100 88 101 89
102 88 103 89
104 88 105 89
106 88 107 89
108 88 109 89
110 88 111 89
112 88 113 89
114 88 115 89
116 88 117 89
118 88 119 89
120 88 121 89
122 88 123 89
124 88 125 89
126 88 127 89
128 88 129 89
130 88 131 89
132 88 133 89
134 88 135 89
136 88 137 89
138 88 139 89
140 88 141 89
142 88 143 89
144 88 145 89
146 88 147 89
148 88 149 89
150 88 151 89
152 88 153 89
154 88 155 89
156 88 157 89
158 88 159 89
0 90 1 91
2 90 3 91
4 90 5 91
6 90 7 91
8 90 9 91
10 90 11 91
12 90 13 91
14 90 15 91
16 90 17 91
18 90 19 91
20 90 21 91
22 90 23 91
24 90 25 91
26 90 27 91
28 90 29 91
30 90 31 91
32 90 33 91
34 90 35 91
36 90 37 91
38 90 39 91
40 90 41 91
42 90 43 91
44 90 45 91
46 90 47 91
48 90 49 91
50 90 51 91
52 90 53 91
54 90 55 91
56 90 57 91
58 90 59 91
60 90 61 91
62 90 63 91
64 90 65 91
66 90 67 91
68 90 69 91
70 90 71 91
72 90 73 91
74 90 75 91
76 90 77 91
78 90 79 91
80 90 81 91
82 90 83 91
84 90 85 91
86 90 87 91
88 90 89 91
90 90 91 91
92 90 93 91
94 90 95 91
96 90 97 91
98 90 99 91
100 90 101 91
102 90 103 91
104 90 105 91
106 90 107 91
108 90 109 91
110 90 111 91
112 90 113 91
114 90 115 91
116 90 117 91
118 90 119 91
120 90 121 91
122 90 123 91
124 90 125 91
126 90 127 91
128 90 129 91
130 90 131 91
132 90 133 91
134 90 135 91
136 90 137 91
138 90 139 91
140 90 141 91
142 90 143 91
144 90 145 91
146 90 147 91
148 90 149 91
150 90 151 91
152 90 153 91
154 90 155 91
156 90 157 91
158 90 159 91
0 92 1 93
2 92 3 93
4 92 5 93
6 92 7 93
8 92 9 93
10 92 11 93
12 92 13 93
14 92 15 93
16 92 17 93
18 92 19 93
20 92 21 93
22 92 23 93
24 92 25 93
26 92 27 93
28 92 29 93
30 92 31 93
32 92 33 93
34 92 35 93
36 92 37 93
38 92 39 93
40 92 41 93
42 92 43 93
44 92 45 93
46 92 47 93
48 92 49 93
50 92 51 93
52 92 53 93
54 92 55 93
56 92 57 93
58 92 59 93
60 92 61 93
62 92 63 93
64 92 65 93
66 92 67 93
68 92 69 93
70 92 71 93
72 92 73 93
74 92 75 93
76 92 77 93
78 92 79 93
80 92 81 93
82 92 83 93
84 92 85 93
86 92 87 93
88 92 89 93
90 92 91 93
92 92 93 93
94 92 95 93
96 92 97 93
98 92 99 93
100 92 101 93
102 92 103 93
104 92 105 93
106 92 107 93
108 92 109 93
110 92 111 93
112 92 113 93
114 92 115 93
116 92 117 93
118 92 119 93
120 92 121 93
122 92 123 93
124 92 125 93
126 92 127 93
128 92 129 93
130 92 131 93
132 92 133 93
134 92 135 93
136 92 137 93
138 92 139 93
140 92 141 93
142 92 143 93
144 92 145 93
146 92 147 93
148 92 149 93
150 92 151 93
152 92 153 93
154 92 155 93
156 92 157 93
158 92 159 93
0 94 1 95
2 94 3 95
4 94 5 95
6 94 7 95
8 94 9 95
10 94 11 95
12 94 13 95
14 94 15 95
16 94 17 95
18 94 19 95
20 94 21 95
22 94 23 95
24 94 25 95
26 94 27 95
28 94 29 95
30 94 31 95
32 94 33 95
34 94 35 95
36 94 37 95
38 94 39 95
40 94 41 95
42 94 43 95
44 94 45 95
46 94 47 95
48 94 49 95
50 94 51 95
52 94 53 95
54 94 55 95
56 94 57 95
58 94 59 95
60 94 61 95
62 94 63 95
64 94 65 95
66 94 67 95
68 94 69 95
70 94 71 95
72 94 73 95
74 94 75 95
76 94 77 95
78 94 79 95
80 94 81 95
82 94 83 95
84 94 85 95
86 94 87 95
88 94 89 95
90 94 91 95
92 94 93 95
94 94 95 95
96 94 97 95
98 94 99 95
100 94 101 95
102 94 103 95
104 94 105 95
106 94 107 95
108 94 109 95
110 94 111 95
112 94 113 95
114 94 115 95
116 94 117 95
118 94 119 95
120 94 121 95
122 94 123 95
124 94 125 95
126 94 127 95
128 94 129 95
130 94 131 95
132 94 133 95
134 94 135 95
136 94 137 95
138 94 139 95
140 94 141 95
142 94 143 95
144 94 145 95
146 94 147 95
148 94 149 95
150 94 151 95
152 94 153 95
154 94 155 95
156 94 157 95
158 94 159 95
0 96 1 97
2 96 3 97
4 96 5 97
6 96 7 97
8 96 9 97
10 96 11 97
12 96 13 97
14 96 15 97
16 96 17 97
18 96 19 97
20 96 21 97
22 96 23 97
24 96 25 97
26 96 27 97
28 96 29 97
30 96 31 97
32 96 33 97
34 96 35 97
36 96 37 97
38 96 39 97
40 96 41 97
42 96 43 97
44 96 45 97
46 96 47 97
48 96 49 97
50 96 51 97
52 96 53 97
54 96 55 97
56 96 57 97
58 96 59 97
60 96 61 97
62 96 63 97
64 96 65 97
66 96 67 97
68 96 69 97
70 96 71 97
72 96 73 97
74 96 75 97
76 96 77 97
78 96 79 97
80 96 81 97
82 96 83 97
84 96 85 97
86 96 87 97
88 96 89 97
90 96 91 97
92 96 93 97
94 96 95 97
96 96 97 97
98 96 99 97
100 96 101 97
102 96 103 97
104 96 105 97
106 96 107 97
108 96 109 97
110 96 111 97
112 96 113 97
114 96 115 97
116 96 117 97
118 96 119 97
120 96 121 97
122 96 123 97
124 96 125 97
126 96 127 97
128 96 129 97
130 96 131 97
132 96 133 97
134 96 135 97
136 96 137 97
138 96 139 97
140 96 141 97
142 96 143 97
144 96 145 97
146 96 147 97
148 96 149 97
150 96 151 97
152 96 153 97
154 96 155 97
156 96 157 97
158 96 159 97
0 98 1 99
2 98 3 99
4 98 5 99
6 98 7 99
8 98 9 99
10 98 11 99
12 98 13 99
14 98 15 99
16 98 17 99
18 98 19 99
20 98 21 99
22 98 23 99
24 98 25 99
26 98 27 99
28 98 29 99
30 98 31 99
32 98 33 99
34 98 35 99
36 98 37 99
38 98 39 99
40 98 41 99
42 98 43 99
44 98 45 99
46 98 47 99
48 98 49 99
50 98 51 99
52 98 53 99
54 98 55 99
56 98 57 99
58 98 59 99
60 98 61 99
62 98 63 99
64 98 65 99
66 98 67 99
68 98 69 99
70 98 71 99
72 98 73 99
74 98 75 99
76 98 77 99
78 98 79 99
80 98 81 99
82 98 83 99
84 98 85 99
86 98 87 99
88 98 89 99
90 98 91 99
92 98 93 99
94 98 95 99
96 98 97 99
98 98 99 99
100 98 101 99
102 98 103 99
104 98 105 99
106 98 107 99
108 98 109 99
110 98 111 99
112 98 113 99
114 98 115 99
116 98 117 99
118 98 119 99
120 98 121 99
122 98 123 99
124 98 125 99
126 98 127 99
128 98 129 99
130 98 131 99
132 98 133 99
134 98 135 99
136 98 137 99
138 98 139 99
140 98 141 99
142 98 143 99
144 98 145 99
146 98 147 99
148 98 149 99
150 98 151 99
152 98 153 99
154 98 155 99
156 98 157 99
158 98 159 99
0 100 1 101
2 100 3 101
4 100 5 101
6 100 7 101
8 100 9 101
10 100 11 101
12 100 13 101
14 100 15 101
16 100 17 101
18 100 19 101
20 100 21 101
22 100 23 101
24 100 25 101
26 100 27 101
28 100 29 101
30 100 31 101
32 100 33 101
34 100 35 101
36 100 37 101
38 100 39 101
40 100 41 101
42 100 43 101
44 100 45 101
46 100 47 101
48 100 49 101
50 100 51 101
52 100 53 101
54 100 55 101
56 100 57 101
58 100 59 101
60 100 61 101
62 100 63 101
64 100 65 101
66 100 67 101
68 100 69 101
70 100 71 101
72 100 73 101
74 100 75 101
76 100 77 101
78 100 79 101
80 100 81 101
82 100 83 101
84 100 85 101
86 100 87 101
88 100 89 101
90 100 91 101
92 100 93 101
94 100 95 101
96 100 97 101
98 100 99 101
100 100 101 101
102 100 103 101
104 100 105 101
106 100 107 101
108 100 109 101
110 100 111 101
112 100 113 101
114 100 115 101
116 100 117 101
118 100 119 101
120 100 121 101
122 100 123 101
124 100 125 101
126 100 127 101
128 100 129 101
130 100 131 101
132 100 133 101
134 100 135 101
136 100 137 101
138 100 139 101
140 100 141 101
142 100 143 101
144 100 145 101
146 100 147 101
148 100 149 101
150 100 151 101
152 100 153 101
154 100 155 101
156 100 157 101
158 100 159 101
0 102 1 103
2 102 3 103
4 102 5 103
6 102 7 103
8 102 9 103
10 102 11 103
12 102 13 103
14 102 15 103
16 102 17 103
18 102 19 103
20 102 21 103
22 102 23 103
24 102 25 103
26 102 27 103
28 102 29 103
30 102 31 103
32 102 33 103
34 102 35 103
36 102 37 103
38 102 39 103
40 102 41 103
42 102 43 103
44 102 45 103
46 102 47 103
48 102 49 103
50 102 51 103
52 102 53 103
54 102 55 103
56 102 57 103
58 102 59 103
60 102 61 103
62 102 63 103
64 102 65 103
66 102 67 103
68 102 69 103
70 102 71 103
72 102 73 103
74 102 75 103
76 102 77 103
78 102 79 103
80 102 81 103
82 102 83 103
84 102 85 103
86 102 87 103
88 102 89 103
90 102 91 103
92 102 93 103
94 102 95 103
96 102 97 103
98 102 99 103
100 102 101 103
102 102 103 103
104 102 105 103
106 102 107 103
108 102 109 103
110 102 111 103
112 102 113 103
114 102 115 103
116 102 117 103
118 102 119 103
120 102 121 103
122 102 123 103
124 102 125 103
126 102 127 103
128 102 129 103
130 102 131 103
132 102 133 103
134 102 135 103
136 102 137 103
138 102 139 103
140 102 141 103
142 102 143 103
144 102 145 103
146 102 147 103
148 102 149 103
150 102 151 103
152 102 153 103
154 102 155 103
156 102 157 103
158 102 159 103
0 104 1 105
2 104 3 105
4 104 5 105
6 104 7 105
8 104 9 105
10 104 11 105
12 104 13 105
14 104 15 105
16 104 17 105
18 104 19 105
20 104 21 105
22 104 23 105
24 104 25 105
26 104 27 105
28 104 29 105
30 104 31 105
32 104 33 105
34 104 35 105
36 104 37 105
38 104 39 105
40 104 41 105
42 104 43 105
44 104 45 105
46 104 47 105
48 104 49 105
50 104 51 105
52 104 53 105
54 104 55 105
56 104 57 105
58 104 59 105
60 104 61 105
62 104 63 105
64 104 65 105
66 104 67 105
68 104 69 105
70 104 71 105
72 104 73 105
74 104 75 105
76 104 77 105
78 104 79 105
80 104 81 105
82 104 83 105
84 104 85 105
86 104 87 105
88 104 89 105
90 104 91 105
92 104 93 105
94 104 95 105
96 104 97 105
98 104 99 105
100 104 101 105
102 104 103 105
104 104 105 105
106 104 107 105
108 104 109 105
110 104 111 105
112 104 113 105
114 104 115 105
116 104 117 105
118 104 119 105
120 104 121 105
122 104 123 105
124 104 125 105
126 104 127 105
128 104 129 105
130 104 131 105
132 104 133 105
134 104 135 105
136 104 137 105
138 104 139 105
140 104 141 105
142 104 143 105
144 104 145 105
146 104 147 105
148 104 149 105
150 104 151 105
152 104 153 105
154 104 155 105
156 104 157 105
158 104 159 105
0 106 1 107
2 106 3 107
4 106 5 107
6 106 7 107
8 106 9 107
10 106 11 107
12 106 13 107
14 106 15 107
16 106 17 107
18 106 19 107
20 106 21 107
22 106 23 107
24 106 25 107
26 106 27 107
28 106 29 107
30 106 31 107
32 106 33 107
34 106 35 107
36 106 37 107
38 106 39 107
40 106 41 107
42 106 43 107
44 106 45 107
46 106 47 107
48 106 49 107
50 106 51 107
52 106 53 107
54 106 55 107
56 106 57 107
58 106 59 107
60 106 61 107
62 106 63 107
64 106 65 107
66 106 67 107
68 106 69 107
70 106 71 107
72 106 73 107
74 106 75 107
76 106 77 107
78 106 79 107
80 106 81 107
82 106 83 107
84 106 85 107
86 106 87 107
88 106 89 107
90 106 91 107
92 106 93 107
94 106 95 107
96 106 97 107
98 106 99 107
100 106 101 107
102 106 103 107
104 106 105 107
106 106 107 107
108 106 109 107
110 106 111 107
112 106 113 107
114 106 115 107
116 106 117 107
118 106 119 107
120 106 121 107
122 106 123 107
124 106 125 107
126 106 127 107
128 106 129 107
130 106 131 107
132 106 133 107
134 106 135 107
136 106 137 107
138 106 139 107
140 106 141 107
142 106 143 107
144 106 145 107
146 106 147 107
148 106 149 107
150 106 151 107
152 106 153 107
154 106 155 107
156 106 157 107
158 106 159 107
0 108 1 109
2 108 3 109
4 108 5 109
6 108 7 109
8 108 9 109
10 108 11 109
12 108 13 109
14 108 15 109
16 108 17 109
18 108 19 109
20 108 21 109
22 108 23 109
24 108 25 109
26 108 27 109
28 108 29 109
30 108 31 109
32 108 33 109
34 108 35 109
36 108 37 109
38 108 39 109
40 108 41 109
42 108 43 109
44 108 45 109
46 108 47 109
48 108 49 109
50 108 51 109
52 108 53 109
54 108 55 109
56 108 57 109
58 108 59 109
60 108 61 109
62 108 63 109
64 108 65 109
66 108 67 109
68 108 69 109
70 108 71 109
72 108 73 109
74 108 75 109
76 108 77 109
78 108 79 109
80 108 81 109
82 108 83 109
84 108 85 109
86 108 87 109
88 108 89 109
90 108 91 109
92 108 93 109
94 108 95 109
96 108 97 109
98 108 99 109
100 108 101 109
102 108 103 109
104 108 105 109
106 108 107 109
108 108 109 109
110 108 111 109
112 108 113 109
114 108 115 109
116 108 117 109
118 108 119 109
120 108 121 109
122 108 123 109
124 108 125 109
126 108 127 109
128 108 129 109
130 108 131 109
132 108 133 109
134 108 135 109
136 108 137 109
138 108 139 109
140 108 141 109
142 108 143 109
144 108 145 109
146 108 147 109
148 108 149 109
150 108 151 109
152 108 153 109
154 108 155 109
156 108 157 109
158 108 159 109
0 110 1 111
2 110 3 111
4 110 5 111
6 110 7 111
8 110 9 111
10 110 11 111
12 110 13 111
14 110 15 111
16 110 17 111
18 110 19 111
20 110 21 111
22 110 23 111
24 110 25 111
26 110 27 111
28 110 29 111
30 110 31 111
32 110 33 111
34 110 35 111
36 110 37 111
38 110 39 111
40 110 41 111
42 110 43 111
44 110 45 111
46 110 47 111
48 110 49 111
50 110 51 111
52 110 53 111
54 110 55 111
56 110 57 111
58 110 59 111
60 110 61 111
62 110 63 111
64 110 65 111
66 110 67 111
68 110 69 111
70 110 71 111
72 110 73 111
74 110 75 111
76 110 77 111
78 110 79 111
80 110 81 111
82 110 83 111
84 110 85 111
86 110 87 111
88 110 89 111
90 110 91 111
92 110 93 111
94 110 95 111
96 110 97 111
98 110 99 111
100 110 101 111
102 110 103 111
104 110 105 111
106 110 107 111
108 110 109 111
110 110 111 111
112 110 113 111
114 110 115 111
116 110 117 111
118 110 119 111
120 110 121 111
122 110 123 111
124 110 125 111
126 110 127 111
128 110 129 111
130 110 131 111
132 110 133 111
134 110 135 111
136 110 137 111
138 110 139 111
140 110 141 111
142 110 143 111
144 110 145 111
146 110 147 111
148 110 149 111
150 110 151 111
152 110 153 111
154 110 155 111
156 110 157 111
158 110 159 111
0 112 1 113
2 112 3 113
4 112 5 113
6 112 7 113
8 112 9 113
10 112 11 113
12 112 13 113
14 112 15 113
16 112 17 113
18 112 19 113
20 112 21 113
22 112 23 113
24 112 25 113
26 112 27 113
28 112 29 113
30 112 31 113
32 112 33 113
34 112 35 113
36 112 37 113
38 112 39 113
40 112 41 113
42 112 43 113
44 112 45 113
46 112 47 113
48 112 49 113
50 112 51 113
52 112 53 113
54 112 55 113
56 112 57 113
58 112 59 113
60 112 61 113
62 112 63 113
64 112 65 113
66 112 67 113
68 112 69 113
70 112 71 113
72 112 73 113
74 112 75 113
76 112 77 113
78 112 79 113
80 112 81 113
82 112 83 113
84 112 85 113
86 112 87 113
88 112 89 113
90 112 91 113
92 112 93 113
94 112 95 113
96 112 97 113
98 112 99 113
100 112 101 113
102 112 103 113
104 112 105 113
106 112 107 113
108 112 109 113
110 112 111 113
112 112 113 113
114 112 115 113
116 112 117 113
118 112 119 113
120 112 121 113
122 112 123 113
124 112 125 113
126 112 127 113
128 112 129 113
130 112 131 113
132 112 133 113
134 112 135 113
136 112 137 113
138 112 139 113
140 112 141 113
142 112 143 113
144 112 145 113
146 112 147 113
148 112 149 113
150 112 151 113
152 112 153 113
154 112 155 113
156 112 157 113
158 112 159 113
0 114 1 115
2 114 3 115
4 114 5 115
6 114 7 115
8 114 9 115
10 114 11 115
12 114 13 115
14 114 15 115
16 114 17 115
18 114 19 115
20 114 21 115
22 114 23 115
24 114 25 115
26 114 27 115
28 114 29 115
30 114 31 115
32 114 33 115
34 114 35 115
36 114 37 115
38 114 39 115
40 114 41 115
42 114 43 115
44 114 45 115
46 114 47 115
48 114 49 115
50 114 51 115
52 114 53 115
54 114 55 115
56 114 57 115
58 114 59 115
60 114 61 115
62 114 63 115
64 114 65 115
66 114 67 115
68 114 69 115
70 114 71 115
72 114 73 115
74 114 75 115
76 114 77 115
78 114 79 115
80 114 81 115
82 114 83 115
84 114 85 115
86 114 87 115
88 114 89 115
90 114 91 115
92 114 93 115
94 114 95 115
96 114 97 115
98 114 99 115
100 114 101 115
102 114 103 115
104 114 105 115
106 114 107 115
108 114 109 115
110 114 111 115
112 114 113 115
114 114 115 115
116 114 117 115
118 114 119 115
120 114 121 115
122 114 123 115
124 114 125 115
126 114 127 115
128 114 129 115
130 114 131 115
132 114 133 115
134 114 135 115
136 114 137 115
138 114 139 115
140 114 141 115
142 114 143 115
144 114 145 115
146 114 147 115
148 114 149 115
150 114 151 115
152 114 153 115
154 114 155 115
156 114 157 115
158 114 159 115
0 116 1 117
2 116 3 117
4 116 5 117
6 116 7 117
8 116 9 117
10 116 11 117
12 116 13 117
14 116 15 117
16 116 17 117
18 116 19 117
20 116 21 117
22 116 23 117
24 116 25 117
26 116 27 117
28 116 29 117
30 116 31 117
32 116 33 117
34 116 35 117
36 116 37 117
38 116 39 117
40 116 41 117
42 116 43 117
44 116 45 117
46 116 47 117
48 116 49 117
50 116 51 117
52 116 53 117
54 116 55 117
56 116 57 117
58 116 59 117
60 116 61 117
62 116 63 117
64 116 65 117
66 116 67 117
68 116 69 117
70 116 71 117
72 116 73 117
74 116 75 117
76 116 77 117
78 116 79 117
80 116 81 117
82 116 83 117
84 116 85 117
86 116 87 117
88 116 89 117
90 116 91 117
92 116 93 117
94 116 95 117
96 116 97 117
98 116 99 117
100 116 101 117
102 116 103 117
104 116 105 117
106 116 107 117
108 116 109 117
110 116 111 117
112 116 113 117
114 116 115 117
116 116 117 117
118 116 119 117
120 116 121 117
122 116 123 117
124 116 125 117
126 116 127 117
128 116 129 117
130 116 131 117
132 116 133 117
134 116 135 117
136 116 137 117
138 116 139 117
140 116 141 117
142 116 143 117
144 116 145 117
146 116 147 117
148 116 149 117
150 116 151 117
152 116 153 117
154 116 155 117
156 116 157 117
158 116 159 117
0 118 1 119
2 118 3 119
4 118 5 119
6 118 7 119
8 118 9 119
10 118 11 119
12 118 13 119
14 118 15 119
16 118 17 119
18 118 19 119
20 118 21 119
22 118 23 119
24 118 25 119
26 118 27 119
28 118 29 119
30 118 31 119
32 118 33 119
34 118 35 119
36 118 37 119
38 118 39 119
40 118 41 119
42 118 43 119
44 118 45 119
46 118 47 119
48 118 49 119
50 118 51 119
52 118 53 119
54 118 55 119
56 118 57 119
58 118 59 119
60 118 61 119
62 118 63 119
64 118 65 119
66 118 67 119
68 118 69 119
70 118 71 119
72 118 73 119
74 118 75 119
76 118 77 119
78 118 79 119
80 118 81 119
82 118 83 119
84 118 85 119
86 118 87 119
88 118 89 119
90 118 91 119
92 118 93 119
94 118 95 119
96 118 97 119
98 118 99 119
100 118 101 119
102 118 103 119
104 118 105 119
106 118 107 119
108 118 109 119
110 118 111 119
112 118 113 119
114 118 115 119
116 118 117 119
118 118 119 119
120 118 121 119
122 118 123 119
124 118 125 119
126 118 127 119
128 118 129 119
130 118 131 119
132 118 133 119
134 118 135 119
136 118 137 119
138 118 139 119
140 118 141 119
142 118 143 119
144 118 145 119
146 118 147 119
148 118 149 119
150 118 151 119
152 118 153 119
154 118 155 119
156 118 157 119
158 118 159 119
0 120 1 121
2 120 3 121
4 120 5 121
6 120 7 121
8 120 9 121
10 120 11 121
12 120 13 121
14 120 15 121
16 120 17 121
18 120 19 121
20 120 21 121
22 120 23 121
24 120 25 121
26 120 27 121
28 120 29 121
30 120 31 121
32 120 33 121
34 120 35 121
36 120 37 121
38 120 39 121
40 120 41 121
42 120 43 121
44 120 45 121
46 120 47 121
48 120 49 121
50 120 51 121
52 120 53 121
54 120 55 121
56 120 57 121
58 120 59 121
60 120 61 121
62 120 63 121
64 120 65 121
66 120 67 121
68 120 69 121
70 120 71 121
72 120 73 121
74 120 75 121
76 120 77 121
78 120 79 121
80 120 81 121
82 120 83 121
84 120 85 121
86 120 87 121
88 120 89 121
90 120 91 121
92 120 93 121
94 120 95 121
96 120 97 121
98 120 99 121
100 120 101 121
102 120 103 121
104 120 105 121
106 120 107 121
108 120 109 121
110 120 111 121
112 120 113 121
114 120 115 121
116 120 117 121
118 120 119 121
120 120 121 121
122 120 123 121
124 120 125 121
126 120 127 121
128 120 129 121
130 120 131 121
132 120 133 121
134 120 135 121
136 120 137 121
138 120 139 121
140 120 141 121
142 120 143 121
144 120 145 121
146 120 147 121
148 120 149 121
150 120 151 121
152 120 153 121
154 120 155 121
156 120 157 121
158 120 159 121
0 122 1 123
2 122 3 123
4 122 5 123
6 122 7 123
8 122 9 123
10 122 11 123
12 122 13 123
14 122 15 123
16 122 17 123
18 122 19 123
20 122 21 123
22 122 23 123
24 122 25 123
26 122 27 123
28 122 29 123
30 122 31 123
32 122 33 123
34 122 35 123
36 122 37 123
38 122 39 123
40 122 41 123
42 122 43 123
44 122 45 123
46 122 47 123
48 122 49 123
50 122 51 123
52 122 53 123
54 122 55 123
56 122 57 123
58 122 59 123
60 122 61 123
62 122 63 123
64 122 65 123
66 122 67 123
68 122 69 123
70 122 71 123
72 122 73 123
74 122 75 123
76 122 77 123
78 122 79 123
80 122 81 123
82 122 83 123
84 122 85 123
86 122 87 123
88 122 89 123
90 122 91 123
92 122 93 123
94 122 95 123
96 122 97 123
98 122 99 123
100 122 101 123
102 122 103 123
104 122 105 123
106 122 107 123
108 122 109 123
110 122 111 123
112 122 113 123
114 122 115 123
116 122 117 123
118 122 119 123
120 122 121 123
122 122 123 123
124 122 125 123
126 122 127 123
128 122 129 123
130 122 131 123
132 122 133 123
134 122 135 123
136 122 137 123
138 122 139 123
140 122 141 123
142 122 143 123
144 122 145 123
146 122 147 123
148 122 149 123
150 122 151 123
152 122 153 123
154 122 155 123
156 122 157 123
158 122 159 123
0 124 1 125
2 124 3 125
4 124 5 125
6 124 7 125
8 124 9 125
10 124 11 125
12 124 13 125
14 124 15 125
16 124 17 125
18 124 19 125
20 124 21 125
22 124 23 125
24 124 25 125
26 124 27 125
28 124 29 125
30 124 31 125
32 124 33 125
34 124 35 125
36 124 37 125
38 124 39 125
40 124 41 125
42 124 43 125
44 124 45 125
46 124 47 125
48 124 49 125
50 124 51 125
52 124 53 125
54 124 55 125
56 124 57 125
58 124 59 125
60 124 61 125
62 124 63 125
64 124 65 125
66 124 67 125
68 124 69 125
70 124 71 125
72 124 73 125
74 124 75 125
76 124 77 125
78 124 79 125
80 124 81 125
82 124 83 125
84 124 85 125
86 124 87 125
88 124 89 125
90 124 91 125
92 124 93 125
94 124 95 125
96 124 97 125
98 124 99 125
100 124 101 125
102 124 103 125
104 124 105 125
106 124 107 125
108 124 109 125
110 124 111 125
112 124 113 125
114 124 115 125
116 124 117 125
118 124 119 125
120 124 121 125
122 124 123 125
124 124 125 125
126 124 127 125
128 124 129 125
130 124 131 125
132 124 133 125
134 124 135 125
136 124 137 125
138 124 139 125
140 124 141 125
142 124 143 125
144 124 145 125
146 124 147 125
148 124 149 125
150 124 151 125
152 124 153 125
154 124 155 125
156 124 157 125
158 124 159 125
0 126 1 127
2 126 3 127
4 126 5 127
6 126 7 127
8 126 9 127
10 126 11 127
12 126 13 127
14 126 15 127
16 126 17 127
18 126 19 127
20 126 21 127
22 126 23 127
24 126 25 127
26 126 27 127
28 126 29 127
30 126 31 127
32 126 33 127
34 126 35 127
36 126 37 127
38 126 39 127
40 126 41 127
42 126 43 127
44 126 45 127
46 126 47 127
48 126 49 127
50 126 51 127
52 126 53 127
54 126 55 127
56 126 57 127
58 126 59 127
60 126 61 127
62 126 63 127
64 126 65 127
66 126 67 127
68 126 69 127
70 126 71 127
72 126 73 127
74 126 75 127
76 126 77 127
78 126 79 127
80 126 81 127
82 126 83 127
84 126 85 127
86 126 87 127
88 126 89 127
90 126 91 127
92 126 93 127
94 126 95 127
96 126 97 127
98 126 99 127
100 126 101 127
102 126 103 127
104 126 105 127
106 126 107 127
108 126 109 127
110 126 111 127
112 126 113 127
114 126 115 127
116 126 117 127
118 126 119 127
120 126 121 127
122 126 123 127
124 126 125 127
126 126 127 127
128 126 129 127
130 126 131 127
132 126 133 127
134 126 135 127
136 126 137 127
138 126 139 127
140 126 141 127
142 126 143 127
144 126 145 127
146 126 147 127
148 126 149 127
150 126 151 127
152 126 153 127
154 126 155 127
156 126 157 127
158 126 159 127
0 128 1 129
2 128 3 129
4 128 5 129
6 128 7 129
8 128 9 129
10 128 11 129
12 128 13 129
14 128 15 129
16 128 17 129
18 128 19 129
20 128 21 129
22 128 23 129
24 128 25 129
26 128 27 129
28 128 29 129
30 128 31 129
32 128 33 129
34 128 35 129
36 128 37 129
38 128 39 129
40 128 41 129
42 128 43 129
44 128 45 129
46 128 47 129
48 128 49 129
50 128 51 129
52 128 53 129
54 128 55 129
56 128 57 129
58 128 59 129
60 128 61 129
62 128 63 129
64 128 65 129
66 128 67 129
68 128 69 129
70 128 71 129
72 128 73 129
74 128 75 129
76 128 77 129
78 128 79 129
80 128 81 129
82 128 83 129
84 128 85 129
86 128 87 129
88 128 89 129
90 128 91 129
92 128 93 129
94 128 95 129
96 128 97 129
98 128 99 129
100 128 101 129
102 128 103 129
104 128 105 129
106 128 107 129
108 128 109 129
110 128 111 129
112 128 113 129
114 128 115 129
116 128 117 129
118 128 119 129
120 128 121 129
122 128 123 129
124 128 125 129
126 128 127 129
128 128 129 129
130 128 131 129
132 128 133 129
134 128 135 129
136 128 137 129
138 128 139 129
140 128 141 129
142 128 143 129
144 128 145 129
146 128 147 129
148 128 149 129
150 128 151 129
152 128 153 129
154 128 155 129
156 128 157 129
158 128 159 129
0 130 1 131
2 130 3 131
4 130 5 131
6 130 7 131
8 130 9 131
10 130 11 131
12 130 13 131
14 130 15 131
16 130 17 131
18 130 19 131
20 130 21 131
22 130 23 131
24 130 25 131
26 130 27 131
28 130 29 131
30 130 31 131
32 130 33 131
34 130 35 131
36 130 37 131
38 130 39 131
40 130 41 131
42 130 43 131
44 130 45 131
46 130 47 131
48 130 49 131
50 130 51 131
52 130 53 131
54 130 55 131
56 130 57 131
58 130 59 131
60 130 61 131
62 130 63 131
64 130 65 131
66 130 67 131
68 130 69 131
70 130 71 131
72 130 73 131
74 130 75 131
76 130 77 131
78 130 79 131
80 130 81 131
82 130 83 131
84 130 85 131
86 130 87 131
88 130 89 131
90 130 91 131
92 130 93 131
94 130 95 131
96 130 97 131
98 130 99 131
100 130 101 131
102 130 103 131
104 130 105 131
106 130 107 131
108 130 109 131
110 130 111 131
112 130 113 131
114 130 115 131
116 130 117 131
118 130 119 131
120 130 121 131
122 130 123 131
124 130 125 131
126 130 127 131
128 130 129 131
130 130 131 131
132 130 133 131
134 130 135 131
136 130 137 131
138 130 139 131
140 130 141 131
142 130 143 131
144 130 145 131
146 130 147 131
148 130 149 131
150 130 151 131
152 130 153 131
154 130 155 131
156 130 157 131
158 130 159 131
0 132 1 133
2 132 3 133
4 132 5 133
6 132 7 133
8 132 9 133
10 132 11 133
12 132 13 133
14 132 15 133
16 132 17 133
18 132 19 133
20 132 21 133
22 132 23 133
24 132 25 133
26 132 27 133
28 132 29 133
30 132 31 133
32 132 33 133
34 132 35 133
36 132 37 133
38 132 39 133
40 132 41 133
42 132 43 133
44 132 45 133
46 132 47 133
48 132 49 133
50 132 51 133
52 132 53 133
54 132 55 133
56 132 57 133
58 132 59 133
60 132 61 133
62 132 63 133
64 132 65 133
66 132 67 133
68 132 69 133
70 132 71 133
72 132 73 133
74 132 75 133
76 132 77 133
78 132 79 133
80 132 81 133
82 132 83 133
84 132 85 133
86 132 87 133
88 132 89 133
90 132 91 133
92 132 93 133
94 132 95 133
96 132 97 133
98 132 99 133
100 132 101 133
102 132 103 133
104 132 105 133
106 132 107 133
108 132 109 133
110 132 111 133
112 132 113 133
114 132 115 133
116 132 117 133
118 132 119 133
120 132 121 133
122 132 123 133
124 132 125 133
126 132 127 133
128 132 129 133
130 132 131 133
132 132 133 133
134 132 135 133
136 132 137 133
138 132 139 133
140 132 141 133
142 132 143 133
144 132 145 133
146 132 147 133
148 132 149 133
150 132 151 133
152 132 153 133
154 132 155 133
156 132 157 133
158 132 159 133
0 134 1 135
2 134 3 135
4 134 5 135
6 134 7 135
8 134 9 135
10 134 11 135
12 134 13 135
14 134 15 135
16 134 17 135
18 134 19 135
20 134 21 135
22 134 23 135
24 134 25 135
26 134 27 135
28 134 29 135
30 134 31 135
32 134 33 135
34 134 35 135
36 134 37 135
38 134 39 135
40 134 41 135
42 134 43 135
44 134 45 135
46 134 47 135
48 134 49 135
50 134 51 135
52 134 53 135
54 134 55 135
56 134 57 135
58 134 59 135
60 134 61 135
62 134 63 135
64 134 65 135
66 134 67 135
68 134 69 135
70 134 71 135
72 134 73 135
74 134 75 135
76 134 77 135
78 134 79 135
80 134 81 135
82 134 83 135
84 134 85 135
86 134 87 135
88 134 89 135
90 134 91 135
92 134 93 135
94 134 95 135
96 134 97 135
98 134 99 135
100 134 101 135
102 134 103 135
104 134 105 135
106 134 107 135
108 134 109 135
110 134 111 135
112 134 113 135
114 134 115 135
116 134 117 135
118 134 119 135
120 134 121 135
122 134 123 135
124 134 125 135
126 134 127 135
128 134 129 135
130 134 131 135
132 134 133 135
134 134 135 135
136 134 137 135
138 134 139 135
140 134 141 135
142 134 143 135
144 134 145 135
146 134 147 135
148 134 149 135
150 134 151 135
152 134 153 135
154 134 155 135
156 134 157 135
158 134 159 135
0 136 1 137
2 136 3 137
4 136 5 137
6 136 7 137
8 136 9 137
10 136 11 137
12 136 13 137
14 136 15 137
16 136 17 137
18 136 19 137
20 136 21 137
22 136 23 137
24 136 25 137
26 136 27 137
28 136 29 137
30 136 31 137
32 136 33 137
34 136 35 137
36 136 37 137
38 136 39 137
40 136 41 137
42 136 43 137
44 136 45 137
46 136 47 137
48 136 49 137
50 136 51 137
52 136 53 137
54 136 55 137
56 136 57 137
58 136 59 137
60 136 61 137
62 136 63 137
64 136 65 137
66 136 67 137
68 136 69 137
70 136 71 137
72 136 73 137
74 136 75 137
76 136 77 137
78 136 79 137
80 136 81 137
82 136 83 137
84 136 85 137
86 136 87 137
88 136 89 137
90 136 91 137
92 136 93 137
94 136 95 137
96 136 97 137
98 136 99 137
100 136 101 137
102 136 103 137
104 136 105 137
106 136 107 137
108 136 109 137
110 136 111 137
112 136 113 137
114 136 115 137
116 136 117 137
118 136 119 137
120 136 121 137
122 136 123 137
124 136 125 137
126 136 127 137
128 136 129 137
130 136 131 137
132 136 133 137
134 136 135 137
136 136 137 137
138 136 139 137
140 136 141 137
142 136 143 137
144 136 145 137
146 136 147 137
148 136 149 137
150 136 151 137
152 136 153 137
154 136 155 137
156 136 157 137
158 136 159 137
0 138 1 139
2 138 3 139
4 138 5 139
6 138 7 139
8 138 9 139
10 138 11 139
12 138 13 139
14 138 15 139
16 138 17 139
18 138 19 139
20 138 21 139
22 138 23 139
24 138 25 139
26 138 27 139
28 138 29 139
30 138 31 139
32 138 33 139
34 138 35 139
36 138 37 139
38 138 39 139
40 138 41 139
42 138 43 139
44 138 45 139
46 138 47 139
48 138 49 139
50 138 51 139
52 138 53 139
54 138 55 139
56 138 57 139
58 138 59 139
60 138 61 139
62 138 63 139
64 138 65 139
66 138 67 139
68 138 69 139
70 138 71 139
72 138 73 139
74 138 75 139
76 138 77 139
78 138 79 139
80 138 81 139
82 138 83 139
84 138 85 139
86 138 87 139
88 138 89 139
90 138 91 139
92 138 93 139
94 138 95 139
96 138 97 139
98 138 99 139
100 138 101 139
102 138 103 139
104 138 105 139
106 138 107 139
108 138 109 139
110 138 111 139
112 138 113 139
114 138 115 139
116 138 117 139
118 138 119 139
120 138 121 139
122 138 123 139
124 138 125 139
126 138 127 139
128 138 129 139
130 138 131 139
132 138 133 139
134 138 135 139
136 138 137 139
138 138 139 139
140 138 141 139
142 138 143 139
144 138 145 139
146 138 147 139
148 138 149 139
150 138 151 139
152 138 153 139
154 138 155 139
156 138 157 139
158 138 159 139
0 140 1 141
2 140 3 141
4 140 5 141
6 140 7 141
8 140 9 141
10 140 11 141
12 140 13 141
14 140 15 141
16 140 17 141
18 140 19 141
20 140 21 141
22 140 23 141
24 140 25 141
26 140 27 141
28 140 29 141
30 140 31 141
32 140 33 141
34 140 35 141
36 140 37 141
38 140 39 141
40 140 41 141
42 140 43 141
44 140 45 141
46 140 47 141
48 140 49 141
50 140 51 141
52 140 53 141
54 140 55 141
56 140 57 141
58 140 59 141
60 140 61 141
62 140 63 141
64 140 65 141
66 140 67 141
68 140 69 141
70 140 71 141
72 140 73 141
74 140 75 141
76 140 77 141
78 140 79 141
80 140 81 141
82 140 83 141
84 140 85 141
86 140 87 141
88 140 89 141
90 140 91 141
92 140 93 141
94 140 95 141
96 140 97 141
98 140 99 141
100 140 101 141
102 140 103 141
104 140 105 141
106 140 107 141
108 140 109 141
110 140 111 141
112 140 113 141
114 140 115 141
116 140 117 141
118 140 119 141
120 140 121 141
122 140 123 141
124 140 125 141
126 140 127 141
128 140 129 141
130 140 131 141
132 140 133 141
134 140 135 141
136 140 137 141
138 140 139 141
140 140 141 141
142 140 143 141
144 140 145 141
146 140 147 141
148 140 149 141
150 140 151 141
152 140 153 141
154 140 155 141
156 140 157 141
158 140 159 141
0 142 1 143
2 142 3 143
4 142 5 143
6 142 7 143
8 142 9 143
10 142 11 143
12 142 13 143
14 142 15 143
16 142 17 143
18 142 19 143
20 142 21 143
22 142 23 143
24 142 25 143
26 142 27 143
28 142 29 143
30 142 31 143
32 142 33 143
34 142 35 143
36 142 37 143
38 142 39 143
40 142 41 143
42 142 43 143
44 142 45 143
46 142 47 143
48 142 49 143
50 142 51 143
52 142 53 143
54 142 55 143
56 142 57 143
58 142 59 143
60 142 61 143
62 142 63 143
64 142 65 143
66 142 67 143
68 142 69 143
70 142 71 143
72 142 73 143
74 142 75 143
76 142 77 143
78 142 79 143
80 142 81 143
82 142 83 143
84 142 85 143
86 142 87 143
88 142 89 143
90 142 91 143
92 142 93 143
94 142 95 143
96 142 97 143
98 142 99 143
100 142 101 143
102 142 103 143
104 142 105 143
106 142 107 143
108 142 109 143
110 142 111 143
112 142 113 143
114 142 115 143
116 142 117 143
118 142 119 143
120 142 121 143
122 142 123 143
124 142 125 143
126 142 127 143
128 142 129 143
130 142 131 143
132 142 133 143
134 142 135 143
136 142 137 143
138 142 139 143
140 142 141 143
142 142 143 143
144 142 145 143
146 142 147 143
148 142 149 143
150 142 151 143
152 142 153 143
154 142 155 143
156 142 157 143
158 142 159 143
0 144 1 145
2 144 3 145
4 144 5 145
6 144 7 145
8 144 9 145
10 144 11 145
12 144 13 145
14 144 15 145
16 144 17 145
18 144 19 145
20 144 21 145
22 144 23 145
24 144 25 145
26 144 27 145
28 144 29 145
30 144 31 145
32 144 33 145
34 144 35 145
36 144 37 145
38 144 39 145
40 144 41 145
42 144 43 145
44 144 45 145
46 144 47 145
48 144 49 145
50 144 51 145
52 144 53 145
54 144 55 145
56 144 57 145
58 144 59 145
60 144 61 145
62 144 63 145
64 144 65 145
66 144 67 145
68 144 69 145
70 144 71 145
72 144 73 145
74 144 75 145
76 144 77 145
78 144 79 145
80 144 81 145
82 144 83 145
84 144 85 145
86 144 87 145
88 144 89 145
90 144 91 145
92 144 93 145
94 144 95 145
96 144 97 145
98 144 99 145
100 144 101 145
102 144 103 145
104 144 105 145
106 144 107 145
108 144 109 145
110 144 111 145
112 144 113 145
114 144 115 145
116 144 117 145
118 144 119 145
120 144 121 145
122 144 123 145
124 144 125 145
126 144 127 145
128 144 129 145
130 144 131 145
132 144 133 145
134 144 135 145
136 144 137 145
138 144 139 145
140 144 141 145
142 144 143 145
144 144 145 145
146 144 147 145
148 144 149 145
150 144 151 145
152 144 153 145
154 144 155 145
156 144 157 145
158 144 159 145
0 146 1 147
2 146 3 147
4 146 5 147
6 146 7 147
8 146 9 147
10 146 11 147
12 146 13 147
14 146 15 147
16 146 17 147
18 146 19 147
20 146 21 147
22 146 23 147
24 146 25 147
26 146 27 147
28 146 29 147
30 146 31 147
32 146 33 147
34 146 35 147
36 146 37 147
38 146 39 147
40 146 41 147
42 146 43 147
44 146 45 147
46 146 47 147
48 146 49 147
50 146 51 147
52 146 53 147
54 146 55 147
56 146 57 147
58 146 59 147
60 146 61 147
62 146 63 147
64 146 65 147
66 146 67 147
68 146 69 147
70 146 71 147
72 146 73 147
74 146 75 147
76 146 77 147
78 146 79 147
80 146 81 147
82 146 83 147
84 146 85 147
86 146 87 147
88 146 89 147
90 146 91 147
92 146 93 147
94 146 95 147
96 146 97 147
98 146 99 147
100 146 101 147
102 146 103 147
104 146 105 147
106 146 107 147
108 146 109 147
110 146 111 147
112 146 113 147
114 146 115 147
116 146 117 147
118 146 119 147
120 146 121 147
122 146 123 147
124 146 125 147
126 146 127 147
128 146 129 147
130 146 131 147
132 146 133 147
134 146 135 147
136 146 137 147
138 146 139 147
140 146 141 147
142 146 143 147
144 146 145 147
146 146 147 147
148 146 149 147
150 146 151 147
152 146 153 147
154 146 155 147
156 146 157 147
158 146 159 147
0 148 1 149
2 148 3 149
4 148 5 149
6 148 7 149
8 148 9 149
10 148 11 149
12 148 13 149
14 148 15 149
16 148 17 149
18 148 19 149
20 148 21 149
22 148 23 149
24 148 25 149
26 148 27 149
28 148 29 149
30 148 31 149
32 148 33 149
34 148 35 149
36 148 37 149
38 148 39 149
40 148 41 149
42 148 43 149
44 148 45 149
46 148 47 149
48 148 49 149
50 148 51 149
52 148 53 149
54 148 55 149
56 148 57 149
58 148 59 149
60 148 61 149
62 148 63 149
64 148 65 149
66 148 67 149
68 148 69 149
70 148 71 149
72 148 73 149
74 148 75 149
76 148 77 149
78 148 79 149
80 148 81 149
82 148 83 149
84 148 85 149
86 148 87 149
88 148 89 149
90 148 91 149
92 148 93 149
94 148 95 149
96 148 97 149
98 148 99 149
100 148 101 149
102 148 103 149
104 148 105 149
106 148 107 149
108 148 109 149
110 148 111 149
112 148 113 149
114 148 115 149
116 148 117 149
118 148 119 149
120 148 121 149
122 148 123 149
124 148 125 149
126 148 127 149
128 148 129 149
130 148 131 149
132 148 133 149
134 148 135 149
136 148 137 149
138 148 139 149
140 148 141 149
142 148 143 149
144 148 145 149
146 148 147 149
148 148 149 149
150 148 151 149
152 148 153 149
154 148 155 149
156 148 157 149
158 148 159 149
0 150 1 151
2 150 3 151
4 150 5 151
6 150 7 151
8 150 9 151
10 150 11 151
12 150 13 151
14 150 15 151
16 150 17 151
18 150 19 151
20 150 21 151
22 150 23 151
24 150 25 151
26 150 27 151
28 150 29 151
30 150 31 151
32 150 33 151
34 150 35 151
36 150 37 151
38 150 39 151
40 150 41 151
42 150 43 151
44 150 45 151
46 150 47 151
48 150 49 151
50 150 51 151
52 150 53 151
54 150 55 151
56 150 57 151
58 150 59 151
60 150 61 151
62 150 63 151
64 150 65 151
66 150 67 151
68 150 69 151
70 150 71 151
72 150 73 151
74 150 75 151
76 150 77 151
78 150 79 151
80 150 81 151
82 150 83 151
84 150 85 151
86 150 87 151
88 150 89 151
90 150 91 151
92 150 93 151
94 150 95 151
96 150 97 151
98 150 99 151
100 150 101 151
102 150 103 151
104 150 105 151
106 150 107 151
108 150 109 151
110 150 111 151
112 150 113 151
114 150 115 151
116 150 117 151
118 150 119 151
120 150 121 151
122 150 123 151
124 150 125 151
126 150 127 151
128 150 129 151
130 150 131 151
132 150 133 151
134 150 135 151
136 150 137 151
138 150 139 151
140 150 141 151
142 150 143 151
144 150 145 151
146 150 147 151
148 150 149 151
150 150 151 151
152 150 153 151
154 150 155 151
156 150 157 151
158 150 159 151
0 152 1 153
2 152 3 153
4 152 5 153
6 152 7 153
8 152 9 153
10 152 11 153
12 152 13 153
14 152 15 153
16 152 17 153
18 152 19 153
20 152 21 153
22 152 23 153
24 152 25 153
26 152 27 153
28 152 29 153
30 152 31 153
32 152 33 153
34 152 35 153
36 152 37 153
38 152 39 153
40 152 41 153
42 152 43 153
44 152 45 153
46 152 47 153
48 152 49 153
50 152 51 153
52 152 53 153
54 152 55 153
56 152 57 153
58 152 59 153
60 152 61 153
62 152 63 153
64 152 65 153
66 152 67 153
68 152 69 153
70 152 71 153
72 152 73 153
74 152 75 153
76 152 77 153
78 152 79 153
80 152 81 153
82 152 83 153
84 152 85 153
86 152 87 153
88 152 89 153
90 152 91 153
92 152 93 153
94 152 95 153
96 152 97 153
98 152 99 153
100 152 101 153
102 152 103 153
104 152 105 153
106 152 107 153
108 152 109 153
110 152 111 153
112 152 113 153
114 152 115 153
116 152 117 153
118 152 119 153
120 152 121 153
122 152 123 153
124 152 125 153
126 152 127 153
128 152 129 153
130 152 131 153
132 152 133 153
134 152 135 153
136 152 137 153
138 152 139 153
140 152 141 153
142 152 143 153
144 152 145 153
146 152 147 153
148 152 149 153
150 152 151 153
152 152 153 153
154 152 155 153
156 152 157 153
158 152 159 153
0 154 1 155
2 154 3 155
4 154 5 155
6 154 7 155
8 154 9 155
10 154 11 155
12 154 13 155
14 154 15 155
16 154 17 155
18 154 19 155
20 154 21 155
22 154 23 155
24 154 25 155
26 154 27 155
28 154 29 155
30 154 31 155
32 154 33 155
34 154 35 155
36 154 37 155
38 154 39 155
40 154 41 155
42 154 43 155
44 154 45 155
46 154 47 155
48 154 49 155
50 154 51 155
52 154 53 155
54 154 55 155
56 154 57 155
58 154 59 155
60 154 61 155
62 154 63 155
64 154 65 155
66 154 67 155
68 154 69 155
70 154 71 155
72 154 73 155
74 154 75 155
76 154 77 155
78 154 79 155
80 154 81 155
82 154 83 155
84 154 85 155
86 154 87 155
88 154 89 155
90 154 91 155
92 154 93 155
94 154 95 155
96 154 97 155
98 154 99 155
100 154 101 155
102 154 103 155
104 154 105 155
106 154 107 155
108 154 109 155
110 154 111 155
112 154 113 155
114 154 115 155
116 154 117 155
118 154 119 155
120 154 121 155
122 154 123 155
124 154 125 155
126 154 127 155
128 154 129 155
130 154 131 155
132 154 133 155
134 154 135 155
136 154 137 155
138 154 139 155
140 154 141 155
142 154 143 155
144 154 145 155
146 154 147 155
148 154 149 155
150 154 151 155
152 154 153 155
154 154 155 155
156 154 157 155
158 154 159 155
0 156 1 157
2 156 3 157
4 156 5 157
6 156 7 157
8 156 9 157
10 156 11 157
12 156 13 157
14 156 15 157
16 156 17 157
18 156 19 157
20 156 21 157
22 156 23 157
24 156 25 157
26 156 27 157
28 156 29 157
30 156 31 157
32 156 33 157
34 156 35 157
36 156 37 157
38 156 39 157
40 156 41 157
42 156 43 157
44 156 45 157
46 156 47 157
48 156 49 157
50 156 51 157
52 156 53 157
54 156 55 157
56 156 57 157
58 156 59 157
60 156 61 157
62 156 63 157
64 156 65 157
66 156 67 157
68 156 69 157
70 156 71 157
72 156 73 157
74 156 75 157
76 156 77 157
78 156 79 157
80 156 81 157
82 156 83 157
84 156 85 157
86 156 87 157
88 156 89 157
90 156 91 157
92 156 93 157
94 156 95 157
96 156 97 157
98 156 99 157
100 156 101 157
102 156 103 157
104 156 105 157
106 156 107 157
108 156 109 157
110 156 111 157
112 156 113 157
114 156 115 157
116 156 117 157
118 156 119 157
120 156 121 157
122 156 123 157
124 156 125 157
126 156 127 157
128 156 129 157
130 156 131 157
132 156 133 157
134 156 135 157
136 156 137 157
138 156 139 157
140 156 141 157
142 156 143 157
144 156 145 157
146 156 147 157
148 156 149 157
150 156 151 157
152 156 153 157
154 156 155 157
156 156 157 157
158 156 159 157
0 158 1 159
2 158 3 159
4 158 5 159
6 158 7 159
8 158 9 159
10 158 11 159
12 158 13 159
14 158 15 159
16 158 17 159
18 158 19 159
20 158 21 159
22 158 23 159
24 158 25 159
26 158 27 159
28 158 29 159
30 158 31 159
32 158 33 159
34 158 35 159
36 158 37 159
38 158 39 159
40 158 41 159
42 158 43 159
44 158 45 159
46 158 47 159
48 158 49 159
50 158 51 159
52 158 53 159
54 158 55 159
56 158 57 159
58 158 59 159
60 158 61 159
62 158 63 159
64 158 65 159
66 158 67 159
68 158 69 159
70 158 71 159
72 158 73 159
74 158 75 159
76 158 77 159
78 158 79 159
80 158 81 159
82 158 83 159
84 158 85 159
86 158 87 159
88 158 89 159
90 158 91 159
92 158 93 159
94 158 95 159
96 158 97 159
98 158 99 159
100 158 101 159
102 158 103 159
104 158 105 159
106 158 107 159
108 158 109 159
110 158 111 159
112 158 113 159
114 158 115 159
116 158 117 159
118 158 119 159
120 158 121 159
122 158 123 159
124 158 125 159
126 158 127 159
128 158 129 159
130 158 131 159
132 158 133 159
134 158 135 159
136 158 137 159
138 158 139 159
140 158 141 159
142 158 143 159
144 158 145 159
146 158 147 159
148 158 149 159
150 158 151 159
152 158 153 159
154 158 155 159
156 158 157 159
158 158 159 159
