145
0 0 3 3
6 0 9 3
12 0 15 3
18 0 21 3
24 0 27 3
30 0 33 3
36 0 39 3
42 0 45 3
0 6 3 9
6 6 9 9
12 6 15 9
18 6 21 9
24 6 27 9
30 6 33 9
36 6 39 9
42 6 45 9
0 12 3 15
6 12 9 15
12 12 15 15
18 12 21 15
24 12 27 15
30 12 33 15
36 12 39 15
42 12 45 15
0 18 3 21
6 18 9 21
12 18 15 21
18 18 21 21
24 18 27 21
30 18 33 21
36 18 39 21
42 18 45 21
0 24 3 27
6 24 9 27
12 24 15 27
18 24 21 27
24 24 27 27
30 24 33 27
36 24 39 27
42 24 45 27
0 30 3 33
6 30 9 33
12 30 15 33
18 30 21 33
24 30 27 33
30 30 33 33
36 30 39 33
42 30 45 33
0 0 3 3
7 0 10 3
14 0 17 3
21 0 24 3
28 0 31 3
35 0 38 3
42 0 45 3
0 7 3 10
7 7 10 10
14 7 17 10
21 7 24 10
28 7 31 10
35 7 38 10
42 7 45 10
0 14 3 17
7 14 10 17
14 14 17 17
21 14 24 17
28 14 31 17
35 14 38 17
42 14 45 17
0 21 3 24
7 21 10 24
14 21 17 24
21 21 24 24
28 21 31 24
35 21 38 24
42 21 45 24
0 28 3 31
7 28 10 31
14 28 17 31
21 28 24 31
28 28 31 31
35 28 38 31
42 28 45 31
0 35 3 38
7 35 10 38
14 35 17 38
21 35 24 38
28 35 31 38
35 35 38 38
42 35 45 38
0 42 3 45
7 42 10 45
14 42 17 45
21 42 24 45
28 42 31 45
35 42 38 45
42 42 45 45
0 0 3 3
8 0 11 3
16 0 19 3
24 0 27 3
32 0 35 3
40 0 43 3
0 8 3 11
8 8 11 11
16 8 19 11
24 8 27 11
32 8 35 11
40 8 43 11
0 16 3 19
8 16 11 19
16 16 19 19
24 16 27 19
32 16 35 19
40 16 43 19
0 24 3 27
8 24 11 27
16 24 19 27
24 24 27 27
32 24 35 27
40 24 43 27
0 32 3 35
8 32 11 35
16 32 19 35
24 32 27 35
32 32 35 35
40 32 43 35
0 40 3 43
8 40 11 43
16 40 19 43
24 40 27 43
32 40 35 43
40 40 43 43
0 48 3 51
8 48 11 51
16 48 19 51
24 48 27 51
32 48 35 51
40 48 43 51
0 56 3 59
8 56 11 59
16 56 19 59
24 56 27 59
32 56 35 59
40 56 43 59
