80
0 0 1 1
5 5 6 6
10 10 11 11
15 15 16 16
20 20 21 21
25 25 26 26
30 30 31 31
35 35 36 36
40 40 41 41
45 45 46 46
50 50 51 51
55 55 56 56
60 60 61 61
65 65 66 66
70 70 71 71
75 75 76 76
80 80 81 81
85 85 86 86
90 90 91 91
95 95 96 96
0 0 1 1
9 9 10 10
18 18 19 19
27 27 28 28
36 36 37 37
45 45 46 46
54 54 55 55
63 63 64 64
72 72 73 73
81 81 82 82
90 90 91 91
99 99 100 100
108 108 109 109
117 117 118 118
126 126 127 127
135 135 136 136
144 144 145 145
153 153 154 154
162 162 163 163
171 171 172 172
0 0 1 1
13 13 14 14
26 26 27 27
39 39 40 40
52 52 53 53
65 65 66 66
78 78 79 79
91 91 92 92
104 104 105 105
117 117 118 118
130 130 131 131
143 143 144 144
156 156 157 157
169 169 170 170
182 182 183 183
195 195 196 196
208 208 209 209
221 221 222 222
234 234 235 235
247 247 248 248
0 0 1 1
17 17 18 18
34 34 35 35
51 51 52 52
68 68 69 69
85 85 86 86
102 102 103 103
119 119 120 120
136 136 137 137
153 153 154 154
170 170 171 171
187 187 188 188
204 204 205 205
221 221 222 222
238 238 239 239
255 255 256 256
272 272 273 273
289 289 290 290
306 306 307 307
323 323 324 324
