2800
0 0 1 1
7 0 8 4
14 0 15 7
21 0 22 10
28 0 29 13
35 0 36 16
42 0 43 19
49 0 50 22
56 0 57 25
63 0 64 28
70 0 71 31
77 0 78 34
84 0 85 37
91 0 92 40
98 0 99 43
105 0 106 46
112 0 113 49
119 0 120 52
126 0 127 55
133 0 134 58
140 0 141 61
147 0 148 64
154 0 155 67
161 0 162 70
168 0 169 73
175 0 176 76
182 0 183 79
189 0 190 82
196 0 197 85
203 0 204 88
210 0 211 91
217 0 218 94
224 0 225 97
231 0 232 100
238 0 239 103
245 0 246 106
252 0 253 109
259 0 260 112
266 0 267 115
273 0 274 118
280 0 281 121
287 0 288 124
294 0 295 127
301 0 302 130
308 0 309 133
315 0 316 136
322 0 323 139
329 0 330 142
336 0 337 145
343 0 344 148
350 0 351 151
357 0 358 154
364 0 365 157
371 0 372 160
378 0 379 163
385 0 386 166
392 0 393 169
399 0 400 172
406 0 407 175
413 0 414 178
420 0 421 181
427 0 428 184
434 0 435 187
441 0 442 190
448 0 449 193
455 0 456 196
462 0 463 199
469 0 470 202
476 0 477 205
483 0 484 208
490 0 491 211
497 0 498 214
504 0 505 217
511 0 512 220
518 0 519 223
525 0 526 226
532 0 533 229
539 0 540 232
546 0 547 235
553 0 554 238
560 0 561 241
567 0 568 244
574 0 575 247
581 0 582 250
588 0 589 253
595 0 596 256
602 0 603 259
609 0 610 262
616 0 617 265
623 0 624 268
630 0 631 271
637 0 638 274
644 0 645 277
651 0 652 280
658 0 659 283
665 0 666 286
672 0 673 289
679 0 680 292
686 0 687 295
693 0 694 298
700 0 701 301
707 0 708 304
714 0 715 307
721 0 722 310
728 0 729 313
735 0 736 316
742 0 743 319
749 0 750 322
756 0 757 325
763 0 764 328
770 0 771 331
777 0 778 334
784 0 785 337
791 0 792 340
798 0 799 343
805 0 806 346
812 0 813 349
819 0 820 352
826 0 827 355
833 0 834 358
840 0 841 361
847 0 848 364
854 0 855 367
861 0 862 370
868 0 869 373
875 0 876 376
882 0 883 379
889 0 890 382
896 0 897 385
903 0 904 388
910 0 911 391
917 0 918 394
924 0 925 397
931 0 932 400
938 0 939 403
945 0 946 406
952 0 953 409
959 0 960 412
966 0 967 415
973 0 974 418
980 0 981 421
987 0 988 424
994 0 995 427
1001 0 1002 430
1008 0 1009 433
1015 0 1016 436
1022 0 1023 439
1029 0 1030 442
1036 0 1037 445
1043 0 1044 448
1050 0 1051 451
1057 0 1058 454
1064 0 1065 457
1071 0 1072 460
1078 0 1079 463
1085 0 1086 466
1092 0 1093 469
1099 0 1100 472
1106 0 1107 475
1113 0 1114 478
1120 0 1121 481
1127 0 1128 484
1134 0 1135 487
1141 0 1142 490
1148 0 1149 493
1155 0 1156 496
1162 0 1163 499
1169 0 1170 502
1176 0 1177 505
1183 0 1184 508
1190 0 1191 511
1197 0 1198 514
1204 0 1205 517
1211 0 1212 520
1218 0 1219 523
1225 0 1226 526
1232 0 1233 529
1239 0 1240 532
1246 0 1247 535
1253 0 1254 538
1260 0 1261 541
1267 0 1268 544
1274 0 1275 547
1281 0 1282 550
1288 0 1289 553
1295 0 1296 556
1302 0 1303 559
1309 0 1310 562
1316 0 1317 565
1323 0 1324 568
1330 0 1331 571
1337 0 1338 574
1344 0 1345 577
1351 0 1352 580
1358 0 1359 583
1365 0 1366 586
1372 0 1373 589
1379 0 1380 592
1386 0 1387 595
1393 0 1394 598
1400 0 1401 601
1407 0 1408 604
1414 0 1415 607
1421 0 1422 610
1428 0 1429 613
1435 0 1436 616
1442 0 1443 619
1449 0 1450 622
1456 0 1457 625
1463 0 1464 628
1470 0 1471 631
1477 0 1478 634
1484 0 1485 637
1491 0 1492 640
1498 0 1499 643
1505 0 1506 646
1512 0 1513 649
1519 0 1520 652
1526 0 1527 655
1533 0 1534 658
1540 0 1541 661
1547 0 1548 664
1554 0 1555 667
1561 0 1562 670
1568 0 1569 673
1575 0 1576 676
1582 0 1583 679
1589 0 1590 682
1596 0 1597 685
1603 0 1604 688
1610 0 1611 691
1617 0 1618 694
1624 0 1625 697
1631 0 1632 700
1638 0 1639 703
1645 0 1646 706
1652 0 1653 709
1659 0 1660 712
1666 0 1667 715
1673 0 1674 718
1680 0 1681 721
1687 0 1688 724
1694 0 1695 727
1701 0 1702 730
1708 0 1709 733
1715 0 1716 736
1722 0 1723 739
1729 0 1730 742
1736 0 1737 745
1743 0 1744 748
1750 0 1751 751
1757 0 1758 754
1764 0 1765 757
1771 0 1772 760
1778 0 1779 763
1785 0 1786 766
1792 0 1793 769
1799 0 1800 772
1806 0 1807 775
1813 0 1814 778
1820 0 1821 781
1827 0 1828 784
1834 0 1835 787
1841 0 1842 790
1848 0 1849 793
1855 0 1856 796
1862 0 1863 799
1869 0 1870 802
1876 0 1877 805
1883 0 1884 808
1890 0 1891 811
1897 0 1898 814
1904 0 1905 817
1911 0 1912 820
1918 0 1919 823
1925 0 1926 826
1932 0 1933 829
1939 0 1940 832
1946 0 1947 835
1953 0 1954 838
1960 0 1961 841
1967 0 1968 844
1974 0 1975 847
1981 0 1982 850
1988 0 1989 853
1995 0 1996 856
2002 0 2003 859
2009 0 2010 862
2016 0 2017 865
2023 0 2024 868
2030 0 2031 871
2037 0 2038 874
2044 0 2045 877
2051 0 2052 880
2058 0 2059 883
2065 0 2066 886
2072 0 2073 889
2079 0 2080 892
2086 0 2087 895
2093 0 2094 898
2100 0 2101 901
2107 0 2108 904
2114 0 2115 907
2121 0 2122 910
2128 0 2129 913
2135 0 2136 916
2142 0 2143 919
2149 0 2150 922
2156 0 2157 925
2163 0 2164 928
2170 0 2171 931
2177 0 2178 934
2184 0 2185 937
2191 0 2192 940
2198 0 2199 943
2205 0 2206 946
2212 0 2213 949
2219 0 2220 952
2226 0 2227 955
2233 0 2234 958
2240 0 2241 961
2247 0 2248 964
2254 0 2255 967
2261 0 2262 970
2268 0 2269 973
2275 0 2276 976
2282 0 2283 979
2289 0 2290 982
2296 0 2297 985
2303 0 2304 988
2310 0 2311 991
2317 0 2318 994
2324 0 2325 997
2331 0 2332 1000
2338 0 2339 1003
2345 0 2346 1006
2352 0 2353 1009
2359 0 2360 1012
2366 0 2367 1015
2373 0 2374 1018
2380 0 2381 1021
2387 0 2388 1024
2394 0 2395 1027
2401 0 2402 1030
2408 0 2409 1033
2415 0 2416 1036
2422 0 2423 1039
2429 0 2430 1042
2436 0 2437 1045
2443 0 2444 1048
2450 0 2451 1051
2457 0 2458 1054
2464 0 2465 1057
2471 0 2472 1060
2478 0 2479 1063
2485 0 2486 1066
2492 0 2493 1069
2499 0 2500 1072
2506 0 2507 1075
2513 0 2514 1078
2520 0 2521 1081
2527 0 2528 1084
2534 0 2535 1087
2541 0 2542 1090
2548 0 2549 1093
2555 0 2556 1096
2562 0 2563 1099
2569 0 2570 1102
2576 0 2577 1105
2583 0 2584 1108
2590 0 2591 1111
2597 0 2598 1114
2604 0 2605 1117
2611 0 2612 1120
2618 0 2619 1123
2625 0 2626 1126
2632 0 2633 1129
2639 0 2640 1132
2646 0 2647 1135
2653 0 2654 1138
2660 0 2661 1141
2667 0 2668 1144
2674 0 2675 1147
2681 0 2682 1150
2688 0 2689 1153
2695 0 2696 1156
2702 0 2703 1159
2709 0 2710 1162
2716 0 2717 1165
2723 0 2724 1168
2730 0 2731 1171
2737 0 2738 1174
2744 0 2745 1177
2751 0 2752 1180
2758 0 2759 1183
2765 0 2766 1186
2772 0 2773 1189
2779 0 2780 1192
2786 0 2787 1195
2793 0 2794 1198
2800 0 2801 1201
2807 0 2808 1204
2814 0 2815 1207
2821 0 2822 1210
2828 0 2829 1213
2835 0 2836 1216
2842 0 2843 1219
2849 0 2850 1222
2856 0 2857 1225
2863 0 2864 1228
2870 0 2871 1231
2877 0 2878 1234
2884 0 2885 1237
2891 0 2892 1240
2898 0 2899 1243
2905 0 2906 1246
2912 0 2913 1249
2919 0 2920 1252
2926 0 2927 1255
2933 0 2934 1258
2940 0 2941 1261
2947 0 2948 1264
2954 0 2955 1267
2961 0 2962 1270
2968 0 2969 1273
2975 0 2976 1276
2982 0 2983 1279
2989 0 2990 1282
2996 0 2997 1285
3003 0 3004 1288
3010 0 3011 1291
3017 0 3018 1294
3024 0 3025 1297
3031 0 3032 1300
3038 0 3039 1303
3045 0 3046 1306
3052 0 3053 1309
3059 0 3060 1312
3066 0 3067 1315
3073 0 3074 1318
3080 0 3081 1321
3087 0 3088 1324
3094 0 3095 1327
3101 0 3102 1330
3108 0 3109 1333
3115 0 3116 1336
3122 0 3123 1339
3129 0 3130 1342
3136 0 3137 1345
3143 0 3144 1348
3150 0 3151 1351
3157 0 3158 1354
3164 0 3165 1357
3171 0 3172 1360
3178 0 3179 1363
3185 0 3186 1366
3192 0 3193 1369
3199 0 3200 1372
3206 0 3207 1375
3213 0 3214 1378
3220 0 3221 1381
3227 0 3228 1384
3234 0 3235 1387
3241 0 3242 1390
3248 0 3249 1393
3255 0 3256 1396
3262 0 3263 1399
3269 0 3270 1402
3276 0 3277 1405
3283 0 3284 1408
3290 0 3291 1411
3297 0 3298 1414
3304 0 3305 1417
3311 0 3312 1420
3318 0 3319 1423
3325 0 3326 1426
3332 0 3333 1429
3339 0 3340 1432
3346 0 3347 1435
3353 0 3354 1438
3360 0 3361 1441
3367 0 3368 1444
3374 0 3375 1447
3381 0 3382 1450
3388 0 3389 1453
3395 0 3396 1456
3402 0 3403 1459
3409 0 3410 1462
3416 0 3417 1465
3423 0 3424 1468
3430 0 3431 1471
3437 0 3438 1474
3444 0 3445 1477
3451 0 3452 1480
3458 0 3459 1483
3465 0 3466 1486
3472 0 3473 1489
3479 0 3480 1492
3486 0 3487 1495
3493 0 3494 1498
3500 0 3501 1501
3507 0 3508 1504
3514 0 3515 1507
3521 0 3522 1510
3528 0 3529 1513
3535 0 3536 1516
3542 0 3543 1519
3549 0 3550 1522
3556 0 3557 1525
3563 0 3564 1528
3570 0 3571 1531
3577 0 3578 1534
3584 0 3585 1537
3591 0 3592 1540
3598 0 3599 1543
3605 0 3606 1546
3612 0 3613 1549
3619 0 3620 1552
3626 0 3627 1555
3633 0 3634 1558
3640 0 3641 1561
3647 0 3648 1564
3654 0 3655 1567
3661 0 3662 1570
3668 0 3669 1573
3675 0 3676 1576
3682 0 3683 1579
3689 0 3690 1582
3696 0 3697 1585
3703 0 3704 1588
3710 0 3711 1591
3717 0 3718 1594
3724 0 3725 1597
3731 0 3732 1600
3738 0 3739 1603
3745 0 3746 1606
3752 0 3753 1609
3759 0 3760 1612
3766 0 3767 1615
3773 0 3774 1618
3780 0 3781 1621
3787 0 3788 1624
3794 0 3795 1627
3801 0 3802 1630
3808 0 3809 1633
3815 0 3816 1636
3822 0 3823 1639
3829 0 3830 1642
3836 0 3837 1645
3843 0 3844 1648
3850 0 3851 1651
3857 0 3858 1654
3864 0 3865 1657
3871 0 3872 1660
3878 0 3879 1663
3885 0 3886 1666
3892 0 3893 1669
3899 0 3900 1672
3906 0 3907 1675
3913 0 3914 1678
3920 0 3921 1681
3927 0 3928 1684
3934 0 3935 1687
3941 0 3942 1690
3948 0 3949 1693
3955 0 3956 1696
3962 0 3963 1699
3969 0 3970 1702
3976 0 3977 1705
3983 0 3984 1708
3990 0 3991 1711
3997 0 3998 1714
4004 0 4005 1717
4011 0 4012 1720
4018 0 4019 1723
4025 0 4026 1726
4032 0 4033 1729
4039 0 4040 1732
4046 0 4047 1735
4053 0 4054 1738
4060 0 4061 1741
4067 0 4068 1744
4074 0 4075 1747
4081 0 4082 1750
4088 0 4089 1753
4095 0 4096 1756
4102 0 4103 1759
4109 0 4110 1762
4116 0 4117 1765
4123 0 4124 1768
4130 0 4131 1771
4137 0 4138 1774
4144 0 4145 1777
4151 0 4152 1780
4158 0 4159 1783
4165 0 4166 1786
4172 0 4173 1789
4179 0 4180 1792
4186 0 4187 1795
4193 0 4194 1798
4200 0 4201 1801
4207 0 4208 1804
4214 0 4215 1807
4221 0 4222 1810
4228 0 4229 1813
4235 0 4236 1816
4242 0 4243 1819
4249 0 4250 1822
4256 0 4257 1825
4263 0 4264 1828
4270 0 4271 1831
4277 0 4278 1834
4284 0 4285 1837
4291 0 4292 1840
4298 0 4299 1843
4305 0 4306 1846
4312 0 4313 1849
4319 0 4320 1852
4326 0 4327 1855
4333 0 4334 1858
4340 0 4341 1861
4347 0 4348 1864
4354 0 4355 1867
4361 0 4362 1870
4368 0 4369 1873
4375 0 4376 1876
4382 0 4383 1879
4389 0 4390 1882
4396 0 4397 1885
4403 0 4404 1888
4410 0 4411 1891
4417 0 4418 1894
4424 0 4425 1897
4431 0 4432 1900
4438 0 4439 1903
4445 0 4446 1906
4452 0 4453 1909
4459 0 4460 1912
4466 0 4467 1915
4473 0 4474 1918
4480 0 4481 1921
4487 0 4488 1924
4494 0 4495 1927
4501 0 4502 1930
4508 0 4509 1933
4515 0 4516 1936
4522 0 4523 1939
4529 0 4530 1942
4536 0 4537 1945
4543 0 4544 1948
4550 0 4551 1951
4557 0 4558 1954
4564 0 4565 1957
4571 0 4572 1960
4578 0 4579 1963
4585 0 4586 1966
4592 0 4593 1969
4599 0 4600 1972
4606 0 4607 1975
4613 0 4614 1978
4620 0 4621 1981
4627 0 4628 1984
4634 0 4635 1987
4641 0 4642 1990
4648 0 4649 1993
4655 0 4656 1996
4662 0 4663 1999
4669 0 4670 2002
4676 0 4677 2005
4683 0 4684 2008
4690 0 4691 2011
4697 0 4698 2014
4704 0 4705 2017
4711 0 4712 2020
4718 0 4719 2023
4725 0 4726 2026
4732 0 4733 2029
4739 0 4740 2032
4746 0 4747 2035
4753 0 4754 2038
4760 0 4761 2041
4767 0 4768 2044
4774 0 4775 2047
4781 0 4782 2050
4788 0 4789 2053
4795 0 4796 2056
4802 0 4803 2059
4809 0 4810 2062
4816 0 4817 2065
4823 0 4824 2068
4830 0 4831 2071
4837 0 4838 2074
4844 0 4845 2077
4851 0 4852 2080
4858 0 4859 2083
4865 0 4866 2086
4872 0 4873 2089
4879 0 4880 2092
4886 0 4887 2095
4893 0 4894 2098
4900 0 4901 2101
4907 0 4908 2104
4914 0 4915 2107
4921 0 4922 2110
4928 0 4929 2113
4935 0 4936 2116
4942 0 4943 2119
4949 0 4950 2122
4956 0 4957 2125
4963 0 4964 2128
4970 0 4971 2131
4977 0 4978 2134
4984 0 4985 2137
4991 0 4992 2140
4998 0 4999 2143
5005 0 5006 2146
5012 0 5013 2149
5019 0 5020 2152
5026 0 5027 2155
5033 0 5034 2158
5040 0 5041 2161
5047 0 5048 2164
5054 0 5055 2167
5061 0 5062 2170
5068 0 5069 2173
5075 0 5076 2176
5082 0 5083 2179
5089 0 5090 2182
5096 0 5097 2185
5103 0 5104 2188
5110 0 5111 2191
5117 0 5118 2194
5124 0 5125 2197
5131 0 5132 2200
5138 0 5139 2203
5145 0 5146 2206
5152 0 5153 2209
5159 0 5160 2212
5166 0 5167 2215
5173 0 5174 2218
5180 0 5181 2221
5187 0 5188 2224
5194 0 5195 2227
5201 0 5202 2230
5208 0 5209 2233
5215 0 5216 2236
5222 0 5223 2239
5229 0 5230 2242
5236 0 5237 2245
5243 0 5244 2248
5250 0 5251 2251
5257 0 5258 2254
5264 0 5265 2257
5271 0 5272 2260
5278 0 5279 2263
5285 0 5286 2266
5292 0 5293 2269
5299 0 5300 2272
5306 0 5307 2275
5313 0 5314 2278
5320 0 5321 2281
5327 0 5328 2284
5334 0 5335 2287
5341 0 5342 2290
5348 0 5349 2293
5355 0 5356 2296
5362 0 5363 2299
5369 0 5370 2302
5376 0 5377 2305
5383 0 5384 2308
5390 0 5391 2311
5397 0 5398 2314
5404 0 5405 2317
5411 0 5412 2320
5418 0 5419 2323
5425 0 5426 2326
5432 0 5433 2329
5439 0 5440 2332
5446 0 5447 2335
5453 0 5454 2338
5460 0 5461 2341
5467 0 5468 2344
5474 0 5475 2347
5481 0 5482 2350
5488 0 5489 2353
5495 0 5496 2356
5502 0 5503 2359
5509 0 5510 2362
5516 0 5517 2365
5523 0 5524 2368
5530 0 5531 2371
5537 0 5538 2374
5544 0 5545 2377
5551 0 5552 2380
5558 0 5559 2383
5565 0 5566 2386
5572 0 5573 2389
5579 0 5580 2392
5586 0 5587 2395
5593 0 5594 2398
5600 0 5601 2401
5607 0 5608 2404
5614 0 5615 2407
5621 0 5622 2410
5628 0 5629 2413
5635 0 5636 2416
5642 0 5643 2419
5649 0 5650 2422
5656 0 5657 2425
5663 0 5664 2428
5670 0 5671 2431
5677 0 5678 2434
5684 0 5685 2437
5691 0 5692 2440
5698 0 5699 2443
5705 0 5706 2446
5712 0 5713 2449
5719 0 5720 2452
5726 0 5727 2455
5733 0 5734 2458
5740 0 5741 2461
5747 0 5748 2464
5754 0 5755 2467
5761 0 5762 2470
5768 0 5769 2473
5775 0 5776 2476
5782 0 5783 2479
5789 0 5790 2482
5796 0 5797 2485
5803 0 5804 2488
5810 0 5811 2491
5817 0 5818 2494
5824 0 5825 2497
5831 0 5832 2500
5838 0 5839 2503
5845 0 5846 2506
5852 0 5853 2509
5859 0 5860 2512
5866 0 5867 2515
5873 0 5874 2518
5880 0 5881 2521
5887 0 5888 2524
5894 0 5895 2527
5901 0 5902 2530
5908 0 5909 2533
5915 0 5916 2536
5922 0 5923 2539
5929 0 5930 2542
5936 0 5937 2545
5943 0 5944 2548
5950 0 5951 2551
5957 0 5958 2554
5964 0 5965 2557
5971 0 5972 2560
5978 0 5979 2563
5985 0 5986 2566
5992 0 5993 2569
5999 0 6000 2572
6006 0 6007 2575
6013 0 6014 2578
6020 0 6021 2581
6027 0 6028 2584
6034 0 6035 2587
6041 0 6042 2590
6048 0 6049 2593
6055 0 6056 2596
6062 0 6063 2599
6069 0 6070 2602
6076 0 6077 2605
6083 0 6084 2608
6090 0 6091 2611
6097 0 6098 2614
6104 0 6105 2617
6111 0 6112 2620
6118 0 6119 2623
6125 0 6126 2626
6132 0 6133 2629
6139 0 6140 2632
6146 0 6147 2635
6153 0 6154 2638
6160 0 6161 2641
6167 0 6168 2644
6174 0 6175 2647
6181 0 6182 2650
6188 0 6189 2653
6195 0 6196 2656
6202 0 6203 2659
6209 0 6210 2662
6216 0 6217 2665
6223 0 6224 2668
6230 0 6231 2671
6237 0 6238 2674
6244 0 6245 2677
6251 0 6252 2680
6258 0 6259 2683
6265 0 6266 2686
6272 0 6273 2689
6279 0 6280 2692
6286 0 6287 2695
6293 0 6294 2698
6300 0 6301 2701
6307 0 6308 2704
6314 0 6315 2707
6321 0 6322 2710
6328 0 6329 2713
6335 0 6336 2716
6342 0 6343 2719
6349 0 6350 2722
6356 0 6357 2725
6363 0 6364 2728
6370 0 6371 2731
6377 0 6378 2734
6384 0 6385 2737
6391 0 6392 2740
6398 0 6399 2743
6405 0 6406 2746
6412 0 6413 2749
6419 0 6420 2752
6426 0 6427 2755
6433 0 6434 2758
6440 0 6441 2761
6447 0 6448 2764
6454 0 6455 2767
6461 0 6462 2770
6468 0 6469 2773
6475 0 6476 2776
6482 0 6483 2779
6489 0 6490 2782
6496 0 6497 2785
6503 0 6504 2788
6510 0 6511 2791
6517 0 6518 2794
6524 0 6525 2797
6531 0 6532 2800
6538 0 6539 2803
6545 0 6546 2806
6552 0 6553 2809
6559 0 6560 2812
6566 0 6567 2815
6573 0 6574 2818
6580 0 6581 2821
6587 0 6588 2824
6594 0 6595 2827
6601 0 6602 2830
6608 0 6609 2833
6615 0 6616 2836
6622 0 6623 2839
6629 0 6630 2842
6636 0 6637 2845
6643 0 6644 2848
6650 0 6651 2851
6657 0 6658 2854
6664 0 6665 2857
6671 0 6672 2860
6678 0 6679 2863
6685 0 6686 2866
6692 0 6693 2869
6699 0 6700 2872
6706 0 6707 2875
6713 0 6714 2878
6720 0 6721 2881
6727 0 6728 2884
6734 0 6735 2887
6741 0 6742 2890
6748 0 6749 2893
6755 0 6756 2896
6762 0 6763 2899
6769 0 6770 2902
6776 0 6777 2905
6783 0 6784 2908
6790 0 6791 2911
6797 0 6798 2914
6804 0 6805 2917
6811 0 6812 2920
6818 0 6819 2923
6825 0 6826 2926
6832 0 6833 2929
6839 0 6840 2932
6846 0 6847 2935
6853 0 6854 2938
6860 0 6861 2941
6867 0 6868 2944
6874 0 6875 2947
6881 0 6882 2950
6888 0 6889 2953
6895 0 6896 2956
6902 0 6903 2959
6909 0 6910 2962
6916 0 6917 2965
6923 0 6924 2968
6930 0 6931 2971
6937 0 6938 2974
6944 0 6945 2977
6951 0 6952 2980
6958 0 6959 2983
6965 0 6966 2986
6972 0 6973 2989
6979 0 6980 2992
6986 0 6987 2995
6993 0 6994 2998
7000 0 7001 3001
7007 0 7008 3004
7014 0 7015 3007
7021 0 7022 3010
7028 0 7029 3013
7035 0 7036 3016
7042 0 7043 3019
7049 0 7050 3022
7056 0 7057 3025
7063 0 7064 3028
7070 0 7071 3031
7077 0 7078 3034
7084 0 7085 3037
7091 0 7092 3040
7098 0 7099 3043
7105 0 7106 3046
7112 0 7113 3049
7119 0 7120 3052
7126 0 7127 3055
7133 0 7134 3058
7140 0 7141 3061
7147 0 7148 3064
7154 0 7155 3067
7161 0 7162 3070
7168 0 7169 3073
7175 0 7176 3076
7182 0 7183 3079
7189 0 7190 3082
7196 0 7197 3085
7203 0 7204 3088
7210 0 7211 3091
7217 0 7218 3094
7224 0 7225 3097
7231 0 7232 3100
7238 0 7239 3103
7245 0 7246 3106
7252 0 7253 3109
7259 0 7260 3112
7266 0 7267 3115
7273 0 7274 3118
7280 0 7281 3121
7287 0 7288 3124
7294 0 7295 3127
7301 0 7302 3130
7308 0 7309 3133
7315 0 7316 3136
7322 0 7323 3139
7329 0 7330 3142
7336 0 7337 3145
7343 0 7344 3148
7350 0 7351 3151
7357 0 7358 3154
7364 0 7365 3157
7371 0 7372 3160
7378 0 7379 3163
7385 0 7386 3166
7392 0 7393 3169
7399 0 7400 3172
7406 0 7407 3175
7413 0 7414 3178
7420 0 7421 3181
7427 0 7428 3184
7434 0 7435 3187
7441 0 7442 3190
7448 0 7449 3193
7455 0 7456 3196
7462 0 7463 3199
7469 0 7470 3202
7476 0 7477 3205
7483 0 7484 3208
7490 0 7491 3211
7497 0 7498 3214
7504 0 7505 3217
7511 0 7512 3220
7518 0 7519 3223
7525 0 7526 3226
7532 0 7533 3229
7539 0 7540 3232
7546 0 7547 3235
7553 0 7554 3238
7560 0 7561 3241
7567 0 7568 3244
7574 0 7575 3247
7581 0 7582 3250
7588 0 7589 3253
7595 0 7596 3256
7602 0 7603 3259
7609 0 7610 3262
7616 0 7617 3265
7623 0 7624 3268
7630 0 7631 3271
7637 0 7638 3274
7644 0 7645 3277
7651 0 7652 3280
7658 0 7659 3283
7665 0 7666 3286
7672 0 7673 3289
7679 0 7680 3292
7686 0 7687 3295
7693 0 7694 3298
7700 0 7701 3301
7707 0 7708 3304
7714 0 7715 3307
7721 0 7722 3310
7728 0 7729 3313
7735 0 7736 3316
7742 0 7743 3319
7749 0 7750 3322
7756 0 7757 3325
7763 0 7764 3328
7770 0 7771 3331
7777 0 7778 3334
7784 0 7785 3337
7791 0 7792 3340
7798 0 7799 3343
7805 0 7806 3346
7812 0 7813 3349
7819 0 7820 3352
7826 0 7827 3355
7833 0 7834 3358
7840 0 7841 3361
7847 0 7848 3364
7854 0 7855 3367
7861 0 7862 3370
7868 0 7869 3373
7875 0 7876 3376
7882 0 7883 3379
7889 0 7890 3382
7896 0 7897 3385
7903 0 7904 3388
7910 0 7911 3391
7917 0 7918 3394
7924 0 7925 3397
7931 0 7932 3400
7938 0 7939 3403
7945 0 7946 3406
7952 0 7953 3409
7959 0 7960 3412
7966 0 7967 3415
7973 0 7974 3418
7980 0 7981 3421
7987 0 7988 3424
7994 0 7995 3427
8001 0 8002 3430
8008 0 8009 3433
8015 0 8016 3436
8022 0 8023 3439
8029 0 8030 3442
8036 0 8037 3445
8043 0 8044 3448
8050 0 8051 3451
8057 0 8058 3454
8064 0 8065 3457
8071 0 8072 3460
8078 0 8079 3463
8085 0 8086 3466
8092 0 8093 3469
8099 0 8100 3472
8106 0 8107 3475
8113 0 8114 3478
8120 0 8121 3481
8127 0 8128 3484
8134 0 8135 3487
8141 0 8142 3490
8148 0 8149 3493
8155 0 8156 3496
8162 0 8163 3499
8169 0 8170 3502
8176 0 8177 3505
8183 0 8184 3508
8190 0 8191 3511
8197 0 8198 3514
8204 0 8205 3517
8211 0 8212 3520
8218 0 8219 3523
8225 0 8226 3526
8232 0 8233 3529
8239 0 8240 3532
8246 0 8247 3535
8253 0 8254 3538
8260 0 8261 3541
8267 0 8268 3544
8274 0 8275 3547
8281 0 8282 3550
8288 0 8289 3553
8295 0 8296 3556
8302 0 8303 3559
8309 0 8310 3562
8316 0 8317 3565
8323 0 8324 3568
8330 0 8331 3571
8337 0 8338 3574
8344 0 8345 3577
8351 0 8352 3580
8358 0 8359 3583
8365 0 8366 3586
8372 0 8373 3589
8379 0 8380 3592
8386 0 8387 3595
8393 0 8394 3598
8400 0 8401 3601
8407 0 8408 3604
8414 0 8415 3607
8421 0 8422 3610
8428 0 8429 3613
8435 0 8436 3616
8442 0 8443 3619
8449 0 8450 3622
8456 0 8457 3625
8463 0 8464 3628
8470 0 8471 3631
8477 0 8478 3634
8484 0 8485 3637
8491 0 8492 3640
8498 0 8499 3643
8505 0 8506 3646
8512 0 8513 3649
8519 0 8520 3652
8526 0 8527 3655
8533 0 8534 3658
8540 0 8541 3661
8547 0 8548 3664
8554 0 8555 3667
8561 0 8562 3670
8568 0 8569 3673
8575 0 8576 3676
8582 0 8583 3679
8589 0 8590 3682
8596 0 8597 3685
8603 0 8604 3688
8610 0 8611 3691
8617 0 8618 3694
8624 0 8625 3697
8631 0 8632 3700
8638 0 8639 3703
8645 0 8646 3706
8652 0 8653 3709
8659 0 8660 3712
8666 0 8667 3715
8673 0 8674 3718
8680 0 8681 3721
8687 0 8688 3724
8694 0 8695 3727
8701 0 8702 3730
8708 0 8709 3733
8715 0 8716 3736
8722 0 8723 3739
8729 0 8730 3742
8736 0 8737 3745
8743 0 8744 3748
8750 0 8751 3751
8757 0 8758 3754
8764 0 8765 3757
8771 0 8772 3760
8778 0 8779 3763
8785 0 8786 3766
8792 0 8793 3769
8799 0 8800 3772
8806 0 8807 3775
8813 0 8814 3778
8820 0 8821 3781
8827 0 8828 3784
8834 0 8835 3787
8841 0 8842 3790
8848 0 8849 3793
8855 0 8856 3796
8862 0 8863 3799
8869 0 8870 3802
8876 0 8877 3805
8883 0 8884 3808
8890 0 8891 3811
8897 0 8898 3814
8904 0 8905 3817
8911 0 8912 3820
8918 0 8919 3823
8925 0 8926 3826
8932 0 8933 3829
8939 0 8940 3832
8946 0 8947 3835
8953 0 8954 3838
8960 0 8961 3841
8967 0 8968 3844
8974 0 8975 3847
8981 0 8982 3850
8988 0 8989 3853
8995 0 8996 3856
9002 0 9003 3859
9009 0 9010 3862
9016 0 9017 3865
9023 0 9024 3868
9030 0 9031 3871
9037 0 9038 3874
9044 0 9045 3877
9051 0 9052 3880
9058 0 9059 3883
9065 0 9066 3886
9072 0 9073 3889
9079 0 9080 3892
9086 0 9087 3895
9093 0 9094 3898
9100 0 9101 3901
9107 0 9108 3904
9114 0 9115 3907
9121 0 9122 3910
9128 0 9129 3913
9135 0 9136 3916
9142 0 9143 3919
9149 0 9150 3922
9156 0 9157 3925
9163 0 9164 3928
9170 0 9171 3931
9177 0 9178 3934
9184 0 9185 3937
9191 0 9192 3940
9198 0 9199 3943
9205 0 9206 3946
9212 0 9213 3949
9219 0 9220 3952
9226 0 9227 3955
9233 0 9234 3958
9240 0 9241 3961
9247 0 9248 3964
9254 0 9255 3967
9261 0 9262 3970
9268 0 9269 3973
9275 0 9276 3976
9282 0 9283 3979
9289 0 9290 3982
9296 0 9297 3985
9303 0 9304 3988
9310 0 9311 3991
9317 0 9318 3994
9324 0 9325 3997
9331 0 9332 4000
9338 0 9339 4003
9345 0 9346 4006
9352 0 9353 4009
9359 0 9360 4012
9366 0 9367 4015
9373 0 9374 4018
9380 0 9381 4021
9387 0 9388 4024
9394 0 9395 4027
9401 0 9402 4030
9408 0 9409 4033
9415 0 9416 4036
9422 0 9423 4039
9429 0 9430 4042
9436 0 9437 4045
9443 0 9444 4048
9450 0 9451 4051
9457 0 9458 4054
9464 0 9465 4057
9471 0 9472 4060
9478 0 9479 4063
9485 0 9486 4066
9492 0 9493 4069
9499 0 9500 4072
9506 0 9507 4075
9513 0 9514 4078
9520 0 9521 4081
9527 0 9528 4084
9534 0 9535 4087
9541 0 9542 4090
9548 0 9549 4093
9555 0 9556 4096
9562 0 9563 4099
9569 0 9570 4102
9576 0 9577 4105
9583 0 9584 4108
9590 0 9591 4111
9597 0 9598 4114
9604 0 9605 4117
9611 0 9612 4120
9618 0 9619 4123
9625 0 9626 4126
9632 0 9633 4129
9639 0 9640 4132
9646 0 9647 4135
9653 0 9654 4138
9660 0 9661 4141
9667 0 9668 4144
9674 0 9675 4147
9681 0 9682 4150
9688 0 9689 4153
9695 0 9696 4156
9702 0 9703 4159
9709 0 9710 4162
9716 0 9717 4165
9723 0 9724 4168
9730 0 9731 4171
9737 0 9738 4174
9744 0 9745 4177
9751 0 9752 4180
9758 0 9759 4183
9765 0 9766 4186
9772 0 9773 4189
9779 0 9780 4192
9786 0 9787 4195
9793 0 9794 4198
0 0 1 1
0 2 6 3
0 4 11 5
0 6 16 7
0 8 21 9
0 10 26 11
0 12 31 13
0 14 36 15
0 16 41 17
0 18 46 19
0 20 51 21
0 22 56 23
0 24 61 25
0 26 66 27
0 28 71 29
0 30 76 31
0 32 81 33
0 34 86 35
0 36 91 37
0 38 96 39
0 40 101 41
0 42 106 43
0 44 111 45
0 46 116 47
0 48 121 49
0 50 126 51
0 52 131 53
0 54 136 55
0 56 141 57
0 58 146 59
0 60 151 61
0 62 156 63
0 64 161 65
0 66 166 67
0 68 171 69
0 70 176 71
0 72 181 73
0 74 186 75
0 76 191 77
0 78 196 79
0 80 201 81
0 82 206 83
0 84 211 85
0 86 216 87
0 88 221 89
0 90 226 91
0 92 231 93
0 94 236 95
0 96 241 97
0 98 246 99
0 100 251 101
0 102 256 103
0 104 261 105
0 106 266 107
0 108 271 109
0 110 276 111
0 112 281 113
0 114 286 115
0 116 291 117
0 118 296 119
0 120 301 121
0 122 306 123
0 124 311 125
0 126 316 127
0 128 321 129
0 130 326 131
0 132 331 133
0 134 336 135
0 136 341 137
0 138 346 139
0 140 351 141
0 142 356 143
0 144 361 145
0 146 366 147
0 148 371 149
0 150 376 151
0 152 381 153
0 154 386 155
0 156 391 157
0 158 396 159
0 160 401 161
0 162 406 163
0 164 411 165
0 166 416 167
0 168 421 169
0 170 426 171
0 172 431 173
0 174 436 175
0 176 441 177
0 178 446 179
0 180 451 181
0 182 456 183
0 184 461 185
0 186 466 187
0 188 471 189
0 190 476 191
0 192 481 193
0 194 486 195
0 196 491 197
0 198 496 199
0 200 501 201
0 202 506 203
0 204 511 205
0 206 516 207
0 208 521 209
0 210 526 211
0 212 531 213
0 214 536 215
0 216 541 217
0 218 546 219
0 220 551 221
0 222 556 223
0 224 561 225
0 226 566 227
0 228 571 229
0 230 576 231
0 232 581 233
0 234 586 235
0 236 591 237
0 238 596 239
0 240 601 241
0 242 606 243
0 244 611 245
0 246 616 247
0 248 621 249
0 250 626 251
0 252 631 253
0 254 636 255
0 256 641 257
0 258 646 259
0 260 651 261
0 262 656 263
0 264 661 265
0 266 666 267
0 268 671 269
0 270 676 271
0 272 681 273
0 274 686 275
0 276 691 277
0 278 696 279
0 280 701 281
0 282 706 283
0 284 711 285
0 286 716 287
0 288 721 289
0 290 726 291
0 292 731 293
0 294 736 295
0 296 741 297
0 298 746 299
0 300 751 301
0 302 756 303
0 304 761 305
0 306 766 307
0 308 771 309
0 310 776 311
0 312 781 313
0 314 786 315
0 316 791 317
0 318 796 319
0 320 801 321
0 322 806 323
0 324 811 325
0 326 816 327
0 328 821 329
0 330 826 331
0 332 831 333
0 334 836 335
0 336 841 337
0 338 846 339
0 340 851 341
0 342 856 343
0 344 861 345
0 346 866 347
0 348 871 349
0 350 876 351
0 352 881 353
0 354 886 355
0 356 891 357
0 358 896 359
0 360 901 361
0 362 906 363
0 364 911 365
0 366 916 367
0 368 921 369
0 370 926 371
0 372 931 373
0 374 936 375
0 376 941 377
0 378 946 379
0 380 951 381
0 382 956 383
0 384 961 385
0 386 966 387
0 388 971 389
0 390 976 391
0 392 981 393
0 394 986 395
0 396 991 397
0 398 996 399
0 400 1001 401
0 402 1006 403
0 404 1011 405
0 406 1016 407
0 408 1021 409
0 410 1026 411
0 412 1031 413
0 414 1036 415
0 416 1041 417
0 418 1046 419
0 420 1051 421
0 422 1056 423
0 424 1061 425
0 426 1066 427
0 428 1071 429
0 430 1076 431
0 432 1081 433
0 434 1086 435
0 436 1091 437
0 438 1096 439
0 440 1101 441
0 442 1106 443
0 444 1111 445
0 446 1116 447
0 448 1121 449
0 450 1126 451
0 452 1131 453
0 454 1136 455
0 456 1141 457
0 458 1146 459
0 460 1151 461
0 462 1156 463
0 464 1161 465
0 466 1166 467
0 468 1171 469
0 470 1176 471
0 472 1181 473
0 474 1186 475
0 476 1191 477
0 478 1196 479
0 480 1201 481
0 482 1206 483
0 484 1211 485
0 486 1216 487
0 488 1221 489
0 490 1226 491
0 492 1231 493
0 494 1236 495
0 496 1241 497
0 498 1246 499
0 500 1251 501
0 502 1256 503
0 504 1261 505
0 506 1266 507
0 508 1271 509
0 510 1276 511
0 512 1281 513
0 514 1286 515
0 516 1291 517
0 518 1296 519
0 520 1301 521
0 522 1306 523
0 524 1311 525
0 526 1316 527
0 528 1321 529
0 530 1326 531
0 532 1331 533
0 534 1336 535
0 536 1341 537
0 538 1346 539
0 540 1351 541
0 542 1356 543
0 544 1361 545
0 546 1366 547
0 548 1371 549
0 550 1376 551
0 552 1381 553
0 554 1386 555
0 556 1391 557
0 558 1396 559
0 560 1401 561
0 562 1406 563
0 564 1411 565
0 566 1416 567
0 568 1421 569
0 570 1426 571
0 572 1431 573
0 574 1436 575
0 576 1441 577
0 578 1446 579
0 580 1451 581
0 582 1456 583
0 584 1461 585
0 586 1466 587
0 588 1471 589
0 590 1476 591
0 592 1481 593
0 594 1486 595
0 596 1491 597
0 598 1496 599
0 600 1501 601
0 602 1506 603
0 604 1511 605
0 606 1516 607
0 608 1521 609
0 610 1526 611
0 612 1531 613
0 614 1536 615
0 616 1541 617
0 618 1546 619
0 620 1551 621
0 622 1556 623
0 624 1561 625
0 626 1566 627
0 628 1571 629
0 630 1576 631
0 632 1581 633
0 634 1586 635
0 636 1591 637
0 638 1596 639
0 640 1601 641
0 642 1606 643
0 644 1611 645
0 646 1616 647
0 648 1621 649
0 650 1626 651
0 652 1631 653
0 654 1636 655
0 656 1641 657
0 658 1646 659
0 660 1651 661
0 662 1656 663
0 664 1661 665
0 666 1666 667
0 668 1671 669
0 670 1676 671
0 672 1681 673
0 674 1686 675
0 676 1691 677
0 678 1696 679
0 680 1701 681
0 682 1706 683
0 684 1711 685
0 686 1716 687
0 688 1721 689
0 690 1726 691
0 692 1731 693
0 694 1736 695
0 696 1741 697
0 698 1746 699
0 700 1751 701
0 702 1756 703
0 704 1761 705
0 706 1766 707
0 708 1771 709
0 710 1776 711
0 712 1781 713
0 714 1786 715
0 716 1791 717
0 718 1796 719
0 720 1801 721
0 722 1806 723
0 724 1811 725
0 726 1816 727
0 728 1821 729
0 730 1826 731
0 732 1831 733
0 734 1836 735
0 736 1841 737
0 738 1846 739
0 740 1851 741
0 742 1856 743
0 744 1861 745
0 746 1866 747
0 748 1871 749
0 750 1876 751
0 752 1881 753
0 754 1886 755
0 756 1891 757
0 758 1896 759
0 760 1901 761
0 762 1906 763
0 764 1911 765
0 766 1916 767
0 768 1921 769
0 770 1926 771
0 772 1931 773
0 774 1936 775
0 776 1941 777
0 778 1946 779
0 780 1951 781
0 782 1956 783
0 784 1961 785
0 786 1966 787
0 788 1971 789
0 790 1976 791
0 792 1981 793
0 794 1986 795
0 796 1991 797
0 798 1996 799
0 800 2001 801
0 802 2006 803
0 804 2011 805
0 806 2016 807
0 808 2021 809
0 810 2026 811
0 812 2031 813
0 814 2036 815
0 816 2041 817
0 818 2046 819
0 820 2051 821
0 822 2056 823
0 824 2061 825
0 826 2066 827
0 828 2071 829
0 830 2076 831
0 832 2081 833
0 834 2086 835
0 836 2091 837
0 838 2096 839
0 840 2101 841
0 842 2106 843
0 844 2111 845
0 846 2116 847
0 848 2121 849
0 850 2126 851
0 852 2131 853
0 854 2136 855
0 856 2141 857
0 858 2146 859
0 860 2151 861
0 862 2156 863
0 864 2161 865
0 866 2166 867
0 868 2171 869
0 870 2176 871
0 872 2181 873
0 874 2186 875
0 876 2191 877
0 878 2196 879
0 880 2201 881
0 882 2206 883
0 884 2211 885
0 886 2216 887
0 888 2221 889
0 890 2226 891
0 892 2231 893
0 894 2236 895
0 896 2241 897
0 898 2246 899
0 900 2251 901
0 902 2256 903
0 904 2261 905
0 906 2266 907
0 908 2271 909
0 910 2276 911
0 912 2281 913
0 914 2286 915
0 916 2291 917
0 918 2296 919
0 920 2301 921
0 922 2306 923
0 924 2311 925
0 926 2316 927
0 928 2321 929
0 930 2326 931
0 932 2331 933
0 934 2336 935
0 936 2341 937
0 938 2346 939
0 940 2351 941
0 942 2356 943
0 944 2361 945
0 946 2366 947
0 948 2371 949
0 950 2376 951
0 952 2381 953
0 954 2386 955
0 956 2391 957
0 958 2396 959
0 960 2401 961
0 962 2406 963
0 964 2411 965
0 966 2416 967
0 968 2421 969
0 970 2426 971
0 972 2431 973
0 974 2436 975
0 976 2441 977
0 978 2446 979
0 980 2451 981
0 982 2456 983
0 984 2461 985
0 986 2466 987
0 988 2471 989
0 990 2476 991
0 992 2481 993
0 994 2486 995
0 996 2491 997
0 998 2496 999
0 1000 2501 1001
0 1002 2506 1003
0 1004 2511 1005
0 1006 2516 1007
0 1008 2521 1009
0 1010 2526 1011
0 1012 2531 1013
0 1014 2536 1015
0 1016 2541 1017
0 1018 2546 1019
0 1020 2551 1021
0 1022 2556 1023
0 1024 2561 1025
0 1026 2566 1027
0 1028 2571 1029
0 1030 2576 1031
0 1032 2581 1033
0 1034 2586 1035
0 1036 2591 1037
0 1038 2596 1039
0 1040 2601 1041
0 1042 2606 1043
0 1044 2611 1045
0 1046 2616 1047
0 1048 2621 1049
0 1050 2626 1051
0 1052 2631 1053
0 1054 2636 1055
0 1056 2641 1057
0 1058 2646 1059
0 1060 2651 1061
0 1062 2656 1063
0 1064 2661 1065
0 1066 2666 1067
0 1068 2671 1069
0 1070 2676 1071
0 1072 2681 1073
0 1074 2686 1075
0 1076 2691 1077
0 1078 2696 1079
0 1080 2701 1081
0 1082 2706 1083
0 1084 2711 1085
0 1086 2716 1087
0 1088 2721 1089
0 1090 2726 1091
0 1092 2731 1093
0 1094 2736 1095
0 1096 2741 1097
0 1098 2746 1099
0 1100 2751 1101
0 1102 2756 1103
0 1104 2761 1105
0 1106 2766 1107
0 1108 2771 1109
0 1110 2776 1111
0 1112 2781 1113
0 1114 2786 1115
0 1116 2791 1117
0 1118 2796 1119
0 1120 2801 1121
0 1122 2806 1123
0 1124 2811 1125
0 1126 2816 1127
0 1128 2821 1129
0 1130 2826 1131
0 1132 2831 1133
0 1134 2836 1135
0 1136 2841 1137
0 1138 2846 1139
0 1140 2851 1141
0 1142 2856 1143
0 1144 2861 1145
0 1146 2866 1147
0 1148 2871 1149
0 1150 2876 1151
0 1152 2881 1153
0 1154 2886 1155
0 1156 2891 1157
0 1158 2896 1159
0 1160 2901 1161
0 1162 2906 1163
0 1164 2911 1165
0 1166 2916 1167
0 1168 2921 1169
0 1170 2926 1171
0 1172 2931 1173
0 1174 2936 1175
0 1176 2941 1177
0 1178 2946 1179
0 1180 2951 1181
0 1182 2956 1183
0 1184 2961 1185
0 1186 2966 1187
0 1188 2971 1189
0 1190 2976 1191
0 1192 2981 1193
0 1194 2986 1195
0 1196 2991 1197
0 1198 2996 1199
0 1200 3001 1201
0 1202 3006 1203
0 1204 3011 1205
0 1206 3016 1207
0 1208 3021 1209
0 1210 3026 1211
0 1212 3031 1213
0 1214 3036 1215
0 1216 3041 1217
0 1218 3046 1219
0 1220 3051 1221
0 1222 3056 1223
0 1224 3061 1225
0 1226 3066 1227
0 1228 3071 1229
0 1230 3076 1231
0 1232 3081 1233
0 1234 3086 1235
0 1236 3091 1237
0 1238 3096 1239
0 1240 3101 1241
0 1242 3106 1243
0 1244 3111 1245
0 1246 3116 1247
0 1248 3121 1249
0 1250 3126 1251
0 1252 3131 1253
0 1254 3136 1255
0 1256 3141 1257
0 1258 3146 1259
0 1260 3151 1261
0 1262 3156 1263
0 1264 3161 1265
0 1266 3166 1267
0 1268 3171 1269
0 1270 3176 1271
0 1272 3181 1273
0 1274 3186 1275
0 1276 3191 1277
0 1278 3196 1279
0 1280 3201 1281
0 1282 3206 1283
0 1284 3211 1285
0 1286 3216 1287
0 1288 3221 1289
0 1290 3226 1291
0 1292 3231 1293
0 1294 3236 1295
0 1296 3241 1297
0 1298 3246 1299
0 1300 3251 1301
0 1302 3256 1303
0 1304 3261 1305
0 1306 3266 1307
0 1308 3271 1309
0 1310 3276 1311
0 1312 3281 1313
0 1314 3286 1315
0 1316 3291 1317
0 1318 3296 1319
0 1320 3301 1321
0 1322 3306 1323
0 1324 3311 1325
0 1326 3316 1327
0 1328 3321 1329
0 1330 3326 1331
0 1332 3331 1333
0 1334 3336 1335
0 1336 3341 1337
0 1338 3346 1339
0 1340 3351 1341
0 1342 3356 1343
0 1344 3361 1345
0 1346 3366 1347
0 1348 3371 1349
0 1350 3376 1351
0 1352 3381 1353
0 1354 3386 1355
0 1356 3391 1357
0 1358 3396 1359
0 1360 3401 1361
0 1362 3406 1363
0 1364 3411 1365
0 1366 3416 1367
0 1368 3421 1369
0 1370 3426 1371
0 1372 3431 1373
0 1374 3436 1375
0 1376 3441 1377
0 1378 3446 1379
0 1380 3451 1381
0 1382 3456 1383
0 1384 3461 1385
0 1386 3466 1387
0 1388 3471 1389
0 1390 3476 1391
0 1392 3481 1393
0 1394 3486 1395
0 1396 3491 1397
0 1398 3496 1399
0 1400 3501 1401
0 1402 3506 1403
0 1404 3511 1405
0 1406 3516 1407
0 1408 3521 1409
0 1410 3526 1411
0 1412 3531 1413
0 1414 3536 1415
0 1416 3541 1417
0 1418 3546 1419
0 1420 3551 1421
0 1422 3556 1423
0 1424 3561 1425
0 1426 3566 1427
0 1428 3571 1429
0 1430 3576 1431
0 1432 3581 1433
0 1434 3586 1435
0 1436 3591 1437
0 1438 3596 1439
0 1440 3601 1441
0 1442 3606 1443
0 1444 3611 1445
0 1446 3616 1447
0 1448 3621 1449
0 1450 3626 1451
0 1452 3631 1453
0 1454 3636 1455
0 1456 3641 1457
0 1458 3646 1459
0 1460 3651 1461
0 1462 3656 1463
0 1464 3661 1465
0 1466 3666 1467
0 1468 3671 1469
0 1470 3676 1471
0 1472 3681 1473
0 1474 3686 1475
0 1476 3691 1477
0 1478 3696 1479
0 1480 3701 1481
0 1482 3706 1483
0 1484 3711 1485
0 1486 3716 1487
0 1488 3721 1489
0 1490 3726 1491
0 1492 3731 1493
0 1494 3736 1495
0 1496 3741 1497
0 1498 3746 1499
0 1500 3751 1501
0 1502 3756 1503
0 1504 3761 1505
0 1506 3766 1507
0 1508 3771 1509
0 1510 3776 1511
0 1512 3781 1513
0 1514 3786 1515
0 1516 3791 1517
0 1518 3796 1519
0 1520 3801 1521
0 1522 3806 1523
0 1524 3811 1525
0 1526 3816 1527
0 1528 3821 1529
0 1530 3826 1531
0 1532 3831 1533
0 1534 3836 1535
0 1536 3841 1537
0 1538 3846 1539
0 1540 3851 1541
0 1542 3856 1543
0 1544 3861 1545
0 1546 3866 1547
0 1548 3871 1549
0 1550 3876 1551
0 1552 3881 1553
0 1554 3886 1555
0 1556 3891 1557
0 1558 3896 1559
0 1560 3901 1561
0 1562 3906 1563
0 1564 3911 1565
0 1566 3916 1567
0 1568 3921 1569
0 1570 3926 1571
0 1572 3931 1573
0 1574 3936 1575
0 1576 3941 1577
0 1578 3946 1579
0 1580 3951 1581
0 1582 3956 1583
0 1584 3961 1585
0 1586 3966 1587
0 1588 3971 1589
0 1590 3976 1591
0 1592 3981 1593
0 1594 3986 1595
0 1596 3991 1597
0 1598 3996 1599
0 1600 4001 1601
0 1602 4006 1603
0 1604 4011 1605
0 1606 4016 1607
0 1608 4021 1609
0 1610 4026 1611
0 1612 4031 1613
0 1614 4036 1615
0 1616 4041 1617
0 1618 4046 1619
0 1620 4051 1621
0 1622 4056 1623
0 1624 4061 1625
0 1626 4066 1627
0 1628 4071 1629
0 1630 4076 1631
0 1632 4081 1633
0 1634 4086 1635
0 1636 4091 1637
0 1638 4096 1639
0 1640 4101 1641
0 1642 4106 1643
0 1644 4111 1645
0 1646 4116 1647
0 1648 4121 1649
0 1650 4126 1651
0 1652 4131 1653
0 1654 4136 1655
0 1656 4141 1657
0 1658 4146 1659
0 1660 4151 1661
0 1662 4156 1663
0 1664 4161 1665
0 1666 4166 1667
0 1668 4171 1669
0 1670 4176 1671
0 1672 4181 1673
0 1674 4186 1675
0 1676 4191 1677
0 1678 4196 1679
0 1680 4201 1681
0 1682 4206 1683
0 1684 4211 1685
0 1686 4216 1687
0 1688 4221 1689
0 1690 4226 1691
0 1692 4231 1693
0 1694 4236 1695
0 1696 4241 1697
0 1698 4246 1699
0 1700 4251 1701
0 1702 4256 1703
0 1704 4261 1705
0 1706 4266 1707
0 1708 4271 1709
0 1710 4276 1711
0 1712 4281 1713
0 1714 4286 1715
0 1716 4291 1717
0 1718 4296 1719
0 1720 4301 1721
0 1722 4306 1723
0 1724 4311 1725
0 1726 4316 1727
0 1728 4321 1729
0 1730 4326 1731
0 1732 4331 1733
0 1734 4336 1735
0 1736 4341 1737
0 1738 4346 1739
0 1740 4351 1741
0 1742 4356 1743
0 1744 4361 1745
0 1746 4366 1747
0 1748 4371 1749
0 1750 4376 1751
0 1752 4381 1753
0 1754 4386 1755
0 1756 4391 1757
0 1758 4396 1759
0 1760 4401 1761
0 1762 4406 1763
0 1764 4411 1765
0 1766 4416 1767
0 1768 4421 1769
0 1770 4426 1771
0 1772 4431 1773
0 1774 4436 1775
0 1776 4441 1777
0 1778 4446 1779
0 1780 4451 1781
0 1782 4456 1783
0 1784 4461 1785
0 1786 4466 1787
0 1788 4471 1789
0 1790 4476 1791
0 1792 4481 1793
0 1794 4486 1795
0 1796 4491 1797
0 1798 4496 1799
0 1800 4501 1801
0 1802 4506 1803
0 1804 4511 1805
0 1806 4516 1807
0 1808 4521 1809
0 1810 4526 1811
0 1812 4531 1813
0 1814 4536 1815
0 1816 4541 1817
0 1818 4546 1819
0 1820 4551 1821
0 1822 4556 1823
0 1824 4561 1825
0 1826 4566 1827
0 1828 4571 1829
0 1830 4576 1831
0 1832 4581 1833
0 1834 4586 1835
0 1836 4591 1837
0 1838 4596 1839
0 1840 4601 1841
0 1842 4606 1843
0 1844 4611 1845
0 1846 4616 1847
0 1848 4621 1849
0 1850 4626 1851
0 1852 4631 1853
0 1854 4636 1855
0 1856 4641 1857
0 1858 4646 1859
0 1860 4651 1861
0 1862 4656 1863
0 1864 4661 1865
0 1866 4666 1867
0 1868 4671 1869
0 1870 4676 1871
0 1872 4681 1873
0 1874 4686 1875
0 1876 4691 1877
0 1878 4696 1879
0 1880 4701 1881
0 1882 4706 1883
0 1884 4711 1885
0 1886 4716 1887
0 1888 4721 1889
0 1890 4726 1891
0 1892 4731 1893
0 1894 4736 1895
0 1896 4741 1897
0 1898 4746 1899
0 1900 4751 1901
0 1902 4756 1903
0 1904 4761 1905
0 1906 4766 1907
0 1908 4771 1909
0 1910 4776 1911
0 1912 4781 1913
0 1914 4786 1915
0 1916 4791 1917
0 1918 4796 1919
0 1920 4801 1921
0 1922 4806 1923
0 1924 4811 1925
0 1926 4816 1927
0 1928 4821 1929
0 1930 4826 1931
0 1932 4831 1933
0 1934 4836 1935
0 1936 4841 1937
0 1938 4846 1939
0 1940 4851 1941
0 1942 4856 1943
0 1944 4861 1945
0 1946 4866 1947
0 1948 4871 1949
0 1950 4876 1951
0 1952 4881 1953
0 1954 4886 1955
0 1956 4891 1957
0 1958 4896 1959
0 1960 4901 1961
0 1962 4906 1963
0 1964 4911 1965
0 1966 4916 1967
0 1968 4921 1969
0 1970 4926 1971
0 1972 4931 1973
0 1974 4936 1975
0 1976 4941 1977
0 1978 4946 1979
0 1980 4951 1981
0 1982 4956 1983
0 1984 4961 1985
0 1986 4966 1987
0 1988 4971 1989
0 1990 4976 1991
0 1992 4981 1993
0 1994 4986 1995
0 1996 4991 1997
0 1998 4996 1999
0 2000 5001 2001
0 2002 5006 2003
0 2004 5011 2005
0 2006 5016 2007
0 2008 5021 2009
0 2010 5026 2011
0 2012 5031 2013
0 2014 5036 2015
0 2016 5041 2017
0 2018 5046 2019
0 2020 5051 2021
0 2022 5056 2023
0 2024 5061 2025
0 2026 5066 2027
0 2028 5071 2029
0 2030 5076 2031
0 2032 5081 2033
0 2034 5086 2035
0 2036 5091 2037
0 2038 5096 2039
0 2040 5101 2041
0 2042 5106 2043
0 2044 5111 2045
0 2046 5116 2047
0 2048 5121 2049
0 2050 5126 2051
0 2052 5131 2053
0 2054 5136 2055
0 2056 5141 2057
0 2058 5146 2059
0 2060 5151 2061
0 2062 5156 2063
0 2064 5161 2065
0 2066 5166 2067
0 2068 5171 2069
0 2070 5176 2071
0 2072 5181 2073
0 2074 5186 2075
0 2076 5191 2077
0 2078 5196 2079
0 2080 5201 2081
0 2082 5206 2083
0 2084 5211 2085
0 2086 5216 2087
0 2088 5221 2089
0 2090 5226 2091
0 2092 5231 2093
0 2094 5236 2095
0 2096 5241 2097
0 2098 5246 2099
0 2100 5251 2101
0 2102 5256 2103
0 2104 5261 2105
0 2106 5266 2107
0 2108 5271 2109
0 2110 5276 2111
0 2112 5281 2113
0 2114 5286 2115
0 2116 5291 2117
0 2118 5296 2119
0 2120 5301 2121
0 2122 5306 2123
0 2124 5311 2125
0 2126 5316 2127
0 2128 5321 2129
0 2130 5326 2131
0 2132 5331 2133
0 2134 5336 2135
0 2136 5341 2137
0 2138 5346 2139
0 2140 5351 2141
0 2142 5356 2143
0 2144 5361 2145
0 2146 5366 2147
0 2148 5371 2149
0 2150 5376 2151
0 2152 5381 2153
0 2154 5386 2155
0 2156 5391 2157
0 2158 5396 2159
0 2160 5401 2161
0 2162 5406 2163
0 2164 5411 2165
0 2166 5416 2167
0 2168 5421 2169
0 2170 5426 2171
0 2172 5431 2173
0 2174 5436 2175
0 2176 5441 2177
0 2178 5446 2179
0 2180 5451 2181
0 2182 5456 2183
0 2184 5461 2185
0 2186 5466 2187
0 2188 5471 2189
0 2190 5476 2191
0 2192 5481 2193
0 2194 5486 2195
0 2196 5491 2197
0 2198 5496 2199
0 2200 5501 2201
0 2202 5506 2203
0 2204 5511 2205
0 2206 5516 2207
0 2208 5521 2209
0 2210 5526 2211
0 2212 5531 2213
0 2214 5536 2215
0 2216 5541 2217
0 2218 5546 2219
0 2220 5551 2221
0 2222 5556 2223
0 2224 5561 2225
0 2226 5566 2227
0 2228 5571 2229
0 2230 5576 2231
0 2232 5581 2233
0 2234 5586 2235
0 2236 5591 2237
0 2238 5596 2239
0 2240 5601 2241
0 2242 5606 2243
0 2244 5611 2245
0 2246 5616 2247
0 2248 5621 2249
0 2250 5626 2251
0 2252 5631 2253
0 2254 5636 2255
0 2256 5641 2257
0 2258 5646 2259
0 2260 5651 2261
0 2262 5656 2263
0 2264 5661 2265
0 2266 5666 2267
0 2268 5671 2269
0 2270 5676 2271
0 2272 5681 2273
0 2274 5686 2275
0 2276 5691 2277
0 2278 5696 2279
0 2280 5701 2281
0 2282 5706 2283
0 2284 5711 2285
0 2286 5716 2287
0 2288 5721 2289
0 2290 5726 2291
0 2292 5731 2293
0 2294 5736 2295
0 2296 5741 2297
0 2298 5746 2299
0 2300 5751 2301
0 2302 5756 2303
0 2304 5761 2305
0 2306 5766 2307
0 2308 5771 2309
0 2310 5776 2311
0 2312 5781 2313
0 2314 5786 2315
0 2316 5791 2317
0 2318 5796 2319
0 2320 5801 2321
0 2322 5806 2323
0 2324 5811 2325
0 2326 5816 2327
0 2328 5821 2329
0 2330 5826 2331
0 2332 5831 2333
0 2334 5836 2335
0 2336 5841 2337
0 2338 5846 2339
0 2340 5851 2341
0 2342 5856 2343
0 2344 5861 2345
0 2346 5866 2347
0 2348 5871 2349
0 2350 5876 2351
0 2352 5881 2353
0 2354 5886 2355
0 2356 5891 2357
0 2358 5896 2359
0 2360 5901 2361
0 2362 5906 2363
0 2364 5911 2365
0 2366 5916 2367
0 2368 5921 2369
0 2370 5926 2371
0 2372 5931 2373
0 2374 5936 2375
0 2376 5941 2377
0 2378 5946 2379
0 2380 5951 2381
0 2382 5956 2383
0 2384 5961 2385
0 2386 5966 2387
0 2388 5971 2389
0 2390 5976 2391
0 2392 5981 2393
0 2394 5986 2395
0 2396 5991 2397
0 2398 5996 2399
0 2400 6001 2401
0 2402 6006 2403
0 2404 6011 2405
0 2406 6016 2407
0 2408 6021 2409
0 2410 6026 2411
0 2412 6031 2413
0 2414 6036 2415
0 2416 6041 2417
0 2418 6046 2419
0 2420 6051 2421
0 2422 6056 2423
0 2424 6061 2425
0 2426 6066 2427
0 2428 6071 2429
0 2430 6076 2431
0 2432 6081 2433
0 2434 6086 2435
0 2436 6091 2437
0 2438 6096 2439
0 2440 6101 2441
0 2442 6106 2443
0 2444 6111 2445
0 2446 6116 2447
0 2448 6121 2449
0 2450 6126 2451
0 2452 6131 2453
0 2454 6136 2455
0 2456 6141 2457
0 2458 6146 2459
0 2460 6151 2461
0 2462 6156 2463
0 2464 6161 2465
0 2466 6166 2467
0 2468 6171 2469
0 2470 6176 2471
0 2472 6181 2473
0 2474 6186 2475
0 2476 6191 2477
0 2478 6196 2479
0 2480 6201 2481
0 2482 6206 2483
0 2484 6211 2485
0 2486 6216 2487
0 2488 6221 2489
0 2490 6226 2491
0 2492 6231 2493
0 2494 6236 2495
0 2496 6241 2497
0 2498 6246 2499
0 2500 6251 2501
0 2502 6256 2503
0 2504 6261 2505
0 2506 6266 2507
0 2508 6271 2509
0 2510 6276 2511
0 2512 6281 2513
0 2514 6286 2515
0 2516 6291 2517
0 2518 6296 2519
0 2520 6301 2521
0 2522 6306 2523
0 2524 6311 2525
0 2526 6316 2527
0 2528 6321 2529
0 2530 6326 2531
0 2532 6331 2533
0 2534 6336 2535
0 2536 6341 2537
0 2538 6346 2539
0 2540 6351 2541
0 2542 6356 2543
0 2544 6361 2545
0 2546 6366 2547
0 2548 6371 2549
0 2550 6376 2551
0 2552 6381 2553
0 2554 6386 2555
0 2556 6391 2557
0 2558 6396 2559
0 2560 6401 2561
0 2562 6406 2563
0 2564 6411 2565
0 2566 6416 2567
0 2568 6421 2569
0 2570 6426 2571
0 2572 6431 2573
0 2574 6436 2575
0 2576 6441 2577
0 2578 6446 2579
0 2580 6451 2581
0 2582 6456 2583
0 2584 6461 2585
0 2586 6466 2587
0 2588 6471 2589
0 2590 6476 2591
0 2592 6481 2593
0 2594 6486 2595
0 2596 6491 2597
0 2598 6496 2599
0 2600 6501 2601
0 2602 6506 2603
0 2604 6511 2605
0 2606 6516 2607
0 2608 6521 2609
0 2610 6526 2611
0 2612 6531 2613
0 2614 6536 2615
0 2616 6541 2617
0 2618 6546 2619
0 2620 6551 2621
0 2622 6556 2623
0 2624 6561 2625
0 2626 6566 2627
0 2628 6571 2629
0 2630 6576 2631
0 2632 6581 2633
0 2634 6586 2635
0 2636 6591 2637
0 2638 6596 2639
0 2640 6601 2641
0 2642 6606 2643
0 2644 6611 2645
0 2646 6616 2647
0 2648 6621 2649
0 2650 6626 2651
0 2652 6631 2653
0 2654 6636 2655
0 2656 6641 2657
0 2658 6646 2659
0 2660 6651 2661
0 2662 6656 2663
0 2664 6661 2665
0 2666 6666 2667
0 2668 6671 2669
0 2670 6676 2671
0 2672 6681 2673
0 2674 6686 2675
0 2676 6691 2677
0 2678 6696 2679
0 2680 6701 2681
0 2682 6706 2683
0 2684 6711 2685
0 2686 6716 2687
0 2688 6721 2689
0 2690 6726 2691
0 2692 6731 2693
0 2694 6736 2695
0 2696 6741 2697
0 2698 6746 2699
0 2700 6751 2701
0 2702 6756 2703
0 2704 6761 2705
0 2706 6766 2707
0 2708 6771 2709
0 2710 6776 2711
0 2712 6781 2713
0 2714 6786 2715
0 2716 6791 2717
0 2718 6796 2719
0 2720 6801 2721
0 2722 6806 2723
0 2724 6811 2725
0 2726 6816 2727
0 2728 6821 2729
0 2730 6826 2731
0 2732 6831 2733
0 2734 6836 2735
0 2736 6841 2737
0 2738 6846 2739
0 2740 6851 2741
0 2742 6856 2743
0 2744 6861 2745
0 2746 6866 2747
0 2748 6871 2749
0 2750 6876 2751
0 2752 6881 2753
0 2754 6886 2755
0 2756 6891 2757
0 2758 6896 2759
0 2760 6901 2761
0 2762 6906 2763
0 2764 6911 2765
0 2766 6916 2767
0 2768 6921 2769
0 2770 6926 2771
0 2772 6931 2773
0 2774 6936 2775
0 2776 6941 2777
0 2778 6946 2779
0 2780 6951 2781
0 2782 6956 2783
0 2784 6961 2785
0 2786 6966 2787
0 2788 6971 2789
0 2790 6976 2791
0 2792 6981 2793
0 2794 6986 2795
0 2796 6991 2797
0 2798 6996 2799
