80
0 0 1 1
5 5 7 7
10 10 13 13
15 15 19 19
20 20 25 25
25 25 31 31
30 30 37 37
35 35 43 43
40 40 49 49
45 45 55 55
50 50 61 61
55 55 67 67
60 60 73 73
65 65 79 79
70 70 85 85
75 75 91 91
80 80 97 97
85 85 103 103
90 90 109 109
95 95 115 115
0 0 1 1
9 9 11 11
18 18 21 21
27 27 31 31
36 36 41 41
45 45 51 51
54 54 61 61
63 63 71 71
72 72 81 81
81 81 91 91
90 90 101 101
99 99 111 111
108 108 121 121
117 117 131 131
126 126 141 141
135 135 151 151
144 144 161 161
153 153 171 171
162 162 181 181
171 171 191 191
0 0 1 1
13 13 15 15
26 26 29 29
39 39 43 43
52 52 57 57
65 65 71 71
78 78 85 85
91 91 99 99
104 104 113 113
117 117 127 127
130 130 141 141
143 143 155 155
156 156 169 169
169 169 183 183
182 182 197 197
195 195 211 211
208 208 225 225
221 221 239 239
234 234 253 253
247 247 267 267
0 0 1 1
17 17 19 19
34 34 37 37
51 51 55 55
68 68 73 73
85 85 91 91
102 102 109 109
119 119 127 127
136 136 145 145
153 153 163 163
170 170 181 181
187 187 199 199
204 204 217 217
221 221 235 235
238 238 253 253
255 255 271 271
272 272 289 289
289 289 307 307
306 306 325 325
323 323 343 343
