39
100
1 9 95
1 13 8
1 15 11
1 25 12
2 5 2
2 7 94
2 9 1
2 27 47
2 29 64
2 30 34
2 34 22
2 35 94
3 4 72
3 6 65
3 8 55
3 20 88
3 21 27
3 23 96
3 24 30
3 34 84
4 8 67
4 9 61
4 11 66
4 16 96
4 34 1
4 38 22
5 6 68
6 8 35
6 17 90
6 21 43
6 24 55
6 33 72
7 10 79
7 19 71
7 24 73
7 32 57
7 37 4
7 39 17
8 9 58
8 25 32
8 27 12
8 34 54
8 35 86
9 20 5
9 21 95
10 12 82
10 23 30
10 30 84
11 12 66
11 19 82
11 30 36
11 32 19
11 34 12
11 38 51
12 16 14
12 37 85
13 15 35
13 24 39
14 25 19
14 27 76
14 38 31
14 39 78
15 17 85
15 21 26
15 23 93
15 29 44
15 30 15
15 35 87
16 25 39
16 31 17
16 34 94
17 24 77
17 28 27
17 29 79
17 30 94
18 21 27
18 36 74
19 25 15
19 37 54
20 27 73
20 30 86
20 39 57
21 23 87
21 39 42
22 37 22
22 39 80
25 27 71
25 37 33
25 38 80
25 39 97
26 29 38
26 32 81
28 38 66
29 31 96
31 34 85
31 36 52
32 34 42
33 34 88
33 38 39
34 37 80
