63
1000
1 3 179
1 6 72
1 8 96
1 11 2
1 12 37
1 17 145
1 21 289
1 23 95
1 24 29
1 27 55
1 32 130
1 34 33
1 35 100
1 40 75
1 42 225
1 44 300
1 45 158
1 46 87
1 48 275
1 49 288
1 52 75
1 54 190
1 59 162
1 62 155
1 63 178
2 3 35
2 6 56
2 8 121
2 9 221
2 10 124
2 11 205
2 14 47
2 17 261
2 18 80
2 19 202
2 20 137
2 22 158
2 27 227
2 28 170
2 31 168
2 32 141
2 34 171
2 35 41
2 37 32
2 38 81
2 39 142
2 41 214
2 42 210
2 46 165
2 47 299
2 48 257
2 51 206
2 53 259
2 54 130
2 57 136
2 59 30
2 60 255
3 7 228
3 8 168
3 12 4
3 17 127
3 18 14
3 19 51
3 21 58
3 28 41
3 35 299
3 36 245
3 38 185
3 39 51
3 40 55
3 47 27
3 49 225
3 50 73
3 51 263
3 54 186
3 55 91
3 56 20
3 58 125
3 59 96
3 63 116
4 6 68
4 7 277
4 10 117
4 15 165
4 21 97
4 22 45
4 24 265
4 26 71
4 28 287
4 29 106
4 30 65
4 32 258
4 33 20
4 36 201
4 37 55
4 38 246
4 40 59
4 41 209
4 42 3
4 44 186
4 45 135
4 46 30
4 47 183
4 48 109
4 49 145
4 50 299
4 54 226
4 57 296
4 58 151
4 63 31
5 9 36
5 11 16
5 12 23
5 13 131
5 16 153
5 17 189
5 19 54
5 20 109
5 21 300
5 24 219
5 26 117
5 28 246
5 32 259
5 34 134
5 35 125
5 36 164
5 38 281
5 42 51
5 44 269
5 45 283
5 48 214
5 50 239
5 55 164
5 58 151
5 60 96
5 61 199
6 10 162
6 12 250
6 17 79
6 18 219
6 21 12
6 22 27
6 24 15
6 26 77
6 29 60
6 30 195
6 31 202
6 32 184
6 35 274
6 36 21
6 41 181
6 42 13
6 44 127
6 48 211
6 49 174
6 52 171
6 53 115
6 55 212
6 56 53
6 59 281
6 60 285
6 61 296
6 63 13
7 8 125
7 9 39
7 11 39
7 12 280
7 13 225
7 14 3
7 17 127
7 18 156
7 19 137
7 21 142
7 22 196
7 28 267
7 31 242
7 34 4
7 36 249
7 37 112
7 38 74
7 39 10
7 42 248
7 43 235
7 44 246
7 45 124
7 47 65
7 48 15
7 51 108
7 54 188
7 59 40
7 60 131
7 62 79
8 9 72
8 10 135
8 14 209
8 18 285
8 26 255
8 27 7
8 28 222
8 30 253
8 31 130
8 34 50
8 35 97
8 36 176
8 37 176
8 39 174
8 41 254
8 42 31
8 44 267
8 45 182
8 47 92
8 48 4
8 49 82
8 50 196
8 51 248
8 52 68
8 53 73
8 56 105
8 57 287
8 59 113
8 60 95
8 61 74
8 63 167
9 10 186
9 12 19
9 15 100
9 16 220
9 17 13
9 18 90
9 19 2
9 21 26
9 22 207
9 24 261
9 26 297
9 27 72
9 28 87
9 32 255
9 34 262
9 35 106
9 37 213
9 44 208
9 45 50
9 46 266
9 52 265
9 55 87
9 56 109
9 58 278
9 59 39
9 60 14
9 61 108
9 62 81
10 11 209
10 12 195
10 16 266
10 17 290
10 18 128
10 19 125
10 20 69
10 24 18
10 26 51
10 27 298
10 28 204
10 31 201
10 34 211
10 37 114
10 38 23
10 39 282
10 43 58
10 45 103
10 48 47
10 50 84
10 51 272
10 52 200
10 55 283
10 56 42
10 57 18
10 60 138
10 61 105
11 12 157
11 13 133
11 14 21
11 18 75
11 20 225
11 21 115
11 22 61
11 24 299
11 25 209
11 26 50
11 28 200
11 29 300
11 30 220
11 31 137
11 32 65
11 33 172
11 35 186
11 36 27
11 37 226
11 39 173
11 40 92
11 42 272
11 43 297
11 45 203
11 46 151
11 54 259
11 58 300
11 59 227
11 60 261
11 61 154
11 62 59
11 63 188
12 16 180
12 19 8
12 21 101
12 22 215
12 25 164
12 26 120
12 27 35
12 28 223
12 29 224
12 31 251
12 32 110
12 33 122
12 34 11
12 35 161
12 36 56
12 37 138
12 39 56
12 41 281
12 42 186
12 43 15
12 44 241
12 48 54
12 53 78
12 55 263
12 58 19
12 60 29
12 61 228
13 14 238
13 15 223
13 16 107
13 17 146
13 18 57
13 19 79
13 20 220
13 21 53
13 23 187
13 24 19
13 26 186
13 27 66
13 29 172
13 30 274
13 32 263
13 33 161
13 37 243
13 39 204
13 41 287
13 43 107
13 44 34
13 45 38
13 46 40
13 47 123
13 49 9
13 50 102
13 53 274
13 55 238
13 57 189
13 58 11
13 59 58
13 61 189
14 15 58
14 16 67
14 17 60
14 19 75
14 20 278
14 22 135
14 23 41
14 25 5
14 26 248
14 28 66
14 29 112
14 31 50
14 33 200
14 34 150
14 36 129
14 37 110
14 40 91
14 43 175
14 45 238
14 47 214
14 49 269
14 51 74
14 52 7
14 53 3
14 55 32
14 58 147
14 59 153
14 60 82
14 61 286
14 62 53
14 63 217
15 17 94
15 19 298
15 21 89
15 23 192
15 26 107
15 27 179
15 31 127
15 32 233
15 33 225
15 39 214
15 41 258
15 44 80
15 45 300
15 49 3
15 53 34
15 54 102
15 55 63
15 58 46
15 59 278
15 62 233
16 20 294
16 25 173
16 26 183
16 28 86
16 30 40
16 33 292
16 35 46
16 36 93
16 40 69
16 44 92
16 45 150
16 47 50
16 48 258
16 49 234
16 50 235
16 51 258
16 52 5
16 53 221
16 55 222
16 56 104
16 57 147
16 61 30
17 20 81
17 22 116
17 23 159
17 25 164
17 26 162
17 30 217
17 31 298
17 32 180
17 33 158
17 34 123
17 35 71
17 36 181
17 37 74
17 38 85
17 39 279
17 41 217
17 42 62
17 43 2
17 44 6
17 45 288
17 46 30
17 47 47
17 48 1
17 49 75
17 50 167
17 51 245
17 52 240
17 53 15
17 54 234
17 55 78
17 57 58
17 58 81
17 59 190
17 60 239
17 61 166
17 62 52
18 19 172
18 23 160
18 26 103
18 27 102
18 30 63
18 32 20
18 35 11
18 36 140
18 39 36
18 41 193
18 42 30
18 44 279
18 46 98
18 50 86
18 53 18
18 58 37
18 59 282
18 60 264
18 63 186
19 22 279
19 24 183
19 27 1
19 29 289
19 30 240
19 32 248
19 38 120
19 42 19
19 48 11
19 49 291
19 50 50
19 53 119
19 57 233
19 58 103
19 59 27
19 60 234
19 61 16
19 62 160
20 25 266
20 27 284
20 28 198
20 29 79
20 30 69
20 31 56
20 32 134
20 35 42
20 38 134
20 39 24
20 40 86
20 41 151
20 43 67
20 47 226
20 53 115
20 54 119
20 56 228
20 58 164
20 59 152
20 63 195
21 22 232
21 24 167
21 26 165
21 28 124
21 29 85
21 35 237
21 38 133
21 41 17
21 45 144
21 46 111
21 47 25
21 48 279
21 49 235
21 51 1
21 53 213
21 57 57
21 58 115
21 60 113
21 62 208
22 23 147
22 28 30
22 30 155
22 34 61
22 35 44
22 41 18
22 43 182
22 45 144
22 46 112
22 49 215
22 50 157
22 51 5
22 52 100
22 53 143
22 54 20
22 55 274
22 56 247
22 57 85
22 58 80
22 59 189
22 62 13
23 25 39
23 28 117
23 30 166
23 31 184
23 32 127
23 33 93
23 36 221
23 38 207
23 39 246
23 40 77
23 41 235
23 42 57
23 43 246
23 45 4
23 46 76
23 50 170
23 53 107
23 54 185
23 55 80
23 57 31
23 58 56
23 59 91
23 61 181
23 62 54
24 25 46
24 26 164
24 29 126
24 30 118
24 34 189
24 36 17
24 37 201
24 38 28
24 41 29
24 42 14
24 43 138
24 45 273
24 46 237
24 49 89
24 51 183
24 52 236
24 53 280
24 55 144
24 56 80
24 57 244
24 60 19
25 26 191
25 28 196
25 29 253
25 31 75
25 32 288
25 36 87
25 38 250
25 39 37
25 42 163
25 43 58
25 45 291
25 46 28
25 51 60
25 52 232
25 53 69
25 58 209
25 60 240
26 27 261
26 28 272
26 29 102
26 32 150
26 33 130
26 34 40
26 36 139
26 37 290
26 41 60
26 42 212
26 44 262
26 45 243
26 47 167
26 50 237
26 53 129
26 55 151
26 57 197
26 58 163
26 59 154
26 60 81
26 61 149
26 62 190
26 63 270
27 30 62
27 33 69
27 34 205
27 37 267
27 38 122
27 39 165
27 41 99
27 44 145
27 47 66
27 48 1
27 49 231
27 51 30
27 52 1
27 53 293
27 58 86
27 61 139
27 62 118
28 30 88
28 32 49
28 37 229
28 38 117
28 40 50
28 44 130
28 47 127
28 48 247
28 49 200
28 50 224
28 51 155
28 53 213
28 54 72
28 55 63
28 57 79
28 59 291
28 60 261
28 61 280
28 62 165
29 31 153
29 32 181
29 34 157
29 37 154
29 38 141
29 39 39
29 40 139
29 42 35
29 45 225
29 49 175
29 51 277
29 52 249
29 53 269
29 54 208
29 55 231
29 56 217
29 58 22
29 59 241
29 62 76
29 63 107
30 33 118
30 35 218
30 36 11
30 37 87
30 39 236
30 40 12
30 41 127
30 44 50
30 45 139
30 47 67
30 50 166
30 51 149
30 53 246
30 57 113
30 58 102
30 59 62
30 60 109
30 63 117
31 33 65
31 35 184
31 37 180
31 40 152
31 41 72
31 42 295
31 43 50
31 44 120
31 45 143
31 46 116
31 49 270
31 51 155
31 54 99
31 55 53
31 56 281
31 57 219
31 58 73
31 59 289
31 60 159
31 63 158
32 33 264
32 35 162
32 38 166
32 39 52
32 41 206
32 44 10
32 46 255
32 47 18
32 48 81
32 50 209
32 51 155
32 53 190
32 54 245
32 55 76
32 58 233
32 59 200
32 60 276
32 62 295
33 35 198
33 36 158
33 37 239
33 42 119
33 44 126
33 46 197
33 49 82
33 50 103
33 51 73
33 52 203
33 53 94
33 54 182
33 56 218
33 57 127
33 59 15
33 60 65
33 62 279
34 35 189
34 37 298
34 38 287
34 39 68
34 40 31
34 43 170
34 44 235
34 45 89
34 48 33
34 49 171
34 50 238
34 51 10
34 53 232
34 58 34
34 60 274
34 62 205
34 63 103
35 37 61
35 38 268
35 39 161
35 41 243
35 42 89
35 43 250
35 44 42
35 46 266
35 47 61
35 49 23
35 51 35
35 53 60
35 55 124
35 58 217
35 60 132
35 62 222
36 37 183
36 39 147
36 40 264
36 42 224
36 45 203
36 47 162
36 48 290
36 49 71
36 50 157
36 51 31
36 52 191
36 55 240
36 56 217
36 57 159
36 58 8
36 60 253
36 63 113
37 39 201
37 41 42
37 42 240
37 43 280
37 44 59
37 45 286
37 46 134
37 47 174
37 48 163
37 49 282
37 50 178
37 51 96
37 52 99
37 55 145
37 56 244
37 61 114
37 62 116
37 63 58
38 41 268
38 44 110
38 48 148
38 50 124
38 51 146
38 52 134
38 54 272
38 55 213
38 57 209
38 58 196
38 62 201
38 63 87
39 41 83
39 42 99
39 44 260
39 49 161
39 50 143
39 51 78
39 52 273
39 53 182
39 54 113
39 55 209
39 57 118
39 62 199
39 63 55
40 41 218
40 42 175
40 43 23
40 44 179
40 47 151
40 48 223
40 49 11
40 51 277
40 52 155
40 55 290
40 57 30
40 63 227
41 42 86
41 44 271
41 45 84
41 46 224
41 49 288
41 53 171
41 54 177
41 55 11
41 57 48
41 58 286
41 61 99
42 43 173
42 44 298
42 47 30
42 50 171
43 44 178
43 45 1
43 51 21
43 52 299
43 54 260
43 56 28
43 59 48
43 63 249
44 46 46
44 48 88
44 51 74
44 52 138
44 53 134
44 56 133
44 57 75
44 58 28
44 59 190
44 61 7
44 63 212
45 46 217
45 53 114
45 57 135
45 58 243
45 62 28
45 63 59
46 47 204
46 50 107
46 52 235
46 54 171
46 56 181
46 57 281
46 59 106
46 62 209
47 49 31
47 51 235
47 53 207
47 55 239
47 59 265
47 61 172
48 51 170
48 54 140
48 55 37
48 56 195
48 60 111
48 61 30
48 62 271
49 50 291
49 56 228
49 58 20
49 59 196
49 61 275
49 62 104
50 51 264
50 54 12
50 56 252
50 57 192
50 58 238
50 59 107
50 61 24
50 62 179
50 63 297
51 53 221
51 55 2
51 57 5
51 61 34
51 63 93
52 54 104
52 55 181
52 56 194
52 57 224
52 60 242
52 61 168
53 54 21
53 55 61
53 56 162
53 58 293
53 59 246
53 62 79
54 55 9
54 57 278
54 58 231
55 56 32
55 57 52
55 62 47
56 59 263
57 59 14
58 60 252
58 62 211
59 60 29
60 63 116
61 63 283
