48
300
1 7 10
1 13 91
1 23 22
1 30 62
1 36 88
1 37 57
1 38 18
1 40 84
1 43 61
1 48 70
2 5 21
2 10 99
2 12 7
2 18 33
2 20 88
2 28 37
2 34 5
2 37 83
2 38 35
2 39 30
2 42 59
2 43 25
2 46 60
3 6 93
3 9 89
3 13 99
3 16 72
3 20 15
3 28 85
3 30 36
3 35 99
3 40 37
3 45 63
4 15 49
4 16 69
4 23 29
4 32 56
4 35 72
4 37 92
4 39 4
4 40 49
4 44 13
5 6 23
5 11 24
5 15 12
5 17 64
5 20 91
5 34 56
5 41 96
5 44 58
5 45 84
5 48 58
6 10 57
6 11 52
6 13 7
6 20 9
6 24 75
6 26 82
6 30 64
6 33 22
6 35 46
6 37 88
6 40 83
6 44 32
6 46 57
7 10 87
7 13 57
7 22 28
7 24 61
7 33 68
7 37 92
7 39 22
7 41 76
7 43 13
8 10 75
8 15 6
8 16 55
8 18 37
8 27 56
8 32 29
8 36 8
8 37 21
8 38 7
8 45 47
8 47 51
9 16 93
9 17 95
9 22 98
9 25 29
9 26 35
9 32 23
9 33 98
9 34 7
9 38 9
9 40 41
9 41 77
9 44 65
9 47 33
10 13 91
10 22 24
10 24 14
10 29 9
10 31 30
10 32 42
10 33 11
10 38 94
10 44 55
10 48 37
11 17 94
11 27 90
11 36 64
11 41 58
11 43 100
11 46 39
11 47 37
11 48 84
12 17 60
12 23 29
12 35 94
12 37 98
12 40 95
12 43 93
12 45 56
13 16 41
13 24 100
13 27 9
13 28 54
13 31 12
13 36 85
13 37 89
13 42 24
13 43 62
13 48 99
14 16 43
14 17 97
14 18 60
14 22 55
14 27 74
14 30 57
14 33 3
14 39 29
14 47 81
15 18 95
15 20 74
15 24 4
15 26 36
15 29 88
15 34 78
15 40 37
15 42 47
15 43 4
16 20 93
16 28 4
16 29 66
16 35 84
16 36 29
16 38 62
17 29 98
17 33 24
17 36 46
17 37 41
17 39 100
18 28 85
18 31 76
18 32 77
18 34 98
18 35 84
18 41 28
18 44 80
18 48 25
19 25 2
19 32 81
19 33 61
19 34 89
19 36 53
19 39 29
19 45 3
20 22 25
20 23 27
20 26 88
20 29 86
20 32 6
20 33 42
20 35 91
20 38 92
20 45 91
21 22 45
21 25 12
21 35 8
21 36 50
21 46 47
22 26 2
22 27 55
22 31 62
23 24 39
23 30 41
23 31 56
23 38 9
23 43 14
23 45 76
23 47 18
24 25 9
24 26 10
24 27 38
24 28 43
24 36 17
24 38 76
24 43 60
25 26 30
25 28 77
25 29 28
25 30 25
25 32 48
25 34 84
25 36 84
25 37 94
25 40 33
25 44 58
25 46 27
26 29 19
26 31 68
26 33 23
26 37 18
26 39 98
26 42 39
27 30 49
27 33 64
27 38 91
27 41 43
27 43 56
27 48 37
28 29 89
28 40 54
28 42 33
28 45 59
28 48 46
29 32 18
29 33 3
29 37 79
29 39 39
29 41 28
29 42 40
29 46 15
30 31 13
30 35 9
30 40 100
30 42 92
30 43 89
30 46 63
31 32 10
31 34 100
31 39 49
31 41 57
31 42 96
31 46 97
31 47 10
32 38 31
32 44 52
32 47 34
33 35 51
33 39 87
33 40 2
34 39 55
34 41 57
34 44 79
34 45 52
34 46 84
34 47 79
34 48 15
35 38 38
35 39 63
35 40 26
36 39 73
36 45 16
37 40 67
37 42 17
37 44 91
38 40 68
38 41 53
38 43 17
38 45 36
38 46 33
38 48 50
39 43 19
40 42 72
40 44 63
40 46 56
40 48 84
41 43 30
41 44 24
41 46 77
41 47 5
41 48 87
42 47 99
43 45 89
43 47 74
43 48 54
44 46 13
44 47 47
47 48 23
