90
1000
1 5 67
1 10 202
1 12 106
1 13 270
1 14 228
1 22 206
1 26 164
1 27 138
1 30 234
1 41 43
1 43 185
1 44 223
1 49 34
1 50 19
1 52 259
1 58 23
1 61 263
1 63 233
1 68 51
1 69 156
1 71 235
1 73 44
1 80 245
1 82 58
2 4 36
2 5 297
2 6 65
2 10 272
2 11 15
2 13 38
2 15 137
2 19 132
2 21 160
2 33 175
2 34 185
2 35 263
2 39 105
2 53 297
2 59 260
2 60 66
2 78 59
2 79 257
2 80 7
2 88 15
3 5 215
3 7 66
3 12 89
3 23 157
3 24 277
3 30 152
3 38 134
3 48 124
3 52 267
3 55 187
3 56 10
3 57 47
3 71 97
3 76 116
3 81 221
3 83 38
3 85 19
4 10 160
4 13 172
4 16 48
4 18 270
4 22 110
4 23 199
4 29 162
4 31 194
4 35 236
4 39 206
4 52 212
4 54 156
4 55 128
4 57 169
4 58 257
4 69 70
4 71 170
4 73 174
4 79 125
4 81 105
4 84 34
4 87 91
4 90 179
5 11 76
5 12 199
5 17 46
5 21 296
5 25 146
5 27 13
5 29 56
5 31 267
5 35 238
5 36 260
5 37 142
5 38 87
5 40 21
5 41 203
5 43 104
5 44 119
5 52 143
5 53 50
5 54 137
5 56 113
5 62 256
5 65 151
5 75 51
6 14 292
6 17 128
6 18 279
6 20 150
6 22 268
6 24 288
6 32 178
6 35 246
6 36 286
6 42 26
6 54 234
6 55 187
6 59 179
6 63 258
6 65 184
6 67 245
6 69 17
6 70 97
6 73 230
6 74 45
6 76 200
6 77 104
6 84 300
6 87 220
7 9 27
7 12 195
7 18 207
7 21 130
7 23 95
7 27 65
7 29 56
7 30 220
7 40 255
7 43 33
7 50 45
7 51 52
7 54 81
7 55 258
7 56 241
7 57 41
7 59 228
7 62 32
7 67 267
7 69 270
7 73 43
7 79 8
7 83 125
7 86 131
7 88 98
7 90 82
8 13 181
8 17 223
8 18 300
8 26 183
8 28 259
8 31 55
8 32 109
8 33 250
8 40 265
8 42 82
8 44 217
8 45 44
8 48 94
8 50 274
8 55 159
8 56 158
8 57 116
8 67 168
8 69 126
8 70 153
8 72 65
8 73 261
8 75 285
8 77 181
8 81 110
8 82 220
8 86 101
8 90 220
9 17 255
9 18 154
9 19 233
9 20 166
9 25 84
9 30 198
9 31 252
9 32 87
9 38 173
9 47 90
9 48 65
9 50 58
9 70 75
9 71 90
9 76 109
9 77 109
9 81 256
9 83 36
9 84 193
9 89 67
10 23 5
10 27 60
10 31 136
10 39 286
10 41 9
10 43 299
10 47 98
10 49 141
10 56 275
10 58 48
10 59 51
10 60 125
10 65 260
10 67 65
10 68 225
10 75 71
10 78 177
10 79 228
10 82 169
10 87 262
11 21 219
11 26 125
11 31 270
11 38 105
11 41 91
11 45 22
11 47 283
11 48 212
11 53 142
11 54 195
11 62 207
11 71 44
11 75 186
11 76 1
11 79 155
11 82 200
11 83 97
12 14 28
12 16 127
12 29 256
12 30 172
12 34 67
12 35 4
12 36 217
12 43 95
12 44 276
12 50 238
12 61 66
12 64 28
12 66 89
12 69 46
12 70 180
12 71 16
12 78 50
12 80 123
12 81 68
12 87 254
12 88 36
13 27 130
13 28 109
13 29 232
13 30 268
13 33 294
13 38 167
13 41 281
13 42 167
13 45 278
13 54 229
13 56 184
13 58 58
13 59 133
13 75 145
13 78 46
13 85 214
13 87 278
14 30 262
14 34 55
14 36 229
14 38 230
14 39 278
14 45 51
14 46 287
14 47 125
14 48 200
14 50 67
14 55 110
14 58 69
14 59 39
14 64 66
14 66 193
14 70 83
14 71 73
14 77 120
14 79 25
14 89 35
14 90 26
15 19 218
15 26 228
15 27 182
15 41 177
15 43 227
15 47 279
15 48 102
15 49 121
15 52 194
15 58 9
15 61 99
15 62 171
15 63 140
15 65 151
15 66 172
15 67 214
15 75 12
15 77 236
15 83 238
15 84 50
15 87 186
16 20 117
16 23 30
16 29 123
16 33 289
16 37 229
16 39 13
16 42 205
16 46 78
16 49 192
16 55 155
16 59 177
16 62 82
16 63 272
16 65 146
16 66 143
16 72 179
16 75 300
16 76 156
16 81 187
16 84 205
16 89 288
17 28 213
17 45 67
17 46 98
17 49 280
17 57 170
17 70 26
17 72 172
17 73 183
17 74 36
17 75 231
17 81 18
17 90 165
18 21 215
18 23 271
18 24 165
18 35 135
18 37 127
18 38 210
18 43 52
18 44 255
18 53 193
18 56 61
18 61 119
18 62 169
18 64 32
18 70 261
18 74 79
18 77 216
18 81 265
18 84 206
18 85 214
18 86 201
19 27 200
19 28 11
19 30 135
19 32 160
19 35 273
19 41 175
19 42 292
19 46 159
19 48 7
19 55 290
19 58 27
19 60 116
19 67 297
19 69 47
19 73 167
19 74 156
19 75 72
19 80 276
19 84 42
20 21 1
20 26 232
20 33 185
20 35 237
20 36 92
20 38 77
20 39 88
20 43 137
20 45 138
20 46 91
20 50 217
20 57 180
20 59 204
20 61 66
20 70 213
20 71 265
20 74 72
20 75 209
20 85 3
20 90 218
21 24 241
21 28 164
21 37 96
21 38 145
21 40 115
21 46 180
21 51 178
21 53 173
21 54 149
21 55 11
21 58 77
21 60 59
21 73 192
21 76 257
21 77 234
21 83 162
21 85 134
21 88 234
22 26 176
22 34 255
22 44 89
22 45 164
22 52 69
22 54 134
22 57 161
22 68 65
22 69 8
22 72 79
22 74 146
22 76 49
22 79 276
22 89 165
23 29 255
23 33 281
23 34 144
23 38 58
23 49 194
23 51 275
23 52 98
23 59 167
23 64 230
23 77 180
23 79 11
23 90 118
24 25 168
24 26 60
24 27 103
24 29 241
24 39 140
24 46 109
24 55 288
24 62 231
24 64 233
24 65 159
24 66 180
24 71 41
24 72 189
24 75 132
24 76 185
24 77 240
24 81 30
24 82 188
24 85 76
25 27 290
25 28 68
25 32 263
25 35 208
25 37 54
25 38 130
25 49 2
25 50 7
25 53 251
25 54 95
25 60 122
25 63 34
25 64 211
25 67 114
25 78 198
25 84 245
26 32 21
26 35 47
26 37 154
26 42 11
26 43 296
26 44 126
26 60 82
26 63 248
26 64 170
26 65 118
26 66 188
26 68 2
26 69 108
26 71 46
26 72 88
26 74 274
26 78 50
26 82 207
26 85 290
26 87 64
26 88 210
26 90 38
27 31 279
27 37 297
27 40 259
27 45 45
27 48 285
27 56 46
27 57 179
27 58 123
27 60 59
27 69 278
27 73 126
27 77 178
27 85 93
27 86 299
27 87 72
28 29 48
28 34 98
28 37 209
28 42 29
28 48 249
28 57 16
28 59 80
28 60 216
28 62 105
28 66 12
28 69 44
28 80 284
28 81 190
28 82 45
28 83 130
28 85 239
28 87 73
29 32 74
29 36 54
29 39 222
29 42 155
29 45 137
29 50 293
29 52 116
29 53 97
29 68 128
29 71 22
29 72 228
29 73 176
29 75 24
29 81 291
29 83 276
29 89 269
29 90 108
30 31 251
30 34 253
30 36 77
30 43 147
30 48 208
30 55 255
30 58 20
30 60 291
30 67 211
30 68 84
30 70 219
30 71 221
30 73 257
30 75 158
30 83 27
30 88 180
31 32 171
31 35 238
31 42 170
31 44 57
31 46 85
31 52 66
31 53 120
31 56 101
31 58 214
31 59 13
31 67 48
31 68 131
31 70 263
31 72 261
31 84 294
31 87 87
32 41 94
32 45 125
32 59 132
32 63 131
32 69 186
32 82 65
32 86 204
32 88 81
33 34 190
33 45 253
33 53 183
33 56 264
33 58 127
33 62 18
33 68 151
33 71 140
33 74 204
33 76 157
33 81 112
33 82 209
33 83 274
33 84 82
33 86 27
34 36 114
34 37 217
34 46 207
34 47 10
34 56 25
34 58 71
34 60 256
34 67 275
34 74 4
34 77 241
34 86 238
35 36 57
35 38 68
35 46 32
35 48 165
35 51 289
35 58 230
35 60 38
35 62 194
35 69 177
35 70 164
35 76 60
35 81 86
35 89 134
36 37 257
36 40 291
36 47 272
36 48 32
36 51 36
36 57 127
36 62 73
36 64 276
36 67 216
36 68 22
36 74 114
36 76 189
36 83 167
36 84 247
36 88 39
36 90 161
37 38 262
37 43 217
37 48 185
37 60 155
37 77 106
37 78 38
37 84 156
37 85 84
38 53 6
38 59 234
38 64 36
38 77 32
38 78 145
38 81 298
38 85 215
38 90 267
39 42 18
39 46 10
39 49 37
39 50 215
39 53 113
39 58 32
39 70 216
39 77 160
39 80 253
39 83 118
40 48 294
40 49 233
40 50 121
40 52 74
40 58 181
40 60 55
40 61 200
40 69 241
40 80 221
40 87 288
40 88 115
41 44 57
41 51 186
41 58 136
41 61 29
41 81 177
41 90 37
42 43 222
42 55 205
42 60 282
42 68 187
42 69 187
42 72 85
42 73 124
42 74 50
42 77 197
42 79 162
42 80 219
42 82 21
42 83 13
43 44 52
43 50 235
43 52 21
43 54 119
43 55 51
43 63 295
43 65 267
43 67 39
43 75 165
43 83 88
43 90 201
44 45 231
44 50 105
44 56 43
44 61 288
44 66 170
44 67 68
44 70 219
44 73 156
44 76 129
44 79 242
44 81 184
44 82 57
44 83 297
44 84 87
44 86 160
44 90 110
45 53 60
45 54 131
45 55 267
45 58 178
45 59 287
45 61 172
45 66 214
45 68 241
45 73 224
45 82 138
45 86 104
45 89 270
46 51 262
46 68 248
46 88 39
47 55 9
47 65 29
47 67 239
47 74 277
47 80 78
47 82 193
48 50 211
48 53 138
48 59 143
48 63 39
48 69 177
48 72 40
48 79 251
48 80 152
48 81 283
48 85 67
48 86 209
49 50 136
49 54 19
49 57 227
49 59 272
49 60 221
49 62 191
49 64 10
49 73 175
49 74 50
49 75 288
49 76 96
49 78 75
49 84 115
49 85 296
49 88 224
49 89 297
50 55 187
50 57 221
50 59 94
50 64 188
50 68 224
50 69 167
50 75 246
50 86 272
50 87 44
51 53 142
51 54 6
51 55 72
51 60 282
51 62 199
51 64 131
51 65 123
51 68 68
51 75 4
51 78 47
51 80 150
51 83 97
51 87 154
51 90 178
52 54 53
52 55 22
52 57 223
52 61 16
52 63 188
52 65 251
52 74 79
52 77 185
52 81 87
52 82 216
52 86 36
52 88 95
53 55 3
53 63 300
53 65 142
53 66 6
53 67 273
53 74 19
53 76 222
53 79 4
53 83 199
53 84 20
53 86 236
53 89 73
54 62 25
54 75 97
54 76 263
54 84 93
54 85 251
54 90 273
55 57 83
55 60 135
55 64 19
55 67 135
55 71 168
55 82 194
55 84 62
55 89 280
56 58 121
56 62 18
56 66 43
56 70 58
56 76 77
56 77 178
56 81 100
56 84 28
56 89 36
57 58 37
57 59 216
57 63 110
57 67 261
57 68 236
57 69 262
57 70 213
57 71 125
57 78 236
57 89 42
58 65 218
58 69 16
58 71 102
58 79 247
58 81 193
58 82 294
58 87 230
58 89 223
59 62 178
59 63 196
59 65 159
59 73 47
59 74 110
59 75 53
59 81 300
59 82 106
59 83 187
59 85 37
59 88 133
59 89 122
60 64 142
60 65 60
60 66 111
60 69 201
60 71 186
60 72 66
60 78 193
60 79 158
60 80 153
60 83 1
60 86 300
60 87 76
60 88 144
60 90 206
61 62 17
61 64 201
61 69 13
61 76 55
61 77 182
61 83 272
61 86 114
61 87 111
62 66 170
62 68 190
62 70 71
62 74 191
62 77 241
62 78 270
62 83 111
63 65 179
63 68 168
63 71 124
63 73 278
63 75 67
63 76 20
63 90 44
64 74 99
64 76 35
64 82 207
64 86 191
64 87 266
64 88 223
64 89 125
65 71 25
65 82 135
66 69 218
66 71 155
66 72 84
66 85 265
66 88 89
66 89 101
67 68 223
67 71 6
67 85 223
68 73 191
68 74 140
68 75 151
68 86 187
68 89 178
69 78 150
69 79 295
69 89 222
70 71 95
70 79 172
70 87 218
70 88 80
70 90 142
71 77 165
71 80 109
71 85 113
72 73 170
72 74 114
72 76 59
72 82 222
72 83 45
72 85 5
72 87 9
73 76 142
73 77 91
73 81 298
73 87 241
74 75 140
74 84 141
74 88 262
75 77 22
75 78 2
75 83 12
75 85 17
75 86 4
75 89 179
76 79 109
76 85 11
76 87 227
77 83 253
78 83 274
78 88 17
78 90 47
79 90 59
80 81 27
80 83 34
80 84 15
80 85 284
80 86 229
81 85 201
84 90 185
85 87 196
85 90 57
87 88 7
88 89 37
88 90 269
