55
600
1 2 147
1 6 38
1 7 153
1 9 75
1 12 254
1 13 250
1 14 97
1 21 208
1 26 195
1 33 156
1 35 50
1 37 185
1 41 138
1 45 160
1 46 115
1 49 119
1 50 190
1 51 134
1 52 274
2 3 242
2 4 147
2 5 120
2 9 50
2 10 10
2 15 78
2 16 151
2 20 102
2 22 90
2 26 45
2 32 132
2 34 259
2 38 8
2 39 291
2 40 19
2 42 263
2 44 61
2 45 153
2 50 83
2 51 30
2 53 111
2 54 142
3 5 53
3 6 255
3 8 75
3 13 33
3 15 61
3 16 277
3 17 130
3 19 48
3 20 19
3 23 245
3 25 233
3 29 65
3 30 235
3 31 186
3 32 282
3 35 170
3 36 96
3 40 27
3 43 148
3 47 253
3 54 154
4 6 262
4 8 142
4 9 207
4 11 37
4 12 25
4 15 239
4 18 64
4 20 134
4 23 151
4 24 204
4 25 88
4 42 170
4 46 139
4 48 161
4 49 68
4 50 199
4 52 189
5 7 239
5 8 224
5 9 274
5 13 251
5 14 103
5 16 63
5 18 138
5 21 241
5 22 156
5 26 185
5 27 182
5 28 111
5 30 215
5 31 147
5 33 202
5 36 291
5 42 28
5 43 119
5 44 207
5 46 142
5 49 237
5 51 254
5 52 38
5 55 283
6 11 214
6 15 185
6 20 213
6 21 71
6 22 173
6 23 189
6 29 155
6 31 291
6 32 214
6 35 26
6 38 81
6 39 226
6 42 208
6 43 271
6 45 173
6 46 291
6 47 144
6 50 62
6 51 46
6 55 156
7 8 70
7 11 240
7 17 150
7 18 201
7 21 133
7 26 278
7 29 66
7 30 53
7 35 2
7 37 148
7 39 246
7 40 155
7 42 258
7 43 202
7 49 236
7 51 42
7 53 229
7 54 58
7 55 201
8 10 171
8 12 134
8 17 4
8 24 185
8 26 12
8 30 3
8 32 252
8 37 24
8 39 262
8 43 66
8 44 4
8 47 159
8 48 279
8 50 235
8 51 194
8 53 8
9 11 111
9 13 140
9 14 170
9 17 45
9 20 33
9 23 33
9 24 228
9 27 198
9 30 205
9 31 285
9 37 28
9 41 186
9 42 135
9 46 25
9 47 163
9 48 295
9 49 294
9 51 225
9 52 65
10 11 14
10 13 154
10 14 4
10 17 228
10 18 195
10 19 259
10 20 228
10 21 69
10 22 191
10 23 28
10 28 254
10 29 172
10 32 298
10 35 102
10 36 199
10 38 294
10 40 179
10 44 83
10 46 268
10 48 157
10 49 196
10 54 42
10 55 228
11 12 83
11 18 152
11 21 200
11 24 73
11 26 171
11 30 265
11 31 155
11 33 111
11 37 127
11 38 290
11 42 163
11 43 66
11 49 183
11 50 14
11 51 84
11 54 156
11 55 214
12 13 13
12 14 213
12 15 56
12 19 206
12 24 63
12 26 238
12 30 204
12 31 164
12 36 230
12 37 34
12 46 101
12 47 60
12 49 288
12 54 280
13 17 248
13 18 197
13 19 15
13 20 6
13 23 157
13 24 171
13 27 71
13 29 125
13 36 284
13 38 124
13 42 109
13 43 241
13 45 231
13 46 193
13 49 182
13 50 120
13 53 40
13 54 240
14 15 88
14 16 221
14 17 169
14 22 95
14 23 166
14 26 151
14 27 245
14 28 5
14 30 50
14 32 42
14 33 133
14 36 23
14 37 278
14 38 60
14 42 256
14 43 25
14 44 14
14 47 268
14 48 154
14 50 216
14 52 23
14 55 39
15 20 231
15 23 63
15 27 109
15 28 156
15 32 46
15 36 87
15 38 28
15 39 60
15 43 44
15 46 291
15 47 65
15 48 31
15 49 98
15 51 18
15 52 229
15 53 144
15 54 300
16 19 249
16 21 13
16 22 286
16 23 191
16 24 286
16 34 195
16 39 267
16 40 198
16 42 279
16 44 194
16 45 221
16 48 215
16 50 252
16 51 200
16 52 137
16 54 78
17 18 274
17 20 193
17 21 201
17 22 172
17 29 277
17 30 84
17 34 164
17 36 222
17 37 252
17 38 154
17 39 187
17 41 159
17 47 296
17 48 48
17 51 223
17 52 210
18 25 220
18 28 223
18 30 79
18 33 2
18 34 216
18 35 162
18 39 48
18 40 46
18 42 272
18 44 80
18 47 16
18 48 184
18 49 228
18 50 138
18 51 113
18 53 214
19 20 67
19 22 97
19 26 247
19 30 196
19 32 195
19 33 168
19 34 25
19 36 223
19 39 147
19 40 270
19 43 299
19 46 259
19 47 62
19 49 31
19 51 235
19 55 83
20 21 4
20 24 121
20 25 269
20 26 217
20 27 271
20 28 208
20 32 224
20 34 67
20 35 159
20 37 221
20 38 40
20 45 251
20 47 237
20 48 157
20 52 229
20 54 259
21 25 206
21 29 295
21 33 40
21 38 47
21 40 267
21 41 183
21 42 154
21 50 201
21 52 143
21 53 273
21 54 264
22 27 271
22 32 198
22 34 162
22 35 176
22 37 290
22 40 38
22 43 283
22 44 204
22 45 202
22 46 10
22 50 68
22 51 136
22 52 73
22 55 70
23 24 240
23 28 112
23 29 280
23 37 267
23 39 215
23 44 158
23 47 16
23 50 72
23 52 12
23 55 168
24 28 224
24 29 47
24 34 99
24 38 20
24 44 176
24 48 13
24 52 207
24 53 87
24 55 148
25 26 292
25 27 77
25 31 225
25 35 18
25 37 285
25 39 137
25 40 296
25 44 219
25 45 215
25 48 109
25 49 120
26 30 288
26 31 295
26 34 63
26 35 157
26 39 271
26 43 165
26 44 77
26 45 62
26 51 147
26 52 271
26 54 213
27 28 110
27 32 286
27 33 290
27 35 143
27 36 59
27 40 163
27 41 41
27 42 21
27 44 231
27 49 67
27 51 169
27 54 249
28 30 64
28 31 104
28 33 11
28 34 298
28 38 49
28 40 80
28 44 262
28 45 278
28 46 4
28 49 25
28 50 65
28 51 16
28 52 110
28 54 53
28 55 164
29 30 160
29 31 97
29 33 177
29 37 112
29 39 53
29 40 15
29 41 162
29 52 199
29 55 75
30 32 11
30 34 84
30 36 218
30 39 138
30 43 267
30 44 215
30 45 193
30 46 267
30 47 166
30 52 30
30 53 297
31 32 32
31 34 209
31 35 285
31 38 36
31 40 270
31 41 192
31 43 249
31 45 116
31 46 7
31 47 24
32 33 143
32 35 297
32 36 216
32 38 13
32 40 282
32 42 261
32 45 23
32 46 16
32 47 47
33 34 160
33 39 269
33 40 196
33 41 82
33 47 40
33 48 257
33 50 7
33 51 212
33 55 106
34 37 121
34 39 41
34 42 127
34 47 264
34 49 23
35 36 258
35 41 9
35 47 189
35 48 264
35 52 113
35 55 38
36 38 142
36 42 274
36 44 276
36 45 164
36 46 204
36 47 54
36 50 80
36 52 165
37 38 257
37 44 170
37 45 251
37 46 204
37 48 156
37 49 176
37 50 291
37 53 240
38 41 215
38 43 203
38 46 43
38 47 44
39 45 11
39 49 215
39 52 222
39 53 209
40 42 82
40 43 5
40 44 32
40 45 41
40 46 272
40 48 239
40 50 29
40 54 134
40 55 255
41 42 196
41 43 125
41 44 300
41 45 160
41 47 221
41 50 86
41 55 89
42 43 83
42 44 266
42 46 181
42 47 102
42 48 76
42 50 196
43 47 27
43 48 292
43 49 287
43 52 103
43 55 146
44 45 171
44 46 280
44 48 11
44 49 193
44 53 255
44 54 291
45 46 124
45 47 261
45 48 261
45 50 70
45 51 76
45 52 181
45 54 182
46 49 238
46 52 76
46 53 201
46 54 255
47 49 271
47 52 298
47 55 129
48 49 57
48 55 115
49 53 205
49 55 226
50 53 254
51 52 119
51 53 26
51 54 300
52 53 244
