1
40 40
18 4 1 7 17 -1 18 7 13 17 8 1 4 0 0 -1 1 2 16 7 8 9 11 9 10 0 8 18 5 6 17 16 12 10 10 12 3 12 17 17 
9 5 2 3 6 8 6 15 7 13 6 10 5 6 3 8 1 0 14 6 6 14 13 3 18 14 2 14 16 5 6 6 15 7 12 14 8 8 12 -1 
17 1 0 5 15 15 12 12 3 17 13 17 7 2 3 3 1 0 4 9 2 14 7 12 1 11 4 5 12 5 4 3 12 17 11 -1 6 11 13 5 
17 0 11 8 11 12 2 9 6 15 4 4 5 5 -1 15 10 -1 15 9 12 10 13 14 15 12 10 4 9 4 18 15 17 10 5 13 10 12 9 9 
7 4 10 12 7 3 17 0 16 0 12 14 9 -1 17 9 16 18 14 5 10 2 15 12 11 18 4 5 6 17 10 2 -1 15 14 13 12 6 13 12 
12 14 17 7 14 15 1 -1 7 7 -1 9 17 5 10 8 3 3 10 15 8 6 -1 1 2 15 7 16 1 9 16 2 2 13 -1 12 6 3 17 8 
6 10 2 16 15 10 5 0 9 16 13 12 16 2 14 11 0 11 4 18 13 0 10 1 4 18 3 11 16 16 2 14 13 1 4 10 10 10 17 6 
-1 0 -1 0 -1 16 3 9 1 10 -1 4 9 5 17 5 12 -1 3 5 0 10 1 4 14 11 5 5 4 11 1 8 -1 5 2 5 14 3 18 8 
17 0 10 4 6 5 14 11 12 -1 4 12 5 10 4 3 18 14 8 2 2 17 9 10 7 13 9 8 8 2 17 11 5 9 15 1 3 13 17 1 
5 9 4 7 9 2 10 4 17 3 18 10 6 6 8 18 16 17 18 8 15 1 8 13 4 7 14 0 16 1 17 17 6 12 13 3 15 0 1 16 
9 12 1 6 16 11 4 4 14 18 0 4 2 9 1 6 18 1 10 18 1 16 2 7 4 1 12 13 -1 3 10 0 16 14 3 13 13 1 16 0 
1 11 17 10 2 4 17 10 16 2 4 -1 13 18 15 18 2 -1 12 5 3 15 13 9 2 5 14 5 16 0 4 1 13 18 0 0 17 5 0 1 
11 17 2 13 5 4 18 4 17 18 18 6 0 4 13 9 18 -1 4 2 3 7 0 6 18 11 15 4 -1 2 4 6 -1 18 10 0 11 6 9 18 
1 3 5 1 11 6 2 0 16 10 5 12 13 17 16 15 0 16 18 11 10 5 5 7 0 14 17 7 1 12 0 -1 -1 8 -1 12 7 0 15 14 
15 14 12 9 1 0 -1 13 17 7 17 8 -1 12 10 16 -1 16 11 7 9 3 3 6 10 15 1 1 7 12 17 16 15 7 -1 -1 3 0 12 6 
-1 6 12 -1 6 6 10 0 5 14 3 5 2 -1 5 4 8 1 -1 5 1 12 18 2 2 4 3 13 13 0 17 4 12 10 12 6 18 16 4 17 
10 -1 6 10 11 12 10 17 -1 10 16 0 4 16 14 5 7 1 2 9 6 14 10 0 15 3 1 8 13 15 16 1 11 3 15 0 4 11 18 15 
6 17 4 0 5 4 9 6 2 15 17 15 14 14 4 9 3 1 13 5 17 1 18 14 9 17 4 1 8 -1 5 9 5 8 9 17 -1 4 11 2 
7 3 8 6 9 6 11 8 2 9 14 10 5 18 8 16 8 14 11 8 10 16 5 14 4 18 7 1 11 7 18 2 2 2 -1 4 1 12 16 -1 
15 3 0 -1 2 17 10 16 -1 5 16 1 14 16 8 7 7 13 6 17 14 11 12 8 14 9 15 0 2 9 2 5 17 9 0 1 1 11 16 17 
13 3 17 9 5 10 1 8 13 10 5 13 13 17 2 14 13 2 1 12 18 11 10 12 18 5 14 6 5 1 3 15 8 1 18 11 8 1 7 0 
14 16 16 10 18 13 5 7 12 -1 6 6 0 3 16 11 2 16 15 0 5 13 16 18 4 12 2 12 3 11 4 9 14 7 1 9 11 13 3 7 
11 18 18 16 13 11 13 12 7 0 6 9 2 16 5 10 8 10 13 3 14 16 11 2 14 11 15 9 2 14 5 8 11 -1 9 4 4 11 10 12 
4 4 2 15 5 7 7 3 9 9 -1 6 0 6 18 12 8 6 3 6 11 1 7 16 18 -1 10 0 -1 18 13 6 1 7 9 17 14 7 7 4 
-1 2 8 9 2 8 16 13 5 -1 2 14 5 1 11 8 3 -1 16 0 1 1 5 18 16 16 5 15 16 3 15 15 17 4 9 9 18 3 10 1 
6 9 1 5 2 11 5 16 1 18 3 10 14 3 5 8 5 10 1 4 8 6 8 8 2 10 13 9 7 9 3 16 7 5 1 10 9 8 6 5 
10 16 7 4 0 6 9 4 14 17 17 17 16 14 10 8 3 15 15 1 4 17 14 1 -1 5 15 15 0 18 15 11 12 12 7 1 1 3 9 15 
8 17 6 6 15 9 11 13 6 14 7 5 7 16 -1 1 6 18 4 6 1 11 0 4 14 9 3 10 17 5 14 12 2 0 13 1 9 0 8 15 
7 4 6 9 10 8 9 5 7 5 5 7 5 3 17 7 7 6 18 8 9 17 9 10 6 3 14 8 11 -1 3 -1 3 -1 10 8 8 12 13 3 
14 14 5 18 14 15 7 16 5 4 14 -1 14 1 17 7 5 -1 15 12 4 5 8 0 16 17 18 5 13 1 17 8 14 6 1 17 1 11 18 18 
7 6 16 15 10 13 16 2 18 7 16 17 18 1 18 9 12 14 9 11 18 3 2 -1 6 12 3 3 6 5 5 14 16 13 12 16 15 3 0 18 
17 17 8 3 14 17 16 7 0 6 8 5 14 4 7 14 7 12 14 9 18 13 10 0 0 6 8 10 4 0 2 2 9 10 13 8 2 8 11 11 
14 12 17 13 12 3 6 15 4 18 5 7 18 16 -1 0 8 9 14 12 12 5 10 2 15 -1 4 8 -1 12 1 9 13 9 2 10 1 14 12 7 
0 11 1 9 13 3 8 15 16 5 3 5 12 15 9 10 9 4 8 17 13 15 8 0 -1 14 10 18 10 7 12 -1 12 2 18 0 0 6 18 17 
4 15 5 1 -1 4 0 -1 1 17 0 8 2 7 0 0 17 7 9 7 6 9 11 1 12 13 5 8 4 2 15 11 14 5 16 18 4 -1 1 8 
12 1 9 10 10 4 14 14 18 4 9 14 16 -1 11 6 3 17 0 16 2 16 14 16 13 16 12 3 -1 3 6 15 1 7 15 9 12 7 12 2 
17 6 3 6 6 14 8 12 6 17 13 4 18 15 17 1 13 14 9 11 13 17 6 4 -1 -1 10 13 12 2 3 16 11 11 2 16 0 5 17 16 
12 6 8 14 4 15 9 11 9 2 8 4 15 13 10 -1 10 10 16 3 3 1 3 1 2 -1 3 5 2 -1 9 1 10 6 18 0 3 13 5 1 
1 5 8 12 16 1 1 10 13 4 9 0 6 1 13 15 18 10 1 3 15 17 12 11 1 11 9 18 7 15 4 2 12 9 11 13 0 5 0 8 
3 13 15 3 13 4 3 8 9 3 14 5 1 18 9 15 -1 6 18 1 15 11 15 14 10 18 2 14 16 6 4 6 5 3 12 9 4 16 6 4 
1 1 1 0 0 0 0 0
40 40 6 0 0 0 0 0
