2
40 40
158 70 241 21 192 208 171 248 166 225 44 73 169 65 14 126 127 159 230 16 54 122 150 169 232 61 221 48 47 173 204 66 19 74 208 49 141 161 74 209 
183 71 57 96 211 159 66 98 85 203 41 125 69 108 99 127 210 211 148 231 208 77 240 22 89 6 221 110 13 34 76 162 163 6 172 137 165 136 147 46 
108 3 30 93 3 33 225 146 106 31 61 23 87 187 160 153 78 8 218 242 218 208 58 113 109 145 175 230 154 206 33 205 89 112 175 164 38 156 46 156 
44 229 224 96 20 30 64 54 184 167 97 17 88 197 48 41 138 167 186 63 103 87 23 156 156 23 164 116 34 116 224 62 10 82 235 36 143 135 71 170 
94 10 209 44 132 141 217 150 230 70 157 240 237 246 184 80 179 172 141 11 25 180 66 238 104 183 26 85 146 38 71 42 233 4 115 216 37 58 132 114 
230 166 122 21 82 159 102 4 14 184 207 199 222 246 22 35 39 189 107 148 16 26 223 58 15 60 82 211 162 98 4 82 94 84 195 77 215 53 134 53 
6 128 169 63 11 87 188 23 140 76 73 39 44 140 206 204 89 27 83 243 44 38 188 172 144 20 74 241 13 158 156 201 238 13 43 21 204 110 53 247 
98 135 100 232 70 178 218 66 97 200 49 61 147 34 184 229 62 237 40 5 154 210 63 18 31 40 51 28 40 96 4 223 215 225 196 112 235 188 226 75 
167 61 119 199 108 121 135 67 147 63 204 20 118 200 20 171 195 100 121 72 181 208 68 191 158 19 202 223 232 225 217 11 164 36 138 225 241 213 82 226 
57 143 8 99 184 118 212 178 28 27 140 177 217 236 170 114 205 8 39 21 52 95 198 0 193 242 157 244 36 103 207 216 66 188 230 215 183 214 91 151 
66 96 201 153 164 102 127 175 0 -1 212 120 240 111 196 17 97 236 186 146 159 214 89 21 62 227 227 -1 247 237 133 51 83 23 104 94 212 103 153 33 
48 116 57 45 140 88 6 135 208 18 191 104 201 95 200 97 44 103 189 244 58 192 79 188 93 216 106 130 229 167 104 67 219 49 242 232 147 95 194 25 
94 30 95 79 179 177 156 123 126 227 137 154 99 89 193 218 96 24 171 175 6 101 233 130 245 54 18 25 206 205 94 203 63 152 29 65 37 17 221 0 
34 76 175 91 153 190 6 144 82 238 221 180 13 90 186 48 222 203 217 182 65 245 60 36 162 210 79 93 142 54 49 103 109 194 240 78 56 11 71 69 
29 88 134 129 143 199 3 119 110 137 4 116 21 47 217 236 175 218 40 227 41 104 191 29 53 190 99 49 191 73 207 193 152 0 245 44 216 121 121 113 
229 60 124 155 173 196 207 115 123 132 163 68 202 112 92 98 183 240 102 98 247 150 7 61 155 87 97 228 228 179 118 23 17 244 157 34 168 30 194 80 
19 101 157 1 22 152 93 100 180 88 181 227 209 21 79 69 232 155 188 23 101 72 220 67 21 27 12 150 208 141 111 137 110 214 187 197 72 177 177 52 
85 41 100 101 115 218 54 210 62 203 226 54 181 133 45 182 155 66 183 58 42 128 159 142 135 1 125 112 102 20 224 191 55 227 206 43 54 27 81 73 
65 168 123 233 242 69 107 30 193 79 244 226 222 89 59 43 70 185 51 236 33 141 5 226 110 86 175 38 165 238 80 97 148 182 1 5 232 218 64 244 
25 106 101 30 100 130 53 142 127 179 1 96 215 131 190 92 133 127 19 231 138 144 237 65 207 66 186 101 26 47 219 183 152 0 244 7 79 110 152 85 
10 89 219 4 174 207 91 193 120 175 79 174 213 45 11 113 126 83 213 39 176 152 19 174 190 182 242 104 113 139 135 115 159 210 155 54 109 217 164 157 
180 120 30 84 183 240 130 219 26 188 74 118 155 8 55 19 117 138 248 177 206 85 53 75 2 30 217 129 148 139 10 86 36 170 128 84 140 37 90 213 
18 27 217 176 118 217 63 244 26 171 248 246 164 68 224 155 207 229 19 147 92 77 127 52 25 99 210 209 227 244 158 20 202 186 49 86 140 13 174 96 
121 152 58 235 92 211 236 141 180 177 134 57 170 15 154 102 95 248 198 156 137 175 119 165 163 196 180 2 227 5 164 45 221 15 76 235 148 142 200 170 
63 186 89 98 37 68 126 5 59 22 94 28 116 148 30 18 228 26 182 119 57 186 203 32 7 14 34 241 38 244 241 222 239 10 121 42 20 227 223 2 
94 146 231 91 209 233 215 49 209 87 80 162 235 174 103 225 25 218 244 163 22 152 8 130 78 93 171 196 127 113 19 57 237 158 27 21 13 6 19 74 
159 233 110 145 42 216 76 9 184 10 101 67 159 5 166 71 188 71 141 153 38 226 232 106 142 165 229 153 174 46 56 7 118 8 210 115 184 190 222 247 
3 95 83 184 58 198 154 70 166 22 136 40 110 195 226 60 74 89 168 233 140 186 210 110 114 148 30 155 45 102 42 20 119 238 247 150 130 127 176 0 
98 216 221 19 126 29 8 51 162 168 7 167 160 12 133 243 163 80 174 132 183 86 176 136 30 25 235 14 87 194 208 83 56 111 166 40 44 112 231 182 
149 208 240 22 34 116 -1 114 22 173 204 200 80 156 163 123 96 106 21 236 191 54 245 137 103 112 199 85 0 212 191 31 140 80 193 23 111 92 -1 26 
183 237 138 47 148 205 183 231 43 199 158 183 5 116 51 79 37 59 5 173 52 223 79 149 104 223 25 57 42 39 97 133 127 23 203 146 221 3 62 184 
209 88 34 135 143 44 161 171 148 239 226 106 188 167 231 58 123 140 227 170 30 60 21 184 75 223 82 6 61 202 22 180 44 122 119 32 20 4 128 27 
212 127 212 224 68 198 128 4 143 153 121 70 76 10 25 29 235 223 164 170 105 81 176 137 114 218 212 222 101 167 25 104 243 141 17 150 31 97 145 204 
222 149 112 123 234 0 127 111 52 98 47 218 216 47 36 198 96 109 199 215 152 208 194 210 244 139 155 43 89 23 50 98 32 80 186 107 109 144 118 225 
212 115 35 13 183 138 4 226 32 94 42 181 240 55 248 0 207 172 96 97 182 16 8 101 108 218 162 207 105 61 58 11 138 233 138 204 220 20 130 58 
75 39 41 199 234 142 69 225 112 232 18 42 175 243 76 99 99 148 192 23 177 122 25 208 240 100 75 226 217 238 107 5 244 125 73 10 51 154 58 235 
176 1 54 141 107 2 209 199 17 24 7 61 82 204 117 152 168 60 22 48 240 215 22 99 169 103 101 13 160 33 135 229 105 104 45 195 196 219 4 233 
237 64 172 240 128 186 203 26 61 143 109 175 32 5 108 95 94 35 167 19 83 222 241 0 94 107 40 37 83 197 202 5 246 54 85 136 172 202 171 112 
44 75 177 146 8 38 242 221 128 54 147 248 140 170 86 191 76 17 44 39 87 121 190 43 148 97 223 238 124 139 176 40 231 21 21 37 14 126 194 177 
240 108 -1 81 202 78 148 44 221 33 19 104 201 53 0 93 157 110 149 195 192 140 147 35 226 87 145 207 69 207 131 136 16 210 11 58 193 153 178 147 
3 3 2 0 0 5 6 0
38 38 0 0 0 0 0 0
