90
100000000011111111110000000000111111111100000000001111111111000000000011111111110000000000
110000000011111111110000000000111111111100000000001111111111000000000011111111110000000000
111000000011111111110000000000111111111100000000001111111111000000000011111111110000000000
111100000011111111110000000000111111111100000000001111111111000000000011111111110000000000
111110000011111111110000000000111111111100000000001111111111000000000011111111110000000000
111111000011111111110000000000111111111100000000001111111111000000000011111111110000000000
111111100011111111110000000000111111111100000000001111111111000000000011111111110000000000
111111110011111111110000000000111111111100000000001111111111000000000011111111110000000000
111111111011111111110000000000111111111100000000001111111111000000000011111111110000000000
111111111111111111110000000000111111111100000000001111111111000000000011111111110000000000
000000000010000000001111111111000000000011111111110000000000111111111100000000001111111111
000000000011000000001111111111000000000011111111110000000000111111111100000000001111111111
000000000011100000001111111111000000000011111111110000000000111111111100000000001111111111
000000000011110000001111111111000000000011111111110000000000111111111100000000001111111111
000000000011111000001111111111000000000011111111110000000000111111111100000000001111111111
000000000011111100001111111111000000000011111111110000000000111111111100000000001111111111
000000000011111110001111111111000000000011111111110000000000111111111100000000001111111111
000000000011111111001111111111000000000011111111110000000000111111111100000000001111111111
000000000011111111101111111111000000000011111111110000000000111111111100000000001111111111
000000000011111111111111111111000000000011111111110000000000111111111100000000001111111111
111111111100000000001000000000111111111100000000001111111111000000000011111111110000000000
111111111100000000001100000000111111111100000000001111111111000000000011111111110000000000
111111111100000000001110000000111111111100000000001111111111000000000011111111110000000000
111111111100000000001111000000111111111100000000001111111111000000000011111111110000000000
111111111100000000001111100000111111111100000000001111111111000000000011111111110000000000
111111111100000000001111110000111111111100000000001111111111000000000011111111110000000000
111111111100000000001111111000111111111100000000001111111111000000000011111111110000000000
111111111100000000001111111100111111111100000000001111111111000000000011111111110000000000
111111111100000000001111111110111111111100000000001111111111000000000011111111110000000000
111111111100000000001111111111111111111100000000001111111111000000000011111111110000000000
000000000011111111110000000000100000000011111111110000000000111111111100000000001111111111
000000000011111111110000000000110000000011111111110000000000111111111100000000001111111111
000000000011111111110000000000111000000011111111110000000000111111111100000000001111111111
000000000011111111110000000000111100000011111111110000000000111111111100000000001111111111
000000000011111111110000000000111110000011111111110000000000111111111100000000001111111111
000000000011111111110000000000111111000011111111110000000000111111111100000000001111111111
000000000011111111110000000000111111100011111111110000000000111111111100000000001111111111
000000000011111111110000000000111111110011111111110000000000111111111100000000001111111111
000000000011111111110000000000111111111011111111110000000000111111111100000000001111111111
000000000011111111110000000000111111111111111111110000000000111111111100000000001111111111
111111111100000000001111111111000000000010000000001111111111000000000011111111110000000000
111111111100000000001111111111000000000011000000001111111111000000000011111111110000000000
111111111100000000001111111111000000000011100000001111111111000000000011111111110000000000
111111111100000000001111111111000000000011110000001111111111000000000011111111110000000000
111111111100000000001111111111000000000011111000001111111111000000000011111111110000000000
111111111100000000001111111111000000000011111100001111111111000000000011111111110000000000
111111111100000000001111111111000000000011111110001111111111000000000011111111110000000000
111111111100000000001111111111000000000011111111001111111111000000000011111111110000000000
111111111100000000001111111111000000000011111111101111111111000000000011111111110000000000
111111111100000000001111111111000000000011111111111111111111000000000011111111110000000000
000000000011111111110000000000111111111100000000001000000000111111111100000000001111111111
000000000011111111110000000000111111111100000000001100000000111111111100000000001111111111
000000000011111111110000000000111111111100000000001110000000111111111100000000001111111111
000000000011111111110000000000111111111100000000001111000000111111111100000000001111111111
000000000011111111110000000000111111111100000000001111100000111111111100000000001111111111
000000000011111111110000000000111111111100000000001111110000111111111100000000001111111111
000000000011111111110000000000111111111100000000001111111000111111111100000000001111111111
000000000011111111110000000000111111111100000000001111111100111111111100000000001111111111
000000000011111111110000000000111111111100000000001111111110111111111100000000001111111111
000000000011111111110000000000111111111100000000001111111111111111111100000000001111111111
111111111100000000001111111111000000000011111111110000000000100000000011111111110000000000
111111111100000000001111111111000000000011111111110000000000110000000011111111110000000000
111111111100000000001111111111000000000011111111110000000000111000000011111111110000000000
111111111100000000001111111111000000000011111111110000000000111100000011111111110000000000
111111111100000000001111111111000000000011111111110000000000111110000011111111110000000000
111111111100000000001111111111000000000011111111110000000000111111000011111111110000000000
111111111100000000001111111111000000000011111111110000000000111111100011111111110000000000
111111111100000000001111111111000000000011111111110000000000111111110011111111110000000000
111111111100000000001111111111000000000011111111110000000000111111111011111111110000000000
111111111100000000001111111111000000000011111111110000000000111111111111111111110000000000
000000000011111111110000000000111111111100000000001111111111000000000010000000001111111111
000000000011111111110000000000111111111100000000001111111111000000000011000000001111111111
000000000011111111110000000000111111111100000000001111111111000000000011100000001111111111
000000000011111111110000000000111111111100000000001111111111000000000011110000001111111111
000000000011111111110000000000111111111100000000001111111111000000000011111000001111111111
000000000011111111110000000000111111111100000000001111111111000000000011111100001111111111
000000000011111111110000000000111111111100000000001111111111000000000011111110001111111111
000000000011111111110000000000111111111100000000001111111111000000000011111111001111111111
000000000011111111110000000000111111111100000000001111111111000000000011111111101111111111
000000000011111111110000000000111111111100000000001111111111000000000011111111111111111111
111111111100000000001111111111000000000011111111110000000000111111111100000000001000000000
111111111100000000001111111111000000000011111111110000000000111111111100000000001100000000
111111111100000000001111111111000000000011111111110000000000111111111100000000001110000000
111111111100000000001111111111000000000011111111110000000000111111111100000000001111000000
111111111100000000001111111111000000000011111111110000000000111111111100000000001111100000
111111111100000000001111111111000000000011111111110000000000111111111100000000001111110000
111111111100000000001111111111000000000011111111110000000000111111111100000000001111111000
111111111100000000001111111111000000000011111111110000000000111111111100000000001111111100
111111111100000000001111111111000000000011111111110000000000111111111100000000001111111110
111111111100000000001111111111000000000011111111110000000000111111111100000000001111111111
