100
1000100100001111011111111111111111111111000000000000000000001111111111111111111100000000000000000000
1101001111001010010011111111111111111111000000000000000000001111111111111111111100000000000000000000
1111100001100111110111111111111111111111000000000000000000001111111111111111111100000000000000000000
1001000001000000010011111111111111111111000000000000000000001111111111111111111100000000000000000000
0101110111100111011111111111111111111111000000000000000000001111111111111111111100000000000000000000
1111010101100100111011111111111111111111000000000000000000001111111111111111111100000000000000000000
1011111010101001001011111111111111111111000000000000000000001111111111111111111100000000000000000000
0011001111101110111111111111111111111111000000000000000000001111111111111111111100000000000000000000
1011010010101000000011111111111111111111000000000000000000001111111111111111111100000000000000000000
1000001011101001001011111111111111111111000000000000000000001111111111111111111100000000000000000000
1101000000101111101111111111111111111111000000000000000000001111111111111111111100000000000000000000
1111111111111110101011111111111111111111000000000000000000001111111111111111111100000000000000000000
0011110000001100001111111111111111111111000000000000000000001111111111111111111100000000000000000000
0101001011000100110011111111111111111111000000000000000000001111111111111111111100000000000000000000
0001011011001110101011111111111111111111000000000000000000001111111111111111111100000000000000000000
0101010110011111010111111111111111111111000000000000000000001111111111111111111100000000000000000000
1101101011001001101011111111111111111111000000000000000000001111111111111111111100000000000000000000
0000001011111010110011111111111111111111000000000000000000001111111111111111111100000000000000000000
0111000010000101011011111111111111111111000000000000000000001111111111111111111100000000000000000000
0101011011010110111111111111111111111111000000000000000000001111111111111111111100000000000000000000
0000000000000000000010001001000011110111111111111111111111110000000000000000000011111111111111111111
0000000000000000000011010011110010100100111111111111111111110000000000000000000011111111111111111111
0000000000000000000011111000011001111101111111111111111111110000000000000000000011111111111111111111
0000000000000000000010010000010000000100111111111111111111110000000000000000000011111111111111111111
0000000000000000000001011101111001110111111111111111111111110000000000000000000011111111111111111111
0000000000000000000011110101011001001110111111111111111111110000000000000000000011111111111111111111
0000000000000000000010111110101010010010111111111111111111110000000000000000000011111111111111111111
0000000000000000000000110011111011101111111111111111111111110000000000000000000011111111111111111111
0000000000000000000010110100101010000000111111111111111111110000000000000000000011111111111111111111
0000000000000000000010000010111010010010111111111111111111110000000000000000000011111111111111111111
0000000000000000000011010000001011111011111111111111111111110000000000000000000011111111111111111111
0000000000000000000011111111111111101010111111111111111111110000000000000000000011111111111111111111
0000000000000000000000111100000011000011111111111111111111110000000000000000000011111111111111111111
0000000000000000000001010010110001001100111111111111111111110000000000000000000011111111111111111111
0000000000000000000000010110110011101010111111111111111111110000000000000000000011111111111111111111
0000000000000000000001010101100111110101111111111111111111110000000000000000000011111111111111111111
0000000000000000000011011010110010011010111111111111111111110000000000000000000011111111111111111111
0000000000000000000000000010111110101100111111111111111111110000000000000000000011111111111111111111
0000000000000000000001110000100001010110111111111111111111110000000000000000000011111111111111111111
0000000000000000000001010110110101101111111111111111111111110000000000000000000011111111111111111111
1111111111111111111100000000000000000000100010010000111101111111111111111111111100000000000000000000
1111111111111111111100000000000000000000110100111100101001001111111111111111111100000000000000000000
1111111111111111111100000000000000000000111110000110011111011111111111111111111100000000000000000000
1111111111111111111100000000000000000000100100000100000001001111111111111111111100000000000000000000
1111111111111111111100000000000000000000010111011110011101111111111111111111111100000000000000000000
1111111111111111111100000000000000000000111101010110010011101111111111111111111100000000000000000000
1111111111111111111100000000000000000000101111101010100100101111111111111111111100000000000000000000
1111111111111111111100000000000000000000001100111110111011111111111111111111111100000000000000000000
1111111111111111111100000000000000000000101101001010100000001111111111111111111100000000000000000000
1111111111111111111100000000000000000000100000101110100100101111111111111111111100000000000000000000
1111111111111111111100000000000000000000110100000010111110111111111111111111111100000000000000000000
1111111111111111111100000000000000000000111111111111111010101111111111111111111100000000000000000000
1111111111111111111100000000000000000000001111000000110000111111111111111111111100000000000000000000
1111111111111111111100000000000000000000010100101100010011001111111111111111111100000000000000000000
1111111111111111111100000000000000000000000101101100111010101111111111111111111100000000000000000000
1111111111111111111100000000000000000000010101011001111101011111111111111111111100000000000000000000
1111111111111111111100000000000000000000110110101100100110101111111111111111111100000000000000000000
1111111111111111111100000000000000000000000000101111101011001111111111111111111100000000000000000000
1111111111111111111100000000000000000000011100001000010101101111111111111111111100000000000000000000
1111111111111111111100000000000000000000010101101101011011111111111111111111111100000000000000000000
0000000000000000000011111111111111111111000000000000000000001000100100001111011111111111111111111111
0000000000000000000011111111111111111111000000000000000000001101001111001010010011111111111111111111
0000000000000000000011111111111111111111000000000000000000001111100001100111110111111111111111111111
0000000000000000000011111111111111111111000000000000000000001001000001000000010011111111111111111111
0000000000000000000011111111111111111111000000000000000000000101110111100111011111111111111111111111
0000000000000000000011111111111111111111000000000000000000001111010101100100111011111111111111111111
0000000000000000000011111111111111111111000000000000000000001011111010101001001011111111111111111111
0000000000000000000011111111111111111111000000000000000000000011001111101110111111111111111111111111
0000000000000000000011111111111111111111000000000000000000001011010010101000000011111111111111111111
0000000000000000000011111111111111111111000000000000000000001000001011101001001011111111111111111111
0000000000000000000011111111111111111111000000000000000000001101000000101111101111111111111111111111
0000000000000000000011111111111111111111000000000000000000001111111111111110101011111111111111111111
0000000000000000000011111111111111111111000000000000000000000011110000001100001111111111111111111111
0000000000000000000011111111111111111111000000000000000000000101001011000100110011111111111111111111
0000000000000000000011111111111111111111000000000000000000000001011011001110101011111111111111111111
0000000000000000000011111111111111111111000000000000000000000101010110011111010111111111111111111111
0000000000000000000011111111111111111111000000000000000000001101101011001001101011111111111111111111
0000000000000000000011111111111111111111000000000000000000000000001011111010110011111111111111111111
0000000000000000000011111111111111111111000000000000000000000111000010000101011011111111111111111111
0000000000000000000011111111111111111111000000000000000000000101011011010110111111111111111111111111
1111111111111111111100000000000000000000111111111111111111110000000000000000000010001001000011110111
1111111111111111111100000000000000000000111111111111111111110000000000000000000011010011110010100100
1111111111111111111100000000000000000000111111111111111111110000000000000000000011111000011001111101
1111111111111111111100000000000000000000111111111111111111110000000000000000000010010000010000000100
1111111111111111111100000000000000000000111111111111111111110000000000000000000001011101111001110111
1111111111111111111100000000000000000000111111111111111111110000000000000000000011110101011001001110
1111111111111111111100000000000000000000111111111111111111110000000000000000000010111110101010010010
1111111111111111111100000000000000000000111111111111111111110000000000000000000000110011111011101111
1111111111111111111100000000000000000000111111111111111111110000000000000000000010110100101010000000
1111111111111111111100000000000000000000111111111111111111110000000000000000000010000010111010010010
1111111111111111111100000000000000000000111111111111111111110000000000000000000011010000001011111011
1111111111111111111100000000000000000000111111111111111111110000000000000000000011111111111111101010
1111111111111111111100000000000000000000111111111111111111110000000000000000000000111100000011000011
1111111111111111111100000000000000000000111111111111111111110000000000000000000001010010110001001100
1111111111111111111100000000000000000000111111111111111111110000000000000000000000010110110011101010
1111111111111111111100000000000000000000111111111111111111110000000000000000000001010101100111110101
1111111111111111111100000000000000000000111111111111111111110000000000000000000011011010110010011010
1111111111111111111100000000000000000000111111111111111111110000000000000000000000000010111110101100
1111111111111111111100000000000000000000111111111111111111110000000000000000000001110000100001010110
1111111111111111111100000000000000000000111111111111111111110000000000000000000001010110110101101111
