75
111111111111111111111111111111111110000000000000001111111111111110000011111
011101111111111111111111111111111110000000000000001111111111111110000011111
001001111111111111111111111111111110000000000000001111111111111110000011111
001111111111111111111111111111111110000000000000001111111111111110000011111
011011111111111111111111111111111110000000000000001111111111111110000011111
000001111100000000000000011111000001111100000000001111111111111111111100000
000000111000000000000000011111000001111100000000001111111111111111111100000
000000010000000000000000011111000001111100000000001111111111111111111100000
000000011100000000000000011111000001111100000000001111111111111111111100000
000000110100000000000000011111000001111100000000001111111111111111111100000
000001111111111000000000011111111111111100000000000000011111111111111111111
000001111101110000000000011111111111111100000000000000011111111111111111111
000001111100100000000000011111111111111100000000000000011111111111111111111
000001111100111000000000011111111111111100000000000000011111111111111111111
000001111101101000000000011111111111111100000000000000011111111111111111111
000001111111111111111111100000000001111111111111110000000000000000000011111
000001111111111011101111100000000001111111111111110000000000000000000011111
000001111111111001001111100000000001111111111111110000000000000000000011111
000001111111111001111111100000000001111111111111110000000000000000000011111
000001111111111011011111100000000001111111111111110000000000000000000011111
000001111111111000001111111111000001111111111111111111111111000000000011111
000001111111111000000111011111000001111111111111111111111111000000000011111
000001111111111000000010011111000001111111111111111111111111000000000011111
000001111111111000000011111111000001111111111111111111111111000000000011111
000001111111111000000110111111000001111111111111111111111111000000000011111
000000000000000111110000011111000000000011111000001111100000111110000000000
000000000000000111110000001110000000000011111000001111100000111110000000000
000000000000000111110000000100000000000011111000001111100000111110000000000
000000000000000111110000000111000000000011111000001111100000111110000000000
000000000000000111110000001101000000000011111000001111100000111110000000000
000001111100000111111111111111111110000000000000000000011111000001111100000
000001111100000111111111111111011100000000000000000000011111000001111100000
000001111100000111111111111111001000000000000000000000011111000001111100000
000001111100000111111111111111001110000000000000000000011111000001111100000
000001111100000111111111111111011010000000000000000000011111000001111100000
111110000000000000000000011111111111111111111111110000000000111111111111111
111110000000000000000000011111111110111011111111110000000000111111111111111
111110000000000000000000011111111110010011111111110000000000111111111111111
111110000000000000000000011111111110011111111111110000000000111111111111111
111110000000000000000000011111111110110111111111110000000000111111111111111
111111111111111000000000000000111110000011111000000000000000111111111100000
111111111111111000000000000000111110000001110000000000000000111111111100000
111111111111111000000000000000111110000000100000000000000000111111111100000
111111111111111000000000000000111110000000111000000000000000111111111100000
111111111111111000000000000000111110000001101000000000000000111111111100000
111111111111111000000000011111111110000011111111111111100000111111111111111
111111111111111000000000011111111110000011111011101111100000111111111111111
111111111111111000000000011111111110000011111001001111100000111111111111111
111111111111111000000000011111111110000011111001111111100000111111111111111
111111111111111000000000011111111110000011111011011111100000111111111111111
000000000011111111110000000000111111111111111000001111111111000000000011111
000000000011111111110000000000111111111111111000000111011111000000000011111
000000000011111111110000000000111111111111111000000010011111000000000011111
000000000011111111110000000000111111111111111000000011111111000000000011111
000000000011111111110000000000111111111111111000000110111111000000000011111
000000000000000111110000011111000001111111111111110000011111111111111111111
000000000000000111110000011111000001111111111111110000001110111111111111111
000000000000000111110000011111000001111111111111110000000100111111111111111
000000000000000111110000011111000001111111111111110000000111111111111111111
000000000000000111110000011111000001111111111111110000001101111111111111111
000000000000000111111111100000111110000000000000001111100000111110000000000
000000000000000111111111100000111110000000000000001111100000011100000000000
000000000000000111111111100000111110000000000000001111100000001000000000000
000000000000000111111111100000111110000000000000001111100000001110000000000
000000000000000111111111100000111110000000000000001111100000011010000000000
111110000000000111111111111111000000000000000000001111100000111111111100000
111110000000000111111111111111000000000000000000001111100000111110111000000
111110000000000111111111111111000000000000000000001111100000111110010000000
111110000000000111111111111111000000000000000000001111100000111110011100000
111110000000000111111111111111000000000000000000001111100000111110110100000
000001111100000000000000011111111110000011111000000000000000111111111111111
000001111100000000000000011111111110000011111000000000000000111111111101110
000001111100000000000000011111111110000011111000000000000000111111111100100
000001111100000000000000011111111110000011111000000000000000111111111100111
000001111100000000000000011111111110000011111000000000000000111111111101101
