90
100011010111111111111111111111111111111100000000001111111111000000000000000000000000000000
110011001111111111111111111111111111111100000000001111111111000000000000000000000000000000
111001100011111111111111111111111111111100000000001111111111000000000000000000000000000000
111110110111111111111111111111111111111100000000001111111111000000000000000000000000000000
001011010011111111111111111111111111111100000000001111111111000000000000000000000000000000
000101111011111111111111111111111111111100000000001111111111000000000000000000000000000000
110010110111111111111111111111111111111100000000001111111111000000000000000000000000000000
011000011011111111111111111111111111111100000000001111111111000000000000000000000000000000
101110101111111111111111111111111111111100000000001111111111000000000000000000000000000000
001011010111111111111111111111111111111100000000001111111111000000000000000000000000000000
000000000010001101010000000000000000000000000000001111111111111111111111111111111111111111
000000000011001100110000000000000000000000000000001111111111111111111111111111111111111111
000000000011100110000000000000000000000000000000001111111111111111111111111111111111111111
000000000011111011010000000000000000000000000000001111111111111111111111111111111111111111
000000000000101101000000000000000000000000000000001111111111111111111111111111111111111111
000000000000010111100000000000000000000000000000001111111111111111111111111111111111111111
000000000011001011010000000000000000000000000000001111111111111111111111111111111111111111
000000000001100001100000000000000000000000000000001111111111111111111111111111111111111111
000000000010111010110000000000000000000000000000001111111111111111111111111111111111111111
000000000000101101010000000000000000000000000000001111111111111111111111111111111111111111
000000000011111111111000110101000000000011111111111111111111111111111111111111111111111111
000000000011111111111100110011000000000011111111111111111111111111111111111111111111111111
000000000011111111111110011000000000000011111111111111111111111111111111111111111111111111
000000000011111111111111101101000000000011111111111111111111111111111111111111111111111111
000000000011111111110010110100000000000011111111111111111111111111111111111111111111111111
000000000011111111110001011110000000000011111111111111111111111111111111111111111111111111
000000000011111111111100101101000000000011111111111111111111111111111111111111111111111111
000000000011111111110110000110000000000011111111111111111111111111111111111111111111111111
000000000011111111111011101011000000000011111111111111111111111111111111111111111111111111
000000000011111111110010110101000000000011111111111111111111111111111111111111111111111111
000000000011111111111111111111100011010100000000001111111111000000000000000000000000000000
000000000011111111111111111111110011001100000000001111111111000000000000000000000000000000
000000000011111111111111111111111001100000000000001111111111000000000000000000000000000000
000000000011111111111111111111111110110100000000001111111111000000000000000000000000000000
000000000011111111111111111111001011010000000000001111111111000000000000000000000000000000
000000000011111111111111111111000101111000000000001111111111000000000000000000000000000000
000000000011111111111111111111110010110100000000001111111111000000000000000000000000000000
000000000011111111111111111111011000011000000000001111111111000000000000000000000000000000
000000000011111111111111111111101110101100000000001111111111000000000000000000000000000000
000000000011111111111111111111001011010100000000001111111111000000000000000000000000000000
111111111111111111110000000000111111111110001101011111111111111111111111111111111111111111
111111111111111111110000000000111111111111001100111111111111111111111111111111111111111111
111111111111111111110000000000111111111111100110001111111111111111111111111111111111111111
111111111111111111110000000000111111111111111011011111111111111111111111111111111111111111
111111111111111111110000000000111111111100101101001111111111111111111111111111111111111111
111111111111111111110000000000111111111100010111101111111111111111111111111111111111111111
111111111111111111110000000000111111111111001011011111111111111111111111111111111111111111
111111111111111111110000000000111111111101100001101111111111111111111111111111111111111111
111111111111111111110000000000111111111110111010111111111111111111111111111111111111111111
111111111111111111110000000000111111111100101101011111111111111111111111111111111111111111
000000000000000000000000000000000000000000000000001000110101000000000011111111111111111111
000000000000000000000000000000000000000000000000001100110011000000000011111111111111111111
000000000000000000000000000000000000000000000000001110011000000000000011111111111111111111
000000000000000000000000000000000000000000000000001111101101000000000011111111111111111111
000000000000000000000000000000000000000000000000000010110100000000000011111111111111111111
000000000000000000000000000000000000000000000000000001011110000000000011111111111111111111
000000000000000000000000000000000000000000000000001100101101000000000011111111111111111111
000000000000000000000000000000000000000000000000000110000110000000000011111111111111111111
000000000000000000000000000000000000000000000000001011101011000000000011111111111111111111
000000000000000000000000000000000000000000000000000010110101000000000011111111111111111111
111111111100000000000000000000111111111100000000001111111111100011010100000000000000000000
111111111100000000000000000000111111111100000000001111111111110011001100000000000000000000
111111111100000000000000000000111111111100000000001111111111111001100000000000000000000000
111111111100000000000000000000111111111100000000001111111111111110110100000000000000000000
111111111100000000000000000000111111111100000000001111111111001011010000000000000000000000
111111111100000000000000000000111111111100000000001111111111000101111000000000000000000000
111111111100000000000000000000111111111100000000001111111111110010110100000000000000000000
111111111100000000000000000000111111111100000000001111111111011000011000000000000000000000
111111111100000000000000000000111111111100000000001111111111101110101100000000000000000000
111111111100000000000000000000111111111100000000001111111111001011010100000000000000000000
111111111100000000000000000000111111111100000000000000000000111111111110001101011111111111
111111111100000000000000000000111111111100000000000000000000111111111111001100111111111111
111111111100000000000000000000111111111100000000000000000000111111111111100110001111111111
111111111100000000000000000000111111111100000000000000000000111111111111111011011111111111
111111111100000000000000000000111111111100000000000000000000111111111100101101001111111111
111111111100000000000000000000111111111100000000000000000000111111111100010111101111111111
111111111100000000000000000000111111111100000000000000000000111111111111001011011111111111
111111111100000000000000000000111111111100000000000000000000111111111101100001101111111111
111111111100000000000000000000111111111100000000000000000000111111111110111010111111111111
111111111100000000000000000000111111111100000000000000000000111111111100101101011111111111
111111111100000000000000000000111111111100000000000000000000111111111100000000001000110101
111111111100000000000000000000111111111100000000000000000000111111111100000000001100110011
111111111100000000000000000000111111111100000000000000000000111111111100000000001110011000
111111111100000000000000000000111111111100000000000000000000111111111100000000001111101101
111111111100000000000000000000111111111100000000000000000000111111111100000000000010110100
111111111100000000000000000000111111111100000000000000000000111111111100000000000001011110
111111111100000000000000000000111111111100000000000000000000111111111100000000001100101101
111111111100000000000000000000111111111100000000000000000000111111111100000000000110000110
111111111100000000000000000000111111111100000000000000000000111111111100000000001011101011
111111111100000000000000000000111111111100000000000000000000111111111100000000000010110101
