39
110101010101010101010101010101010101010
011010101010101010101010101010101010101
101101010101010101010101010101010101010
010110101010101010101010101010101010101
101011010101010101010101010101010101010
010101101010101010101010101010101010101
101010110101010101010101010101010101010
010101011010101010101010101010101010101
101010101101010101010101010101010101010
010101010110101010101010101010101010101
101010101011010101010101010101010101010
010101010101101010101010101010101010101
101010101010110101010101010101010101010
010101010101011010101010101010101010101
101010101010101101010101010101010101010
010101010101010110101010101010101010101
101010101010101011010101010101010101010
010101010101010101101010101010101010101
101010101010101010110101010101010101010
010101010101010101011010101010101010101
101010101010101010101101010101010101010
010101010101010101010110101010101010101
101010101010101010101011010101010101010
010101010101010101010101101010101010101
101010101010101010101010110101010101010
010101010101010101010101011010101010101
101010101010101010101010101101010101010
010101010101010101010101010110101010101
101010101010101010101010101011010101010
010101010101010101010101010101101010101
101010101010101010101010101010110101010
010101010101010101010101010101011010101
101010101010101010101010101010101101010
010101010101010101010101010101010110101
101010101010101010101010101010101011010
010101010101010101010101010101010101101
101010101010101010101010101010101010110
010101010101010101010101010101010101011
101010101010101010101010101010101010101
