50
11001011001111111111000000000011111111110000000000
01000100101111111111000000000011111111110000000000
11101111011111111111000000000011111111110000000000
11111011111111111111000000000011111111110000000000
01001001011111111111000000000011111111110000000000
10011110101111111111000000000011111111110000000000
01001010101111111111000000000011111111110000000000
01000111101111111111000000000011111111110000000000
10101000111111111111000000000011111111110000000000
11000111011111111111000000000011111111110000000000
00000000001100101100111111111100000000001111111111
00000000000100010010111111111100000000001111111111
00000000001110111101111111111100000000001111111111
00000000001111101111111111111100000000001111111111
00000000000100100101111111111100000000001111111111
00000000001001111010111111111100000000001111111111
00000000000100101010111111111100000000001111111111
00000000000100011110111111111100000000001111111111
00000000001010100011111111111100000000001111111111
00000000001100011101111111111100000000001111111111
11111111110000000000110010110011111111110000000000
11111111110000000000010001001011111111110000000000
11111111110000000000111011110111111111110000000000
11111111110000000000111110111111111111110000000000
11111111110000000000010010010111111111110000000000
11111111110000000000100111101011111111110000000000
11111111110000000000010010101011111111110000000000
11111111110000000000010001111011111111110000000000
11111111110000000000101010001111111111110000000000
11111111110000000000110001110111111111110000000000
00000000001111111111000000000011001011001111111111
00000000001111111111000000000001000100101111111111
00000000001111111111000000000011101111011111111111
00000000001111111111000000000011111011111111111111
00000000001111111111000000000001001001011111111111
00000000001111111111000000000010011110101111111111
00000000001111111111000000000001001010101111111111
00000000001111111111000000000001000111101111111111
00000000001111111111000000000010101000111111111111
00000000001111111111000000000011000111011111111111
11111111110000000000111111111100000000001100101100
11111111110000000000111111111100000000000100010010
11111111110000000000111111111100000000001110111101
11111111110000000000111111111100000000001111101111
11111111110000000000111111111100000000000100100101
11111111110000000000111111111100000000001001111010
11111111110000000000111111111100000000000100101010
11111111110000000000111111111100000000000100011110
11111111110000000000111111111100000000001010100011
11111111110000000000111111111100000000001100011101
