50
983527 809774 44808
850703 611382 838003
499830 196431 62375
535729 814459 789847
38956 728349 901482
984600 871222 904592
361256 590134 182882
404759 400068 289182
406898 120965 526023
541652 133944 777187
995894 16617 817033
803787 999493 657814
127062 687909 462088
214853 861109 992630
61527 753178 799929
69582 17433 833012
215416 719735 643541
193594 26724 23071
988359 623975 370103
240714 358425 136750
106730 77190 617256
302443 283245 779826
354319 202062 10469
822462 381127 394508
751343 735083 98251
711235 405577 384415
421307 984280 980925
305543 763577 865512
359474 727419 36850
993345 534173 782705
490841 920673 399127
326824 104117 730191
815789 892711 920991
954127 589985 210672
500349 135515 71711
544252 991172 483987
122286 993340 410873
775645 315546 54404
569489 185303 567428
544716 78119 140342
361178 619689 791878
788237 614520 130552
60234 597578 652015
658276 800637 141170
244276 328336 424160
492802 291353 540940
687955 235465 446387
957822 725149 387243
823031 702779 384547
598512 118800 985298
