140
185244 703426 852893
260003 486482 326701
866739 600460 664926
781346 457844 894782
617033 811768 709720
797035 807864 212745
530309 893569 965846
753475 485259 884763
698598 11336 32452
834696 456901 791165
216564 770127 421991
84705 485784 398244
461896 693570 247682
778240 173814 753948
904313 147821 913075
26483 436578 288855
961184 78943 657710
625343 807063 262215
69106 107986 453243
991107 993573 984087
609236 925209 197868
645163 235291 607392
997469 326490 922510
783993 738106 483905
610879 694483 361245
308372 697359 747100
997030 195149 384719
243879 992738 396571
684801 985296 639899
121289 971037 808438
842454 487934 859964
582757 317897 257383
147075 49565 966231
72587 73929 762007
868224 656669 552417
924688 645945 987121
227617 569422 13254
787475 821024 558242
48458 472661 877273
918717 637746 790719
869240 987968 167331
245864 524724 546350
282444 312525 105820
465594 49794 8441
201437 988641 429842
482630 32925 144251
446332 988925 957630
448025 388775 977491
162352 168193 709971
283430 958168 592280
26485 491351 288844
204556 86535 71584
180740 894003 10287
418584 76391 256154
315643 915567 67702
70271 476354 212865
20803 280564 760500
574219 490882 501886
91718 348620 839398
595613 91366 520281
517560 840002 991218
694890 632431 712016
656066 447592 618235
802602 747335 789770
498793 787480 984407
249483 417887 859102
176961 573592 190091
328235 964503 31061
838219 145461 474483
401234 121816 560671
603880 55965 603723
408684 911674 71334
173191 576940 309882
758653 874312 972763
937788 673622 846364
34255 522145 266285
440651 454929 159066
275770 952128 805607
516317 112723 94654
185863 87770 489371
735217 962648 808450
204487 642885 748519
386077 780518 870771
293093 775181 799130
264610 24307 221896
644806 18991 116386
533840 420363 455170
86767 83400 602680
309759 281299 201045
654532 828096 398005
906583 245603 834001
947706 527602 395659
864108 245852 253629
804306 703442 698311
911912 641917 480480
132435 681163 442393
144257 155461 231477
116956 76093 541247
20299 822342 411051
617163 230332 787292
642029 995705 727949
629624 358459 984628
976520 403368 71021
580262 822236 827951
942713 746243 841614
441835 149424 539565
415721 83981 613578
927874 740133 285042
310729 655280 253094
546850 667899 988584
832218 968924 433171
387981 183359 782475
996436 855692 372078
83419 491560 826230
319008 504507 123920
717660 46838 894383
405730 832189 884471
62311 900288 80630
514246 34940 85593
265219 163988 715414
770729 716209 416087
821765 459255 190777
641608 123735 411089
398069 420987 749816
175682 74623 395363
879686 985669 123277
254777 614259 630572
613181 810146 755441
887332 913296 318437
656079 995358 75775
724449 383062 491891
483872 881165 181136
142414 280771 986783
383155 508534 925148
990367 783782 597650
997074 97620 131954
676710 718447 325385
657416 221510 91632
111528 1865 670646
450280 81730 767251
