2000
374136 674908 949267
108430 218921 545249
114698 161259 338971
704990 522143 209386
5037 126119 877429
539692 390221 127111
425446 374744 513219
210691 81053 61496
640472 82547 532981
593464 695235 52112
859748 7586 227246
470761 737821 680733
336203 76356 933529
852262 733227 453224
833518 585188 591181
747598 878202 800935
758971 792266 460858
630574 999939 450561
598649 815982 129569
815882 299800 643282
199783 254234 914001
729588 300150 953214
574434 456168 435090
483465 620777 75244
304876 92574 82201
19148 844094 895090
437371 991693 570383
410712 793773 623914
702851 67631 1655
983820 634265 12184
590736 426947 468941
230536 832418 268006
533648 576707 355875
523969 614083 231257
902102 600871 424247
195143 118777 931715
325691 167887 940623
897097 658199 427017
509936 632975 927089
57940 515447 302971
682218 643848 217096
308686 253602 800931
272144 537427 950460
957841 650661 285792
136081 94593 963602
300918 708546 431905
713038 713376 56084
475457 119952 432365
365191 729246 87759
165910 41811 123185
56349 808433 62671
391160 300370 865726
549303 901147 86373
519661 737710 190602
798499 404877 836310
78272 138838 209323
922445 948972 986350
995440 219787 794488
901166 873264 33574
500933 349715 909976
906264 374663 292674
890271 809514 424251
929841 856638 664001
531891 358244 589178
671793 579731 810840
839943 306482 465626
71543 917645 453770
925789 376354 749393
231254 511274 328123
603577 415168 997583
168555 898745 301134
219148 943008 853327
123276 291208 769357
432655 184184 365618
204225 219316 431360
448593 715526 517503
807813 769926 717877
988005 410704 16940
574258 192085 700992
142626 48654 513876
377602 970493 727211
344891 594138 390537
992983 691132 463839
605097 465269 809992
875449 42580 330053
538216 170206 561809
818932 870860 620148
717444 987905 300819
607063 56118 376232
681700 551928 549418
612851 396996 181169
51827 472440 853751
302690 656064 606941
282536 768462 291405
156006 599761 718627
464616 605870 396614
189584 999089 657370
597144 267976 378515
453462 44106 938591
985584 990096 987799
991883 904949 948759
651975 233620 546972
226720 49286 57779
209503 450375 47063
842778 585799 127462
592181 4734 977056
918204 234516 988409
926090 242293 572591
816464 953989 585543
692527 334362 105941
902627 987250 331502
333370 262959 514583
303717 803871 959987
28364 899996 489278
73700 420626 996006
774222 812990 938488
351903 876086 645666
639388 456293 822205
584599 903383 201391
997694 240069 756845
426844 64742 527641
933077 350638 531151
6673 875392 176611
300978 709394 988387
937153 1033 719232
151556 850127 552220
993625 823245 576565
916082 297388 445581
601608 449385 942071
860099 896968 296141
700322 206020 702177
474669 995558 159412
980557 393058 861062
609713 243667 40487
987943 451672 783848
805787 303298 429438
987605 942465 702007
889215 560127 991537
726566 666551 888955
785245 982090 188460
281909 891070 185730
270596 7513 629852
299403 410590 177519
861895 705582 996268
847098 998044 693995
125205 22479 917656
559744 363061 569340
34846 198751 878025
659139 455123 996053
824783 718453 984529
453969 682226 404437
879485 340034 296933
679842 561717 952401
682752 567290 275359
712925 466828 641541
667323 493341 989249
807764 792007 93031
650482 820072 326618
78551 940909 460089
561793 333998 328080
948423 694004 499677
547000 314455 992579
70798 958513 878180
997528 515506 53965
728730 329927 302666
847032 526274 560714
862003 426073 133387
48608 14408 826480
83876 333666 70236
196894 745517 189644
448586 173509 749601
469016 442530 101953
388996 907384 464695
61573 285274 684019
921228 43550 633356
837881 221503 853428
958195 543672 115666
839772 776667 551876
468451 114529 378253
161138 246702 533944
479313 174979 983569
325937 292165 439419
867435 985728 169492
481328 920820 802775
894048 691541 317311
286636 269074 710376
446074 950591 116802
782789 998548 920645
222818 446994 43235
834729 525782 913629
762770 514022 18024
846184 60390 176779
221439 747235 671716
99774 458964 221631
983746 693434 716057
240989 79206 827960
295540 447834 996484
505364 851095 543532
419328 733905 495484
123794 357923 277216
872767 959564 151216
222826 914250 516388
983679 379034 412685
961028 866271 476465
569462 559084 550035
275963 73037 953060
943367 614513 209133
501527 424630 211710
999255 484016 673026
557767 882143 316176
492116 467170 864387
998590 369124 90121
870296 923026 271641
684574 888621 665757
774415 607592 615873
236901 831495 567911
810452 598153 713474
313634 46906 749276
279351 124602 829690
557844 185234 883438
817731 725832 655928
365921 224348 989300
244192 562059 990744
84305 803757 140741
901910 996665 63538
42270 336237 308472
995874 637106 661324
174361 486443 543510
910895 298843 706818
446479 676497 669463
630413 449010 15715
677612 354952 196383
69020 55895 127846
462750 584083 163650
567768 301671 49281
115524 449057 705327
533575 926059 896481
878497 914056 40795
851269 169208 52833
502633 651466 478641
354836 346479 29331
171683 499740 430275
290831 460009 679175
620931 518976 926482
88255 653855 908400
640702 237643 488671
123777 671297 388866
750949 182719 999875
710719 835096 185085
497054 377021 894400
712535 194142 829521
181478 547973 395206
443158 783255 460685
101735 451395 366191
97817 220301 438894
15506 237596 909700
506662 953591 377125
324885 16996 492467
43514 787033 848185
131052 617009 883647
675312 237836 457059
368869 132590 999236
698636 693264 329495
389654 222647 995737
92446 248810 116931
887542 468817 592251
588218 287088 108997
390716 810951 263802
335670 89877 926553
605092 42533 40887
229251 46598 149165
655406 844732 287737
965583 811582 124132
590400 920809 540436
982883 459194 784231
455864 665602 769261
731181 353149 863740
130386 607491 997598
257044 512297 996183
940639 412276 700565
696294 984657 397258
979809 179145 550348
33542 431712 672400
121221 842987 282901
177452 707909 362800
129788 644804 207757
342142 868673 550330
757101 377235 994444
959884 370577 774894
979942 112642 460843
291880 829416 968480
402461 808894 598628
523777 439472 588839
577241 480001 484603
993504 966497 270534
315236 522233 627214
233467 510774 972563
632488 839877 526843
751964 762875 9234
132373 704762 85338
112005 408401 734521
763993 541839 179756
250894 684516 957971
69526 994963 517153
583140 741196 95274
52159 831596 440384
622711 60815 388058
990368 335970 441321
498174 695282 743939
482352 350585 450268
631553 654442 573302
919190 90700 751788
360705 205103 987399
807071 748722 776527
282272 650493 209907
9003 912643 341274
328907 14986 169823
750695 979743 978926
990558 233412 930363
280071 436295 559963
269931 352156 435650
286647 202371 113818
4156 139161 533816
968679 433414 814418
162467 570498 700809
213026 243188 764797
185569 981537 999930
739610 979340 118058
257648 813690 353906
28920 608803 936721
125166 469046 887732
455195 79356 267795
342910 651338 431045
713718 399849 879874
74525 995159 71858
164855 459053 226398
533674 389852 342185
988983 966389 984548
885665 997811 812724
145610 122022 192074
447108 208299 319681
223615 999616 344342
65654 999896 192282
95294 295322 216167
624606 723785 988397
678816 317340 420474
500310 417903 358599
869415 812303 996971
632364 726467 229983
511950 402568 62894
454831 185972 326685
176308 824445 837126
536 145228 979447
986691 340517 678745
44671 925642 55238
646524 254551 707262
952358 379582 539076
137994 60177 272893
255681 664210 742705
129373 549536 722724
986283 621548 524096
866370 604085 997292
739538 586865 621776
130944 472865 138970
738649 522301 274241
156856 897668 876132
251124 897752 473845
345993 961594 916228
455766 94006 625309
84396 371893 570429
514317 338800 906272
189991 828704 287317
800258 58103 361094
60298 492236 590972
736465 677090 436585
187828 940188 614938
393390 987868 615747
393891 540900 996012
985067 169723 281922
794267 89414 558656
707979 620814 121450
140161 563027 495419
179964 910227 780226
153523 198241 254495
748766 454888 110509
898991 728876 450186
48945 237200 387867
759600 200689 846066
76450 989525 390426
181709 998863 230089
306070 415476 137308
309900 629639 71189
738094 463320 682422
992236 425397 194514
186656 85728 775098
569240 228497 353786
304969 200046 14312
123115 645774 230547
365009 709747 313600
558218 120080 40495
856373 534178 721477
490133 536066 600971
495886 551409 516191
215229 459248 616005
157857 378394 212869
59539 954409 224062
839735 48784 991705
995587 513913 667635
161717 691122 321434
990733 470199 996761
303888 161510 667054
185549 470532 847842
782123 48816 487370
968142 995224 282293
140402 705863 481613
66881 704082 632322
309979 954033 984596
989429 799183 32888
324244 578129 568168
747320 740887 964137
435840 795539 361426
452272 326866 628771
736166 587152 31887
239319 601211 4186
872944 294521 568843
603745 213095 145425
6707 703962 765100
312460 196250 666031
226720 207394 531977
741077 302673 70113
475636 969176 968490
894269 56336 640075
990966 834386 948194
199271 931603 22190
130005 990505 751554
94919 572265 886872
282302 467274 219139
370397 785990 522162
881396 604582 806634
707812 667279 224304
375101 902797 884742
728510 155479 243362
217242 9835 120370
772378 814965 716081
114498 557316 414384
988143 733685 919155
567635 379356 128263
312224 244851 923616
755823 611028 893182
847593 327242 441201
145630 602426 894192
393169 66801 155798
688111 326295 181795
222184 496113 953412
323356 826529 587277
202883 386488 609332
51516 152595 984413
18878 189452 989538
445513 1917 615397
147626 390524 256042
983359 166036 992713
451739 84495 30855
920993 491829 991108
545749 156017 725884
942944 855943 590766
939898 523287 741380
895420 546128 181872
571025 711113 366274
199817 294596 216126
568480 452970 990211
597313 328769 8845
591639 249351 593189
840066 797563 136866
110147 122124 910616
992015 658391 672564
433568 260557 498803
406057 891444 185184
992523 979533 968862
529875 753569 433981
187659 475420 490988
569795 966568 263417
745955 153837 805290
246360 291207 893932
611149 56537 743066
97058 266516 580699
222142 223795 835941
876122 207449 986830
895447 841613 24519
284019 484587 9570
4872 920816 819076
389015 209447 431527
222770 121196 352195
256115 959250 689028
923802 289291 813778
989216 272602 418965
227996 987654 881159
151848 214392 458223
196586 258401 29091
486110 356013 473286
697934 566603 368599
263750 633045 56435
376856 994572 445063
198498 236720 283106
566791 353846 84215
593080 928964 578516
922596 846367 132202
780111 249164 635091
406707 189795 613358
424972 9329 229923
696917 985501 190324
946750 46262 359455
449483 117880 745087
217886 300884 987000
849778 677371 402774
524098 821645 373913
758749 704017 149072
40047 996917 534186
347248 557543 186821
614782 995579 986878
800000 217632 8559
713413 901946 108778
467067 106282 56099
377955 492557 532023
767848 989595 691890
62828 537534 271198
106734 445056 318176
579701 667403 412776
738272 305223 460326
654634 638847 327399
57880 641845 415218
20364 742111 490224
922693 435762 717268
909373 764338 919799
911255 518104 988713
994291 704829 160017
271349 517970 497154
63263 991308 466886
294064 199344 851710
151785 20770 367450
45191 363123 838108
266543 293406 339764
253245 669247 783702
394946 620420 258033
992202 985098 491462
837839 646199 97530
11719 215452 35009
958430 634739 402249
209851 184508 269845
206865 714080 607576
771138 791875 243639
921825 570105 273524
119869 255432 370535
761196 114992 829281
540748 900912 458532
183017 230247 596431
259701 690590 45861
540626 603375 778674
291838 358315 916246
485417 82415 275787
203203 322109 538150
25480 860109 450265
728134 32189 710431
829466 186380 489779
791212 632003 137961
884380 117650 266720
158014 226201 954114
375855 290832 676972
986972 229781 764534
613650 983935 631486
415499 590624 524020
124007 769440 704274
95081 688441 50286
304596 210278 649940
906753 905827 115805
154541 136741 564987
127531 342136 714766
306938 905343 868745
770886 575529 519736
103506 350595 425009
845120 991350 134168
565830 866222 202907
700776 303228 359794
574638 698965 34156
57829 418497 18400
127392 389420 944373
688321 446740 995090
705399 325249 517292
599480 362061 478076
203723 647391 93859
837630 48588 933276
78942 479206 811912
960167 174990 174139
966820 215187 243195
658587 474453 855914
197794 464020 810964
324547 764217 977267
198052 366800 882585
969590 990302 801140
145234 976773 4118
58832 501070 991305
215728 69910 17650
872751 251797 421533
524812 162023 596014
466839 238057 616969
77369 536722 197944
156349 714138 812785
538952 597750 93547
220759 678295 646541
57841 456292 868704
636428 697813 921583
462087 15870 822168
432782 814014 991444
118592 520801 311490
932400 974832 363826
267571 295261 653553
194606 973132 432432
756674 9560 685544
405524 293166 854287
175667 779165 269075
821087 250132 464352
859573 504268 899735
332571 928057 218285
959851 755487 744270
447656 642181 803516
561303 89129 384151
610659 991411 219399
79228 810662 236289
412125 654287 486287
383399 580508 653889
840796 536963 349961
414545 632255 784502
155202 328366 672409
920663 981574 929473
416072 904299 915517
870923 534871 451312
366404 525530 923860
515750 296405 724663
993244 695342 667439
108475 24603 991507
88270 590445 845452
818690 790591 816332
410724 718560 845851
96796 807733 482733
427514 754816 336879
373590 557003 826894
246978 708544 35124
449202 677476 555822
258390 993229 94591
808949 684041 300670
777362 367548 476018
996534 692460 432455
171424 860733 528535
268717 352761 587175
983826 493066 733864
549738 218574 385248
642596 355663 928719
823228 179400 715500
575711 980098 216654
477933 412793 710423
649007 337098 389010
630494 892474 760366
887361 989157 666129
559203 813333 434600
138928 231931 553673
986110 162549 772165
105894 288193 361981
695455 242967 498593
195767 197175 683784
600914 757634 907132
446830 483927 962409
847718 998421 407984
699359 193338 969030
319304 794681 791566
322704 135045 766216
35811 184129 474817
203194 978891 59961
889538 428577 86181
849796 764990 611276
339301 231312 737393
255899 78830 911147
754302 205664 512770
873586 482557 651051
957310 754872 490372
273108 94693 489952
861208 781228 102435
763881 516251 723378
22188 485965 999520
589130 519740 641462
637508 330930 440621
758098 890006 772475
562469 898147 196665
515571 322667 590783
932232 666335 694165
275287 772496 79026
954063 986214 122874
254302 748415 508773
991299 755088 244169
232591 813048 868925
662037 868994 720508
569916 209485 936695
772223 387009 618442
696281 998183 834005
694377 983361 933890
25004 535634 35818
762407 485526 169819
617687 820252 582898
668324 731276 47878
526360 857560 65483
717236 719788 899311
995282 651682 462624
681362 766784 244969
472389 30871 806998
227226 774589 29602
108005 74023 251500
843383 623932 269831
930104 981114 577534
992665 166161 604763
138758 99616 740372
632708 307912 321155
527458 454531 836290
281715 798246 24481
526578 692905 779456
894062 44165 475838
819318 154354 292422
249298 789464 94898
677367 431614 80195
483011 14312 996286
827540 857963 666290
721793 988102 387996
316474 644917 366363
8861 210868 983565
416255 683359 838356
502375 26849 272355
449352 462461 24750
92938 17529 292532
902304 126425 488671
500419 93081 440076
967536 534727 474654
630406 464180 827096
410439 302818 774892
824444 196250 784137
470595 23593 335227
400235 178065 435437
488585 817116 213827
254870 544072 65711
139083 691345 459655
992903 301240 7441
127723 601620 971060
390391 570499 648312
975969 589802 371718
769563 613775 208655
255395 610668 999823
311952 987514 79505
839180 418557 522848
149750 953166 983771
811242 702631 873854
835618 133972 998679
768077 925122 539139
143502 196597 634134
431738 605694 712421
200571 344372 427508
90852 587718 208624
87693 539408 586663
997251 52118 806118
722264 666927 430097
432646 265458 456272
683939 226742 524837
679635 702511 592458
195944 322443 355149
11915 594392 964305
802778 625550 652884
130442 160568 594371
753491 982348 944965
48839 124962 139548
665410 832233 847030
991512 688607 693836
963256 370760 987452
20175 951144 901298
851558 1394 87273
193108 838410 228269
926726 985715 573121
962845 400678 728029
148141 907479 956023
439131 986510 827172
383191 634516 644669
442063 440789 500899
561947 976595 787665
741781 992442 978833
242833 986477 525115
417945 392446 489761
294005 607772 533585
15712 446334 22075
928961 530127 913686
747231 478696 62449
431646 144060 987192
739684 994006 749418
478595 626385 686222
733781 150530 3294
257616 42641 987724
522900 84847 201321
593507 846507 998715
142472 430982 428340
378576 573904 396747
43305 834336 436892
128625 369112 701911
921723 996952 64580
893261 983278 313458
990536 141034 941981
659748 931085 344315
721604 985828 38938
39885 414127 123338
717227 182153 396744
986392 997784 407927
424572 583965 52664
925080 447192 729315
188348 522252 3826
494473 528918 726746
653711 297837 507334
185089 562526 984964
353458 500335 512704
233338 708373 194833
38174 4104 227556
457393 983619 852403
806806 999762 804626
206698 638782 382255
413261 499164 594032
786830 738579 993950
202104 365245 463007
145197 272399 192907
735849 30698 358062
946037 140629 124938
500265 632830 430987
990597 699176 635540
621469 803359 986208
664513 11831 553342
999510 581310 248760
818743 997272 702219
461174 169296 512318
647622 477018 994480
828055 986717 193897
224037 492985 17585
739665 58450 988628
601415 148383 860160
455454 875507 525748
990767 135486 328923
816852 994717 734210
161520 211424 332445
857372 605516 979700
923370 938023 790698
973956 855058 614410
563457 568634 991484
388236 851730 707932
947488 944077 675252
121894 619305 326547
369536 99725 743791
50996 78922 42875
3028 748743 984815
706440 998681 61065
325900 120881 532960
515293 355358 282312
374433 643893 84830
992098 97520 935417
47910 360509 772884
171976 658947 381924
656422 241479 882202
984775 651727 746573
362195 952094 716203
974203 296547 385885
997545 706005 626458
249870 454409 66099
991597 285950 150781
994636 246583 716308
552204 355489 185812
749762 743171 999946
701173 254349 568238
473341 90 926135
556633 342826 725299
793682 999895 655575
374557 146478 716786
987134 844841 799043
259872 297710 596971
983442 307173 58786
570695 165019 628801
31577 715730 912795
510373 837646 966991
392172 33409 459629
175906 146279 622540
581285 985710 372194
337472 430495 977290
377021 752701 669863
269553 496251 979701
623049 477622 624684
851996 502388 5694
209644 755543 642285
317902 951694 791496
294333 999865 547261
254317 47441 405290
17899 177885 985269
352345 508572 495244
101012 891481 303042
4179 514484 695881
248453 777003 864640
22295 680607 499274
225264 72433 925640
721674 130045 48280
591700 747035 451290
683296 946627 483626
17787 421160 155644
795752 726617 167593
336180 171986 665220
296523 673799 883991
492427 983905 323622
59529 206022 996892
873469 797515 387303
14356 569811 660508
648043 323828 754105
471395 457242 87063
850608 318063 905903
38363 452695 264456
4102 996292 381038
525026 516116 698935
485436 578337 55519
281971 88597 627690
9841 295870 219896
821198 198673 729719
626664 656205 564701
398235 213870 665192
656965 472959 846674
615947 904083 333333
991383 910751 500057
745618 136968 106596
990612 606920 913204
680778 769162 99532
499485 366061 934217
162934 995139 775319
589879 118456 893120
350553 624158 328009
580425 79322 992199
449540 752228 351406
842483 760458 196319
817876 761088 585115
621515 368944 120639
996619 199573 310850
413996 71596 234988
452452 770030 67531
779525 94815 214022
422331 330511 384776
734958 997282 137203
757909 215098 673394
663208 939821 781201
659445 559769 706927
857530 738239 996132
159221 805478 918770
273466 570587 63888
240336 742745 377096
535857 832134 42362
524799 362066 163881
341414 892191 101118
651468 919624 960320
672662 375673 36563
863793 796718 41745
98191 397872 24122
948149 588456 831366
345640 976900 1000000
808907 88194 533244
341001 826276 742358
149833 128677 25623
375249 44748 509760
973903 40228 912417
981737 76435 704209
835567 442815 999649
523138 966848 949410
54741 919915 56877
90691 544392 361822
570044 554290 718796
20663 632037 903384
602085 933529 448755
5944 965004 790862
127588 370327 140625
378910 370037 425629
199533 15527 399485
585241 333025 594011
726427 352361 997177
256470 68617 426762
990725 656072 778729
375551 206241 722173
38217 191078 161425
986775 110129 361976
615157 720757 622520
195183 344321 894633
211355 942649 162426
622582 117229 625316
333332 86374 953973
18877 790767 922223
644605 730035 165900
194832 602685 81924
504342 317429 825605
634775 764028 996530
808410 852390 721198
14091 969596 76171
473103 725879 722261
373854 387202 756578
923925 937507 513751
190839 415745 890732
379336 316870 20661
412402 13326 320272
565371 766736 962023
27767 38060 487184
81476 246524 629904
559343 423141 305891
952942 776881 807744
469328 304460 836588
132669 696753 166533
77634 618475 344905
319245 976920 753815
902854 315660 81811
90258 555904 223586
459464 158139 501064
175396 638878 258247
469429 626468 613032
843503 101802 569677
849041 793419 672509
915037 401287 640119
279969 451368 943340
801294 330133 905312
662153 259583 440332
584630 821349 986654
703770 592319 679424
161395 501016 935722
991002 309432 477767
358992 652681 434165
348718 29917 302569
219371 326445 267562
955912 480225 473598
403372 615861 314870
141082 727204 609670
600797 965750 161131
584713 466460 844450
736835 78693 42176
183976 132955 765676
708317 438133 584413
202830 940240 240416
870902 605583 70899
470197 941715 986636
206144 491902 236751
387184 722045 996214
713890 712653 548826
665257 688896 815447
835745 222924 933
668118 263531 836812
184987 441127 175076
533508 109948 573894
387617 992282 845108
227884 759845 717385
290612 806533 387419
679654 182104 910312
999370 348902 893217
990480 202171 166253
990017 155384 263834
394352 169663 542708
518442 990086 249247
668541 592042 570029
249599 733351 947403
402796 801638 932506
551722 566951 140264
617991 692465 808178
879632 888523 999758
990914 588499 974139
983934 243599 310414
670669 661728 177721
990757 173192 647361
582029 154917 519836
318929 304688 433183
320421 22886 388158
164161 763260 349902
58507 563567 942954
85169 796258 992567
614362 175819 859308
450179 83410 476992
836559 872991 380533
679966 636667 743675
243292 834800 560567
796153 131915 615475
821597 369046 39313
538846 889488 338845
926117 91088 296649
732287 671070 101744
972280 685777 265690
59141 159644 227566
395459 394331 131282
278128 662985 492825
991625 737685 666672
429678 332132 330943
51278 201849 534234
44067 938296 324560
396040 61220 988736
121589 698389 162253
871090 66536 566892
239200 561043 441751
449111 14036 996087
50519 852350 579169
225394 553111 970814
682713 718004 239109
479066 210509 971890
173938 35185 706716
215343 633620 690303
377000 796851 869638
993862 810554 793116
893153 400010 189209
269238 494386 395150
312571 88177 674571
628848 700068 19776
478034 40498 348549
671412 38004 813657
132960 786006 595428
261103 672678 393309
966494 490917 447707
311573 92830 4801
521827 31315 562434
521486 274873 534802
387226 57849 462878
582336 890399 448633
105455 97011 97800
534059 111197 358631
10877 443665 9397
744656 956546 133385
764427 275824 971115
957771 827527 886217
939182 53679 565022
424501 282906 932032
775936 618076 831130
627827 476408 49737
517969 660574 373530
983073 569737 713417
166437 676381 751848
590426 94992 345748
894985 228224 968846
780084 705019 514583
251991 925047 412617
457393 521505 989971
755189 206916 677795
254545 521693 559519
381003 824815 638835
777941 411862 205822
315007 992515 202137
833802 708702 983376
661302 348783 392505
989287 371680 152658
373202 812773 618793
356059 252103 845952
120108 997081 664640
83574 817260 113595
595768 617546 483038
146505 712507 461469
324065 814301 916929
206085 184693 187491
836015 323436 488916
677665 692454 326533
499929 981934 393654
767586 303012 41157
115814 144845 482317
101086 89273 415252
802326 356700 437083
796469 384360 840767
214883 895619 361220
827796 239600 516141
227967 404229 335247
730312 406455 486235
105395 384660 78885
891879 610914 359248
776349 399867 984605
769401 845432 105632
303157 481748 847203
375274 428817 320785
948409 572530 80054
69934 266487 706795
423403 80634 658811
611230 652495 542622
800164 320999 497279
446977 78482 930763
951448 174197 708802
991611 72326 825899
594216 988867 892783
758907 2825 756784
642841 594105 171375
496560 340983 905604
998987 10652 938091
585792 313107 869618
366624 277177 893007
875921 670199 188549
764132 328206 571658
749724 31953 507167
87685 9885 702693
150256 477969 821446
154590 204505 905265
480470 587891 14514
522716 835108 439899
871044 286743 719534
861224 535990 432205
925927 448629 108790
884446 480497 451522
755080 20610 18021
135584 980122 627755
523695 64099 83197
316397 719218 910496
998473 599826 957498
489067 903760 992272
977372 79684 258613
462288 496902 581976
490679 50698 351430
361189 319227 564716
375282 946185 687334
998676 122030 525286
626251 777258 260611
930438 677037 568008
584003 322033 434321
437377 70023 987566
829226 665757 501600
559116 599962 524870
211465 850813 516274
537133 37168 885857
808536 397293 252496
72278 321255 486302
337456 854110 12536
620356 734834 982500
968880 753753 957187
782518 987100 96575
532389 996722 945681
742136 100730 720226
667994 927296 631939
241473 804972 666976
499946 328081 435639
429471 704725 323470
852578 782519 480677
70584 115568 912964
593315 801101 143294
738655 430425 703894
718096 779802 990554
967105 720314 576245
484086 601098 235059
238184 315168 817538
909978 280675 568996
483149 107496 724933
636975 867432 740858
187339 318921 547544
748659 133589 858727
524670 988930 535192
36630 21841 409396
560056 454920 264990
685297 561502 607875
714949 466169 319387
324783 530145 335354
611336 269599 213575
92080 773909 19231
560526 821374 576948
29027 676455 234149
578260 538480 439100
86587 434377 993059
785603 709199 213731
51665 55098 799348
780016 755429 542802
904289 362126 36839
951349 174423 989479
36637 757584 804821
214093 476283 372690
962733 829220 983267
175902 187615 365035
163716 998641 748330
988930 781272 145541
42255 533608 353891
168665 120049 150622
440021 40811 998631
688132 23441 654889
553847 114693 452460
486160 997561 75834
372459 438262 460092
231629 902666 157138
209374 970732 413040
991956 12829 934687
921679 904573 323150
559350 29031 60079
986981 230013 502048
295652 851977 999265
988514 393611 961296
852472 215223 80466
653303 619424 709952
252592 918786 316295
535683 764737 571488
152953 146402 434497
620030 299182 575264
639051 533695 526676
185775 314246 164897
428549 815237 640881
446921 150876 44843
609054 995696 522094
464334 565732 898440
89894 475691 572622
990383 665615 190831
586775 382748 985932
599467 694451 345451
438848 791331 546239
196373 228924 995639
614938 396874 762806
745401 754127 223022
209612 519331 513943
613788 307519 586087
951928 223836 287653
114799 205565 737529
354066 61332 193822
144602 760463 75123
67939 257842 874639
79611 791195 750638
196729 890111 203550
882815 86080 788869
394937 983516 757186
836998 779201 95763
991545 48701 789704
437582 211408 154328
596499 309933 569700
946624 697126 833637
797574 431637 708655
590364 357446 243076
113546 47778 846028
591226 435045 958840
20602 737443 846591
473062 100069 799891
322636 734997 586993
827180 760219 414991
997525 613412 998870
219792 812991 713357
275156 231519 42767
397888 199096 19663
986647 86384 152937
280920 184285 260655
780202 239598 42268
530389 262989 995820
427799 554119 241160
331584 57411 849619
709041 489570 32307
413443 208317 384863
797405 390352 530687
789421 398857 292021
70353 319016 984058
855439 9449 775937
888466 957939 70812
649917 992522 516573
484472 829475 734984
327723 927163 830833
988551 485372 891344
990342 105965 65084
238557 542681 514940
432974 133715 998485
246041 448571 886850
459995 962520 11386
110286 23114 736650
88924 562969 198796
992502 78199 287537
603374 360301 823877
167938 262221 957899
382316 661163 773309
127574 95386 155097
119474 105059 526530
129950 657143 930072
563088 214698 872361
592112 340252 899042
920093 931222 712024
400329 450602 353524
186732 758854 323031
35090 599427 747978
276138 807273 221667
765197 617280 291889
392408 632951 655043
182359 569321 663976
756863 274080 544111
223974 36158 19258
646690 17601 613646
659306 396934 233331
823382 791226 715902
183391 104869 638149
849075 815029 442178
868001 290849 65961
942172 23605 985285
69730 690871 329237
607110 258324 581701
311952 644252 217517
904325 583564 144963
891484 395762 631759
727481 985098 358335
55444 900448 335960
343835 181030 817807
761481 608468 423464
762602 981341 695
9004 306659 746106
423247 668764 112208
663235 698641 275873
83918 628678 351249
626319 425044 474440
853906 461700 27032
603845 13618 210789
319179 58587 730356
165135 29131 209666
180758 149706 253161
571587 846139 295381
994463 699234 999837
357344 670496 958305
839071 659607 721376
137694 838341 12544
78593 586333 887964
368455 43264 492514
370552 782305 730012
372412 184799 142135
382277 174572 416220
83782 540923 697523
60026 990535 878445
407523 958857 861561
214165 173986 29856
269344 499055 62660
780107 982973 72985
835162 462801 718816
836274 193271 978252
66228 171634 742065
724158 73308 778158
770060 32465 213596
733649 287199 73047
469298 990089 627909
8339 911824 886160
994475 591095 24842
456016 361790 49248
486238 671071 321005
18422 912903 450895
635091 550234 241849
893489 714098 973879
1857 592829 225799
57285 84677 217632
578840 383111 533351
819041 233146 227671
434601 999000 90710
9534 272412 9273
747524 828645 271547
251513 388589 142294
825978 487344 797223
372340 228004 311665
179136 362246 511660
332855 457910 551803
307530 558273 795413
635594 137284 897449
537238 846473 683475
243912 507459 179280
588300 991864 948690
205678 138383 486213
563986 782893 546297
727186 2983 829282
467258 380688 223850
955401 957784 979945
122058 20634 788141
584803 897169 754396
393370 988074 969997
258771 241402 544927
390363 999014 499607
176704 997323 920293
33690 441968 717337
725422 506185 116386
987439 421580 501043
974285 312870 838113
383986 320887 577301
261628 727965 256965
598604 989378 857378
448647 191181 282897
656886 990135 228071
797119 74109 755424
56699 748006 379555
250558 800708 606493
105764 959687 522871
91008 83790 344142
998140 405335 865118
746436 996851 985329
458977 985551 154887
892784 118406 402086
153782 918529 21352
999641 918835 69001
837777 138619 796917
757572 500321 387831
192709 948037 203351
466325 565558 9282
559196 100712 71638
330547 822335 797048
138521 502893 722756
359653 34186 55654
189863 603365 74616
477769 636980 143820
297053 754472 925054
119018 956014 133555
392082 494038 451064
518865 992170 777195
582446 561109 10500
992321 849750 648245
790368 340304 986391
248564 442229 201754
852129 582723 152375
809473 563165 369343
759040 492535 604489
635196 321788 474095
475819 632842 853765
553496 266249 397974
623531 510583 109852
312549 272926 989043
415449 295183 796033
374301 642262 912579
719431 609820 553703
513704 544763 138413
148113 379936 232074
993890 429217 196237
986492 473403 756349
948473 472417 894596
901063 42310 778571
70654 985956 8768
117848 346054 609081
845976 948066 144020
387374 376954 968817
970146 311602 395102
87202 83904 979058
509229 96673 99165
472880 791025 83689
517011 133775 183087
538491 747982 423385
993237 178991 985392
379898 18087 561284
648893 207138 811386
519610 287102 967743
865530 883372 619876
528457 68898 662024
124400 962082 969896
492296 480809 732597
381444 305875 169396
630714 535954 999884
987209 587542 75400
990089 893723 473698
659682 986717 526853
427368 160371 176468
540055 252583 817386
303543 550959 996096
442048 563410 147967
837740 287035 853878
992503 435428 877992
206936 518764 26274
749259 899543 452624
987837 443031 427772
818719 989663 434071
49530 181340 472255
57941 862973 917919
387398 981781 527975
854213 492470 602862
68039 321196 117767
213441 42903 843673
4486 537473 996321
572526 769064 564630
318348 419980 896509
271505 256595 974626
685282 283033 552925
747673 19425 964585
721752 796748 847063
92716 971118 915931
274831 114785 998272
892606 951767 814329
935003 211894 272485
998051 774985 861825
212199 919749 984379
328429 503069 410431
44283 798944 645752
378277 639776 756065
8094 408009 9001
683110 74241 636177
80763 73259 848694
720375 255308 488669
393836 139657 851542
997220 319027 988949
53794 33615 378299
278268 676854 866811
264803 480606 10165
138771 213318 997529
621577 999582 541877
454352 570188 379050
198051 789098 997724
432272 666967 311888
339 994970 992504
974422 13903 985216
92081 572959 691631
990324 29523 200469
379924 996859 248462
709040 521028 954776
992997 831201 105297
510893 954334 105909
7263 948202 283758
383217 821247 969662
951489 140351 815767
583297 505657 811520
494882 315111 407979
948359 593553 966779
631429 427980 388400
968951 275039 290539
998448 374278 853416
762248 942550 479925
792019 871756 657219
652489 723756 249720
871391 940650 646692
752264 242102 579455
674027 830292 58221
381795 788697 732904
105866 235058 585719
63442 157696 26208
837273 985430 270273
999367 851114 807227
217129 467283 985924
345136 941215 999623
91779 711872 948694
927579 220747 744411
292750 496025 988383
129287 989020 745689
379373 641034 705395
674250 669817 388606
666963 142205 216039
599876 651836 523501
141281 498864 403250
199233 681271 461119
279854 885406 451412
12146 893603 873807
485887 171765 113873
286606 662171 313841
741813 453113 242105
748210 18666 990864
993173 986829 880087
187133 509731 126928
129145 898274 685092
369330 976807 860243
170015 353068 666060
248063 802387 13926
890632 739080 304622
154282 178759 52255
603163 56510 990149
467349 13560 294290
276173 587087 748954
714651 993275 227236
556289 986522 396116
346310 983986 311806
774712 505385 186594
481469 307996 477213
619570 696413 223163
892746 784107 320945
256173 107026 616887
405566 886544 326241
395379 894851 644560
647880 480182 411785
615291 934970 848452
846743 410488 402288
287366 432470 944055
745120 425021 405677
510453 113309 508351
989148 812439 934097
360863 251592 131265
125986 51236 656165
443968 632619 401627
184098 569005 993193
985695 780953 571937
836456 781222 347192
63909 913309 925245
67441 813272 322656
136931 94650 890640
924510 369590 563233
336187 675416 830178
918716 195395 980252
236602 250922 231803
236191 242419 269135
887343 504541 198358
993420 839427 899070
93667 773399 837300
563196 339420 985910
997255 160315 687527
778935 295708 959743
382683 996004 93049
141984 984601 624176
659710 608162 946867
942635 29054 231310
340868 520894 487685
264955 544093 27889
660184 337073 114124
271579 33595 804705
638531 989617 389389
738038 705847 690764
986694 447045 874484
232648 480536 751742
43993 766461 440987
568968 137264 699333
745239 155826 612170
326696 764932 900144
432169 43720 669285
740439 942118 674397
739367 92276 605218
85511 986873 454968
868958 569151 236354
989281 549802 516823
77507 6798 560424
7887 372971 341130
39314 847823 684778
547026 856836 532059
181206 925995 705542
255163 666217 700827
137610 685129 945690
108047 742462 838358
225508 988342 494031
383059 776412 410345
358094 259160 952663
865211 985169 500611
650415 926837 17298
765183 134590 320157
432996 163845 426324
251047 322980 125314
597923 71485 716517
399716 953818 977652
652112 718882 694162
487816 946272 183369
284775 834501 347680
12308 79210 140949
395516 284351 763553
198889 993849 303634
53342 635110 812358
559100 650544 176507
553432 641005 820952
229390 337111 192622
294943 680391 17944
668858 257625 108808
658106 430567 115381
279360 998316 987613
987551 497156 11526
992548 284537 830670
689260 445912 236427
767586 730452 122087
938030 996992 978264
839340 856260 536265
671798 651318 810438
947550 112996 794460
980505 493867 765355
815080 589965 627765
883789 139582 329073
222384 176347 189422
309254 72382 455865
421637 36857 468429
184397 681380 930566
430608 212180 887938
503326 763429 66986
544616 622448 315492
195052 497344 159595
320665 126436 126201
277144 436560 887969
62501 2769 374118
653625 863084 995842
105876 671914 722017
855679 684532 367366
346324 286323 363339
556330 446506 757691
764133 490000 99524
991395 875963 783479
375217 482100 642597
303166 643070 121251
834913 250902 207948
140495 846567 174796
293991 764727 901140
128232 85142 440248
347529 916022 322888
121670 39119 2815
305264 927310 735690
844312 542495 537080
870406 775605 321260
850468 628865 776560
663455 231027 84750
282497 817265 222243
994176 109160 929222
257866 740580 777813
607879 748676 109395
303753 129469 651843
906611 361259 549909
533135 236427 443000
560421 46155 850444
199270 441651 183533
906870 454184 985346
985820 789823 736158
902983 924057 511782
793812 513573 476698
282316 657812 471255
19847 376347 755935
546045 273427 433104
180827 561615 423242
938246 909321 953761
548286 269962 540511
72509 992887 154290
488250 352187 998710
786064 398618 870295
54732 33641 989857
937060 632917 463003
508777 100940 768936
194705 451036 665017
938385 755399 517470
720998 610115 728280
987256 769862 444149
434254 287050 925666
807250 473107 146777
40376 145111 989002
497862 485401 813489
862086 535770 501541
85687 335106 891044
332213 612227 593287
860762 774836 486237
946440 674027 995678
336172 852435 796039
383194 247995 371213
236787 862658 541783
115005 221522 385888
700969 760253 377691
710557 714207 220688
676870 539969 700953
278215 677361 247231
655848 61345 786176
262826 246348 423244
166328 334611 236493
803505 595703 381220
818141 697999 483101
972717 192064 559371
406495 30561 870135
620822 709026 623831
236320 592368 786678
994012 232218 884916
198678 976193 56201
184764 27793 105572
712484 913004 754849
238767 994709 156203
997400 646884 145659
16512 414845 526427
135128 549415 987939
997931 269815 455322
344140 695947 399938
988207 628835 636521
997005 986063 981991
978657 279872 796309
106466 181924 625300
227080 480841 10789
691778 985378 749322
227532 694521 418494
616924 383636 109012
155473 96169 320914
993654 147724 511014
693113 472057 363630
995713 755449 442682
774097 572931 993746
122806 172237 265640
911407 52571 715266
678786 703040 632714
493608 859946 546223
881794 79854 904183
240920 851205 643934
643701 429373 990857
188205 553452 463452
719113 26771 219592
880090 118731 406152
984858 195474 494525
602958 486048 632749
192589 614915 733445
172963 306310 54293
748968 27703 648275
535271 321408 269993
363019 413943 175813
985059 624660 992047
93780 199160 834095
705803 625992 524742
112400 811111 401494
670774 616968 725182
568202 257001 556066
735699 570255 881971
560642 428468 859983
783170 934205 452179
158028 855563 135612
436967 41326 925563
720794 341373 81455
502036 657450 50293
966218 924045 552907
566296 399882 998024
997585 568285 787755
842678 932246 920625
65503 261510 359599
551861 14537 614771
74724 873735 146966
629224 824545 521197
556852 415615 869668
336679 761406 810604
570298 248241 37245
117714 930485 886897
693532 895916 295017
46957 715832 515510
274777 373712 553675
215933 59728 621786
392951 990313 812338
993764 103065 401681
87064 32450 220353
838962 459107 314236
297769 186541 773543
554868 125890 683904
948359 186390 24124
366588 604684 665158
923008 956612 961615
412551 633082 830934
165040 131034 128641
527978 794052 276240
54167 344644 184387
515641 102115 771904
793900 780616 475592
788156 994094 569464
717266 170797 522753
957936 819789 714178
10473 76543 619953
914314 340755 929299
950074 308023 540556
685970 910398 31400
173659 507894 306646
908361 444952 648448
109147 183399 442665
423733 147147 71471
184184 169851 264280
730557 765943 74894
413160 267175 175575
211066 934303 333004
233083 652829 594490
273018 84625 304799
445644 665897 235469
665372 462352 527819
344655 435672 820209
238458 349739 503829
605957 751856 399597
364364 997109 468432
250639 849633 609767
997926 682387 65893
323057 680794 771917
753277 835277 598619
202391 167894 849161
774290 576210 956222
336127 275863 883127
226181 667725 348975
689393 69275 16154
776864 234417 539298
932352 979520 580644
319358 347898 740094
474315 227465 601991
296415 927290 844265
139680 321930 349268
751101 319900 747436
940072 883481 152425
193134 61680 581839
590910 139840 734772
937377 228326 142081
233615 228406 417421
795065 754662 321857
744946 889317 936021
184480 785163 25384
472060 293657 333706
593630 455814 777152
481117 664886 497791
97639 86543 598808
288994 114787 758916
628604 168619 681924
990614 563433 368711
292565 304802 992262
995977 614118 378745
734195 388308 883832
951621 926212 47452
320734 507197 155902
337903 99294 219898
491503 468141 755975
854463 190012 188981
927008 374230 817557
852790 432084 581248
496388 693145 757055
440063 804065 709232
379679 923756 258019
641833 339635 738028
207112 704302 981498
814976 847561 483154
28971 536900 601759
513386 968862 173842
826044 499127 287131
228608 184131 986262
481430 245190 51219
752447 989555 947301
697869 469691 915649
269669 312453 574464
186919 911562 532254
626195 578836 903946
526048 281447 998318
679661 600061 443253
173795 169707 646967
400410 657596 81596
319326 852787 353475
740549 272102 42991
579665 328574 279878
