30
011110100000000000000000000000
011101000000000000000000000000
001100000000000000000000000000
001000000000000000000000000000
101000000000000000000000000000
011100000000000000000000000000
100111000000000000000000000000
111111000000000000000000000000
000111000000011110000000000000
000001110000010100000000000000
000000010000100000000000000000
000000011101110110000000000000
000000000111000000000000000000
000000010011100000000000000000
000000000000101001000000000000
000000001001111100000000000000
000000011000100000000000000000
000001010010110000000000000000
000000000100010000000000000000
000000000000010000000000000000
000001010000010000000000000000
000000000000010000000000000000
000000110000010000000000000000
000011000000010000000000000000
000001110100010000000000001000
000011001000010000000011001100
000011100000010000000010001111
000010101010011010000010110101
000010100011001111111111111001
000010010111111110000100001111

30
011111111111111111111111111110
011101000000000000000000001000
001100000000000000000000001000
001000000000000000000000001000
101000000000000000000000001000
011100000000000000000000001110
100111000000000000000000000010
111111000000000000000000000010
000111000000011110000000000010
000001110000010100000000000011
000000010000100000000000000001
000000011101110110000000000001
000000000111000000000000000001
000000010011100000000000000001
000000000000101001000000000001
000000001001111100000000000001
000000011000100000000000000001
000001010010110000000000000001
000000000100010000000000000001
000000000000010000000000000001
000001010000010000000000000001
000000000000010000000000000001
000000110000010000000000000001
000011000000010000000000001111
000001110100010000000000001000
000011001000010000000011001100
000011100000010000000010001111
000010101010011010000010110101
000010100011001111111111111001
000010010111111110000100001111