200
198 996
31 945
86 462
121 607
90 692
177 755
183 98
21 478
95 242
127 140
139 574
148 846
154 531
10 709
100 680
109 532
149 813
54 607
109 202
138 734
17 805
121 182
160 532
71 636
51 599
124 607
141 514
139 578
122 215
57 866
140 86
23 167
140 355
54 281
64 396
69 757
150 824
184 289
93 903
164 80
178 946
120 881
3 823
96 20
128 612
54 389
133 634
141 513
147 857
70 116
65 378
183 132
10 844
169 984
172 125
80 332
165 202
154 807
193 254
42 308
189 176
167 844
79 953
134 583
112 651
183 402
124 887
67 382
101 224
0 0
192 313
173 900
146 515
116 241
68 515
97 619
9 47
85 608
175 936
50 485
30 461
8 25
32 903
168 811
121 181
161 368
80 424
119 794
111 107
88 828
105 787
148 552
95 444
30 577
3 115
179 922
41 325
59 885
105 971
150 904
155 1000
57 353
174 813
156 630
95 716
200 391
169 64
132 716
154 797
68 835
50 933
154 64
66 117
161 952
156 364
56 600
109 886
32 957
199 377
135 182
136 532
24 118
174 938
43 869
186 620
78 482
102 517
113 744
25 273
167 509
193 928
71 477
112 244
93 574
175 992
156 53
141 825
180 788
55 325
82 76
152 737
172 726
119 733
32 690
89 832
65 698
180 857
157 732
147 119
139 282
83 268
109 875
136 14
22 697
109 890
49 950
60 915
68 198
158 744
161 753
111 316
94 186
198 652
56 864
179 528
61 792
113 55
63 904
26 809
108 970
44 709
146 829
160 693
16 911
160 156
76 432
186 941
136 472
68 181
46 359
21 72
18 65
161 916
68 407
24 533
154 734
11 490
56 812
116 447
25 415
181 21
64 338
39 245
75 883
86 333
93 506
199 418
114 92
150 732
61 892
