200
9 3631
117 5907
102 9521
35 1160
55 1561
37 3876
183 5634
123 5235
144 4701
92 3854
69 9855
23 1288
193 4650
141 2489
100 3346
174 4941
143 3185
118 1735
61 2229
110 9162
118 3864
11 2427
170 7994
58 6052
178 8675
178 3193
114 2826
112 1326
42 2117
73 2448
177 4396
4 6446
8 1657
94 5430
17 5440
76 3724
185 1440
1 1566
81 8383
43 4182
187 5753
153 8906
16 2876
119 8647
19 4275
153 1231
123 5765
106 1538
43 3005
29 5047
154 6601
74 9914
38 2402
187 6716
106 3206
16 3464
52 3299
185 8913
19 5564
141 7242
22 1637
100 2030
188 7536
139 1388
54 5989
98 3939
37 8456
120 6024
58 2554
175 4988
142 5695
87 8841
105 5589
158 6797
101 1763
125 4852
45 2435
168 1276
94 6848
139 4993
20 5376
50 5790
146 4487
182 3031
143 2340
124 4683
38 5403
141 9723
139 9094
21 1493
26 1328
50 8827
196 2409
29 2650
156 3905
156 2170
47 2180
84 9993
117 6223
161 8349
0 0
132 9383
26 1342
129 7675
21 6644
19 8357
112 4029
169 3963
153 7335
184 2393
139 3178
132 8840
152 4279
50 7779
145 9841
151 8942
134 4456
101 7642
8 3741
9 6677
58 4836
148 1976
41 8748
160 2760
92 6927
54 3874
95 6699
161 1217
95 5848
56 1466
74 6256
69 2109
49 2093
124 6079
182 4784
20 9216
52 8942
139 2102
98 1991
77 2258
137 1315
152 1650
61 9698
15 2377
37 4678
1 3738
26 2267
112 8673
61 5411
117 5181
182 5122
36 9510
200 1438
142 5467
94 1977
19 5342
15 2026
156 2911
188 6458
87 7251
78 7489
78 4825
168 3612
97 3241
193 9353
89 3722
142 8414
73 3522
132 4066
184 4698
48 8010
150 6584
39 8108
153 7251
50 1945
46 9943
11 7923
106 4237
139 3166
143 9467
18 5212
103 3458
50 6351
19 3100
42 3566
147 7237
87 2368
185 5045
57 3579
180 7649
58 8886
176 7868
168 1271
117 5811
88 5109
122 6841
178 7125
39 1722
154 6863
181 6846
