415
0 0
0 2750
7 2750
7 757
9 757
9 2657
23 2657
23 2208
27 2208
27 2383
52 2383
52 505
61 505
61 98
67 98
67 17
72 17
72 842
78 842
78 129
83 129
83 2681
86 2681
86 1531
90 1531
90 738
94 738
94 594
95 594
95 196
100 196
100 98
103 98
103 278
104 278
104 254
118 254
118 382
120 382
120 130
123 130
123 1771
124 1771
124 517
131 517
131 139
136 139
136 60
137 60
137 1881
139 1881
139 1030
141 1030
141 3798
142 3798
142 2477
143 2477
143 3689
144 3689
144 3090
146 3090
146 2200
153 2200
153 328
157 328
157 541
158 541
158 514
161 514
161 2812
162 2812
162 1230
164 1230
164 1936
166 1936
166 1380
167 1380
167 609
169 609
169 24
171 24
171 3679
181 3679
181 3297
202 3297
202 448
205 448
205 113
208 113
208 2600
211 2600
211 50
213 50
213 3854
215 3854
215 3036
218 3036
218 3122
219 3122
219 1057
225 1057
225 196
228 196
228 48
230 48
230 3982
231 3982
231 2409
239 2409
239 2557
243 2557
243 2535
246 2535
246 2845
248 2845
248 1342
250 1342
250 2272
263 2272
263 1922
264 1922
264 1426
275 1426
275 679
276 679
276 2591
279 2591
279 1294
283 1294
283 2105
285 2105
285 1514
294 1514
294 3903
298 3903
298 2295
300 2295
300 3543
301 3543
301 3307
305 3307
305 1753
314 1753
314 1721
316 1721
316 1844
338 1844
338 143
339 143
339 544
343 544
343 460
344 460
344 1847
349 1847
349 1076
360 1076
360 2308
365 2308
365 1802
368 1802
368 1552
371 1552
371 385
374 385
374 54
378 54
378 29
379 29
379 3484
381 3484
381 1126
388 1126
388 1549
395 1549
395 889
400 889
400 1860
403 1860
403 1261
406 1261
406 872
407 872
407 476
409 476
409 903
414 903
414 652
417 652
417 2069
419 2069
419 835
420 835
420 3450
429 3450
429 898
433 898
433 1618
434 1618
434 106
435 106
435 621
441 621
441 280
451 280
451 978
453 978
453 579
458 579
458 3824
464 3824
464 2849
467 2849
467 3458
474 3458
474 592
476 592
476 629
495 629
495 217
497 217
497 1900
510 1900
510 1715
518 1715
518 3960
530 3960
530 2562
531 2562
531 2971
544 2971
544 244
546 244
546 3196
550 3196
550 2660
552 2660
552 2081
553 2081
553 121
563 121
563 3575
564 3575
564 1342
565 1342
565 3030
572 3030
572 2958
581 2958
581 2001
582 2001
582 1855
586 1855
586 2114
597 2114
597 1690
599 1690
599 3049
611 3049
611 34
618 34
618 764
619 764
619 66
623 66
623 1593
629 1593
629 432
638 432
638 1235
641 1235
641 1152
643 1152
643 3963
644 3963
644 3944
650 3944
650 334
655 334
655 116
657 116
657 3948
661 3948
661 828
670 828
670 1711
676 1711
676 591
681 591
681 592
686 592
686 476
688 476
688 2781
691 2781
691 978
696 978
696 2582
697 2582
697 2200
700 2200
700 322
704 322
704 87
707 87
707 3869
718 3869
718 6
728 6
728 2066
731 2066
731 432
739 432
739 3607
749 3607
749 2921
754 2921
754 941
760 941
760 191
774 191
774 1229
775 1229
775 762
788 762
788 3271
798 3271
798 2729
799 2729
799 2500
809 2500
809 1810
811 1810
811 2982
816 2982
816 1565
819 1565
819 606
820 606
820 194
830 194
830 1899
832 1899
832 194
837 194
837 2883
841 2883
841 1119
844 1119
844 629
845 629
845 188
846 188
846 162
849 162
849 101
864 101
864 1506
867 1506
867 162
869 162
869 3955
870 3955
870 3271
874 3271
874 3480
875 3480
875 2033
876 2033
876 1247
888 1247
888 177
891 177
891 2883
892 2883
892 2880
896 2880
896 1154
903 1154
903 997
905 997
905 2271
906 2271
906 1461
907 1461
907 2319
909 2319
909 954
915 954
915 185
917 185
917 59
918 59
918 1620
924 1620
924 983
930 983
930 1873
934 1873
934 1306
941 1306
941 3488
942 3488
942 2587
953 2587
953 771
956 771
956 492
959 492
959 3523
963 3523
963 3231
970 3231
970 2438
999 2438
999 0
