331
1 0
1 11
10 11
10 1
12 1
12 280
16 280
16 232
24 232
24 377
25 377
25 15
30 15
30 70
32 70
32 15
36 15
36 272
41 272
41 135
50 135
50 60
54 60
54 55
57 55
57 428
60 428
60 148
65 148
65 411
76 411
76 215
77 215
77 173
82 173
82 71
83 71
83 48
89 48
89 18
94 18
94 416
99 416
99 282
110 282
110 266
149 266
149 199
151 199
151 271
152 271
152 147
153 147
153 264
158 264
158 164
161 164
161 89
166 89
166 27
168 27
168 363
172 363
172 287
177 287
177 408
191 408
191 195
196 195
196 156
203 156
203 26
211 26
211 127
215 127
215 72
220 72
220 317
223 317
223 70
228 70
228 66
239 66
239 33
253 33
253 498
254 498
254 387
259 387
259 232
264 232
264 55
271 55
271 218
280 218
280 196
284 196
284 159
289 159
289 8
294 8
294 413
302 413
302 81
308 81
308 358
322 358
322 227
325 227
325 332
328 332
328 214
341 214
341 346
345 346
345 127
346 127
346 3
350 3
350 2
354 2
354 413
358 413
358 93
362 93
362 79
368 79
368 38
373 38
373 365
375 365
375 231
378 231
378 456
386 456
386 29
388 29
388 225
391 225
391 208
392 208
392 260
395 260
395 217
396 217
396 149
407 149
407 107
411 107
411 401
414 401
414 146
421 146
421 162
427 162
427 121
438 121
438 88
439 88
439 68
442 68
442 360
446 360
446 321
448 321
448 50
460 50
460 38
467 38
467 59
470 59
470 9
478 9
478 175
485 175
485 78
487 78
487 35
489 35
489 12
504 12
504 136
506 136
506 126
516 126
516 496
563 496
563 166
579 166
579 25
588 25
588 12
599 12
599 204
602 204
602 171
603 171
603 480
606 480
606 62
609 62
609 415
612 415
612 362
613 362
613 180
615 180
615 20
618 20
618 34
633 34
633 26
636 26
636 190
637 190
637 8
648 8
648 363
655 363
655 55
656 55
656 132
663 132
663 59
667 59
667 435
670 435
670 59
671 59
671 387
672 387
672 25
680 25
680 24
684 24
684 1
686 1
686 162
691 162
691 50
698 50
698 229
700 229
700 94
702 94
702 327
706 327
706 2
707 2
707 392
709 392
709 54
715 54
715 249
723 249
723 13
738 13
738 315
741 315
741 141
749 141
749 319
750 319
750 73
753 73
753 497
757 497
757 120
775 120
775 265
780 265
780 126
791 126
791 63
801 63
801 16
803 16
803 272
811 272
811 180
826 180
826 33
827 33
827 4
833 4
833 103
836 103
836 2
839 2
839 38
853 38
853 24
861 24
861 375
863 375
863 78
870 78
870 277
875 277
875 247
879 247
879 338
897 338
897 112
902 112
902 188
915 188
915 125
923 125
923 495
925 495
925 378
929 378
929 107
944 107
944 79
945 79
945 477
947 477
947 358
958 358
958 452
970 452
970 438
977 438
977 286
983 286
983 71
996 71
996 416
999 416
999 0
