30 50
011000100101111000000101011111
110010100011010111011100010100
101010010001111101010101000100
110011011110111110110000111110
111001010111100110001001001101
111001010100001100100111100101
110110010110010010011110001000
000111010011000110110011001000
110100000101001100000100100101
010101011101111100110110001110
011000010010101110010001100111
111001111111001000110101111100
101110011011011110111001101011
010110011010001101100101001101
110010111111011011110000110111
010100111101101000001010110000
001010010000111001011000001000
000101010001101110111011110011
110001000000000011010010010010
110101100101101110110010111011
001100010001000101010111011010
110101100011011110100011011101
010001010110011001010100000100
010100001011010111100111001100
101011110000111000001110000110
101001010101101100101100101000
000110111001011101011001100000
100101000101100000011010001111
111111000000001011001111101101
100100001100001100000001000011
100000000000000000110000000011
000010001110000101100000000000
001110100000111111000011010000
001100010000011111100110001000
001000000100000101111100001100
000000000010000000110000000100
000001000011001001100001000000
000101010000000011010011001000
011000000000000110000010000001
110001001000010000100100000001
100000000100100001110010011001
110100001110001111111001110000
100011001000011011101100100000
100011000000010001000110000100
000011101001000100000000001100
100100100001000100000000011100
100000000010010000100011110110
110000000000111001100000000000
001001001000111001001100000100
000000000110011100100100000000
001100000000111110001000000000
011110010100111111010000000000
101100001110011111110000000000
000100001100100111100110001000
100000011100000011001110000000
100001100000011001001100000010
000110000000100011100010000000
101000000010000111000000110100
110000000000011110011000010000
111011110000000000010000000001
