200 335
157 93 6
93 33 5
33 62 10
62 109 1
62 18 5
62 82 8
109 18 4
109 82 7
18 82 3
18 177 8
18 131 9
18 60 10
82 177 5
82 131 6
82 60 7
177 131 1
177 60 2
177 101 9
131 60 1
131 101 8
60 101 7
101 39 6
101 48 6
101 194 6
39 14 10
48 14 10
194 14 10
14 167 2
14 145 10
167 145 8
145 156 9
156 54 2
54 11 10
11 154 4
154 160 10
160 83 3
160 26 8
83 26 5
83 103 8
26 103 3
103 7 10
7 13 2
7 183 9
7 105 9
13 183 7
13 105 7
183 136 7
105 136 7
136 80 4
136 155 4
80 41 7
155 41 7
41 100 5
100 66 10
66 21 7
21 118 8
118 70 5
118 57 7
70 57 2
57 169 9
169 141 7
141 144 6
141 77 6
141 6 8
141 106 9
144 6 2
144 106 3
144 51 8
77 6 2
77 106 3
77 51 8
6 106 1
6 51 6
106 51 5
51 72 8
51 130 9
72 130 1
72 46 9
130 46 8
46 187 10
187 170 7
170 149 10
149 36 6
36 148 10
148 135 3
148 197 10
135 197 7
135 75 9
197 75 2
197 4 5
197 97 8
197 190 9
197 119 10
75 4 3
75 97 6
75 190 7
75 119 8
4 97 3
4 190 4
4 119 5
4 129 9
97 190 1
97 119 2
97 129 6
97 8 9
190 119 1
190 129 5
119 129 4
119 8 7
129 8 3
8 55 10
8 185 10
55 121 6
185 121 6
121 153 9
153 142 5
153 12 8
142 12 3
12 159 8
159 176 6
176 174 9
174 163 5
174 9 8
174 16 9
163 9 3
163 16 4
9 16 1
9 138 10
16 138 9
138 196 4
138 32 4
138 122 5
138 65 9
138 17 9
196 122 1
196 65 5
196 17 5
196 175 9
32 122 1
32 65 5
32 17 5
32 175 9
122 65 4
122 17 4
122 175 8
65 175 4
17 175 4
175 111 8
175 110 9
111 110 1
111 78 7
110 78 6
78 125 9
125 79 7
125 71 7
79 76 8
71 76 8
76 120 7
76 192 9
76 166 9
120 192 2
120 166 2
120 96 6
192 96 4
192 165 10
166 96 4
166 165 10
96 165 6
165 81 6
165 64 8
81 64 2
81 180 7
64 180 5
180 189 7
180 10 9
189 10 2
10 53 10
10 115 10
53 58 1
53 164 5
53 143 7
115 58 1
115 164 5
115 143 7
58 164 4
58 143 6
164 143 2
164 23 9
143 23 7
23 104 9
104 193 9
193 24 2
24 34 10
34 44 2
44 92 10
44 90 10
92 198 5
198 179 10
179 114 8
114 140 7
114 25 9
114 113 10
140 25 2
140 113 3
140 22 6
140 182 10
25 113 1
25 22 4
25 182 8
113 22 3
113 182 7
22 182 4
22 61 8
182 61 4
182 38 10
61 38 6
38 168 8
168 69 6
168 88 6
168 200 7
168 186 10
69 200 1
69 186 4
88 200 1
88 186 4
200 186 3
186 133 8
133 45 10
45 20 4
45 171 5
20 171 1
20 59 7
171 59 6
59 161 6
59 195 6
59 112 7
59 5 10
161 112 1
161 5 4
161 152 8
195 112 1
195 5 4
195 152 8
112 5 3
112 152 7
5 152 4
5 95 9
152 95 5
152 117 7
95 117 2
95 40 7
117 40 5
40 2 7
2 19 9
19 108 4
19 146 8
19 43 10
108 146 4
108 43 6
146 43 2
146 132 10
43 132 8
132 107 7
107 139 8
139 162 3
162 91 10
91 30 9
91 116 9
30 191 4
30 85 7
116 191 4
116 85 7
191 85 3
85 27 8
85 150 10
27 150 2
150 89 9
150 35 10
150 56 10
89 35 1
89 56 1
89 128 7
35 128 6
56 128 6
128 47 5
47 124 6
47 31 7
124 31 1
124 42 6
31 42 5
42 137 6
137 147 10
147 86 8
86 172 10
172 158 5
158 63 7
63 98 4
98 99 9
99 184 8
184 74 7
74 3 5
74 151 10
3 151 5
151 87 10
87 15 6
87 50 10
15 50 4
15 102 8
50 102 4
102 126 10
126 123 4
126 199 6
126 73 6
123 199 2
123 73 2
123 94 10
199 94 8
73 94 8
94 68 4
94 37 8
68 37 4
37 178 8
178 29 4
29 67 9
67 134 8
134 188 6
188 1 7
1 181 7
181 173 8
181 52 8
173 127 9
52 127 9
127 28 10
28 84 8
84 49 8
