105
4
1 0
0 1
-1 0
0 -1
7
5 0
1 3
-2 2
-1 0
0 -3
-3 1
0 -3
9
1 -4
-1 -3
4 2
1 -2
2 4
-2 0
0 4
-2 -2
-3 1
3
1 0
-2 6
1 -6
4
100 0
0 100
-100 0
0 -100
10
7 0
25 68
40 -66
10 79
-25 7
-24 6
-30 -10
-10 -13
1 -13
6 -58
12
4 0
34 2
22 4
3 15
-12 -13
12 74
-10 8
-25 4
-58 -19
42 -7
-45 -47
33 -21
10
25 29
-18 -29
20 2
3 50
-13 36
-51 -9
-24 -28
49 -26
-57 -21
66 -4
9
17 0
60 12
10 68
-32 19
-36 -15
-21 -46
11 -34
15 6
-24 -10
13
37 0
-82 61
56 -26
26 -26
-44 46
21 9
-5 11
-4 6
-37 13
-12 1
-12 -36
47 -53
9 -6
8
41 0
41 16
7 24
-12 52
-13 5
-6 -1
-52 -44
-6 -52
8
30 0
13 12
-7 33
-46 34
-17 1
51 -75
-55 4
31 -9
9
10 0
37 4
14 58
-8 7
-26 13
-14 6
-44 3
8 -36
23 -55
10
49 0
46 21
-22 61
-7 9
-3 -22
18 -18
-31 -26
10 68
-38 2
-22 -95
8
80 0
15 11
-88 7
86 62
1 4
-8 9
-76 2
-10 -95
9
38 0
44 64
4 -49
10 38
-17 26
9 15
-61 1
-9 -1
-18 -94
13
1 0
15 19
19 40
1 21
-42 2
31 2
-29 9
-40 -1
-15 -47
-2 -40
17 82
31 -86
13 -1
8
14 0
-16 83
-43 7
-13 1
37 -9
-49 -16
-7 -52
77 -14
8
76 0
0 74
-1 10
-75 -1
-19 -34
-2 -41
7 -3
14 -5
12
13 0
-5 30
-15 65
-19 -4
-47 -19
-7 -15
3 -46
2 -6
33 54
19 30
-14 -73
37 -16
11
47 0
27 7
21 20
-4 57
-23 8
-23 7
-42 -85
0 67
-2 -26
-1 -37
0 -18
11
38 0
49 3
-59 -2
62 49
-19 37
-42 5
-24 1
-1 -4
60 -15
-70 -47
6 -27
9
14 0
27 12
16 0
-25 15
16 41
-66 -8
9 -20
-10 -26
19 -14
9
44 0
45 27
-21 48
-37 -56
26 59
-58 -18
11 20
-20 -32
10 -48
6
15 0
-1 21
-18 49
-8 19
0 -6
12 -83
11
11 10
5 2
58 -12
21 34
1 52
-11 9
-71 -4
21 -25
26 -55
-61 46
0 -57
7
51 0
-2 36
-4 53
-50 0
-24 -5
-3 -68
32 -16
12
48 0
38 1
-17 36
25 -5
-76 26
51 35
-57 -11
38 15
-16 0
-22 -8
-9 -18
-3 -71
9
10 0
-51 70
62 -51
-47 51
-43 4
19 -64
29 6
0 9
21 -25
10
34 0
19 5
22 16
0 29
-2 18
-14 28
-7 1
-75 -1
2 -84
21 -12
8
43 0
-7 92
-47 5
-25 -5
-18 -18
0 -60
42 -12
12 -2
12
29 14
-26 -14
51 8
17 13
4 -13
-3 87
-40 -18
-45 -22
80 -8
4 -21
-79 -22
8 -4
8
38 0
32 8
23 49
-10 32
-84 -4
3 -80
-6 79
4 -84
12
17 0
26 6
-10 56
-1 16
-19 5
-29 2
-14 -29
20 -54
-39 85
-1 -55
2 -31
48 -1
14
27 0
-48 15
70 -1
4 31
1 44
-28 3
11 4
-51 -6
-19 -7
-3 -9
87 7
-84 -54
8 -20
25 -7
8
8 0
2 49
-12 13
-24 9
-45 1
-3 -31
7 -39
67 -2
6
80 0
-2 35
-8 29
-50 20
-27 -68
7 -16
14
26 0
35 15
-2 3
-63 61
66 -51
2 53
-24 9
2 -25
-53 23
-12 -30
19 -52
-25 17
4 -6
25 -17
7
-33 42
66 -42
10 99
-65 0
-15 -19
-8 -36
45 -44
14
3 0
31 58
-27 -58
15 3
14 33
7 47
-38 3
-43 -5
-11 -39
-3 -32
27 12
-5 -22
20 62
10 -62
8
38 0
3 18
-10 44
-11 -61
4 75
-40 -23
5 -42
11 -11
11
48 0
20 14
12 30
-4 46
-21 -42
-40 39
-31 -4
8 -39
53 -2
-53 -38
8 -4
13
11 0
42 2
10 7
13 25
3 19
-8 16
-66 13
32 -30
3 6
14 3
-18 -23
-40 -10
4 -28
11
43 -5
21 5
-45 15
54 -14
-29 9
22 70
-49 -5
-18 -11
-4 -56
10 54
-5 -62
14
51 0
-44 66
48 -17
-26 45
-35 0
3 -31
-18 30
-14 -2
32 -56
-33 51
-6 -44
5 -25
21 -17
16 0
10
53 0
-87 38
81 5
13 54
-89 0
28 -52
-37 49
-1 -89
9 -5
30 0
11
-7 24
8 -25
-27 -1
63 2
1 22
-6 66
-34 -4
-22 -5
-5 -37
22 -35
7 -7
7
26 0
41 19
-21 50
-14 8
-35 11
-10 -34
13 -54
6
38 0
54 7
-6 66
-46 -43
-2 65
-38 -95
10
33 0
42 37
-18 30
-49 11
15 10
-1 2
-27 6
-12 -1
11 -71
6 -24
5
12 0
-2 79
-80 -50
52 -25
18 -4
8
42 -19
3 19
28 2
-36 19
39 -12
-51 49
-14 18
-11 -76
10
39 0
7 22
6 39
4 31
-17 -3
-34 -7
-22 -22
-15 -16
-6 -43
38 -1
9
56 0
21 36
-7 42
-6 5
-25 15
34 -67
-73 63
-5 -76
5 -18
8
27 -24
31 24
-21 41
-4 -23
-43 30
-6 -26
6 -22
10 0
10
78 0
2 42
9 -1
-37 21
-2 -52
-23 66
-12 2
-21 1
28 -25
-22 -54
13
2 0
32 15
12 7
23 -19
15 1
-37 33
41 -23
-12 49
-29 18
-15 4
-36 3
-4 0
8 -88
9
7 0
23 37
6 41
-14 19
-71 0
-11 -31
1 -58
10 -8
49 0
8
32 0
27 54
-2 23
-9 22
-56 -5
-30 -33
0 -49
38 -12
10
24 0
17 8
14 10
-1 76
-20 4
-65 -1
0 -28
5 -36
6 -33
20 0
10
43 0
0 67
7 21
-12 -2
4 -28
-7 20
-39 -6
-18 14
-3 -65
25 -21
12
20 0
21 5
23 14
19 38
1 29
-37 4
-28 2
-4 -3
-15 -22
-4 -8
-1 -52
5 -7
13
27 0
40 23
-8 46
-17 22
-38 -17
21 3
-33 -53
10 52
-33 -16
5 -45
8 38
-2 -46
20 -7
16
20 0
19 26
2 37
3 -45
0 54
-3 -1
-2 6
-7 13
-24 -31
11 34
-35 -79
-34 71
-2 -25
5 -33
6 -16
41 -11
9
84 0
4 32
-43 18
-38 6
68 16
-38 11
-37 -26
51 -42
-51 -15
13
2 0
-6 -3
55 15
3 43
-15 39
-76 2
-1 -3
-1 -15
-4 -73
1 -3
7 -2
72 49
-37 -49
8
44 0
12 10
1 71
-5 9
-60 3
-27 -22
25 -65
10 -6
8
37 0
0 93
-30 2
-45 -9
-5 -12
3 -70
11 -2
29 -2
10
46 0
7 24
8 57
-23 14
-24 -4
-37 -7
-11 -10
-3 -62
14 -8
23 -4
15
-25 28
35 -28
5 3
-3 49
-1 -18
-30 59
-17 2
45 -66
-78 65
-11 -5
1 -57
12 -9
14 -10
26 13
27 -26
10
26 0
0 68
-60 29
-16 -12
-13 -21
30 26
-28 -74
33 39
21 -29
7 -26
12
68 0
16 10
1 55
-21 -5
-1 32
-24 1
-26 -1
16 -85
-32 65
-7 -65
3 6
7 -13
15
6 0
24 67
1 -66
40 9
5 7
-5 60
-2 7
-6 2
-58 -1
-16 -10
-3 -20
-4 -6
3 -35
8 -8
7 -6
11
-2 50
30 -50
4 1
-16 42
48 -30
20 23
-3 22
-2 8
-7 12
-82 -5
10 -73
12
17 0
3 83
-5 8
3 -63
-77 69
-1 -2
-14 -37
-3 -10
12 -26
18 -19
3 52
44 -55
9
9 61
34 -61
-10 59
23 8
-31 11
-59 18
0 -83
5 -11
29 -2
10
17 0
67 11
8 11
-77 -11
81 68
-21 13
-33 6
-42 -4
0 -5
0 -89
11
38 0
-2 63
-3 6
-27 -43
-22 65
-13 1
32 -75
-51 38
10 -19
16 -29
22 -7
9
7 0
2 91
-61 -1
18 5
-41 -2
-5 -10
-2 -7
14 -72
68 -4
9
42 0
18 8
-6 64
-66 17
-4 1
-19 -6
3 -56
5 -19
27 -9
12
4 0
51 7
-1 23
-1 8
-43 58
-52 0
10 -55
35 26
-40 -48
14 -3
-4 -15
27 -1
10
11 0
38 9
4 1
1 14
-9 41
-46 23
-21 -83
-8 86
5 -88
25 -3
10
3 0
18 3
32 19
6 21
-7 29
3 -17
-38 26
-37 5
-10 -41
30 -45
12
14 0
7 0
23 1
33 14
6 3
-5 58
-35 2
-54 -46
29 39
-30 -22
-3 -15
15 -34
9
12 0
61 7
12 76
-48 13
-21 -10
-10 -27
-7 -52
69 4
-68 -11
11
30 0
-6 72
-2 17
-73 -42
66 48
-11 2
-36 1
-15 -4
-16 -24
8 -65
55 -5
15
43 0
22 11
11 9
7 10
6 29
2 -15
-5 38
-66 10
-1 0
54 -10
-74 6
56 -6
-43 2
-14 -39
2 -45
12
3 0
37 -7
-12 12
18 71
-14 6
-73 -29
38 9
-43 -14
33 -58
-9 29
55 11
-33 -30
10
72 26
-70 -26
91 24
-15 63
-75 -30
9 -44
-14 56
-1 -46
-1 7
4 -30
10
13 0
8 20
-3 51
-5 24
-57 3
-25 -7
-6 -63
78 52
-73 -74
70 -6
12
6 0
55 8
33 13
-4 32
-12 13
-25 16
-14 -8
-15 21
-25 -13
-1 -1
39 -68
-37 -13
5
9 0
-83 30
63 -29
4 -8
7 7
13
2 0
9 38
3 -23
3 68
-10 9
-34 1
-31 -11
-2 -2
-15 -18
9 -34
8 -13
43 12
15 -27
6
9 0
78 19
-12 20
-41 38
-23 1
-11 -78
13
-32 51
48 -51
5 22
-32 77
-2 -44
-41 42
-3 -1
-4 -6
-15 -69
1 -19
16 65
2 -66
57 -1
11
51 37
-18 -37
10 3
35 40
1 44
-35 10
-53 -64
34 66
-39 -4
-3 -49
17 -46
10
26 2
35 -2
-3 55
-3 5
-9 13
-26 -69
-29 86
-26 -19
0 -70
35 -1
12
25 3
-3 -3
16 2
1 1
22 70
-87 -27
87 44
-10 -5
-51 3
-34 -28
10 -56
24 -4
11
20 0
8 13
5 20
-7 65
-38 -2
-26 -9
30 -66
-41 56
-13 -24
-2 -24
64 -29
7
4 0
30 -39
47 53
-44 -20
44 26
-9 5
-72 -25
12
-14 51
26 -51
33 22
-1 24
-9 17
-20 32
23 -41
-53 36
-12 -44
1 -11
12 -25
14 -10
12
31 0
49 31
-4 63
-8 1
-23 -4
-11 8
-42 -1
-3 -41
74 -8
-75 -20
4 -17
8 -12
12
28 0
-3 81
-32 15
-42 -20
2 20
-11 -22
71 -16
-80 -3
30 1
57 -51
-84 23
64 -28
14
43 0
6 30
6 36
-60 -50
41 67
-58 -3
8 0
-23 -2
-5 -19
1 -8
2 -8
56 33
-53 -39
36 -37
4
32 0
-42 18
-21 -6
31 -12
