2256 11044 19
575 19
1347 11
9340 18
6736 33
9615 11
8752 17
7667 4
3228 19
10563 11
1773 16
3879 35
9410 7
1649 21
8216 17
6279 4
1210 3
6416 27
1231 27
8727 20
9859 8
4522 25
7381 14
3714 21
7610 11
3538 36
7161 27
10579 36
1936 11
1123 24
5999 22
6956 32
5299 27
9063 10
3 13
10456 10
6466 27
3737 27
9519 11
7991 27
2229 22
10656 27
9993 29
9 31
1190 34
9718 22
6483 35
5011 24
6999 15
6581 0
4753 4
2626 32
8601 21
10557 29
8907 2
810 23
6258 25
5552 24
9528 24
8840 29
7076 19
1689 3
10140 26
2628 30
6908 24
3034 7
5454 21
6031 34
4756 16
2238 6
2795 21
8046 35
2817 22
1359 16
7810 29
9954 24
7354 36
740 7
686 16
4834 20
4527 4
8849 30
6271 10
9724 16
3319 32
6574 1
3357 37
1744 5
7059 25
6164 25
79 31
9663 3
9316 30
5629 15
7705 9
5546 28
8573 0
9142 18
4562 6
4872 20
170 6
2508 22
4187 31
8735 26
10218 12
3108 33
7539 22
3896 18
8474 5
8973 23
10893 16
10747 28
3844 37
5711 2
473 28
4300 25
405 7
8838 27
3487 9
3840 10
2068 3
1963 15
10730 15
1741 35
8464 20
171 17
4138 26
6085 34
6446 20
6713 2
10522 8
495 28
7657 10
6553 4
2239 4
5259 17
3683 14
9276 11
5112 11
1173 9
1507 14
7749 22
7656 23
11002 26
9293 9
5315 28
9475 5
9058 15
1276 17
5820 18
6033 33
175 14
453 29
5191 0
1429 10
1920 16
10033 22
699 32
999 10
1784 21
2747 36
1042 3
9831 12
2801 26
3327 30
356 12
1880 12
8837 30
10524 22
8621 30
2529 14
4008 2
520 4
9234 27
727 5
10235 32
9199 36
10833 33
5878 23
9323 26
915 15
2740 20
2755 35
10160 26
5314 15
1394 33
4457 35
9575 23
2786 34
4758 4
4461 27
4740 7
4672 26
3494 8
6095 19
4212 25
2130 18
8373 2
2696 19
4352 19
9630 33
4833 36
6767 34
10013 18
2105 36
8486 1
3743 3
8106 26
7904 15
9053 25
752 18
6438 29
1466 7
10158 22
706 18
4419 18
3368 33
2815 5
1848 11
9147 36
2915 28
5279 7
4311 0
1083 30
3034 7
9047 8
6808 1
3950 30
2630 30
5544 21
9253 8
2663 34
7316 14
8031 34
7689 14
52 9
8922 24
7356 30
4367 8
8888 29
5142 37
2784 32
195 9
7087 25
8593 23
163 19
2325 33
3092 0
8394 8
6042 18
3068 30
10690 5
10229 3
898 12
6721 19
3639 19
5392 5
6615 15
4533 36
5482 25
9093 24
5282 24
10458 6
10375 25
3466 2
544 20
2319 17
3778 12
7248 4
536 28
5919 22
1560 18
4892 10
537 25
3507 21
1570 22
2353 20
5766 11
4348 5
9208 35
7836 24
1596 17
1925 2
9326 13
8150 18
5907 16
1479 32
8855 37
2558 1
2586 35
7127 6
8029 30
8313 8
4250 7
196 33
6306 30
4032 24
3899 25
2246 28
2418 15
10057 31
559 17
6744 0
1074 25
6887 0
5484 31
6102 34
7615 9
181 13
9735 32
8852 15
9774 18
4794 32
7788 0
7517 7
4430 8
7532 22
7535 1
6530 4
8196 26
2093 32
7958 2
6788 4
4742 4
4557 5
4816 2
10821 4
7015 2
9991 7
10740 18
4128 34
4264 4
4356 25
2479 0
10524 19
7091 18
4061 3
4414 32
8010 35
4843 7
3129 10
906 7
1892 24
8546 23
7709 27
4458 1
2974 18
2167 11
2479 8
10121 3
10932 8
8788 37
5124 16
6669 25
1058 25
4428 4
7433 9
4372 33
3451 1
3090 27
5205 2
9463 5
8875 30
497 32
2754 5
7786 12
3833 9
2886 16
6828 12
498 18
3554 4
301 4
6545 1
6223 32
7268 11
2848 8
9000 23
9554 8
8439 14
1910 33
3841 31
529 31
10544 34
1733 10
8895 29
10081 37
3860 10
970 26
9438 19
4559 0
10077 2
10727 8
1333 35
4848 32
2466 16
10816 34
2936 30
492 29
1763 8
8751 9
9215 22
1520 36
4170 17
6014 34
1530 33
3479 7
356 0
7845 0
6427 2
2553 1
6313 5
9464 30
6088 18
4459 6
6195 30
5930 35
3854 14
1769 32
963 15
3901 26
9499 13
2768 17
3224 2
9107 32
3596 9
5924 3
7534 26
4677 36
6835 16
4171 24
1928 10
8326 20
9498 23
336 37
4547 29
6576 35
4791 7
8573 30
4593 9
9815 18
3091 4
2130 32
6786 34
2840 28
8663 23
9140 24
3694 11
708 4
8241 34
4502 35
7017 8
5647 15
112 5
1367 13
4203 4
4473 25
2291 10
7154 4
9329 35
1416 12
1454 35
2837 24
8378 4
908 12
2070 0
5459 29
4711 15
4061 16
7064 19
10706 23
6033 11
1472 24
8158 12
9849 32
2576 9
9567 34
6398 27
7867 33
4602 26
5329 15
2553 19
1490 37
8156 22
5791 36
1929 0
7701 10
6533 15
8409 37
3371 18
6522 25
9489 0
3985 16
10450 30
9021 13
7684 21
1447 19
7658 31
8287 14
10032 29
4788 16
4062 35
3324 34
6754 24
2592 2
2278 27
10890 13
3510 24
7291 20
9417 30
9228 28
3682 25
10532 0
4301 7
4460 24
6895 9
7437 35
7810 23
3140 0
10533 37
5072 8
6719 32
9173 0
4310 23
9269 30
9053 21
6735 19
4258 36
9969 19
9246 12
7382 27
10222 35
10101 29
7515 24
8397 26
3856 9
5521 1
5662 6
6818 21
3032 1
1454 8
1873 14
6155 20
2131 34
1717 8
5025 5
8028 2
1503 4
10169 32
5276 27
5710 20
9356 2
5680 13
7972 5
3137 22
5742 36
9175 8
289 26
8148 26
6397 29
9386 21
5474 10
4824 31
10283 1
5325 34
2457 15
9056 32
10093 9
8313 6
10003 13
4900 31
291 32
3563 36
4933 6
7965 15
6119 16
3120 7
514 11
1834 34
4810 22
6412 24
9274 0
7098 11
2956 0
6163 29
7012 11
3148 0
10447 2
951 23
2837 19
8678 25
6739 28
9308 26
1051 34
9851 34
293 13
2483 12
1347 2
4817 26
479 34
3679 27
2743 32
6700 24
9726 1
7651 20
2021 37
7589 13
5800 20
142 33
4394 8
2583 34
4042 33
5701 4
6960 22
3969 21
6940 16
6697 4
10521 4
8646 12
8288 30
9274 27
8314 0
9451 37
3994 12
4057 6
6388 23
3549 27
6979 15
8259 3
10214 27
1265 18
9857 14
11032 10
8708 26
8806 26
8761 27
2772 12
4354 7
3299 33
6981 10
5974 5
1411 7
10230 4
2078 3
1916 32
2603 29
10098 17
10216 37
2480 31
7702 35
1957 18
6605 6
9302 30
2994 33
6251 14
1117 21
3608 13
3741 25
5109 16
8645 18
2273 1
8384 9
8231 33
2559 12
994 32
3934 27
1375 32
1520 6
5776 5
5670 37
9387 24
10495 10
6380 22
4465 16
9075 24
6775 28
3865 14
5446 28
425 9
6304 9
5462 5
4143 17
4247 35
7034 14
3625 35
219 31
10516 17
7497 10
2281 20
3522 4
6659 5
708 4
2253 22
2979 15
9575 29
2022 7
4751 24
2199 0
3081 2
8512 30
4990 37
5779 25
2766 16
1516 23
2780 2
10070 19
10482 16
10331 37
4701 23
8713 4
9722 15
6201 35
10478 20
1185 26
8523 10
5508 17
899 27
7624 19
7352 35
4729 17
9689 1
10076 34
6032 27
4190 9
9544 11
6094 1
4449 7
5709 9
3242 36
1629 27
4447 34
1455 36
6219 27
10557 31
8771 23
1874 34
3027 20
9404 0
8704 24
9924 37
3643 14
10240 1
2613 20
3062 21
7388 10
4051 28
3181 33
3662 36
3710 8
6509 37
8198 14
1837 24
8742 31
1046 4
6399 9
3829 2
9105 19
2034 21
9118 12
4288 24
5563 26
5323 10
1694 2
860 1
9561 12
8402 16
3586 0
7424 19
9268 30
9298 9
4424 9
9161 33
4159 35
3616 18
2827 29
8247 33
2436 29
2309 10
3681 2
8108 19
8944 26
4875 7
9202 20
2505 7
10146 9
2500 37
4864 33
9969 20
2281 16
2893 32
1737 8
5903 1
4063 33
361 7
7431 24
168 37
9414 36
4828 1
2231 10
7955 2
7267 32
1292 0
3666 1
4491 5
5470 28
8763 22
7755 26
3868 16
6843 0
2639 13
8372 34
9803 14
8872 34
4653 22
10761 37
4713 8
7493 8
2762 9
4599 27
6616 5
6798 31
5113 13
8522 27
1587 32
7837 26
159 6
7203 2
8844 23
5877 11
10322 10
2979 33
9637 12
9488 7
2899 13
6386 25
10564 9
11042 30
7863 25
8357 17
1286 11
5128 2
4562 23
309 25
4677 8
378 29
3527 2
8657 18
738 29
77 31
6541 19
3436 12
4844 33
1914 18
9017 8
7629 34
9798 15
9233 5
3206 3
2209 17
9289 6
4027 20
8308 1
9077 31
2624 8
1696 30
5657 1
7565 10
2470 28
8689 8
10160 7
2025 26
4700 10
9239 8
4076 6
292 30
5412 9
8139 1
3429 4
3652 10
331 13
3580 23
1796 5
4184 15
10020 9
6084 19
2 21
4278 9
10890 20
6303 16
1557 37
10762 7
650 28
4326 11
9638 26
8481 23
4131 18
8126 30
5356 5
7522 30
5176 14
2606 22
8876 30
1808 29
2654 31
2605 34
703 13
1330 20
7575 18
7677 11
2044 37
2938 27
6448 36
6617 25
3915 29
4674 6
1176 20
8880 30
478 9
9030 18
1963 5
2076 23
4016 14
1656 17
8776 25
808 30
8781 13
4803 34
3946 14
3134 19
4580 15
1237 15
4815 14
2694 28
2213 25
4369 2
804 18
8580 28
1123 9
3225 11
1759 4
1218 35
1667 15
6545 30
6754 29
2416 5
1586 30
8078 13
5041 22
6671 25
6887 0
5016 31
6451 2
5647 30
2639 25
4249 33
10361 25
4980 13
5544 4
6996 6
8242 13
10592 15
10159 21
10390 2
4629 31
1375 37
5482 15
1396 36
8691 9
10958 31
5582 18
9667 1
6347 31
8462 9
10298 0
10987 20
4567 4
1682 7
10198 5
457 20
10961 1
800 26
8872 3
2433 10
96 22
9728 3
6231 27
8696 1
9895 15
10510 4
5075 4
7991 15
6806 24
5585 30
2227 28
8602 33
1796 35
8551 27
5475 18
962 3
9882 14
10642 3
9354 32
8688 7
886 31
10271 24
8873 21
5615 19
8549 19
9050 26
6666 7
7070 1
2946 2
8631 22
2510 7
7227 1
5969 20
963 10
7211 34
906 34
6525 36
7183 29
6819 1
6060 18
6538 25
576 21
10067 36
6872 8
10603 16
6693 37
6461 9
5069 9
3601 22
2469 25
1278 24
5430 0
3035 19
3167 1
4665 12
7937 17
1024 12
2092 0
7106 20
4025 30
2748 24
10148 33
10940 20
7144 19
10854 18
4833 4
2975 28
4165 13
3647 22
438 31
5970 15
4815 12
7906 26
3417 35
2403 14
180 19
5775 22
4974 32
7002 5
10747 27
6185 3
9430 29
10122 11
8923 22
3383 0
1509 18
1060 15
8398 24
1694 13
7168 28
9794 22
4446 19
5417 21
627 24
7421 20
8131 7
5056 10
7980 28
8032 23
4019 27
774 18
691 22
1610 35
2893 17
6039 30
5212 16
8884 37
10571 14
1963 30
7589 10
11004 18
9319 36
5448 9
4273 9
2639 17
2222 31
9272 2
2545 23
5697 28
2052 5
3201 36
1850 35
9123 9
6894 29
10619 20
3865 1
4416 16
9340 17
8126 7
3118 8
9096 28
1667 18
2029 18
2702 35
9931 4
3541 7
2132 36
2042 27
8912 35
10935 25
7022 11
2349 15
5623 28
8858 8
6684 11
10354 13
7596 9
6127 8
10929 31
8499 5
9825 3
1069 19
3888 24
1819 31
4096 24
2767 9
2725 37
4821 18
8678 21
4948 19
10368 27
10387 1
9269 18
4377 26
5832 4
6208 19
9379 36
5395 1
2357 6
7462 8
10413 8
1594 25
2111 18
3769 8
6169 21
687 12
9480 36
57 31
2789 9
2966 24
4650 14
5940 1
449 2
1233 18
6711 15
6370 30
10101 12
579 7
3123 10
4112 7
10581 7
5878 14
9246 5
10725 21
6674 2
3034 31
5991 24
6332 30
5104 11
1387 12
7546 4
6872 37
4198 27
10295 18
6491 9
386 18
10844 16
3557 32
7721 28
7783 23
5578 23
2496 7
2387 8
8499 26
1226 28
3302 13
10379 4
9095 29
4054 13
3866 12
6502 8
9512 18
5108 14
5942 10
6837 10
2186 24
4048 18
4905 36
927 30
2446 18
7593 8
106 32
2148 31
2420 29
8144 1
4955 5
1320 26
6350 31
1463 12
9159 10
993 16
5915 32
5532 24
9860 31
801 1
2380 12
9475 3
2698 5
7166 15
10019 31
2072 26
10094 6
2572 30
10595 37
5083 13
5020 34
10555 14
10249 25
10558 24
874 8
5807 34
354 16
270 32
5891 35
8718 10
1231 23
2746 14
1548 15
5496 0
9836 1
9722 1
2746 33
4906 6
6765 4
8237 17
1318 11
1163 13
1580 27
5769 32
544 16
6098 30
2005 30
3158 25
349 5
7747 30
3728 13
6218 31
7969 29
754 35
10879 5
7215 21
8525 23
8735 27
157 22
5031 21
5606 4
1024 5
5816 36
5880 26
760 34
542 11
3996 29
6394 34
9504 4
8003 14
5534 20
3627 36
3739 20
10449 9
2982 17
9150 24
3304 24
178 13
7165 30
612 36
4866 18
11011 10
935 4
9202 0
3623 35
7302 10
7466 2
2826 17
7699 26
3155 7
6566 7
5301 20
3227 26
1622 16
1575 16
8722 20
8614 30
5355 18
9046 30
722 14
3644 22
4533 23
2396 1
8334 25
4790 10
8572 32
9174 11
556 33
1059 25
8747 18
7683 2
4846 23
4729 20
7050 0
9265 26
9746 12
7885 8
10185 6
8744 24
488 27
6027 3
9211 17
9365 6
523 29
8071 5
6005 20
1336 21
7424 33
3343 27
1093 22
7095 2
8018 29
9986 14
4763 34
3597 27
1244 19
8887 5
1778 8
7088 18
9346 19
271 10
3448 23
2855 37
9525 6
9179 33
7302 36
8337 36
9630 12
9588 27
6141 9
7424 22
9371 31
5073 26
9304 27
2950 2
7253 18
2025 17
3960 14
1544 23
3843 7
1285 18
7018 33
8406 27
4758 21
3106 33
2940 18
10040 32
10035 23
4426 34
3477 33
9992 16
5777 11
1702 26
3257 7
9090 3
2608 3
9615 33
6090 12
4471 35
4202 15
3273 22
8653 11
1558 27
10122 21
697 7
2945 19
8782 20
3576 12
5085 31
1659 26
4710 5
5538 6
3490 2
3925 27
5403 28
5526 14
7461 28
8971 1
5882 8
2550 9
6139 17
8873 20
4091 27
8527 31
1500 25
1542 22
2867 18
10527 35
3869 17
3806 3
10055 19
5195 29
9817 34
3049 37
4855 15
865 3
5872 26
4575 2
10940 29
4954 32
9819 8
10978 4
7278 2
3321 37
4210 34
759 14
7622 34
8887 27
9398 13
6057 17
2706 4
6466 21
2787 22
8920 14
3016 30
8850 22
59 16
7327 37
594 15
10926 16
5793 24
5819 1
10413 15
9048 6
1671 18
2814 15
4686 32
6788 3
5777 23
2296 7
9160 16
1245 27
3820 4
5322 27
11032 20
4389 34
4127 12
38 23
8944 5
7700 21
10557 3
4832 30
6755 23
305 6
9101 9
10960 15
4379 8
4429 29
4209 28
1845 13
1568 32
8150 32
2175 12
1475 18
6526 30
5405 31
440 1
4683 21
4807 15
3928 31
2340 29
234 5
8518 37
7913 16
2107 7
7609 16
1737 21
10961 20
8903 4
9980 23
7132 23
893 26
8331 10
10223 11
7528 25
1065 7
2797 18
4856 19
10405 15
8604 7
4029 5
5163 8
10060 17
1202 36
7232 21
7188 37
5077 16
1386 17
662 30
10732 9
2542 9
5700 36
2101 6
8216 0
9843 30
3040 2
2224 10
2290 12
3264 10
8145 16
8176 23
700 19
6746 23
2687 17
5086 0
10410 37
222 15
8993 35
9288 9
8992 15
7660 11
7288 17
5619 15
10285 10
3642 36
5470 37
7387 22
1626 17
8139 31
8724 10
1127 16
6653 27
1284 2
10592 26
7353 24
9006 16
6802 26
3184 2
8511 26
874 36
1377 12
8841 5
7245 9
2503 17
6279 22
601 11
8168 10
10685 2
7467 14
8681 29
6652 11
2916 33
10142 11
3140 24
10468 2
3784 37
9038 7
9642 37
5449 16
835 28
10622 13
1406 26
7782 6
5566 31
10492 14
10660 4
2910 22
661 19
10903 13
7788 18
7833 9
9535 7
8540 7
9565 12
6427 1
7591 9
9925 6
9947 20
9628 5
10273 35
2738 28
378 4
9259 35
4649 2
3327 0
4160 1
2950 9
750 2
3821 10
7383 21
10292 37
5209 6
3920 35
2572 36
8735 12
4572 32
426 22
3665 27
1747 31
9756 20
5134 36
276 7
4164 35
7743 32
202 8
766 18
1068 1
2094 16
5134 5
7201 24
6131 9
3421 4
8663 27
1079 37
5868 19
4418 27
1573 18
1964 26
5551 19
10209 0
3669 28
8012 29
3002 0
9799 34
5032 34
7570 3
9571 6
5382 35
1542 19
3750 33
85 25
2307 10
1004 18
2544 19
6823 23
1672 3
10550 32
1411 36
2167 37
10983 28
6781 6
6948 9
43 15
397 1
9034 17
11032 2
896 13
9563 9
2130 0
4553 23
3739 22
2349 31
7516 26
5921 9
3134 37
3225 21
4622 30
7137 37
9441 25
5097 12
6553 5
8675 30
10170 13
4162 13
3952 3
8697 10
8739 34
2834 28
3988 14
1948 32
4704 37
9343 30
3043 12
7750 20
10118 31
6129 33
4756 9
3421 4
3734 20
10676 33
7221 36
3542 7
8588 15
8644 26
9682 24
114 27
2452 26
2264 11
9375 2
7300 26
2885 27
5791 33
2829 2
10861 32
6864 19
3062 20
2306 17
7862 21
7458 12
6719 14
3661 13
9938 8
8635 23
784 23
8794 23
2469 4
5956 13
9162 27
1708 30
946 3
8118 37
3326 22
3414 36
6931 14
5204 25
10328 22
9097 0
5980 1
9833 12
6943 30
9954 19
9839 19
463 27
4202 7
4080 35
7702 10
2413 25
3858 15
2234 16
5187 19
7682 31
3117 4
6739 26
5148 33
9305 3
4204 3
440 17
713 17
6307 34
3743 27
1158 16
9196 29
2080 4
556 23
4342 15
6336 35
5390 24
5744 27
10763 27
434 13
6359 36
1270 33
1999 18
10466 3
7032 18
2405 28
8358 23
3028 15
4085 33
4970 30
3473 13
481 30
6958 36
9607 30
3964 35
5818 32
6669 0
398 24
4265 7
6384 34
2861 37
10456 25
8623 22
7058 31
716 21
9342 10
7251 22
9758 17
4566 2
9620 15
2567 17
10636 8
545 4
6997 31
8942 24
9870 12
382 2
8544 33
8373 4
4914 29
2398 9
10522 37
782 1
9934 25
9259 0
4934 36
2823 13
3124 21
6751 32
8991 32
8079 34
6640 21
2961 31
2189 15
3281 7
121 12
3467 27
8869 5
3687 8
8811 14
4221 19
8892 6
917 31
2458 2
6240 20
8132 18
4700 22
3762 24
7823 25
2244 37
1815 24
5781 5
4986 19
8255 26
4577 19
588 14
1815 17
5948 15
5465 28
4262 2
9507 22
97 4
4308 22
5748 16
8975 19
255 11
2058 25
39 34
3704 32
6111 7
2306 20
454 24
10089 2
6881 25
4746 20
2333 3
10597 17
4704 19
1659 10
4966 10
6783 12
2692 2
3483 34
3752 12
2368 18
3019 9
9618 21
10723 7
10324 37
3167 26
8696 30
45 6
10282 1
3659 13
3215 25
2272 25
7615 28
8853 35
5858 24
2086 13
139 3
3070 13
5694 13
9432 0
1936 36
1930 29
7644 18
9627 4
5017 34
2444 26
6505 13
8466 9
2480 33
556 34
10702 27
1562 14
1813 32
3916 15
4962 9
6649 29
657 3
2762 35
3258 0
9076 33
9031 5
833 36
8632 18
10433 32
522 9
6575 0
9151 33
6509 24
8233 37
6722 9
57 32
10614 2
7585 9
8767 4
9273 15
6963 12
9419 29
1380 15
9538 15
4635 5
5476 3
4344 32
5138 29
8382 19
4883 18
4754 16
6727 26
5288 11
8463 16
5202 1
7682 37
79 14
734 26
10883 29
8371 4
7434 7
6447 12
8302 2
2527 24
8216 20
4972 12
6929 29
9706 7
6661 10
6437 34
3285 9
3225 8
4386 31
4887 4
6881 15
6760 17
228 12
9946 15
4360 10
6933 36
5221 16
7440 12
3951 5
4700 10
6447 3
11020 30
6341 16
2029 7
2339 36
7435 27
3922 24
6265 21
7495 11
6398 16
3304 5
2545 15
7820 13
6182 26
717 24
10529 21
5572 22
5319 10
211 5
202 36
6606 20
10978 7
8658 15
10197 27
7705 27
4727 34
9113 9
8070 23
885 11
1095 24
5997 16
3590 30
3866 27
530 7
6649 0
5193 13
6666 5
2391 24
9893 14
1169 9
9908 12
8084 31
7191 6
10109 16
228 19
10211 20
10717 13
4750 2
10008 14
4627 35
8205 12
4114 7
1581 19
8411 24
1035 19
5536 9
327 1
5353 31
9270 6
6965 9
9517 34
3069 15
9311 5
3499 23
8761 7
8400 18
1617 10
7552 7
9942 21
7645 29
10316 3
7595 31
6805 9
2827 37
8506 18
9011 29
8140 25
10793 29
457 10
1026 36
5879 36
145 37
9227 4
4304 25
5066 0
6426 29
6128 27
4073 9
1232 6
1390 5
1932 12
6647 34
6789 15
4608 30
7702 31
10229 33
4557 37
5471 36
3122 3
6277 3
2251 29
7133 24
2367 26
3039 27
8159 32
9017 19
1498 11
520 4
4376 22
6642 5
3977 35
1580 12
6527 15
3677 24
1621 13
4680 23
5018 31
7467 21
7581 20
2541 3
6498 32
8009 3
217 22
5167 29
7573 18
1938 6
10268 37
1430 22
1741 19
1061 29
6290 33
2789 19
2559 14
1175 29
11015 34
2014 24
6465 5
8025 20
6749 14
1559 6
229 8
2901 10
6894 1
4024 29
9635 25
11008 1
10432 28
4903 27
6147 4
9731 36
5787 23
1919 37
5768 24
3366 37
499 7
5917 32
8902 1
7302 13
139 32
4630 35
5461 8
9460 35
911 34
5302 3
1680 34
6476 28
303 11
3375 11
651 36
6832 24
8193 33
1624 9
2377 1
8598 35
10479 29
10947 13
6456 7
1173 13
1235 4
9971 24
7455 1
4616 36
6113 29
8891 24
6527 9
3726 3
5581 24
6585 13
3195 17
6244 13
8502 20
9247 8
5210 6
7583 35
4928 23
4558 37
6809 25
1631 30
6243 9
10954 26
4938 7
8168 12
4689 8
6960 4
10342 12
6789 13
11028 5
8552 24
4624 8
2360 0
10118 5
7774 25
2972 17
1000 32
8951 35
3077 36
9097 9
8240 28
427 19
248 11
10300 34
693 26
6713 25
8951 11
5770 7
9719 28
7401 9
7680 6
8758 20
2980 3
4651 26
1519 9
7573 14
9063 18
1530 10
7425 25
9080 8
7231 24
9450 27
10835 29
7529 32
5014 35
2294 12
3676 3
2382 18
2055 11
8990 26
2206 36
9556 0
768 30
9930 0
6317 33
549 17
8232 3
4601 25
4569 8
6951 0
3462 20
4187 8
6501 4
4044 4
164 22
9088 27
1355 36
1052 30
841 36
8983 4
8901 28
9517 37
3295 2
2403 32
3636 37
354 1
4190 7
3897 0
7287 37
10391 12

