8279 11021 84
4635 106
1307 166
3107 84
7771 134
7803 41
6226 19
5551 17
1457 119
6917 58
6040 53
11007 141
2389 67
8301 39
8980 18
7066 3
8172 99
3070 157
1992 20
3511 42
9907 155
3730 31
8644 107
1132 127
2233 29
2971 129
4850 64
3071 137
458 148
4203 38
6421 155
3731 164
3393 17
1024 11
4888 158
8610 135
8249 113
5230 33
8142 87
9069 46
3997 4
1115 135
5900 26
10939 41
4592 24
4011 109
7511 156
5581 51
6736 140
10871 98
5483 10
7572 27
10729 126
2648 111
10756 144
1183 54
6694 46
489 82
608 2
7419 35
4509 48
924 140
8559 102
5917 70
6473 149
6610 156
2147 120
634 118
457 147
1878 146
2478 61
3276 7
8375 8
4169 100
5316 1
8274 49
9780 107
3694 156
8166 153
8523 15
8959 84
10264 55
5972 121
8950 16
1265 151
3801 152
5242 71
7840 130
2542 101
10221 139
4710 110
8165 66
3681 106
4442 155
7221 84
5623 69
7342 160
6367 141
9480 69
9936 74
844 130
3393 122
10506 150
7422 53
2851 50
10511 129
8692 34
31 109
365 125
413 123
9499 96
811 135
1835 97
5434 85
6892 139
2807 18
5860 86
163 1
703 57
4755 137
8273 90
2320 109
7709 68
10225 116
10028 83
5579 2
9154 156
7279 167
1188 145
1650 6
6038 83
7692 145
9178 40
10350 83
4642 136
2332 102
3684 139
9208 134
4635 109
10042 78
7617 92
5087 58
4111 1
5794 36
10785 69
5636 18
6015 103
982 120
297 35
503 98
10222 12
2989 101
3955 141
6224 38
5816 157
2718 19
8794 129
813 17
4424 135
9359 134
10896 144
10202 32
8215 4
2616 29
9434 117
7237 100
6749 61
7847 148
9861 41
5420 132
8276 139
2558 51
3518 162
10777 89
1578 149
8688 109
762 160
3738 96
5888 165
10247 154
9216 14
7635 123
8748 98
8237 149
8086 143
2811 56
901 72
1287 166
1013 6
3305 113
10504 75
5273 145
9613 101
612 66
5594 80
9674 21
1676 159
5354 158
10696 36
5088 86
4577 94
9962 50
7634 91
1410 68
8022 22
6066 72
5521 34
365 162
8209 120
9586 118
4872 21
9085 40
7811 136
8875 13
9952 51
10107 145
1325 63
361 42
195 85
5188 37
4993 50
9239 104
6733 106
5402 128
8910 49
1050 60
4140 165
4813 1
2057 72
10642 136
5577 102
1989 77
8860 65
6540 64
7110 45
3618 57
3543 137
6648 144
3768 106
9537 83
9394 95
5028 12
5810 136
4266 114
9995 88
7334 111
10827 45
2977 33
1578 125
1500 133
5272 60
9201 25
315 163
9733 96
10290 131
2565 100
4562 106
1854 47
3863 165
2997 106
10937 159
1929 10
7597 41
2007 39
5611 123
5971 87
6336 145
836 43
10919 49
810 0
10372 36
5330 1
7696 156
10339 83
6179 61
7632 121
2278 126
1053 33
2705 154
9224 22
526 122
3193 47
1912 101
1266 120
4401 27
1265 64
810 118
6552 155
7847 139
10333 137
299 87
2217 23
974 157
6902 20
4966 63
2352 126
5723 27
2391 126
9124 128
219 137
1247 48
3950 104
2436 97
5433 155
1131 135
8254 66
9411 92
3322 68
9298 123
4163 115
4328 33
1775 63
5350 109
8065 74
2711 65
8635 52
7854 49
7427 97
6491 132
342 144
3225 81
5212 20
4480 28
5825 72
5000 48
4683 126
3459 111
5889 81
2527 128
6911 117
4083 145
4441 27
6093 6
4357 153
5623 136
721 161
4100 96
7436 121
2256 110
3767 51
6250 166
3685 142
7617 98
2415 12
7435 54
2649 109
3879 63
8818 133
6940 61
3246 25
6380 132
4157 144
2267 141
4528 143
329 146
1675 109
6695 42
1213 65
2601 66
10714 65
6325 13
2942 60
6343 100
10227 153
7574 57
6996 106
6876 80
8882 84
3892 24
1640 152
9304 65
4126 54
7342 119
2729 112
9565 14
6115 166
3530 5
2 113
6990 127
7025 89
2692 160
1586 98
7222 22
975 20
456 88
9341 35
10195 43
3846 103
6124 138
7793 140
7576 38
8083 140
608 31
1301 51
3922 129
8936 28
4782 67
10883 11
10408 108
10064 66
3591 6
10846 144
6875 23
5220 14
9219 78
10064 140
1212 11
2481 44
6769 106
8701 132
8551 26
2809 82
2395 153
9359 147
10400 98
11017 37
9362 137
4921 142
6981 54
10919 109
8713 57
8616 87
7184 69
7109 148
6110 104
7439 91
1813 153
8313 107
1877 163
9668 140
3455 1
10935 157
1213 26
6473 167
8831 112
2505 90
4344 75
7347 79
1886 107
7640 109
2289 78
9326 136
10429 119
1084 167
7086 152
6955 77
28 89
5946 26
2425 65
2760 154
2604 100
4498 63
3800 117
4551 35
6610 110
10366 152
6320 78
10132 107
9487 139
10737 70
8087 49
2661 38
957 89
2369 156
728 157
8500 39
1925 26
8114 26
972 39
3346 18
2626 22
178 60
3812 40
10161 164
8837 22
1107 160
2006 133
1875 62
10258 137
6574 91
2237 54
10169 31
2144 11
4322 29
7834 32
1244 54
5674 33
4631 152
10953 52
3812 107
9896 167
1912 29
5826 21
5259 167
1173 147
2646 120
10582 45
10682 160
313 79
6189 15
1406 153
1172 150
1015 98
7539 166
7500 56
2513 33
5643 87
8384 134
10529 25
6983 8
4046 133
6605 81
4280 74
6462 115
6794 45
3608 136
9856 129
10586 114
9265 119
3497 53
3497 23
10609 12
2078 46
5965 1
4911 128
6339 57
8018 23
1754 23
1976 108
10957 24
1473 150
8864 119
3471 33
9592 74
10133 73
8308 149
5031 95
5390 109
7785 91
424 55
6874 162
7739 82
4227 42
4218 83
8810 132
9085 24
10907 49
344 78
4274 129
5454 118
6478 71
4763 14
4687 89
2620 5
1164 14
8894 97
9502 153
9986 4
8732 149
7541 91
5104 161
2491 33
8541 31
574 12
9471 24
10264 143
4930 114
8181 104
3292 28
10985 34
6404 56
4184 165
2805 122
5984 29
6526 97
4434 121
582 28
8374 125
4064 111
9201 161
2467 14
8759 27
2498 9
276 107
9033 104
1681 166
6489 49
2352 13
7081 128
4485 38
7231 46
9997 123
1894 117
5853 10
8565 98
4180 126
6503 68
935 123
10098 133
7196 87
4984 7
5244 15
8734 104
8195 112
5900 73
9222 23
1011 99
5728 115
2188 123
323 26
3251 56
6421 89
9568 10
4105 80
7871 141
9581 164
4503 151
2519 7
707 62
4516 5
2101 29
5826 121
1774 129
5653 0
1382 127
3187 11
4385 152
3823 115
7598 15
6757 32
292 115
29 27
6561 80
1516 29
5327 75
6351 126
6175 93
8272 130
4857 111
1509 82
8521 24
8037 95
8775 147
6378 164
4187 100
3383 85
5739 84
2777 90
7353 67
4635 120
4607 38
6745 114
4087 49
2296 124
7299 102
6835 40
6947 95
3747 37
4795 72
911 77
10581 137
3731 141
500 146
9348 138
10136 48
8083 122
3711 95
9521 17
10912 24
205 13
8723 102
1862 116
9994 99
5172 101
4560 56
7653 92
2479 13
1512 98
6944 37
10137 36
5550 134
2755 10
549 31
6353 99
6178 163
8998 7
319 46
10075 117
5880 13
699 159
1615 162
1626 3
7027 120
6282 139
7123 52
7494 30
1435 125
5822 88
5754 22
577 24
10423 113
8022 105
8039 126
10923 67
1499 132
4401 75
2228 39
2577 160
4508 51
10382 95
5945 120
2053 90
4035 7
7695 108
9910 27
5129 160
7464 59
3789 131
6202 151
5363 47
1263 121
3296 17
3935 127
7082 149
5194 70
841 104
769 81
5818 79
4614 113
2721 142
7371 119
818 123
380 16
7045 53
3891 1
5420 23
5628 148
834 129
7449 105
456 96
4973 128
2576 133
2267 37
8209 68
2387 118
2571 78
4326 105
388 65
496 41
1773 126
1755 11
545 36
2135 76
4998 27
3869 94
1420 19
7974 10
2130 86
768 47
10017 51
4810 68
1403 92
10434 90
4729 43
4747 166
9844 104
3027 102
1099 6
7138 98
7437 127
9510 165
5233 5
4235 35
1301 27
799 77
10314 51
5250 155
9810 17
4583 82
4646 7
6407 150
2848 34
1622 145
7359 78
1148 117
4333 166
9916 118
7500 30
1877 36
7600 164
9179 40
9404 164
4726 116
10150 147
425 32
839 111
7879 58
1876 101
5944 85
7751 106
6282 14
8300 14
3648 59
3583 118
7130 20
886 1
1952 111
5873 30
1479 31
1213 100
4063 12
4491 89
7315 1
75 135
4355 154
885 36
7340 60
4898 8
3170 162
10052 21
520 5
9930 26
1247 59
9674 25
815 155
9249 106
1257 152
4791 47
678 100
7028 105
8958 167
7467 10
9270 8
5370 149
1193 43
10468 51
3586 44
2495 32
10321 83
8183 77
6148 97
10227 78
2101 49
1712 167
2018 146
4080 139
2262 44
3878 62
2341 154
5219 44
3447 95
9896 80
1435 27
6867 113
1369 0
140 10
6210 152
7278 25
8550 58
5706 3
858 132
10758 134
1839 147
10042 134
6516 113
5070 140
7815 126
2133 20
9461 18
1048 6
3979 41
4612 24
8405 113
8653 130
3101 104
4350 18
5400 42
8217 160
5212 89
1851 44
5916 45
9779 7
2861 55
2486 32
6924 112
1816 104
6242 39
8243 55
6344 147
6565 24
3016 94
7907 43
9751 67
4183 91
2061 89
9471 7
3636 111
8464 20
2072 59
3973 146
3073 86
8141 85
9857 90
8458 104
1876 87
7895 13
6101 154
3764 160
5239 55
1071 85
6102 137
7424 119
10422 151
5790 42
9911 89
10685 139
3791 43
3251 103
7791 73
1550 41
3624 117
4371 0
2023 44
812 152
1871 71
5826 136
11006 137
3937 44
1477 29
819 75
952 18
3545 148
1164 128
7672 140
6030 117
6499 148
7590 116
2387 65
4780 102
7403 43
5990 155
9060 26
2895 114
5813 166
3150 119
8162 70
6281 157
7906 59
5656 165
3850 126
2712 109
7798 79
5526 116
3320 80
8031 109
10492 57
3 59
6508 21
2062 12
9183 101
6541 144
4944 147
4761 91
4204 146
3503 137
510 156
8406 58
1603 60
8742 31
2354 53
8904 99
6923 10
6153 45
9452 24
10529 46
9345 1
9519 22
4699 66
10902 148
5990 63
9753 77
1360 118
4381 51
4984 25
3435 106
379 136
5934 48
4321 78
114 44
2414 75
9381 24
1941 98
8357 1
5812 35
8443 103
4234 20
4791 8
3617 28
6082 121
2294 0
4908 112
2818 137
1127 44
10067 6
9595 14
7213 38
5516 20
3234 0
5800 19
10312 103
5457 12
686 136
8249 147
9913 78
10086 60
10118 16
4531 143
9487 152
8917 70
8962 104
4126 91
6998 49
6645 55
8384 52
2113 33
4486 92
1579 164
7283 67
5093 53
6547 68
3946 99
713 41
736 15
3575 86
2533 78
7900 61
4681 100
1356 100
2499 60
398 148
5802 14
1488 163
9466 135
3541 28
9105 135
5803 118
139 55
1198 74
201 33
5863 161
1875 109
2218 126
7710 41
5425 111
5963 81
5833 65
10989 111
8275 92
566 93
616 157
9835 160
4219 164
1820 23
5386 21
6234 13
9781 74
6503 123
8461 105
6002 105
7282 2
33 94
7210 156
8132 167
4158 152
4023 148
10011 93
4194 65
2866 94
4300 20
6256 153
8939 146
2858 138
8425 23
10753 32
1178 149
10557 157
2765 164
9147 147
7838 20
6925 69
6300 159
9627 84
8355 146
8523 124
4886 5
7862 167
4892 121
10508 15
1351 146
3111 1
1630 61
2550 112
1739 131
4111 160
5146 38
5831 61
8649 92
10187 75
2065 42
10165 95
3472 35
2993 117
91 129
8752 131
3620 91
1351 150
2539 71
8151 36
9161 106
6666 50
4523 118
7157 135
2704 19
128 64
6081 74
3358 5
1946 93
5942 140
7012 83
185 93
2502 51
10319 14
6744 94
2855 63
6171 114
8792 56
5883 132
10692 122
4731 110
10548 132
5318 81
9063 151
5078 100
8717 84
2878 38
4129 108
10486 1
1262 32
2399 64
47 147
9854 138
2229 132
7253 15
10622 152
812 114
7945 63
3075 88
320 134
9204 72
2787 21
5926 83
650 58
8700 166
10719 6
8532 86
7505 46
6225 59
810 141
2701 16
6249 160
1066 66
1186 34
167 126
8329 25
1338 128
1423 88
8982 162
7996 110
3488 34
9450 167
7745 119
4768 162
5932 53
6219 155
5853 86
1997 58
6883 99
9912 115
4766 84
5349 47
4145 141
6628 131
1801 50
6041 88
2896 44
739 91
1018 156
9856 29
161 55
9465 142
4635 10
7412 70
492 96
9735 100
524 34
346 66
10400 102
8849 80
3835 60
1231 112
6830 44
9377 114
8594 164
1821 161
3846 89
727 126
6530 107
4389 52
10203 63
9381 19
491 47
8293 65
3562 84
9310 53
9714 167
5721 110
5877 12
5098 116
4154 8
9217 45
2621 116
3295 27
4340 26
1985 12
784 88
5131 98
3921 60
4903 35
2442 110
8991 84
275 36
3135 154
5114 153
890 25
1208 31
10317 145
4980 40
6566 141
9834 103
2768 78
5421 20
4637 144
6699 24
4072 90
6393 109
8632 100
7497 10
4553 124
300 126
9202 18
355 106
10556 53
1138 20
283 13
10556 41
4289 50
5076 155
3988 20
1934 67
3364 133
6927 137
8136 69
6072 138
4723 44
798 33
10356 141
8961 121
9763 17
4762 145
6123 57
522 33
9219 8
4455 52
10054 128
1411 7
4577 84
7685 1
7461 22
90 107
2923 67
7245 50
4706 163
10459 155
1865 85
10356 110
2324 74
4918 142
2716 9
122 32
7714 115
2819 2
4201 119
4465 110
6026 49
1591 158
3845 159
820 138
4560 93
6072 121
7658 113
3987 36
9486 121
1185 89
8419 107
1955 166
2465 13
1075 52
4432 110
6375 127
3301 141
8818 43
5988 97
8780 17
10375 145
5563 114
9563 101
7080 147
5065 108
7481 137
568 127
79 159
449 62
9765 38
388 18
3068 5
8652 154
5329 1
2831 130
6752 166
27 113
4305 103
6142 17
9696 98
9767 21
6715 55
2020 70
8953 123
6971 86
6050 144
4211 145
8235 111
10041 32
5264 161
2817 144
4535 2
6254 3
6212 31
487 142
5660 145
10696 74
10605 115
7688 62
2423 97
5349 109
8690 113
398 84
5386 78
5326 79
8376 130
9667 13
4376 44
6445 33
217 59
1694 50
933 146
6032 21
6936 116
7174 17
9962 81
109 67
10742 10
10445 84
2067 145
3437 16
28 53
9589 56
9932 77
86 162
5838 18
1054 150
4650 50
4139 21
1579 50
6220 30
10292 140
6555 97
2487 90
7341 7
8117 153
1450 113
7186 81
5229 104
5991 140
7573 69
6161 85
6883 139
6193 68
2415 129
8647 71
3784 148
5290 138
6980 77
4195 122
1372 63
3485 30
8103 11
9071 63
4058 87
1676 58
5568 156
2945 132
10280 15
7965 30
8740 107
5824 24
5418 37
10732 2
5180 96
10433 65
8534 66
2888 143
8671 111
4167 7
8528 116
8104 63
2962 46
6787 14
7464 100
4521 0
8709 114
1080 104
9298 56
605 125
4415 155
2856 48
5269 154
1585 125
10523 11
9634 120
2991 71
6506 10
8107 83
1988 148
68 17
3140 19
9715 30
10040 29
9174 149
6585 147
7701 124
2654 55
6791 102
8440 39
10350 33
6792 123
143 16
1857 12
7958 19
3723 93
5574 29
2664 7
7595 143
1466 7
3325 116
7237 138
6790 109
7084 101
668 157
1844 46
3131 79
6658 71
6185 111
1420 100
10380 142
1467 114
2791 34
4522 35
8960 117
6881 127
5584 21
6348 117
4212 92
9151 10
449 49
5676 89
6820 79
6154 53
10400 20
4912 83
956 140
3662 147
8419 79
1413 63
8865 161
10650 133
3017 96
9404 10
1368 139
264 0
4236 137
3495 9
5180 48
10448 4
7777 39
2138 40
8814 102
5249 159
783 12
10665 5
2121 65
5383 144
9265 45
2728 42
598 9
52 108
3640 93
2312 118
4070 33
10022 29
9154 96
8120 140
8323 146
8526 102
6821 161
7516 50
5632 6
2365 104
10025 37
7411 4
2818 38
4208 73
6117 61
995 127
8515 156
3902 95
8150 112
7404 158
6085 145
1699 145
4373 158
3444 121
2409 32
9220 159
7724 54
3928 137
8996 122
5357 125
3089 1
705 37
1845 88
9488 11
4097 125
8279 127
8160 12
2965 120
8577 115
313 112
7984 104
9636 115
9027 49
7225 112
9131 29
3185 40
1230 1
4892 103
10641 61
8640 105
1148 0
10895 23
9642 49
5408 50
7215 104
3161 143
5176 68
5092 148
4853 111
2359 34
3114 95
5918 83
2201 125
8867 14
6430 27
1300 56
8874 74
6670 69
5086 138
10354 120
4212 13
8297 135
9328 142
5902 115
1675 150
9152 102
2207 56
7395 46
1170 94
9642 57
3993 10
6971 49
8902 145
630 114
120 13
4448 65
8615 43
3006 88
1886 133
7695 31
10495 40
6223 109
5814 24
9992 72
9744 74
7406 121
6843 66
9317 131
10021 159
93 77
9969 164
4913 102
1820 24
10220 105
8140 48
3324 129
5120 131
7841 135
2078 7
1109 153
857 58
4047 21
7231 155
9790 15
3802 34
3350 167
6714 134
2977 151
2521 102
648 51
9934 121
4023 129
6794 73
8227 163
1234 77
9745 123
7081 15
4041 14
8483 134
8246 116
9866 4
553 8
5683 2
9721 147
2651 59
2101 61
9439 159
7816 110
9699 9
4190 138
1371 10
6136 12
866 47
4016 116
2068 81
11015 19
7981 108
6482 167
10353 98
10520 26
9693 161
595 48
9172 10
8476 9
2709 35
5848 75
1216 167
2118 12
3276 68
1715 118
1254 117
199 156
5670 10
5146 140
2800 133
9723 86
3481 126
6775 163
386 82
8905 97
679 62
3867 111
9392 106
5863 12
7432 124
9371 53
7752 99
9636 150
4259 30
4295 16
7760 27
9194 140
2035 164
809 7
6859 15
8344 159
2722 156
2223 133
1805 125
1023 75
1438 73
7853 80
1282 121
3968 130
57 128
4131 155
6235 108
6842 7
6449 122
8946 116
7746 161
2371 19
1164 164
7476 150
8043 86
648 131
10108 90
3252 104
5110 137
10594 79
4042 56
6260 28
1022 96
8818 28
898 151
5209 121
4593 104
6712 156
5065 94
6144 66
3231 55
3992 105
10040 135
3358 148
9195 10
10348 6
1015 70
4739 12
4814 87
7476 70
7739 45
9703 79
8543 156
10803 82
6559 91
9370 80
6039 167
6940 103
4109 0
7819 157
2961 163
2444 78
1762 42
6347 106
8903 82
2825 163
10660 83
1327 149
9044 5
1595 158
2903 89
9433 160
1244 109
2601 101
310 109
6967 163
8648 78
5362 0
441 148
9134 55
3452 127
2526 27
9490 153
4769 92
6616 75
7052 80
7198 25
10742 4
7029 131
2759 75
736 14
5623 141
3877 106
1150 147
7645 60
3303 67
1016 7
443 72
8882 159
3512 107
654 15
7983 63
5490 123
9862 121
7978 40
5106 15
2172 83
10311 12
10699 15
1849 81
6322 75
2506 77
1702 51
9410 55
7885 109
5961 139
1327 23
3575 20
10393 88
5945 90
9591 36
4555 108
6224 4
8097 111
5657 117
5699 55
5988 127
1825 141
6557 153
6127 58
10962 3
10612 92
7543 29
1260 31
6287 94
10862 101
7281 31
3675 32
8305 89
10086 47
10023 116
7577 143
10261 146
8472 84
4773 83
8009 49
5064 154
9001 109
7535 7
5989 30
5890 135
6307 90
6354 1
1666 11
9831 130
8812 19
443 100
10307 137
7016 2
658 154
6456 31
7653 156
5189 160
4502 118
10155 7
7438 140
3820 1
9617 122
854 154
6268 87
5730 56
9237 164
7248 69
2913 148
9815 73
1495 31
901 47
5311 26
8527 118
3957 137
2559 132
4118 151
407 126
7362 13
6328 74
10538 9
7362 113
7886 57
7190 55
3529 153
5162 21
4501 161
8456 90
8887 163
7254 85
5188 115
4135 21
2195 40
1688 76
9852 2
5312 82
4757 28
8578 6
4167 27
8071 163
5763 144
7017 160
5191 107
6023 167
2353 64
9391 83
8597 119
1554 60
4761 142
6619 69
8827 105
2140 48
9195 85
9528 88
10502 10
7018 47
739 128
809 113
1667 163
3327 8
8920 113
5742 138
5566 114
2401 24
226 130
9437 136
8750 108
21 69
7693 135
3871 29
8545 53
1213 100
8101 105
10444 128
5046 81
9258 84
6122 165
3547 48
1671 23
3292 73
7877 43
8908 93
5942 41
2802 130
3358 144
1112 127
5166 101
8748 83
1514 132
9843 117
7285 46
10424 75
596 125
4734 119
4191 28
895 79
10569 82
9507 76
9742 64
2479 109
6654 96
5739 157
8639 57
3981 162
5793 89
383 104
2632 162
4207 45
7225 72
4448 102
1242 81
1475 2
9538 142
8926 45
10329 82
1530 120
3817 152
4435 31
8376 98
4224 51
10501 31
10311 121
9669 132
9792 138
4755 95
3835 60
4979 48
920 162
3538 128
132 72
10602 102
2484 138
9894 0
908 148
6509 135
5392 44
1540 47
7454 144
5183 109
1738 26
1924 129
8574 51
8101 86
5600 119
9704 128
2077 45
5321 61
7040 50
5273 7
3396 30
8639 33
1973 127
5824 64
7961 133
2202 156
9173 134
3809 127
7716 90
5894 110
10031 153
9919 85
7244 4
3149 7
6219 146
9582 46
3805 20
10461 96
122 35
2817 43
922 32
3841 122
6469 84
1982 73
6452 1
6659 117
9076 97
4447 120
1035 125
2837 67
1233 65
7791 20
9886 94
117 43
4862 48
2562 96
1999 81
5669 103
225 85
6986 110
4369 80
10853 46
7785 21
912 32
7330 41
6903 162
4071 47
2658 10
1450 44
810 35
10249 6
715 38
10816 161
5544 146
7523 50
3660 71
5879 95
9614 127
241 38
4749 142
908 54
8545 107
4142 36
5776 96
7803 126
4969 159
10098 141
587 37
9488 134
3318 44
1415 113
7720 155
9785 143
7390 144
1440 157
7007 121
4869 86
3548 23
1927 24
3329 69
7974 77
7315 104
8999 69
2710 94
7288 162
1138 36
9224 140
8586 51
8696 102
1080 10
4683 121
6386 146
3643 31
1007 102
8392 83
10608 41
8742 103
5745 157
10414 142
4250 73
7886 59
4325 114
3810 57
4513 150
933 165
10442 69
3028 33
9539 97
8822 115
1584 143
1196 157
8242 157
10398 45
10879 39
7133 88
10913 5
9049 91
9173 64
988 2
1411 5
365 164
4188 80
10741 103
9614 5
4645 8
7935 50
1544 86
5967 81
7918 72
2858 77
2723 43
2699 123
2646 16
2955 68
4721 30
2116 39
4529 84
7247 92
9080 42
7116 110
1627 32
3851 153
8061 110
9858 140
811 134
8200 16
10643 15
326 163
7704 68
8885 94
8888 44
5803 13
5063 43
3641 64
803 161
10208 149
5270 2
7887 49
8698 6
2349 23
5611 17
1196 48
913 93
11010 44
4879 110
8681 39
6237 54
9461 47
9155 123
1428 61
10175 150
2821 66
3560 5
8417 100
1593 132
5412 114
10319 119
1927 108
8842 59
5830 30
808 150
8097 71
296 83
6415 84
7660 58
527 90
6406 72
8720 125
1217 131
6830 98
6685 57
5770 116
8056 162
286 93
3078 106
7014 82
8723 4
4453 109
5373 67
9256 117
7872 58
2558 80
2550 71
5692 124
7784 91
7102 107
10016 78
8524 101
8968 8
10504 146
7130 155
1835 160
1712 127
8381 17
1876 6
5167 129
10885 138
1297 55
10234 3
631 42
4864 85
5070 126
9586 33
4978 150
5101 147
5606 12
475 5
6673 79
3246 122
332 85
3922 100
4 129
579 106
3535 150
9257 116
8380 29
1808 113
8996 59
1677 12
5407 39
5526 66
4108 34
6136 15
2066 16
7675 66
6245 38
2454 126
8458 149
10627 98
7335 102
331 50
7943 93
1184 143
8277 123
4664 142
5696 39
2392 45
5955 165
2218 107
8976 146
4627 152
427 39
9921 82
7906 44
2380 49
2323 54
5082 6
8608 92
248 136
5623 94
4208 118
9975 111
3694 164
1478 101
238 80
2387 158
10302 76
2968 166
6648 25
6893 54
9025 25
3049 111
2284 70
4687 55
1966 10
6328 19
6883 14
8281 78
799 151
6225 1
10879 150
8137 108
1936 6
3777 115
4006 51
9717 68
1857 89
3427 128
2350 51
10049 57
2223 158
6367 75
8294 141
8737 93
1218 46
4970 98
792 60
5498 51
6558 63
6075 7
3286 1
7462 22
2557 82
548 66
4726 150
2432 143
3203 125
4596 165
3508 19
6846 4
6262 33
6529 63
2216 132
3439 67
625 29
4354 58
4647 97
9597 163
3682 18
4518 141
8319 133
11015 76
306 77
2753 138
9095 80
4587 10
1208 80
554 9
2767 69
7855 77
10384 145
6711 83
8303 125
769 124
4089 18
6283 16
772 138
7093 126
5957 7
3980 129
8617 132
1454 135
8629 164
737 143
1136 127
10844 33
489 140
1198 11
2907 83
6343 24
6870 42
9807 115
2253 51
3567 61
4343 36
3871 4
7431 31
5190 116
1706 35
1606 90
6202 131
843 46
7724 37
496 17
10230 45
4529 32
10100 163
10617 112
10939 130
8789 34
6518 115
10149 88
9769 42
9144 25
2525 102
10710 97
4850 127
7299 101
6981 19
9143 46
7122 122
3821 124
5365 115
6532 140
2430 30
7765 5
7203 123
1540 127
9778 155
3008 117
5822 78
5414 157
5770 44
2368 6
1201 48
910 153
3256 162
9347 163
686 99
8978 66
7184 135
2705 149
5651 134
1664 137
10907 67
7347 153
10862 161
8867 54
5794 34
9354 104
8876 91
6073 139
8356 60
1122 165
8909 116
9631 63
10745 45
5241 139
7119 155
4554 61
5933 42
6297 101
578 161
3016 131
1806 162
4406 83
10121 52
3574 100
8976 114
171 12
5096 149
2751 30
9728 87
709 6
10373 10
6236 108
9727 65
2375 88
6517 60
5457 45
1175 18
4684 152
604 18
7116 35
3333 3
2111 101
1016 157
6638 157
803 151
4735 119
8573 19
5323 93
2671 22
6339 98
104 124
3015 3
5 108
2822 15
4042 23
10653 57
10262 143
78 3
3425 62
9113 52
1550 164
8418 45
11019 118
2425 89
9875 3
4428 132
1380 112
6256 22
4883 150
9838 71
4299 74
292 45
5158 158
5586 147
2153 111
879 93
7562 143
10218 25
10092 51
1326 112
808 15
1255 46
2442 80
7176 21
405 90
317 81
1974 4
7336 136
6666 65
5331 136
2879 8
7403 101
3167 134
5520 147
3289 50
7217 89
9933 97
8797 23
1097 52
10493 25
3695 87
1764 140
2782 99
1023 73
125 110
4685 88
6265 113
1929 151
5218 82
8388 2
4251 147
6423 77
6528 35
4073 128
10703 36
2060 2
9293 45
4366 17
6835 128
6513 25
3399 102
6240 155
5891 66
4074 80
7988 163
8360 71
9991 14
9603 35
2528 140
4231 72
6538 8
1903 7
478 67
7148 16
7457 163
8646 95
1340 57
9226 139
1640 19
2980 3
6096 106
2922 137
894 132
7664 36
9923 148
1598 112
1181 96
749 33
4369 11
6061 112
4570 108
4395 164
12 72
10090 53
8647 68
508 126
4056 29
7351 25
5667 115
4823 87
7395 3
7177 167
1896 52
1756 7
3757 92
4118 137
1737 132
5521 24
5527 113
1622 84
3676 125
1699 89
6433 102
2559 70
3913 68
8182 117
6449 41
7447 22
9754 116
234 114
2645 102
1854 101
8824 81
2852 74
1420 46
6895 101
1968 86
2862 125
6528 67
8701 129
2105 56
4499 165
6732 150
6973 133
9197 152
4512 137
5379 57
7751 17
7163 85
1709 163
3749 125
1827 139
1251 135
2595 82
7830 46
10680 50
814 117
5457 32
7946 122
8131 131
1401 17
3165 141
4159 29
5175 96
5838 94
8820 50
6880 160
3644 108
4376 121
1791 55
3153 45
1644 64
6025 101
2985 118
9254 125
9046 17
2204 37
9695 101
2847 131
6897 71
7441 30
1614 96
4342 30
3866 88
9174 2
3631 85
6523 146
3848 67
6804 7
2623 86
9871 55
6247 126
1274 5
6535 114
3882 65
1457 1
8961 116
2716 100
150 159
1963 0
6988 84
3158 131
9382 140
3999 133
8059 130
1179 25
8178 49
2735 139
3239 18
745 28
10344 56
6204 148
2072 56
4570 127
9096 26
5650 140
5596 109
8725 106
3817 51
7189 19
9095 72
8477 150
2316 113
10051 103
7416 162
1677 114
2146 81
3831 112
5023 25
2203 1
2235 17
8547 123
6284 151
8640 9
2533 119
5296 16
3610 80
4455 70
1200 144
3897 67
7221 159
9953 109
3038 154
5249 14
7824 9
3664 161
4304 59
1203 86
5325 64
5409 89
6970 144
7993 74
1148 34
4110 16
2189 111
690 95
1189 16
7330 140
4057 21
8753 150
6784 127
9151 120
7323 136
3274 36
4108 50
2941 66
8191 158
721 1
5351 134
2984 157
2988 36
2460 98
3998 93
10327 128
6426 160
8974 167
2745 139
9547 13
2776 136
10480 142
8260 84
8031 43
6857 65
9345 126
2942 52
9338 85
173 145
8166 29
2382 5
4692 96
10538 93
7903 74
1075 125
9044 65
3945 156
3564 91
7665 126
8602 109
3678 17
1846 121
8392 92
1846 143
1101 93
3262 143
10237 42
802 133
6403 83
5344 46
2719 134
4285 91
1827 34
4872 92
7758 120
4714 71
10144 30
9260 1
7937 30
5256 131
1861 48
2604 89
3085 139
891 135
4949 81
8461 116
1245 164
3751 20
8333 155
317 33
8368 130
10326 34
4441 41
4446 150
3657 131
2233 99
9618 113
6660 10
5061 0
9194 77
6426 145
10618 156
7837 64
8961 44
3247 119
5513 145
3127 36
9511 13
8002 24
686 114
3345 121
362 44
8956 74
2986 59
1339 17
9894 24
9663 18
1813 61
4555 122
505 106
8722 95
228 21
2400 38
9791 145
8958 4
8778 123
8594 41
9226 41
5373 138
7357 83
5136 14
1671 151
3702 20
2036 88
1508 123
6230 94
4055 153
4952 92
10060 136
10251 142
6804 78
3386 105
4374 60
8814 119
5303 57
1185 115
549 160
6650 67
8631 15
6161 148
2608 137
878 1
10616 63
4627 143
2627 122
1837 3
204 76
10618 157
2813 8
1974 57
2739 143
5416 27
15 69
6050 147
1100 107
6286 17
5571 54
5859 75
6335 167
2281 141
5530 109
10555 136
8738 16
9719 54
9550 7
6341 69
3038 84
5750 34
9483 6
4535 24
1596 112
2164 161
3392 80
1378 163
1959 27
9482 71
5823 23
10185 78
9131 17
10221 109
3463 151
8189 140
1 153
6265 57
7250 52
10540 105
7439 70
1200 42
3732 49
1818 50
7402 98
1661 84
5818 89
8977 101
9748 54
6974 122
725 18
7102 21
8636 156
8260 167
9504 77
542 55
5568 86
8023 164
9530 96
3578 112
10295 52
5398 45
2515 4
7927 93
7987 17
3070 100
1177 167
5842 56
512 134
9671 149
4784 99
9599 138
3839 150
2149 8
6510 13
3875 164
9046 136
1593 130
9350 110
9434 36
707 161
9256 44
9487 102
8869 31
1171 16
5950 122
9086 124
8046 57
9861 135
4104 109
7557 55
3690 118
2115 128
10386 66
795 57
7467 21
6271 166
734 161
2969 151
1486 151
2852 136
10927 47
10168 122
2753 117
9256 2
8711 5
8339 128
5706 151
8581 51
6237 70
10661 132
9891 62
10030 64
3855 148
6960 137
3758 51
8571 15
2006 76
1202 19
2292 45
8854 61
8901 69
10529 95
3876 39
4080 145
3734 61
1915 94
4235 95
8116 135
9718 61
9606 150
6156 161
10375 110
9507 48
1934 73
6503 2
4811 34
4080 39
9308 148
6056 165
7796 34
3665 112
8176 17
3243 2
6845 51
5467 163
2694 126
561 137
10204 68
4686 147
5051 11
7382 83
3471 40
2486 163
5274 103
349 162
5016 87
3452 15
2650 116
10636 108
1862 36
8530 14
6061 103
3775 100
10344 112
110 63
8065 33
9648 153
10344 78
9287 41
3849 89
9919 101
3711 30
8466 49
7156 71
10086 143
9429 27
496 79
579 130
1826 82
1524 12
5271 9
2587 131
9583 4
9542 38
3945 120
4849 40
5704 167
10134 16
10576 22
5138 34
10782 123
2369 38
3671 134
4713 39
5669 58
6703 95
4844 52
7094 129
6056 27
6680 39
7230 24
2484 37
4723 128
9432 53
9008 87
6615 149
1275 160
7773 126
3932 146
9870 142
5915 93
5099 89
1882 102
1987 147
227 47
6245 89
3777 66
6809 120
5129 7
7668 78
10644 76
5565 8
6058 117
8704 76
6714 100
1260 64
7079 34
8166 106
7388 87
5256 97
6569 159
2050 76
8213 78
10960 162
6482 124
230 57
9156 12
499 43
8130 146
9725 62
2770 4
1983 59
4649 146
5659 146
7546 120
6951 67
9076 52
9411 136
10049 59
2463 153
790 33
3125 16
4986 96
6068 126
3210 144
3548 158
2119 40
7785 41
8016 125
7952 97
7511 153
2830 82
5351 5
10635 101
6451 42
7030 63
3215 83
10665 49
7410 39
9274 130
1212 119
5272 146
390 75
8511 48
6820 106
3726 95
9069 161
4205 164
6012 83
8942 43
2535 66
386 2
10349 29
6488 142
296 82
2832 53
3029 14
7419 52
1162 155
9557 90
3719 161
3755 124
209 137
6052 138
2222 93
7899 98
933 20
7168 68
10051 77
5281 150
8227 129
5435 33
1117 22
1969 99
5533 9
11007 166
4250 115
6369 104
9048 80
8175 125
9772 140
10535 106
321 143
2614 156
3497 11
923 9
8926 115
9016 28
1242 110
2704 95
10642 52
7342 67
5516 64
10244 148
6999 23
4771 67
2661 56
8024 140
7620 12
148 121
4579 80
8206 38
10108 144
10037 120
739 15
1120 55
126 45
8295 67
6027 47
2795 94
5013 149
5883 46
966 128
2911 6
5224 75
6702 141
8623 99
8321 103
5393 26
10079 43
9957 80
10217 53
9066 99
7860 77
8057 9
3958 32
834 27
4632 108
5899 85
8220 66
4343 123
2150 47
1927 166
4847 155
6487 54
5415 15
9065 50
9688 64
3933 167
4559 161
4266 30
71 72
10584 57
143 119
9353 54
3377 54
2678 100
4254 111
6145 142
533 2
1458 63
7865 27
2563 141
1323 112
2642 72
2037 159
1217 93
10291 80
3820 150
6504 70
6395 132
627 108
6179 16
2537 101
1136 157
8902 29
6888 67
2194 86
8264 136
7822 109
9605 127
9055 87
7467 118
9742 118
1248 66
18 105
4520 158
950 90
6405 12
3255 97
2999 91
9879 2
4405 74
10169 138
2483 108
8151 32
3236 4
6729 89
1392 138
5486 4
10363 103
5602 8
3674 77
4496 90
2276 123
6467 139
6902 104
5777 98
4743 133
4752 126
7911 40
2484 71
3844 70
3631 101
7744 105
5223 73
1645 42
8914 27
5502 97
1032 83
1543 35
6626 76
1054 131
8802 13
4544 124
7519 122
5149 29
1772 155
6035 14
2137 60
9185 66
4507 92
9507 38
1911 58
3510 33
1242 93
8004 124
3010 74
7246 4
9169 44
9282 126
1376 6
312 98
6000 93
1639 67
9153 12
2870 30
9669 15
9305 81
2830 149
3926 118
4545 56
1226 127
312 94
7542 36
7873 13
9160 59
7414 146
922 48
3295 83
864 126
5116 14
8813 68
5049 57
6678 11
2256 132
4839 39
9821 108
902 108
8344 89
6865 99
4780 153
2918 13
7759 22
6064 95
3586 54
712 110
7763 67
6707 29
7220 122
4785 37
6623 159
7217 53
5574 129
2202 10
8977 121
2291 8
693 73
8267 121
973 115
6684 54
5832 151
4951 124
6592 153
288 40
35 26
2530 15
6621 22
2710 39
923 39
7950 90
222 96
4209 20
6013 108
6488 2
1464 31
7041 29
8158 93
4440 112
8422 66
6598 150
10011 145
7360 8
7609 154
7299 134
4747 166
6877 155
7547 28
3553 150
9150 161
8854 142
6717 27
2367 29
8449 135
7826 41
2265 84
891 7
9496 48
1901 96
10221 129
7079 81
4229 46
6390 166
6434 103
4567 7
9295 18
1817 37
8613 0
1502 6
4343 103
10841 55
4589 97
5088 18
2478 77
9199 33
8898 156
1162 33
7761 119
392 106
10255 128
2471 150
5097 22
1526 40
4447 140
5147 23
4259 36
5264 155
4216 0
10339 48
4313 81
5148 81
2905 92
1678 110
1154 42
1164 0
4734 46
6388 52
5986 69
10038 7
7065 129
4386 49
5056 54
1841 21
5518 137
10971 24
7481 5
7242 32
8238 95
1889 167
3631 29
7193 16
2754 131
5687 129
10127 126
4294 153
1665 117
5091 4
3350 133
8248 5
8146 11
2420 163
4516 167
6974 15
1634 135
8075 165
224 17
2575 25
278 94
3349 52
4420 35
2248 39
901 42
3224 79
6239 161
7930 153
4670 96
5341 120
9160 105
4675 29
9033 155
6766 7
9372 167
1694 83
9707 159
4345 101
7703 43
7467 64
213 23
8650 42
9855 82
1828 20
4391 159
9913 120
2734 97
7442 60
6687 75
9413 30
4304 38
4544 88
4179 6
5511 158
6094 111
9718 157
747 115
1345 110
9788 72
10738 28
11003 120
8309 19
8925 129
9461 137
9030 118
7127 153
2977 77
8048 125
6335 115
5971 12
7808 93
6718 93
7887 32
6482 99
1093 3
8301 81
10690 43
6015 80
8272 87
959 110
2553 134
5512 81
174 110
6352 117
10869 118
6551 98
8615 62
4133 1
10979 133
8323 80
623 163
8578 133
6661 121
378 23
2230 77
2450 27
909 146
260 94
1459 32
1257 14
6282 112
823 62
4631 162
3968 9
4193 66
4741 70
2945 56
813 133
6655 32
2055 138
2736 98
9630 127
533 130
1556 95
1131 138
2216 120
9120 15
5510 24
2753 82
6039 108
8864 127
6329 5
2386 83
4533 44
1488 81
1658 6
327 38
3214 155
3868 30
10265 68
4562 78
4886 68
6809 44
7450 17
8746 76
5912 131
7949 100
4518 100
3457 18
2544 31
9731 61
3996 134
6454 1
5819 23
6862 110
8092 111
5270 107
2144 18
4387 56
6790 17
7273 113
8280 101
10390 66
4347 147
11019 39
7936 89
10397 66
4264 112
10282 3
3626 26
10881 99
1073 77
7550 161
4956 153
10540 49
5677 79
3615 58
3154 43
9681 71
1830 67
7057 56
8388 72
9959 2
1126 140
1031 100
1201 108
367 51
8558 89
4436 88
57 162
7485 153
9137 44
2810 6
10241 20
3845 148
6293 28
6376 23
122 4
9578 67
5675 35
10873 68
625 79
8379 143
8397 25
10462 137
3581 84
3421 158
2738 7
9947 100
2388 89
6459 129
8197 125
1495 107
8169 102
3628 127
10136 13
6204 91
613 104
8441 24
2774 53
7154 90
6552 136
1825 146
6816 17
7833 38
4473 161
4333 167
10429 71
6439 67
856 102
3512 156
9026 81
8280 65
8125 10
62 164
7185 86
8266 140
8235 69
10412 19
501 17
775 91
5240 166
10852 28
8324 161
1926 17
8388 83
2822 132
10174 0
4464 119
4415 162
10207 165
6945 132
5270 15
4235 132
9245 131
9005 72
2976 67
1088 61
436 154
9943 124
1789 156
3085 134
1158 158
1364 129
3619 83
1614 91
5425 97
89 158
707 20
10010 85
6142 1
5904 30
7828 13
7384 128
8319 95
3888 135
7712 52
9597 38
3239 130
6322 101
4233 47
7307 11
584 26
9281 29
7309 17
3704 63
2429 117
9970 130
7004 27
3951 15
7847 61
2801 131
10705 9
4826 84
6998 128
7277 147
3367 121
5733 162
5830 134
5552 72
4796 80
5654 19
4846 87
10088 77
3548 100
10445 41
704 75
751 128
944 51
6982 79
5941 152
10497 84
9452 3
9353 129
2188 95
4831 24
5413 7
9900 112
3214 15
8456 166
10688 113
839 63
3833 113
4235 93
1722 90
9162 24
8538 58
3087 8
8341 99
6694 0
10045 44
4182 68
9845 0
8005 167
3196 149
9266 110
9234 0
10686 89
6823 134
294 91
2435 110
1388 79
6923 142
6622 110
7682 43
4959 70
10234 93
3551 157
7811 138
10791 31
5442 17
8867 76
614 98
6931 158
4088 76
1188 113
3847 127
3382 115
9669 20
2360 6
3273 18
7688 132
10750 2
4288 155
10235 76
3381 81
4110 147
5307 145
8349 119
8848 6
6478 18
9265 96
5593 78
9750 149
7540 124
5730 97
1981 120
5211 161
2960 163
194 45
6644 0
591 12
9794 36
10242 12
615 0
10300 18
7625 0
8598 47
7658 97
1889 84
8624 7
2869 31
10433 132
5947 158
5396 112
8223 59
6888 165
4030 57
4849 146
5146 135
151 91
1490 130
6873 63
6709 103
9190 50
439 153
3493 43
3061 64
1948 104
4809 123
8643 33
5012 55
10143 67
625 136
10110 78
6258 47
7414 97
3495 93
8390 13
2978 152
9392 39
2696 107
9885 73
8045 42
3825 115
4070 87
8409 70
1960 126
4910 66
7292 160
7447 97
10949 86
575 147
963 44
10148 3
9803 17
6928 42
1410 35
7160 98
9942 88
10938 133
3522 98
5815 16
1738 147
16 90
4813 82
6482 73
6976 164
1351 80
7648 102
5398 145
9991 114
10945 97
9184 73
957 52
4346 88
6015 39
10314 45
6810 133
9601 92
4634 131
3962 21
9756 56
7609 128
9468 119
2645 84
2056 16
9205 140
8304 142
2192 4
2922 65
10296 10
5193 87
7073 160
712 158
623 25
5947 62
1418 114
4068 29
6073 91
1485 50
4879 150
3319 14
6149 31
7962 160
8642 140
7481 16
5928 120
1734 86
5824 34
4004 148
6684 115
1031 153
1810 16
3083 151
8314 109
9704 56
8752 163
6187 12
344 18
6727 38
9288 155
3454 137
4431 95
10698 76
4798 108
4930 117
7146 130
9055 61
6401 72
3251 32
2000 149
9902 33
5005 132
1464 3
6096 86
2045 34
4449 54
6235 107
10269 34
2821 2
9878 166
8170 59
6292 109
5159 163
2654 130
6436 111
9272 139
833 109
3642 112
8001 154
6350 147
1261 155
1502 32
4159 96
9037 158
3402 166
1831 7
2072 116
10107 5
7435 65
8024 53
8896 100
44 80
1578 131
870 159
4799 64
8384 40
747 105
5642 135
1112 71
10074 118
4437 122
3030 119
1555 50
5416 65
967 105
3536 66
988 47
1038 76
9814 14
10982 19
9340 15
611 61
7063 4
7083 83
6689 136
3264 144
8994 132
9551 7
4323 124
3375 114
3363 1
207 64
10366 144
9382 14
642 43
2292 114
1023 70
5911 75
5371 12
4580 125
1954 51
2527 84
7991 30
4559 15
3063 50
6706 71
10240 27
6275 128
5155 31
2159 39
3726 83
4698 44
7274 101
6258 74
1156 25
4540 5
6449 40
3213 43
3422 31
323 166
6308 36
9107 137
5659 13
4276 33
1798 4
2532 46
4111 38
2411 114
6123 132
7662 137
840 148
10299 2
1338 128
2078 69
8350 70
6631 21
5669 82
7155 112
6202 25
7619 44
111 7
3188 44
8934 44
8458 116
3056 155
7994 89
9717 51
79 76
5089 161
9781 121
1945 149
7272 139
8897 4
10150 43
6169 14
3424 136
5030 121
10714 137
2755 134
23 33
8387 138
6826 50
364 135
4431 21
8813 116
6208 104
6922 155
6186 89
7119 82
8822 98
10932 148
9681 110
4863 48
631 28
3245 58
6620 49
4483 9
6907 66
9768 17
5863 155
9036 113
6597 33
1964 32
3059 143
7304 76
6620 31
2692 163
7660 126
3472 149
5857 29
4908 114
10309 6
1171 32
1664 100
10316 31
6739 158
6816 89
7029 5
9594 124
6413 68
10523 58
9289 31
8084 11
8914 39
10720 97
6789 30
2889 4
1399 109
2376 79
9448 62
5740 99
5762 39
8625 98
5283 52
7715 143
9790 160
1513 68
3407 53
8822 36
178 26
8235 26
8748 44
1931 154
10025 73
6121 22
6818 129
10845 155
9877 157
4308 22
2315 149
7050 57
4251 60
2902 123
10616 151
8717 150
8020 142
4510 50
7736 162
7123 42
9920 128
4531 22
5980 60
7129 65
916 73
10872 52
783 8
6464 26
10553 88
9076 37
331 149
315 129
2009 92
2435 88
2339 77
976 46
3330 18
5573 69
10116 64
8913 52
1134 11
5769 3
5929 150
4880 123
2888 83
9408 115
9795 120
8097 6
2863 131
10311 35
4456 96
10137 77
1336 8
1475 93
2952 108
7639 92
8260 50
5817 5
4131 159
1269 138
6004 70
8526 126
2576 96
2080 11
7071 164
8204 93
7121 113
5017 127
42 50
10151 36
3864 97
6120 25
5636 119
9728 1
5212 66
4790 80
10285 81
6042 148
9477 20
5965 113
7166 143
3636 101
4771 120
460 76
4089 103
709 116
1454 14
6039 106
6595 1
180 71
10564 0
2024 22
1569 2
6098 63
9963 109
305 1
3923 3
8659 51
6045 54
10479 12
3731 136
2190 51
8659 148
9429 129
10378 145
8758 103
2711 32
1645 98
7294 76
6934 70
6653 2
8314 97
6363 65
8562 55
10256 99
5051 103
8783 140
4372 11
7937 11
6760 125
2131 31
6339 113
9370 139
768 150
8038 37
1776 161
5635 132
9469 27
8527 128
4184 49
8877 46
8724 61
2763 132
2746 155
6375 74
9714 7
8014 154
1684 117
7218 81
7286 88
2759 158
10126 143
3678 154
4456 150
2270 25
896 97
6395 128
1715 158
365 135
8943 107
2035 66
8572 77
6734 18
8972 75
6809 57
7101 50
9091 54
2386 138
138 29
4738 57
9143 115
10369 87
9589 1
7789 42
1299 14
6061 131
6292 138
3213 40
7285 144
3712 115
10850 20
6736 59
9711 30
8003 57
8271 133
10811 62
2952 87
5011 43
5783 79
6386 121
2208 1
5245 139
632 59
4589 136
4568 68
9732 149
2596 25
2334 27
5088 53
7913 140
9972 105
295 20
10419 156
5850 110
6632 61
9763 148
8566 159
127 19
1307 20
1956 30
1139 5
1760 89
653 57
521 89
3933 124
9037 83
1334 9
5967 27
10522 44
6852 94
4632 57
7597 145
10576 65
777 123
5110 150
5191 80
7501 44
3727 120
3288 43
7090 119
1160 74
2550 62
1895 39
4666 67
1206 164
6808 108
4998 124
345 154
6977 6
342 115
698 160
2475 40
9339 81
602 96
1216 160
6138 20
10358 120
5907 62
1606 128
6345 4
10116 110
9336 57
4809 85
10262 125
4462 87
8405 123
469 44
3493 68
10719 58
3925 11
8896 31
2679 120
8687 118
9208 49
3134 143
9401 102
7898 162
2016 11
3433 12
3960 76
6351 107
6311 108
8384 63
6371 38
2497 98
8904 143
10605 41
2365 108
3886 131
7381 112
716 50
1258 17
4438 103
9726 148
2527 107
2912 53
2171 59
2566 148
8952 67
8991 44
4046 151
5436 94
3638 166
9428 78
33 64
765 156
1898 97
1572 117
8029 70
7948 155
6338 136
6308 26
10847 95
367 140
581 0
9585 72
375 42
9399 111
9621 157
6699 15
9451 4
5548 59
6382 117
7421 18
962 63
10055 167
10675 147
2074 154
4739 62
7440 109
5129 93
4663 9
4712 98
9910 73
9569 31
9238 127
8326 56
10564 23
3961 38
5501 33
6542 73
2358 138
2324 125
10067 21
7946 160
4158 69
3249 155
2696 127
6352 160
615 6
7352 67
9233 167
2836 11
9472 30
10234 59
3422 40
1506 124
8174 163
3718 150
6708 75
8430 102
8487 166
223 98
299 74
2245 99
2027 61
10610 138
10826 125
6224 6
1346 50
8850 157
8258 161
3014 81
1718 130
6519 61
644 4
2103 104
19 23
3625 121
4278 74
8013 108
7896 54
6935 51
5423 51
8092 17
515 25
9263 51
5682 42
3113 8
6412 95
4975 138
11005 48
3552 85
7549 71
1570 152
10761 71
3148 90
5186 89
7660 63
7112 47
4812 43
5863 45
0 78
1691 77
2091 120
6120 58
6942 87
2165 7
2841 142
9299 40
5920 80
4321 65
8443 118
8317 78
5551 166
6814 107
1001 109
9487 157
5824 157
3218 48
7600 18
1736 19
228 57
3790 57
8118 27
811 145
9669 41
2346 104
8266 120
4063 85
6093 151
7110 102
9518 78
8604 65
9707 1
5345 117
3057 117
9701 98
7997 115
924 126
3300 51
3904 74
7806 130
10376 140
5657 23
5769 142
6633 42
9158 151
6498 159
6436 97
7931 50
2317 11
695 34
8085 63
1776 99
1000 166
1709 166
1727 147
9223 12
1231 14
1470 124
10743 98
6807 161
3739 80
9383 71
10439 85
10386 47
10771 18
10852 65
1528 2
9313 121
10027 50
2571 45
4594 164
2766 126
1708 116
3329 54
9801 79
7953 57
2547 112
10502 79
424 133
7212 136
2721 138
6552 25
383 116
6126 38
1891 16
2042 8
6483 61
1910 17
6186 71
5648 142
10198 54
4155 85
6011 23
9836 102
5992 1
2154 87
5042 98
3012 74
8803 107
3682 2
4156 58
4224 78
5610 94
82 165
7912 48
10497 43
2263 112
1627 11
3889 157
4886 77
5877 97
659 81
10421 29
10900 53
3296 145
4420 68
947 22
10446 128
5900 151
4612 129
10913 117
5260 110
3490 163
9760 27
6554 74
509 140
6858 126
624 73
1752 112
6225 154
9573 20
1755 85
7732 166
7352 37
5671 81
3080 94
7954 64
8201 47
3724 73
7173 110
3277 46
9221 90
9521 102
1353 117
3708 68
4829 80
3360 22
3299 132
8151 144
1145 38
7774 66
7692 147
2870 72
1152 69
8655 24
7840 156
3947 89
8282 80
8252 10
5619 37
9425 33
8754 48
9291 61
7640 98
6754 158
5093 35
9450 75
10609 9
9684 52
6070 72
7349 18
5982 156
7189 100
4358 125
3445 155
6581 90
10321 31
6540 154
2608 51
4930 94
7261 127
8235 139
2632 61
6579 135
8820 134
9961 129
5009 14
9428 46
1249 37
745 74
23 135
575 108
9181 127
5108 125
7458 7
9652 17
3012 43
6970 119
5824 111
4249 94
3090 165
7187 8
645 116
6552 28
5717 85
9279 126
8029 32
7973 58
8255 119
7715 73
9617 113
5521 51
8261 122
5939 110
9292 128
2951 53
5494 49
61 157
9997 67
9469 52
8059 133
5367 10
9858 68
7356 149
9251 32
5001 119
10116 17
1172 99
4546 108
6417 80
9601 146
4597 117
6451 106
9569 22
9546 93
998 14
5338 155
5130 118
4045 85
1930 36
3206 115
4806 71
4674 7
6943 34
5634 9
6902 23
7848 12
2669 142
8045 8
10427 94
3229 49
8564 83
5690 1
10896 41
5268 106
8807 120
2069 166
2353 64
5449 19
2988 143
3009 41
2231 121
9659 53
4253 87
10642 19
6162 19
10537 103
8841 10
6576 77
10894 35
556 83
2418 80
6823 51
10948 99
7378 125
5111 155
9658 124
6505 54
5213 55
7117 25
4521 99
8841 141
2152 64
1657 156
3742 17
1012 54
3805 144
4751 37
6888 17
8059 31
10521 29
9070 53
5557 106
9004 31
10671 121
1476 107
582 129
5415 158
7804 58
743 137
4888 12
7421 63
968 41
6430 39
2466 48
848 53
9036 91
2484 94
3207 19
6666 116
3820 163
1292 102
10074 11
1512 83
8122 158
10803 8
5863 150
9138 41
5749 166
666 45
4533 167
4427 45
2791 135
7439 149
3844 160
4080 36
334 61
479 33
10641 66
11001 167
10601 92
6655 106
1682 55
3558 138
3027 55
5004 143
1782 136
9089 70
6909 122
5704 147
8169 15
3060 39
10578 167
7441 13
2025 159
304 119
5816 85
9197 166
9749 95
7342 50
6019 52
6805 167
3822 98
2056 32
9457 162
2497 160
5910 154
2050 71
5952 153
10540 113
4583 56
9916 38
1073 135
8556 53
2845 22
1311 122
10138 149
6448 50
9880 101
244 29
3621 17
5620 163
7712 7
8037 81
6175 148
132 150
6254 71
406 18
7910 60
8169 39
8616 156
7004 66
5484 122
6898 19
7329 65
5887 162
9159 53
4010 77
2523 96
2302 24
4203 102
2220 44
5163 74
5832 19
10810 154
3335 19
9787 17
9528 105
9027 92
2096 24
5638 143
8602 66
7160 152
10053 85
798 147
6842 66
8542 96
1608 146
10806 163
2663 162
9805 19
2663 129
159 45
2530 152
10085 105
178 145
2126 45
4478 34
6465 144
5951 132
1724 106
8405 23
52 35
7136 81
9210 1
7493 95
10640 53
5738 130
6351 40
9059 118
3099 58
257 39
5184 44
9165 61
9423 7
9261 98
3953 164
803 80
8796 109
7891 64
9089 124
1965 145
1839 154
4005 30
10363 50
5301 116
9376 136
3439 162
1511 124
2178 153
2053 28
7063 134
5893 33
8135 101
3831 152
6866 80
7007 139
7846 1
10407 1
2222 116
4969 4
7865 89
1123 1
2694 25
9442 6
4045 158
7671 127
10476 160
5709 33
7637 125
3418 162
9047 49
10896 48
10475 14
2047 82
7141 85
4450 52
9427 22
9592 111
4892 101
3283 120
9589 117
493 32
1026 1
1028 156
6242 49
8896 85
10987 138
5812 58
4318 65
2687 53
6649 89
1096 76
9135 51
6503 89
6991 125
1475 140
718 78
3939 135
5137 113
10980 162
7221 112
5271 16
802 147
9634 105
1632 41
175 2
1651 39
8111 10
4246 15
286 7
9719 90
10605 112
9902 104
2464 100
8624 31
10665 163
638 75
3828 34
1373 101
6931 37
877 15
8343 33
6067 103
5983 16
9808 98
5965 96
4482 91
3954 158
1590 108
7097 87
10611 76
8297 23
6251 49
10835 5
5694 0
4074 79
8459 91
3239 18
3931 66
8019 141
6207 165
9441 46
7312 161
9664 93
2106 33
1808 56
1788 143
10372 150
7095 147
4322 120
9051 75
6895 157
5969 28
9521 5
3611 128
4949 152
2051 88
2915 32
3178 84
531 164
2820 152
8160 111
7610 73
2576 16
6058 9
206 27
9019 7
9666 120
4692 115
1868 162
4153 88
8413 59
4351 107
4569 38
2264 99
3917 141
2459 89
9342 164
1306 146
2234 158
2072 130
9096 46
5465 67
7009 41
1819 159
4159 138
7485 27
9243 77
5141 132
6120 16
5436 14
2562 31
7111 163
4683 96
2777 49
4683 134
2608 167
2633 97
548 128
3435 14
2196 145
2194 43
7395 112
7281 150
4402 78
2926 54
5418 111
1300 66
9653 30
9066 105
854 94
5017 106
750 143
1370 101
10327 6
3510 72
7892 72
7757 159
10394 112
3598 126
10361 63
7964 49
7952 51
4426 46
10620 28
10017 9
9000 26
8514 104
8550 99
9232 120
8774 100
240 104
6884 125
5868 28
3830 66
8273 45
6423 56
5086 55
10935 141
4973 131
7473 26
480 126
10198 165
9784 34
1927 82
2200 163
5806 83
8724 69
5822 0
7824 52
9817 96
10577 43
4808 8
6194 81
2945 99
6456 65
5030 59
10695 58
745 110
2895 62
8535 149
5167 86
2018 58
10463 142
8580 88
8590 61
9854 103
9673 112
4821 87
5969 112
7912 69
1421 145
5631 12
58 67
974 70
2829 46
9466 52
4943 18
1182 66
8458 77
4940 109
8250 49
8889 97
4186 5
1809 143
4215 114
8565 148
3623 57
8247 136
9048 51
1627 5
3170 81
4190 54
3892 85
8772 58
5175 153
2766 145
695 159
4025 166
4108 160
10679 6
6150 25
1237 8
4827 26
9070 165
7300 33
5579 138
7984 159
419 99
9497 41
78 123
3721 66
8035 129
7269 158
5383 165
6990 90
9617 68
70 91
5713 112
6985 37
929 51
2336 29
7858 141
9483 152
2502 148
1593 116
8082 76
5485 56
1014 0
10650 112
3331 71
590 44
7679 34
1138 26
1458 165
1377 96
6346 75
6208 14
6079 95
225 148
988 17
8923 8
1341 30
1771 91
2987 52
9360 92
2140 107
3719 140
9379 143
7594 20
2404 150
491 124
1574 37
4205 126
10579 48
5001 155
4804 25
111 84
6399 1
4505 35
9531 93
7339 114
8078 90
2766 76
6611 148
1938 83
3326 156
5256 90
2401 80
7597 116
1514 103
3976 37
9673 13
2825 144
8300 132
4209 128
3607 116
2032 18
8250 124
5623 75
9352 137
3082 22
993 14
5926 25
977 53
599 57
5708 165
10728 82
7063 5
6949 155
5402 143
1301 18
7416 129
7913 108
2484 56
8921 120
2469 69
3765 109
6074 21
2946 16
7537 124
5310 3
7899 57
4938 106
8594 48
6602 55
8782 28
6976 65
7910 147
10922 1
4511 15
8749 61
1112 73
666 96
9491 33
7535 25
7203 155
5457 131
6134 28
9833 165
10906 14
2203 83
10950 49
7 21
285 50
2709 127
8308 56
956 153
6045 124
7489 55
4454 41
8335 99
4655 29
25 105
1640 102
5197 28
7568 152
8836 119
6410 62
1241 39
8844 48
1791 31
10443 4
2894 20
4232 47
9113 26
8213 109
5060 158
322 144
4727 54
8364 70
2456 45
983 46
4098 20
2682 36
10416 141
596 51
9762 105
10064 98
9925 38
1018 34
7734 1
8424 87
7906 10
3763 69
7333 88
9775 148
1771 90
29 135
2883 128
10168 10
4693 97
4425 147
865 14
7730 43
5556 119
10287 92
10081 148
5466 68
4787 31
9852 67
1030 128
2950 154
3945 129
669 28
3753 60
8793 153
4188 49
2945 89
8387 76
7763 102
6116 71
9494 109
5664 84
2009 111
4822 149
10392 82
5576 55
9004 5
8063 148
6227 21
10095 112
2520 49
7911 47
8464 4
6084 93
4872 12
6238 102
5788 135
1022 71
3310 6
6459 12
4841 68
2650 68
8144 56
3126 57
6226 112
8668 29
8920 49
2136 10
8472 21
5010 160
7665 69
10153 140
3837 79
6925 14
6484 153
7607 4
1489 167
207 166
4321 81
9774 138
8573 112
2374 33
3475 114
7133 113
8840 124
10907 12
4708 40
692 153
4353 32
7088 146
10054 65
5342 62
4080 27
1189 7
3776 136
4912 70
7670 51
9960 165
8925 115
8689 46
1344 136
1281 35
9783 94
3642 22
6154 95
1366 129
4990 166
7812 0
3741 161
2043 22
5198 22
8990 77
5866 114
483 98
5926 45
3958 96
8342 66
2841 84
5309 14
1052 17
3512 55
4870 133
6009 159
1178 43
9682 80
4634 155
8391 163
9152 135
1557 12
3520 143
10485 152
282 79
4446 121
3627 159
9355 9
6613 107
124 46
5653 132
8370 13
3237 120
6000 154
5219 133
5311 62
2729 84
1971 154
9389 91
8429 107
5350 51
5281 166
7820 60
9513 62
2184 21
6159 60
7908 64
10211 127
10684 69
7078 108
4883 158
1228 167
9444 164
10672 91
2801 32
9031 46
3680 124
1946 97
2384 59
6688 78
969 21
7558 90
9634 8
59 150
8063 100
2186 0
10123 77
3995 16
4394 7
6704 96
6357 45
3289 162
2181 122
3332 153
2329 76
4073 65
5498 101
9233 144
3518 36
2973 33
1425 3
9698 86
9924 58
1129 94
5930 133
9530 104
4283 10
5649 111
6633 109
5415 86
4565 7
7747 126
6446 140
1410 101
8524 156
1627 121
8185 108
2014 126
10594 46
5359 132
10412 126
2480 68
7082 103
376 132
1416 21
215 17
1280 44
3442 141
6153 81
4606 2
5832 56
3327 46
1139 142
2975 63
633 151
9373 128
3230 115
10189 140
9514 148
7087 66
2549 43
10038 50
213 35
1818 88
5240 86
3492 78
2898 40
7236 31
7355 49
11014 33
7018 110
8737 34
1712 122
9842 119
10577 113
3312 32
4654 61
10330 0
3496 125
4802 20
4970 50
1124 66
1870 68
2904 76
9865 5
40 5
6744 155
719 51
897 76
8615 29
4249 110
3116 63
1221 21
6231 12
7068 96
5593 124
6068 77
8504 70
9422 68
5392 95
2485 82
6427 155
4259 127
7511 147
7195 106
10908 40
10788 43
10652 127
8132 121
10241 86
1553 37
564 157
8720 7
796 25
5468 96
9716 117
235 56
8370 138
9134 32
9805 57
4140 82
6436 22
1351 144
482 143
7077 67
10337 84
4445 37
8947 162
2146 72
5194 59
7218 32
1867 97
7465 111
3920 163
2701 8
1016 118
8086 102
4476 31
6729 101
3975 112
2135 1
2738 25
5589 118
10246 97
7202 40
1740 149
4237 61
3781 81
5941 151
8624 85
5065 5
10504 89
1490 133
10640 124
8026 83
274 129
7867 109
2044 131
10380 146
6824 35
1895 112
10601 111
1932 165
6915 61
9367 128
2777 145
7502 105
4382 3
517 46
5725 52
3073 72
3582 66
5235 110
8468 131
7884 96
4218 143
6892 158
5966 128
697 153
4724 126
10045 74
7687 78
7886 43
5275 163
8884 107
222 80
4960 6
8942 61
8020 147
8718 104
3599 111
9963 5
9553 155
2450 41
5455 122
3972 124
10763 46
8233 133
7732 3
5921 130
8911 131
2138 152
10149 155
2665 16
7718 70
8473 147
7556 121
1999 159
8608 103
573 58
4207 142
3288 166
2451 26
8261 78
3837 16
1055 64
4126 166
4506 59
9791 81
5827 91
6308 118
9751 35
2432 45
3170 74
1364 83
8507 66
1685 111
3586 149
9157 32
8550 32
8548 52
9743 60
8539 132
9191 114
10587 150
10207 55
5821 99
769 65
8497 107
6726 129
7514 53
9904 137
7150 44
8076 32
10601 134
6801 131
6563 62
10440 143
2857 29
3078 140
2908 44
8696 100
7454 37
35 36
7646 155
7911 162
2721 23
6794 8
2217 117
213 80
7712 142
8669 25
10040 158
4457 112
1193 65
3342 146
3991 82
8085 33
1142 12
347 117
8939 29
5149 93
5016 80
9154 127
6978 129
10127 132
1766 86
5418 47
2600 68
7893 16
4924 24
2336 163
2835 64
7027 78
9639 161
2457 140
4510 41
8994 107
595 23
2736 93
2266 26
4402 133
3931 48
7874 48
6345 9
5485 22
5637 50
69 48
5465 86
6169 53
646 26
4632 128
2342 135
406 4
7298 38
1805 51
7097 79
6728 123
3682 3
861 50
5002 163
6304 43
4516 40
4202 33
394 60
8155 68
6862 8
1183 122
4811 64
6134 167
10245 36
7420 136
2112 0
10611 85
681 151
10809 101
8575 27
553 102
2505 96
8599 21
3296 34
7489 131
6227 107
6277 1
8686 66
995 85
4452 161
6249 13
5548 157
235 83
5368 83
5969 90
9 57
1884 160
596 59
4347 93
2789 24
1557 43
8913 4
8080 14
4838 6
5593 13
7322 109
4525 26
7990 78
7048 142
6193 121
6328 113
139 46
5084 97
10267 146
619 24
2746 38
170 27
2806 145
3594 64
10411 69
10348 128
2660 128
4223 38
5441 60
9681 14
1793 120
6468 73
1561 64
7229 64
9689 147
4104 87
1434 36
5000 68
8612 4
7608 104
5358 69
7677 62
6792 34
4841 81
9748 77
10510 91
1880 17
9803 91
2876 1
7687 150
9558 56
7400 97
2240 147
9580 86
3005 115
10686 62
6044 128
3899 22
3036 27
3392 52
4818 50
4358 156
4311 130
4767 118
6625 47
8118 34
9305 120
30 23
3239 97
8847 112
5614 88
23 81
2365 12
7330 160
6644 27
3364 23
2306 60
9500 129
6995 12
10084 131
10923 52
1450 157
8121 106
627 33
7038 135
1210 83
3059 74
3824 137
10202 139
6828 53
742 18
6649 89
7084 145
3301 3
7303 79
8046 121
7098 159
5830 86
4655 40
3888 142
10637 118
8526 62
3464 113
2847 63
7943 52
4859 53
10821 49
159 11
7986 163
8910 50
2657 3
798 81
2621 144
7749 118
8042 153
551 38
5430 60
724 34
4276 149
8133 35
10982 103
6181 103
7912 30
503 76
9692 104
8864 141
375 161
7984 43
10672 102
7598 165
5721 61
918 115
9088 99
4832 71
1816 5
5906 85
7064 124
6525 84
6293 130
357 93
10981 114
9148 60
8118 159
3269 30
5172 99
8650 82
6339 124
606 74
1498 26
6677 28
3185 67
178 83
960 74
4505 140
8981 62
9890 38
5025 127
7313 49
244 159
742 106
9246 6
4858 142
6987 78
3474 14
434 112
4806 17
4216 111
4091 88
1085 83
1318 6
7728 81
4022 86
1139 57
3789 98
4792 47
397 161
7349 15
3488 40
5099 51
10018 20
6160 87
943 79
1092 135
5083 10
704 55
10887 34
4768 26
9707 78
2441 143
1003 151
6653 105
10473 104
10805 102
4254 105
8005 67
7523 23
2902 166
9534 38
10319 28
9563 105
7748 44
6224 1
2390 107
6150 53
6148 57
3968 49
909 164
2779 50
3584 67
7983 72
1044 38
771 149
1458 21
3823 133
4961 70
10140 151
3087 99
6128 99
2046 99
3142 52
4461 159
8673 96
3847 112
863 109
7249 7
7654 102
2669 101
3376 46
7609 164
3132 37
1923 101
6489 89
6071 44
10530 143
4948 161
6806 138
5131 89
3556 19
10062 76
4042 57
4989 8
9562 139
7871 118
3839 20
9037 43
7919 29
5960 10
7411 66
7224 39
10337 30
1043 23
9177 56
9716 127
206 138
2884 58
7382 63
6564 111
544 62
1553 162
9336 84
15 106
9319 150
134 91
6733 63
2776 21
9769 103
2372 132
100 77
3438 33
2666 46
8598 121
3468 111
5700 13
2494 159
261 50
1930 88
801 97
1057 32
10757 10
6229 83
5396 100
4313 131
8826 152
8958 122
10000 55
5361 103
9460 57
4148 40
354 48
6833 7
9571 140
4694 64
4004 72
1189 90
9088 13
5189 148
10535 6
3658 145
9624 139
8433 167
2233 50
6189 93
9816 42
6293 43
5512 18
7271 110
2048 26
4273 60
8237 64
8608 164
10227 46
9971 114
7743 121
7872 122
4173 53
10742 11
3355 40
4451 71
1866 140
4588 159
7920 25
397 59
4528 19
7164 139
5330 63
2165 8
6103 123
2702 30
3006 111
9478 110
2655 63
4170 151
7457 18
2923 21
493 152
780 117
10173 15
6547 55
10544 158
4595 53
3545 62
7083 11
311 166
5634 136
6839 151
2402 116
4285 71
6105 82
3912 113
5785 32
7841 84
5156 148
9846 27
5147 66
2656 37
7352 59
5541 166
7384 128
6040 118
5773 7
2997 24
5494 77
7152 30
9415 5
8664 91
9076 120
5243 25
2890 13
8457 100
10680 155
6088 135
1105 117
8075 133
400 101
4356 3
7912 68
1508 20
6833 8
9983 125
3599 111
9714 26
696 68
5674 104
8260 144
3097 76
6566 146
2915 164
1224 2
1413 29
7502 90
8258 69
3933 94
6797 34
8398 54
10675 90
8145 121
773 156
2719 92
119 167
590 156
5818 114
1735 136
7150 60
8984 35
4162 61
8859 24
8168 124
3506 54
6660 130
3144 94
6291 46
6115 99
2123 147
7923 2
1063 136
10353 26
1614 158
6525 157
10812 143
1134 47
5808 68
8970 111
5577 16
3389 83
4742 164
8065 121
5262 26
10854 140
6400 14
10490 52
9733 145
10137 57
2050 152
1089 152
5091 125
5280 31
2136 52
3608 134
1736 161
7110 6
9804 136
10561 79
4755 93
10595 5
928 69
8074 82
5362 52
2525 90
2067 152
939 34
3562 110
3049 18
4187 124
1856 165
8083 31
4986 167
2962 22
10165 135
808 54
1223 141
10034 80
10757 37
9844 120
8773 140
2312 46
1830 106
7948 106
4881 49
6670 60
4361 30
3340 162
5718 85
3809 110
10177 89
534 95
8910 5
9240 143
9162 132
1928 140
3275 72
7669 19
2698 137
8710 146
8301 4
9119 108
3336 150
9480 139
4207 129
3405 144
4280 167
372 135
1652 84
639 146
8114 9
3318 162
1438 85
6692 61
3587 143
6789 20
6878 130
6051 140
4306 56
3853 104
3007 18
9246 29
60 22
6060 142
9906 35
3058 137
2817 73
2412 97
3986 92
4368 141
8013 83
3178 49
2130 4
6651 12
4067 42
7947 98
1601 161
1474 139
7099 65
2237 148
6251 41
6787 108
2677 158
9407 97
9162 157
9919 36
10468 165
9355 146
3820 73
4951 52
1999 148
9943 50
7421 141
8552 140
4798 158
5473 65
4866 119
7829 59
7777 48
1193 34
1114 39
5511 160
8028 55
3491 69
7616 106
9649 85
10500 47
8505 94
3081 55
9547 22
7910 85
10348 45
4656 157
6715 118
10357 119
9230 4
4413 19
471 59
10787 166
7303 164
6115 78
2385 29
1061 155
1759 120
889 15
10688 91
418 55
10611 120
2045 26
9984 30
4650 153
9626 167
8086 48
8656 107
9679 5
9201 166
10000 134
3276 157
1682 159
9629 55
10082 164
1282 97
1952 52
652 50
1701 159
6954 57
9227 73
586 43
8222 103
5548 146
8653 25
8080 26
6313 113
3613 14
10477 4
8010 50
3467 134
8818 122
1076 3
6206 147
4631 115
2497 56
1450 45
932 89
10040 7
5110 135
3814 117
2887 82
10614 16
397 142
6105 89
4728 155
6180 103
76 37
551 69
9860 116
9063 23
7489 68
4471 158
7794 127
3782 89
3789 41
3694 79
3049 85
3505 43
7061 39
1986 47
8254 137
7516 76
1766 41
4545 41
4097 51
9859 154
4568 75
531 123
7624 22
9384 45
3155 114
8686 167
6731 139
5424 73
8806 31
3110 150
3888 156
3832 72
1630 136
9379 136
3195 122
10126 149
3829 55
6636 76
7201 63
807 74
10782 97
20 55
246 108
1851 163
7265 72
6026 53
9749 100
28 153
4147 105
2645 153
10466 15
9307 160
8875 111
9611 67
2629 72
2865 57
5710 14
4418 20
3313 56
6784 64
8601 89
9874 60
221 73
8655 23
7301 76
6995 5
6346 20
4659 18
7274 155
9886 102
1085 107
4828 65
4870 65
7692 112
1759 119
10580 17
2647 145
5061 28
3370 83
6426 107
3470 121
4171 35
4385 119
798 67
2439 82
9593 101
8617 111
3618 3
9447 50
8967 123
3206 153
10661 142
6692 130
6033 125
3522 2
10473 157
1765 136
10385 13
6577 34
9700 21
2313 86
3020 113
9286 83
3813 150
2527 121
9364 133
4309 70
1673 62
9492 51
8076 86
6804 135
2683 100
4215 162
1237 152
3353 36
8384 69
9823 14
8195 73
8653 81
7801 107
6263 23
2160 156
597 167
7661 73
5512 68
8765 80
7491 136
5064 72
8128 21
8836 86
7241 116
2977 134
247 10
2243 55
1608 64
2996 9
3253 18
4078 115
10279 138
6105 0
4771 157
7968 58
10927 62
3789 35
4615 42
2637 55
8188 12
7848 110
7616 10
8068 48
3659 24
7096 1
4145 147
2250 64
6061 64
4476 19
1247 78
8136 53
10606 42
3703 147
636 10
8606 67
6918 155
1232 93
7016 134
7376 142
8618 41
1368 75
1776 107
7257 124
5371 98
6584 137
4177 88
3289 49
660 90
7170 64
8562 11
486 48
3620 49
2081 28
9949 95
6203 17
9762 59
8682 70
6012 56
86 38
2765 94
2734 51
6760 65
167 109
6568 96
1872 155
2098 118
9414 33
8962 94
4529 43
1447 107
1857 153
416 94
4162 11
8911 132
6920 143
3280 142
1612 160
7019 42
8684 73
10664 18
5480 99
3562 44
3284 164
899 66
10362 105
3548 27
4956 76
5843 42
3945 113
8536 125
2899 30
987 57
9128 17
7805 27
7691 55
5172 34
121 129
8213 132
6793 161
636 150
7274 39
502 160
6663 117
7273 39
10367 89
8069 117
7766 68
436 46
6076 46
6654 157
665 68
4115 63
7755 125
5117 45
3440 34
7093 72
2225 20
2840 152
1022 34
8030 94
655 18
3909 162
1537 56
5937 31
3243 166
6225 46
4393 107
10549 57
4659 14
9908 81
1051 36
7631 129
9532 65
4756 101
5821 4
10309 125
3473 149
9772 134
8834 59
10240 163
8046 153
2980 128
4894 50
4654 39
6648 53
144 7
9453 42
978 154
8263 45
5275 85
8369 146
5634 85
629 90
118 48
3233 69
5852 154
3087 153
9522 121
2086 73
10746 83
5603 17
2291 79
8878 1
6188 57
6298 17
9128 154
9583 4
7029 7
4214 120
9041 40
3506 13
7374 100
661 123
79 75
8906 113
8518 164
175 35
3851 1
2712 156
10483 136
9033 37
3829 2
1651 68
4941 137
617 40
10513 78
9559 83
6236 153
9993 66
8516 165
7516 18
10191 130
8868 75
8761 141
8539 153
10978 69
8067 40
3761 135
1387 80
299 101
6511 9
5376 90
1843 73
5238 41
4466 155
8282 39
5301 99
5992 69
2442 144
4039 3
2443 80
4250 114
2064 106
6975 8
5560 48
5399 105
2730 12
10609 140
6297 44
6641 28
8907 73
10710 0
25 84
7360 126
4278 58
3566 59
6589 138
8969 45
9541 28
5322 85
2800 85
9664 55
10235 72
4230 116
8249 151
852 98
1873 34
10217 146
3654 119
4332 155
1033 26
4304 93
1349 119
10501 80
1270 94
6800 118
5773 78
2569 110
3717 54
2734 26
6041 144
667 156
1455 94
6926 44
8105 145
7272 77
9060 80
9219 25
2745 62
4104 114
56 128
3365 3
7985 157
5226 126
9013 166
5399 47
310 55
7027 136
2110 151
5490 94
7587 13
5140 45
9758 107
3469 88
7342 144
7720 131
3591 112
1643 108
5233 63
6918 23
5396 135
6191 129
5003 165
10202 31
5353 122
4958 137
10507 25
8109 89
2314 4
10988 144
3268 100
5395 147
6788 65
3830 105
6037 150
6528 121
2127 33
3608 57
3883 26
10056 82
9927 113
9498 11
4929 53
4358 130
5181 27
5426 50
2398 123
2973 90
1195 9
5634 146
344 10
2693 116
4809 133
1563 72
4755 125
7098 55
184 76
6651 21
3251 106
3573 1
973 110
9935 119
8464 165
5763 104
8349 161
7881 32
1846 27
5123 120
5245 27
9380 68
7282 47
1002 128
1784 139
10530 103
9732 88
4174 61
1703 32
8702 149
5743 105
7806 61
2337 64
5499 17
4777 159
950 109
3775 18
8151 79
1805 143
2223 28
3958 117
8189 18
9173 22
3751 77
5587 103
2054 62
2256 95
2903 33
9574 134
9848 14
6253 153
9830 123
7217 75
6421 96
3887 14
9653 50
3884 18
2530 156
10119 37
10963 43
8065 116
6462 105
9493 48
6652 28
9615 117
4644 64
4796 7
7386 98
9768 22
6539 102
9043 59
197 28
6690 3
985 54
1955 12
1461 166
913 78
10450 166
7289 148
758 63
393 130
170 21
2400 154
1769 35
1965 26
5250 51
4056 87
5326 41
3707 120
5966 49
9418 100
4872 54
5899 6
7960 84
399 2
332 80
9538 120
814 55
2463 121
293 132
3449 103
4713 38
636 2
868 33
4644 72
2969 116
4727 44
6791 27
9247 91
8779 29
6894 163
8635 73
7389 53
5944 124
834 52
10917 6
10223 126
596 127
1170 163
6787 28
5708 76
4353 54
6476 29
3885 149
4242 38
6362 144
3640 102
6639 64
4999 81
8437 6
6085 5
7408 154
3313 143
5298 14
202 163
9150 106
10466 59
5555 129
2193 167
2422 12
4029 70
9714 37
2265 60
8138 7
9469 45
6587 124
7330 146
7669 127
4459 57
3274 59
5290 49
5394 51
8390 94
7429 60
4622 9
9308 128
6769 100
194 116
5966 45
4348 60
3960 113
3513 22
6996 75
7023 28
156 117
5553 78
4245 134
2848 55
8513 140
4927 71
6168 36
8872 49
8146 56
8365 117
9503 8
8280 97
744 164
7745 76
10097 137
549 43
5704 82
7421 39
9799 153
8893 38
5186 134
9142 18
2409 143
6651 47
179 33
4371 64
10220 150
10664 61
9608 71
171 126
1894 139
4832 51
1748 73
8399 30
3616 123
8625 129
1001 52
3223 45
1354 27
8528 138
5469 160
6677 142
7461 102
1688 120
3616 57
9993 140
3593 139
3445 4
8172 50
2402 148
3010 131
8643 14
5619 61
8505 128
3460 111
8240 51
10188 68
6397 149
3448 105
4658 1
7863 43
6886 70
4743 126
1170 69
10201 148
10506 87
5249 58
4285 127
5056 146
7650 35
158 116
162 56
8160 78
56 46
2106 6
8982 138
1174 125
8840 20
9386 30
2841 160
125 39
4100 56
52 48
1368 90
3123 2
10190 14
6623 10
10607 19
1750 29
10459 98
10534 62
3828 34
2206 70
5610 54
1221 27
1437 52
223 60
3773 48
289 156
5764 121
556 166
9324 121
8438 32
10539 146
384 98
880 31
4765 144
454 89
4798 6
4270 44
10619 85
1602 97
7956 67
1879 37
260 47
468 122
6926 5
2780 44
4498 22
3741 87
284 157
4065 63
7207 53
8993 88
305 79
5111 7
4704 82
6262 24
6988 107
7206 129
6988 0
1593 87
5511 104
4725 136
6126 78
5072 9
4733 77
4551 40
10087 21
7156 37
8894 102
2814 101
7407 13
8255 135
9792 69
602 83
8038 40
2668 46
10463 30
1379 19
6073 77
6217 151
3808 98
2126 124
7921 47
4589 1
5052 86
8205 111
1456 124
10023 103
4908 17
1389 130
4878 127
8003 89
10231 48
6717 159
10400 150
10232 147
5669 133
1997 106
7949 68
263 100
2801 52
4752 158
4934 103
3920 8
9983 46
655 128
677 4
10348 47
1509 110
5885 138
4831 31
8613 4
4974 102
3171 98
9858 99
2750 15
2956 35
2206 144
4855 64
2329 155
7412 84
5919 92
1191 151
2210 120
10390 167
760 30
305 48
3339 154
3741 125
10368 4
4019 109
10239 160
2966 97
5298 119
2431 52
7846 54
8402 84
7194 6
4329 1
9211 76
5971 36
9359 25
9759 146
6871 53
1504 160
363 48
5429 153
9658 145
7932 118
1247 114
871 54
10622 131
10657 22
789 158
9113 90
739 75
7908 36
11 149
4630 4
9978 53
5157 10
9569 94
9332 64
8553 0
9158 27
5026 121
5378 147
1450 8
9400 41
9290 148
7013 33
1636 149
900 16
385 49
2731 96
2592 82
8091 1
2958 134
3131 106
4090 135
6193 96
3075 123
2585 14
2467 63
6326 150
5596 40
2812 55
2847 90
9479 0
657 21
2124 147
7468 108
36 141
5730 152
8400 118
3921 5
5353 92
9877 58
2869 101
3687 39
1535 12
1080 50
2699 147
6095 43
1181 19
5675 161
4048 160
3033 155
711 120
4120 92
6397 76
3840 153
337 160
367 21
7580 104
5308 71
1893 164
921 34
5609 70
2429 70
5708 129
4541 53
10851 44
238 160
5313 143
504 42
1531 22
11012 141
2634 99
9700 68
10519 16
6993 33
768 158
4694 145
1155 8
3516 116
5906 75
2203 73
6606 2
9794 81
5079 93
2378 66
1683 113
9726 120
9936 78
1598 79
6893 69
8161 20
10197 49
5775 29
3579 80
10351 6
3290 105
8731 85
9561 160
9102 128
10515 39
610 45
5415 112
6070 114
6135 105
10435 54
6402 110
8577 8
6382 85
3250 111
7078 14
1348 130
7624 146
5956 73
8665 70
7796 67
7601 64
1621 145
3147 25
6183 43
4526 43
10172 154
8834 68
6291 29
6239 20
1032 152
8728 115
9488 114
3850 159
3461 21
5295 61
5130 44
695 110
7110 16
9338 140
4057 43
5193 92
1635 153
6429 158
581 19
1276 131
7858 30
8192 143
1678 124
5722 103
4928 34
3415 45
9956 97
1518 121
674 136
8265 10
4757 2
3972 149
2089 4
4737 13
10757 130
2857 45
5407 115
6835 106
10413 50
3061 139
7842 38
9573 45
9430 156
8581 58
4978 83
8539 115
2670 152
5236 118
557 92
10715 33
2255 67
7071 55
1929 77
9196 130
1523 19
4066 83
3789 82
10567 22
1193 52
6300 81
3132 104
9744 38
1492 166
10285 94
2502 151
2318 57
5214 108
7526 4
71 62
10495 90
7018 46
2549 118
1381 31
7098 15
4389 152
8201 165
6295 86
3325 123
5557 66
6622 6
7481 15
2402 21
5740 62
6074 42
7301 21
9129 136
3264 21
1157 108
2145 75
1861 9
5151 74
3578 7
7819 47
4766 148
7935 117
10561 142
9156 26
4229 127
1015 154
906 33
3737 34
5194 4
10173 79
9304 103
2598 16
10274 99
10821 129
107 126
7057 154
10388 167
570 152
3461 141
6600 146
3058 4
8836 158
9181 10
7384 21
1373 47
3624 68
1450 156
4078 149
7732 118
6751 45
2685 67
7898 31
7783 148
8520 33
7104 147
3711 157
7756 39
3561 60
1494 21
8303 6
3230 41
3045 52
2909 6
2317 57
3805 18
91 94
1527 53
8326 134
8582 4
1495 42
7431 1
9804 133
7142 77
3092 98
10312 137
1973 5
7305 25
4985 7
3448 83
9190 166
10647 22
7886 108
6408 165
1309 47
5253 78
4067 1
8466 47
5956 129
3938 49
2459 34
85 103
10736 10
1406 144
6638 117
1079 163
8333 163
10232 91
3738 144
1990 147
6094 154
3577 147
7206 120
1619 156
697 25
2863 137
8056 43
8453 22
7247 157
9287 133
4069 119
583 31
113 88
8570 152
4500 144
2629 118
3553 151
311 75
1346 14
6518 33
7683 149
789 133
3406 12
4449 167
2638 30
1295 1
4121 163
5145 151
742 77
3532 38
4739 125
8000 23
1720 63
6407 5
10035 11
8133 77
2192 141
7016 110
4848 63
8547 2
1844 53
6062 20
2962 90
2380 26
9218 114
5711 28
9508 135
5158 5
2137 16
1751 10
1178 158
9222 41
7526 129
958 52
6438 35
5678 6
3607 107
10130 61
6360 5
55 144
8203 135
6540 163
1571 135
9380 41
1333 139
1584 89
8268 81
10652 4
8910 41
8106 54
1696 152
10171 3
1354 46
2625 93
9703 34
2273 35
7819 44
36 83
7536 123
1283 146
953 25
1688 11
9744 115
8743 87
8004 101
1437 125
6232 46
519 11
4656 40
8031 11
7251 43
9476 56
675 65
4255 27
9683 13
1317 153
6880 80
435 152
5552 141
9240 74
272 22
297 72
2059 53
7246 43
6161 55
8742 159
4632 126
9488 98
6541 71
6482 163
480 92
5406 110
9254 18
8917 135
6117 117
2318 108
7749 162
4286 104
3416 85
2107 150
3342 37
1642 139
6346 93
7334 55
6816 52
8197 101
5804 31
6108 56
2744 5
8338 32
172 52
9324 14
3372 162
5156 45
3145 94
9779 49
10402 80
7067 133
6513 151
6440 7
9762 161
1856 30
6617 88
4520 55
9479 43
4236 4
7794 18
3860 127
9282 159
7087 142
3684 105
7191 143
2288 82
4442 117
8853 59
5981 51
6722 7
3658 105
5385 38
8804 21
1599 99
4145 147
6502 119
243 144
8653 95
6120 83
7821 20
966 22
3147 66
7663 148
6411 131
2946 131
5769 12
211 43
5212 81
2302 55
156 109
7460 164
4867 60
10309 88
212 36
880 158
6781 136
6565 118
9186 40
1032 66
3010 78
1386 46
8190 82
2159 15
7490 120
9366 96
9574 152
4844 16
786 55
9170 16
10440 36
3010 68
2570 142
2131 57
574 164
3911 126
1344 4
3166 109
10255 80
692 123
3523 125
7491 102
6924 102
10999 87
3226 74
2812 0
5398 137
4993 136
7971 124
8001 140
5503 54
4891 16
4752 53
5900 127
2040 29
10741 55
5234 128
3865 49
6574 6
10446 48
9007 147
3696 119
9901 154
1011 111
1871 44
7195 1
2773 150
5872 26
4715 121
5603 125
783 75
6330 117
3148 31
2016 98
6563 24
1311 147
4277 164
350 142
545 63
10465 164
6998 101
2589 160
9658 4
618 65
3200 136
4765 126
6796 17
8153 34
8408 147
3282 81
9751 125
5464 81
7116 100
10995 12
1952 152
10669 77
2637 54
4418 121
4176 16
7224 104
2225 99
3394 163
3475 119
5248 137
31 12
5344 29
2964 99
3573 138
3183 146
6111 26
372 5
3563 66
10146 33
9120 74
2527 26
1696 77
2974 56
9743 124
1964 125
1143 15
10716 42
3395 142
10030 27
637 37
9779 56
9090 167
9214 14
4105 92
8030 77
9764 78
4284 26
6711 0
6981 120
6654 80
6916 75
774 23
7087 46
10423 142
5676 149
4242 107
762 117
6309 100
2628 51
8388 83
6434 106
7369 19
3413 161
3743 162
3627 124
6667 120
6654 9
1524 127
10632 62
4458 99
2815 162
2223 99
4261 41
3702 160
4560 132
3477 30
4534 104
473 138
9138 29
9031 123
4980 122
8227 3
4756 79
2481 39
9532 20
3953 85
7865 80
6749 22
3786 76
3838 36
10422 73
480 46
1262 103
5402 34
3625 48
8925 18
10368 76
7298 26
374 86
5317 88
1861 62
2248 53
484 57
10531 11
5232 38
5916 120
10610 154
2654 2
6330 39
3528 155
6924 104
2498 112
9330 136
6908 156
7326 156
3267 34
8377 70
630 106
8058 43
8573 99
2053 111
6657 123
10775 152
3941 35
6279 64
5330 103
717 63
2431 76
1002 56
7604 18
1645 26
2587 60
5215 130
8336 45
9462 152
9484 110
10681 71
10434 126
533 137
1456 49
10629 50
7192 36
3685 99
2242 39
6027 99
6859 139
7980 105
1390 111
448 76
9490 22
10146 118
2123 123
2041 55
6935 40
7093 150
5037 43
5140 101
3312 106
7746 14
8172 32
1897 128
9506 17
1290 79
10513 82
2787 123
6889 28
9360 151
10703 155
2510 109
6002 138
7971 56
5067 121
9572 42
5679 146
9940 95
7301 56
8473 33
6876 9
6029 126
473 118
8797 23
849 72
1636 106
6919 149
4568 162
1907 51
7847 165
5829 141
9198 87
1756 12
520 110
317 167
2173 117
8678 5
7103 60
8730 138
4367 120
9771 25
7192 159
8839 154
749 31
9070 68
5797 135
2287 84
661 6
8998 63
9102 115
628 60
2370 44
10824 53
6440 3
10090 151
7914 126
5491 88
8462 94
4055 137
4795 98
5485 13
5718 53
3308 1
1812 133
8430 27
3411 150
2483 8
6450 70
6450 72
9908 58
3394 109
3955 145
1150 149
3725 39
4493 19
9048 133
9271 53
5905 15
9322 65
8512 22
343 137
965 71
2715 42
826 163
6775 151
7930 120
1094 59
10125 17
5639 127
7108 66
2326 136
4131 118
3590 37
9474 76
419 31
5357 111
3406 137
2362 22
449 155
3554 155
9811 58
6184 71
6910 146
10752 134
3618 102
5680 71
3335 95
3649 111
714 164
2916 102
3655 97
9176 74
745 131
2298 139
7532 66
563 143
9613 88
4742 94
4810 105
647 96
9444 19
2058 86
4572 105
8759 55
10430 138
181 84
4586 55
3783 134
4885 54
294 22
6220 136
9716 93
9071 33
8795 13
3686 129
7441 80
1634 166
3981 111
5672 133
10242 110
5802 33
9020 22
2081 130
5520 75
4123 42
1581 79
2805 116
4257 30
7411 70
6910 132
3110 145
3121 156
10149 6
2268 139
8861 92
8771 164
1198 87
8946 20
7732 154
8148 73
4546 80
5193 31
5871 63
2152 35
789 15
3496 43
5831 34
3812 93
7066 28
4760 112
7039 149
5071 161
7624 68
7816 14
3537 38
5774 16
10055 152
4561 60
4252 97
8631 82
4034 59
8085 10
5276 108
2763 84
5475 72
1200 135
7013 65
10349 109
535 73
6110 61
6554 151
2401 32
9866 97
8958 15
682 121
7818 37
7452 75
2560 82
9070 94
4001 23
4079 152
9374 105
7152 47
2804 72
6539 70
10903 47
3069 108
2080 137
1440 116
12 17
10913 152
4751 162
9298 102
7281 121
4203 0
879 32
9528 127
8106 61
7823 64
3587 154
5970 26
441 149
3702 134
8327 59

