6041 11061 993
8319 1448
5849 1268
4638 653
5996 1759
265 1056
10348 953
10668 433
1304 515
2105 192
631 1078
280 1084
6969 686
8166 383
1497 1421
10398 1108
2203 1268
5617 1659
2386 439
4580 295
3236 1188
406 704
305 537
8748 427
9543 1651
7134 70
7113 543
3596 144
7880 672
6587 1614
3999 226
9468 861
5379 1622
1178 62
1194 969
921 890
8174 61
10541 531
9218 1603
1047 615
9045 486
4917 1417
9727 1302
10718 827
4932 430
8904 1246
2558 1630
5886 1202
5487 501
8197 1667
2740 1746
5264 872
4306 1647
7053 1643
10984 686
8621 120
4245 1537
9168 692
7819 1764
8364 1211
10398 1008
8406 274
6795 204
1976 1396
8710 702
8143 1333
4835 696
315 936
9732 804
10365 954
9609 315
3998 328
1830 1902
633 91
7892 1359
9660 641
5621 1003
8409 472
2798 1466
5181 1975
1361 1570
3155 1646
1802 740
7501 74
1805 1853
8346 1123
5198 67
8242 923
505 1197
3265 605
3150 543
10733 1725
6961 1527
1795 1407
6349 45
6772 775
4770 8
6651 1001
7012 861
9124 533
4786 1701
9539 614
6261 1539
3710 871
1227 1547
8464 1019
5014 1788
2183 395
1507 1237
2534 445
7207 1526
2309 1869
9752 390
8890 562
8646 69
3667 873
10760 1754
574 659
7173 1391
11058 412
7205 1635
6596 891
128 1637
1851 1803
10538 1307
2689 692
3951 1590
3950 1662
10201 1662
758 275
2456 1380
6623 921
4663 1957
648 280
9884 1280
1176 1057
1775 670
9531 1555
5660 1634
10579 455
3521 459
5177 1066
2732 920
6851 1808
1848 320
5293 864
4076 1883
4180 1777
6448 1792
6220 275
3457 1903
4130 628
4538 1371
7644 1142
1694 371
1142 1067
6653 918
409 267
6630 225
1053 1258
4797 335
670 1844
3528 682
10594 1844
5137 276
3312 1219
4988 1007
1878 199
3334 28
1337 547
9486 444
6743 691
4551 477
1544 1742
4592 248
2185 236
8636 1246
9520 527
9059 886
1000 1786
3065 1917
10096 493
7629 343
1962 1130
143 413
1872 450
3807 507
168 629
7449 432
10476 1769
4616 769
10530 1232
6032 134
10442 957
4546 667
311 564
5646 1820
10945 227
1454 698
6810 91
10258 869
8831 1310
10829 243
2322 477
4051 1613
5532 1377
980 1599
8954 1056
1721 1564
2293 1005
4397 221
4546 1388
9070 586
1504 346
6238 1901
1848 982
7810 1256
10947 393
8994 352
6876 1104
9509 415
10321 383
5354 1587
7567 1764
3517 1688
6681 1301
7224 1752
4616 1793
1547 1324
9982 1552
5913 1821
161 1035
1531 971
7396 703
8101 1569
1977 1670
6384 1704
2763 371
6287 606
10122 1718
612 1160
1181 1267
10228 550
7194 581
6307 725
9083 1349
2218 1343
7647 1730
2409 929
7796 64
2984 687
2599 1617
3683 941
5233 1719
10134 1541
4615 1547
4494 1159
5334 107
6294 1864
2784 810
4585 968
4487 997
6538 1377
3801 855
3215 1583
10918 54
7113 1482
6295 663
10590 77
6720 611
9117 1345
5039 169
9268 1409
7370 781
8185 51
7886 1840
2406 792
1259 1540
3823 882
6005 1445
8792 932
3853 1041
9595 1804
5513 796
7848 1585
5825 1955
3863 981
9214 759
10049 171
5131 1063
2641 424
1535 337
8874 1447
3845 822
9547 1827
2750 850
4524 482
6257 1189
6694 523
8878 306
10387 526
2609 1502
2156 1436
9021 1802
4615 1204
6905 1495
6929 381
10473 193
1332 1730
5842 448
2512 1243
11014 677
1414 1274
4815 1424
3494 515
8013 1739
2621 431
6327 1737
9539 756
1461 78
4058 1837
10127 1402
2474 329
2267 618
4448 1962
229 806
3526 1161
7818 825
11057 1896
7301 471
763 1709
10309 966
4398 393
4327 1950
5947 982
10358 591
842 925
971 890
10629 709
2837 105
483 1002
1903 1077
6956 664
9733 478
4713 1468
10639 806
8501 1083
6569 1089
5465 1028
5460 1214
1839 222
10602 1671
10560 1821
8405 1831
6676 4
223 1400
7960 1219
3438 226
5340 1843
3609 1086
10784 1617
76 719
39 612
4607 526
8464 1489
8142 369
3358 582
3076 936
7643 460
7137 915
5825 1697
10122 1569
2995 542
7020 1963
9025 864
5194 1400
5034 532
5314 266
111 318
4636 1943
7644 1461
9344 39
3345 1221
5674 1249
2368 258
4436 1568
9981 1354
8276 938
9030 408
5231 1840
3992 1866
1762 1442
9305 894
10363 281
9088 252
2587 1338
10564 161
5830 1624
3043 338
8229 1777
6852 1184
6126 1038
6918 532
9562 111
6682 795
265 153
5916 1076
6995 1513
4692 956
10920 1380
1730 498
9744 1937
5328 1306
5640 348
10855 1127
5278 978
3108 757
7596 1321
3043 1811
379 964
2187 222
4762 956
4867 1703
7759 209
6480 484
2067 983
5032 1168
9742 1288
4413 203
5134 1148
9990 1845
8369 1557
7752 2
4032 1219
1277 852
5011 689
3618 1708
9448 140
146 35
6688 1369
680 1758
386 265
10147 1415
2812 1189
426 633
53 800
3538 1776
156 542
7714 1466
648 1303
2299 299
9865 1720
10235 1848
5264 331
8446 340
472 1169
7493 1633
137 182
4327 1413
4536 740
10760 1937
8060 827
916 1229
2844 207
3236 276
2869 929
3302 839
6055 816
2262 745
3409 957
386 952
2397 33
6373 467
6437 482
5765 377
2847 314
10816 12
2367 1544
9716 544
8911 1116
7043 35
4443 1226
9051 211
457 1961
5582 22
4648 1230
9054 239
7919 653
730 1129
2492 695
6216 531
2277 1553
1199 1214
645 67
1688 1080
6972 1135
2586 899
9975 127
10594 1153
5486 1478
5750 1828
9542 1138
9155 574
8212 1036
7702 68
2831 133
6667 158
1413 422
5640 1500
7640 248
9802 262
577 1389
7506 1565
1330 1304
7384 1463
5490 1928
385 896
6976 451
6340 1379
8971 1450
2849 219
484 1864
4204 1543
3965 1112
7538 339
7018 1747
10726 1499
9871 302
9758 1259
4829 1261
5201 964
1830 1182
1250 433
7335 709
2355 123
548 460
7397 77
10818 1788
4318 1045
6870 146
3190 1694
3533 1032
9995 1282
4402 549
9777 1720
1100 1251
8829 1490
10805 373
10880 1193
10158 254
6521 263
9525 1877
2237 1646
3507 1543
9011 1013
3202 1275
1788 130
2154 308
10900 1099
4323 121
849 1242
4999 1315
6845 936
10416 913
2127 483
3303 192
4211 322
4143 1841
2450 503
3327 1561
6568 846
137 1585
4960 1658
6398 570
1355 481
482 266
10035 1627
8223 285
8534 207
5910 1513
4982 114
7196 1409
9662 841
10160 1742
4077 700
2497 69
3494 1961
159 1415
4695 905
10181 1606
216 976
1152 526
1938 237
1854 748
8219 240
7235 1162
7027 435
9288 1598
1272 1397
6056 1260
5823 859
3266 1031
4053 1836
10453 1385
7122 1961
5139 999
1143 194
7420 1713
8953 923
10367 108
7798 14
8585 1118
9987 1331
7061 1211
9673 1601
6126 1349
8646 125
6850 256
9021 954
10973 408
9976 1497
6075 85
5371 736
4615 1943
184 117
2317 1509
6924 1522
8027 930
7192 235
9684 484
7118 101
9319 263
4276 1155
4443 1277
5039 1819
8087 656
1352 688
4218 1970
418 1269
4480 603
2296 735
942 1923
1768 1821
9581 1420
4870 74
2756 429
7033 1532
8647 1500
9235 1170
7915 459
8448 1009
3048 1600
5195 239
2904 1600
3081 483
3001 1329
10604 269
7573 1080
7130 1970
10907 1702
852 330
5271 1840
8712 632
1408 1887
10355 903
7643 897
10807 1087
1403 1007
4700 393
3602 1647
5794 84
35 1086
2213 702
1215 480
1975 1075
4142 178
6282 1010
2836 330
7544 1107
1913 514
6537 618
3613 1505
1019 1672
3584 891
6607 1919
8826 594
8150 815
1395 1094
9710 578
3254 416
6022 1251
8664 493
1787 664
2565 230
8157 734
7473 1719
10822 113
7502 972
7500 1418
3670 569
8843 156
8164 677
7501 1462
6534 862
4055 955
3765 958
3566 673
4727 613
3844 360
304 690
10856 304
8625 1178
5320 711
7831 1745
2362 3
1273 631
1774 900
3725 937
8356 842
9379 180
1045 437
2020 969
7769 524
242 771
8227 691
2344 1637
3063 1629
2686 807
7576 286
4394 1090
8292 120
713 952
9953 1538
6812 1193
1923 785
9394 1104
8909 141
8152 90
7427 1027
7409 485
3147 1796
4129 791
648 593
1911 1808
5031 1213
7013 1020
1488 1507
1610 1684
6122 976
6821 1043
8274 171
10332 1003
4948 1713
10380 1711
9973 1441
551 546
771 358
482 624
7009 65
2382 1691
9085 1431
3599 349
9970 959
7047 284
9522 1629
4005 1857
1411 889
10420 503
1895 1370
7368 1066
8704 67
2109 36
4457 1542
7315 1402
10167 959
4471 229
206 395
3985 1649
2964 265
4349 445
8045 1475
9060 1805
6324 890
2774 1505
3256 1812
8225 121
5325 1191
7706 307
9998 110
8401 1189
6545 244
3438 1448
6188 80
5906 1317
3172 252
8083 178
4138 1001
10356 1823
1518 1132
6921 232
5391 310
147 624
8282 194
6609 1000
3548 1285
7771 811
972 882
10726 715
1769 6
7312 1487
6446 1779
4337 1748
1258 234
7123 642
6253 619
3267 132
5664 619
2895 1128
2489 432
4265 50
6693 886
10498 1869
4603 1895
9715 631
7769 218
5533 108
6394 1763
6444 749
5940 718
9449 1739
3950 1366
10932 966
4518 72
2431 961
1724 330
182 637
10919 225
9560 1773
5478 1339
11024 98
3427 300
8760 868
5026 1125
915 996
6095 554
3849 1426
7727 455
9914 787
4651 1494
6635 226
5633 1318
10464 264
9960 1144
8381 700
9440 280
7857 288
4250 1356
3270 1280
454 1809
10907 626
1284 354
419 1754
5091 953
8285 1896
363 1286
1477 1791
145 890
1026 1675
10866 50
10593 591
8197 813
10846 665
5457 49
6663 1618
9837 826
10636 43
5211 269
6979 1577
3015 3
6513 918
9499 351
5076 1351
1298 1530
8445 1938
1229 1826
7737 192
1865 1087
1726 973
4516 526
4397 948
3850 182
1559 1914
1894 1967
10265 527
5401 1730
785 717
9983 117
2167 1340
10168 795
9708 383
3658 1948
3456 19
8777 280
124 241
1565 1496
3019 100
3739 1917
902 1243
9122 695
7045 2
2431 1353
2641 1454
2457 1545
10465 1985
3882 1233
7799 596
18 1388
10175 1363
782 573
10321 757
10467 218
9288 1680
7217 152
8885 1256
4770 168
5771 1186
1678 1071
7033 591
2114 1164
2820 316
10556 1452
178 479
6361 653
8181 1325
1545 212
6877 1115
3090 430
6807 1119
7680 962
9559 1488
485 1653
1973 1072
9718 139
2972 834
3866 989
7601 1094
757 1088
1315 204
9465 1767
10322 1755
9538 1445
4317 191
8447 1436
1515 1578
7344 517
2325 757
348 1979
2871 1400
6274 817
7125 1199
4873 589
8317 1909
7518 794
7018 1213
8179 333
6709 314
8686 1584
9977 117
3324 1081
9793 43
4936 1973
3594 150
10277 488
4003 1707
1593 1428
7269 978
5792 1051
9977 134
6322 267
9228 1255
5260 426
9786 402
3206 1945
3545 325
358 1709
3990 1227
6758 573
887 37
6918 1019
1119 1316
3682 325
8188 737
8702 1010
6330 869
1937 224
4179 344
4473 687
8427 237
3233 897
3844 1521
2959 1225
9897 686
5395 525
10208 1071
277 990
10645 321
4752 855
8313 1320
7700 624
1979 59
7533 424
3452 761
1601 291
3608 1795
6427 810
803 1711
5728 1044
10517 1706
1419 112
7610 1202
4269 1329
5389 588
6253 1435
1378 1867
9366 1568
912 1379
10669 653
3289 101
6155 920
5505 1866
6545 1108
532 1165
6762 1119
9529 403
3392 1621
7863 1640
1878 505
1785 785
6557 1502
6283 800
1655 88
7327 1332
7727 731
3806 208
7360 815
3628 996
5749 1247
4029 1428
5165 941
177 621
5329 417
8320 893
47 1493
4587 358
10785 527
4882 798
7124 1897
2270 1169
1831 507
423 230
8169 728
7746 507
2714 708
5938 1340
3120 1520
6610 27
9232 1827
1223 1725
8383 841
7287 1512
106 1982
5437 841
7998 325
178 934
4922 857
3495 584
3553 950
5718 1505
4105 6
6023 26
5893 1411
11020 1037
3386 1280
5640 223
6392 589
3589 279
6678 434
9857 1187
9631 149
3812 450
3336 698
7622 973
551 1303
6907 905
2867 668
9580 1853
9107 696
3966 1878
5358 191
1932 701
8184 330
7867 416
5943 411
4708 1374
8980 1714
4253 319
2871 967
1047 391
9284 150
10241 369
9751 293
4905 543
11055 973
10650 1553
8764 1004
7932 798
9244 179
1945 1493
1792 514
2138 1226
6084 1918
3855 923
5425 1637
9901 91
10184 356
2141 1344
914 471
7123 1022
1633 397
10163 1824
2904 230
4009 1416
6061 1776
10854 1867
6521 1361
9183 841
2818 1164
4768 442
10237 1721
314 617
6813 1341
2007 95
3499 1838
3707 1545
6169 1623
4763 269
7604 374
6759 1746
9683 334
4532 674
8063 1615
5233 1593
3724 1378
7697 812
2829 1254
8656 805
5396 72
7329 610
8395 1087
9376 1636
8417 880
5905 1194
6021 991
7208 266
639 1527
7606 802
677 963
7151 1161
4117 1041
2909 771
9065 305
238 761
3767 1
3918 1701
4249 1892
136 1100
5026 887
4378 1741
1605 1666
10484 700
4709 1623
255 952
10398 117
4564 483
3225 155
2178 1819
7909 958
10608 873
2423 1139
10149 1957
8990 1006
529 25
6785 1908
172 818
3722 1024
5961 1093
7340 400
6284 1590
3633 810
2867 1769
864 239
6013 1268
8019 362
4255 815
3699 50
367 1738
4290 182
8281 758
4616 1755
4546 1091
9263 700
10254 1753
6877 1139
5051 983
10088 1830
1931 1551
350 1360
3658 185
4337 664
5677 1534
1948 777
3188 193
2349 207
3698 963
2335 757
6437 41
572 371
439 1283
3914 700
8893 1151
2334 1002
6743 611
6833 134
5034 408
10438 1061
662 280
4421 1933
3196 1222
817 908
4974 1564
6841 762
5224 1884
335 1736
3370 551
1297 442
7410 1913
3932 156
5291 1005
6836 1652
10039 586
4058 784
998 544
9975 671
6479 560
5334 1151
2657 783
5575 171
497 1680
6460 563
6779 1700
4954 1259
1056 879
1770 155
1743 1095
10426 608
6480 140
3275 1078
3542 1133
9069 1624
7860 677
7407 1815
3475 1095
9522 895
1462 233
3550 1589
3518 196
940 598
1146 1407
3451 1900
5387 1509
8214 171
4497 258
2219 242
8614 135
5064 1015
1962 847
6948 836
8630 1280
10626 405
7302 113
5075 647
3032 725
9915 1402
7314 673
364 1350
8924 1168
4123 61
1720 922
1762 578
1191 1880
3981 561
4493 1120
11026 1143
2321 1391
3498 674
4279 694
142 548
7997 1299
1561 188
7933 1601
4613 1454
9759 264
4743 527
7055 901
10766 1439
2477 50
3866 1512
9254 1329
1932 1726
6222 1763
6705 230
2233 142
6722 1159
5334 212
1869 1947
2645 932
2275 222
10835 1256
7853 362
7909 732
3083 1215
8106 1521
3768 679
10256 1088
2715 1602
4128 1020
8299 1104
8726 1370
7777 1383
8372 9
5899 278
293 162
9539 661
9150 1919
3250 1861
890 739
3139 318
5692 534
6648 1361
10711 788
997 818
6658 56
9641 894
10239 1112
4490 155
3210 1523
732 234
10761 562
6340 1838
6824 301
3863 901
5354 31
10995 1169
1108 549
5828 1427
3808 603
2206 1434
7431 1031
3701 1695
3283 855
6860 1405
1943 910
9295 443
10132 216
2722 864
38 1688
4822 831
6441 1474
1516 271
3271 1332
8355 264
4244 492
9529 1569
5603 433
7820 1167
6703 1868
9513 158
1324 1549
1051 60
7054 1949
5658 1831
1566 717
1850 1562
978 766
1389 1102
5756 942
2236 767
3142 191
1372 367
4616 1976
9235 1467
5539 1227
5242 407
1981 150
3013 753
9971 1419
7574 923
6765 1243
4810 1544
6469 339
1458 222
7257 699
9668 1395
4145 1210
6300 1969
2805 718
7254 1308
6341 760
4650 1209
10491 655
1451 750
4589 1020
9712 1300
5053 1442
4940 1738
7443 419
143 182
10346 1206
1452 138
9035 868
8053 1609
3621 1926
5094 1918
4391 88
5034 663
5785 330
5345 786
10008 941
9002 1190
3273 763
5130 1649
9936 26
3850 1578
2249 1362
5531 481
9156 1230
7759 1502
4991 1216
6976 1078
5829 604
10852 866
3851 697
6295 1136
51 1154
956 840
667 920
706 318
9549 1933
5272 1061
7253 1335
7441 478
5884 176
3475 917
8719 1434
9975 1070
5118 1498
2610 1965
4920 1569
7139 1606
4473 1412
8712 528
2426 925
304 1282
434 1742
3840 281
703 582
6858 1691
388 1323
2492 145
1264 1734
1938 1725
8408 1739
330 1155
2867 58
3563 1538
6921 1255
10579 1551
8633 74
4166 664
9311 1792
8639 1914
6481 1819
6125 247
5113 1121
6955 1497
6143 556
5318 1417
8925 1075
83 631
7747 1501
4567 801
3563 4
2673 1271
1535 917
3310 1071
8633 1228
2312 720
9756 1087
9006 751
9762 1760
6949 1355
8996 590
1818 1029
522 1022
5098 629
1970 1585
9508 1779
176 1725
10803 58
1270 1320
2479 1669
2591 956
8675 1419
821 666
640 1379
3008 1244
10366 102
10813 836
8991 982
9616 1886
5302 1418
5830 1238
10182 1423
1922 1334
2820 297
1572 1415
9083 1153
6648 1674
5059 822
7853 1132
1183 1829
7330 1327
10963 142
6643 573
1982 1231
7119 1769
8427 1313
1330 1672
219 1186
3527 477
10282 1429
49 619
16 735
2465 1870
9135 732
10506 1347
276 344
10994 571
10902 1922
8960 1341
2017 271
7980 543
9317 1637
7529 1395
9511 67
9748 586
5539 936
10493 614
8481 1162
4271 810
2320 8
2542 1455
455 1648
2477 296
8443 1948
517 991
1048 1100
3995 840
9561 1759
5610 1183
3009 575
3428 888
2944 306
8813 1377
5227 728
4381 1517
7619 516
6621 876
7753 70
2406 616
20 1723
4030 634
3511 289
9711 1104
8920 87
3994 105
4047 1771
10209 393
1472 1056
8394 1177
7084 1234
5556 834
304 1175
5868 1306
7087 1393
9497 432
10931 794
2258 1656
5029 894
5041 556
2421 21
4335 1478
5444 1260
1884 872
8918 1756
5618 548
778 1037
9938 1349
7881 1928
10231 738
9408 8
559 1406
8513 1719
5204 759
4725 1538
3708 1176
5805 34
3587 1952
1853 152
2858 903
7881 1007
2402 1298
6810 13
9235 1459
10540 1756
2428 1424
5379 766
5424 1013
1691 135
6286 883
2726 375
7343 1750
8371 610
2581 1434
1240 1078
6225 1821
10657 1414
5367 1540
6178 1547
5183 338
7522 1658
3063 1920
9207 106
494 482
6131 646
4453 1276
2239 1052
7142 844
7824 1274
8930 1100
3591 247
3630 776
4348 1638
5379 1653
3009 611
9545 1906
6055 676
4680 1060
5828 1947
4136 826
2909 939
2948 469
9552 794
3499 784
10271 1579
520 1416
498 350
8639 1650
6583 1368
8240 1305
4094 1646
1530 929
10297 863
5354 938
4134 806
2990 1842
1131 718
10545 1248
10256 1323
8910 1686
6442 1114
6265 148
6679 1630
1431 164
9381 1313
3162 439
7831 680
4387 1888
10271 331
7868 950
4208 1659
4373 1134
8911 706
8787 717
4078 1912
1658 476
7362 1480
3645 1296
7167 884
5396 1750
1687 232
7016 1265
3806 228
7149 1099
3575 1197
10308 768
8800 73
4334 51
7506 1664
5216 234
3232 373
3648 811
8679 1334
8861 207
1135 1395
722 1695
2146 881
8612 1309
5564 1347
9706 623
6857 641
3159 1338
787 1088
9368 722
8701 407
2675 1435
1718 1007
4647 171
4627 354
233 447
10055 1014
9977 33
4621 1087
1461 1353
8439 655
687 314
1341 840
5393 907
9542 336
4474 1089
10976 1726
7882 1270
6020 696
3204 1780
6417 237
3788 899
5250 1103
1053 555
320 1685
6734 473
8772 1256
2112 1799
8176 31
7503 1971
1153 928
6386 1851
8495 1508
1569 941
3164 821
9970 1691
1308 723
7255 1718
2464 565
8005 1865
9314 562
6892 1003
5983 1817
958 1518
1611 1446
5934 1350
9496 1541
10342 1508
3826 634
280 936
4135 1307
1798 709
6259 1585
3486 1350
10289 824
8131 369
5192 601
162 594
1744 1534
7780 1655
8544 1397
1005 1104
5990 383
10549 1318
7942 18
6047 1029
1708 1611
9809 409
2387 1635
2343 1503
5556 1842
1899 195
3128 743
952 1142
11040 1120
9563 1197
8140 201
10046 599
6891 1155
1011 339
5375 1595
2239 1275
722 1720
10864 1160
503 706
6087 1181
946 136
10032 1287
2502 957
7082 1850
7691 824
4149 899
9676 188
617 469
9826 1135
8294 390
1368 1376
299 1012
8686 160
2082 134
7520 649
1636 1658
1157 697
10051 1380
1283 247
10019 211
122 433
240 307
7882 745
10933 1630
4032 1111
4288 1085
7494 366
5314 853
3005 952
2916 243
6814 370
2738 1505
1667 1097
983 974
4184 1618
7176 949
10900 1248
5919 736
6305 1285
7735 309
2698 404
3681 1821
314 596
6611 697
6748 698
10908 210
10214 786
5720 1557
199 429
2528 352
2201 166
673 1122
9954 138
7359 1296
4591 263
7124 959
10208 859
10723 1783
7378 153
8455 720
2652 501
448 527
5598 863
1801 1940
8208 1293
2245 1566
5793 946
8398 1048
1815 456
1591 1873
10376 136
7371 1362
841 867
6097 1915
9751 1132
9587 388
7228 7
1024 475
10126 1586
8611 1071
6629 860
8781 1485
10872 108
9942 331
5573 123
5905 1145
6514 411
2468 569
6018 1341
4295 968
7546 1681
3218 1430
7716 1371
9156 113
4704 989
5485 1616
772 1792
8461 731
9448 783
1492 840
8969 1561
5864 550
5975 629
925 1886
4937 735
7715 1441
8451 977
9390 888
4251 330
8853 1265
761 115
10064 565
8842 326
9110 706
3181 176
4819 1742
2411 1761
7707 1308
6760 1353
6556 1943
752 1015
8321 1647
5607 211
9432 57
9866 1090
6876 577
6244 1035
446 1144
7882 181
7292 605
59 1481
4644 503
680 1222
7238 1445
4633 199
6175 632
10345 1692
7274 1665
1387 606
1271 1505
8322 1432
9364 434
3900 1874
4511 1895
138 636
197 1392
5826 1963
624 1814
9748 967
9459 755
3344 772
1946 110
8190 1814
6779 367
4494 437
8833 135
6094 658
135 1016
6592 1785
11014 644
10155 1498
4859 1830
621 906
9011 1709
5068 1557
9353 800
2327 749
1983 823
5856 1948
8007 1372
97 1983
7516 1057
2506 587
6214 1294
1986 1938
3183 1458
1266 123
6170 1457
6167 605
7351 476
9005 1101
1284 1933
10251 1811
8043 1516
4441 211
865 1128
1402 1595
10191 1719
9362 1577
10596 24
7860 552
1722 1725
3762 1346
10528 1580
7103 404
13 665
1513 1212
1122 1308
10174 705
6129 1212
8537 1204
8240 1827
9555 1612
1668 841
8783 539
7136 1701
5738 1837
98 1106
6357 597
2420 307
8364 674
7965 1136
9460 1055
1581 831
4205 166
7822 201
2869 1118
8157 477
10326 435
5474 1392
6430 1868
129 671
6838 104
7547 532
1259 790
8299 1492
10566 822
1574 1028
7488 1314
7893 1194
1613 977
9364 1046
7593 647
559 822
8532 1458
6012 664
10217 1545
4313 2
9076 619
6071 1209
3390 1386
1600 1815
609 288
1400 1743
4841 220
890 889
9838 1962
10456 626
1704 1008
7310 1420
5922 1156
3865 1194
9844 53
1872 1553
6052 733
4084 657
9462 1390
8370 1716
6147 1518
10589 1984
2372 1499
6689 174
10712 1978
6933 74
9444 1963
5411 615
2001 1002
4738 1825
7082 388
6309 10
183 1801
4889 1637
7375 327
807 1414
8353 1037
3805 736
3597 1459
6547 1077
4288 1899
9150 1793
4080 1813
4843 505
3017 511
8395 685
6366 115
10461 770
1461 245
5017 1228
8988 240
4968 1905
6614 361
6324 239
3224 909
2395 1437
10082 646
646 523
3297 1376
4322 1979
1501 224
9486 158
3735 304
5305 73
5746 460
7366 768
7120 719
2462 1983
8726 47
3467 1029
9686 190
8679 862
1125 145
2017 1213
7397 7
1534 739
9034 1704
6538 1908
8956 570
4563 894
6239 1906
7647 874
7069 1880
8293 221
8348 680
7797 938
485 174
4801 1720
1022 1366
7456 153
6216 571
6264 1213
942 590
4030 933
449 61
9866 31
3716 108
7521 460
6158 398
3248 939
6303 895
4228 1062
34 1264
3560 1199
9427 339
4385 865
3730 501
4315 655
5200 1488
911 1443
3545 438
519 26
6527 546
3122 704
4785 1417
1512 1284
1166 345
5333 786
981 420
6487 1233
386 83
7467 199
6994 1730
3823 1073
1221 1089
424 980
2410 1904
283 219
9305 789
5523 86
4359 1672
5587 1167
9737 1697
6268 770
10535 1089
3852 562
178 1654
3720 249
2366 762
2489 279
10418 1081
282 341
4339 225
9764 734
4024 424
10451 342
9782 412
6299 278
3157 698
7306 1949
5386 1285
7428 1678
9474 1180
7400 1401
990 582
6800 1833
7307 1200
4150 1596
9063 630
7657 1470
465 1054
6865 1502
6086 393
6161 80
2312 75
2781 1571
7473 545
5833 1893
4164 1771
4288 1343
6028 1729
2574 134
6328 215
8509 1139
7500 1925
5224 1120
6164 340
319 1890
2262 923
5822 1819
4552 1596
3625 139
9464 918
203 288
897 604
7821 1021
10591 300
7367 291
8620 903
5141 604
3885 467
2047 146
3883 1936
657 1103
9965 1843
6976 1556
4156 104
4179 421
5448 1008
41 1681
2601 854
3787 668
1052 1860
5763 1236
772 110
1594 1907
4698 88
8566 1769
4829 585
1550 7
104 539
10280 99
2147 1401
2662 501
3242 1933
5663 1741
8721 754
5219 1786
9036 1576
3849 1686
10131 1666
9708 292
8444 185
2665 59
7741 1985
2622 1737
10127 1876
5130 1023
8368 1389
3657 728
2681 1368
4460 1875
4982 559
7314 202
2466 111
7512 137
7327 1488
3858 219
3985 681
4193 782
7038 948
6953 1762
4800 1317
2840 1723
7466 964
5806 734
4607 493
6572 1285
6388 553
161 1951
6822 636
10956 829
1673 490
6953 471
5803 41
1275 1544
5959 1245
1869 1786
5198 1804
3045 372
2725 1054
1395 1428
2713 1017
10045 1939
3168 1050
1505 437
6836 896
8185 832
1483 1599
3192 1098
8091 238
2709 727
4257 727
1936 817
2292 1841
5176 881
5830 1626
9536 25
3172 1201
1660 1614
5014 413
197 1262
10784 157
4475 1967
10340 1820
3603 449
7298 1784
6859 1462
9257 1243
3891 1120
10600 1452
8464 1984
2446 691
1234 967
4178 1824
1181 1840
7068 1004
1687 375
7484 194
4069 866
8294 1164
2212 1123
2533 1748
10226 701
3506 1700
186 1264
4719 195
457 1200
9592 264
5425 1035
6177 1211
6043 952
574 252
5895 1947
9714 334
10592 902
3429 670
10468 1030
6637 1698
122 147
77 1030
8858 103
4083 1137
1686 797
6370 405
2522 268
387 201
2420 48
8129 584
6803 1496
977 432
6588 1256
2833 1405
10099 350
1101 1745
4994 293
7727 1177
10064 1732
8668 1914
9941 840
3657 209
182 969
2819 1153
8219 1001
4601 483
2682 1767
10030 869
5508 1882
8448 1488
1091 531
3681 539
273 1411
201 146
10788 1587
240 1679
1101 185
7596 1785
10349 1747
10852 4
8794 501
5198 1444
9229 820
2343 566
137 1530
9741 65
8178 1319
787 1231
3770 582
2234 937
1427 352
5400 116
5735 449
794 1314
6673 500
754 168
768 1972
1180 1022
2186 1957
940 962
3519 712
3339 281
8818 1741
3615 550
10971 625
3134 1615
9850 973
9587 417
9546 53
4959 1957
1524 1363
6761 1616
1026 1670
1612 773
7492 820
8563 1041
7618 1714
4920 350
5217 1107
3906 1708
6512 169
10845 1269
3927 1712
1319 337
9098 177
7201 951
85 1798
240 1867
4957 1593
2257 296
897 277
9741 314
2949 1636
4551 1496
6778 1983
6299 500
7182 1599
8117 1006
61 1109
3720 153
1581 794
2206 527
2843 1531
8455 1944
7332 1536
6035 221
6273 1492
1483 809
2363 1336
1534 6
4659 1258
7035 202
8271 1125
8227 971
9129 964
9810 663
4028 1660
3293 1955
3928 571
8104 1416
3134 1071
2565 1202
10026 942
4760 114
7446 1453
1500 1139
6611 73
5441 1639
3209 1690
9902 348
3714 1370
3385 215
1334 1320
9649 576
3008 197
9246 376
8019 1547
98 1942
3685 347
207 316
7690 423
8254 251
4213 1831
2674 203
9004 1056
7969 334
4102 1703
4920 1660
10955 86
6328 703
4037 1968
3311 1433
5089 119
3818 180
4357 1710
2650 1054
4275 1430
10636 1670
3567 287
1732 1743
7617 737
6901 1169
3764 630
2714 428
5903 1033
8911 719
5861 769
6521 770
9595 1669
3940 1631
3580 1352
7872 504
7993 488
5892 1809
6908 1391
8691 724
3346 1041
6443 143
1287 1068
10267 422
2815 70
6953 31
1799 1698
4164 1058
4232 935
333 1118
6994 839
3677 350
8144 349
9900 92
9285 447
10173 1071
697 1062
4511 533
381 253
10978 1109
6649 1822
9891 1056
105 199
5069 529
3430 375
10253 447
4484 1025
582 1813
4052 1557
2702 936
220 1979
6110 287
3146 1664
5763 686
9875 667
729 496
452 1762
1135 287
4755 1929
10919 922
10354 253
4471 459
2118 60
2370 1675
5902 470
5095 849
7125 1852
9747 1370
2904 1509
1973 961
10119 1099
187 1090
10900 1104
5686 1196
1474 904
2694 532
6677 1602
5576 43
10666 352
3182 223
1967 1172
1619 1333
8887 1172
2982 889
2625 1028
2717 1755
9537 1610
10153 1954
9157 1837
1227 336
4062 1352
8282 166
5803 274
10964 1096
2604 1604
10887 259
1612 1572
6929 1936
9557 337
4808 1902
5174 431
4270 1504
10612 556
2150 691
10431 767
6196 247
9316 1821
3351 1161
10705 1834
4312 1576
9590 820
2423 1141
2934 1346
10484 1242
8907 1011
1624 1046
2155 707
10064 662
9468 542
2772 399
6774 1435
3195 1518
7262 1139
8816 1407
785 1702
10052 1459
3695 1242
1636 767
4245 948
10145 1840
355 178
6278 447
5842 643
10229 1703
7351 1474
10168 729
1925 215
4520 795
5766 1392
5261 1309
315 43
5304 1739
5108 434
1441 1535
2823 612
10521 391
3727 1055
10088 772
7432 791
2885 1170
398 1552
2203 868
9239 1205
8332 1706
5510 1968
7871 805
9999 779
7942 1462
7203 209
8481 1408
6389 360
3746 1535
1804 190
8281 1232
7733 1489
3539 1599
93 1240
1990 1523
9511 343
10139 957
1650 1538
1734 1356
9876 1655
2 1687
7225 1672
9111 857
1584 984
10403 997
2530 1360
8567 1565
7768 869
4584 590
1752 1282
4201 1943
5043 1294
1959 255
5520 48
6536 1970
241 199
5104 1520
8372 1234
3829 1881
6783 1076
4593 1493
9155 1671
31 1042
7938 821
5151 739
5392 716
3684 911
8164 554
5923 340
1223 700
1635 196
2895 1666
9373 96
8315 1548
6031 1042
6563 3
1171 801
7929 494
5530 1447
8860 36
1719 1692
5507 1838
10675 1710
9707 1355
7490 992
9922 26
575 71
7915 172
7747 1548
9015 582
10070 397
8246 1879
1276 702
865 457
8004 131
10114 962
8984 1146
1294 270
3646 1199
305 752
524 1030
3836 796
8921 198
3096 1530
3158 1103
6907 554
1490 1539
7063 1665
2557 31
6987 498
2875 926
18 1855
6633 795
8549 855
7150 737
1907 545
9415 1290
3721 98
1722 1696
10047 1406
6109 968
4375 983
440 1621
9516 1057
10657 632
5367 825
10354 1243
10933 757
3635 1374
3940 1759
5823 1218
4324 337
9993 1643
3099 268
105 1247
6341 216
1910 1396
7680 671
8855 310
10016 1530
6434 1398
3148 933
9072 11
8647 1448
5470 1662
2441 1430
6597 89
7394 503
9442 1002
197 1932
5742 1022
873 142
5983 1680
6910 690
8389 1776
3182 1366
32 1257
1117 596
1620 1655
2993 1534
4731 469
2023 582
9255 1287
521 208
10631 1289
9423 1034
850 1738
3167 1164
8554 149
8749 402
4648 780
5140 1608
9581 1155
5595 861
4314 1194
2767 391
341 1603
6192 207
4771 1327
4843 385
3538 1475
6475 1739
2663 664
4 64
8254 128
1634 443
6739 560
9275 1094
7141 77
5073 75
2954 1130
5504 1147
455 956
1451 1575
8075 1230
8115 760
6596 564
5357 1539
9375 565
499 1356
10459 1001
2903 1728
2650 1901
9599 433
4700 1018
5883 1828
7713 514
8949 1750
9327 1404
718 1274
3996 552
9776 1830
4056 573
3067 194
10371 1750
1675 1387
8070 199
589 484
6403 157
9736 1009
111 47
7168 1056
8894 916
10647 925
6848 888
1565 141
1322 373
7405 901
7788 568
1311 720
7931 94
766 1255
318 1139
147 173
674 1139
2464 17
10278 1215
2547 1905
10525 461
6691 1146
2188 1354
5442 284
28 316
10682 23
6962 1630
7743 457
7832 936
4619 1838
6314 320
10495 1554
3156 1258
2476 393
5620 652
1822 1857
7825 1771
4450 705
1861 1797
8272 1113
3590 1521
5720 36
7306 904
1957 0
5796 1205
10061 1814
8915 1223
3915 699
1441 430
1313 883
7957 482
9265 1644
9741 1047
858 1644
8479 251
451 332
6253 693
1792 1566
2488 527
1016 1218
1457 345
1828 635
9611 1402
11042 914
7910 1082
2203 1009
2440 1868
1089 300
5347 1966
1632 825
291 1736
9851 887
4103 27
5897 1045
3985 684
6229 1295
6514 309
8693 515
6822 426
2091 1809
3180 214
6925 1069
5162 42
2452 110
8091 1784
2885 848
7777 1365
4754 1040
7365 264
4365 651
9138 594
1072 1666
3396 1598
3509 472
6955 877
8120 1290
4548 1311
6827 152
6604 199
10866 662
905 1262
9927 129
2627 1243
1564 325
6394 1673
4202 354
1572 1498
8154 71
8718 1263
3583 300
2700 1394
10001 1511
8611 1435
3696 1097
5241 616
7258 832
2568 1688
7405 833
8347 1510
10743 540
5273 93
1982 1896
6082 1686
10129 490
8997 857
3070 1562
4967 649
3957 1931
4399 1151
9765 1568
7531 590
10025 1758
98 1901
224 940
1958 358
4458 1779
9919 822
3474 1836
10379 473
6665 1223
4890 475
7394 636
303 321
3637 1290
4486 1556
3880 0
5389 1438
10331 1882
6131 273
4147 195
823 972
4243 1435
7625 1743
4428 486
10993 182
2131 1844
9120 1732
9889 1631
4534 1131
4857 597
2820 1293
8513 569
10192 536
4047 914
2372 1661
1966 116
8588 1606
2735 1150
8394 274
11039 1916
968 1184
6434 1209
4724 1805
4927 1486
8708 1841
8970 1139
5417 1519
2518 1277
8539 1247
4054 832
5128 528
9037 1008
4118 1533
9585 862
4852 1312
6761 1038
3457 1894
1417 1438
9758 385
7142 893
802 254
741 510
10726 939
7132 902
4420 15
5401 1909
1851 1793
7747 1968
6206 1054
6380 787
860 1345
7613 496
5360 757
6810 1948
1115 670
9256 330
9548 1152
2823 556
8388 774
804 1976
826 267
8256 1713
2289 973
1156 878
9282 500
1949 1423
4188 364
7703 1716
1563 222
4467 1441
1354 425
3791 56
5717 1408
10221 1415
1354 784
3949 855
6664 1489
8093 1075
9041 72
4012 1367
4702 1226
10241 1556
2324 1870
523 1944
5591 1776
1820 1880
2931 1919
5184 1104
423 902
522 1521
5888 1256
4841 632
6889 1210
4676 1104
5250 625
7908 883
2043 645
6495 256
7541 1947
1484 1181
6603 978
2023 542
966 993
4720 322
2951 1533
679 577
7737 29
1782 1199
5510 965
2886 1200
7834 726
4648 634
8640 176
3425 1836
1597 1178
3254 205
915 372
1043 939
3480 970
5371 295
7209 264
10826 553
6376 430
4761 1241
2632 1324
1665 1047
5267 982
7543 1609
6220 273
9048 1950
437 1665
9776 572
3482 1537
1627 907
10096 734
8661 1407
4864 48
1789 718
3114 1352
10845 1213
6762 904
5907 603
8737 1533
7160 604
7035 429
2073 504
2211 1077
1840 1634
5723 1118
9566 547
983 688
5679 846
5800 890
5234 624
2342 228
6666 355
1217 337
2670 1102
10807 1062
5342 163
7957 1160
1172 664
6490 584
4688 1531
4969 1750
5081 1228
2388 1766
9021 1538
6188 841
3057 98
9873 977
1190 1667
10483 290
7088 85
5874 764
3728 618
4035 38
6354 906
4036 1887
9350 173
7789 142
4617 1626
10042 461
8539 1229
10182 1954
3980 240
2246 103
1105 1969
256 465
5398 334
2063 1371
2508 107
8950 1610
1873 984
10812 1257
7479 1226
6616 978
9280 1686
635 1741
4531 1421
8223 355
555 447
1251 591
3909 1841
354 1587
1265 1935
9751 1160
2502 1509
10775 533
9870 926
375 1447
758 192
1044 1025
1927 1630
7584 1169
8982 417
8139 145
269 1383
9223 994
5239 1642
2681 443
2646 285
8796 1917
3908 1530
5988 1417
3131 50
4250 776
1730 1297
10130 65
4551 970
1019 794
75 275
5701 1485
6328 21
9868 389
943 1514
9206 800
493 3
3845 991
6309 631
9700 1956
2561 930
1328 1070
194 1594
5616 1881
432 488
7797 213
9438 852
3010 1586
3690 567
10025 1361
8788 391
5687 499
2769 1016
966 230
9914 1042
1184 867
1831 1457
5513 1698
8287 1893
1 1351
9911 254
3797 1539
4616 1787
10569 671
5388 554
8962 1063
1679 1950
9657 390
10668 553
9724 21
2422 804
467 872
150 789
197 1570
4756 1796
3543 1326
4803 616
9731 460
5769 514
3457 1971
7449 1762
7788 156
7207 1715
1147 1356
9211 1090
8335 1283
4515 1711
1971 748
1013 356
4618 1114
86 1675
474 1711
5457 1209
5149 141
1330 211
7327 1801
10193 1293
10275 1815
9349 1936
2189 1329
10246 413
10451 493
4315 377
9350 300
2807 1862
7083 1283
4972 698
4723 1447
3744 953
5451 305
10636 854
2174 1469
9243 1485
326 805
1691 677
8377 1254
9033 1556
35 1610
10206 148
10878 355
8207 343
9211 584
8617 791
6686 1495
8960 41
6164 207
10240 225
7506 326
5341 992
8336 1354
571 1743
2832 121
5539 1874
6301 182
9076 183
3237 778
4549 47
4642 33
9418 1678
2671 859
1511 934
4652 625
8841 845
8237 1730
3107 724
1419 275
9402 1770
8188 919
5266 1977
6654 228
10147 1406
2157 1466
4747 542
10558 182
6817 880
9283 1552
517 1402
2191 1871
3877 55
6669 133
2876 1879
3413 867
285 1148
591 715
7772 1765
2458 338
9716 1548
9233 360
5546 677
2976 124
9453 1659
6454 1648
8514 1485
646 1805
2398 1935
2863 936
8861 1956
8883 3
9411 1046
8421 577
6676 1414
8387 1615
4709 110
455 1392
9225 576
3997 474
4470 1099
4646 1239
10204 505
5379 799
1850 1404
4870 1634
9517 1715
1925 1046
7647 426
1682 1601
1134 390
9014 725
2910 342
4043 1571
646 641
6032 1382
1346 1036
10001 1436
7303 54
1881 1742
9291 118
6191 740
8650 1202
3729 931
8238 1014
1779 1942
6064 1414
1810 817
6 318
1733 917
2559 561
3330 1535
7280 108
4714 410
6228 1007
432 104
9457 509
8732 775
4954 741
4139 1095
3351 346
5754 1766
8325 1529
9447 606
2544 1864
4125 1470
10895 1299
2620 1146
9223 705
259 1320
7873 1539
1670 820
8999 819
266 315
1416 938
6309 1516
6659 706
6747 1272
722 45
1129 326
6639 630
8102 332
3755 122
3897 1944
3738 1033
5454 1403
7605 108
10146 1408
3307 67
8494 1940
6554 1683
4584 713
8261 189
7133 1683
2474 523
3617 1730
6954 1981
8305 1589
9018 535
8162 1226
8892 70
3924 905
4666 1405
9708 1902
8859 29
3983 320
1656 1160
7866 712
10778 642
4968 282
5154 1835
2922 150
9013 1132
6120 1414
4378 1360
8022 1776
9366 550
8573 100
4662 1466
8578 1868
9161 284
9535 82
5066 811
4357 96
3903 723
6299 1332
5867 1149
7769 381
7075 1029
10920 1968
6247 1695
10224 1942
1528 26
8357 1286
7261 1569
6998 406
10056 192
10864 923
7898 373
6630 951
81 851
3868 192
6423 879
9503 1789
6672 423
7715 480
2143 1913
815 1595
2423 1788
10037 826
5771 294
7462 1119
4874 880
2092 1572
6797 1844
8634 1923
10307 238
8638 1187
3108 735
10703 1287
1242 832
151 166
7244 678
2522 139
6767 970
6657 84
9684 473
3652 1182
9282 280
7450 796
2702 555
5737 194
2792 858
6793 732
7973 1704
6803 288
6141 1568
10507 1295
9906 905
6308 1477
9491 1420
78 454
843 1243
2978 288
5145 78
3436 1361
2083 1051
7035 1423
9416 495
3153 235
5421 82
6543 733
3342 1727
3101 1188
1948 1821
6218 1102
4491 816
9137 382
10869 36
3211 1635
7723 1745
8139 1099
5886 213
2583 870
8629 1683
10940 1137
7096 1386
9028 125
6964 187
5131 176
3260 1933
9610 1
8000 1580
7431 329
9310 1513
6446 8
9120 1566
3391 1847
9118 164
5565 284
10200 776
6708 937
7642 487
5795 1459
10049 1566
7953 1600
5668 1022
3969 1675
2446 1948
8482 791
4428 1679
4309 1648
1654 577
303 507
12 332
306 1936
1988 1861
8180 144
7238 1471
1279 317
4604 1331
10083 887
6535 1138
1154 1213
3240 1923
1035 305
10438 1782
2568 410
9792 589
7748 1956
6349 420
4907 684
5246 858
7889 291
10765 763
2582 746
3313 686
8211 448
7929 1628
5460 192
3467 297
3528 1415
1185 370
10073 611
3323 1210
9402 1171
5312 411
7779 854
6184 424
6769 1951
6519 30
8409 376
9252 1612
6184 739
6389 1126
63 716
5825 1604
9624 1728
708 243
3910 1133
6308 836
6748 113
1325 1563
10649 341
3526 1014
1854 1753
9625 1217
8241 1333
2345 910
3948 1251
3161 529
4408 450
3408 230
9496 1861
5397 1501
8492 1389
9422 1619
10916 773
3932 1437
6017 552
5612 874
9641 1325
7971 593
5287 314
5726 1118
37 1509
5028 25
7002 566
9983 275
1308 1471
4459 553
5822 323
3136 1523
6598 1201
6089 857
938 441
9517 1020
9958 1330
5215 1656
5420 1492
9973 588
10791 1068
1767 77
10499 780
5518 657
2687 245
4938 1035
3107 1384
10488 1272
9012 1464
5459 1915
3892 482
1051 1250
2929 1471
9716 1233
5704 635
4630 433
5647 1501
10401 1432
8325 1334
3790 1066
5652 1872
7110 1898
9390 1592
10068 380
7768 1660
5239 1027
4316 684
9653 1150
5651 1481
3017 400
5455 985
1578 1546
5862 1431
9655 1138
7219 1008
6067 1974
9797 1137
5308 390
3613 1476
2385 131
1293 926
2685 1840
4542 591
9665 87
212 133
4136 1507
6238 357
1015 635
8327 507
3839 498
5111 1103
3183 651
1825 800
10464 984
10381 1099
9451 597
5821 1408
173 1324
9572 1266
7582 189
9872 200
4025 1226
1639 69
2524 147
5617 394
4456 102
3425 460
7475 1104
7541 1664
5028 1486
2492 60
8834 643
2158 317
5199 706
5364 330
10525 1382
10576 1511
10647 1473
9618 978
5484 1318
9772 1795
4350 818
5008 442
8543 171
7503 592
10586 1964
9467 1462
17 897
1225 856
8671 498
1421 894
2045 1388
7133 941
3489 1462
5724 493
9901 202
8469 1474
2311 815
4724 947
6426 1424
10725 437
9184 781
9022 1
3575 1777
10039 1292
6204 497
9495 1633
10148 1685
2942 369
10986 689
1360 523
2856 581
7603 194
3082 525
9923 1410
2208 273
2269 1102
10110 549
2829 1822
7941 1491
191 916
9593 779
1421 1749
7335 553
8144 705
1157 1908
11004 527
4827 1053
9168 738
3804 662
9326 1794
5754 1842
7125 538
6065 1183
5455 1681
100 21
6152 44
3815 1702
4100 1965
9729 28
8517 1900
2445 1200
6731 1484
3320 994
3101 955
8398 232
4553 602
5852 1105
4213 1688
5515 1884
2199 822
10662 108
3601 1007
10490 921
4516 551
70 936
7644 1951
4171 883
6693 1919
6930 554
6958 1704
2952 1501
10949 839
1314 768
1317 1573
10988 144
1070 1014
4500 303
10219 212
2297 1337
2963 1272
4307 905
7282 1863
11007 577
10832 1884
2342 660
4116 894
799 60
2282 1070
2643 336
3565 1212
8836 688
2929 1576
1174 1922
7018 52
1282 172
743 476
5190 327
5284 687
1219 180
9036 1950
7975 1026
6404 440
10157 1711
9047 388
7417 91
2368 667
1595 575
10471 368
8146 104
4705 967
594 885
3481 994
5724 1363
7908 1476
1194 864
5748 243
10525 1153
1699 1292
123 1613
9928 1395
2780 99
7770 25
6735 1114
6521 742
328 1687
10913 451
10396 264
6751 1223
9959 1981
7280 1359
9673 105
6833 379
5882 322
7164 1455
9619 1162
7568 266
8856 208
4207 1397
3850 1910
9754 1613
6485 381
8500 1982
1725 1333
9206 85
9850 1923
2682 1464
9221 627
10177 543
1212 1569
3701 1942
8164 1041
7276 1650
906 48
6642 1954
187 859
8325 439
1534 604
10432 134
6461 1440
687 9
7795 1701
1805 968
8404 465
4854 1436
3062 764
2743 818
1093 1216
5967 792
8880 1019
4842 1881
6871 1104
3705 169
1945 1592
3653 1430
5050 1187
6888 973
6404 623
10092 67
27 915
4727 1305
7129 1499
1172 1146
517 1935
2390 1409
7219 1325
7210 1392
8208 105
9845 305
3522 1369
6460 508
6843 466
31 504
7253 1748
6137 981
3309 1565
3374 1905
8494 204
3861 1053
718 1741
8608 1788
3759 1930
8432 732
3855 570
777 1877
1036 721
10301 1963
3358 439
10311 1622
1486 1959
302 1981
10238 1288
8098 1546
1620 38
1547 1676
1512 444
6994 744
4888 604
119 177
10479 1512
6430 474
116 1213
5206 496
2709 1556
4221 920
1336 904
9280 384
6028 232
7162 57
2886 965
4436 1206
8250 123
3468 1591
6974 856
3583 1030
5211 1234
4924 1161
5357 1209
9661 764
6239 1567
6226 489
7353 990
3691 1476
3965 1803
1312 777
6349 747
7354 842
8450 158
7029 224
4524 20
3460 1643
3481 299
9814 1578
691 844
7139 510
10594 487
9030 956
9659 1429
5559 1639
335 1739
5019 619
5861 1892
3298 1816
7058 208
6389 21
4147 180
4271 1391
4135 546
3721 887
539 1031
10810 1475
6481 594
8830 500
8400 223
1068 266
7189 33
2653 996
5305 734
3904 423
2248 207
3988 913
11004 220
7462 1669
492 119
5116 1761
9718 1469
8236 468
11018 478
3664 806
3519 122
6099 1745
9345 1919
2542 869
9187 341
6258 1930
8790 373
4932 380
8346 796
10163 1916
806 422
1124 1438
9475 647
6442 1280
2614 989
5291 1107
5404 678
691 1559
6556 5
4205 721
9507 1577
4372 1700
1915 1202
5517 401
1758 1352
7678 1601
8223 1154
4071 663
4220 813
8552 1776
9872 281
5189 1165
2947 1227
5641 185
5358 86
9825 569
10367 124
666 98
7048 490
4291 1497
6022 1116
2883 226
9713 301
6413 711
7149 22
5218 1836
9964 1753
8975 273
5299 1882
5492 118
5512 288
2545 956
3360 384
5547 1488
9659 1278
2052 1738
4196 91
6229 1294
7600 107
2858 403
10374 83
4065 379
8551 1134
2396 1234
115 551
3835 1901
841 17
10759 970
1582 584
3396 334
2000 926
2677 1707
10242 49
3389 1389
9327 1106
1423 82
5392 1598
10477 1320
4937 396
6634 1419
8033 1875
1605 1137
1762 1931
404 222
8112 718
9124 1067
1489 1047
822 528
6396 558
9730 105
5335 1132
1735 1612
5202 1972
5474 1654
3131 796
1706 713
4825 351
6482 1411
1278 1026
4791 841
2458 565
1799 1191
9787 1549
5282 832
6628 970
4780 45
3490 1279
6081 1424
481 1369
10004 1386
2031 888
2234 521
9892 1179
2610 375
9399 521
5419 514
8169 1672
1248 231
907 1623
4153 1807
3001 419
8825 868
4060 1927
7943 450
3821 733
9173 554
5655 1494
3385 1784
9663 1399
3000 680
7246 1927
7749 438
4762 1398
1687 720
8871 741
10731 186
8663 801
5894 272
2613 1747
2636 1145
5077 1780
6724 215
603 1730
3405 10
594 812
6531 42
4423 1078
9259 1344
3489 1846
5737 261
6042 1633
7385 186
3794 816
10128 1947
10486 1679
33 529
5376 54
4156 469
1134 990
2377 174
1478 1981
9423 182
3351 1039
8850 1511
5582 934
1886 1447
3915 357
1681 586
1968 1926
10475 678
305 1945
783 1117
4812 1802
9713 451
4089 932
3051 826
8364 302
4825 864
1338 1178
8917 1731
181 333
8319 949
8044 204
2196 1693
3835 1403
4284 218
4709 71
7369 988
3276 146
7690 1317
1198 1511
10011 52
6455 1876
4106 1884
815 155
2216 1337
8575 503
7379 433
6566 766
10354 1359
10671 1268
6714 1371
6978 811
3650 1723
455 899
603 276
371 971
9216 1427
1627 669
5333 88
8914 876
6707 1186
8851 695
45 600
4213 1920
6464 941
1844 1337
8969 998
5746 263
8086 471
6896 1716
10016 1525
2335 817
10168 122
11028 1355
3499 301
5537 573
9416 1665
185 1929
6762 200
10840 1835
7930 341
10163 1210
9832 1954
5181 761
9869 1856
10405 1023
10178 1344
3947 848
3744 769
7777 446
758 1417
8058 1719
36 713
2841 1034
10888 1984
8235 1937
392 1973
3113 269
4181 1162
3925 1939
9841 107
10061 12
5865 18
5527 1138
3532 582
8615 196
7665 1371
7033 116
2864 765
4944 1576
4601 790
5431 954
4925 832
2036 660
6775 545
5325 1725
1277 1896
3910 1639
9010 839
2698 59
5741 286
6716 653
9585 112
8368 1775
1865 1810
4232 942
9361 425
5933 1862
1442 1383
7194 336
7180 69
7201 1308
1829 1517
440 1698
7183 184
6848 1225
6754 139
7771 1651
285 602
970 1073
4130 1379
9712 276
140 754
6893 1963
5288 1663
5924 1008
2534 722
1020 1156
9276 737
9184 726
6590 417
890 586
7281 1916
4547 1812
2397 869
1814 606
9187 515
7657 1497
3729 1675
348 1814
877 1231
7899 196
9026 1543
6317 39
1939 1857
4625 37
9533 951
6866 329
9453 972
1499 1527
3129 955
9631 273
7336 786
6255 1343
9835 1127
4335 264
8472 1167
1296 1163
6591 1596
2676 1963
4638 1741
6120 726
5427 1235
7697 1926
6592 1134
2463 968
8739 1928
7808 253
3023 315
2015 1299
6336 62
10487 419
6344 99
5612 1
5273 972
8397 298
612 1757
10284 1691
2322 744
2069 1172
6160 797
10244 94
291 1909
6147 1001
1698 733
3136 645
10807 457
3251 694
7782 1155
7372 1522
984 786
3489 603
8121 1812
2056 613
4367 975
4849 101
6810 1862
6151 630
10253 41
8090 1268
1659 225
4892 1427
3739 346
5792 1771
7862 44
4377 394
8272 1189
5015 1769
3844 358
10412 1910
2822 473
4085 1022
8617 802
4058 1104
2484 465
1741 1078
3044 484
3184 503
7622 774
2980 1632
2670 1944
4452 1
6258 380
2808 1972
729 342
9238 1839
6750 795
2764 567
4919 1564
6160 822
3305 401
782 1724
7825 751
4770 1471
8280 830
5684 1517
2431 1635
4161 1525
3345 1552
2881 1655
2493 1268
4569 408
854 551
8989 615
707 686
3387 1851
4031 78
2726 808
10822 795
4317 1750
11000 627
9016 1954
8146 383
279 968
5279 1972
5721 1536
3633 1186
2237 392
10176 1358
4463 340
4469 1183
8590 1075
2718 751
10619 1178
7865 1904
7346 527
6105 312
1728 1764
2191 1964
10254 1063
2844 1916
4628 631
2139 651
7871 1367
2627 895
7530 193
4820 645
1233 1117
5413 1719
10093 0
8923 1923
8947 1740
3799 59
10466 43
1544 759
7920 354
6702 699
100 218
9314 1748
4359 708
7753 841
8889 902
3273 1160
3991 417
4858 1319
2957 680
3681 1211
2761 1164
10384 75
1871 144
3728 608
87 1140
2323 646
6737 1857
4700 1123
7986 1525
9027 1917
5600 1490
4837 1371
6153 1164
955 1891
7204 944
7440 651
3932 1307
7384 1590
2179 1726
9348 914
2766 1534
4871 140
1678 1426
4931 920
821 1754
8143 1892
9248 263
4467 451
8695 366
2010 842
2532 1776
3740 666
6527 1483
6017 903
9150 751
8952 616
241 1412
3902 1568
10595 51
5526 830
9385 99
4139 555
5011 775
1027 1076
502 1767
2197 572
6112 1462
909 1209
3576 1780
4199 1292
5201 1411
8476 1165
8531 438
8437 1389
9389 129
5501 79
4282 18
3625 1698
4066 898
5450 1487
2605 947
2847 539
7466 551
9942 777
8786 82
7006 108
9392 226
3387 570
10683 41
2719 68
2036 1354
5706 404
153 1769
10555 1196
1420 1766
10040 450
3897 1215
3050 1218
1654 1859
254 1371
4552 18
5379 1686
3318 954
3292 344
190 442
270 82
6614 1717
9658 102
10606 1422
3690 917
7843 1809
9357 1235
2882 695
9471 142
10559 536
9049 1552
4174 28
9310 1454
5219 674
9819 542
3521 651
895 1959
4570 1475
1004 972
6049 1782
2131 775
6872 733
206 683
9340 276
3579 1820
5882 1942
10243 1398
10517 1321
4428 829
7347 721
4311 1749
2286 1447
913 294
3347 1160
9884 1371
10746 469
201 711
8873 1501
3355 1133
10307 628
8431 869
8686 1787
2544 520
3709 912
4810 1257
4996 723
3543 109
13 414
4630 1633
4447 596
3154 1176
4514 845
1043 700
6794 403
9467 1474
3681 1212
10000 1861
2158 1023
9031 55
7500 1557
589 1241
657 585
4835 1233
441 1866
3050 1630
3845 1866
4811 1786
564 1092
3066 745
10179 1953
1226 1129
9275 1268
2661 1458
6124 884
10373 670
2026 1826
112 1297
283 1485
8173 1327
5449 967
5398 1926
3054 1379
7921 1153
10661 164
2438 1879
1753 23
6152 1034
2042 818
10901 1319
2535 897
1385 1574
9802 1061
9489 1972
5127 909
3904 107
7723 605
6349 222
7873 1779
8629 1730
3368 1765
3731 194
471 1671
369 1665
563 655
831 152
165 1858
1253 1512
10144 376
9218 1861
10090 595
8406 1786
8320 474
8983 208
7932 33
5333 1532
1517 1437
7616 1746
9531 333
6082 53
1920 1356
1024 670
1850 1867
9290 751
3868 666
9495 1573
4543 573
6297 1175
10168 1042
3077 1633
8625 1329
9740 94
5202 1458
1044 709
4479 1641
4333 706
2166 303
5044 1644
5313 293
5357 81
1822 1614
6380 757
4272 1152
6565 1558
2855 576
6860 305
10238 213
2214 459
3255 907
664 220
9816 583
10769 715
7793 1609
2138 1877
1094 1754
5161 823
3586 1698
4341 85
9304 1928
10222 785
9782 1092
3549 1001
5867 1441
211 1232
6838 632
9404 1464
10915 1362
10519 1673
3386 1230
1849 204
8216 1214
3710 852
8954 1161
4772 260
1837 790
9883 1209
10314 425
5229 585
6038 115
10716 1546
3962 1264
4172 1684
9330 518
3267 733
6508 858
9401 453
5751 1859
10152 1551
6458 27
5164 1022
3198 1865
10228 746
4078 160
449 1906
3856 1549
382 67
4553 242
4291 141
1091 1821
768 542
94 1971
5241 527
1257 206
3534 857
5300 94
1182 161
5409 621
8791 1807
2803 1663
6210 899
8609 1408
4064 954
7691 1730
2643 1091
9054 381
6379 1296
1300 865
339 346
6167 1
8153 1207
4667 1946
5881 456
7686 1744
4940 385
5709 1124
3673 477
1939 1588
3563 949
360 1740
518 876
6305 528
4833 1730
4130 1560
1352 1847
4265 1298
7559 602
1879 985
8368 1744
1229 266
10938 1933
1581 468
4941 607
3372 1292
5469 1298
2527 33
7608 1831
4648 910
3988 1108
1969 910
2462 1040
7410 458
9258 1539
6362 341
5321 908
6139 441
9365 518
711 1404
6737 293
4790 1985
7561 1782
769 126
7164 360
9530 457
4141 217
10536 517
4178 1908
10040 1071
1717 1089
3970 1935
997 827
2981 1831
7172 665
1293 462
3543 556
3191 445
10282 728
3585 355
3151 1836
8984 1356
7423 1361
1102 772
5186 526
240 1051
8004 1812
3724 515
8466 1427
10204 310
1668 473
2151 1895
8062 1456
696 1678
5684 960
7794 1817
5860 1736
8465 114
7568 1415
9859 855
268 1932
4811 574
10443 839
1302 1540
3718 680
7551 965
4308 558
1490 1797
8216 105
4544 1034
9359 1858
10012 426
1220 527
6245 1463
566 760
7671 723
2839 1267
787 1092
4253 1787
4903 319
3912 563
2421 228
7088 1067
7127 1008
747 594
5390 105
7214 353
6651 1810
5269 1692
7374 1478
7189 305
8201 115
2784 653
3086 1354
9024 855
10631 882
1845 1096
6917 765
4672 691
6631 152
10434 100
9236 1750
8697 1845
4154 457
8437 799
9304 483
6220 1487
3201 1534
6961 1253
9628 389
3187 1722
2496 1083
7702 1336
5082 560
3788 633
7000 629
5337 1783
6745 174
4631 1339
9587 1559
9143 395
4787 1068
815 312
6341 1303
9338 287
2572 1479
10836 649
9794 545
8135 376
8612 853
4019 638
5625 1635
5335 893
3100 1779
9382 325
6864 1156
2735 84
2344 145
7441 1257
8139 498
400 1956
723 1233
4254 385
4652 659
8016 1305
1558 1178
6778 1973
9098 1156
4283 655
9849 332
7630 823
1817 1027
4024 491
4554 1857
2230 389
10797 1960
740 563
6712 511
1808 232
4485 615
8731 1292
5028 1347
4673 1465
3344 1927
5271 1345
10061 805
7596 1404
74 748
2214 1280
8470 694
5738 263
4011 1364
5759 1365
7001 1445
1991 21
3552 1370
9422 511
2666 461
4036 1435
5196 1498
7485 1286
2989 1500
9107 179
7063 1666
5141 1152
5619 363
9246 1974
640 126
7368 1707
2569 1483
5964 1103
6555 684
5746 1155
4112 1870
2390 760
10403 1176
7041 814
4063 3
3596 748
5468 1928
6927 828
2463 881
5873 1185
204 435
6302 951
1593 337
6491 391
7347 1067
931 482
2836 1259
10986 830
3038 66
7627 303
1483 1130
6867 1281
10541 460
10096 61
355 554
2878 1041
4094 1287
10034 1466
4233 1972
9649 292
10223 839
6198 750
8073 553
10141 1576
10384 30
44 1142
9445 1042
4623 1469
4562 1928
1793 1622
6597 949
9357 1239
364 466
2093 690
6783 1690
2059 1753
8216 1080
8817 268
1825 1952
4961 1471
4631 1726
3959 1780
4680 147
5696 538
2375 848
104 363
9829 933
3474 1014
232 504
5932 64
9826 44
4532 291
4801 670
1970 365
3567 990
2804 1500
2009 1617
3200 693
565 128
290 225
7563 462
8986 105
5886 645
10304 126
2403 1732
9995 66
7592 1835
9435 1881
3665 1247
10614 407
5541 426
1801 1194
7071 1910
228 1353
6192 964
2983 1807
1380 809
6781 1723
5123 502
2281 1842
6215 286
9056 213
257 1219
9313 1110
7462 1257
496 786
4278 1313
3165 1599
1630 623
5909 1307
1763 921
8483 131
8294 720
1947 164
1725 210
9397 27
9969 35
7536 1044
3766 579
1034 1036
7582 1905
659 1929
2261 23
10775 320
1306 521
6331 117
5367 1529
3101 1498
8740 799
283 336
6472 1738
8587 988
1532 656
5955 1144
6414 1582
4598 278
6687 1199
3474 317
6677 153
8225 453
9212 178
4970 356
8690 620
8168 821
4657 1427
3684 1221
1251 384
1578 640
10739 615
932 1118
1619 1209
9901 963
6408 1899
10547 410
8541 1609
3895 657
6553 934
4306 657
7292 1276
4267 491
9256 784
746 1829
6667 1656
2992 1380
2930 149
9794 1598
9622 691
9503 1774
8587 1577
8107 1729
3158 1597
8418 120
7095 1921
1673 675
1856 1888
6171 446
1950 1798
8928 1204
5031 416
8823 177
7948 271
893 269
1728 550
8450 1920
3387 571
1845 852
2428 1577
1908 541
2698 71
3637 97
10487 138
10440 1153
5359 229
450 407
4650 1738
5844 1477
958 780
7121 1800
8003 1583
3806 1140
2889 1979
5031 345
1251 1297
10975 177
6307 42
2632 1620
10924 1927
3581 1621
9550 1550
7918 528
9137 1044
4784 323
10981 267
2160 958
9991 896
6775 691
7083 1733
6565 818
61 1783
9590 1781
8959 316
9312 29
8976 529
8778 391
3556 1085
8470 704
4272 1980
8805 231
1301 88
869 1480
4585 1831
7449 373
5521 1502
2511 923
3997 1357
7159 694
660 1146
9553 1062
4099 1413
6808 1500
9804 893
6863 1096
3907 526
787 1273
1364 1376
4383 1175
5277 1060
10059 1505
8847 1748
7565 1337
1611 1602
3861 1718
5223 1570
8279 1550
1695 1389
3236 573
5447 830
6441 1893
4061 887
9687 74
5570 1079
10355 1858
8553 497
212 1964
5794 1721
1829 774
8281 406
3787 1248
1184 415
6929 344
814 527
5879 1707
1444 1529
6232 340
6706 593
2009 741
10191 1883
2717 1398
4961 1346
7933 151
6598 1449
4503 1957
1509 902
559 1168
10707 260
4698 293
4792 1162
3096 1584
7724 1416
3022 662
7869 1429
566 954
9221 302
5744 678
814 1115
1208 957
10234 1732
190 683
6082 547
2769 915
1277 1477
7941 312
2040 940
7205 391
414 1683
1587 164
8700 1488
9546 1901
8341 1566
7872 612
8790 570
4749 1853
3579 176
2360 1722
10156 1045
9370 451
5297 256
8880 1326
6553 1762
1253 1820
96 323
2384 155
3577 1122
1375 335
1555 761
5524 155
1612 1754
1691 838
7323 1123
10351 938
5345 410
275 265
491 1502
8142 1318
4674 1836
1644 1159
5030 1069
4044 1974
4718 1963
6866 1476
4785 699
3114 1278
1370 31
370 413
7939 1743
10611 1173
692 907
1890 384
8211 1958
2450 1278
176 1635
6987 175
1378 491
2127 41
6097 952
3776 151
567 0
1981 18
2917 1973
10130 1617
2758 976
7394 339
8696 113
9275 1358
4532 1134
8823 239
10934 1909
6251 175
8700 1886
9580 1715
7634 1268
5712 650
3586 51
396 1388
5399 1520
395 62
383 1519
2298 349
5225 854
9926 294
10396 303
6366 1241
6716 712
2133 1002
2108 1388
5590 485
2896 1407
5996 845
6620 30
3787 1487
2849 1830
7132 1815
8386 1876
4493 1161
2374 1265
4234 786
1474 523
5953 403
5822 1339
11055 53
10571 1863
8020 1786
1630 142
1029 122
2240 1881
4277 424
4654 1371
3853 1555
953 336
9017 780
7542 756
5488 997
8535 650
3081 825
9553 415
7033 1208
9210 1985
10789 161
8472 1491
10756 381
4524 378
1982 321
4440 883
10981 447
7369 930
8666 1210
65 1003
8351 609
7255 1308
1237 672
2619 802
760 929
4050 216
4741 1110
10640 814
3729 1075
5224 9
4589 1345
10773 1379
5699 184
1413 517
2981 521
7812 980
9323 827
5462 917
1664 1123
7621 1669
3936 1174
2160 1748
10418 1222
475 701
4809 1187
6534 78
5239 1711
5397 183
2285 999
492 1700
320 1770
9714 1929
7568 1396
134 1653
1289 406
8865 478
9635 1446
9575 1627
1459 1093
8202 50
9171 1224
10033 667
6305 654
7947 1847
5377 675
10330 1899
5556 1102
53 1396
4088 601
8923 508
6273 1744
5593 1922
1707 1780
10420 639
2907 1348
3633 1017
2766 1226
7277 645
5844 423
9578 280
573 502
4098 1295
9011 1639
764 1181
2963 237
6279 217
7815 1443
3826 51
10910 1739
9908 348
3965 659
6358 79
6562 1760
10084 1643
9903 315
7813 596
8074 309
8408 1839
10246 577
6140 385
10528 640
9447 1310
5516 1796
2817 1109
4304 428
2406 113
1826 705
6658 944
1610 1935
8361 115
162 655
3631 241
7746 1447
7085 299
4499 111
4114 370
2599 683
3534 128
5723 163
6935 696
6087 453
3366 68
1670 221
766 1639
2321 394
2872 236
9708 1796
5209 913
2587 831
4628 1170
6063 479
9446 795
655 765
4963 1734
2723 1879
3550 1643
9944 976
7163 131
5606 949
1511 475
4477 282
4827 1000
3018 1145
2061 1609
10149 866
4917 1778
4449 954
10495 605
7553 817
8250 1040
7364 393
8103 1102
1578 1690
5893 996
1611 690
4302 1002
6946 303
3107 191
6202 112
712 1609
5163 1507
1401 1219
8219 1839
10140 14
6277 1297
7706 688
7790 1102
7556 477
879 827
4170 161
6941 1248
9671 102
9596 684
8515 343
10776 1128
2160 469
9682 257
8614 1352
742 483
6564 514
3767 215
8503 123
8706 497
4640 457
9530 126
5159 863
3843 490
1146 891
5150 191
9113 1785
4354 1694
635 12
4185 1105
7707 835
5727 1223
2654 1886
9633 1069
4130 556
2757 1058
8032 26
8095 860
1178 165
3846 1274
1391 811
9041 107
4236 1647
5077 333
7374 1346
4168 624
1748 99
398 1470
6005 217
3381 935
9583 1001
394 1324
9410 432
3173 858
5633 1865
4344 533
4173 1551
7846 256
2832 1812
4645 564
5554 895
5255 878
4251 350
2736 1651
8451 1809
10180 1390
7301 1241
8997 1850
4741 1215
2782 1457
10020 604
10306 1190
8382 1109
210 985
3829 1957
4408 1966
4762 1317
6567 486
6401 1583
5944 1226
6119 329
3394 566
397 1838
104 245
7418 1205
6131 1538
6047 1732
3167 238
8211 1733
9979 195
4294 548
1815 176
10307 1582
8231 585
10659 598
10382 1674
254 649
1634 100
3257 158
7718 1097
1940 500
4865 516
5681 1441
3045 664
2143 986
8361 1278
2335 1795
1472 794
8832 935
2810 1840
6976 927
3109 533
8700 967
4887 172
7526 301
9126 1086
881 1468
3108 315
10454 1667
6522 1509
4426 1678
1169 207
6088 1742
6159 1503
4410 1881
6823 484
7637 920
48 1333
10589 1749
4327 1490
4648 1183
9648 890
10040 794
7239 408
10636 1148
7110 854
2492 1931
8771 436
949 1185
4108 1013
6230 256
6273 226
3017 699
4650 677
819 1753
4445 1315
8400 1504
1721 227
7986 410
5424 796
7354 392
5063 1779
10185 143
9543 982
6123 1694
1772 1046
5652 113
890 1331
4164 165
4573 172
1532 1009
916 1412
8989 1732
7057 1826
528 1532
8541 1016
287 1675
9455 1431
3052 955
5405 395
6186 1643
3775 1363
11045 1818
3302 1613
218 987
7356 1450
6806 1813
3562 97
8310 1128
887 1495
9244 692
9258 1131
387 1100
4166 1957
5176 1339
1771 1724
8462 183
10841 1763
2718 1049
6680 405
2652 651
5988 217
5192 781
1916 186
7639 716
10257 37
5938 658
1664 1730
8171 1497
2773 570
1933 1529
6307 604
8181 216
9559 1078
10340 714
7274 548
10430 390
2279 1152
1840 1762
10300 1054
7222 1307
3423 274
721 508
4637 1948
173 524
4718 1465
6352 1042
6393 1138
370 1452
5569 158
2337 1021
2344 1437
1021 1226
4780 21
5771 936
629 615
7513 1510
871 1088
8405 1582
6536 1443
8858 1569
6787 921
3402 1662
3967 1011
1559 403
1854 1872
7144 475
3704 19
6165 981
8328 571
10252 1717
3617 1282
9181 703
9789 1386
6340 1528
9033 404
10353 862
2280 217
4463 487
1971 1408
6786 315
8557 182
4671 832
3714 1709
2096 239
4686 617
2193 1839
7156 1032
799 42
274 1107
8106 262
5406 1529
3949 365
3545 1655
5573 1843
6430 74
10052 244
11040 995
11055 163
6798 534
9088 362
5080 988
7222 308
2220 354
3923 1452
5722 1209
461 1949
1828 1099
8365 836
8383 1608
6645 1404
4741 1239
4743 1016
2656 1316
4972 785
10235 1973
3383 509
6192 555
781 1374
3739 1261
5889 1676
1149 696
8885 1101
7139 882
365 826
1293 454
2065 83
6600 1714
6577 261
6866 1156
2567 332
2073 1109
4019 1604
800 209
6849 1625
7603 330
6554 224
3159 1583
7424 1452
78 198
9325 1650
7529 1581
2403 65
4322 1820
8535 1348
10465 560
3816 1681
5799 1496
7708 384
2390 1863
876 1896
892 628
3496 1349
2333 950
10090 58
5046 1869
123 434
4200 462
1638 1834
1875 416
3391 479
8650 595
1922 45
2904 1257
1146 322
8244 511
6019 325
5706 1777
5981 151
9130 874
1585 1211
5286 314
1316 1035
187 1542
9933 189
6721 1857
5426 590
4190 1368
7102 1839
498 1031
1930 1690
3583 114
7970 1286
2565 1938
535 450
7986 1476
5747 1534
8408 1397
9731 1137
10283 1348
8971 142
6452 100
7010 1419
8262 37
1506 848
6698 1981
6580 576
2496 1685
7356 497
8255 1788
7078 884
3218 1915
6871 910
2156 1582
10101 1186
3626 415
8510 31
1558 554
10126 504
6016 741
4761 74
10993 836
10997 790
4522 311
111 1898
8213 1536
255 867
5884 1382
5851 495
9705 841
9495 1410
342 1291
472 1454
6669 1211
6738 1121
2899 700
9672 1804
4709 807
10048 964

