7058 11077 199
5417 208
10318 202
10583 313
5257 12
1562 62
1298 63
2592 309
10426 272
4260 387
10169 175
7727 189
4130 350
3209 322
5425 230
3440 81
3594 376
5249 198
3574 69
433 128
8089 17
7369 316
3876 371
3170 397
798 258
10730 151
7033 64
7260 188
2782 170
1405 134
2431 301
936 174
5492 246
3973 171
2386 243
2465 204
10314 204
6300 329
8520 331
4751 224
4818 159
10255 112
9894 40
10782 34
9107 258
8522 49
9247 313
6729 309
4407 352
9815 137
730 353
7903 338
10691 266
3118 336
2018 293
4957 62
2233 105
1709 40
6077 337
7889 309
2645 81
4046 128
3485 90
1358 22
10945 397
2605 286
4218 310
5644 173
3235 377
7881 91
4949 349
10629 32
811 303
10952 12
7943 9
8937 248
3888 250
4603 345
5309 262
5960 17
9273 296
8541 56
8411 35
4882 127
293 387
10551 54
6610 76
3664 230
5427 376
368 22
5791 110
726 126
5038 125
8575 323
4993 146
7966 314
968 178
4194 257
9430 124
2332 201
9005 94
5924 336
7938 124
9332 205
3283 291
3175 239
2490 247
504 331
6016 208
7173 127
3522 266
4950 253
5014 247
1424 287
5345 389
3466 372
10072 174
3785 163
10429 93
7200 144
1300 228
186 216
1002 43
1963 168
1999 16
5209 265
3367 96
1849 343
2880 389
5849 119
5866 394
1278 334
2068 316
5822 263
6917 260
7739 217
266 310
9821 347
6241 58
8941 248
5570 209
2175 100
8487 317
3131 279
5448 306
4842 170
9722 107
9981 290
974 23
7019 222
483 385
8483 307
8227 345
10097 143
1992 204
332 233
2877 197
87 363
787 163
323 264
6849 172
299 370
7906 309
7310 289
6947 206
6269 329
7700 104
5568 275
6790 83
5098 89
5831 271
9481 30
9014 1
5329 374
8425 339
4784 216
8473 113
8639 170
1196 201
3756 95
5249 393
6375 126
1856 130
4809 360
6050 151
2350 185
3589 62
1409 54
637 117
5118 294
5204 239
5244 165
6962 195
6345 119
3396 318
7487 378
9162 60
2043 262
644 259
9235 118
274 193
1752 80
3814 188
5278 171
6429 193
2580 64
8865 193
9803 386
6217 37
6578 289
7644 153
2656 331
5996 218
3894 102
1092 166
10323 143
1605 65
8035 263
5462 345
5004 357
4629 86
4288 334
6796 282
3008 70
4002 394
4714 129
7640 136
5249 317
467 237
3378 255
2176 71
8306 216
6361 231
6760 74
8515 241
4334 39
4277 265
9647 341
8638 200
314 379
6729 114
10192 197
9184 49
7700 151
3624 357
7391 309
2509 70
1555 226
7502 40
9551 359
2901 392
5155 80
7817 348
9968 162
2901 184
5161 332
3597 243
4055 36
8022 346
119 22
77 369
4124 168
2652 276
8272 177
2932 115
10250 287
1262 131
8416 263
3254 297
1860 319
1272 220
8517 252
2601 50
3557 295
1389 170
3523 100
2461 9
7831 44
3266 281
2802 184
9351 362
6145 395
6188 2
1668 82
7547 286
6143 52
5850 170
9177 45
6066 77
7711 208
9233 0
5690 135
9435 152
3442 327
7424 220
10240 340
5018 233
8584 208
66 157
4294 341
10750 169
4627 240
8216 177
5924 392
2344 16
8359 252
7757 332
2685 390
2914 164
1950 261
7219 243
1210 321
8681 190
1445 223
10151 103
123 96
8787 277
4722 82
1903 131
5372 228
6422 166
1252 282
8807 210
10406 308
4373 147
6720 327
7309 376
8622 180
650 372
3431 54
8873 152
5277 239
4840 223
5744 148
1768 330
2583 59
8701 113
8207 202
2172 21
434 373
9312 154
3332 258
1375 262
10921 80
1718 339
5776 25
3382 231
327 52
8884 365
1231 261
3392 157
1373 106
4523 315
10176 358
820 163
7096 122
8487 315
2504 229
7197 353
4527 33
5320 123
1768 241
1851 15
8287 387
3530 75
8466 286
2453 203
3233 38
8491 247
3098 347
8131 250
8866 262
10524 176
8249 62
10817 315
7543 29
1069 101
1074 187
2862 121
7395 82
802 132
7114 136
7192 9
9648 299
6920 129
9438 208
5424 42
4971 23
8225 22
6335 158
8984 225
3443 39
6600 200
4800 191
4633 379
5404 83
7513 68
125 165
4722 188
7310 251
4458 388
10336 26
9668 238
2465 204
1187 222
8130 31
399 43
6145 10
2959 292
7814 96
7796 103
10058 250
4967 287
6822 113
4869 307
4594 33
1932 342
2381 330
5157 93
7470 258
5953 27
6757 174
6942 267
6015 5
9366 327
8889 55
2929 213
4163 289
2025 214
5666 293
7408 77
8014 26
6039 309
7762 102
9053 333
3479 279
2014 225
10325 192
6745 350
3561 195
8917 70
9322 2
2861 311
2818 154
3267 13
1647 138
2985 281
10684 327
7188 294
8269 360
8627 236
3041 77
8885 92
9161 5
2043 154
7118 202
1652 159
4165 50
10370 281
7259 40
8989 194
1809 317
4500 258
4780 347
4436 377
679 311
1861 154
7619 369
8106 178
6726 240
5784 216
3321 24
4555 252
3457 355
8954 15
7173 390
4589 150
8344 352
4184 154
1848 8
855 321
7829 268
9914 54
5738 392
9237 313
1629 375
100 292
7860 304
9564 82
9142 62
2976 84
1000 30
2562 284
2883 344
6371 127
1884 140
8162 232
620 191
511 314
5753 25
7406 276
4684 201
910 280
3186 69
2480 261
5385 80
9824 141
7010 159
1897 148
6052 38
4878 349
2098 94
10712 162
9247 221
7476 128
3544 55
3608 55
165 83
2546 225
2191 317
10057 17
2874 175
4531 120
9307 224
6057 300
7300 286
6548 73
9376 127
10269 242
2275 143
579 165
4208 188
5631 250
6704 35
822 51
6222 301
9531 383
3741 156
5605 95
1675 321
4077 184
912 264
7247 293
7519 77
3850 152
5252 55
5079 308
364 108
5442 211
3927 250
4118 93
2758 314
7548 83
3877 144
1667 289
7876 255
3321 120
6774 385
4326 21
10305 295
7269 48
5176 234
3409 189
4464 276
1800 29
8597 169
9373 169
10652 362
5546 307
2153 303
2199 140
7358 210
4557 105
4833 180
7239 276
8890 312
8512 296
3568 337
1645 246
5408 69
260 144
7692 74
5324 105
3511 168
1144 334
2278 184
8018 28
10013 219
6586 352
639 22
4771 95
3643 170
2827 149
4935 68
5499 268
1309 171
1629 140
2716 296
2033 10
8003 93
8905 185
10480 308
9427 210
2178 25
1610 221
2724 61
7961 256
3224 290
2865 132
7076 238
941 57
426 51
1970 81
10156 145
1363 2
5556 83
6340 94
5055 315
9754 164
2027 280
164 214
2302 365
7180 353
4743 272
5456 185
1086 244
7269 89
7764 86
4138 377
7027 310
4810 81
8039 195
10524 371
47 288
887 40
2790 159
8965 246
5570 382
4899 391
2989 365
3148 328
2734 324
1425 190
6169 234
7170 187
6095 192
4282 125
3770 331
90 346
3262 223
9894 267
7839 271
7828 49
10635 134
5078 388
2427 392
6822 127
10470 232
5218 65
8465 168
3967 208
1881 39
3787 25
1823 376
5701 88
2868 295
9018 93
8074 146
4129 93
8895 223
696 374
4736 29
10609 25
4036 33
7789 361
4387 335
7152 289
4818 142
8819 82
9411 189
8965 15
3412 325
5685 369
3145 89
2348 267
6738 101
8838 258
509 253
4822 11
10928 234
690 146
4429 99
598 224
6168 42
2817 214
10195 144
7971 353
880 181
6491 369
1919 382
1295 271
2918 192
2840 362
9858 35
8720 23
8092 64
7415 356
4755 266
9590 19
1565 385
4865 215
7203 326
9456 349
7174 41
10296 305
1251 362
6573 19
98 42
1372 88
9038 309
2661 75
8689 119
10951 83
1984 159
10361 155
241 143
11064 26
2529 3
2480 389
3945 130
4516 138
6286 268
9350 30
4853 34
1972 313
4288 271
8416 261
7169 251
4533 24
99 143
6701 2
5646 320
9313 265
7480 150
5979 274
10448 188
10361 372
10157 192
5737 111
5047 69
3667 333
448 285
8852 354
3284 354
5039 224
2611 297
10122 330
2526 240
9765 100
9814 258
1373 18
5539 395
7607 197
4136 67
10644 12
3994 356
6044 119
961 297
5172 210
9916 366
8215 344
93 14
5697 134
760 71
1441 174
6505 66
9183 109
4288 185
8898 140
10402 339
536 93
8917 91
9713 321
6480 235
4445 25
941 275
682 187
2486 260
6060 212
3989 159
7619 79
2814 350
1337 188
3983 229
5747 212
6354 107
3449 130
7405 106
6159 5
6576 269
9458 340
7673 245
1462 104
7716 123
8947 245
8219 230
8755 217
3534 12
867 107
5821 183
2693 304
10450 172
8511 375
3885 86
8191 242
9720 17
8566 316
1192 218
9838 322
1700 262
8273 129
1829 324
8019 203
516 320
3904 59
3831 16
4375 318
7442 255
1958 97
4842 290
9342 392
1298 273
6139 123
9553 318
3961 284
799 254
2897 100
10798 127
10070 200
5445 262
2295 188
6566 269
5377 300
1452 186
8663 105
10516 97
3242 355
9140 85
2729 271
10265 316
6391 377
7970 185
10473 209
9166 33
9049 380
6914 270
5297 314
4331 73
2698 180
6744 175
4907 357
2442 387
7160 44
3830 69
5683 27
6434 27
8865 335
4011 122
529 322
8116 86
1049 133
1807 355
6805 74
1957 194
3584 294
2488 146
6995 93
9909 100
5700 317
9479 161
6524 193
6002 240
3223 304
160 242
2456 117
583 241
3487 321
7763 110
7510 244
8647 252
6619 65
9838 397
4797 92
576 76
7102 314
4489 142
3568 323
7891 67
4481 308
5335 305
9519 13
5103 367
3427 224
8721 34
2429 218
4742 177
10947 385
5171 148
5589 284
474 139
9093 386
9710 303
1000 317
4781 257
6987 384
6288 182
10238 246
276 113
10646 331
7521 341
5841 1
5875 75
5658 304
5919 320
363 145
6308 29
10885 363
286 383
10727 284
4801 276
5652 51
9139 254
10542 64
916 101
2253 81
5606 297
4661 209
10356 102
2559 342
6425 224
9983 160
8082 60
1639 354
3959 234
5748 281
7523 36
7950 301
6606 85
999 126
4982 337
1151 120
3022 75
3211 72
10257 58
4328 234
10714 209
5798 229
9393 324
4306 348
3228 84
19 46
6278 25
10838 14
2015 15
198 237
1410 210
9112 310
8565 224
1068 99
10318 55
3128 261
9407 339
10258 198
8063 301
10095 214
1812 142
1819 191
8454 244
1684 206
6979 231
1682 19
5665 213
6317 393
8408 81
5531 77
9964 251
3225 54
2342 127
8761 256
4894 42
161 96
10791 197
4532 212
3660 211
2112 46
10486 102
3471 98
4815 90
7663 388
8090 284
7608 142
62 53
9905 178
10113 125
2725 142
4598 178
990 154
8008 17
8337 82
7568 152
1075 179
9351 171
693 385
10603 296
6919 328
213 263
4644 370
9085 110
7789 292
8072 204
1753 72
4719 56
6399 294
1750 147
8666 253
5599 206
89 197
10532 31
5883 338
6373 134
9490 257
9672 86
773 259
2950 51
3751 325
1086 343
9771 74
6710 264
616 301
10443 180
6818 59
10630 160
1233 238
8509 50
3749 291
147 16
1042 365
3194 331
6925 43
6869 216
6614 220
5556 106
4737 388
4393 374
2586 104
6348 355
1200 373
4360 244
8534 318
6518 312
9338 258
4315 135
10720 58
2415 364
7594 38
4730 63
3607 334
938 228
4629 138
6576 5
9197 46
3706 90
6236 25
6558 71
4428 201
6397 348
10332 64
2875 330
3156 213
4497 59
3755 242
6944 157
5602 103
10988 229
527 385
4285 146
7749 215
3824 113
10378 44
7668 360
5142 60
7657 331
745 17
4496 87
10932 130
4274 196
4102 66
6143 45
1876 41
1287 274
11071 146
2607 374
8719 46
7534 67
8870 215
1580 19
5772 82
8877 149
3541 99
66 135
730 47
6726 213
1970 61
8555 118
4423 7
2484 372
8161 241
384 177
1453 319
2267 373
3289 267
8250 256
3829 69
6775 201
3703 109
6073 51
5791 349
3892 53
6715 62
3553 146
5957 9
10132 247
2332 376
9595 285
9553 94
5901 102
1542 6
6769 72
7071 99
7283 332
4550 322
10145 255
7309 105
7642 39
3103 249
4718 347
8980 197
7313 134
9989 334
3672 14
2724 42
2608 30
7715 380
2755 102
3979 129
2932 102
4193 298
3359 151
7343 125
7220 206
3002 81
9242 187
7792 72
8476 378
796 111
3335 314
5690 313
7931 250
9610 295
5272 233
4362 1
7012 246
7999 201
2390 384
9901 165
160 172
3378 30
5756 368
7867 76
3592 375
4746 311
10600 195
2205 141
1858 300
1821 323
5139 264
8898 225
10184 149
5048 14
6129 183
9863 130
4752 64
7993 376
8495 316
5090 130
3391 165
2776 291
9235 39
7502 98
7287 100
8355 324
8161 39
9140 136
10474 237
2292 327
5839 285
1745 68
3731 120
4787 22
4221 164
6523 306
6588 297
6162 151
9997 4
7383 107
1873 344
3237 232
2362 112
7354 272
5436 254
2865 350
8694 8
3706 41
1514 162
10184 204
2981 223
11022 18
9575 371
8967 333
4012 298
8978 103
3867 243
982 328
11051 154
6829 257
1376 55
3762 298
1771 49
2156 387
10345 122
3556 114
9972 186
5544 25
6420 97
2359 164
8929 112
9826 298
9354 51
280 175
7453 14
2189 254
3206 3
10626 205
10214 349
5762 263
9229 177
2913 84
10754 323
1145 299
1333 229
4140 113
1536 141
8489 386
1484 266
6617 345
1933 382
9848 178
3357 45
1275 177
8151 102
3448 34
7149 217
752 259
5874 21
9444 161
7277 38
7529 64
7764 66
5480 75
5391 173
10118 26
7836 5
3864 87
2554 106
3701 271
5465 5
5927 208
1080 378
6980 200
10865 171
10780 275
3049 102
68 111
679 9
948 276
37 95
7238 213
9189 62
3159 51
1049 222
10236 91
5330 138
3707 245
7823 377
4603 79
861 383
7743 251
9431 316
8867 30
2027 140
7605 58
7298 70
765 252
5927 53
5531 286
7384 277
6613 246
4219 230
10012 149
10017 175
5111 144
10290 181
4872 246
1496 21
2752 339
4232 276
6881 228
3340 381
10893 367
46 57
9797 223
6550 268
8438 234
1584 317
6323 199
10590 376
4635 193
11027 196
6343 294
7381 266
10878 173
3164 14
1997 9
6317 229
9690 61
9914 327
5186 104
4291 168
4882 159
790 354
7912 27
10150 105
6564 233
548 307
7203 45
9980 349
3196 209
10605 323
9200 366
10828 252
9247 114
1497 369
3643 313
4494 329
1596 72
9108 70
8920 203
7441 320
9077 222
1926 308
4451 223
937 348
295 7
7164 95
1452 18
9611 141
5371 54
984 264
7059 187
9181 156
876 237
4951 39
5440 382
735 372
5606 58
9378 302
4870 103
3270 55
7403 267
1362 126
7662 350
5086 361
662 22
3387 271
7734 4
7440 90
271 198
3409 350
4738 363
7674 116
7919 386
10416 174
7507 302
5828 32
2850 308
3781 328
2842 373
8423 28
4513 102
9017 164
10071 319
9111 289
2734 376
864 76
4029 358
10805 186
883 69
6146 118
428 254
6213 31
4989 60
7680 127
6409 39
7241 98
10033 61
11017 293
7955 242
10637 360
8788 209
8221 58
2013 323
2818 133
8926 307
2513 243
5494 69
632 309
5738 325
9768 323
7424 372
9915 178
6509 143
5050 393
7374 87
7523 283
1745 141
8915 390
9030 229
6847 284
7886 254
8441 304
1740 1
5119 177
3344 130
45 38
5199 153
342 119
1564 270
2228 241
4724 181
4491 157
5404 299
9666 280
4138 324
1709 280
2550 205
4462 367
2924 185
1080 382
2387 37
4729 292
1457 170
4866 150
7298 47
7422 60
8041 334
3939 319
6049 356
1264 179
10800 336
6817 273
3572 136
7319 281
746 370
1754 324
2700 26
9636 33
8635 155
5051 79
151 220
5403 248
5156 367
6404 293
6448 66
9788 182
9660 9
7878 261
6708 101
4434 69
11010 318
6979 47
1221 20
5418 110
8814 389
903 362
6738 19
8397 59
5688 116
1337 244
6473 321
150 167
4075 288
10432 357
2970 366
9292 67
5771 69
4581 370
9982 24
7401 224
5400 234
3956 103
4156 81
8996 117
10594 89
7244 185
326 368
5321 321
9968 14
8007 384
1239 346
6055 128
2421 337
2216 100
6281 120
2052 386
3750 391
10957 243
10454 193
5087 162
9850 13
9391 238
79 197
9574 347
439 160
2418 278
5652 200
4951 146
8294 125
5679 148
4195 204
1438 122
10247 116
7104 244
5242 221
8158 380
5998 290
1797 112
2906 140
9387 259
4073 383
5162 354
4521 298
8575 65
9596 307
7827 207
4762 118
307 67
10602 267
8962 210
7691 243
1297 205
2139 8
9851 284
311 345
7466 116
6633 224
4647 241
4494 26
1738 5
5562 41
1046 85
2880 180
7467 235
1707 389
8622 94
846 149
2884 177
3326 124
2623 22
3056 239
8108 23
5519 161
8646 211
7009 44
5468 265
6134 94
7700 364
706 257
1941 158
4089 306
7851 354
5001 41
4289 88
4095 18
1778 295
4229 262
9368 130
545 290
1380 119
9683 293
856 127
593 313
5376 147
6729 162
818 342
5611 118
7018 107
4787 364
10016 173
10156 272
5896 327
5566 264
3062 104
1776 53
9983 194
5389 266
5670 247
1855 296
1642 239
3000 53
1554 274
7621 202
4171 300
2242 185
6790 313
7942 291
10766 385
3127 44
4751 318
10608 233
3877 116
3943 61
8820 132
1249 47
3592 364
517 164
6900 286
27 22
7497 7
4347 240
6933 171
5213 153
1095 48
10845 9
2064 130
7313 166
6935 207
729 124
3122 263
2663 382
5382 93
5070 14
439 90
7456 112
243 3
5039 283
5449 383
1527 213
2182 70
5140 249
8230 272
5024 393
7475 106
8074 313
6070 370
10548 5
10387 303
7091 263
2894 375
173 225
8566 381
2270 280
325 306
6690 47
6086 258
1530 2
7619 195
8212 275
3494 358
793 302
7221 364
8689 152
8578 124
4265 55
4738 16
4851 258
2303 150
2637 140
4071 134
155 299
2082 394
1098 45
9275 188
219 115
1742 162
4339 372
10196 330
4048 85
68 126
147 339
2205 57
5344 123
4352 156
7067 120
801 113
4854 38
198 111
10333 172
5386 60
8792 225
7571 155
6650 354
831 136
3684 4
4803 196
5087 153
4666 260
8219 4
2519 297
1588 24
10381 265
2286 200
8602 210
9752 257
1738 192
8242 135
3244 157
2923 26
1176 95
5531 257
8097 331
2534 73
3707 302
9992 237
4903 184
252 132
2587 261
6817 142
833 17
9278 117
8486 216
6673 319
1005 100
4372 38
3962 164
8545 6
4944 242
5347 222
5900 303
8202 104
7129 336
1750 272
5566 81
1070 164
3954 29
1628 50
6466 76
2601 65
1550 295
7778 191
7215 215
2094 154
10168 284
9637 139
10189 161
1411 359
3421 58
489 85
6603 151
2385 44
9473 325
8925 164
2577 159
5249 137
3248 101
5641 367
10556 32
7948 154
3502 391
8622 372
9273 220
1209 314
7836 90
8748 223
8892 14
6045 107
8426 297
5166 382
7161 366
5031 245
3073 52
7402 258
8290 376
6907 140
8049 81
924 87
9912 73
7283 217
10416 228
368 218
7537 53
9285 291
10753 383
3911 308
1242 379
2605 115
6752 263
7144 301
7856 60
1098 252
746 177
3036 120
158 287
37 198
265 378
1213 81
1547 166
10362 280
3769 67
1970 287
2980 193
581 283
7997 31
6208 214
300 67
6139 249
10664 20
4550 61
5204 148
4287 133
8475 24
8864 167
4921 34
7633 169
5693 274
4335 81
754 109
1668 232
8814 94
10876 192
879 232
4977 33
867 392
2779 107
153 182
2023 177
8889 226
6462 380
2333 308
1867 200
118 182
10328 192
9466 213
373 255
120 371
2844 245
7069 301
3273 50
9168 330
10593 5
6013 165
8566 363
7646 295
6102 170
4520 228
4081 359
1544 143
4372 141
3620 103
988 393
2350 231
1520 327
9175 200
8177 359
4598 307
5662 245
5244 182
8420 209
8101 56
3588 394
3514 140
6016 381
916 224
10454 324
4547 354
10683 168
2239 82
1725 73
2340 34
5708 106
483 113
3828 67
4981 365
8339 303
1594 104
1520 396
6793 305
10586 13
9476 72
3969 21
6111 258
3493 44
6349 49
3224 393
5455 84
5525 37
5977 315
5574 116
5188 96
5490 186
10373 221
9294 128
2665 98
39 77
4297 241
10487 49
4230 79
10327 362
9231 364
1960 151
9475 280
5846 383
8994 396
6639 58
10205 394
8673 76
366 36
8938 286
6427 136
1494 343
3973 73
7914 246
121 265
7269 286
2649 184
672 14
9268 67
7303 60
4812 216
10478 31
6123 68
5563 333
1176 347
1282 315
2665 18
9859 67
3549 347
2179 126
8135 111
5120 50
10663 362
8429 332
3144 262
474 251
10394 280
4262 256
4637 228
7937 271
8703 345
3636 140
2954 186
10454 105
7746 363
5541 214
3614 153
4629 167
87 12
6936 205
3477 135
8802 296
6682 273
3185 101
9345 306
5979 143
4520 257
7799 29
625 198
701 2
8348 325
3821 51
9651 178
7570 100
1410 81
8236 272
6245 197
3223 75
6452 127
8005 342
6989 309
1046 348
3422 159
360 64
3066 191
1199 375
5892 289
1176 187
8480 281
4737 257
1268 169
7161 56
9021 206
9691 147
10468 18
3660 106
9914 159
7990 104
5878 238
7008 139
10500 78
10490 264
443 22
7166 186
8398 75
876 391
4272 123
6262 223
4062 103
727 286
6093 367
3105 194
214 84
8525 233
342 130
6694 360
5831 219
7376 309
10507 67
5379 93
10994 144
10984 135
3950 32
3344 187
7836 1
4797 278
520 379
4403 159
8201 364
8472 243
6641 380
5001 248
7711 223
3990 105
10736 282
8813 162
9766 192
8161 198
3046 231
1615 108
8878 330
6619 186
470 169
869 158
3023 126
2671 315
9973 183
4617 334
6400 141
2870 320
6227 373
2176 195
2584 101
9915 106
1051 236
1857 88
9783 367
4402 221
9415 225
3689 302
656 5
9141 382
3823 41
2097 30
6677 203
7584 306
10827 290
51 74
1839 193
2472 326
8991 77
9789 177
5978 367
7068 208
8198 358
8224 246
8982 279
4008 254
3362 305
2177 24
5231 156
565 358
4683 228
1663 156
1677 310
5386 278
944 157
5158 241
8339 228
3334 112
9035 351
5557 385
8877 85
7337 151
9894 108
3923 151
4046 55
9117 119
9926 359
560 83
619 203
6932 320
6368 331
7275 89
8108 296
4631 50
10278 104
4174 136
4962 190
7451 307
1634 288
2579 328
7626 134
7110 42
2515 307
8630 237
10780 69
6095 161
7160 166
9009 6
1826 299
1262 281
10267 156
8281 319
7159 350
4312 304
9861 336
10336 152
2696 276
1742 325
860 337
705 151
5266 17
4738 319
6437 270
9566 93
91 140
7633 146
4096 365
6259 108
5756 232
294 1
9531 121
3259 225
2504 10
1697 250
278 162
1332 100
4474 201
4820 262
5918 302
4326 264
5873 167
4553 196
7612 302
4361 349
6487 80
8019 333
6508 19
6199 35
665 106
5608 43
4380 6
9085 42
10556 26
8400 133
4534 165
5157 113
4823 112
7550 329
2496 311
4096 107
8848 51
9755 388
4795 256
7420 80
6706 316
2053 336
4762 71
6714 9
7419 2
9797 90
747 7
9025 373
8189 16
1335 323
1339 189
3149 121
3311 214
9561 330
6534 373
1982 4
832 309
3253 53
2236 276
5453 116
4570 158
2041 301
844 220
8615 133
8515 99
2558 234
3328 105
4612 145
6878 287
2364 200
1855 21
1885 65
9613 60
9985 382
6370 383
2103 157
4348 31
2728 151
24 381
3407 22
2251 230
8127 395
6716 345
8221 279
8151 165
5349 54
1181 161
4238 197
10922 258
3750 5
3640 266
9486 270
2850 7
7860 100
1779 177
8899 77
833 54
5362 91
8358 242
8964 169
9796 54
4415 224
1071 135
473 283
5914 305
9991 6
353 47
3831 274
9307 247
3851 221
7739 337
4926 291
8069 63
3370 80
2322 305
7237 204
6382 341
8178 127
8226 68
1284 18
1045 185
715 18
1418 355
935 333
5481 297
10442 70
7522 107
9961 65
10908 260
2596 334
3895 91
1000 189
9317 127
4125 253
5796 57
1080 372
6217 190
3414 220
10346 75
767 25
7956 146
5018 275
10114 177
4961 340
8971 166
3118 175
4349 198
3774 141
9449 22
3846 175
8298 316
137 269
2007 392
3683 139
5707 59
10092 69
5850 359
9831 19
1872 283
10447 15
7177 272
7892 264
3709 144
4030 285
3850 17
7025 145
5312 372
5987 304
5673 247
8445 111
9445 81
8776 201
2337 352
4777 354
10678 141
9888 56
3277 58
7968 347
1065 88
7184 134
1800 281
5147 25
8096 263
190 223
5610 317
5343 85
8872 157
6095 368
4041 384
2154 221
7627 377
4160 315
8156 372
7422 48
4724 169
2827 337
7726 233
870 356
3434 274
2477 116
4277 280
4274 27
10670 15
5652 200
10878 96
6058 300
6728 269
471 58
5692 255
742 66
9589 371
9966 31
6421 397
8955 98
9939 266
7533 150
8965 392
4618 41
9509 296
7695 199
4519 234
9144 87
8586 397
1284 222
4438 116
4203 315
9631 395
9163 289
8279 285
1340 215
59 349
4369 43
7795 24
8167 250
9272 289
7724 18
2852 267
6944 287
1794 133
5241 365
4850 14
3264 60
7111 316
10394 9
6835 248
6374 88
9914 79
332 253
4336 321
5735 254
445 326
6646 319
6906 367
4775 156
5855 282
5774 121
2071 51
6097 36
4279 322
7810 23
9224 285
8195 176
9617 321
9099 123
5143 80
701 67
6269 53
2935 116
8691 95
10829 290
4714 305
3574 135
4841 379
10823 330
10286 52
1894 181
4799 308
4430 20
10339 325
6832 137
10526 271
7155 111
2431 161
9 94
5052 378
167 236
4462 171
5662 198
3652 264
5509 374
1972 181
10539 146
8510 10
3882 100
10313 247
9257 326
2088 182
9294 157
8451 385
8079 223
7820 336
4721 218
7940 226
3697 184
3986 78
936 12
7846 173
3506 59
6452 322
5766 248
7300 227
5198 138
9186 78
2029 256
7832 47
304 283
9655 194
1598 204
5514 134
5825 43
4617 373
9837 32
560 267
1660 140
9854 100
9853 308
6425 248
1815 159
9702 2
3448 338
5758 170
484 3
8052 223
2624 45
8306 68
6216 202
7302 23
1196 37
5367 16
9118 23
1549 367
6330 268
2190 8
1520 260
8041 177
10971 211
4629 33
5054 250
3489 207
9574 133
3886 47
4911 107
6633 332
11022 306
1811 14
4484 350
124 334
8557 129
8001 114
1518 389
980 338
889 361
5444 87
7094 248
817 244
3088 343
10269 336
7817 210
1571 0
196 70
1733 305
5464 382
6844 187
8766 303
3098 355
6269 308
10432 3
4977 355
7805 232
5550 357
8330 344
8680 297
224 248
6872 113
5601 26
6775 33
3573 116
3322 388
4730 24
10828 20
8706 234
4876 256
8224 62
2037 175
8527 82
6164 356
5004 295
9504 291
10661 271
10494 161
2886 261
3839 378
3448 244
7198 187
2403 256
9023 246
804 29
3845 152
2857 256
4662 341
3954 160
9468 101
6951 67
10503 106
16 209
666 113
3652 336
10265 109
7614 8
10407 202
390 276
9731 236
7973 396
4941 394
5356 106
3854 62
10257 171
2022 58
502 72
7955 196
1937 377
10008 75
10031 193
1182 98
9392 162
1981 278
4516 55
9744 54
2470 247
5644 130
9423 108
3178 283
8981 330
8560 109
9587 366
9777 233
4370 138
860 229
6836 218
7664 36
241 382
10512 202
972 6
5487 40
9617 194
10227 46
2522 273
7221 238
1500 35
6153 79
6201 129
2757 298
4010 30
8354 173
4480 180
8278 291
2991 322
4466 371
3401 323
6877 17
9489 301
6679 112
6476 125
10059 99
9945 390
10503 276
10090 41
7937 220
7698 171
7027 380
6208 156
2452 47
6303 276
3869 200
5349 184
2236 350
2458 346
1322 109
5488 33
7713 187
10275 221
1193 18
1990 164
2611 239
8871 396
1292 341
8098 272
3106 360
6669 256
1850 111
5198 8
3066 93
8260 215
6345 34
7508 10
7382 38
10286 190
7051 166
8542 78
10333 209
32 119
1428 156
9208 35
2028 41
568 384
8481 76
5236 258
10352 298
1852 176
8890 91
3633 384
7136 260
5296 11
8779 199
6760 202
10445 394
3664 190
1893 137
2357 324
2646 171
3387 96
8324 143
124 116
5337 42
175 76
579 300
10094 64
5145 149
9527 42
5414 339
9873 207
6858 142
9013 249
4400 10
5501 74
9874 118
7421 138
3351 41
10119 5
1668 139
6769 8
2907 361
2724 133
1064 338
3501 85
1397 222
1325 338
3116 272
2535 311
6381 377
8197 253
6569 190
3567 304
1398 111
5395 392
4793 221
3011 307
10931 51
6036 256
7114 16
10647 192
7962 227
1700 355
3789 25
2520 105
10209 193
2526 23
619 44
2555 234
6020 373
2024 331
8714 330
259 361
3424 157
2756 145
2381 239
6837 124
219 16
3187 330
4782 379
2780 135
5211 85
8018 45
9700 282
2174 80
5413 395
10303 249
9385 123
8473 66
10722 351
3522 354
671 353
1164 290
1604 125
955 382
2097 200
7733 356
6885 95
1953 102
10051 186
9893 237
6105 89
590 351
2859 65
3447 361
2569 117
9492 156
6199 246
11014 11
10500 239
4699 142
3376 225
8393 167
5683 79
602 283
169 249
9166 20
8955 110
223 359
9754 236
2033 305
10887 79
5430 62
1123 347
7602 51
9473 126
6331 216
7595 276
4067 12
8997 368
10756 328
2650 45
4666 179
10534 129
9070 173
6017 66
9072 264
7929 10
775 366
3246 42
5514 90
10032 26
2136 63
2290 51
5130 312
9328 180
1119 22
6496 356
8893 387
3598 297
8290 4
2312 189
6776 317
6437 32
9335 79
7391 181
5938 319
7402 260
1530 116
9713 61
8090 141
5040 269
8452 123
2660 383
644 25
9386 175
4182 107
175 324
6416 391
1943 207
4523 248
176 41
8663 377
3603 34
8154 321
9760 296
8061 278
1756 276
8352 376
5735 6
701 183
10697 72
7878 255
779 70
8173 390
8308 16
7502 373
1087 367
77 15
7911 91
7400 141
4115 96
9369 20
10505 51
1553 36
8257 173
5828 70
8662 239
260 131
7245 101
10371 67
2811 212
10117 1
9407 327
9942 155
2701 61
9338 13
7488 6
3869 369
6190 187
4702 135
3788 391
317 202
134 211
10893 393
1103 39
9006 215
1361 35
7656 183
3287 27
10771 377
8986 312
7179 153
2383 55
3242 52
2349 32
3269 152
9992 43
293 146
9983 265
6325 153
9676 52
9294 12
3587 395
706 291
5286 252
5988 369
575 101
7732 28
4635 284
6235 294
8238 202
10642 147
788 385
8477 243
3414 95
1785 294
5465 53
4436 79
6682 159
2524 274
6681 338
8692 63
992 354
487 211
10333 346
506 177
7141 200
9498 91
6039 293
4042 283
8272 135
3942 19
6765 102
7927 349
1706 395
9514 390
10386 165
8434 169
7785 351
10684 260
4593 308
2769 89
9434 272
9037 133
2175 252
8142 303
2886 235
3075 168
10277 137
8321 204
8668 127
10446 150
10190 289
3514 181
3144 113
2865 43
6781 247
7112 267
1373 344
10368 203
10031 358
7765 50
5149 324
2597 302
3577 375
4776 202
10988 183
9077 35
10129 215
1915 233
8357 274
9626 271
4984 252
6688 128
5999 21
8821 144
7620 59
9732 314
6975 277
10290 26
7105 382
5669 82
8104 274
1996 45
6503 126
9756 179
7197 348
2860 373
9079 162
2477 397
538 185
2707 109
7674 139
8849 272
6615 48
5544 184
10022 265
5511 359
6713 325
316 355
5859 218
9605 112
1310 330
1291 222
9201 357
5601 317
10543 332
4397 32
871 335
8213 140
8646 333
2571 341
2974 148
8953 68
9691 207
7516 391
5619 299
3860 107
9748 25
5860 0
6659 301
2704 40
3746 307
8946 26
1988 133
9523 383
2750 50
10731 106
9475 163
8174 212
3626 131
10222 290
4228 59
5061 85
2974 117
9877 72
4713 266
2112 96
8674 295
4238 380
3752 87
2929 112
6632 316
8209 195
65 191
4105 183
4059 392
8193 363
691 127
1270 78
2088 170
10562 311
6260 139
8902 198
4798 34
3758 370
835 371
7636 281
482 208
10796 176
769 258
6894 147
10240 35
6024 175
6116 350
1305 98
1755 96
9967 245
5065 351
5522 37
1462 132
2746 376
12 241
10072 359
4051 73
5421 62
5867 3
3597 119
6988 39
676 260
791 323
120 6
2970 147
1128 371
7463 282
4867 345
2340 85
10965 297
7694 292
4955 329
41 336
4151 174
10662 276
1103 222
7142 139
4100 142
8486 47
3737 301
2907 127
3603 39
9268 256
7357 111
7285 393
8856 206
11013 69
7759 17
10714 178
1271 351
406 341
4440 30
8182 279
10461 51
10611 205
4314 6
4146 184
8558 106
6394 341
1860 290
326 47
3849 92
8275 59
9944 159
8817 50
5126 342
5681 275
5696 26
2844 217
5371 261
679 162
3689 375
5912 10
10138 144
8709 88
6303 226
5981 368
5431 120
9888 232
1569 145
8047 347
6743 209
2710 34
7564 139
2194 186
1428 300
6457 91
1373 124
2216 177
5938 306
3561 389
5833 38
9404 372
6233 104
5595 304
3140 135
5351 88
1055 324
1506 248
9490 279
1014 370
4063 3
887 311
7023 335
5409 5
9462 255
1938 288
4965 89
4390 79
2333 168
7387 2
1923 9
5397 93
7209 310
2957 366
9982 203
881 363
10149 49
3170 94
6277 210
10 221
3504 235
4777 302
6815 59
1221 252
3403 351
7516 130
3623 155
7183 200
5805 98
8511 117
5688 307
10165 106
169 365
10916 314
4607 393
418 172
8924 1
2960 164
1101 137
4968 9
3188 72
8947 174
2859 273
6345 325
3040 66
9099 169
2471 44
9872 16
505 261
137 0
6084 46
4741 80
5720 20
11012 286
10297 93
6731 6
7641 123
5979 167
2543 49
4393 65
7635 105
9144 142
4336 299
10883 59
10070 21
3723 318
2767 299
7269 243
416 271
10324 26
9320 210
3477 180
6783 15
3626 151
4649 336
9625 25
374 152
1625 198
3273 84
7332 146
8606 108
660 322
5159 274
8625 246
1593 250
5927 217
5846 347
9119 18
4232 101
8847 49
8364 247
3445 359
8873 189
3164 247
10640 244
1068 266
1919 367
3732 141
2523 0
4218 147
1902 29
4803 377
5227 214
1446 15
7055 115
7939 65
1329 197
7277 103
44 113
9251 78
3167 14
9965 356
9872 157
4125 49
2101 16
7797 86
7128 389
2030 170
10491 162
7033 78
5460 370
8523 143
1626 316
5496 365
8855 129
6251 24
954 330
5616 166
2707 211
5591 66
10663 175
6205 12
5275 33
6175 332
2504 255
6178 64
2789 27
10481 114
4249 317
9574 338
8650 357
1853 33
9777 386
7477 187
7181 243
2757 357
10964 47
4625 357
9944 231
4674 20
3187 8
5351 306
7222 152
2255 348
1405 286
5471 93
9910 34
6161 329
2171 282
269 195
1354 17
957 305
6515 372
3026 299
6806 176
7680 129
10912 240
8126 151
8228 131
6078 167
6984 162
8094 311
4872 164
8148 354
3270 96
5496 42
9185 136
6554 234
9117 149
7710 27
5280 301
4214 239
499 26
2719 90
112 327
2750 232
9932 388
5452 155
296 344
8424 91
2650 286
9925 191
4087 187
6631 214
7482 209
10083 339
8540 154
6477 208
10903 274
4441 161
1390 349
5938 288
9340 328
2034 332
6388 209
9088 202
959 228
4341 388
7224 202
9134 63
2 305
7881 252
2445 392
6465 40
2609 152
3091 216
2182 120
8181 93
2437 121
10977 297
4958 109
1258 297
7131 334
10327 191
10438 258
2267 141
3970 31
5170 194
8139 258
6422 146
237 263
6803 51
7595 2
3963 213
6283 149
6051 381
2490 37
158 132
5626 206
10102 167
9946 211
8027 157
3905 29
2198 1
6830 366
856 292
4855 130
6500 205
4488 144
10026 32
3769 113
1513 331
10767 167
10958 141
3046 84
4217 166
4482 364
6054 100
2767 119
4616 390
6718 51
5599 118
4596 314
824 370
4397 203
748 8
8234 220
6875 105
244 320
6157 237
2744 54
482 380
9156 132
8390 102
3041 233
4106 31
7443 18
4741 75
7883 295
5361 312
2002 285
5533 346
10387 262
5214 271
10824 363
4050 213
6674 318
1034 20
8366 175
7798 43
4892 285
7904 62
1478 223
6474 96
10665 66
9725 144
6503 141
1271 335
9694 8
8550 15
10632 340
1803 274
4318 391
3726 100
2425 0
8218 212
7084 301
10203 238
8285 136
8013 259
6567 258
10322 189
8396 363
8334 205
3757 3
1546 326
3078 210
7756 238
5448 34
2593 121
5703 92
3998 383
6057 149
9211 265
6001 70
8058 256
10433 289
8502 189
2082 132
5663 332
10008 107
9347 153
7488 240
10044 335
7362 312
9076 327
3713 182
663 206
8396 345
1167 55
9440 250
5872 323
1552 353
3183 92
7566 397
5064 42
2028 28
7587 112
1860 82
9368 142
5034 281
7718 242
7565 182
6149 142
7745 54
8482 133
5020 19
2204 307
1660 93
9764 327
5839 30
8289 132
4141 249
1769 103
2258 229
6525 47
2655 169
468 3
10590 48
6801 133
6039 281
6363 172
4760 222
9440 73
9404 58
5669 206
2107 337
8428 219
7895 172
2803 238
5578 156
3801 182
3478 53
7611 88
8638 49
138 132
4741 17
10044 192
1968 293
8687 26
10030 115
8808 181
5945 283
9744 65
2514 235
6703 42
2008 183
4042 296
8435 384
10990 393
3321 364
7782 241
3453 356
6931 23
4478 242
3765 183
9077 240
10656 386
9147 72
5986 240
7666 330
4736 316
6874 143
503 17
5982 136
170 359
9382 159
8536 172
10067 248
3229 107
3268 124
9671 182
10687 127
8554 368
6953 348
3466 132
10242 60
5576 215
7106 312
9618 178
4869 250
2888 173
1631 369
3453 182
10312 350
10547 34
2910 40
10582 197
6061 110
6176 286
9126 81
10445 336
4034 335
2539 162
3694 351
5001 169
442 55
10292 97
3558 117
5689 11
8359 101
3905 4
1275 136
2315 20
7160 369
4300 112
7184 274
1589 266
5443 320
7273 268
1537 361
4208 316
9733 319
8786 343
8866 31
7731 205
8367 114
8500 299
10290 339
3401 253
1463 4
8185 294
8094 120
8437 276
5000 86
3602 186
10369 360
4590 298
2675 65
2643 269
3164 388
3555 395
634 185
940 213
2876 90
1089 181
7823 349
8655 32
115 313
8629 69
4307 84
5223 181
8750 9
5450 335
3655 284
2006 111
10593 49
8924 93
6828 224
8467 52
9856 203
4881 295
773 62
3790 329
8183 271
2519 24
1716 210
8620 66
3156 212
5262 131
1039 354
2582 314
2889 310
8785 15
4297 251
9738 330
11041 78
4076 172
5592 39
7691 146
6222 384
3027 269
6644 78
7847 397
2117 326
4449 327
4413 166
5022 77
10157 126
185 228
10525 264
1738 184
764 90
10687 330
4634 223
8946 113
5293 290
1016 146
2645 76
2365 82
7924 18
5385 255
10424 249
7082 136
2263 85
1496 280
9752 377
9017 19
10501 129
4056 369
8842 275
2476 12
8367 73
838 205
6492 302
9038 365
4160 62
9617 317
2784 53
1308 245
5129 164
1663 128
6052 149
7992 59
10098 393
9785 300
7923 362
608 365
1092 393
6944 210
10480 176
7222 179
468 351
10027 132
8112 334
8733 370
7053 246
10029 144
1635 49
3104 72
4690 334
9265 14
10025 366
311 314
4871 96
2656 205
4583 287
6141 129
9941 290
57 393
6859 235
2260 288
9469 397
6510 308
8390 258
6516 39
4248 109
8453 346
670 17
4884 274
2093 200
6013 248
10605 278
8427 103
6195 127
7406 84
10383 203
4970 256
6640 196
2961 353
3117 142
3023 20
32 56
1865 280
6438 86
2728 76
288 41
2846 139
5108 166
3199 67
9678 157
5873 53
6953 269
2891 342
8744 197
2572 21
5523 240
6373 153
9831 28
7660 10
10055 126
10267 292
10429 327
1703 360
6175 213
6674 67
1825 319
2588 104
4669 176
9612 296
6787 203
9095 261
10375 141
2949 389
10571 54
1171 10
2075 204
6413 248
4017 90
1077 73
8337 265
9096 92
9974 335
6630 315
10693 178
3059 212
6762 329
5153 311
891 209
9008 230
5242 343
2605 364
4419 363
9635 9
10457 129
1413 181
5190 145
7965 81
1225 106
5484 380
7249 109
9944 129
7491 336
7623 83
1810 390
2366 314
277 87
10574 376
4845 95
1820 121
9533 97
2790 5
8771 186
6648 183
120 107
10277 273
8394 50
8852 35
631 296
1637 166
3705 79
402 166
5558 250
4412 22
10941 68
2560 10
4774 89
8162 75
9880 171
3305 225
2805 328
10544 111
5556 324
8243 390
3439 197
5658 366
6366 109
6062 186
3497 382
6469 223
7203 131
6864 245
4545 113
8579 267
6218 259
3814 118
8872 11
7920 21
8145 41
9978 145
4311 69
6866 367
7719 230
5542 321
10866 209
8741 318
8575 377
4070 148
10044 91
8119 340
6555 322
9309 379
10282 299
5063 14
4330 14
2409 185
5703 386
4081 396
3832 41
3371 201
6353 301
3323 323
7371 84
1386 310
4684 124
1269 196
5794 346
5563 11
3831 125
6583 378
725 240
986 282
3832 78
8686 165
10603 179
9948 62
3937 79
5024 0
3736 100
1736 79
7169 355
4304 15
8520 296
5907 89
10989 61
5647 216
3006 31
6261 18
8972 374
10007 58
73 201
9696 89
10889 204
9374 186
7954 326
3762 337
8269 181
2683 388
6843 381
9239 305
2214 194
8911 108
3911 6
3888 250
2539 29
247 208
6110 171
4911 14
5622 187
0 5
6758 374
899 189
2201 102
4579 327
2087 125
9713 165
7718 389
513 376
5860 363
6618 322
2626 230
3088 97
7184 137
3292 45
3226 116
6322 319
7173 366
4448 13
8779 136
8110 48
4792 95
7809 315
5315 29
10850 297
9409 91
2618 54
8617 353
1701 14
2525 122
9183 337
83 392
4327 9
2826 8
10819 1
7885 213
1346 312
1023 172
193 286
9955 396
4880 353
1714 7
6687 274
3044 86
1052 131
10727 397
27 330
7098 131
3329 363
8097 43
131 156
4997 307
6144 169
9138 216
7 351
8196 302
3969 242
1764 119
8575 29
3258 356
7125 98
4679 279
3442 200
7706 92
3054 287
2738 4
3144 298
9043 42
2006 270
1789 333
5502 332
10803 60
7892 72
4996 12
3902 307
10221 278
4780 376
179 130
10460 76
8627 144
3788 294
8486 193
2954 189
1014 16
1761 221
4229 210
27 129
612 163
6369 98
5449 313
6157 180
5260 207
2976 111
90 25
6902 293
651 75
7303 380
1832 235
10215 204
7807 339
9576 300
7542 176
5106 250
7284 220
2612 187
4990 168
1468 126
7768 143
10772 52
4485 149
7076 75
9857 246
5320 20
791 125
9143 265
6692 109
6634 270
489 10
6139 90
10857 151
9618 89
5474 163
5836 309
7354 5
5485 35
2815 4
9928 314
1157 3
1196 32
288 375
2753 371
77 325
10227 37
4127 131
5470 50
4039 189
10491 94
5509 68
7435 302
7684 16
8833 38
2972 266
11049 258
7522 199
240 48
4002 144
10077 337
4893 308
4049 51
3496 143
696 215
6993 211
9662 108
3694 292
2623 24
6185 52
1107 186
837 264
10508 27
2148 137
7857 379
4060 32
2021 322
8749 351
6977 375
4852 160
7287 78
9631 143
3363 48
6452 297
3779 138
3730 296
6539 85
1967 233
5479 87
4130 229
9250 153
420 354
1055 30
4552 132
5217 26
1516 143
3197 16
6239 219
9147 111
7735 55
7917 58
4636 50
6077 17
9135 255
10545 56
3708 270
333 367
3178 341
1822 176
8494 301
7689 155
6638 163
5944 346
5623 324
2678 373
556 180
9163 338
6978 386
4309 275
2950 261
1850 290
6568 363
2049 309
9033 265
6223 357
10223 363
4037 66
129 272
7071 5
9424 253
4020 258
8376 73
6117 17
740 167
6848 107
4154 26
6639 299
10765 262
1283 71
3131 113
800 385
982 129
4766 137
2029 369
3062 134
1037 379
1962 0
9410 174
5101 75
1966 291
9718 95
1172 100
4029 331
6726 296
9489 292
603 380
10730 146
9614 389
642 100
9756 65
10125 227
997 322
8003 109
2166 237
7692 370
7993 240
8577 174
874 352
1620 319
324 41
5446 162
4565 348
2910 7
3338 118
5607 91
8712 278
5104 386
10669 150
974 312
4522 0
105 49
9916 342
1495 289
9192 97
1808 6
1342 54
2657 211
5196 339
5492 14
7278 63
935 395
3670 315
5326 263
3482 371
5965 350
1576 370
7657 323
2276 38
9259 268
8506 353
3164 278
11006 0
3178 184
2354 390
8187 159
6619 220
2154 380
8616 387
1224 117
10774 345
3855 107
7482 246
7995 364
4288 277
9370 79
566 131
10592 107
3072 393
866 239
4650 382
7962 247
1999 100
4124 222
2907 156
1559 289
1789 276
89 145
3154 97
6793 347
7697 326
2046 372
8801 276
2561 138
8738 64
291 278
8220 46
9042 163
7186 56
2731 375
8813 61
9889 269
4606 146
10363 239
11027 105
4977 129
6768 163
993 211
9546 152
8174 33
9115 280
7509 218
7339 17
9981 136
8482 352
5497 110
1969 119
3330 287
6902 247
8939 313
8756 168
10267 311
138 76
8014 136
817 34
7948 62
9988 95
7908 385
5961 117
5049 74
6246 373
10356 40
921 194
9639 257
1190 389
3410 301
3978 163
4408 243
967 268
5170 169
10151 40
269 44
10438 71
10055 56
6179 144
6849 363
4284 76
4724 391
663 132
8446 168
4193 293
1929 18
3855 343
7782 152
4171 188
8313 343
9688 7
5 11
2838 20
463 115
7300 145
623 11
10310 261
123 339
4479 154
6939 357
4241 258
3984 86
1688 145
4184 212
9035 394
1553 303
2940 10
7589 203
4239 326
358 260
9082 141
559 354
4108 51
7245 136
4104 195
9411 45
4647 95
8236 212
920 311
5430 9
6754 297
2790 242
1706 375
7632 13
3292 97
10305 338
7111 268
5024 27
10898 70
7355 178
26 38
3408 385
1094 60
5610 116
3130 105
7512 272
3505 146
8333 230
5776 75
2617 107
3175 341
9734 207
8500 377
9026 128
6740 197
2117 208
1487 239
4959 94
4251 323
8352 58
8040 361
3067 83
10304 239
5362 85
2001 322
894 32
10971 254
329 2
6039 295
1903 111
3446 85
7610 117
6177 275
4584 219
6079 303
8047 315
2430 299
1212 328
6989 255
4237 298
8603 51
6992 348
3982 142
8342 137
2656 228
1477 304
5657 234
5856 207
9002 129
9747 295
3375 127
8839 377
4454 183
6783 378
1317 183
4337 316
9635 31
9619 97
8650 353
4274 242
9573 363
58 316
698 257
3442 126
3933 33
1011 69
6530 368
4821 278
9173 252
9254 85
3099 59
6993 392
8058 216
4275 392
9166 353
4883 92
5232 199
6903 237
104 80
7055 199
4305 194
10505 163
8619 180
1725 197
8865 331
5358 37
4828 362
3482 392
5894 11
3407 169
6562 186
5799 137
7744 146
4367 99
9169 206
3176 236
831 138
10229 215
5700 229
6768 328
6410 87
8309 243
2443 24
7795 62
4234 255
4563 168
4387 205
3674 179
2909 195
4681 15
4325 120
1003 319
3588 34
1126 341
9277 161
5114 341
1439 362
5346 257
7332 280
1718 358
915 178
547 12
10563 147
6337 294
6505 314
3325 308
8836 150
9831 281
27 158
627 70
1999 198
6952 57
3725 123
1117 110
172 153
1753 122
4383 181
2033 335
2764 57
1412 41
10759 322
2575 56
6952 139
8599 100
7120 375
646 341
1799 344
10108 367
10566 300
7066 46
169 39
3274 67
9217 115
3871 253
8270 161
163 187
6037 144
423 269
7138 108
9113 29
9059 124
10511 178
9295 251
4668 187
6322 350
7270 121
7358 115
1752 124
9525 74
7707 291
1034 199
2413 316
3461 220
1654 314
537 255
2977 338
8941 155
2494 145
7783 143
2507 35
5797 366
4605 338
3529 337
6147 364
7705 267
10439 122
4612 90
10399 158
1679 171
6309 167
4818 31
4505 111
8465 265
9196 220
4770 164
5445 47
1632 28
7816 247
7612 310
3364 82
4294 82
4221 164
1701 195
4301 250
7163 261
9681 280
6479 255
6424 171
8395 101
4940 62
1524 99
5717 101
5836 317
9823 274
8753 347
3487 304
10434 350
2 247
10748 126
10093 82
4225 203
2781 123
8853 335
3406 160
7171 348
2684 206
2293 181
8117 91
5937 207
191 126
930 11
7472 214
1249 152
2598 283
577 204
10467 216
8083 86
6033 305
7180 255
1763 129
909 78
488 205
5084 23
6000 189
534 375
6657 122
2336 236
5758 334
5387 278
2853 392
8991 264
214 33
9478 379
491 189
10760 310
8832 144
6481 69
2745 84
273 213
6209 179
7130 16
9292 260
3690 280
11038 5
6716 167
8092 376
1093 186
7919 387
9753 66
8625 277
497 43
205 279
7056 282
9100 86
3373 57
5072 259
9059 296
6040 352
9312 107
5185 38
7545 33
10281 119
10502 297
8731 20
7005 239
3852 221
5512 107
6956 227
4708 390
4766 264
1964 368
10557 369
9952 106
248 156
5736 257
3403 67
10638 73
8644 109
9673 36
50 207
9470 107
8838 151
2524 3
7189 222
110 47
2514 85
7837 13
9961 202
499 303
2985 172
5100 390
691 396
4429 326
8272 254
8204 351
3382 115
1832 321
11049 140
6319 75
795 112
3154 214
10368 292
5314 293
3610 121
2297 267
8569 49
1757 209
2759 152
9189 150
9972 140
7596 377
6635 116
148 182
2895 211
969 51
694 157
1106 368
228 379
3388 166
1617 374
3243 153
8426 48
3658 393
7117 197
10556 76
10270 362
2646 355
1058 196
6608 166
5269 198
8615 366
9288 362
134 101
3859 50
3887 96
6356 289
10598 358
10463 109
1898 205
10912 211
3388 215
482 265
2211 307
9375 89
777 330
2478 147
10536 307
8314 216
5008 312
6286 151
1471 195
9221 137
8998 332
7226 252
2095 17
1696 286
2833 127
1797 205
8906 167
2266 337
4204 179
7312 184
3457 268
2223 147
8026 18
8089 13
5783 87
2631 334
1520 299
8671 43
1773 113
819 391
24 281
7579 348
6638 316
5892 167
4272 391
4737 113
8781 26
8029 67
85 341
7419 241
8225 374
1722 246
2772 332
9392 321
3291 292
9885 379
6390 62
7373 277
5377 115
3132 14
7268 298
10055 217
8434 66
10077 32
2526 392
7831 193
3642 110
1421 49
1495 82
628 17
1377 267
7518 378
10731 30
8594 318
6999 35
10656 324
7930 139
127 327
10409 122
5278 241
2990 56
8133 365
2791 383
8762 194
8112 376
10863 261
5282 193
8450 396
9675 326
2370 77
7138 324
3238 231
9749 265
2454 219
3525 241
2176 113
8482 259
3777 139
7412 207
8718 352
9494 292
153 271
6012 270
4892 321
9992 140
8779 38
4874 218
10674 205
4204 211
7024 279
3591 115
194 140
2456 49
6698 36
2386 99
9905 205
340 87
420 9
10023 85
1622 318
5051 236
10384 362
2734 191
9323 67
1679 19
10155 176
6782 17
8999 294
199 313
2393 127
8809 224
736 375
8105 256
5608 44
5060 325
4900 37
9440 162
7618 364
8077 98
9338 48
1469 245
4345 322
3030 258
8831 163
3598 188
6232 163
7841 129
2489 38
2538 217
5842 364
4472 136
10013 64
2192 107
7246 100
8632 107
203 392
85 97
10575 143
7870 8
331 142
2525 387
5298 369
6242 336
5160 107
7375 161
8656 369
4285 167
3578 338
4787 109
10825 366
8036 164
4733 161
3717 85
314 210
7976 202
9169 375
6685 270
5006 126
3604 217
10385 181
180 126
5760 70
2586 50
5084 12
4540 316
5477 182
2299 264
3384 21
5614 305
7668 107
4080 101
6190 88
1767 377
6953 215
2965 387
9745 270
1431 263
6734 352
3219 393
2271 112
8593 327
6345 237
1950 45
10866 253
8245 167
7077 295
826 199
7572 378
5757 294
7526 39
1121 43
7387 130
6662 169
5337 325
1938 391
6522 214
76 381
2137 238
10354 258
9220 355
1601 385
1005 254
6766 246
7439 230
620 117
9442 7
8928 156
8480 193
10472 86
3047 365
8554 80
7628 173
5029 300
10507 105
2014 366
3666 233
7043 329
9782 334
1593 168
2787 370
158 322
522 211
7458 14
7679 240
6528 366
5820 137
4483 334
7943 387
3320 283
57 232
10265 149
1373 74
229 10
5153 40
1678 332
1326 338
6157 169
7687 289
4769 149
662 331
7398 150
6105 311
8281 89
10381 72
6654 109
1103 33
5426 224
9145 75
9412 215
9959 280
4681 358
1177 220
7006 88
9729 357
829 207
6747 138
2099 145
1294 43
8719 178
8268 50
2255 68
6449 59
6959 64
2966 182
6989 249
9070 316
1098 176
1483 111
307 229
2847 210
11051 278
1969 144
1330 114
8038 161
9091 158
6566 224
9180 165
5078 148
3615 244
2768 219
6878 194
4759 153
7947 159
2413 124
3492 320
650 255
9990 366
7234 313
1000 192
3621 376
5986 157
186 379
320 117
2454 346
57 194
8737 289
371 110
5632 273
925 328
5159 380
756 331
1386 180
9337 255
622 354
8086 99
6280 84
10516 222
7678 313
2550 152
223 248
4394 52
10082 374
9204 40
5862 306
4869 351
1322 84
6272 84
9633 19
2542 303
5551 391
4624 63
7350 81
4934 174
4310 364
7191 78
6360 323
5564 135
8578 72
8944 133
5026 229
3291 340
4294 314
48 40
4459 14
8652 254
1687 290
4946 161
4036 183
7244 17
10218 356
4166 348
2405 327
9344 274
6556 185
7455 390
9494 228
5306 322
8187 34
4076 110
2643 356
6779 27
3879 198
9521 48
1725 154
7981 64
2716 120
4617 65
9458 88
948 345
8302 334
10737 123
127 304
3170 366
6750 79
6182 51
6992 121
1635 121
4458 141
7266 25
10282 99
10811 143
4452 302
4896 172
493 50
4585 7
7584 154
315 221
7034 139
2737 59
6758 236
2482 395
4952 185
1841 147
9244 24
6468 102
3448 335
2085 393
5402 228
1809 260
9272 333
2213 155
9345 353
1087 87
1584 23
3156 92
4469 305
9848 194
11067 313
8387 31
2463 297
3402 9
5142 331
4364 203
8108 34
452 35
10818 75
3239 273
9863 325
1930 169
5321 59
7022 143
8243 228
373 73
3754 346
4481 273
2135 358
3093 116
2227 297
740 201
5057 138
3598 243
8171 354
8517 22
6441 272
1867 362
2737 167
9762 66
5775 228
9359 369
68 206
10008 94
6074 152
9172 371
9131 255
10515 266
839 301
2005 283
10707 200
2042 303
7095 9
9133 274
6347 208
10712 28
7007 9
4251 72
2629 23
4917 217
1117 31
1252 44
3688 42
1982 187
603 300
7191 196
2289 51
3098 72
99 296
8415 289
2230 392
2504 108
2146 215
6018 275
8847 142
5371 221
9280 229
1393 104
2837 106
1799 332
10988 188
6192 2
5415 155
3035 322
7055 43
4227 242
5412 341
2441 33
3182 175
1923 323
773 57
9752 123
8371 327
8106 176
8152 173
7766 185
6421 165
6804 100
5534 47
7266 366
7209 35
10763 77
4481 288
10047 369
1907 31
8751 74
10635 268
8808 123
10915 186
6498 127
5849 318
10978 73
7129 177
2955 69
5502 266
3419 92
2983 3
6662 114
5435 147
7527 140
1746 197
10044 293
841 295
8276 65
8769 343
3359 335
10630 295
5050 366
204 182
10722 1
3891 106
4260 232
7513 227
2858 391
9062 42
1757 6
7613 174
9174 131
6128 131
7188 108
5430 150
2229 97
10296 67
11049 286
7455 151
10161 365
5142 397
4773 369
3115 197
8427 127
1714 176
3989 271
3293 272
6729 178
1567 117
7557 55
4954 301
5713 145
10981 212
7791 165
7409 67
1621 148
10340 324
3851 130
5899 84
7965 245
8384 170
6300 229
5899 14
3748 77
2253 273
4228 154
2272 176
3478 268
2998 54
2007 376
1770 192
6210 174
3820 79
4296 384
230 334
7285 187
6858 119
6069 278
1725 2
8172 374
6994 35
7498 35
4414 227
5947 359
4681 194
2485 15
4342 4
10404 187
10867 66
817 186
4264 345
9879 42
2484 197
3192 64
10396 314
6242 142
10779 111
8953 171
6970 257
10142 298
8388 116
694 345
8263 53
9896 42
7251 237
4032 362
3489 323
6763 269
6939 392
1938 343
8251 249
3103 150
3852 226
4088 18
8867 212
610 336
2199 311
2627 285
6770 240
8669 102
8303 223
5391 60
7495 353
9246 384
5928 374
10022 324
6812 177
2502 224
5404 186
2924 4
7743 318
3883 309
2674 157
7106 394
6126 212
10234 182
3378 135
716 65
4744 4
4623 144
3025 287
6763 56
6621 350
7251 33
7262 271
8774 77
4111 281
2173 32
10090 302
5789 212
2077 161
5164 73
9858 293
349 278
6411 50
942 349
7211 224
6768 298
9706 101
6761 156
8975 312
6707 94
9195 350
6751 358
10751 281
4853 125
2472 157
3863 77
8532 301
7468 249
2543 217
3931 52
2417 224
8251 130
7580 105
10273 87
4418 348
6466 358
2940 391
7184 265
6519 370
3774 30
5568 150
4257 344
7288 239
7002 369
6364 109
6839 10
10749 134
869 4
4784 384
4403 232
6265 235
939 285
10158 146
870 168
7900 393
5470 6
9722 236
2877 339
504 0
9947 145
10893 139
1984 163
6647 21
10956 153
5956 310
6208 311
9977 303
8611 5
2228 36
6422 196
8190 385
5232 174
4163 388
4544 301
8730 353
9051 193
8785 337
1048 168
4112 289
3682 324
5680 197
9659 154
8583 167
6645 90
5547 94
7365 325
8403 330
3183 304
1297 65
2064 318
6238 24
46 111
5724 211
2775 320
1324 232
2586 309
955 237
5940 369
518 315
10269 359
3693 236
7514 246
4809 154
1967 213
2552 195
9003 323
5012 335
5189 208
7950 212
5440 365
3255 14
1419 213
10105 103
7915 84
1626 121
4927 16
4347 254
8824 24
10159 262
9063 26
694 392
3831 361
3526 170
6341 41
1505 8
4065 293
10133 14
9384 53
9558 280
3507 261
1313 363
1660 167
4210 87
1238 237
1541 210
2628 181
10273 283
6080 324
4735 80
346 143
5292 206
3815 341
6824 289
5899 24
9535 202
1861 384
7318 174
4808 107
1472 85
4680 247
4831 27
7184 366
3487 304
2965 349
8236 35
9649 295
6935 367
8457 58
6681 183
7982 232
9742 243
9795 314
19 93
462 369
5959 344
5834 325
9782 225
9169 314
8938 371
10294 21
9342 81
5683 323
6160 196
7894 37
8159 308
2407 303
757 261
10575 290
10432 206
10468 73
6369 309
10288 322
933 194
8618 200
869 149
946 230
9236 79
7169 233
3716 337
3097 317
4040 163
2471 168
6949 257
8226 263
10830 281
6582 243
4888 102
1467 69
2854 203
9012 381
9007 110
9163 388
5279 100
3509 210
1375 386
1938 254
6367 388
3226 340
9405 246
3983 31
1509 296
8314 224
2413 387
2928 39
2133 334
7591 193
10106 342
4102 18
1165 32
16 349
1008 221
2129 378
9510 241
3173 312
1311 122
9687 37
10788 176
4929 202
3178 381
5914 154
2768 83
5038 84
3171 14
6593 81
5991 367
4987 263
6901 124
8284 136
5866 120
4719 154
9647 191
1161 169
8243 191
2064 7
10591 376
9033 182
4938 219
5022 280
10386 35
3300 192
4734 355
8008 138
1743 129
3314 281
2931 104
3104 249
8883 105
8215 298
3011 23
7414 185
8781 12
10418 138
4538 397
4970 124
502 397
1181 342
8539 380
3041 76
2017 14
10729 219
5302 86
8554 227
5428 327
3877 5
10099 101
1204 393
3202 2
5882 13
2404 86
5752 197
8825 308
4867 103
3506 378
10570 357
4003 101
9718 397
2218 304
1047 297
7642 271
3619 48
7924 264
9561 72
1260 13
913 309
8020 289
1074 202
6155 182
7443 221
3752 365
9295 109
4077 328
9918 178
10015 276
10167 180
3682 25
9978 366
2927 38
8525 164
769 385
9293 315
3042 369
10239 146
7230 48
10283 229
8039 33
4438 102
104 246
8487 366
8903 132
1556 308
3956 354
1476 81
7879 349
663 336
10257 12
20 226
8690 161
1537 353
6586 214
2287 166
10381 352
5597 353
2512 80
726 284
7113 211
151 362
8355 312
10619 154
9113 82
1210 29
8358 322
6697 84
9131 376
2092 261
710 202
3722 186
1434 376
3659 397
10286 205
2689 295
8131 138
2490 334
7645 288
1594 64
220 57
9011 325
5185 100
5215 43
6405 213
9703 282
6951 211
230 24
9566 170
3572 75
3135 207
5952 79
1011 278
8097 129
4691 25
2722 197
2351 112
4203 95
3112 136
3299 370
7956 276
3462 344
1688 187
8357 189
5328 141
4042 73
4709 220
1159 223
2362 12
9328 228
2921 206
8625 126
68 31
3134 247
4610 302
6813 249
6793 319
527 288
5245 89
10483 241
8983 379
7221 62
6916 385
9395 231
2358 263
1982 229
6786 63
521 62
5954 339
4374 142
1636 217
9146 168
2258 42
9499 133
6200 21
9284 251
3281 254
8093 20
3150 66
6503 254
9045 40
8851 41
532 304
1612 331
6157 315
10398 379
9786 177
1363 333
22 150
10120 207
5697 363
5109 2
10535 145
5088 374
9519 357
159 151
4030 288
322 17
1273 191
474 309
4232 377
5903 12
2300 91
6362 263
1012 238
8658 93
4976 316
7524 54
5392 378
1471 265
9462 381
6329 30
8022 42
6076 289
5917 320
6436 147
10527 359
10870 0
6973 280
1798 120
2333 108
2824 208
6766 286
3468 149
671 29
3027 209
10523 329
6814 374
5137 140
4321 108
1321 111
5276 241
8954 305
6274 281
10170 149
5921 47
6960 174
6705 358
4205 160
9864 276
5836 244
8374 237
10192 145
3705 319
7055 40
9939 95
8132 186
2139 301
834 74
9764 314
8966 306
4204 31
2969 132
3674 258
2068 106
9466 2
3449 124
10348 25
6056 45
7849 44
10094 205
9880 388
4178 254
1235 285
4895 268
9668 262
2389 182
1025 41
6460 285
4096 334
5693 300
6249 70
4559 310
3845 360
8731 395
7004 366
6751 385
3765 107
1540 166
4450 392
2350 237
8374 337
1563 12
10438 287
7558 91
10242 393
675 5
472 139
4854 62
10750 347
7701 243
8755 95
6933 6
7590 145
2248 188
1195 140
3825 78
2491 396
6175 182
1257 299
3181 276
6135 288
5477 221
3465 245
6815 176
1006 198
3627 376
8678 10
4260 169
7566 377
8429 62
2101 352
3195 228
2225 212
8172 22
6434 115
6268 321
2791 315
6816 366
1616 140
7253 336
3391 172
9733 133
10639 336
71 194
4890 328
2931 211
3006 237
1594 13
0 395
9749 339
1210 281
5171 315
2666 155
3975 5
2533 219
546 35
7207 42
8424 62
6490 351
1111 142
3742 361
1007 139
205 312
6486 293
3226 280
3976 359
4199 133
4263 296
1048 327
8337 176
420 189
7707 44
4739 290
2970 189
7913 374
10307 25
2523 224
9244 26
8897 141
9974 19
143 170
6637 247
10466 177
4559 376
9140 335
9228 333
10241 138
2545 149
2798 251
10129 25
3504 302
4144 61
2618 373
1098 197
10112 334
10493 211
5977 153
1771 185
1209 233
1864 219
8357 261
9002 213
1250 265
8121 346
2413 363
3840 286
1686 147
9288 151
8392 117
7358 328
5177 17
2659 109
6172 360
7210 97
537 105
10318 229
4789 100
10575 226
6380 349
755 181
6671 187
1983 374
9022 166
4275 143
7357 135
3528 237
4168 152
8646 95
1158 173
9043 56
9006 370
5159 358
10287 155
7272 395
2240 282
6019 207
1803 120
2236 100
8523 62
6740 361
1548 357
292 287
5153 357
2499 228
5422 213
5459 278
3623 257
3038 374
5991 381
4518 362
7427 335
1356 260
10254 342
3299 220
3493 49
8806 12
7057 96
8431 58
3873 227
9367 253
5522 351
5821 63
3376 169
3393 121
10181 111
7838 175
6832 90
3307 254
2530 150
4435 304
6915 55
7539 110
44 35
6984 335
5749 1
4881 388
1610 369
216 317
2777 90
2770 55
1664 317
3015 295
4714 44
2904 182
9357 213
6393 69
7294 387
8189 285
4883 108
9706 192
3264 28
5622 3
8824 364
55 231
6940 116
2655 176
5612 161
9160 0
3471 2
8122 249
9523 49
10482 41
2814 2
10333 248
5550 30
8298 173
9657 106
346 138
3295 209
7624 72
7581 58
1179 168
8651 308
2564 305
4103 20
38 341
7413 156
9349 227
1338 359
9727 319
80 224
7486 173
2612 279
6758 318
7053 90
4078 384
5631 367
2340 325
10538 143
3925 118
6212 263
678 288
247 144
5425 117
7943 240
8460 365
2886 96
1482 364
2723 172
5974 19
3582 371
4826 265
1087 17
6778 90
4791 24
3585 211
7539 346
3781 136
231 199
4482 7
5077 267
3873 334
8281 294
7674 268
7032 184
5742 117
1040 269
4148 151
1770 215
9462 44
10528 356
2134 313
3038 125
10804 3
1323 27
848 340
6098 112
1029 382
4337 185
168 212
10257 32
767 111
417 237
7963 357
3955 24
1079 320
6928 396
2577 294
9808 371
7383 91
931 304
954 112
812 351
9469 216
5652 240
9478 276
5255 73
845 372
7075 248
1985 284
1593 80
1263 66
9388 372
8015 304
8930 101
8101 150
1294 26
2103 320
9003 86
3071 20
6727 50
1605 148
6566 247
2266 160
8131 315
4793 141
9852 68
3210 366
4443 297
884 238
1779 43
177 138
7175 229
2158 252
7068 385
5890 319
7362 45
8186 197
2860 74
6261 135
5225 368
4613 13
7882 317
6449 261
4228 226
8488 140
10483 104
243 229
5552 135
10621 266
919 304
3542 129
186 174
8347 4
5418 117
552 244
3443 115
845 269
7132 337
5762 65
3099 393
4695 326
854 172
9106 7
9003 70
5714 203
5685 75
11053 0
2042 160
3468 97
10731 253
10109 379
1167 109
4063 358
6110 19
2724 170
9006 151
8244 69
1912 248
675 201
2176 278
10064 51
3254 305
5934 33
2303 309
7028 214
3739 72
2087 112
222 15
5564 271
537 158
5705 383
2430 355
5202 374
8052 177
423 156
4078 382
3940 206
5498 257
4797 142
4399 172
764 374
752 341
4430 23
6809 77
7358 15
8282 204
7253 194
9754 315
5741 273
2579 183
6459 228
7173 53
1401 15
1197 230
9355 185
4132 275
204 211
4219 77
7567 239
7954 56
1864 270
116 381
6709 362
8200 315
9056 266
8471 71
1996 317
5519 332
6458 168
9576 240
5500 233
2139 131
208 299
5500 4
9649 39
6599 19
5141 138
335 98
9281 5
9815 156
5211 73
5775 287
8884 272
9086 183
1987 35
5543 281
7608 39
1575 357
7275 296
4245 294
2228 239
8202 348
580 58
10146 68
5745 173
9790 211
6524 86
3131 332
1770 153
9137 76
5121 197
5064 328
3617 362
10430 289
6776 269
9323 302
7655 275
1369 10
5825 220
6279 56
3820 271
6762 107
4647 314
9633 79
5013 98
1767 130
1251 52
553 68
10415 182
6912 239
8181 168
6048 25
8916 59
9991 272
6315 26
7908 71
6481 315
2352 176
4258 246
9897 312
5460 59
7285 108
9092 335
5181 98
6911 17
6366 166
9987 85
28 370
7332 112
8336 60
52 87
44 233
1805 0
2550 136
9206 182
7906 334
7827 331
6989 352
5006 338
8564 194
501 201
5893 208
1096 390
6550 98
403 108
5960 334
7289 363
9218 112
5890 296
7107 147
3600 34
7171 224
1472 227
6852 55
10222 291
8611 383
5373 82
5577 147
4204 143
5346 73
2110 61
6640 245
5922 161
6105 187
9325 391
6754 147
5343 391
9342 304
3311 335
7065 180
3611 305
2759 134
9280 152
9874 213
10264 269
8445 209
462 332
5133 48
8103 397
2435 117
7639 86
8131 256
589 395
2668 214
5674 125
10806 143
7523 106
7346 227
6304 313
5921 149
638 379
2932 5
874 298
1957 46
3927 137
9007 338
4545 187
10251 108
9290 394
7232 236
5372 75
2542 71
2414 360
5474 225
8400 19
5066 10
167 232
8654 260
4480 213
150 188
8055 54
2450 73
8700 254
5419 175
7646 217
8022 365
6934 210
3880 267
3459 20
10222 68
622 396
1338 158
3802 128
9440 296
7667 273
7122 202
2017 170
455 113
4172 189
0 185
7503 371
10322 177
10144 107
8034 19
2850 177
970 340
8048 124
3289 211
6590 115
9872 80
2075 359
35 130
1134 387
8698 302
1664 371
4734 172
9729 181
7867 290
10042 214
121 254
7194 75
9230 144
6704 221
1227 359
3678 252
2524 349
9219 31
5658 325
1448 352
8841 197
8986 199
1036 216
5138 309
1753 373
9384 131
2399 217
118 164
44 288
1562 189
906 174
4164 215
9484 231
172 121
8506 386
8788 259
3764 262
6121 77
6536 47
7721 235
3222 205
4330 332
6878 130
11042 378
2129 362
3927 7
10140 72
5706 88
8990 293
9574 347
9472 225
9706 310
4177 148
2462 91
10468 102
190 253
887 208
10764 308
252 259
4876 131
9573 338
9742 132
9736 381
6985 234
9721 16
10544 372
1355 333
2391 192
8775 10
2657 6
5049 202
9198 265
1339 254
5666 161
4503 121
2474 42
3526 31
10669 172
5173 13
9094 233
7418 58
7003 337
3477 313
7746 266
4242 386
6610 332
9022 343
7965 189
1012 194
6040 69
2140 73
2636 348
7585 166
4237 341
4913 318
1685 72
7504 260
6887 328
4453 81
3855 244
6780 331
10863 195
731 174
3501 87
3238 256
2454 293
809 122
6111 235
10718 383
6308 272
565 36
9129 287
2461 175
5086 379
9733 132
2592 246
10429 206
6292 262
5348 46
4768 165
264 380
2886 106
1451 184
4057 229
32 175
5845 73
9335 205
1435 360
5528 397
1433 202
5134 73
6243 142
7365 351
1176 217
9499 229
9285 247
4167 90
11027 60
8453 357
9423 203
5081 199
9221 64
7104 57
5021 318
5466 174
2556 252
2072 356
7040 342
9134 26
902 86
2790 372
5906 34
3472 347
3670 117
8884 253
4338 311
9713 39
7907 377
7822 59
3482 333
715 193
10799 269
6187 151
8852 340
4192 61
4260 108
10581 171
5739 299
6071 368
8711 189
2944 59
4725 53
6530 48
10325 163
6728 196
3133 324
10008 321
2531 69
3482 1
6885 310
1752 334
7145 336
8608 163
10300 373
7844 275
5453 396
7212 9
4912 138
9350 162
9995 111
2508 363
231 357
6835 143
3836 211
6487 95
6133 300
7774 45
705 371
8818 135
10591 126
3736 174
1223 10
8015 115
716 92
7517 34
5844 193
8834 238
2674 108
5745 15
3745 6
9024 6
3847 376
6059 358
4112 288
4917 51
10639 237
7597 147
10141 373
6670 306
517 383
10664 353
4520 193
10519 339
9694 198
9735 278
8699 172
8825 279
7996 346
234 29
10562 378
5131 188
3494 340
9722 123
9275 383
9326 154
1252 162
4876 197
7924 373
7363 169
9545 331
8867 51
9778 177
8454 48
6339 299
3146 52
8507 344
10518 71
5846 341
11015 142
4180 212
2035 210
2272 56
8068 85
2596 12
1683 205
3047 223
1493 164
4392 364
1458 215
8430 202
3161 335
3805 233
4357 332
1714 296
9126 358
6277 242
8918 5
3954 172
3063 246
2636 325
634 306
1727 0
7644 360
7823 95
7909 5
4540 37
10327 368
9110 174
6138 323
10299 136
774 108
552 272
3080 179
6305 229
3131 94
7712 87
3740 244
9380 65
723 97
8917 136
8870 279
6268 60
9754 21
10638 239
6956 105
7056 340
2504 299
1864 45
4455 91
1137 228
9527 217
1664 269
3817 235
6814 173
7653 142
1924 271
9149 219
5936 278
7768 201
935 50
426 313
1694 203
7776 225
7396 183
4118 340
1583 180
881 386
7900 204
7745 11
9557 222
9655 175
353 229
7316 116
7040 309
8372 73
1497 367
7615 172
4482 92
8186 90
1287 188
8130 109
1500 240
6569 218
1695 227
5081 142
2320 388
8703 391
1429 85
6309 303
2559 317
3094 370
6455 173
7339 275
5487 390
3620 209
5387 41
4307 88
5921 313
1962 106
8502 353
10060 54
1753 329
3985 31
8244 125
976 100
9115 344
3755 82
6585 387
6329 70
5950 297
4572 346
4494 68
6065 83
9362 315
2563 23
4721 17
8517 145
4764 378
4831 43
9455 49
1148 332
970 311
8775 299
9606 17
2296 375
9061 219
8132 109
1739 9
8575 213
8288 42
1712 187
7239 189
814 193
9287 86
8096 26
10665 35
9488 276
6945 287
5489 236
7416 139
8864 199
7495 44
9993 282
5660 80
304 241
10803 230
1040 266
6505 193
1833 160
3664 77
7385 357
2581 74
10880 316
3351 86
10747 12
10245 183
10332 53
6029 335
3524 302
9896 312
5930 111
3883 36
314 39
9452 96
9138 49
8642 191
7834 61
3931 370
3802 220
10441 66
7699 259
1425 322
4599 97
10463 78
3313 114
3805 284
9735 78
9218 355
9909 59
9040 310
659 43
3998 148
10403 268
6542 141
2645 67
6575 65
10402 394
3849 144
6402 6
5929 125
10084 172
5229 184
836 43
5216 105
4182 330
3173 129
3469 237
1911 211
5892 362
10426 278
3555 245
2977 68
9358 76
2432 377
9915 31
10890 149
1936 118
5109 14
3636 218
3152 336
397 303
8088 256
3316 241
5897 392
3079 106
8995 292
5661 126
1745 72
4289 140
888 368
4463 70
1450 233
10026 100
719 252
3528 332
6561 390
2421 205
2970 275
1860 243
8495 181
10271 167
3846 171
1387 192
5077 87
4129 72
8334 74
3116 334
9657 341
7805 379
8128 127
431 290
6612 280
2568 374
5641 118
3281 210
3726 277
680 133
2443 111
9221 38
6966 1
5341 2
7915 63
2088 148
2589 181
1483 265
4503 144
8784 176
8889 36
983 333
8413 322
5517 287
8795 197
1508 235
7503 391
6786 104
116 380
2061 303
182 315
1042 212
3265 272
5094 244
7501 353
2627 121
6607 228
8876 245
9002 48
10416 266
8694 3
3939 150
6847 173
8848 211
2262 208
9644 136
3096 96
2621 341
2500 348
10050 117
7875 222
4683 34
7399 245
977 122
1766 390
189 386
522 295
9760 66
5242 289
851 358
9081 340
7893 230
8643 340
3227 264
3208 25
5898 326
3174 225
6961 3
6528 286
6002 353
9087 134
6657 396
4088 233
6894 152
4097 325
5376 59
6663 185
7978 365
3136 203
2708 153
10255 255
2019 234
7893 117
6769 162
2598 163
7427 242
4292 268
9235 94
7922 309
4486 289
9762 208
4145 333
4271 357
9521 304
3227 251
4358 226
6449 279

