480 490
132.2
173.0
174.2
147.6
112.7
130.9
138.6
186.2
181.9
187.6
129.6
142.7
177.8
187.2
168.4
131.3
166.1
155.6
127.7
183.2
144.0
163.1
149.9
122.5
135.5
181.2
130.7
155.1
177.2
159.3
136.8
178.1
163.4
182.2
123.6
112.9
149.3
124.6
144.7
187.1
138.0
119.4
120.6
116.0
137.5
125.2
128.8
158.8
168.7
164.1
178.1
111.0
126.6
113.9
185.7
149.6
141.1
137.4
180.0
177.5
121.0
151.3
159.3
131.1
143.2
115.1
173.6
137.8
112.6
181.5
179.1
166.9
141.4
117.6
110.8
126.8
138.5
128.1
118.5
146.3
166.6
167.2
123.2
134.0
172.4
166.6
165.3
140.0
173.6
176.3
118.5
125.6
127.3
186.1
133.2
162.9
174.8
167.8
161.9
168.7
182.5
186.9
133.8
136.1
189.5
115.8
158.7
163.0
152.8
145.5
148.0
152.1
164.0
181.7
110.9
144.3
144.4
187.5
153.8
145.7
182.4
161.1
126.4
134.8
133.0
168.7
123.3
175.0
162.9
168.3
153.2
123.3
142.4
170.7
176.1
188.2
168.1
159.6
159.5
187.0
149.2
120.6
176.4
167.5
126.4
166.8
110.1
171.4
152.3
132.7
167.8
151.6
149.3
156.8
117.8
154.7
151.5
154.1
139.9
168.2
134.1
133.4
186.9
136.7
175.4
159.2
162.8
119.2
167.4
166.5
133.1
135.6
189.3
143.7
182.2
113.2
137.8
116.9
156.8
133.0
133.0
185.4
156.9
152.0
183.8
176.8
151.4
182.7
119.8
111.2
129.5
149.7
156.3
115.0
129.1
152.2
151.1
169.1
142.6
128.4
153.2
166.2
173.1
153.7
165.1
142.2
166.1
172.4
173.4
144.7
187.7
154.5
122.3
112.8
179.6
157.3
120.3
186.9
112.5
114.2
137.7
165.6
147.2
146.0
185.5
117.3
144.0
160.9
175.9
134.1
186.8
110.8
142.2
140.4
114.0
120.4
141.4
116.7
148.2
128.3
166.8
145.6
123.6
182.5
146.8
168.5
156.7
110.7
151.5
184.5
181.4
135.6
145.4
113.2
184.3
189.8
129.7
176.1
146.0
141.2
122.7
135.0
139.4
137.9
186.4
182.5
167.8
129.4
179.8
138.5
180.5
183.4
170.0
136.2
183.0
131.3
162.4
110.0
188.1
128.3
112.0
119.2
128.3
167.5
165.9
137.4
183.9
166.8
114.6
122.7
110.3
189.9
110.5
169.4
116.3
130.2
145.8
181.3
140.0
168.5
185.1
189.2
167.7
152.8
126.2
159.0
171.5
129.8
125.1
165.4
159.5
172.4
117.7
136.0
184.4
175.7
145.8
184.4
178.9
141.7
131.2
137.1
143.2
138.3
172.2
142.1
172.7
181.5
158.8
137.8
124.3
110.7
145.4
163.9
123.5
184.6
170.7
131.6
112.2
121.1
154.0
165.9
138.8
147.9
179.0
171.6
155.4
189.7
117.8
178.3
157.2
182.5
145.2
111.3
111.1
118.3
110.2
114.6
149.5
154.9
168.6
158.2
127.9
129.6
131.7
118.0
160.6
113.1
169.7
166.7
178.8
170.0
125.3
163.5
130.1
125.9
171.9
114.7
163.7
120.8
111.5
132.7
119.7
136.4
160.6
135.6
171.7
149.9
127.0
142.3
143.5
169.7
160.0
157.0
138.7
123.5
135.3
164.1
174.3
115.1
111.3
166.1
122.4
171.8
167.7
127.0
172.6
184.0
183.6
123.0
139.6
180.9
159.7
118.7
179.2
183.5
146.3
169.3
146.6
138.0
181.6
110.6
117.0
114.5
162.6
141.4
119.1
128.4
153.9
181.5
165.3
130.6
178.8
146.4
155.1
136.7
166.8
181.9
155.0
188.6
186.2
155.7
167.2
150.0
141.6
127.7
141.2
113.3
189.3
123.7
161.3
134.5
169.4
135.6
141.3
137.6
164.4
169.8
185.2
154.7
181.7
116.6
150.5
115.7
126.4
153.3
152.8
139.4
171.4
121.2
154.9
166.2
189.9
111.2
148.0
182.5
173.2
144.3
157.0
125.0
181.8
178.6
162.3
149.8
135.8
170.0
140.3
153.1
118.3
156.6
184.2
177.6
142.9
142.9
178.7
122.3
143.9
187.6
135.6
145.2
147.1
131.1
112.4
155.9
170.0
175.8
124.5
164.1
140.1
143.8
166.5
113.9
140.4
152.4
163.1
178.4
133.0
157.2
143.7
168.4
178.5
140.9
120.0
156.4
121.4
120.6
154.6
128.8
148.7
122.0
187.5
161.5
152.4
151.7
153.1
132.9
137.0
155.2
126.3
111.5
164.7
171.8
125.8
151.1
120.5
138.9
155.0
179.4
136.1
110.6
126.7
123.4
144.3
110.9
127.9
168.7
117.9
123.9
165.4
132.8
183.4
181.5
126.8
182.6
165.5
113.3
175.3
168.5
155.5
133.5
163.7
176.0
132.7
187.5
173.2
157.4
142.0
173.9
189.9
166.4
123.5
117.5
163.6
130.9
176.6
163.2
163.8
112.7
143.0
153.7
160.9
138.4
162.3
145.9
165.6
167.7
158.5
183.3
186.3
177.0
165.7
146.5
144.7
166.2
172.7
143.6
149.6
140.1
183.2
175.1
150.3
127.5
156.7
181.9
114.5
159.8
154.4
113.0
177.4
184.6
130.2
121.2
119.2
162.4
131.0
144.1
170.2
130.5
116.2
115.9
142.1
175.2
149.0
185.4
127.8
172.7
180.0
149.8
161.4
131.8
117.1
165.7
136.2
181.7
131.1
135.0
178.5
188.4
168.3
121.3
172.6
138.7
163.5
164.8
115.0
160.6
176.7
180.1
151.1
135.7
183.5
142.5
165.0
186.4
135.2
110.4
145.8
186.7
123.5
139.8
180.5
162.4
162.0
130.5
148.3
179.7
121.0
124.8
180.4
121.5
180.6
150.4
137.5
116.7
189.3
176.4
164.9
172.4
184.9
126.7
185.8
139.3
185.0
164.5
175.8
163.3
112.1
133.3
145.0
167.2
144.6
120.5
188.6
126.8
110.7
153.5
171.4
189.2
184.8
126.4
121.2
129.6
121.6
185.0
124.1
141.7
138.0
125.0
154.5
179.3
166.2
135.0
166.4
155.0
185.7
153.9
111.4
161.1
189.5
181.5
119.9
131.2
141.9
179.4
125.6
166.8
117.6
123.4
174.5
160.0
156.9
111.9
113.5
146.1
126.7
168.4
161.9
134.5
189.6
129.6
142.3
166.2
178.9
142.0
135.3
164.3
183.1
159.7
167.8
158.3
121.7
130.8
141.7
140.3
173.7
150.8
181.2
116.7
132.3
117.9
110.1
188.8
188.6
123.7
126.1
117.7
129.4
159.0
114.2
147.1
133.7
139.9
135.5
136.9
153.5
125.9
112.4
120.0
165.1
140.9
169.7
149.2
184.7
135.6
175.9
156.7
147.9
182.6
176.9
143.8
155.6
163.4
145.7
174.0
117.3
117.8
150.3
169.7
111.3
157.6
128.9
126.0
147.2
179.1
166.8
185.3
151.4
164.4
181.7
115.8
129.5
130.5
118.0
144.2
139.3
139.3
168.9
111.0
126.3
173.3
110.4
111.1
146.8
161.5
121.9
151.7
177.5
120.6
126.1
187.9
166.0
129.7
117.3
145.5
185.9
187.1
121.8
174.3
189.5
139.8
171.4
130.0
157.0
151.5
122.2
160.1
184.7
113.8
134.4
147.9
183.2
174.9
161.6
131.6
183.3
129.0
170.7
122.6
126.8
158.4
166.2
163.4
118.3
146.7
118.5
177.6
116.3
171.3
158.3
146.5
172.6
123.5
126.8
112.2
168.4
140.8
151.2
149.8
168.1
149.4
150.0
140.3
149.8
153.0
142.6
164.5
157.2
188.2
177.8
154.8
132.5
158.6
175.4
173.9
154.6
151.6
155.8
168.8
131.3
129.1
132.9
150.6
130.4
135.3
164.2
152.8
164.5
188.7
116.2
158.8
131.9
131.8
187.6
178.5
177.3
143.6
111.8
111.3
149.4
180.1
163.2
111.3
115.2
128.2
157.9
149.6
182.9
119.7
159.6
183.8
183.5
138.2
158.4
174.6
127.5
150.6
137.0
147.1
152.5
136.2
113.9
162.4
166.5
125.8
129.7
160.9
183.3
182.6
165.9
126.4
131.7
137.3
134.0
162.7
165.5
148.1
133.4
113.9
152.8
144.6
