590 600
147.9
136.5
165.4
163.5
150.7
115.2
131.2
122.5
154.3
168.1
139.7
114.1
150.0
166.3
153.2
154.1
140.5
123.0
124.8
170.4
112.8
142.0
131.5
144.6
137.0
114.6
110.9
115.2
111.4
180.4
154.1
133.7
139.6
155.5
111.1
149.3
186.5
178.4
146.3
118.4
154.0
116.3
132.5
161.9
120.0
115.0
123.4
129.8
144.9
125.9
112.2
133.7
139.3
134.1
161.7
124.1
176.4
145.4
128.3
156.6
158.1
174.0
114.3
165.1
137.0
147.3
115.5
141.5
174.2
136.3
154.2
177.7
146.2
113.0
124.2
161.8
159.8
110.5
122.5
130.7
131.6
153.4
173.0
116.7
177.2
142.9
154.7
151.4
181.4
119.3
152.9
160.2
119.8
179.6
137.4
167.6
141.1
148.2
189.0
157.0
169.0
175.3
120.5
112.4
147.5
136.4
134.8
140.4
154.8
121.7
186.6
144.7
155.6
139.0
144.9
158.5
115.5
185.1
165.7
166.4
188.1
184.4
169.6
123.6
157.2
121.4
153.8
132.5
187.8
142.8
146.7
183.7
146.1
142.6
189.9
150.3
136.4
187.4
177.8
162.5
153.9
187.7
140.4
175.8
160.3
122.1
156.6
112.7
178.9
114.4
185.8
121.9
120.3
123.9
134.3
111.6
120.7
156.8
116.5
146.9
121.0
148.1
120.7
180.8
160.8
125.4
126.5
129.2
133.0
138.8
164.4
116.8
119.5
184.7
138.4
151.3
127.2
176.9
173.8
130.6
179.4
162.0
158.2
143.6
174.2
143.4
150.3
147.5
180.6
117.1
154.0
147.6
140.1
135.9
137.3
165.2
120.9
118.0
119.9
145.9
122.0
145.0
149.9
173.7
110.1
135.7
133.4
180.7
156.3
173.1
130.1
168.1
185.0
171.9
122.3
133.0
120.0
173.3
147.9
161.6
110.7
140.7
110.6
170.6
172.2
187.1
130.2
115.2
164.9
188.5
142.0
140.2
129.7
142.8
170.3
167.6
177.5
140.8
167.7
140.0
158.8
165.9
112.6
158.8
180.5
119.2
139.4
158.1
160.3
166.3
112.0
119.6
164.5
119.5
156.5
175.2
186.1
177.6
173.7
156.5
117.7
164.9
110.4
151.5
144.3
184.1
165.5
134.6
137.1
124.0
152.6
161.2
164.3
165.6
182.9
164.3
147.5
148.9
133.8
143.0
151.8
117.0
174.6
134.2
122.0
185.6
177.3
139.7
112.2
178.8
159.9
132.9
133.5
176.0
115.6
148.5
121.7
119.4
139.6
171.4
130.3
172.5
178.4
142.8
160.8
141.2
150.0
143.9
163.6
152.8
138.1
184.4
143.3
122.0
125.2
126.2
160.1
131.9
157.9
132.2
165.7
124.1
131.2
112.6
120.5
113.8
123.2
116.1
126.6
147.9
151.0
186.0
138.9
120.6
127.6
165.5
184.3
170.1
126.4
184.7
133.6
167.0
121.1
148.7
151.5
163.0
147.1
144.4
145.0
154.2
179.1
156.6
117.0
152.0
110.7
128.3
149.8
171.0
111.5
125.4
124.8
174.4
174.8
131.2
144.4
116.5
128.9
150.2
155.6
115.6
122.8
111.6
138.3
150.7
150.9
158.3
151.8
160.7
154.6
135.3
183.2
112.5
116.8
146.5
110.9
186.5
179.2
187.3
142.1
146.9
167.8
183.6
187.4
148.5
157.4
183.9
134.7
138.4
186.4
123.2
187.5
119.3
136.6
117.2
172.2
136.7
170.7
185.3
164.1
154.5
129.4
176.4
137.9
183.8
176.6
125.1
161.0
183.6
161.7
114.3
172.0
138.3
155.2
150.8
123.2
122.1
186.1
162.5
178.0
158.4
160.0
114.1
130.4
121.2
139.8
125.7
152.7
138.5
136.4
137.6
176.4
145.0
110.6
159.8
122.0
138.3
113.1
134.9
175.4
134.5
113.1
175.7
160.2
168.4
125.8
136.4
169.8
182.6
184.9
186.0
185.4
145.3
178.6
168.5
180.4
163.6
178.1
118.7
167.1
169.8
183.2
169.7
125.5
146.0
131.1
182.1
171.3
140.2
182.9
144.6
180.3
142.3
140.1
142.0
113.9
164.4
147.6
112.7
136.0
135.4
122.5
185.0
157.7
131.9
150.2
184.9
110.9
167.4
114.7
128.9
136.3
164.2
161.7
135.1
165.9
142.1
114.8
164.3
155.6
174.1
188.4
139.0
160.7
185.5
179.3
151.4
117.1
127.0
160.5
128.2
189.1
135.0
124.6
134.6
162.9
147.7
158.7
151.2
124.5
162.3
110.3
160.2
150.5
189.7
171.6
137.0
163.8
143.7
133.1
152.0
117.1
157.6
184.9
115.8
152.4
184.9
145.1
153.8
180.2
130.8
117.3
180.7
144.1
121.3
131.1
154.1
125.0
142.4
160.2
154.6
161.0
136.0
156.2
188.1
137.1
163.9
185.2
128.2
113.7
187.0
160.9
161.8
175.2
139.7
182.7
162.1
140.4
186.1
179.2
149.7
150.4
163.6
159.7
184.5
171.5
156.1
142.9
170.5
124.8
123.2
129.8
125.6
189.4
179.2
144.3
161.9
189.6
145.1
110.3
164.0
128.4
189.4
151.2
188.3
132.1
178.7
121.9
137.9
170.1
183.5
160.8
114.5
124.5
123.9
125.3
156.4
169.8
169.6
154.4
156.1
163.2
183.7
145.2
173.7
149.5
187.0
181.1
162.6
164.7
115.1
120.5
136.3
128.8
180.7
127.2
117.0
113.6
153.7
131.3
162.5
149.7
117.0
116.2
160.9
116.2
146.9
123.6
126.1
158.8
127.5
127.9
146.6
173.6
158.3
146.3
178.1
179.9
156.9
126.5
165.4
153.0
116.1
171.9
125.9
150.7
139.1
166.4
124.8
168.4
184.0
125.2
118.2
127.9
125.1
126.2
126.5
145.3
111.7
120.3
132.7
113.9
181.0
179.4
143.0
160.1
124.5
172.4
114.0
140.5
125.0
138.2
119.7
184.0
110.6
166.1
133.7
121.5
151.9
170.5
119.6
185.3
136.0
117.3
146.6
185.4
144.7
188.6
140.2
151.9
137.6
183.3
145.0
144.5
122.9
165.8
123.6
136.4
144.1
134.7
126.3
179.3
156.1
114.6
180.1
111.3
131.4
174.2
182.8
166.7
111.0
111.5
147.0
136.3
112.9
143.5
155.8
128.0
131.5
185.6
154.7
162.5
177.5
163.1
147.9
155.6
174.8
161.5
118.0
112.7
115.3
113.9
129.4
162.7
113.4
181.2
161.7
124.5
128.0
149.1
139.6
127.0
171.0
169.3
143.9
159.8
128.2
182.3
149.6
122.8
163.4
159.6
164.4
120.1
168.0
175.7
142.1
176.7
187.0
144.8
123.9
112.4
170.2
142.9
136.7
158.7
122.5
118.1
167.8
166.8
111.0
133.1
129.8
137.8
121.3
120.7
168.5
151.0
186.1
151.3
148.3
141.8
186.7
121.1
141.4
134.5
125.9
119.4
134.8
118.9
125.2
158.2
116.4
148.9
188.0
116.8
168.4
116.9
110.5
178.8
112.6
114.2
180.2
111.1
125.3
132.6
183.6
120.2
189.9
174.7
127.2
160.0
181.2
115.4
186.1
150.8
185.6
155.2
138.6
151.9
149.2
172.0
150.2
148.1
125.1
165.6
127.8
186.9
183.6
118.1
116.7
111.4
131.6
153.1
170.1
176.6
120.5
163.4
134.7
139.8
138.2
129.3
182.8
170.8
124.5
185.2
168.9
153.7
134.6
138.1
123.5
133.1
138.2
179.9
131.6
121.6
141.3
188.7
169.7
129.9
144.7
111.9
125.9
127.8
158.1
162.7
161.5
122.5
189.8
170.1
180.2
138.6
155.2
162.8
177.6
175.0
113.3
121.7
183.9
168.7
114.1
119.4
152.0
111.9
150.6
172.2
134.2
146.7
143.2
161.6
183.4
148.3
113.4
185.5
161.3
184.1
113.1
179.1
142.3
164.0
113.3
128.1
157.7
136.7
120.0
180.1
163.8
179.8
135.6
152.7
148.7
145.6
150.4
135.0
131.9
153.0
164.6
159.3
171.5
115.5
147.9
117.0
175.9
146.8
167.2
134.9
118.1
137.0
122.1
158.1
171.1
138.6
150.9
146.9
183.1
141.2
123.0
172.2
116.4
141.1
112.3
138.3
172.8
171.6
151.5
144.1
118.5
183.7
171.6
180.4
135.7
144.0
159.1
164.5
151.3
123.2
143.8
127.4
160.2
147.4
121.9
148.6
142.9
146.4
185.1
128.2
158.1
137.0
145.9
136.8
151.6
117.4
133.7
143.4
158.0
157.8
163.0
118.7
160.5
156.7
178.7
162.7
184.2
172.1
139.4
176.9
187.1
113.2
146.2
128.4
170.2
120.1
183.8
189.9
180.2
156.1
184.6
178.2
182.7
166.5
141.4
145.2
145.2
186.2
139.8
117.4
124.1
159.5
125.0
174.8
140.5
127.3
122.7
155.0
189.9
114.3
111.9
113.4
117.9
159.4
124.2
148.4
135.9
177.4
116.5
170.6
165.4
143.0
134.2
131.4
145.7
188.8
123.1
114.8
120.5
124.4
173.1
131.6
113.6
132.7
185.4
127.6
174.3
173.1
110.1
167.8
143.9
112.1
151.1
173.2
165.1
176.2
120.2
159.5
163.8
185.8
173.6
142.9
128.1
123.8
185.1
174.2
127.9
134.4
146.3
126.6
183.8
140.8
119.1
138.9
127.3
177.3
149.9
185.9
125.2
150.8
183.2
176.1
140.0
134.4
139.2
155.5
137.6
183.5
186.0
175.2
149.0
162.0
183.2
158.7
168.2
128.2
111.0
147.5
165.2
157.6
163.7
184.5
179.3
140.1
119.4
133.6
121.1
134.1
112.0
164.9
176.4
186.1
160.5
116.8
150.0
127.6
179.7
185.9
170.6
134.2
153.0
173.8
182.1
170.9
110.8
186.7
145.9
125.0
171.8
163.9
165.7
156.9
179.3
135.6
110.8
132.8
165.3
154.8
160.0
148.1
139.7
119.8
175.1
177.3
186.6
128.4
178.0
178.8
183.5
150.1
140.0
166.7
178.8
172.3
145.3
114.1
126.8
135.1
145.0
111.7
157.1
147.6
146.2
174.6
174.8
144.1
139.2
145.2
110.3
123.5
180.6
184.6
115.4
185.9
131.6
