29 30
8 8 10 11 13 15 17 21 25
6 5 7 13 20 27 29
12 2 3 4 6 7 8 11 14 17 18 27 28
9 1 6 9 12 13 14 17 25 28
10 1 3 13 18 19 22 23 25 26 28
8 4 7 8 14 16 20 22 28
7 4 14 15 16 23 25 26
13 2 3 5 7 8 9 16 20 24 25 27 29 30
13 1 3 9 10 13 15 16 22 25 26 27 28 30
8 2 3 12 20 21 24 25 30
9 1 6 13 14 17 18 22 24 27
5 2 9 15 27 28
9 1 4 5 6 10 11 16 19 21
15 2 3 5 6 7 9 10 11 13 18 21 22 23 27 28
9 4 5 8 10 16 17 20 23 24
11 3 4 5 6 8 10 13 23 24 27 28
12 6 7 10 11 16 17 20 22 23 25 29 30
10 3 5 12 13 14 16 20 22 26 29
9 6 15 18 20 21 23 24 27 28
10 1 4 6 7 9 14 25 26 27 30
14 2 4 6 7 11 13 14 19 20 21 27 28 29 30
6 2 3 6 14 15 16
9 7 13 14 15 16 21 22 29 30
12 3 7 10 14 15 16 20 23 24 27 28 30
13 3 5 6 8 10 12 16 17 18 19 23 26 30
13 2 3 5 7 12 13 15 17 21 22 24 28 29
12 3 8 12 13 14 15 16 17 20 24 27 30
13 2 4 5 6 9 11 12 15 17 20 22 25 26
15 1 4 6 7 8 9 13 14 16 17 18 21 22 23 28
