81
1 9 7
1 5 3
1 7 3
2 4 4
2 6 2
3 6 2
3 8 4
4 10 1
5 10 2
7 11 2
8 11 1
9 24 10
10 9 2
11 9 2
12 13 4
12 11 6
13 15 1
13 16 4
13 17 6
14 18 10
14 15 8
14 10 9
15 57 7
17 60 5
17 57 2
18 19 4
18 20 6
19 54 5
20 54 3
20 21 2
54 55 6
54 56 8
57 58 3
57 59 10
21 23 3
21 24 3
22 24 3
22 25 3
23 26 3
23 27 3
24 27 3
24 28 3
25 28 3
25 29 3
26 30 3
27 30 3
27 31 3
28 31 3
28 32 3
29 32 3
30 33 3
31 33 3
31 34 3
32 34 3
33 35 5
34 36 5
36 37 5
35 38 5
37 40 1
38 39 1
40 42 1
40 41 1
39 41 1
39 43 1
42 44 1
42 45 1
41 45 1
41 46 1
43 46 1
43 47 1
44 50 1
45 50 1
45 49 1
46 49 1
46 48 1
47 48 1
50 51 1
49 51 1
49 52 1
48 52 1
49 53 7
