300
729 2506
3532 1668
4273 2558
4492 3871
4291 3749
933 3388
1902 4773
269 4142
1001 2303
4404 2676
2129 796
48 4415
4406 1846
108 4983
479 2264
3544 811
2315 536
2615 3328
571 2892
2116 2037
3564 1947
4119 580
3240 1558
4935 3610
1735 2990
1040 4459
2626 1408
2639 4800
1817 4198
4107 1410
4557 4975
2855 3268
3808 4771
2085 2028
3596 3175
1509 3506
3106 3192
1206 3116
4084 846
3684 3601
605 1094
1467 4612
2607 4469
3747 1860
2972 2601
2644 3770
2769 4834
1628 74
4873 4154
2623 3038
318 1792
2750 4495
3501 3739
531 741
2802 1269
356 3897
2305 2214
2726 9
568 979
235 4372
2105 4655
1263 2023
860 1704
712 1655
2468 3173
3164 367
1920 4055
24 1340
397 1461
4846 3631
282 84
1734 3867
1597 1958
1184 4024
3148 1099
4144 1232
1279 2966
3764 2632
1556 3538
58 4089
4690 1860
1437 3991
2106 506
4922 2729
42 4236
1766 1770
557 2010
1474 3535
1608 319
930 1003
2277 4684
1618 3688
925 3456
506 798
1266 1287
4795 1344
4163 3560
3962 389
492 315
3677 237
4285 3258
3860 574
177 928
642 2509
2762 3992
2611 4560
3562 3519
3976 3107
4309 356
4569 2689
2846 2295
4155 4206
4648 4928
2746 2011
374 113
464 26
2268 3567
3023 266
1071 412
4939 1053
3850 4057
132 2048
1291 3547
2715 978
4222 1211
1130 4281
1137 834
313 1346
2199 932
822 1111
3104 2925
3564 3910
3736 2441
1640 3735
991 968
248 4014
1498 4371
1188 4018
2273 408
666 1677
2360 1340
2549 4214
2961 1409
85 4323
1241 1549
549 378
410 2005
3665 3290
1802 1010
3118 1445
298 28
1551 1361
2393 4332
1732 3064
1458 1670
1374 4164
483 2143
1049 935
1055 1611
4929 4282
4031 602
1472 1236
1004 1467
1094 222
4641 946
2426 4292
4638 1415
1776 3718
1591 1655
3740 512
4087 1830
2486 2519
415 1100
3807 3325
2908 2032
938 255
120 227
766 4917
2815 1191
1355 1345
492 4463
2787 4676
2805 1952
724 757
4213 129
211 3659
3544 79
1827 1478
2348 164
4558 2304
4687 193
4387 1394
2963 337
24 316
753 4680
1826 653
965 4859
147 1500
1110 4858
603 574
3209 1324
2938 4073
198 4233
1324 2592
1539 670
831 2528
1775 5
3417 4202
2778 4155
166 1139
3411 2366
2288 3328
2731 974
311 2406
4544 4738
492 848
2132 2351
1968 4290
3631 109
3618 3070
3842 1731
105 4621
1542 76
815 305
3684 3217
903 4288
3598 4377
4936 835
3061 4422
1809 1536
4549 1970
2416 2684
134 4170
606 3349
2645 2682
453 2472
2946 769
1957 710
2803 3711
75 4213
4329 4604
2435 404
3336 538
3832 3062
4829 669
4193 4003
2316 18
270 3467
3664 2750
3715 4028
254 3320
3748 2710
372 2986
4219 1661
821 3372
493 2791
2264 1474
987 2167
3867 2064
3216 4481
3202 2954
3038 4190
485 344
359 4002
4768 2906
4416 605
388 856
2296 1351
470 2430
210 2608
2846 1222
4846 2487
1803 4766
1575 456
2878 4867
4737 2451
1716 2830
481 4683
2608 806
858 220
3864 4462
1853 1097
4494 3281
4528 2781
426 923
4810 4656
4805 3578
2782 3172
625 3725
2470 425
2272 4555
1379 1685
3971 160
3610 2872
2525 3955
120 400
3662 1091
1193 2256
467 1051
4589 4806