4 60 45 40 5
1 2
1 4
1 8
1 16
1 3
0 0

5 75 50 45 40 5
1 2
1 4
1 8
1 3
0 0

4 8 16 24 40
729 10000
0 0

4 6 60 72 90
1 2
1 3
1 5
1 8
0 0

5 5 50 60 75 80
1 2
1 3
1 5
6 5
1 4
0 0

5 5 35 70 60 75
1 5
3 1
6561 3125
0 0

5 5 30 75 25 70
1 2
7 1
2401 8192
0 0

20 5 10 15 20 25 30 35 40 45 50 55 60 65 70 75 80 85 90 95 100
1 2
1 3
1 4
1 5
1 6
1 7
1 8
1 9
1 10
1 11
1 12
1 13
1 14
1 15
1 16
1 17
1 18
1 19
1 20
1 21
1 22
1 23
1 24
1 25
1 26
1 27
1 28
1 29
1 30
0 0

3 28 98 14
2 7
1 7
49 4
49 8
0 0

4 5 100 90 15
5 1
1 2
3125 8192
0 0

3 23 69 92
3 4
8 18
90 5
180 5
0 0

3 6 12 30
4 5
1 6
0 0

3 5 40 80
2 1
3 1
4 1
8 1
16 1
0 0

4 5 75 90 100
1 2
1 4
1 8
1 16
1 32
3 1
9 1
27 1
81 1
243 1
5 1
25 1
125 1
625 1
3125 1
3 2
5 2
5 3
0 0

5 5 75 90 100 40
1 2
1 4
1 8
1 16
1 32
3 1
9 1
27 1
81 1
243 1
5 1
25 1
125 1
625 1
3125 1
3 2
5 2
5 3
0 0

2 7 91
2 26
221 17
1 17
0 0

4 6 42 90 36
2401 2400
0 0


5 6 42 90 36 12
2401 2400
0 0

4 9 99 54 72
121 48
33 4
44 3
33 22
0 0

5 5 75 90 100 20
1 2
1 4
1 8
1 16
1 32
3 1
9 1
27 1
81 1
243 1
0 0

2 11 99
3 1
9 1
27 1
81 1
243 1
729 1
0 0

3 98 70 7
5 7
35 1
5 1
20 1
10 1
25 14
50 7
0 0

0
