2 2 5
2 2 3
3 2 3 4
4 2 3 4 5
5 2 3 4 5 6
6 2 3 4 5 6 7
7 2 3 4 5 6 7 8
8 2 3 4 5 6 7 8 9
9 2 3 4 5 6 7 8 9 10
10 2 3 4 5 6 7 8 9 10 11
11 2 3 4 5 6 7 8 9 10 11 12
12 2 3 4 5 6 7 8 9 10 11 12 13
13 2 3 4 5 6 7 8 9 10 11 12 13 14
14 2 3 4 5 6 7 8 9 10 11 12 13 14 15
15 2 3 4 5 6 7 8 9 10 11 12 13 14 15 16
16 2 3 4 5 6 7 8 9 10 11 12 13 14 15 16 17
17 2 3 4 5 6 7 8 9 10 11 12 13 14 15 16 17 18
18 2 3 4 5 6 7 8 9 10 11 12 13 14 15 16 17 18 19
19 2 3 4 5 6 7 8 9 10 11 12 13 14 15 16 17 18 19 20
9 3 5 7 9 11 13 15 17 19
9 2 3 4 6 8 9 11 13 16
0
