1
2
3
4
5
6
7
8
9
10
122
9900
6000
4937774
1
4937776
56373567
563
776
785685
485
864
78
478
4784578
478
478
67
846784
678
678
76
867
87
76
876
87658
65785678
6784578
374326
34676789
12343124
323
3453465
35634
32453
4576457
4574574
75
676437
5367
657
356737
56373
56767
75674645
74576
756
757467
4576
3345
35234523
34
678768
43568567
1
2
3
4
5
6
7
8
9
10
11
12
13
14
15
16
17
18
19
20
100
1000
10000
100000
1000000
10000000
1
2
3
4
12
13
288
289
322
323
6035
6036
9984
9985
123456
4937774
4937775
14894628
14894629
46999200
46999201
98200080
98200081
99999998
99999999
0
