12
-20 10
-30 20
-20 30
0 10
10 20
30 0
10 -20
20 -30
10 -40
-20 -10
-30 -20
-40 -10
6
0 0
-20 10
10 30
10 0
30 -10
-30 -30
6
-20 20
30 30
20 20
30 -10
-20 -20
-10 -10
60
18 35
32 32
24 30
23 28
29 23
19 25
25 19
16 22
13 23
20 10
10 22
9 19
12 4
6 15
4 14
2 20
0 13
-4 9
-7 7
-10 9
-15 6
-17 8
-17 13
-16 19
-25 16
-16 24
-14 28
-15 29
-30 28
-15 33
-15 35
-26 38
-17 39
-14 40
-29 49
-19 47
-21 52
-19 54
-15 54
-9 50
-11 57
-5 50
-7 62
-2 52
-1 68
2 57
4 53
6 52
7 51
12 57
13 55
11 47
12 46
21 52
25 51
26 49
24 45
31 45
17 38
21 37
80
-16 47
0 45
-16 44
-14 42
-17 41
-4 36
-18 39
-9 33
-19 36
-15 29
-21 34
-11 22
-23 32
-17 18
-25 30
-23 19
-28 29
-29 20
-31 29
-30 15
-34 29
-36 15
-37 29
-39 23
-40 29
-44 23
-43 30
-49 23
-45 32
-52 23
-47 34
-56 28
-49 36
-62 31
-50 39
-65 36
-52 41
-63 40
-53 44
-66 43
-52 47
-68 52
-53 50
-62 53
-52 53
-54 56
-51 56
-59 62
-49 58
-60 69
-47 60
-53 68
-45 62
-46 68
-42 63
-45 73
-40 64
-39 77
-37 65
-36 74
-34 66
-31 79
-31 66
-28 77
-28 65
-25 70
-25 64
-19 72
-23 62
-18 64
-21 60
-14 66
-19 58
-13 59
-17 56
-13 56
-17 53
-5 53
-15 50
-10 49
80
27 29
31 28
28 26
35 23
26 23
29 22
25 21
31 15
24 18
26 16
22 16
30 2
20 14
22 10
18 12
19 2
15 11
16 5
12 10
12 1
9 11
9 5
6 11
4 0
3 11
0 4
1 13
-2 11
-2 14
-13 3
-4 16
-14 10
-6 18
-12 16
-8 20
-23 17
-9 23
-22 20
-10 26
-21 27
-9 29
-14 30
-10 32
-21 37
-9 35
-23 40
-8 38
-19 46
-6 40
-9 43
-4 42
-7 47
-2 44
-7 59
0 46
-2 53
3 46
2 53
6 47
6 53
9 47
12 63
12 47
15 57
15 46
21 60
17 45
19 48
20 44
32 54
22 42
31 46
24 40
28 40
26 38
36 41
26 35
29 35
28 32
33 30
60
-2 -18
0 -20
-2 -21
-2 -23
-2 -25
8 -33
1 -32
7 -40
-3 -35
-9 -30
-3 -43
-7 -43
-11 -39
-13 -43
-15 -42
-18 -46
-21 -45
-21 -34
-25 -39
-31 -47
-34 -46
-37 -45
-38 -40
-34 -33
-42 -36
-34 -27
-36 -26
-35 -24
-36 -22
-50 -21
-47 -18
-44 -15
-33 -15
-47 -9
-34 -11
-38 -7
-37 -4
-36 -2
-31 -3
-30 -2
-30 3
-29 8
-29 14
-22 0
-22 16
-18 6
-15 10
-12 10
-9 9
-7 8
-6 4
-3 3
0 2
6 3
-2 -6
11 -1
10 -5
1 -12
2 -14
-3 -16
80
-12 -12
-4 -15
-12 -15
2 -19
-12 -18
-11 -21
-14 -20
-3 -30
-15 -23
-11 -27
-17 -25
-7 -36
-19 -27
-13 -38
-22 -28
-18 -43
-24 -29
-20 -45
-27 -31
-29 -33
-30 -31
-32 -45
-33 -31
-36 -41
-36 -30
-40 -33
-39 -29
-41 -31
-41 -27
-45 -29
-43 -25
-54 -35
-45 -23
-48 -23
-46 -20
-58 -24
-48 -18
-56 -18
-48 -15
-53 -13
-49 -12
-51 -10
-48 -9
-59 -4
-48 -6
-57 0
-47 -3
-58 6
-45 -1
-53 9
-43 1
-51 10
-41 3
-48 15
-38 4
-39 14
-36 5
-37 14
-33 7
-33 15
-30 6
-27 9
-27 7
-24 22
-24 6
-18 20
-22 4
-14 17
-19 3
-15 5
-17 1
-3 9
-15 -1
-1 6
-14 -4
3 0
-13 -6
-4 -6
-12 -9
-3 -11
60
1 40
17 37
18 33
14 31
13 28
0 32
-2 31
1 27
3 21
3 17
1 14
-5 20
-5 13
-10 22
-12 17
-14 11
-17 13
-19 15
-19 25
-26 13
-23 24
-34 12
-31 21
-30 26
-37 23
-37 26
-43 27
-34 34
-31 36
-44 37
-29 40
-42 43
-45 47
-40 48
-31 48
-43 56
-32 53
-30 55
-34 62
-33 67
-31 69
-25 64
-19 54
-19 64
-17 70
-14 61
-11 70
-8 69
-4 70
-7 56
1 67
-4 54
-4 51
5 57
11 58
14 56
11 51
6 46
3 44
6 42
60
-26 -2
-21 -5
-27 -7
-27 -9
-30 -11
-21 -19
-23 -21
-28 -22
-31 -23
-34 -25
-38 -22
-40 -25
-41 -31
-46 -19
-48 -19
-50 -24
-52 -23
-53 -18
-57 -23
-59 -21
-58 -16
-59 -14
-73 -27
-66 -16
-66 -14
-71 -14
-71 -11
-78 -11
-76 -8
-65 -4
-67 -2
-77 1
-77 4
-74 6
-68 6
-74 12
-65 9
-74 19
-65 15
-68 23
-66 26
-64 29
-56 17
-56 24
-53 25
-50 21
-46 32
-44 25
-44 18
-44 12
-38 20
-41 11
-31 20
-37 10
-27 15
-35 7
-32 6
-32 4
-33 2
-32 0
60
9 -31
-3 -33
-2 -35
1 -38
-6 -38
-7 -39
-8 -41
0 -51
-5 -50
-2 -59
-7 -57
-8 -62
-15 -53
-17 -53
-20 -54
-22 -46
-25 -57
-26 -49
-28 -50
-33 -55
-37 -57
-36 -50
-45 -56
-41 -48
-35 -40
-45 -45
-38 -38
-47 -39
-47 -36
-53 -34
-54 -31
-53 -28
-38 -28
-46 -23
-48 -20
-49 -16
-43 -16
-45 -10
-37 -15
-42 -3
-37 -5
-33 -6
-28 -13
-27 -7
-25 -1
-22 -13
-20 -12
-19 -15
-15 -8
-9 -2
-12 -14
-4 -7
-7 -15
-10 -20
1 -14
-4 -20
-5 -23
-6 -26
8 -25
10 -28
60
19 -35
23 -38
21 -41
16 -42
20 -47
19 -49
14 -50
17 -56
8 -51
5 -50
6 -55
7 -65
3 -64
-2 -54
-3 -68
-6 -67
-9 -61
-11 -57
-11 -49
-16 -57
-22 -64
-16 -49
-25 -56
-20 -48
-22 -47
-29 -49
-34 -48
-26 -41
-22 -38
-24 -37
-39 -35
-31 -32
-27 -31
-35 -25
-25 -26
-22 -26
-31 -17
-28 -15
-26 -13
-21 -15
-17 -17
-17 -10
-11 -19
-13 -4
-8 -12
-6 -15
-4 -12
0 -8
4 -6
6 -8
10 -7
4 -21
7 -21
13 -18
17 -19
23 -18
20 -24
13 -29
20 -29
11 -33
60
39 26
29 24
40 20
39 17
30 18
32 15
25 17
29 11
34 1
28 4
27 0
22 4
19 3
16 5
16 -8
12 5
10 11
6 -1
4 1
5 11
1 7
-1 8
-4 8
-12 5
-2 16
-1 18
-5 18
-14 18
-21 19
-12 23
-15 26
-6 28
-6 30
-9 33
-11 36
-10 38
-3 37
-1 37
-2 42
-3 46
2 42
5 42
4 50
7 48
10 49
12 44
14 46
19 59
20 50
24 53
22 43
21 39
25 41
31 43
37 44
28 36
32 35
28 31
35 31
28 28
60
23 -33
18 -35
24 -37
30 -42
20 -41
18 -41
15 -42
20 -48
22 -54
16 -51
20 -62
14 -58
13 -62
10 -65
6 -59
3 -64
0 -61
-3 -62
-4 -56
-10 -62
-11 -57
-15 -57
-10 -48
-22 -56
-13 -45
-13 -43
-27 -46
-14 -39
-15 -37
-14 -35
-19 -33
-14 -31
-12 -30
-14 -27
-27 -20
-13 -24
-21 -15
-10 -21
-16 -11
-12 -12
-12 -8
-9 -7
-4 -12
-4 0
0 -2
3 -8
5 -15
7 -16
11 -9
14 -7
18 -7
22 -6
19 -15
24 -14
25 -17
25 -20
29 -22
31 -24
26 -28
26 -31
60
-30 29
-29 27
-16 23
-17 20
-22 18
-21 15
-27 15
-32 16
-33 15
-30 6
-33 7
-33 0
-39 8
-41 6
-44 12
-46 3
-48 8
-51 7
-51 13
-55 8
-57 9
-60 10
-66 7
-58 18
-62 17
-68 16
-69 19
-63 23
-65 25
-74 26
-65 29
-73 32
-67 33
-64 35
-63 37
-62 38
-72 48
-58 40
-66 51
-66 57
-55 44
-53 45
-53 51
-50 46
-49 58
-46 63
-44 46
-42 48
-39 51
-39 45
-36 47
-27 55
-36 40
-30 43
-24 45
-24 42
-28 37
-28 35
-13 36
-19 32
80
64 -3
80 -7
64 -6
69 -10
63 -9
64 -11
61 -11
74 -21
60 -14
69 -26
58 -16
65 -25
56 -18
60 -26
54 -20
53 -25
51 -20
51 -23
48 -21
48 -31
45 -22
40 -37
42 -22
38 -33
39 -21
35 -24
36 -20
30 -26
34 -18
31 -19
32 -16
23 -24
30 -14
27 -14
29 -11
22 -13
28 -9
18 -9
27 -6
20 -6
26 -3
13 -2
27 0
13 5
28 3
26 5
28 6
17 14
30 8
27 12
32 10
26 19
34 12
30 18
37 13
35 18
39 15
39 20
42 15
42 26
45 15
48 20
48 15
53 30
51 14
54 17
53 13
59 19
56 12
65 21
58 10
68 19
60 8
64 9
62 6
71 8
62 3
70 2
64 0
74 0
80
57 11
66 10
58 8
60 7
57 5
63 0
55 3
63 -3
54 0
54 -3
52 -2
61 -16
50 -4
53 -11
48 -6
48 -9
45 -7
44 -11
42 -8
40 -12
39 -7
34 -22
36 -8
35 -11
33 -7
27 -19
30 -6
23 -14
28 -4
23 -6
26 -2
14 -10
24 0
14 -6
23 3
17 1
21 5
7 2
20 8
16 10
21 11
10 12
21 14
8 18
21 17
16 19
22 20
18 25
24 22
13 34
26 24
25 29
28 26
23 37
30 28
28 41
33 29
32 41
36 30
37 40
39 30
42 37
42 30
45 40
45 29
47 30
47 27
54 34
50 26
58 35
52 24
59 28
54 22
65 28
55 19
66 22
56 17
62 17
58 14
61 14
60
51 4
47 1
40 0
48 -5
51 -10
42 -8
35 -7
41 -15
33 -10
38 -20
30 -13
26 -10
26 -15
26 -26
23 -21
20 -18
17 -26
14 -26
11 -25
11 -15
5 -22
0 -24
10 -7
1 -13
-7 -15
-6 -11
-5 -7
-3 -3
-6 -2
2 2
-10 4
-4 7
5 7
-12 15
-3 14
7 11
-7 23
0 22
8 17
1 31
6 28
8 30
12 28
14 31
18 23
20 35
22 19
24 21
25 18
31 29
34 29
35 24
35 21
37 19
34 14
33 12
45 15
41 11
42 9
46 7
80
27 16
35 15
27 13
32 9
27 10
35 5
25 8
38 -2
24 5
27 1
22 3
27 -4
20 1
21 -1
17 0
21 -13
15 -2
14 -10
12 -2
10 -17
9 -2
8 -12
6 -3
2 -15
3 -1
-1 -6
0 -1
-4 -3
-2 1
-7 -4
-4 3
-13 -3
-6 5
-9 5
-8 7
-20 3
-8 10
-25 6
-9 13
-24 14
-9 16
-25 19
-9 19
-15 22
-9 22
-10 24
-8 25
-12 31
-6 27
-7 31
-4 29
-5 32
-2 31
-5 40
1 32
0 39
3 34
1 45
6 34
7 44
9 34
10 38
12 35
14 44
15 33
18 36
17 32
21 37
20 31
28 38
22 29
34 37
24 27
37 32
25 24
30 23
26 22
33 23
28 19
35 19
60
-21 -4
-5 -7
-17 -8
-21 -10
-20 -12
-18 -15
-12 -23
-17 -23
-20 -24
-27 -19
-24 -27
-26 -30
-32 -21
-33 -26
-34 -38
-38 -33
-40 -23
-45 -35
-45 -25
-47 -24
-54 -32
-56 -29
-50 -17
-63 -27
-58 -19
-62 -18
-62 -15
-70 -15
-55 -8
-64 -7
-61 -4
-71 -1
-63 1
-52 1
-53 3
-53 4
-63 14
-60 15
-55 15
-50 13
-50 16
-51 25
-49 28
-44 24
-40 14
-38 14
-35 26
-34 14
-32 14
-29 15
-22 25
-25 14
-27 9
-22 11
-16 12
-15 10
-22 3
-9 6
-17 0
-22 -2
60
53 -25
56 -27
64 -31
54 -31
62 -36
62 -40
48 -34
49 -36
55 -47
45 -38
50 -48
42 -39
46 -55
40 -45
39 -55
36 -53
34 -43
29 -58
31 -40
30 -39
22 -49
25 -40
19 -44
13 -46
21 -36
17 -36
20 -32
6 -35
14 -30
12 -28
18 -25
19 -23
20 -22
5 -15
21 -18
13 -12
18 -12
18 -9
17 -4
16 3
22 -2
29 -9
31 -10
30 4
34 -3
36 -1
39 0
41 0
42 -8
45 -5
45 -9
47 -10
59 0
49 -13
59 -9
53 -15
63 -13
65 -16
51 -22
62 -22
60
32 6
21 4
24 2
34 -3
33 -7
33 -10
17 -3
24 -11
18 -9
20 -15
21 -21
12 -10
13 -18
9 -11
9 -28
5 -27
3 -14
-2 -26
-1 -14
-6 -19
-10 -20
-7 -11
-14 -16
-15 -12
-10 -5
-10 -3
-17 -4
-15 0
-13 2
-14 4
-15 6
-15 8
-18 11
-26 16
-21 18
-13 16
-14 20
-20 28
-8 21
-14 33
-8 28
-3 23
-3 32
-2 38
2 39
5 32
7 25
9 26
15 35
16 32
19 31
25 34
26 30
28 27
20 17
30 21
20 13
37 17
38 13
39 10
80
1 -13
9 -16
1 -16
4 -19
0 -19
10 -26
-1 -21
14 -29
-2 -24
9 -35
-4 -26
-2 -29
-6 -28
-4 -36
-8 -30
-6 -42
-11 -31
-11 -37
-14 -31
-16 -40
-17 -32
-18 -46
-20 -31
-22 -33
-23 -30
-31 -42
-25 -29
-31 -34
-28 -28
-41 -39
-30 -26
-45 -34
-32 -24
-43 -28
-33 -21
-48 -28
-34 -19
-37 -19
-36 -16
-46 -15
-35 -13
-44 -11
-36 -10
-37 -8
-35 -7
-43 -2
-34 -4
-40 0
-32 -2
-38 6
-30 0
-33 5
-28 2
-31 11
-25 3
-29 12
-23 5
-23 11
-20 6
-17 12
-17 5
-15 14
-14 5
-8 20
-11 5
-8 10
-9 3
-1 14
-6 2
-1 5
-4 0
3 3
-2 -2
9 4
0 -4
12 0
1 -7
5 -9
2 -10
5 -11
80
58 -29
73 -34
57 -32
73 -37
57 -35
59 -37
55 -37
64 -45
54 -40
58 -46
52 -42
54 -47
50 -44
54 -53
48 -46
53 -61
45 -47
43 -51
42 -48
42 -60
39 -47
36 -61
36 -47
30 -61
33 -46
27 -58
30 -46
23 -55
28 -44
21 -52
26 -42
13 -51
24 -40
19 -40
22 -38
12 -40
22 -35
9 -37
20 -32
14 -31
20 -29
8 -27
20 -26
7 -22
22 -23
13 -19
23 -21
15 -14
24 -18
17 -10
26 -16
21 -5
28 -14
27 -9
30 -12
26 -3
33 -12
33 -2
36 -10
36 1
39 -10
42 -6
42 -11
48 1
45 -11
47 -10
47 -13
53 -7
50 -14
55 -8
52 -16
57 -14
54 -18
67 -11
55 -21
70 -18
57 -23
71 -23
58 -26
74 -26
80
-5 29
3 28
-4 26
6 23
-6 23
7 16
-7 21
-5 16
-8 18
2 8
-10 16
-5 8
-12 14
-10 7
-15 13
-11 1
-17 12
-18 3
-20 11
-22 -4
-23 10
-26 -5
-26 11
-30 6
-29 11
-36 -2
-32 12
-39 5
-34 14
-45 2
-36 16
-45 9
-38 18
-44 18
-40 20
-47 17
-41 23
-49 23
-41 26
-51 27
-41 29
-46 31
-42 32
-48 36
-40 35
-42 37
-39 37
-53 47
-38 40
-39 43
-36 42
-40 51
-34 44
-38 51
-31 45
-35 54
-29 46
-32 59
-26 48
-26 52
-23 47
-21 56
-20 47
-17 56
-17 46
-12 58
-15 45
-11 52
-12 44
-6 50
-10 42
-2 47
-8 40
0 42
-7 37
2 40
-6 35
6 36
-5 32
5 31
60
-5 23
-11 21
0 17
0 14
-7 14
-1 8
-10 11
-3 2
-11 5
-12 3
-19 9
-18 3
-18 -6
-23 4
-24 -4
-27 -5
-31 -11
-33 -4
-33 5
-38 -2
-36 7
-37 9
-41 7
-46 6
-50 6
-41 15
-56 10
-50 16
-56 17
-56 20
-53 23
-48 25
-56 29
-41 28
-43 30
-56 40
-47 38
-44 38
-38 35
-40 41
-36 39
-39 50
-35 49
-31 44
-29 46
-27 38
-25 44
-24 39
-16 55
-16 49
-18 39
-18 35
-15 36
-15 34
1 43
-12 32
-7 32
4 33
-8 27
-9 25
60
10 20
16 17
16 14
5 14
14 8
3 11
6 6
0 9
-1 7
-4 8
-3 4
-7 6
-8 6
-10 4
-11 3
-13 -2
-15 5
-19 -9
-22 -7
-21 3
-30 -9
-22 7
-26 5
-32 3
-32 6
-42 3
-32 11
-35 13
-41 14
-36 18
-32 20
-29 22
-39 26
-32 26
-31 28
-42 36
-27 30
-38 42
-23 31
-27 39
-24 39
-22 40
-18 35
-18 44
-16 46
-13 46
-10 49
-7 46
-2 52
-4 39
0 43
-2 35
1 36
9 39
9 36
3 30
1 26
4 26
3 23
5 22
80
36 -43
49 -47
36 -46
43 -49
35 -49
44 -55
35 -52
38 -54
33 -54
36 -57
31 -56
32 -58
29 -58
36 -72
27 -60
31 -69
24 -61
25 -77
21 -62
22 -76
18 -61
17 -68
15 -61
12 -67
12 -61
10 -64
10 -59
6 -64
7 -58
-2 -64
5 -56
-7 -66
3 -54
-7 -57
2 -51
-6 -53
1 -49
-16 -52
0 -46
-10 -46
0 -43
-16 -41
-1 -40
-4 -38
1 -37
-1 -34
1 -34
-12 -27
3 -32
-2 -28
5 -30
2 -25
7 -28
6 -26
10 -27
5 -12
12 -25
10 -15
15 -24
16 -21
18 -25
20 -11
21 -24
28 -11
24 -26
32 -15
26 -27
31 -19
29 -28
34 -24
31 -30
43 -22
33 -32
37 -32
34 -35
42 -32
35 -37
49 -37
36 -40
48 -40
60
8 33
4 31
11 27
6 25
6 22
3 21
9 13
-6 22
-8 21
-10 21
-4 7
-13 19
-9 3
-14 11
-17 14
-19 18
-21 18
-26 2
-24 17
-30 7
-33 8
-35 11
-40 9
-32 22
-34 22
-48 16
-45 21
-46 24
-35 30
-37 31
-42 33
-41 35
-36 37
-37 39
-38 42
-46 48
-31 42
-33 46
-38 54
-37 58
-30 52
-26 49
-28 60
-25 60
-21 53
-19 59
-16 64
-12 65
-10 61
-8 58
-6 56
-7 49
-7 46
-6 45
-4 44
10 50
10 46
4 40
-1 37
-1 35
60
-18 -26
-12 -28
-20 -29
-21 -31
-12 -36
-15 -37
-23 -35
-16 -43
-21 -42
-17 -50
-21 -49
-24 -50
-27 -51
-29 -53
-33 -46
-35 -60
-38 -58
-40 -48
-43 -50
-44 -47
-49 -51
-47 -43
-47 -39
-58 -47
-50 -37
-55 -38
-63 -39
-65 -36
-62 -32
-54 -28
-52 -26
-50 -24
-68 -19
-59 -18
-61 -14
-52 -16
-59 -8
-46 -16
-45 -15
-47 -9
-46 -7
-45 -3
-41 -6
-41 3
-38 7
-35 -4
-33 -9
-29 4
-25 5
-28 -10
-23 -4
-18 -3
-17 -6
-16 -9
-21 -16
-18 -16
-13 -16
-3 -15
-12 -21
-8 -23
80
24 30
34 29
25 27
34 24
24 24
32 19
23 21
25 18
21 19
29 10
19 17
20 12
17 15
17 12
15 13
17 -1
12 13
12 7
9 11
8 8
6 11
3 2
3 11
-1 1
0 12
-5 5
-3 13
-13 3
-5 15
-9 13
-7 17
-20 8
-9 19
-22 11
-11 21
-23 19
-12 24
-22 24
-12 27
-26 26
-13 30
-28 31
-12 33
-25 36
-11 36
-13 39
-11 39
-24 48
-9 41
-17 49
-7 43
-9 47
-5 45
-9 56
-3 47
-8 60
0 48
-2 59
3 49
6 52
6 48
9 58
9 48
13 60
12 48
15 56
14 46
24 57
17 45
26 52
19 43
30 49
21 41
32 48
23 39
25 38
23 36
33 37
25 33
38 32
60
41 39
35 37
46 33
45 30
36 31
36 29
32 29
43 17
31 25
35 16
26 25
25 23
28 9
23 16
20 24
18 18
16 17
12 9
12 22
5 10
7 19
-1 12
5 25
6 28
3 28
2 30
-12 26
-4 32
0 35
-8 36
-11 39
-1 41
-5 44
-6 47
-8 51
3 47
6 48
7 49
1 58
9 52
6 60
9 59
8 70
11 71
16 55
18 54
21 69
23 63
28 68
25 55
31 62
34 62
33 55
38 57
34 51
32 47
34 46
37 45
34 42
41 41
60
-17 12
-10 9
-20 7
-17 4
-27 5
-26 3
-22 -3
-18 -9
-31 -1
-31 -3
-27 -13
-30 -15
-35 -10
-36 -16
-40 -10
-42 -14
-44 -7
-47 -13
-47 -2
-49 -4
-50 -2
-52 -2
-53 0
-58 -2
-65 -4
-65 -2
-61 3
-74 1
-68 6
-72 9
-68 12
-67 15
-70 18
-71 21
-58 19
-64 24
-64 28
-60 28
-55 27
-57 32
-51 28
-55 42
-48 31
-47 34
-44 30
-42 36
-40 35
-36 42
-33 40
-35 27
-26 40
-28 31
-24 32
-18 33
-21 27
-29 20
-25 20
-26 17
-18 17
-12 15
60
-12 23
-5 19
-18 19
-11 14
-17 13
-24 15
-26 14
-28 13
-20 2
-27 7
-23 -4
-28 -1
-29 -8
-35 6
-37 2
-39 6
-43 -11
-45 -5
-47 -3
-52 -5
-47 8
-58 -3
-55 5
-64 0
-58 9
-68 6
-65 12
-62 16
-55 20
-72 20
-61 23
-58 25
-57 27
-53 28
-63 34
-66 38
-55 35
-63 44
-49 34
-50 38
-47 36
-48 43
-45 43
-45 49
-42 54
-39 55
-37 44
-34 45
-31 49
-30 42
-27 45
-21 48
-19 45
-19 41
-17 39
-16 37
-18 32
-8 33
-10 29
-6 26
80
49 -40
57 -43
49 -43
52 -47
48 -46
50 -49
47 -49
52 -52
45 -51
55 -63
43 -53
46 -57
41 -55
40 -59
39 -57
40 -69
36 -57
36 -64
33 -58
32 -75
30 -58
27 -74
27 -59
24 -72
24 -58
18 -68
21 -57
14 -67
19 -55
11 -62
17 -53
7 -61
15 -51
1 -56
13 -49
6 -50
13 -46
7 -45
11 -43
-1 -42
11 -40
8 -38
11 -37
-1 -33
12 -34
-2 -28
14 -32
6 -24
15 -29
13 -26
17 -27
15 -23
19 -25
15 -16
21 -23
20 -16
24 -22
23 -13
27 -22
28 -7
30 -22
31 -18
33 -22
36 -9
36 -22
40 -16
39 -23
48 -10
41 -25
43 -24
43 -27
50 -24
45 -29
58 -24
46 -32
52 -30
48 -34
57 -32
48 -37
51 -39
80
59 -24
66 -27
59 -27
69 -32
59 -30
63 -32
58 -33
59 -34
56 -35
68 -46
54 -37
64 -49
52 -39
59 -53
50 -41
51 -44
47 -41
45 -45
44 -42
45 -57
41 -42
40 -54
38 -43
36 -51
35 -41
33 -47
33 -40
28 -44
30 -39
17 -50
28 -37
23 -38
26 -35
15 -39
25 -32
12 -36
24 -30
17 -31
23 -27
19 -26
22 -24
12 -23
22 -21
15 -17
23 -18
13 -11
25 -16
16 -9
26 -13
19 -6
28 -11
26 -5
30 -9
25 -1
32 -7
30 4
35 -7
35 4
38 -6
40 6
41 -6
42 10
44 -6
48 4
47 -7
54 3
49 -8
56 -1
52 -9
62 4
54 -11
58 -8
56 -13
60 -11
58 -15
69 -11
58 -18
68 -18
60 -21
63 -23
60
56 9
62 7
61 5
57 4
62 0
61 -2
68 -10
63 -11
54 -5
57 -13
52 -9
53 -17
46 -6
45 -9
45 -25
41 -16
39 -11
36 -13
33 -16
27 -22
31 -9
26 -12
22 -13
28 -2
18 -7
14 -7
15 -2
24 3
11 3
16 6
8 9
15 12
14 15
11 19
20 18
28 16
23 22
28 20
20 33
24 32
26 35
31 31
31 39
35 36
38 39
41 42
44 41
46 31
49 35
51 32
52 29
57 32
52 22
52 19
64 26
70 26
62 18
60 15
62 13
64 11
60
65 -26
70 -30
62 -32
68 -37
62 -37
63 -41
50 -36
61 -48
56 -48
47 -41
49 -49
43 -42
47 -58
39 -42
38 -46
36 -51
33 -55
32 -45
29 -47
24 -52
23 -49
17 -53
18 -46
25 -36
12 -44
16 -38
12 -37
7 -36
17 -30
11 -29
3 -26
16 -24
8 -20
19 -20
8 -13
7 -9
19 -14
15 -7
13 -1
18 -2
25 -7
29 -10
28 0
32 -8
33 6
36 -6
39 1
43 7
41 -10
44 -9
47 -7
45 -14
49 -11
52 -12
52 -14
62 -11
50 -20
50 -21
55 -22
57 -24
60
-20 -14
-3 -17
-6 -20
-11 -22
-6 -27
-13 -27
-13 -31
-18 -30
-19 -33
-23 -32
-28 -28
-26 -36
-27 -42
-31 -39
-34 -31
-36 -39
-39 -46
-40 -34
-46 -44
-48 -40
-48 -35
-45 -26
-56 -36
-53 -29
-53 -26
-55 -25
-52 -21
-68 -25
-68 -21
-63 -17
-51 -14
-70 -10
-60 -9
-60 -6
-56 -5
-59 -1
-64 6
-57 5
-55 7
-46 0
-47 4
-49 14
-41 1
-40 6
-39 14
-36 10
-33 15
-31 8
-26 15
-25 10
-23 9
-25 1
-19 5
-16 4
-13 2
-8 2
-18 -6
-4 -3
-14 -9
-6 -11
80
10 22
17 19
11 19
17 15
10 16
13 12
9 13
12 9
7 11
8 8
5 9
11 0
3 7
11 -5
0 6
3 -2
-2 4
-1 -6
-5 4
-5 -11
-8 4
-10 -1
-11 3
-13 -2
-14 4
-19 0
-17 5
-20 -1
-19 7
-27 0
-21 9
-31 5
-23 11
-32 6
-24 14
-35 12
-26 16
-42 12
-26 19
-36 19
-26 22
-29 25
-27 25
-39 29
-26 28
-35 32
-24 30
-34 36
-23 33
-32 40
-21 35
-25 39
-19 37
-27 50
-16 38
-19 51
-14 40
-16 50
-11 41
-10 50
-8 40
-7 45
-5 41
-1 54
-2 40
1 45
0 38
11 50
3 37
15 47
5 35
18 43
7 33
15 38
8 30
15 30
9 28
18 29
11 25
26 25
80
7 6
21 2
8 3
16 0
7 0
19 -5
5 -2
9 -5
4 -5
9 -12
2 -7
12 -21
0 -9
2 -14
-2 -11
3 -26
-5 -11
-4 -25
-8 -12
-10 -23
-11 -12
-13 -19
-14 -12
-18 -23
-17 -11
-23 -18
-20 -11
-26 -16
-22 -9
-30 -17
-24 -7
-29 -9
-26 -5
-40 -11
-28 -3
-34 -2
-28 0
-45 -3
-29 3
-36 4
-29 6
-35 8
-29 9
-32 11
-28 12
-43 17
-28 15
-33 21
-26 17
-32 23
-24 19
-32 33
-22 21
-24 25
-19 22
-22 30
-17 24
-16 28
-14 25
-12 40
-11 25
-7 38
-8 25
-6 27
-5 24
4 37
-2 23
3 27
0 21
9 31
2 19
12 25
4 17
17 25
6 15
9 16
7 12
15 13
7 9
10 8
80
66 -4
73 -6
65 -7
72 -9
65 -10
78 -17
63 -12
67 -18
62 -15
64 -20
60 -17
64 -24
58 -19
65 -34
55 -20
59 -35
53 -21
57 -38
50 -22
49 -31
47 -23
46 -27
44 -22
42 -32
41 -22
34 -32
38 -21
32 -29
36 -19
34 -21
34 -17
24 -26
32 -15
24 -18
30 -13
15 -17
30 -10
16 -13
29 -7
13 -9
29 -4
19 -1
28 -1
27 2
29 2
14 9
30 5
24 10
32 7
28 12
34 9
29 19
36 11
37 14
39 12
34 26
41 14
39 24
44 14
46 24
47 14
51 30
50 15
57 28
53 13
60 22
55 12
66 23
58 11
64 16
60 9
71 14
62 7
71 10
64 5
73 7
65 2
68 1
66 -1
71 -3
60
-29 6
-24 4
-17 0
-15 -4
-28 -2
-24 -6
-30 -5
-29 -8
-25 -16
-27 -19
-35 -10
-31 -25
-40 -8
-38 -26
-42 -18
-45 -12
-47 -16
-51 -23
-53 -18
-57 -20
-57 -15
-57 -10
-66 -18
-70 -16
-68 -10
-63 -5
-73 -7
-77 -5
-61 3
-67 4
-61 6
-66 8
-69 11
-74 16
-71 17
-74 23
-59 16
-63 22
-60 23
-61 29
-62 35
-55 29
-51 26
-52 37
-47 28
-45 30
-43 23
-39 34
-37 30
-34 30
-36 22
-35 20
-28 25
-30 19
-19 25
-16 23
-19 18
-20 14
-14 13
-22 8
80
65 -12
74 -14
66 -15
80 -20
64 -18
69 -22
63 -20
72 -25
62 -23
72 -32
60 -25
64 -30
58 -27
62 -35
56 -29
59 -39
53 -29
53 -39
50 -30
51 -44
47 -30
43 -47
44 -31
39 -44
41 -30
38 -35
39 -28
33 -37
36 -27
25 -38
34 -25
26 -29
32 -23
20 -29
30 -21
26 -22
29 -18
17 -19
28 -15
25 -14
29 -12
13 -9
29 -9
19 -7
29 -6
21 -2
30 -3
20 3
32 -1
29 5
34 1
29 8
36 3
30 15
38 5
36 11
41 6
40 11
44 6
46 19
47 7
50 14
50 6
55 19
53 5
58 19
55 4
63 13
58 3
67 13
60 1
72 8
62 -1
66 -1
64 -3
69 -2
64 -6
72 -7
66 -9
80 -10
80
30 42
39 40
30 39
45 34
29 36
33 34
29 33
31 29
27 31
36 22
25 29
34 17
23 27
29 12
21 25
24 15
18 24
19 10
15 23
14 12
12 24
11 11
9 23
8 19
6 25
-1 14
4 26
0 20
1 27
-4 24
-1 29
-16 20
-3 31
-13 25
-4 34
-8 35
-6 36
-13 35
-7 39
-23 41
-6 42
-10 43
-7 45
-12 49
-6 48
-8 49
-4 50
-8 54
-3 53
-11 61
-1 55
-9 64
1 57
-3 65
4 58
-1 70
6 59
7 70
9 60
11 64
12 61
15 68
15 61
19 66
18 59
23 73
20 58
27 69
23 57
32 67
25 55
29 58
27 53
30 52
28 50
43 57
29 48
42 51
30 45
33 43
60
9 36
16 34
17 31
9 31
8 29
7 28
12 22
4 26
16 11
4 21
4 18
6 8
-2 20
0 4
-5 13
-7 18
-9 16
-10 20
-13 17
-16 17
-15 21
-22 15
-22 19
-18 26
-22 25
-25 25
-34 24
-32 28
-29 31
-23 34
-29 36
-24 38
-28 40
-21 41
-21 42
-23 45
-30 52
-32 58
-23 54
-27 64
-19 57
-18 62
-12 50
-12 59
-10 60
-7 60
-5 54
-1 62
-1 53
2 57
5 58
4 51
3 47
9 50
12 50
6 44
8 43
20 45
15 41
16 38
80
61 -18
67 -21
62 -21
77 -24
60 -24
74 -29
60 -27
71 -36
58 -29
59 -33
56 -31
60 -40
54 -33
58 -40
52 -35
53 -40
49 -36
53 -52
46 -36
44 -47
43 -37
39 -47
40 -37
34 -52
37 -35
30 -45
34 -35
24 -46
32 -33
29 -35
30 -31
22 -36
28 -29
25 -29
27 -26
19 -29
25 -24
19 -25
25 -21
13 -21
24 -18
22 -16
25 -15
21 -11
26 -12
24 -10
27 -10
22 -4
28 -7
19 4
30 -5
20 7
32 -3
26 9
35 -2
32 14
37 -1
37 11
40 0
40 17
43 0
46 10
46 0
50 8
49 0
52 2
52 -1
59 6
54 -3
57 -3
56 -5
61 -1
58 -7
68 -3
59 -10
62 -9
60 -12
71 -10
61 -15
68 -16
80
38 0
48 -2
38 -3
53 -7
38 -6
45 -10
36 -8
45 -16
35 -11
42 -18
33 -13
41 -25
31 -15
34 -24
29 -17
30 -25
26 -18
26 -26
23 -18
23 -23
20 -18
18 -30
17 -18
13 -23
14 -18
13 -20
11 -17
6 -21
9 -15
3 -18
7 -13
0 -18
5 -11
-6 -14
4 -8
-8 -12
3 -6
-13 -7
1 -3
-13 -4
2 0
-9 2
1 3
-6 6
3 6
-6 11
4 8
-6 15
5 11
-1 17
7 13
5 16
9 15
0 29
12 16
8 32
14 17
13 28
17 18
17 31
20 19
24 33
23 19
29 34
26 17
30 23
29 17
36 30
31 15
44 25
33 13
43 20
35 11
47 18
37 9
48 11
38 6
53 10
39 3
43 3
60
20 -3
20 -5
29 -9
22 -10
25 -14
23 -17
16 -15
23 -24
21 -28
11 -19
13 -27
10 -27
5 -22
5 -33
2 -28
-1 -25
-4 -35
-6 -25
-10 -30
-13 -29
-14 -26
-18 -26
-19 -23
-22 -22
-28 -22
-17 -12
-23 -13
-19 -9
-26 -8
-18 -5
-30 -3
-35 1
-33 4
-33 8
-18 5
-28 12
-20 11
-14 8
-15 13
-19 21
-15 20
-14 25
-10 25
-5 17
-3 17
-1 26
2 25
2 13
7 22
10 21
9 14
14 17
12 11
17 13
21 13
25 12
29 10
19 3
23 2
14 -1
60
62 -14
64 -16
58 -18
67 -22
59 -22
62 -26
62 -29
55 -27
51 -25
55 -33
50 -30
50 -34
51 -44
48 -45
43 -30
41 -38
39 -30
38 -29
36 -29
35 -28
26 -41
24 -37
21 -36
25 -29
22 -28
28 -22
16 -25
27 -19
8 -21
20 -16
15 -14
26 -12
12 -8
23 -8
15 -3
14 1
28 -5
20 5
30 -1
25 9
25 13
28 15
32 14
35 12
38 17
41 1
43 3
46 10
51 17
53 12
49 1
53 3
59 6
66 8
60 0
57 -5
55 -8
64 -7
65 -9
66 -11
60
-17 37
-16 34
-25 33
-18 28
-25 28
-23 24
-31 26
-24 17
-35 24
-35 22
-33 15
-36 15
-40 20
-42 17
-44 14
-46 11
-49 10
-52 10
-55 9
-53 21
-60 12
-56 23
-69 12
-60 24
-59 28
-73 21
-73 25
-64 31
-64 33
-63 35
-73 37
-79 40
-71 42
-64 43
-68 47
-67 49
-61 48
-62 51
-65 59
-60 56
-61 63
-53 53
-52 55
-50 55
-48 55
-46 67
-43 67
-41 62
-36 67
-35 61
-31 64
-30 60
-28 57
-26 55
-27 51
-21 52
-15 51
-16 47
-21 42
-22 40
80
-17 -13
-14 -14
-16 -16
-8 -20
-17 -19
-13 -22
-18 -22
-15 -26
-20 -24
-17 -30
-22 -26
-16 -38
-24 -28
-22 -37
-26 -30
-24 -37
-29 -31
-28 -39
-32 -32
-31 -48
-35 -32
-36 -43
-38 -32
-43 -42
-41 -30
-45 -34
-43 -29
-50 -39
-46 -28
-52 -34
-48 -26
-58 -34
-50 -24
-56 -28
-52 -22
-54 -21
-53 -19
-69 -20
-54 -16
-56 -14
-54 -13
-63 -11
-53 -10
-58 -8
-53 -7
-58 -3
-52 -4
-57 0
-50 -2
-55 4
-48 0
-51 5
-46 2
-47 8
-43 3
-46 16
-41 4
-42 12
-38 5
-37 10
-35 5
-33 18
-32 6
-30 7
-29 4
-23 20
-27 3
-21 9
-24 2
-18 10
-22 0
-18 3
-20 -2
-8 6
-18 -4
-10 -3
-18 -7
-8 -6
-17 -10
-9 -12
80
24 -16
35 -20
25 -19
36 -22
24 -22
31 -27
23 -25
31 -31
21 -27
24 -33
19 -29
27 -40
17 -31
19 -41
14 -32
15 -41
12 -34
12 -50
9 -35
8 -44
6 -35
4 -40
3 -34
0 -40
0 -34
-7 -46
-2 -32
-6 -36
-5 -31
-13 -38
-7 -29
-14 -34
-9 -27
-22 -34
-11 -25
-13 -25
-12 -22
-19 -22
-12 -19
-19 -19
-12 -16
-29 -11
-12 -13
-27 -7
-12 -10
-23 -5
-10 -8
-24 0
-9 -5
-18 2
-7 -3
-13 6
-5 -1
-11 12
-3 1
-3 4
0 2
2 7
3 2
3 11
6 2
7 14
9 2
15 15
12 1
16 9
15 1
18 1
17 -1
28 8
19 -3
23 -3
21 -5
30 -3
23 -7
33 -6
23 -10
32 -10
25 -13
36 -15
60
-14 -17
-15 -20
-19 -21
-21 -23
-18 -26
-24 -25
-13 -36
-27 -28
-22 -36
-20 -43
-24 -43
-30 -36
-33 -36
-35 -34
-37 -36
-39 -50
-43 -51
-44 -42
-46 -38
-49 -39
-48 -33
-54 -37
-52 -32
-54 -30
-65 -36
-53 -25
-64 -28
-62 -24
-58 -21
-62 -19
-58 -17
-68 -14
-55 -14
-65 -9
-55 -10
-62 -4
-55 -5
-50 -7
-53 -1
-49 -3
-47 -4
-46 -1
-45 2
-43 3
-42 14
-39 9
-36 13
-36 -2
-32 6
-27 10
-28 3
-24 3
-22 2
-14 5
-27 -8
-13 -2
-13 -5
-15 -9
-18 -13
-8 -14
80
18 -28
24 -29
18 -31
25 -33
17 -34
28 -39
16 -36
20 -39
15 -39
25 -51
13 -41
15 -45
11 -43
10 -46
9 -45
10 -49
6 -45
5 -49
3 -47
3 -60
0 -46
-3 -49
-3 -46
-5 -56
-6 -46
-10 -57
-8 -44
-12 -46
-11 -43
-17 -49
-13 -41
-18 -43
-15 -39
-25 -44
-17 -37
-32 -39
-18 -34
-31 -34
-18 -31
-27 -31
-18 -28
-27 -26
-19 -25
-22 -22
-17 -22
-21 -19
-17 -19
-22 -14
-15 -17
-23 -6
-13 -15
-16 -11
-11 -13
-19 1
-8 -12
-8 -4
-6 -10
-8 1
-3 -9
-2 -3
0 -10
0 -7
3 -10
6 4
6 -10
10 1
8 -12
12 -5
11 -13
16 -10
13 -15
18 -14
15 -17
22 -15
17 -19
32 -13
17 -22
23 -23
19 -25
25 -25
80
49 -41
61 -45
49 -44
63 -47
47 -47
61 -53
47 -50
50 -54
45 -52
50 -60
43 -54
45 -59
41 -56
42 -61
38 -57
43 -72
36 -59
37 -64
33 -60
31 -70
30 -60
28 -66
27 -59
25 -71
24 -58
20 -67
22 -57
17 -62
19 -56
10 -62
17 -54
8 -58
15 -52
10 -52
14 -49
1 -52
13 -47
-4 -51
12 -44
1 -44
12 -41
-4 -38
12 -38
7 -35
12 -35
3 -30
13 -32
2 -23
15 -30
12 -25
17 -28
16 -24
19 -26
12 -12
21 -24
19 -17
24 -23
24 -12
27 -23
29 -16
30 -22
34 -6
33 -22
38 -8
36 -23
38 -22
39 -24
49 -11
41 -26
46 -22
43 -28
47 -25
45 -30
49 -30
47 -32
60 -27
47 -35
64 -32
48 -38
58 -38
80
68 -41
83 -46
68 -44
70 -46
66 -47
70 -51
65 -49
75 -59
64 -52
70 -58
62 -54
70 -65
60 -56
65 -66
58 -58
59 -64
55 -58
55 -75
52 -60
49 -65
49 -60
48 -75
46 -60
41 -68
43 -59
40 -65
41 -57
32 -66
38 -56
28 -69
36 -54
31 -54
34 -52
29 -52
33 -49
22 -54
32 -47
16 -47
30 -44
19 -43
30 -41
15 -37
30 -38
17 -33
32 -35
25 -32
33 -33
20 -22
34 -30
29 -23
36 -28
32 -20
38 -26
31 -12
40 -24
39 -15
43 -24
44 -19
46 -22
46 -19
49 -23
51 -11
52 -22
57 -11
55 -24
63 -10
57 -25
60 -21
60 -26
72 -15
62 -28
68 -25
64 -30
71 -28
66 -32
72 -31
66 -35
74 -34
67 -38
72 -39
80
-13 -37
-8 -39
-13 -40
-10 -42
-13 -43
0 -48
-14 -46
-5 -54
-16 -48
-5 -60
-18 -50
-14 -57
-20 -52
-17 -58
-22 -54
-22 -60
-25 -54
-23 -65
-28 -56
-30 -62
-31 -55
-35 -68
-34 -55
-39 -66
-37 -55
-44 -65
-39 -53
-42 -56
-42 -52
-54 -63
-44 -50
-54 -56
-46 -48
-52 -52
-47 -45
-61 -49
-49 -43
-52 -41
-50 -40
-60 -41
-50 -37
-56 -35
-49 -34
-59 -30
-48 -31
-61 -23
-47 -29
-57 -22
-46 -26
-49 -21
-44 -24
-48 -16
-42 -22
-48 -11
-40 -20
-40 -16
-37 -19
-37 -16
-34 -18
-33 -4
-31 -18
-30 -3
-28 -18
-25 -13
-25 -20
-21 -12
-23 -21
-12 -8
-20 -22
-15 -16
-18 -24
-13 -20
-16 -26
-11 -24
-14 -28
-11 -29
-13 -31
-8 -33
-13 -34
-6 -35
80
-8 -36
3 -38
-8 -39
5 -42
-9 -42
-1 -48
-11 -44
1 -53
-12 -47
0 -57
-14 -49
-11 -53
-16 -51
-12 -58
-19 -52
-15 -68
-21 -54
-21 -59
-24 -54
-25 -69
-27 -55
-31 -71
-30 -55
-36 -69
-33 -53
-37 -57
-35 -52
-38 -54
-38 -51
-41 -53
-40 -49
-53 -59
-42 -47
-54 -51
-44 -45
-60 -47
-44 -42
-50 -43
-45 -39
-54 -36
-45 -36
-59 -34
-45 -33
-49 -32
-45 -30
-54 -24
-43 -28
-51 -23
-42 -25
-45 -22
-40 -23
-44 -14
-38 -21
-45 -10
-35 -20
-34 -15
-33 -18
-31 -15
-30 -17
-31 -1
-27 -17
-26 -1
-24 -17
-22 -14
-21 -18
-16 -11
-19 -20
-14 -15
-16 -21
-7 -10
-14 -23
-1 -12
-12 -25
-7 -24
-11 -28
-6 -27
-10 -30
-5 -29
-9 -33
1 -33
80
55 1
69 -1
54 -2
60 -3
53 -5
58 -8
53 -8
58 -14
51 -10
60 -21
49 -12
52 -20
47 -14
49 -21
45 -16
44 -23
42 -16
41 -20
39 -17
37 -34
36 -17
33 -31
33 -18
30 -19
30 -16
23 -30
28 -15
18 -28
25 -14
21 -17
23 -12
13 -17
21 -10
16 -10
19 -8
11 -10
18 -5
15 -5
17 -2
2 -1
17 1
15 3
17 4
16 6
18 7
15 9
20 9
9 20
21 12
14 21
23 14
15 25
25 16
23 20
28 17
26 26
30 18
32 25
33 20
33 30
36 19
38 24
39 19
40 25
42 18
47 29
44 17
53 29
47 16
56 24
49 14
61 21
51 12
64 19
52 9
59 12
53 7
62 8
54 4
64 3
80
35 16
39 13
34 13
39 11
33 10
35 7
32 8
44 -3
31 5
36 -2
29 3
32 -2
27 1
27 -2
25 -1
25 -4
22 -2
22 -10
19 -2
18 -14
16 -3
14 -10
13 -3
10 -13
10 -1
7 -5
7 -1
-2 -13
5 1
-3 -9
3 3
-8 -2
1 5
-12 -3
0 8
-15 3
-2 10
-16 7
-2 13
-18 12
-2 16
-18 18
-3 19
-12 22
-1 22
-4 26
-1 25
-12 31
1 27
-9 39
3 29
2 32
5 31
-2 45
8 32
6 43
10 33
10 36
13 35
15 41
16 35
19 37
19 34
21 40
22 33
29 45
24 32
28 36
27 31
33 33
29 29
36 33
31 27
47 33
33 25
48 30
34 22
45 24
34 19
51 19
80
20 14
23 11
19 11
30 5
19 8
24 6
17 6
32 -3
16 3
22 -6
14 1
16 -5
12 -1
15 -8
10 -3
10 -6
7 -3
10 -20
4 -5
4 -12
1 -5
-1 -13
-2 -5
-5 -18
-5 -4
-8 -8
-8 -3
-12 -5
-10 -1
-15 -5
-12 1
-19 -2
-14 3
-25 -1
-15 6
-31 3
-16 8
-29 5
-18 11
-21 13
-17 14
-25 17
-18 17
-23 21
-16 20
-29 25
-16 23
-26 31
-14 25
-21 33
-12 27
-19 39
-10 29
-17 44
-8 31
-9 41
-5 32
-4 39
-2 32
0 40
1 33
3 35
4 33
6 36
7 32
11 42
9 30
12 33
12 29
18 31
14 27
17 28
16 25
23 26
17 22
26 23
19 20
23 18
20 17
25 15
80
32 32
48 28
32 29
40 25
31 26
40 22
31 23
43 13
29 21
34 17
27 19
30 14
25 17
32 6
23 15
22 9
20 14
18 10
17 14
16 -2
14 14
11 4
11 13
8 11
8 15
4 11
5 15
0 8
3 17
-5 11
1 19
-5 14
-1 21
-13 17
-2 24
-15 19
-3 26
-19 24
-5 29
-18 28
-4 32
-13 34
-5 35
-11 39
-3 38
-13 43
-3 41
-7 45
-1 43
-8 52
1 45
-9 57
3 47
-5 61
5 49
5 54
8 50
7 61
11 51
12 60
14 51
17 60
17 50
22 60
20 50
24 53
23 49
25 52
25 47
32 54
27 45
34 51
29 43
37 48
31 41
37 41
31 38
39 38
33 35
44 33
60
-3 32
-2 29
0 25
-11 25
-1 18
-14 22
-13 18
-21 22
-12 10
-23 19
-22 16
-24 15
-24 7
-25 0
-30 9
-32 8
-35 5
-36 15
-37 16
-40 15
-49 3
-50 7
-53 8
-50 16
-44 23
-56 18
-62 19
-63 22
-65 25
-52 30
-62 32
-58 35
-60 38
-63 42
-63 46
-61 49
-47 43
-57 54
-42 43
-44 48
-46 55
-45 62
-39 55
-36 50
-34 52
-32 62
-30 53
-29 47
-23 61
-21 58
-23 48
-13 59
-21 44
-20 43
-4 52
-3 49
-13 41
-13 38
1 39
-3 35
80
14 21
20 20
14 18
25 14
13 15
22 9
12 12
16 8
10 10
20 -1
8 8
10 5
6 6
10 -6
3 5
4 2
1 3
0 -1
-2 2
-2 -7
-5 3
-6 -4
-8 3
-15 -13
-11 4
-13 0
-14 4
-23 -9
-16 6
-22 -1
-18 8
-29 0
-20 10
-32 6
-21 13
-25 12
-22 15
-39 14
-24 18
-37 19
-23 21
-32 24
-24 24
-33 28
-23 27
-28 31
-22 30
-26 33
-20 32
-31 42
-18 34
-19 38
-16 36
-19 47
-13 37
-13 40
-11 38
-14 55
-8 39
-10 56
-5 39
-3 42
-2 40
-1 42
1 39
5 42
3 37
9 45
6 36
14 45
8 34
12 36
10 32
13 32
12 30
24 31
12 27
15 26
14 24
25 22
60
69 -13
66 -16
67 -18
66 -21
68 -24
58 -22
64 -29
55 -25
64 -38
55 -31
58 -40
54 -40
48 -32
48 -42
45 -41
42 -38
39 -41
39 -29
34 -37
28 -44
29 -36
23 -40
22 -35
29 -24
21 -28
23 -24
22 -22
18 -21
19 -18
10 -16
25 -13
10 -10
17 -8
25 -7
27 -6
14 3
27 -2
29 -1
23 8
27 7
26 15
33 7
34 13
36 14
39 17
42 10
45 14
46 6
52 17
54 14
56 12
57 8
56 3
56 0
55 -4
61 -2
69 -1
71 -3
57 -10
64 -11
60
59 -23
59 -25
67 -28
60 -29
66 -34
62 -34
67 -41
67 -45
56 -39
51 -35
57 -49
53 -47
48 -40
47 -45
44 -39
42 -38
40 -46
37 -45
31 -55
36 -37
34 -38
29 -41
22 -45
20 -42
24 -36
19 -37
18 -34
11 -33
26 -26
20 -25
25 -23
9 -20
16 -17
12 -13
12 -10
26 -14
26 -11
29 -12
19 2
25 0
33 -8
29 7
31 9
37 1
40 -3
42 -7
45 1
47 -1
49 0
48 -9
49 -10
61 4
64 2
57 -10
57 -12
71 -6
61 -14
72 -13
72 -17
75 -20
60
41 47
40 45
50 41
39 41
43 37
43 35
49 27
40 30
37 29
32 32
29 33
30 27
31 17
26 24
23 28
21 26
18 14
17 29
15 28
8 17
11 29
9 31
5 29
0 28
-2 30
5 38
5 40
-9 37
-3 42
-9 44
4 47
-8 50
-7 53
-11 58
-10 61
-8 63
-2 63
-3 68
0 70
9 63
8 69
9 73
12 74
15 75
18 76
21 77
24 80
25 64
26 61
30 67
35 72
33 64
33 60
40 64
42 62
44 60
38 55
46 55
50 53
40 49
80
-5 -39
2 -40
-6 -42
0 -46
-6 -45
3 -51
-8 -47
-1 -54
-9 -50
1 -62
-11 -52
-8 -59
-13 -54
-9 -60
-15 -56
-15 -59
-18 -57
-18 -65
-21 -57
-21 -67
-24 -58
-27 -73
-27 -58
-31 -67
-30 -56
-33 -64
-32 -55
-40 -63
-35 -54
-40 -61
-37 -52
-46 -57
-39 -50
-47 -51
-41 -48
-45 -48
-41 -45
-51 -46
-42 -42
-57 -42
-42 -39
-57 -36
-42 -36
-50 -34
-42 -33
-55 -26
-40 -31
-50 -22
-39 -28
-40 -24
-37 -26
-47 -14
-35 -24
-41 -9
-33 -22
-36 -8
-30 -22
-29 -12
-27 -20
-26 -5
-24 -20
-21 -7
-21 -21
-18 -9
-18 -22
-12 -6
-16 -23
-6 -12
-13 -24
-6 -20
-11 -26
2 -18
-9 -28
-2 -25
-7 -30
1 -30
-7 -33
-3 -33
-6 -36
1 -39
80
66 -39
68 -40
66 -42
81 -48
64 -45
70 -47
63 -47
68 -51
62 -50
68 -58
60 -52
66 -61
58 -54
62 -61
55 -55
56 -65
53 -57
55 -70
50 -58
48 -63
47 -57
43 -73
44 -58
42 -60
41 -57
40 -59
39 -55
30 -69
36 -54
30 -58
34 -52
29 -53
32 -50
26 -53
31 -47
25 -49
30 -45
26 -43
28 -42
26 -40
29 -39
22 -37
28 -36
13 -30
29 -33
19 -27
30 -30
26 -25
32 -28
27 -20
34 -26
31 -20
36 -24
33 -18
39 -23
35 -14
41 -21
40 -13
44 -21
46 -15
47 -20
51 -9
50 -21
51 -16
53 -21
57 -17
55 -23
65 -12
58 -24
60 -22
60 -26
72 -19
62 -28
70 -25
64 -30
68 -30
65 -33
78 -31
66 -36
72 -37
60
-4 5
-1 2
-16 2
-16 0
-2 -8
-17 -3
-6 -13
-10 -14
-12 -17
-15 -17
-15 -23
-17 -26
-25 -15
-26 -18
-28 -28
-31 -24
-33 -16
-38 -27
-42 -27
-39 -12
-41 -13
-41 -9
-44 -10
-55 -16
-54 -12
-47 -5
-56 -6
-61 -5
-61 -1
-62 2
-56 5
-60 8
-53 10
-60 15
-59 18
-46 13
-56 23
-55 26
-44 20
-41 19
-41 21
-39 22
-37 24
-36 28
-33 21
-31 24
-28 29
-27 24
-22 33
-23 22
-15 34
-15 28
-17 21
-11 23
-10 20
-6 20
-9 15
-1 15
-1 11
-14 7
60
0 25
-2 23
-5 21
6 15
-10 19
-1 12
1 7
-6 9
-8 7
-10 6
-7 -4
-17 9
-19 11
-20 5
-21 -1
-24 -7
-26 7
-30 -3
-33 -4
-31 10
-31 12
-34 11
-34 14
-39 12
-51 6
-49 10
-48 14
-48 17
-49 20
-52 22
-53 25
-51 28
-57 32
-41 31
-46 35
-53 42
-39 36
-38 38
-40 43
-38 44
-38 48
-34 48
-33 53
-28 46
-27 51
-24 45
-21 54
-20 46
-16 50
-17 41
-14 42
-8 48
-13 38
1 47
-3 40
-1 39
-9 32
3 34
-5 29
-9 27
60
29 29
36 26
27 25
22 24
24 21
24 19
30 12
20 18
22 13
18 14
18 11
13 15
17 -1
12 6
10 4
7 12
4 1
1 1
-3 0
-4 5
-2 13
-9 6
-13 7
-8 16
-8 18
-13 17
-8 22
-14 22
-14 25
-15 27
-20 29
-15 31
-8 32
-14 36
-10 37
-18 43
-7 39
-13 47
-12 50
-13 57
-5 50
-4 55
-4 61
0 62
4 54
7 58
10 60
12 54
15 53
14 45
19 50
23 51
27 51
23 43
26 43
36 46
30 39
38 39
25 33
25 31
0
