12
-20 10
-30 20
-20 30
0 10
10 20
30 0
10 -20
20 -30
10 -40
-20 -10
-30 -20
-40 -10
6
0 0
-20 10
10 30
10 0
30 -10
-30 -30
80
67 43
79 42
66 40
76 36
65 37
69 34
64 35
79 27
63 32
67 25
61 30
63 24
59 28
66 17
57 26
56 20
54 25
56 15
51 25
49 17
48 24
46 22
45 24
40 16
42 25
35 10
40 27
31 18
37 28
30 21
35 30
27 23
33 32
25 28
31 34
19 33
31 37
20 38
29 40
23 41
29 43
15 44
30 46
24 48
30 49
20 54
31 52
28 56
33 54
31 60
35 56
33 59
37 58
29 72
39 60
38 64
42 61
40 72
45 62
45 70
48 61
49 72
51 62
53 63
54 61
60 75
56 59
64 67
59 58
69 65
61 56
67 60
63 54
73 60
65 52
69 53
65 49
76 50
67 46
69 43
80
63 42
77 41
62 39
66 38
61 36
72 30
61 33
62 32
59 31
64 26
57 29
62 20
55 27
56 20
52 26
55 16
50 24
53 13
47 23
47 17
44 24
41 18
41 24
37 19
38 25
34 18
35 25
27 13
33 27
23 18
31 29
21 22
29 31
20 27
28 34
19 33
26 36
11 32
25 39
10 40
25 42
10 47
26 45
12 49
27 48
22 52
27 51
18 56
29 53
17 63
31 55
22 66
33 57
29 66
35 59
30 72
38 59
39 62
41 61
40 70
44 61
47 75
47 61
51 66
50 59
53 63
53 59
56 62
55 57
67 67
57 55
65 61
59 53
62 53
60 50
65 51
62 48
64 47
63 45
76 45
60
64 -42
60 -45
59 -48
51 -49
60 -55
50 -53
42 -51
53 -63
49 -64
39 -55
46 -70
41 -66
40 -72
36 -69
33 -68
30 -74
28 -63
25 -65
23 -63
21 -62
20 -60
11 -68
9 -65
7 -63
17 -51
2 -58
6 -53
13 -48
8 -47
15 -44
13 -42
-2 -39
6 -37
11 -36
6 -31
8 -30
2 -22
10 -24
17 -28
19 -27
22 -28
23 -26
24 -22
23 -11
28 -21
30 -24
33 -16
34 -25
39 -13
38 -25
39 -26
45 -22
44 -26
47 -27
49 -28
59 -25
50 -33
49 -36
53 -37
55 -39
80
-24 24
-10 21
-23 21
-11 15
-25 18
-12 10
-25 15
-22 11
-27 13
-21 8
-29 11
-26 7
-31 9
-31 5
-34 8
-29 -3
-36 7
-35 0
-39 5
-38 -10
-42 5
-43 2
-45 5
-48 -8
-48 7
-51 2
-50 8
-61 -3
-53 9
-58 7
-55 11
-64 8
-57 13
-63 9
-59 15
-67 14
-60 18
-70 17
-61 21
-74 21
-61 24
-66 25
-61 27
-76 33
-59 30
-62 33
-58 32
-65 37
-57 35
-66 48
-55 37
-62 47
-53 39
-60 54
-50 40
-54 50
-48 41
-49 48
-45 42
-43 46
-42 42
-39 50
-39 42
-36 48
-36 42
-28 56
-33 41
-27 50
-31 39
-18 50
-29 37
-17 45
-27 35
-12 43
-25 33
-15 35
-25 30
-22 29
-23 27
-21 25
80
24 45
34 41
25 42
37 38
23 39
32 33
23 36
24 34
21 34
29 25
19 32
24 26
17 30
23 14
14 29
16 21
12 27
12 23
9 27
6 22
6 26
4 22
3 26
1 19
0 27
-5 22
-2 29
-7 25
-5 30
-11 28
-7 32
-16 28
-9 34
-19 28
-10 37
-24 31
-11 39
-22 39
-12 42
-15 44
-12 45
-21 48
-13 48
-21 53
-11 51
-16 55
-10 53
-25 62
-9 56
-18 68
-7 58
-16 68
-5 60
-12 75
-3 62
-6 70
0 63
-1 76
3 63
3 71
6 64
7 68
9 63
14 76
12 62
16 66
15 62
19 69
17 60
25 68
19 58
22 58
21 56
36 64
22 53
26 55
24 51
30 50
24 48
30 47
60
25 -30
28 -33
28 -37
27 -40
20 -41
12 -39
19 -46
18 -49
17 -54
5 -43
7 -49
7 -54
6 -59
3 -62
-1 -55
-4 -56
-6 -47
-10 -56
-12 -55
-16 -56
-12 -44
-18 -49
-21 -49
-20 -44
-31 -49
-18 -38
-26 -40
-34 -40
-37 -37
-21 -32
-38 -30
-38 -26
-26 -25
-21 -24
-25 -21
-18 -22
-28 -12
-28 -9
-19 -13
-20 -7
-16 -10
-15 -6
-9 -16
-9 -8
-6 -9
-4 4
-1 -4
0 -10
2 -12
3 -14
12 -2
16 -2
9 -16
13 -15
11 -19
21 -15
15 -21
14 -24
18 -25
16 -28
80
45 40
56 38
46 37
57 34
45 34
49 32
43 32
46 29
42 29
47 23
40 27
51 15
38 25
42 18
35 24
39 13
33 23
36 8
30 21
30 6
27 21
25 14
24 22
18 10
21 22
19 20
19 24
17 22
16 25
9 19
14 27
11 27
12 29
1 22
10 31
-3 29
10 34
6 34
8 37
5 38
9 40
-2 44
8 43
-2 49
10 46
2 52
11 48
5 54
12 51
5 59
14 53
13 55
16 55
13 63
19 56
17 69
21 58
19 70
24 59
25 68
27 59
31 75
30 58
33 60
33 58
38 68
36 57
43 69
38 55
49 64
40 53
51 63
42 51
53 54
44 49
54 50
45 46
57 49
46 43
58 41
80
-19 1
-8 -3
-18 -2
-9 -6
-19 -5
-9 -10
-21 -7
-17 -10
-22 -10
-11 -21
-24 -12
-16 -23
-26 -14
-21 -23
-29 -15
-26 -26
-31 -16
-31 -30
-34 -17
-33 -28
-37 -17
-40 -27
-40 -17
-41 -20
-43 -16
-46 -22
-45 -15
-52 -22
-48 -14
-53 -19
-50 -12
-59 -18
-52 -10
-68 -16
-53 -7
-62 -8
-54 -5
-59 -3
-55 -2
-70 -1
-56 1
-63 4
-55 4
-62 8
-54 7
-67 15
-53 9
-59 14
-52 12
-57 18
-50 14
-53 20
-48 16
-51 24
-46 18
-47 25
-43 19
-45 28
-40 20
-39 36
-37 20
-34 33
-34 20
-31 21
-31 18
-26 28
-28 18
-18 29
-26 16
-22 21
-24 14
-22 15
-22 12
-17 14
-20 10
-11 13
-20 7
-8 8
-18 4
-4 4
60
23 47
14 45
8 43
7 42
11 38
15 33
14 30
5 34
8 28
0 35
4 25
3 20
-3 30
-2 15
-6 20
-9 27
-12 18
-16 16
-14 31
-20 21
-25 19
-28 21
-25 29
-31 28
-32 31
-22 39
-32 37
-23 42
-36 41
-39 44
-42 47
-41 50
-35 53
-27 53
-27 55
-32 60
-23 57
-24 60
-24 63
-24 67
-18 63
-19 70
-15 67
-15 75
-12 74
-9 70
-7 62
-2 79
-2 70
3 73
0 63
11 75
9 67
4 58
15 65
16 62
8 55
14 54
10 51
7 49
60
5 36
8 33
12 29
-3 30
4 25
-1 25
-6 25
-2 19
-4 17
-8 18
-6 11
-12 17
-15 16
-17 15
-19 20
-21 13
-23 17
-25 16
-30 9
-31 14
-35 12
-39 11
-34 21
-40 19
-36 25
-41 24
-37 29
-48 27
-45 31
-46 33
-38 36
-40 38
-41 40
-36 41
-51 49
-37 45
-44 52
-46 59
-36 52
-33 53
-38 65
-29 54
-27 56
-26 59
-24 63
-21 59
-17 70
-17 57
-11 67
-8 66
-8 59
-2 62
-6 53
-2 53
-1 51
8 53
6 48
-3 42
11 43
0 38
60
42 10
40 8
33 7
49 0
41 0
32 2
37 -4
43 -13
36 -10
36 -15
26 -3
25 -5
24 -10
22 -10
21 -16
18 -7
15 -15
12 -18
9 -18
5 -20
4 -15
-1 -17
-1 -12
-3 -9
3 -1
-8 -5
0 2
-12 0
-4 5
-3 8
-7 10
-15 13
-4 15
-11 19
2 17
-5 23
-8 29
3 23
-3 33
2 32
7 29
10 27
11 33
12 40
16 31
18 30
20 26
23 32
25 32
31 40
27 26
36 34
33 27
40 29
40 26
41 24
42 21
38 16
37 14
37 12
80
5 -12
13 -13
6 -15
9 -17
5 -18
20 -24
3 -20
17 -28
2 -23
8 -29
0 -25
6 -35
-2 -27
-1 -32
-4 -29
-1 -38
-7 -30
-7 -32
-10 -30
-13 -38
-13 -30
-14 -35
-16 -30
-18 -39
-19 -29
-28 -44
-22 -29
-28 -35
-24 -27
-30 -30
-26 -25
-33 -31
-28 -23
-31 -23
-30 -21
-42 -25
-30 -18
-37 -19
-32 -15
-42 -15
-32 -12
-41 -9
-31 -9
-36 -7
-31 -6
-35 -2
-30 -3
-39 6
-28 -1
-40 10
-26 1
-29 7
-24 3
-31 14
-22 5
-24 17
-19 5
-19 13
-16 7
-14 11
-13 6
-11 13
-10 7
-5 22
-7 6
0 16
-5 4
-2 8
-2 3
5 7
0 1
4 1
2 -1
13 4
3 -4
7 -4
5 -6
21 -2
5 -9
10 -9
60
49 31
47 28
42 25
45 22
30 25
36 20
32 19
39 10
32 13
32 8
32 4
29 3
22 11
20 12
18 12
16 -3
14 12
12 14
6 0
7 11
1 5
-1 8
-1 12
-8 10
-3 17
3 23
0 24
1 26
-4 27
-15 28
-15 31
0 33
-11 37
-4 37
-15 45
-13 47
0 43
-7 52
3 46
5 46
2 54
5 55
10 48
10 61
13 63
16 62
19 57
21 56
23 52
27 57
24 45
30 50
31 48
36 49
35 45
40 45
42 42
38 38
32 34
42 34
60
-11 42
-26 40
-20 37
-26 37
-18 31
-16 27
-23 28
-19 21
-27 25
-26 20
-25 13
-32 20
-32 13
-37 20
-39 14
-42 16
-44 24
-48 12
-49 20
-51 21
-58 14
-60 18
-63 19
-55 30
-57 31
-66 28
-58 35
-69 33
-64 37
-63 40
-67 42
-73 45
-67 47
-66 50
-62 51
-55 49
-61 56
-66 63
-59 61
-56 61
-55 64
-54 69
-48 61
-49 73
-44 62
-42 63
-39 67
-36 71
-32 72
-28 73
-31 62
-23 69
-19 67
-20 61
-24 55
-16 57
-16 53
-19 49
-21 46
-24 44
60
53 -18
57 -21
50 -22
55 -25
48 -25
58 -33
53 -33
48 -33
55 -43
47 -38
45 -41
39 -33
42 -48
38 -47
34 -37
32 -42
29 -45
26 -44
26 -37
19 -46
23 -34
18 -37
11 -42
17 -31
11 -33
9 -32
6 -29
1 -28
4 -24
11 -20
3 -18
16 -16
16 -15
3 -9
17 -11
15 -8
6 1
18 -5
18 -2
23 -6
15 11
19 12
27 -4
28 0
30 -2
32 14
35 12
35 -2
40 8
39 -3
48 10
51 8
51 4
51 -1
47 -7
48 -8
56 -7
62 -8
47 -15
56 -15
80
68 45
82 43
67 42
73 39
66 39
74 37
65 37
71 33
64 34
68 29
62 32
65 27
60 30
67 17
57 29
58 26
55 27
55 25
52 26
52 23
49 27
46 17
46 27
44 25
43 28
39 19
41 29
33 19
38 30
28 17
36 32
32 32
34 34
22 30
32 36
30 36
32 39
16 37
30 42
19 41
30 45
28 47
31 48
20 53
31 51
18 56
32 54
20 61
34 56
32 59
36 58
28 68
38 60
36 69
41 61
37 75
43 62
43 74
46 63
46 80
49 63
53 73
52 64
57 75
55 63
58 65
57 61
62 67
60 60
69 70
62 58
69 60
64 56
76 60
65 53
79 56
67 51
70 50
68 48
82 47
60
18 17
25 14
17 12
21 8
10 10
15 5
17 0
14 -1
15 -6
8 -2
4 0
0 3
2 -7
0 -10
-3 -11
-6 -15
-8 -2
-13 -16
-14 -8
-14 -1
-22 -12
-25 -9
-23 -2
-25 0
-34 -3
-19 9
-26 8
-33 8
-38 10
-34 14
-26 17
-30 20
-34 23
-25 23
-21 24
-30 31
-26 32
-28 37
-29 42
-26 45
-23 46
-13 32
-12 37
-13 48
-9 48
-6 39
-2 51
0 46
4 47
0 31
8 42
6 33
13 38
19 40
13 31
23 34
20 29
16 24
14 21
16 19
80
55 -49
57 -50
54 -52
64 -55
54 -55
60 -58
53 -58
61 -66
51 -60
53 -66
49 -62
52 -68
47 -64
49 -69
45 -66
46 -71
42 -66
40 -73
39 -68
37 -81
36 -68
35 -81
33 -68
27 -79
30 -66
27 -69
28 -65
20 -73
25 -64
15 -72
23 -62
15 -68
21 -60
14 -62
20 -57
10 -60
19 -55
11 -55
18 -52
2 -54
18 -49
10 -47
18 -46
12 -42
19 -43
12 -38
20 -41
16 -36
21 -38
17 -34
23 -36
16 -24
25 -34
19 -19
27 -32
23 -22
30 -32
30 -28
33 -30
35 -18
36 -30
39 -20
39 -31
44 -17
42 -32
46 -28
44 -33
48 -32
47 -34
54 -29
49 -36
59 -27
51 -38
65 -31
53 -40
62 -40
53 -43
61 -44
54 -46
65 -47
80
44 -19
58 -23
45 -22
54 -24
43 -25
45 -27
43 -28
54 -34
41 -30
51 -43
39 -32
41 -36
37 -34
39 -43
35 -36
41 -51
32 -37
36 -52
29 -38
27 -43
26 -38
23 -40
23 -37
20 -45
20 -37
14 -50
17 -36
16 -38
15 -34
9 -37
13 -32
6 -35
11 -30
0 -33
10 -27
-7 -31
8 -25
-8 -27
7 -22
-5 -20
7 -19
-8 -16
7 -16
-1 -12
8 -13
-5 -4
9 -10
8 -8
11 -8
4 2
13 -6
8 1
15 -4
12 5
17 -2
16 8
20 -2
17 10
23 0
23 3
26 0
28 2
29 0
31 5
32 -2
38 7
34 -3
42 11
37 -4
47 6
39 -6
42 -6
41 -8
55 0
42 -11
52 -10
43 -13
58 -10
44 -16
50 -16
80
-22 4
-10 3
-22 1
-15 -3
-23 -2
-20 -3
-24 -4
-17 -8
-25 -7
-19 -13
-27 -9
-26 -12
-29 -11
-26 -18
-32 -12
-30 -19
-34 -13
-36 -17
-37 -15
-37 -21
-40 -15
-42 -27
-43 -15
-46 -21
-46 -13
-52 -28
-48 -12
-54 -17
-51 -11
-57 -15
-53 -9
-59 -13
-55 -7
-66 -11
-57 -5
-63 -6
-57 -2
-72 -5
-58 1
-74 1
-58 4
-74 5
-58 7
-71 11
-58 10
-65 14
-56 12
-66 22
-55 15
-65 24
-53 17
-53 20
-51 19
-52 23
-49 21
-54 34
-46 22
-44 26
-43 22
-43 28
-40 22
-39 38
-37 23
-32 35
-34 22
-31 26
-32 20
-29 23
-29 19
-25 20
-27 17
-16 23
-25 15
-16 21
-23 13
-20 11
-22 10
-20 10
-21 7
-11 5
60
38 -24
35 -27
33 -30
24 -30
32 -36
22 -33
28 -40
20 -37
27 -48
17 -39
21 -49
12 -38
12 -42
11 -46
9 -49
6 -58
4 -46
3 -39
0 -44
-3 -44
-11 -53
-12 -49
-11 -43
-19 -46
-20 -43
-19 -39
-17 -34
-19 -32
-14 -28
-13 -26
-28 -24
-10 -22
-12 -20
-11 -18
-19 -13
-18 -10
-6 -15
-10 -9
-17 1
-14 4
-11 5
-3 -3
-5 8
1 -1
4 -9
6 8
9 5
9 -9
12 -4
16 -1
18 -2
18 -7
23 -5
18 -13
26 -9
31 -9
23 -16
35 -15
21 -21
36 -21
60
-7 -46
-6 -48
-1 -51
-10 -51
5 -60
3 -62
-4 -62
-4 -66
-11 -63
-7 -72
-10 -74
-15 -71
-18 -72
-22 -65
-24 -69
-26 -77
-30 -80
-33 -79
-36 -77
-38 -72
-38 -68
-37 -61
-43 -65
-42 -61
-42 -58
-49 -59
-57 -60
-43 -52
-53 -52
-52 -49
-42 -46
-55 -43
-52 -40
-40 -41
-44 -38
-41 -38
-39 -37
-47 -27
-43 -27
-40 -27
-37 -28
-35 -27
-35 -17
-32 -19
-29 -21
-26 -13
-23 -18
-22 -25
-20 -29
-20 -32
-17 -30
-10 -23
-3 -21
-7 -29
-10 -34
-1 -31
-4 -36
-10 -41
7 -39
4 -43
60
-10 -14
-8 -17
-9 -19
-12 -21
-7 -25
-7 -29
-11 -30
-18 -27
-16 -33
-22 -29
-19 -37
-22 -38
-28 -28
-26 -45
-31 -30
-33 -48
-35 -29
-37 -33
-41 -38
-39 -28
-43 -32
-53 -42
-44 -27
-58 -36
-49 -26
-61 -30
-63 -27
-55 -21
-51 -18
-56 -16
-48 -14
-62 -11
-64 -7
-57 -6
-51 -6
-54 -2
-47 -4
-45 -3
-46 0
-46 4
-44 5
-42 5
-38 1
-39 14
-35 5
-33 14
-30 19
-27 12
-27 5
-26 1
-17 14
-18 7
-12 9
-14 3
-10 3
-13 -2
-9 -3
-1 -3
-1 -7
-13 -12
80
62 4
70 3
61 1
77 -4
61 -2
74 -10
59 -4
69 -13
58 -7
64 -16
56 -9
63 -21
54 -11
58 -23
52 -13
57 -28
49 -13
48 -19
46 -15
45 -23
43 -15
39 -27
40 -15
34 -30
37 -14
30 -26
35 -12
30 -20
32 -11
26 -17
30 -9
20 -18
28 -7
16 -13
27 -4
22 -5
26 -2
21 0
24 1
14 1
25 4
13 5
25 7
14 10
25 10
20 15
26 13
18 19
28 15
24 19
30 17
29 21
32 19
29 28
34 21
32 26
37 22
38 25
40 23
43 29
43 23
44 30
46 22
49 27
49 21
54 27
51 20
59 28
54 19
66 29
56 17
62 20
58 15
61 15
60 13
67 15
61 10
69 10
62 7
68 6
60
-21 24
-33 22
-33 21
-33 19
-19 11
-19 8
-33 13
-26 4
-33 7
-32 1
-36 4
-37 -2
-39 -3
-43 1
-46 4
-48 0
-50 3
-52 7
-54 5
-60 -3
-59 5
-59 9
-66 4
-61 12
-60 15
-70 11
-79 10
-64 19
-79 17
-63 22
-76 24
-82 28
-80 31
-67 30
-67 33
-73 38
-64 36
-60 35
-61 39
-66 48
-62 47
-57 44
-58 55
-52 44
-50 44
-48 56
-45 54
-43 49
-39 53
-35 52
-37 43
-33 44
-36 37
-27 43
-25 41
-27 36
-23 35
-18 34
-27 28
-14 28
80
2 21
7 19
2 18
8 15
1 15
12 9
0 13
13 4
-1 10
7 2
-3 8
0 3
-5 6
1 -7
-7 4
-5 -5
-10 4
-9 -11
-13 3
-15 -1
-16 3
-19 -7
-19 3
-24 -13
-22 3
-28 -4
-25 4
-33 -6
-27 6
-30 6
-29 8
-38 2
-31 10
-38 7
-33 12
-38 13
-34 15
-50 14
-35 18
-44 20
-35 21
-42 22
-34 24
-42 27
-33 27
-36 30
-33 30
-36 34
-31 32
-39 40
-29 34
-33 41
-27 36
-31 48
-24 37
-24 40
-22 38
-26 53
-19 39
-17 56
-16 39
-15 51
-13 40
-10 46
-10 39
-3 49
-8 37
1 46
-5 36
3 41
-3 34
3 40
-1 32
6 36
0 29
9 30
1 27
11 27
2 24
7 23
80
-24 -23
-8 -27
-24 -26
-21 -27
-24 -29
-10 -34
-26 -31
-23 -35
-27 -34
-24 -39
-29 -36
-21 -50
-31 -38
-26 -51
-33 -40
-32 -51
-36 -40
-36 -44
-39 -41
-38 -57
-42 -41
-45 -48
-45 -41
-48 -52
-48 -40
-52 -45
-50 -39
-59 -51
-53 -38
-60 -44
-55 -36
-66 -43
-57 -34
-63 -35
-59 -32
-73 -35
-59 -29
-66 -29
-60 -26
-67 -26
-60 -23
-70 -22
-60 -20
-72 -16
-59 -17
-73 -11
-58 -15
-63 -10
-57 -12
-63 -4
-55 -10
-61 -3
-53 -8
-58 4
-51 -6
-52 5
-48 -6
-51 11
-45 -5
-46 7
-42 -4
-40 5
-39 -5
-36 10
-36 -6
-32 3
-34 -7
-28 1
-31 -8
-18 2
-29 -10
-24 -6
-27 -12
-23 -12
-26 -15
-14 -12
-25 -17
-16 -17
-23 -20
-15 -21
80
9 -41
15 -42
8 -44
14 -47
7 -47
13 -52
7 -50
16 -56
5 -52
9 -56
3 -54
8 -60
1 -56
6 -66
-2 -57
1 -65
-4 -58
-3 -64
-7 -60
-7 -72
-10 -59
-11 -65
-13 -59
-17 -70
-16 -59
-20 -69
-18 -57
-29 -69
-21 -56
-28 -63
-23 -54
-35 -63
-25 -52
-28 -53
-27 -50
-31 -50
-27 -47
-34 -47
-28 -44
-45 -46
-29 -41
-42 -37
-29 -38
-43 -32
-27 -35
-38 -29
-26 -33
-38 -23
-25 -30
-33 -22
-23 -28
-26 -21
-21 -26
-25 -19
-18 -25
-21 -11
-16 -23
-16 -17
-13 -23
-12 -8
-10 -23
-5 -6
-7 -23
-4 -10
-4 -24
0 -13
-1 -24
3 -17
1 -26
3 -23
3 -28
5 -26
5 -30
10 -30
7 -32
16 -32
8 -35
20 -35
9 -38
23 -40
80
-20 48
-9 47
-19 45
-17 43
-20 42
-17 40
-21 39
-9 30
-23 37
-19 31
-25 35
-14 23
-27 33
-23 26
-30 32
-27 24
-32 30
-32 27
-35 30
-37 17
-38 30
-41 22
-41 29
-45 23
-44 30
-52 18
-46 32
-52 28
-49 33
-55 31
-51 35
-62 30
-53 37
-58 36
-55 39
-61 39
-56 42
-59 44
-57 45
-65 46
-56 48
-71 49
-56 51
-67 56
-56 54
-66 58
-55 57
-56 60
-53 59
-61 69
-51 61
-52 66
-49 63
-54 75
-47 65
-47 70
-44 66
-46 78
-41 67
-41 81
-38 67
-37 79
-35 66
-33 68
-32 66
-26 76
-30 64
-26 67
-27 63
-22 68
-25 61
-17 68
-23 59
-16 62
-21 57
-17 57
-20 54
-5 58
-19 51
-12 48
80
28 -2
35 -5
29 -5
36 -9
27 -8
41 -14
26 -10
39 -19
25 -13
26 -17
23 -15
26 -21
21 -17
28 -29
19 -19
20 -27
16 -19
15 -26
13 -20
11 -27
10 -21
9 -23
7 -20
4 -34
4 -20
-5 -33
2 -18
-2 -21
-1 -17
-10 -26
-3 -15
-5 -16
-5 -13
-20 -20
-6 -10
-22 -15
-7 -8
-12 -7
-9 -5
-24 -4
-8 -2
-21 2
-9 1
-16 3
-8 4
-16 11
-6 6
-9 9
-5 9
-11 17
-3 11
-7 16
-1 13
-1 17
1 15
1 19
4 16
4 18
7 17
8 26
10 16
13 23
13 16
18 30
16 15
18 17
19 15
21 17
21 13
29 20
23 11
36 19
25 9
33 13
27 7
39 8
28 4
39 5
29 1
42 0
80
47 47
59 44
48 44
56 42
47 41
61 34
46 38
49 34
44 36
47 31
42 34
42 30
40 32
40 26
37 31
39 23
35 30
34 24
32 29
33 19
29 29
28 23
26 29
22 23
23 29
18 18
21 31
15 22
18 32
11 27
16 34
12 31
14 36
6 32
13 39
4 38
12 41
4 40
11 44
4 45
10 47
3 48
10 50
2 54
12 53
1 58
13 55
11 59
14 58
6 67
16 60
8 73
18 62
15 72
21 63
17 77
23 65
21 76
26 66
25 80
29 65
32 71
32 65
37 76
35 65
37 72
37 63
45 72
40 62
52 72
42 60
49 63
44 58
54 63
46 56
54 58
47 53
60 56
47 50
56 49
60
67 -6
68 -9
69 -13
56 -12
64 -18
53 -15
63 -25
54 -21
55 -26
53 -28
49 -27
44 -22
42 -21
41 -24
40 -39
37 -37
34 -34
30 -39
28 -34
24 -35
20 -35
22 -27
19 -26
20 -21
10 -25
11 -21
15 -16
19 -12
17 -10
18 -8
20 -6
6 -3
10 0
18 0
20 2
24 1
10 13
26 4
24 9
21 16
20 23
25 21
29 19
34 9
34 24
37 27
39 11
42 16
44 15
44 9
47 11
56 21
48 7
55 10
56 8
56 5
60 4
65 3
59 -1
70 -3
60
17 -22
2 -24
17 -29
0 -27
2 -30
2 -32
2 -35
2 -38
-5 -35
-1 -43
0 -50
-5 -47
-9 -44
-12 -39
-13 -52
-16 -47
-19 -52
-22 -51
-25 -51
-28 -48
-25 -38
-25 -34
-37 -46
-29 -34
-35 -36
-35 -33
-45 -35
-43 -31
-43 -28
-32 -24
-48 -22
-36 -20
-33 -18
-41 -14
-42 -11
-33 -12
-42 -3
-41 0
-27 -10
-34 3
-25 -6
-24 -5
-26 9
-23 11
-18 -2
-16 2
-13 5
-10 4
-8 2
-9 -6
-2 3
-4 -5
-4 -9
0 -7
-3 -13
2 -11
11 -10
13 -12
0 -19
15 -19
80
54 33
65 32
54 30
66 27
53 27
59 23
51 25
59 19
50 22
57 12
48 20
55 9
46 18
48 9
44 16
46 4
41 15
40 13
38 15
36 3
35 15
34 8
32 14
29 8
29 16
23 1
26 16
20 10
24 18
21 18
22 20
13 13
20 22
12 19
19 25
4 20
18 27
13 27
16 30
9 31
16 33
2 34
17 36
2 42
18 39
9 44
18 42
14 46
20 44
14 52
22 46
14 57
24 48
22 55
26 50
24 57
29 51
28 61
32 52
33 63
35 51
37 62
38 52
40 64
41 51
49 62
44 50
49 55
46 48
58 58
48 46
60 55
50 44
56 47
51 41
62 45
53 39
55 38
53 36
63 35
80
-21 -35
-16 -37
-21 -38
-19 -39
-23 -41
-8 -47
-23 -44
-15 -50
-25 -46
-22 -51
-27 -48
-24 -53
-29 -50
-23 -65
-32 -51
-31 -54
-34 -52
-35 -55
-37 -53
-38 -66
-40 -54
-42 -57
-43 -54
-46 -55
-46 -53
-49 -56
-48 -51
-56 -61
-51 -50
-58 -54
-53 -48
-64 -57
-55 -46
-65 -48
-56 -43
-61 -45
-58 -41
-70 -43
-59 -38
-65 -37
-58 -35
-74 -31
-58 -32
-74 -27
-58 -29
-60 -27
-57 -26
-61 -22
-55 -24
-57 -20
-53 -22
-60 -11
-51 -20
-55 -10
-49 -18
-52 -11
-46 -17
-50 -2
-43 -17
-43 -13
-40 -16
-39 -12
-37 -16
-34 -6
-34 -17
-30 -13
-31 -18
-29 -17
-29 -20
-23 -14
-27 -22
-22 -18
-25 -24
-18 -22
-23 -26
-17 -26
-22 -29
-11 -29
-21 -32
-12 -33
80
66 -44
78 -48
66 -47
79 -53
65 -50
77 -56
64 -52
72 -57
63 -55
70 -65
61 -57
61 -61
59 -59
60 -63
56 -60
57 -66
54 -62
54 -75
51 -62
50 -73
48 -63
48 -70
45 -62
42 -67
42 -61
39 -70
40 -60
33 -72
37 -59
29 -64
35 -57
20 -66
33 -55
26 -59
31 -53
28 -52
30 -50
16 -50
29 -47
15 -45
29 -44
16 -43
29 -41
26 -40
30 -38
29 -35
32 -36
29 -31
33 -33
32 -30
35 -31
25 -19
37 -29
31 -17
40 -28
35 -14
42 -26
43 -19
45 -25
45 -17
48 -26
52 -10
51 -26
53 -21
54 -27
60 -13
56 -28
63 -21
59 -29
68 -22
61 -31
66 -28
63 -33
74 -27
64 -36
68 -35
66 -38
82 -36
67 -41
73 -43
60
2 -28
17 -31
6 -32
17 -38
15 -41
11 -42
8 -43
0 -39
-3 -39
2 -49
1 -51
0 -56
-5 -54
-8 -50
-10 -60
-13 -59
-16 -54
-16 -44
-21 -53
-24 -52
-30 -57
-22 -41
-32 -49
-30 -43
-41 -48
-37 -42
-37 -39
-29 -33
-42 -34
-46 -31
-46 -28
-42 -25
-29 -25
-42 -18
-44 -14
-26 -21
-37 -10
-27 -15
-32 -6
-25 -11
-26 -6
-24 -2
-19 -10
-18 -3
-16 5
-13 2
-9 6
-9 -7
-6 -6
-3 -5
-3 -10
3 -6
4 -9
5 -12
2 -17
3 -18
2 -21
5 -22
19 -21
19 -25
60
79 -33
68 -35
63 -36
69 -40
64 -40
71 -46
63 -44
71 -54
61 -48
64 -56
58 -50
56 -50
56 -57
55 -64
50 -50
48 -58
46 -49
42 -60
43 -48
41 -48
32 -62
31 -56
29 -55
36 -44
32 -45
27 -45
32 -40
19 -42
29 -37
14 -37
18 -33
29 -31
24 -28
22 -25
23 -22
24 -19
22 -14
32 -19
31 -14
28 -5
35 -10
37 -8
42 -13
43 -8
45 -8
48 -18
50 -17
54 -4
54 -15
62 -2
59 -14
66 -9
62 -17
69 -14
60 -24
69 -21
64 -26
76 -24
71 -28
69 -31
80
38 45
51 42
38 42
52 36
38 39
43 34
36 37
48 30
35 34
41 26
33 32
33 29
31 30
32 25
28 29
30 25
26 27
25 17
23 27
23 23
20 26
18 16
17 26
12 14
14 27
9 17
12 29
3 15
9 30
6 29
7 32
-8 24
5 34
-1 30
4 37
0 35
3 39
-1 39
1 42
-7 43
1 45
-13 48
1 48
-12 52
2 51
-12 57
3 54
-4 60
5 56
1 60
7 58
-3 69
9 60
6 70
12 61
12 66
14 63
12 71
17 64
19 76
20 64
22 75
23 64
26 72
26 62
28 64
29 62
31 66
31 60
37 65
33 58
37 58
35 56
40 57
37 54
47 57
38 51
52 54
38 48
50 49
60
9 -30
10 -32
9 -35
18 -40
17 -43
14 -45
-1 -39
7 -48
4 -49
-4 -42
2 -55
0 -59
-5 -56
-6 -62
-11 -45
-13 -48
-15 -53
-18 -55
-23 -59
-23 -53
-21 -44
-24 -45
-31 -50
-37 -51
-37 -48
-41 -46
-27 -36
-30 -36
-36 -35
-40 -33
-37 -30
-31 -28
-37 -25
-42 -21
-29 -23
-42 -13
-30 -18
-36 -9
-34 -6
-30 -7
-25 -9
-21 -12
-22 -3
-19 -4
-15 -10
-13 1
-11 -13
-7 -2
-7 -12
-4 -9
-2 -10
3 -8
1 -14
8 -11
7 -15
7 -18
18 -16
7 -24
19 -23
14 -27
0
