100
14 -25
22 -27
20 -29
15 -29
17 -31
7 -30
11 -32
20 -38
11 -36
6 -34
15 -41
4 -35
11 -43
13 -48
3 -38
11 -51
10 -54
5 -49
1 -44
4 -55
1 -52
-3 -44
-4 -44
-5 -52
-7 -47
-8 -46
-9 -46
-11 -47
-14 -54
-15 -51
-13 -41
-21 -57
-15 -40
-17 -41
-19 -43
-23 -46
-20 -40
-26 -45
-26 -42
-22 -36
-28 -40
-34 -42
-28 -36
-34 -37
-38 -37
-31 -32
-38 -33
-24 -28
-41 -29
-34 -27
-32 -25
-25 -24
-29 -22
-28 -21
-31 -19
-36 -16
-28 -17
-33 -13
-33 -11
-21 -17
-21 -16
-32 -5
-26 -8
-27 -5
-29 0
-17 -12
-24 0
-16 -11
-15 -10
-18 0
-18 4
-15 1
-12 -1
-11 -4
-10 5
-8 -3
-6 4
-6 -6
-2 8
-3 -5
-3 -9
3 4
2 -3
8 5
7 -1
12 3
10 -3
8 -8
4 -13
11 -9
8 -13
16 -9
21 -9
22 -11
18 -15
21 -16
19 -18
20 -20
20 -21
17 -23
100
-14 -13
-5 -15
-15 -15
-9 -17
-4 -20
0 -23
-5 -23
-6 -24
-13 -22
-16 -22
-11 -27
-7 -32
-9 -33
-18 -25
-13 -33
-13 -36
-13 -40
-18 -34
-16 -44
-23 -31
-21 -40
-24 -35
-26 -34
-27 -35
-28 -41
-30 -31
-31 -33
-34 -44
-34 -33
-37 -39
-37 -34
-39 -36
-44 -44
-42 -35
-48 -41
-45 -34
-47 -33
-44 -28
-50 -31
-52 -31
-53 -30
-53 -27
-54 -26
-46 -21
-52 -22
-44 -18
-51 -18
-61 -19
-54 -16
-59 -15
-53 -13
-60 -11
-54 -10
-62 -7
-60 -5
-61 -3
-46 -7
-50 -4
-48 -3
-53 1
-53 4
-46 0
-54 10
-50 8
-46 6
-48 12
-45 11
-44 12
-44 16
-37 6
-37 8
-36 11
-36 16
-33 8
-31 9
-30 2
-29 10
-27 8
-26 7
-25 7
-22 12
-19 15
-23 2
-14 17
-20 2
-21 0
-13 8
-15 3
-19 -3
-15 -1
-14 -1
-6 3
-12 -3
-13 -5
-8 -4
-5 -5
-4 -6
-11 -9
-7 -10
-13 -12
100
5 -6
18 -8
6 -8
20 -14
5 -11
8 -14
4 -13
18 -22
4 -15
7 -19
2 -17
7 -21
1 -19
8 -27
-2 -20
1 -27
-3 -22
3 -35
-5 -23
-1 -38
-7 -23
-7 -36
-9 -25
-9 -39
-12 -25
-13 -28
-14 -24
-16 -27
-16 -24
-21 -34
-19 -24
-22 -29
-21 -22
-30 -34
-23 -22
-30 -29
-24 -20
-32 -27
-27 -19
-35 -25
-28 -17
-33 -19
-29 -15
-42 -20
-30 -13
-37 -15
-31 -11
-42 -11
-32 -8
-40 -7
-31 -6
-46 -4
-31 -4
-42 1
-31 -1
-45 4
-31 1
-38 5
-29 3
-31 6
-28 5
-41 15
-27 7
-32 15
-25 9
-28 14
-23 10
-24 15
-21 10
-24 21
-19 12
-21 27
-17 13
-16 27
-14 12
-14 20
-12 13
-8 26
-9 13
-8 15
-7 11
0 25
-5 11
2 21
-3 10
1 12
-2 8
3 12
1 7
14 15
2 5
8 8
4 3
17 7
5 1
10 1
5 -1
13 -1
6 -4
15 -5
100
37 1
39 -1
31 -2
37 -5
35 -6
30 -6
28 -7
27 -8
30 -11
31 -13
34 -18
34 -21
32 -22
31 -23
21 -14
23 -20
26 -27
16 -14
22 -29
14 -13
14 -19
16 -30
14 -32
11 -21
9 -22
8 -26
7 -16
4 -32
3 -27
1 -26
2 -19
-3 -28
-1 -17
0 -13
-1 -13
-3 -14
-6 -16
-4 -11
-4 -10
-15 -18
-11 -13
-8 -9
-15 -12
-15 -10
-19 -10
-9 -5
-25 -7
-8 -2
-25 -3
-22 -1
-14 1
-12 2
-24 5
-11 5
-18 8
-24 12
-24 14
-19 14
-17 15
-12 14
-19 20
-16 21
-15 22
-15 25
-5 16
-11 28
-1 15
-3 21
-1 21
2 16
3 15
2 25
3 29
4 31
7 17
8 27
9 17
11 27
13 26
13 20
13 16
18 25
22 30
20 23
17 15
17 13
22 18
25 19
27 19
27 17
32 19
37 19
27 12
39 15
28 9
34 9
28 6
29 5
29 4
37 3
100
75 -9
63 -10
62 -11
66 -13
74 -17
69 -17
59 -15
61 -17
69 -22
73 -27
56 -18
67 -28
66 -30
56 -21
56 -24
55 -24
61 -35
60 -39
57 -36
52 -30
52 -35
48 -24
48 -28
48 -43
46 -38
44 -37
42 -41
42 -25
40 -32
40 -26
35 -36
33 -37
33 -32
36 -23
34 -24
32 -25
28 -28
34 -20
29 -23
26 -24
16 -29
30 -18
28 -18
30 -15
12 -22
21 -16
25 -14
16 -14
23 -12
28 -10
15 -9
13 -7
29 -7
15 -3
23 -4
17 0
26 -2
28 -1
23 3
26 2
22 7
22 9
27 7
22 14
33 4
29 12
30 14
28 21
36 7
32 22
35 19
40 8
41 6
41 11
43 14
44 7
46 24
47 11
49 18
50 13
49 5
57 23
54 12
55 11
53 5
58 10
65 16
56 4
59 5
62 6
67 8
67 5
62 1
71 4
69 1
75 1
72 -2
63 -5
66 -6
68 -7
100
58 7
72 6
59 5
61 4
58 2
61 -1
58 0
61 -3
57 -2
62 -8
55 -4
57 -6
54 -6
61 -15
52 -8
61 -21
50 -8
50 -12
48 -9
54 -25
46 -10
48 -25
43 -11
45 -26
41 -12
41 -15
39 -11
36 -19
37 -11
32 -20
34 -11
28 -20
32 -10
25 -18
30 -9
25 -13
29 -7
19 -16
26 -6
15 -15
25 -4
22 -5
24 -2
18 -3
22 0
16 0
23 3
16 4
21 5
8 4
22 7
13 9
21 9
9 12
22 12
19 13
22 14
16 19
23 16
11 24
25 18
23 21
26 20
24 24
28 22
27 25
30 23
27 34
32 23
32 32
34 25
34 30
37 25
35 38
39 25
39 30
41 25
44 38
43 25
47 31
46 25
53 39
48 24
55 35
50 22
61 35
51 21
55 22
53 19
58 23
55 18
61 20
57 16
63 19
57 14
65 17
58 12
69 14
58 9
69 10
100
39 48
40 46
31 45
41 42
39 41
29 42
39 37
25 41
23 41
26 38
24 38
22 38
25 34
31 25
28 26
26 26
28 19
19 32
19 30
21 19
17 25
16 23
15 20
13 24
11 28
10 29
9 30
7 22
4 16
2 17
4 31
4 34
-3 21
-6 19
-3 27
1 35
-2 33
-13 24
-6 33
-16 26
-7 36
-9 36
-14 35
-6 40
-22 35
-16 40
-21 40
-17 43
-17 45
-7 47
-5 48
-5 49
-13 51
-8 51
-23 56
-8 54
-12 57
-21 62
-3 55
-11 61
-2 57
-12 66
-13 70
-3 62
-7 69
-2 65
-2 67
2 63
3 62
3 67
4 66
2 81
7 63
7 70
9 63
10 80
11 65
13 72
15 73
17 74
15 62
18 69
23 76
24 74
20 63
27 71
30 72
29 68
28 65
35 68
27 60
32 62
40 64
32 58
28 55
30 54
34 54
27 51
43 52
39 50
100
30 19
24 18
26 16
29 14
34 11
30 11
25 11
28 8
22 9
32 1
32 -1
28 -1
16 8
16 6
21 -2
22 -5
22 -10
19 -8
18 -10
11 1
11 -3
12 -11
8 -4
6 1
6 -5
4 -3
2 -8
2 3
-1 -9
-2 -5
-6 -11
-8 -12
-4 2
-6 1
-9 -1
-14 -5
-9 4
-10 4
-9 7
-13 5
-18 3
-23 2
-9 12
-16 10
-10 13
-16 13
-15 14
-11 16
-14 17
-30 17
-25 19
-19 20
-18 22
-19 23
-11 23
-24 28
-11 25
-21 31
-16 30
-22 36
-22 38
-15 35
-11 33
-17 41
-6 31
-11 39
-9 40
-3 32
-4 35
-6 44
-4 45
-1 39
1 35
0 51
2 51
4 47
6 51
8 52
10 52
11 45
10 36
14 45
16 44
12 34
16 38
20 42
19 37
18 34
27 41
25 36
19 30
21 30
22 29
26 29
18 25
33 29
22 24
27 23
36 23
37 21
100
-8 -18
-2 -20
-8 -20
-5 -22
-8 -23
-6 -24
-8 -25
2 -31
-10 -27
3 -35
-11 -29
-4 -36
-13 -30
-2 -41
-15 -32
-14 -35
-16 -34
-13 -43
-18 -35
-14 -46
-20 -36
-20 -40
-23 -36
-23 -51
-25 -37
-27 -43
-27 -37
-30 -48
-29 -36
-30 -40
-32 -36
-37 -49
-34 -34
-41 -47
-36 -33
-40 -38
-37 -32
-50 -44
-40 -31
-53 -41
-41 -29
-47 -30
-43 -27
-47 -28
-43 -25
-49 -25
-44 -23
-49 -22
-45 -20
-57 -20
-45 -18
-47 -17
-45 -16
-50 -13
-43 -14
-55 -7
-44 -11
-57 -5
-42 -9
-46 -5
-41 -7
-45 0
-40 -5
-42 -2
-37 -4
-45 5
-36 -3
-39 4
-34 -2
-35 5
-32 0
-33 9
-29 0
-29 13
-27 0
-26 12
-25 1
-24 10
-22 1
-19 10
-20 0
-13 14
-18 -1
-13 8
-16 -2
-7 6
-14 -3
-3 7
-12 -5
-1 3
-11 -7
4 0
-10 -9
-7 -8
-9 -11
3 -9
-9 -14
5 -12
-8 -16
9 -14
100
64 -11
80 -14
64 -13
78 -19
63 -16
77 -20
63 -18
66 -20
61 -20
67 -26
60 -22
68 -32
58 -23
62 -31
57 -26
63 -37
55 -26
57 -31
53 -28
53 -30
51 -28
55 -45
49 -30
49 -37
46 -30
45 -40
44 -29
42 -35
42 -29
37 -38
39 -28
38 -31
37 -28
34 -33
35 -27
31 -32
33 -26
29 -30
32 -23
25 -29
30 -22
19 -27
28 -20
17 -23
28 -18
23 -18
28 -15
15 -17
26 -13
21 -12
27 -11
21 -9
27 -9
18 -7
28 -7
23 -2
27 -4
21 0
28 -2
19 4
30 0
23 9
31 2
26 8
34 3
30 11
35 5
31 18
37 6
32 18
39 6
38 20
41 8
40 22
44 7
45 21
46 7
51 24
48 7
51 12
51 7
54 14
53 5
60 15
55 4
59 6
57 4
64 9
58 1
71 9
60 0
68 3
61 -2
71 0
63 -4
68 -3
62 -7
71 -7
63 -9
66 -9
100
-31 15
-23 13
-18 11
-34 12
-24 9
-21 6
-23 5
-35 9
-19 -1
-24 -1
-35 5
-37 5
-30 -3
-32 -3
-33 -4
-29 -13
-31 -13
-38 -4
-35 -16
-41 -5
-43 -3
-42 -11
-45 -6
-46 -6
-48 -1
-49 -9
-51 -9
-52 -7
-54 -12
-55 -7
-58 -12
-60 -14
-61 -10
-58 -2
-59 0
-63 -4
-67 -7
-67 -4
-73 -8
-71 -3
-72 -2
-78 -3
-76 0
-67 6
-63 9
-77 6
-79 7
-70 11
-67 13
-75 13
-74 15
-66 16
-64 17
-69 19
-70 20
-69 21
-75 25
-77 28
-75 29
-71 29
-61 24
-74 35
-68 33
-72 39
-69 40
-62 33
-63 38
-65 44
-56 29
-59 40
-58 43
-56 41
-53 37
-51 30
-51 49
-49 42
-48 38
-46 35
-43 45
-45 30
-43 32
-43 29
-37 41
-39 33
-35 38
-29 43
-36 31
-29 36
-29 34
-36 26
-35 25
-21 33
-23 29
-31 24
-25 25
-18 25
-32 19
-24 20
-26 18
-27 16
100
3 11
-3 10
3 8
11 5
11 3
10 1
1 2
8 -3
-6 3
7 -7
5 -8
4 -10
-8 -1
-1 -10
-7 -6
-12 -1
-4 -16
-7 -14
-11 -11
-8 -21
-13 -13
-16 -8
-15 -20
-17 -19
-20 -9
-21 -20
-22 -6
-25 -19
-27 -19
-26 -9
-31 -20
-34 -21
-35 -19
-35 -14
-36 -13
-37 -12
-40 -12
-37 -6
-33 -1
-37 -2
-45 -7
-36 1
-45 -2
-47 -1
-52 -1
-44 4
-36 7
-51 5
-39 9
-49 9
-53 11
-41 12
-52 15
-48 16
-46 17
-45 19
-45 21
-44 22
-34 18
-49 29
-40 25
-33 21
-45 34
-43 34
-36 29
-36 32
-35 33
-34 35
-30 29
-33 42
-29 35
-25 26
-26 39
-23 30
-23 42
-21 38
-20 28
-18 35
-16 37
-17 26
-12 38
-13 32
-7 41
-10 31
-13 24
-2 38
-4 31
-5 28
2 33
1 29
-6 22
-6 21
0 23
3 22
3 21
-3 17
0 16
4 16
12 15
9 13
100
-7 -6
-13 -8
-23 -8
-18 -10
-25 -10
-21 -12
-15 -16
-17 -17
-14 -20
-21 -18
-27 -15
-15 -26
-23 -22
-19 -29
-29 -20
-25 -27
-28 -25
-28 -28
-29 -29
-29 -35
-31 -35
-35 -25
-34 -38
-38 -23
-38 -35
-40 -34
-42 -30
-42 -24
-45 -31
-45 -27
-48 -32
-46 -20
-49 -25
-56 -36
-53 -26
-52 -22
-58 -28
-63 -30
-54 -19
-57 -20
-63 -22
-69 -24
-68 -21
-68 -19
-67 -17
-65 -14
-57 -10
-68 -11
-67 -9
-57 -7
-66 -6
-59 -5
-56 -4
-56 -3
-58 -1
-69 3
-66 4
-60 3
-61 6
-59 6
-67 13
-52 4
-52 6
-62 17
-58 16
-52 10
-54 16
-54 20
-46 8
-51 21
-45 8
-46 18
-44 14
-42 11
-41 12
-40 19
-39 16
-38 9
-35 22
-33 22
-33 17
-29 21
-32 11
-32 8
-28 13
-26 13
-27 9
-20 15
-25 8
-25 6
-16 12
-19 7
-18 6
-16 5
-9 6
-24 -1
-25 -2
-17 -2
-19 -3
-19 -5
100
14 -44
17 -45
14 -46
21 -49
14 -49
21 -54
14 -51
24 -56
12 -53
25 -63
11 -55
12 -58
10 -57
16 -65
7 -58
18 -71
6 -59
6 -64
4 -60
7 -71
2 -62
6 -77
0 -63
1 -73
-3 -62
-5 -69
-5 -63
-7 -75
-8 -63
-11 -77
-10 -61
-12 -64
-12 -61
-17 -65
-14 -59
-25 -72
-16 -59
-26 -69
-18 -57
-27 -61
-19 -55
-22 -55
-20 -53
-31 -55
-21 -51
-37 -56
-21 -48
-33 -51
-22 -46
-27 -46
-23 -44
-25 -42
-23 -42
-36 -38
-22 -39
-33 -34
-22 -37
-35 -29
-20 -35
-31 -26
-19 -33
-20 -29
-17 -32
-26 -20
-15 -30
-17 -26
-14 -28
-16 -23
-12 -27
-14 -21
-10 -27
-11 -19
-7 -26
-8 -20
-5 -25
-5 -14
-3 -26
-1 -9
-1 -26
3 -19
2 -27
7 -13
4 -28
11 -17
6 -29
15 -17
7 -30
18 -20
10 -31
19 -24
11 -33
17 -31
12 -35
19 -32
14 -37
29 -33
14 -39
28 -37
14 -42
24 -41
100
-2 23
0 21
-8 20
-13 20
3 15
-5 15
-7 14
-6 12
0 7
-15 13
-17 14
-13 9
-16 10
-17 9
-20 11
-20 9
-17 2
-22 9
-18 -2
-22 3
-22 -1
-24 -1
-25 -5
-26 -11
-29 4
-30 -1
-32 -8
-33 3
-34 1
-38 -7
-36 3
-38 2
-42 -3
-42 2
-38 10
-45 3
-42 8
-52 0
-45 9
-45 11
-49 9
-49 11
-45 15
-48 14
-53 14
-48 17
-45 19
-58 18
-46 21
-64 21
-64 23
-57 25
-62 27
-45 26
-58 30
-51 30
-62 36
-48 32
-59 39
-48 34
-50 38
-43 34
-53 45
-51 46
-49 46
-46 45
-44 46
-43 48
-37 38
-39 46
-41 55
-38 56
-35 49
-34 52
-32 51
-30 38
-28 51
-26 53
-25 49
-25 41
-24 42
-20 47
-18 48
-19 42
-19 41
-15 44
-12 45
-12 42
-13 39
-17 34
-4 42
-15 33
-10 34
-9 33
-10 31
-5 31
-4 30
-2 28
-11 25
-2 25
100
55 34
69 33
54 32
66 30
53 30
62 27
54 27
67 19
53 25
57 21
51 23
56 16
49 22
51 18
47 20
51 15
46 18
51 10
44 17
48 3
42 17
42 7
39 16
40 0
37 15
35 2
35 16
33 8
33 16
29 9
30 17
26 10
28 17
23 12
26 19
20 13
24 19
14 8
22 21
16 18
21 23
13 21
19 25
9 20
19 27
9 25
18 29
5 30
17 32
1 31
17 34
12 36
18 36
11 40
19 38
11 42
19 41
6 49
19 43
18 47
21 45
20 49
23 46
13 61
25 48
22 53
26 49
21 62
28 50
25 66
30 51
28 60
32 53
33 60
35 52
37 58
37 53
40 57
39 52
43 65
42 52
46 60
44 51
52 63
46 49
50 52
48 49
56 54
49 46
55 51
51 45
58 48
53 43
62 47
53 41
63 44
54 39
69 40
55 36
65 35
100
16 26
7 25
10 23
4 22
6 20
8 18
15 14
13 12
9 13
9 10
5 11
7 7
1 10
0 9
1 6
-7 14
-5 9
-8 12
-6 5
-9 8
-9 3
-12 9
-11 -2
-13 6
-14 0
-16 -2
-17 5
-20 -4
-20 2
-22 3
-23 5
-22 10
-25 8
-29 2
-34 -2
-27 11
-38 0
-29 12
-32 11
-28 16
-38 10
-44 8
-38 14
-30 19
-41 16
-43 17
-35 21
-49 20
-38 23
-47 24
-48 26
-50 28
-34 28
-42 31
-38 32
-42 34
-39 35
-36 35
-41 40
-38 40
-41 44
-41 46
-31 40
-34 45
-31 44
-32 48
-29 46
-25 42
-25 44
-24 46
-24 51
-20 41
-19 44
-20 58
-17 41
-16 46
-15 47
-13 46
-11 52
-12 42
-5 58
-10 41
-5 50
-7 43
-7 40
-2 45
-1 44
0 43
-4 37
-4 36
4 41
-2 35
7 39
3 35
11 37
5 33
9 32
12 31
6 29
15 28
100
-18 30
-14 28
-28 28
-16 24
-30 26
-28 24
-32 24
-27 21
-21 16
-32 21
-28 17
-24 12
-22 7
-27 10
-29 10
-37 17
-37 16
-34 8
-35 6
-38 10
-35 -2
-38 -3
-43 15
-43 9
-45 8
-46 -1
-47 12
-49 6
-49 14
-52 7
-52 12
-57 1
-55 11
-54 16
-59 10
-64 5
-67 5
-64 10
-58 18
-63 16
-67 15
-75 12
-71 16
-62 22
-66 22
-73 21
-76 22
-61 27
-77 26
-75 28
-72 30
-77 32
-78 34
-77 36
-77 38
-70 38
-74 41
-75 44
-59 37
-62 40
-74 50
-58 40
-59 42
-66 51
-64 52
-64 55
-64 59
-54 44
-59 58
-54 50
-53 53
-51 51
-52 61
-50 64
-47 49
-46 54
-45 45
-43 57
-43 46
-41 51
-41 44
-37 53
-35 54
-30 59
-29 57
-32 49
-34 45
-26 51
-31 44
-27 46
-30 42
-22 45
-18 45
-19 43
-14 43
-30 35
-28 35
-31 33
-13 34
-15 32
100
31 -1
37 -3
30 -3
44 -5
29 -5
38 -11
30 -8
35 -12
29 -10
40 -20
27 -12
30 -16
26 -14
30 -22
23 -15
29 -24
22 -17
25 -23
20 -17
20 -25
18 -18
18 -23
16 -20
17 -32
13 -20
12 -31
11 -19
7 -28
9 -19
5 -30
6 -18
0 -32
4 -18
-4 -27
2 -16
-2 -19
1 -15
-9 -25
-1 -13
-14 -22
-3 -12
-8 -14
-4 -10
-7 -9
-6 -8
-11 -9
-6 -6
-18 -6
-6 -3
-10 -2
-7 -1
-15 1
-7 1
-9 3
-5 3
-19 9
-6 6
-14 12
-5 8
-6 10
-3 10
-7 17
-1 11
-2 15
1 13
-9 26
2 14
-4 25
4 16
3 23
6 17
5 21
9 17
9 26
11 18
11 31
13 18
16 20
15 17
18 23
18 16
20 19
20 15
25 26
22 14
26 19
24 14
32 20
25 11
36 21
27 10
40 18
28 8
41 13
29 6
44 10
29 3
42 4
30 1
36 0
100
36 -12
52 -14
45 -15
36 -15
49 -20
38 -18
39 -20
43 -24
43 -25
36 -23
42 -30
34 -25
34 -27
41 -37
35 -32
27 -25
27 -26
28 -30
28 -34
29 -39
25 -35
23 -33
21 -30
20 -28
20 -43
18 -27
17 -35
15 -38
14 -34
13 -31
12 -32
10 -32
8 -33
5 -36
1 -39
7 -27
0 -34
-2 -33
7 -22
-5 -31
0 -25
5 -20
-7 -25
-7 -24
-12 -24
1 -18
1 -16
2 -15
-13 -16
-5 -13
-14 -12
-13 -10
-9 -9
0 -9
-11 -5
2 -7
-9 -1
-1 -3
0 -2
4 -3
-4 4
-6 8
-2 7
4 3
-4 14
7 3
1 14
2 17
7 11
10 8
10 13
13 6
13 15
16 6
17 11
18 3
20 12
22 19
21 6
23 6
25 10
26 8
24 2
30 9
33 12
36 12
38 13
30 1
37 6
39 5
40 4
33 -2
41 1
32 -6
43 -2
50 -1
51 -4
43 -7
39 -9
44 -10
0
