12
-20 10
-30 20
-20 30
0 10
10 20
30 0
10 -20
20 -30
10 -40
-20 -10
-30 -20
-40 -10
6
-20 20
30 30
20 20
30 -10
-20 -20
-10 -10
24
-10 20
-10 30
10 30
10 10
20 10
20 0
0 0
0 -10
30 -10
30 -20
20 -20
20 -50
10 -50
10 -30
-10 -30
-10 -40
-20 -40
-20 -30
-30 -30
-30 -10
-20 -10
-20 10
-40 10
-40 20
60
58 26
63 24
64 22
75 15
58 19
63 15
69 7
54 16
61 6
57 7
58 1
52 6
49 8
49 -3
45 8
43 8
41 3
37 -4
32 -6
30 -4
34 10
33 12
32 14
28 13
25 13
23 14
13 13
15 17
28 23
21 24
10 26
18 29
11 33
20 33
28 33
17 41
23 41
26 41
24 47
29 45
32 44
36 41
32 58
38 50
41 46
43 59
45 49
47 45
53 57
53 48
58 53
62 53
63 48
58 39
70 45
72 43
59 33
61 32
65 31
77 30
80
20 -34
28 -35
20 -37
23 -39
19 -40
32 -46
19 -43
31 -51
17 -45
27 -53
15 -47
24 -61
13 -49
17 -56
11 -51
10 -53
8 -51
10 -61
5 -52
3 -65
2 -53
0 -60
-1 -53
-5 -57
-4 -51
-7 -56
-7 -51
-13 -61
-9 -49
-13 -53
-11 -47
-16 -51
-13 -45
-16 -46
-15 -43
-18 -44
-16 -40
-28 -41
-16 -37
-31 -37
-17 -34
-19 -33
-17 -31
-22 -28
-16 -28
-25 -24
-14 -26
-16 -22
-13 -23
-19 -16
-11 -21
-15 -12
-9 -19
-14 -7
-7 -17
-12 -2
-4 -17
-6 0
-1 -16
-1 -12
2 -16
3 -12
5 -15
8 -10
8 -16
10 -15
10 -18
19 -9
13 -19
24 -9
15 -21
26 -11
17 -23
28 -19
18 -26
21 -26
19 -28
31 -25
21 -31
28 -32
80
3 0
16 -4
3 -3
7 -6
3 -6
11 -10
2 -9
13 -16
0 -11
7 -21
-2 -13
2 -20
-4 -15
-4 -20
-6 -17
-7 -23
-9 -18
-9 -30
-12 -18
-14 -24
-15 -18
-17 -24
-18 -19
-22 -30
-21 -18
-24 -19
-23 -16
-35 -29
-26 -15
-28 -17
-28 -13
-32 -14
-30 -11
-43 -19
-32 -9
-39 -12
-33 -6
-46 -6
-34 -3
-43 -3
-34 0
-37 3
-33 3
-48 9
-32 6
-44 12
-31 8
-45 17
-30 11
-34 18
-28 13
-35 21
-26 15
-28 20
-23 16
-29 29
-21 17
-19 21
-18 18
-18 29
-15 19
-14 31
-12 19
-10 22
-9 18
-3 33
-7 16
3 29
-4 15
7 25
-2 13
5 17
0 11
3 10
1 8
4 9
3 6
9 5
4 3
8 3
60
57 -27
59 -30
66 -34
64 -37
49 -34
50 -37
58 -45
46 -38
48 -44
45 -44
42 -43
41 -44
39 -44
40 -59
35 -43
33 -43
30 -53
29 -45
24 -56
26 -42
18 -54
13 -55
23 -38
10 -48
20 -36
4 -44
3 -40
3 -37
7 -33
8 -30
0 -27
18 -25
18 -24
18 -22
10 -17
11 -15
8 -9
13 -9
12 -4
18 -7
20 -5
24 -7
26 -6
28 -3
30 -1
33 7
37 7
39 0
39 -10
44 -1
44 -8
42 -14
54 -3
52 -10
56 -10
54 -15
49 -20
55 -20
64 -20
58 -24
80
-32 -21
-16 -25
-31 -24
-28 -27
-32 -27
-21 -34
-34 -29
-21 -39
-35 -32
-27 -42
-37 -34
-35 -40
-39 -36
-31 -51
-41 -38
-40 -42
-44 -39
-44 -46
-47 -39
-49 -46
-50 -40
-53 -48
-53 -40
-56 -51
-56 -38
-59 -42
-59 -38
-63 -44
-61 -36
-69 -41
-63 -34
-73 -41
-65 -32
-77 -37
-66 -29
-79 -34
-68 -27
-73 -28
-69 -24
-72 -23
-69 -21
-85 -19
-69 -18
-79 -15
-68 -15
-72 -11
-66 -13
-79 -4
-65 -10
-75 3
-63 -8
-65 -2
-61 -6
-61 -1
-58 -5
-58 0
-56 -4
-57 9
-53 -2
-51 14
-50 -2
-49 7
-47 -3
-46 2
-44 -4
-42 0
-42 -5
-32 9
-39 -6
-32 2
-37 -8
-32 -7
-35 -10
-22 -3
-34 -13
-19 -6
-32 -15
-29 -17
-31 -18
-18 -19
80
-29 11
-21 7
-29 8
-20 5
-29 5
-27 3
-31 3
-20 -7
-32 0
-26 -7
-34 -2
-27 -14
-36 -4
-28 -19
-39 -5
-35 -22
-41 -7
-41 -15
-44 -7
-44 -18
-47 -8
-48 -21
-50 -8
-53 -19
-53 -7
-59 -21
-56 -6
-57 -7
-58 -4
-66 -9
-60 -2
-66 -5
-62 0
-65 -1
-63 3
-74 1
-65 5
-70 5
-65 8
-73 10
-66 11
-76 12
-66 14
-67 17
-65 17
-66 19
-64 20
-76 28
-62 22
-67 27
-60 24
-63 28
-58 26
-64 38
-55 27
-58 41
-53 28
-53 38
-50 30
-48 39
-47 29
-44 44
-44 30
-39 38
-41 29
-38 31
-39 27
-31 37
-36 26
-31 30
-34 24
-24 30
-32 22
-25 26
-31 19
-28 19
-30 17
-23 17
-28 14
-23 14
80
41 -46
48 -49
42 -49
50 -54
40 -52
43 -54
40 -55
51 -64
38 -57
42 -60
36 -59
39 -65
34 -61
37 -67
31 -62
35 -77
29 -63
30 -75
26 -65
25 -76
23 -64
22 -79
20 -64
17 -73
17 -63
11 -77
15 -62
4 -74
12 -61
4 -68
10 -59
5 -63
8 -57
-4 -65
7 -54
-3 -57
5 -52
-1 -52
5 -49
-4 -47
5 -46
0 -44
4 -43
-5 -38
6 -40
-8 -32
6 -37
-6 -30
8 -35
-2 -27
10 -33
4 -25
12 -31
10 -26
14 -29
8 -14
17 -29
18 -20
20 -27
20 -15
23 -27
27 -18
26 -28
29 -19
29 -28
32 -24
31 -30
39 -18
34 -31
38 -28
36 -33
51 -25
38 -35
50 -31
40 -37
46 -37
40 -40
54 -38
42 -43
55 -43
80
40 27
46 26
40 24
53 20
39 21
51 15
37 19
43 14
36 16
48 6
34 14
38 9
32 12
37 -3
30 10
30 5
27 9
29 -5
24 8
24 -6
21 8
20 -4
18 9
16 -2
15 10
13 5
13 11
2 -1
10 12
3 4
8 14
2 11
6 16
2 15
4 18
-1 18
3 21
-2 20
3 24
0 26
3 27
-10 31
3 30
0 33
4 33
-8 39
4 36
0 40
6 38
-4 48
8 40
4 45
10 42
8 46
13 43
13 48
15 44
13 53
18 46
19 49
21 45
23 49
24 46
27 48
27 44
33 53
30 44
33 49
32 42
41 49
34 40
38 41
36 38
46 43
37 35
43 37
38 33
48 33
40 30
49 30
60
10 -17
13 -19
13 -22
10 -23
17 -28
7 -26
10 -31
4 -28
8 -36
6 -38
0 -32
1 -40
-1 -41
-5 -35
-7 -34
-9 -37
-13 -51
-15 -46
-18 -46
-20 -43
-17 -31
-20 -32
-30 -41
-22 -29
-24 -28
-26 -27
-31 -27
-26 -23
-41 -24
-40 -20
-39 -17
-31 -15
-31 -12
-41 -6
-30 -8
-35 -2
-35 2
-28 0
-30 6
-27 7
-23 6
-16 -1
-19 12
-13 0
-11 -2
-9 9
-6 15
-4 8
-2 6
1 5
2 2
3 0
12 6
4 -6
7 -5
14 -3
6 -10
18 -8
22 -10
17 -14
60
16 -46
26 -49
28 -52
16 -52
28 -59
25 -61
22 -64
23 -69
14 -64
17 -73
7 -62
11 -76
8 -76
2 -63
1 -70
-2 -77
-5 -77
-6 -65
-9 -67
-10 -63
-14 -68
-14 -62
-23 -69
-24 -66
-16 -56
-28 -61
-29 -58
-28 -54
-34 -53
-31 -49
-21 -46
-24 -44
-21 -42
-23 -39
-22 -37
-25 -33
-25 -30
-16 -33
-22 -24
-17 -25
-13 -27
-8 -32
-9 -23
-8 -20
-5 -22
-2 -20
0 -31
2 -28
6 -20
8 -23
13 -20
13 -26
11 -31
17 -29
13 -35
24 -31
26 -33
25 -37
31 -39
16 -44
80
56 18
72 17
55 15
66 10
54 12
68 6
53 10
62 1
52 7
58 0
50 5
57 -7
48 3
48 -1
45 2
51 -12
43 0
43 -5
40 -1
41 -14
37 0
35 -16
34 -1
30 -16
31 0
29 -5
29 2
23 -7
26 3
21 0
24 5
19 4
22 7
15 6
21 10
11 7
19 12
5 11
19 15
10 17
19 18
10 19
18 21
4 24
19 24
8 29
21 26
11 35
22 29
12 40
24 31
23 36
26 33
22 43
29 34
27 42
31 35
31 43
34 37
35 41
37 37
40 53
40 37
45 49
43 35
49 43
46 35
52 43
48 33
59 44
50 31
57 34
52 29
65 34
53 26
60 28
55 24
59 23
56 21
64 21
60
9 38
14 36
23 31
14 31
8 31
19 23
15 22
7 25
11 16
12 10
9 9
2 15
2 7
-2 12
-6 21
-8 11
-11 14
-14 12
-17 11
-21 10
-16 23
-28 10
-27 17
-24 23
-35 19
-35 22
-35 26
-26 32
-26 34
-28 36
-30 38
-31 40
-30 43
-39 48
-25 46
-31 51
-34 57
-31 59
-29 62
-22 57
-25 67
-15 54
-18 67
-14 68
-11 71
-8 67
-5 64
-1 70
1 66
1 59
6 63
6 57
11 59
15 59
15 55
10 49
9 46
21 47
7 41
21 41
60
50 -9
36 -11
37 -12
39 -15
40 -18
44 -22
44 -25
43 -29
38 -28
40 -35
30 -24
28 -25
29 -33
25 -28
23 -31
21 -31
18 -37
15 -39
12 -36
11 -32
10 -29
4 -32
10 -21
7 -22
6 -20
5 -18
4 -17
4 -15
-1 -14
4 -11
2 -9
0 -7
-11 -2
-6 0
6 -2
5 0
2 5
1 9
8 6
12 4
8 13
7 22
15 9
14 22
19 6
21 7
24 20
27 20
27 8
33 18
31 8
38 14
43 16
41 9
44 8
50 8
51 4
37 -4
36 -6
42 -7
80
-13 33
4 31
-12 30
1 27
-13 27
2 21
-14 24
-13 22
-16 22
-6 10
-18 20
-14 12
-20 18
-12 4
-23 17
-17 1
-25 15
-24 -1
-28 15
-28 8
-31 14
-32 5
-34 14
-37 3
-37 15
-41 11
-40 16
-48 6
-42 18
-54 9
-44 20
-53 17
-46 22
-56 18
-47 25
-63 21
-48 27
-58 26
-49 30
-53 31
-50 33
-65 37
-49 36
-62 41
-49 39
-53 43
-48 42
-58 48
-46 44
-52 49
-44 46
-52 58
-42 48
-49 60
-40 50
-40 53
-37 51
-36 60
-34 51
-34 61
-31 51
-30 63
-28 52
-24 58
-25 51
-20 58
-22 50
-18 55
-20 48
-8 59
-18 46
-10 52
-16 44
-9 48
-15 41
-2 44
-13 39
-6 38
-13 36
3 35
60
30 -19
16 -21
21 -23
26 -27
30 -32
18 -29
23 -36
22 -39
23 -44
12 -35
8 -32
14 -50
5 -34
5 -43
3 -43
0 -39
-3 -46
-5 -43
-8 -45
-9 -39
-12 -40
-9 -32
-13 -33
-20 -37
-21 -34
-17 -29
-28 -32
-27 -28
-30 -25
-16 -21
-25 -19
-23 -17
-32 -12
-21 -12
-24 -8
-23 -6
-14 -9
-14 -6
-15 -2
-11 -4
-11 0
-9 1
-8 6
-4 2
-2 -1
0 -1
2 -3
6 11
5 -4
8 -1
8 -4
18 5
11 -6
25 4
19 -5
20 -7
27 -7
24 -11
17 -15
21 -17
80
36 41
50 39
36 38
45 34
36 35
43 31
34 33
37 28
33 30
34 26
31 28
36 22
29 26
34 14
27 24
30 17
24 23
24 14
21 23
21 12
18 23
13 7
15 23
12 19
12 24
8 14
10 25
1 12
7 26
4 22
5 28
-1 23
3 30
-1 28
2 33
-5 32
0 35
-4 36
0 38
-10 38
-1 41
-4 43
0 44
-7 46
0 47
-9 51
1 50
-8 58
3 52
2 55
5 54
1 61
7 56
3 69
10 57
4 70
12 58
12 66
15 59
17 72
18 59
21 73
21 59
24 61
24 58
25 61
27 58
35 66
29 56
39 64
31 54
34 55
33 52
45 57
34 49
41 49
36 47
41 47
37 44
42 43
60
-1 26
14 22
7 20
10 16
7 14
9 10
3 9
-5 13
-5 10
-6 7
-7 4
-12 8
-14 6
-13 -6
-18 8
-20 -3
-23 2
-26 -2
-28 0
-31 2
-36 -3
-40 -2
-39 4
-45 3
-38 13
-43 12
-35 19
-52 15
-53 19
-43 24
-46 26
-51 29
-49 32
-37 32
-38 34
-46 41
-46 45
-33 38
-39 48
-32 42
-31 45
-33 54
-26 44
-23 41
-22 47
-20 45
-17 58
-17 41
-14 44
-11 46
-8 48
-4 49
-8 39
0 44
3 42
4 40
5 37
10 36
1 30
0 28
80
64 -37
67 -39
63 -40
70 -43
63 -43
74 -48
62 -46
63 -49
60 -48
62 -54
58 -50
59 -53
56 -52
63 -64
54 -54
53 -56
51 -54
49 -59
48 -56
49 -64
45 -56
42 -67
42 -56
39 -68
39 -55
35 -64
36 -54
27 -67
34 -52
31 -54
32 -50
25 -56
30 -48
27 -49
29 -45
16 -51
28 -43
11 -47
26 -40
10 -38
27 -37
17 -36
26 -34
13 -30
28 -31
26 -29
29 -29
25 -25
30 -26
29 -24
32 -24
26 -16
34 -22
29 -10
37 -21
33 -8
39 -19
36 -6
42 -19
44 -12
45 -18
47 -11
48 -18
50 -15
51 -19
58 -7
54 -20
60 -16
56 -22
64 -15
58 -24
67 -20
60 -26
65 -23
62 -28
75 -23
63 -31
70 -29
64 -34
71 -34
60
39 -6
33 -8
35 -10
50 -17
41 -16
34 -15
41 -22
35 -21
28 -17
32 -25
28 -22
25 -22
23 -21
24 -33
20 -28
18 -34
14 -40
14 -27
10 -30
9 -26
7 -25
0 -30
1 -25
6 -17
-1 -20
-3 -18
-11 -19
-10 -15
-1 -10
-10 -9
2 -6
-6 -3
-15 1
-2 0
-10 7
-8 9
-5 10
-1 11
-4 19
9 7
10 7
11 9
13 9
12 23
16 9
18 14
20 9
25 27
28 25
25 10
29 14
38 22
30 7
38 12
30 3
37 5
38 3
42 2
45 0
43 -3
80
49 26
52 25
49 23
56 21
49 20
58 16
47 18
51 15
46 15
56 2
44 13
51 2
42 11
42 7
40 9
41 2
37 8
36 5
34 7
34 -1
31 8
29 5
28 8
26 -2
25 9
22 6
23 10
18 7
20 11
13 3
18 13
7 4
16 15
12 15
14 17
7 14
14 20
9 20
12 23
1 24
13 26
3 27
13 29
8 32
14 32
9 34
15 34
9 40
16 37
8 44
18 39
14 43
20 41
19 47
23 42
21 53
25 43
26 51
28 44
30 52
31 45
34 58
34 44
36 49
37 43
41 47
40 43
47 49
42 41
52 53
44 39
56 46
46 37
61 44
47 34
61 38
49 32
58 33
50 29
66 30
60
27 48
24 45
17 43
25 38
16 39
18 35
7 39
7 37
6 35
4 36
7 27
2 32
3 23
-2 32
-2 18
-5 16
-7 32
-9 29
-12 25
-16 23
-20 21
-20 27
-26 25
-26 29
-26 33
-24 37
-25 39
-35 38
-26 44
-29 45
-38 48
-22 50
-29 53
-28 55
-23 56
-21 57
-21 60
-27 68
-19 64
-20 68
-22 77
-16 73
-11 67
-8 63
-7 69
-5 75
-2 80
-2 63
2 69
1 62
5 65
4 61
5 59
14 65
18 64
10 57
23 61
10 53
28 55
10 50
60
-1 48
-7 45
-19 45
-20 43
-11 38
-5 32
-15 34
-21 37
-15 26
-22 32
-19 22
-23 24
-28 30
-29 26
-31 24
-34 32
-37 24
-39 24
-42 23
-40 34
-50 20
-50 26
-45 36
-50 33
-55 33
-49 39
-54 39
-58 40
-56 43
-61 45
-59 48
-67 51
-54 52
-59 56
-54 57
-50 57
-48 58
-57 69
-47 62
-49 69
-48 72
-42 65
-41 71
-41 81
-36 63
-34 78
-31 78
-28 78
-28 66
-21 76
-18 77
-17 71
-21 62
-18 63
-12 64
-7 64
-3 62
-13 55
-19 51
-4 51
80
-5 -30
11 -32
-6 -33
5 -38
-6 -36
6 -43
-7 -39
4 -49
-9 -41
0 -51
-11 -43
0 -56
-13 -45
-12 -52
-15 -47
-16 -54
-18 -47
-15 -60
-21 -49
-22 -55
-24 -49
-27 -55
-27 -49
-32 -58
-30 -48
-35 -57
-33 -47
-37 -52
-35 -45
-38 -48
-37 -43
-47 -48
-39 -41
-51 -45
-40 -38
-47 -40
-42 -36
-48 -36
-43 -33
-45 -32
-42 -30
-55 -29
-42 -27
-54 -23
-42 -24
-45 -23
-41 -21
-48 -17
-39 -19
-48 -8
-37 -17
-46 -5
-35 -15
-42 -1
-33 -13
-36 1
-30 -12
-30 -1
-27 -12
-25 -9
-24 -11
-23 -5
-21 -11
-17 -7
-18 -12
-14 -4
-15 -13
-12 -9
-13 -15
-6 -7
-11 -17
1 -8
-9 -19
-6 -18
-8 -22
7 -18
-7 -24
7 -21
-5 -27
-1 -27
60
63 38
63 36
62 34
63 31
70 25
69 23
59 26
59 23
61 17
51 25
50 25
55 10
49 15
49 7
45 9
42 11
39 8
38 19
32 8
29 10
35 25
28 19
19 13
17 15
20 22
21 26
16 26
10 27
20 33
26 36
11 38
18 41
26 41
10 49
21 47
24 48
30 47
20 57
21 61
22 66
25 67
32 60
37 54
39 53
39 67
42 62
45 62
45 53
53 70
52 61
54 59
62 66
61 60
64 57
64 54
64 51
72 51
60 44
73 45
76 42
60
52 43
65 40
49 39
46 38
51 34
61 27
58 24
44 32
49 24
47 23
42 26
40 26
39 22
36 25
35 11
32 21
29 13
28 25
27 28
25 28
18 19
13 16
21 31
18 30
17 32
9 30
4 30
4 34
8 38
8 40
-2 43
-1 46
1 50
2 53
14 51
3 60
15 55
10 63
21 56
23 56
15 72
21 67
23 71
27 67
29 75
32 68
35 74
37 67
41 71
44 69
40 57
52 71
49 62
56 64
52 58
61 60
63 57
60 52
63 50
60 46
80
19 -43
32 -46
19 -46
27 -50
17 -49
19 -51
17 -52
27 -58
15 -54
24 -66
13 -56
18 -66
11 -58
14 -67
9 -60
8 -67
6 -61
5 -67
3 -61
2 -73
0 -62
-4 -75
-3 -61
-8 -74
-6 -61
-13 -72
-9 -60
-12 -62
-11 -58
-20 -65
-13 -56
-19 -58
-15 -54
-17 -55
-16 -51
-32 -58
-17 -49
-24 -49
-19 -46
-26 -46
-18 -43
-27 -42
-19 -40
-29 -37
-18 -37
-24 -32
-17 -34
-26 -25
-15 -32
-24 -25
-13 -30
-20 -22
-11 -28
-15 -15
-9 -26
-9 -23
-6 -26
-5 -22
-3 -25
-3 -15
0 -25
3 -18
3 -25
6 -22
6 -26
11 -16
8 -27
12 -22
11 -28
15 -26
13 -30
20 -25
15 -32
24 -27
16 -35
26 -31
18 -37
25 -37
18 -40
27 -40
80
65 -23
78 -26
65 -26
80 -32
65 -29
78 -34
63 -31
73 -37
62 -34
67 -38
60 -36
68 -46
58 -38
62 -48
56 -40
56 -43
53 -41
53 -50
50 -41
48 -55
47 -41
45 -48
44 -41
39 -52
41 -41
37 -49
38 -40
36 -42
36 -38
32 -41
34 -36
26 -39
32 -34
21 -39
30 -32
21 -35
29 -29
26 -27
29 -26
13 -26
29 -23
17 -21
29 -20
25 -17
30 -17
17 -9
31 -15
20 -6
32 -12
27 -8
34 -10
25 0
36 -8
31 6
38 -6
39 -1
41 -6
41 3
44 -5
44 9
47 -4
51 8
50 -5
53 2
53 -6
58 5
56 -6
61 0
58 -8
68 3
60 -10
72 -3
62 -12
69 -8
63 -15
72 -12
64 -17
71 -16
65 -20
77 -19
80
54 -10
67 -14
55 -13
57 -15
53 -16
56 -19
52 -18
61 -26
51 -21
60 -32
49 -23
55 -31
47 -25
56 -39
44 -26
48 -42
42 -28
42 -36
39 -28
39 -41
36 -28
34 -31
33 -29
30 -34
30 -28
26 -37
27 -27
19 -36
25 -25
20 -29
23 -23
13 -31
21 -21
17 -20
20 -18
14 -20
19 -16
11 -17
17 -13
3 -11
18 -10
10 -9
18 -7
9 -3
19 -4
5 2
20 -2
6 8
21 1
8 12
23 3
15 14
25 5
21 13
28 6
26 14
30 8
30 15
33 8
35 21
36 9
38 17
39 9
42 18
42 7
43 12
44 6
48 7
47 5
54 10
49 3
61 10
51 1
66 8
53 -1
61 0
54 -4
56 -5
55 -7
67 -6
80
60 -50
67 -53
60 -53
75 -58
59 -56
73 -65
59 -59
60 -60
57 -61
70 -72
55 -63
58 -71
53 -65
60 -80
50 -66
53 -74
48 -68
48 -73
45 -69
43 -72
42 -69
40 -74
39 -69
36 -84
36 -67
31 -82
34 -66
28 -74
31 -65
19 -77
29 -63
20 -69
27 -61
16 -64
26 -58
17 -61
24 -56
19 -55
24 -53
12 -53
24 -50
13 -48
24 -47
13 -42
25 -44
16 -40
25 -41
11 -33
27 -39
18 -28
29 -37
23 -27
31 -35
26 -27
33 -33
32 -28
36 -32
33 -17
39 -32
40 -19
42 -31
46 -16
45 -31
49 -17
48 -32
54 -18
51 -33
58 -27
53 -35
62 -25
55 -37
66 -29
57 -39
61 -37
59 -41
68 -39
59 -44
76 -41
60 -47
71 -49
80
-14 -46
0 -47
-14 -49
-5 -53
-15 -52
-7 -56
-16 -55
-5 -63
-18 -57
-16 -60
-20 -59
-20 -62
-22 -61
-18 -69
-24 -63
-25 -68
-27 -64
-27 -75
-30 -64
-32 -71
-33 -64
-35 -81
-36 -65
-38 -76
-39 -64
-43 -73
-41 -62
-51 -76
-44 -61
-54 -70
-46 -59
-56 -67
-48 -57
-52 -57
-50 -55
-61 -59
-51 -52
-57 -51
-52 -49
-59 -47
-51 -46
-65 -45
-52 -43
-62 -39
-50 -40
-59 -34
-49 -38
-61 -30
-48 -35
-49 -32
-46 -33
-50 -25
-44 -31
-48 -22
-42 -29
-48 -14
-39 -29
-39 -23
-36 -28
-35 -12
-33 -27
-31 -17
-30 -28
-24 -15
-27 -28
-22 -20
-25 -30
-19 -23
-22 -31
-11 -20
-20 -33
-6 -23
-18 -35
-14 -36
-16 -37
-11 -36
-16 -40
-10 -39
-15 -43
-5 -44
60
-23 22
-20 19
-24 16
-25 14
-24 11
-21 5
-31 8
-37 11
-32 2
-41 9
-37 -1
-38 -5
-41 -6
-44 -4
-48 0
-50 -4
-52 6
-56 -5
-60 -8
-59 1
-65 -5
-62 5
-70 0
-75 -1
-69 8
-65 13
-79 9
-73 15
-78 16
-70 20
-82 22
-66 24
-82 29
-74 30
-81 36
-75 36
-72 38
-71 41
-63 37
-61 37
-61 41
-56 36
-60 52
-54 39
-52 43
-50 38
-47 49
-44 48
-45 38
-40 44
-38 43
-39 37
-33 41
-25 45
-33 34
-27 35
-34 29
-21 31
-27 27
-31 24
80
15 39
31 36
14 36
20 33
14 33
21 29
12 31
14 27
11 28
13 24
9 26
15 15
7 24
12 11
5 22
6 11
2 21
4 8
-1 20
-3 11
-4 21
-6 15
-7 21
-9 15
-10 21
-16 12
-13 22
-19 17
-15 24
-22 18
-17 26
-26 18
-19 28
-24 25
-20 31
-27 29
-21 33
-38 30
-23 36
-26 38
-23 39
-33 41
-23 42
-26 44
-21 45
-31 49
-20 47
-32 56
-19 50
-21 55
-17 52
-19 55
-15 54
-15 59
-12 55
-18 69
-10 57
-11 72
-7 58
-6 62
-4 57
-3 63
-1 58
3 68
2 56
7 63
4 55
13 63
7 54
15 61
9 52
17 58
11 50
19 53
13 48
17 47
13 45
30 48
14 42
20 40
60
16 32
12 30
18 27
15 25
10 25
16 20
19 14
10 18
12 12
5 17
2 18
0 18
3 5
-2 12
-4 12
-6 7
-8 15
-12 6
-15 3
-16 10
-15 16
-17 17
-21 16
-17 22
-24 19
-22 23
-26 23
-34 23
-30 27
-35 29
-33 32
-34 35
-29 37
-23 38
-29 42
-21 40
-21 43
-23 47
-29 57
-25 58
-18 53
-18 58
-16 63
-12 58
-9 65
-6 59
-4 52
-1 54
2 56
1 47
9 58
9 52
14 54
16 51
16 48
14 44
25 46
25 42
25 39
25 35
80
2 -36
15 -39
2 -39
16 -45
1 -42
3 -43
0 -45
13 -52
-2 -47
0 -50
-4 -49
-2 -54
-6 -51
-1 -66
-8 -53
-7 -61
-11 -54
-11 -60
-14 -54
-13 -68
-17 -54
-21 -68
-20 -54
-23 -64
-23 -54
-27 -60
-26 -53
-33 -63
-28 -51
-34 -55
-30 -49
-39 -55
-32 -47
-42 -51
-33 -44
-49 -47
-35 -42
-45 -41
-35 -39
-41 -39
-36 -36
-48 -33
-35 -33
-42 -29
-34 -30
-47 -24
-34 -27
-40 -22
-32 -25
-39 -18
-30 -23
-38 -13
-28 -21
-28 -18
-26 -19
-26 -14
-23 -19
-22 -11
-20 -18
-19 -11
-17 -17
-13 -6
-14 -18
-7 -2
-11 -18
-7 -11
-9 -20
1 -6
-6 -21
-3 -21
-4 -23
-2 -22
-2 -25
11 -20
0 -27
6 -25
1 -30
14 -28
2 -33
5 -35
80
-26 44
-23 43
-26 41
-14 38
-26 38
-16 34
-28 36
-19 27
-29 33
-24 26
-31 31
-22 21
-33 29
-29 18
-35 27
-36 24
-38 26
-37 20
-41 25
-41 17
-44 25
-47 17
-47 25
-48 21
-50 26
-54 18
-52 28
-55 24
-55 29
-61 22
-57 31
-60 30
-59 33
-67 31
-61 35
-68 34
-61 38
-76 38
-63 41
-75 41
-63 44
-75 48
-62 47
-76 51
-61 50
-65 51
-61 53
-73 63
-59 55
-61 60
-57 57
-61 65
-55 59
-58 67
-53 61
-56 75
-50 62
-53 75
-47 62
-47 72
-44 63
-40 75
-41 63
-39 68
-38 62
-32 70
-36 60
-30 67
-33 59
-26 63
-31 57
-22 63
-29 55
-20 58
-27 53
-15 55
-26 50
-12 50
-26 47
-19 46
60
-4 28
1 25
-10 24
-15 23
-15 22
-15 20
-10 14
-16 16
-15 12
-11 3
-13 0
-22 12
-19 -3
-22 -5
-26 -2
-29 2
-32 -2
-35 0
-34 13
-36 12
-45 0
-47 3
-39 17
-46 13
-42 19
-49 16
-57 15
-46 22
-47 24
-63 24
-52 28
-58 31
-50 32
-60 38
-60 42
-58 44
-48 42
-49 46
-42 42
-43 47
-38 43
-36 43
-36 49
-33 46
-32 56
-29 45
-26 61
-23 56
-20 57
-23 42
-19 45
-17 44
-8 52
-9 46
-4 46
-2 44
2 42
0 38
3 35
5 32
80
11 -13
21 -14
12 -16
23 -19
10 -19
26 -25
10 -22
18 -28
8 -24
20 -36
6 -26
12 -36
4 -28
5 -31
1 -29
4 -43
-1 -30
0 -47
-4 -32
-6 -46
-7 -31
-8 -45
-10 -32
-14 -47
-13 -31
-19 -46
-15 -29
-20 -33
-18 -28
-22 -30
-20 -26
-27 -29
-22 -24
-26 -24
-23 -21
-36 -25
-24 -19
-39 -21
-25 -16
-37 -17
-26 -13
-36 -11
-25 -10
-31 -9
-24 -7
-36 -2
-24 -4
-34 6
-22 -2
-31 6
-20 0
-21 5
-18 2
-21 9
-16 4
-17 12
-13 5
-15 17
-10 5
-8 21
-7 6
-5 21
-4 5
-2 8
-1 5
4 11
1 3
10 13
4 2
12 9
6 0
20 9
8 -2
15 2
9 -5
18 -3
10 -7
19 -7
11 -10
20 -11
60
-23 19
-22 16
-18 13
-25 12
-30 11
-21 4
-35 10
-31 4
-29 -2
-34 0
-35 -4
-35 -11
-43 5
-43 -4
-46 4
-48 -4
-51 -5
-52 1
-53 4
-59 -7
-60 -2
-62 0
-61 5
-61 7
-71 2
-64 10
-63 12
-77 9
-79 12
-73 16
-66 19
-79 22
-76 25
-69 26
-67 28
-64 28
-76 39
-73 41
-61 34
-67 46
-60 40
-59 43
-57 48
-55 50
-50 35
-48 40
-45 47
-43 41
-43 35
-41 35
-32 48
-38 33
-27 42
-35 30
-29 33
-33 28
-31 27
-33 24
-17 26
-21 22
60
32 -5
41 -8
39 -10
43 -14
30 -12
38 -18
40 -23
31 -19
26 -17
26 -20
27 -25
28 -34
25 -36
21 -31
18 -36
15 -39
11 -39
9 -33
6 -34
4 -31
1 -30
-1 -27
-1 -23
-2 -20
-4 -19
0 -14
-7 -15
-9 -13
-9 -10
-12 -8
-11 -5
-6 -3
-15 1
-5 1
-10 6
-14 12
-8 11
-6 14
-8 20
3 11
6 11
6 15
5 26
9 23
13 10
15 13
17 17
18 11
20 9
26 20
26 15
34 21
27 8
28 7
28 4
35 7
29 1
40 3
44 1
36 -3
60
-18 5
-20 3
-8 -1
-17 -2
-11 -7
-15 -8
-12 -14
-19 -12
-23 -12
-27 -10
-29 -10
-29 -16
-31 -16
-32 -21
-35 -26
-38 -20
-40 -15
-44 -22
-46 -19
-49 -19
-54 -24
-49 -10
-48 -6
-53 -8
-58 -10
-57 -6
-60 -5
-67 -4
-66 -1
-63 2
-61 5
-72 9
-68 11
-63 13
-54 12
-58 16
-60 21
-63 28
-48 16
-53 25
-53 31
-51 34
-47 33
-44 32
-40 24
-38 27
-36 27
-35 21
-29 34
-32 19
-26 27
-23 26
-15 30
-25 17
-14 23
-24 13
-24 11
-11 14
-9 11
-8 8
60
29 36
27 34
26 31
36 25
23 27
31 21
16 27
16 25
20 18
22 12
13 20
11 20
15 4
11 5
6 16
4 17
0 2
-3 4
-3 15
-3 21
-10 12
-14 11
-11 19
-9 24
-11 25
-25 19
-20 25
-14 30
-19 31
-21 33
-17 36
-20 39
-29 43
-22 44
-12 43
-10 44
-17 51
-11 49
-14 56
-6 50
-11 62
-5 55
-6 66
-1 60
2 51
4 55
7 64
9 59
11 58
17 66
20 65
14 50
15 49
17 47
32 56
20 45
18 42
34 46
25 40
28 39
60
4 -37
-4 -39
-12 -40
-4 -44
2 -50
-2 -51
-1 -56
-8 -54
-12 -53
-15 -54
-19 -50
-19 -55
-19 -63
-20 -70
-25 -60
-27 -56
-30 -68
-33 -66
-32 -52
-34 -52
-43 -65
-38 -52
-42 -53
-51 -58
-51 -55
-52 -52
-52 -48
-55 -46
-44 -41
-45 -39
-43 -37
-53 -34
-46 -33
-41 -32
-42 -30
-40 -30
-39 -28
-40 -25
-38 -25
-41 -18
-36 -21
-41 -6
-36 -8
-31 -18
-29 -19
-27 -14
-24 -4
-20 -6
-19 -12
-16 -11
-13 -12
-14 -19
-4 -12
-16 -27
-4 -21
0 -21
-10 -29
-12 -32
2 -31
-7 -35
80
57 41
68 40
56 38
66 33
55 35
60 31
54 33
57 30
53 30
64 21
51 28
51 25
49 26
51 21
47 24
50 12
44 24
44 10
41 23
41 7
38 22
36 9
35 22
29 9
32 23
30 18
30 25
21 15
27 26
24 23
25 28
15 23
23 30
9 21
21 32
14 31
21 35
18 36
19 38
8 39
20 41
17 43
20 44
15 46
21 47
13 52
21 50
8 57
23 52
12 63
25 54
14 65
27 56
26 63
30 57
28 64
32 58
31 75
35 59
35 63
38 59
40 70
41 59
43 65
44 58
47 64
46 57
52 65
49 56
62 66
51 54
56 55
53 52
58 54
54 49
64 52
55 47
62 47
57 44
63 43
60
59 -4
61 -7
50 -8
51 -11
50 -13
45 -12
49 -18
49 -21
51 -27
49 -30
44 -27
42 -30
36 -24
34 -23
33 -33
30 -30
28 -19
24 -30
22 -28
21 -23
23 -17
17 -22
12 -24
10 -22
7 -21
12 -15
7 -14
4 -12
15 -7
13 -6
14 -4
11 -2
4 2
11 2
7 6
12 6
11 10
8 16
10 18
13 19
15 22
23 12
20 25
25 18
27 23
30 26
33 23
34 13
36 13
42 22
41 16
39 8
40 7
43 8
42 5
48 7
59 9
44 1
55 1
57 -1
60
56 -24
64 -27
56 -29
66 -35
62 -37
62 -40
50 -36
45 -34
49 -40
52 -49
46 -44
43 -43
39 -40
41 -55
37 -52
34 -52
31 -49
27 -55
25 -52
28 -38
26 -39
18 -47
20 -40
21 -36
16 -37
18 -34
18 -31
10 -32
15 -28
11 -26
17 -24
9 -21
6 -18
14 -18
7 -12
18 -15
18 -12
18 -9
13 -1
19 -4
22 -3
23 0
29 -8
27 8
30 10
34 4
36 -7
38 -4
39 -9
41 -8
42 -10
44 -10
57 1
53 -7
51 -12
57 -11
64 -11
50 -19
66 -17
52 -22
60
25 -11
33 -14
37 -18
26 -17
35 -24
24 -21
32 -30
31 -34
20 -27
15 -23
21 -37
17 -35
16 -42
13 -42
8 -34
6 -29
4 -28
0 -41
-4 -40
-7 -40
-6 -32
-5 -26
-10 -29
-8 -24
-11 -23
-14 -23
-9 -18
-14 -17
-21 -17
-12 -13
-25 -11
-26 -8
-22 -5
-14 -5
-19 0
-19 3
-12 2
-7 1
-11 8
-9 10
-3 5
-2 7
1 5
2 7
3 22
6 20
8 12
12 17
11 3
16 12
22 18
24 14
26 11
31 11
26 4
23 -1
22 -4
30 -3
30 -6
34 -8
80
66 -47
78 -51
65 -50
68 -52
64 -53
78 -61
63 -55
75 -62
62 -58
71 -69
60 -60
64 -68
58 -62
59 -66
56 -64
59 -76
53 -64
53 -73
50 -65
49 -72
47 -65
46 -80
44 -66
41 -68
41 -64
38 -70
38 -64
34 -67
36 -62
32 -66
34 -60
25 -64
32 -58
22 -64
30 -56
21 -58
29 -53
17 -56
29 -50
13 -50
28 -47
26 -46
29 -44
13 -39
30 -41
26 -37
31 -39
21 -30
32 -36
30 -33
34 -34
27 -21
36 -32
27 -18
38 -30
35 -19
41 -30
43 -25
44 -29
44 -15
47 -29
49 -26
50 -28
52 -24
53 -29
57 -21
55 -31
58 -27
58 -32
63 -27
60 -34
65 -32
62 -36
72 -32
63 -39
70 -37
65 -41
79 -39
65 -44
80 -45
80
32 -48
34 -50
31 -51
46 -58
30 -54
43 -59
29 -56
34 -60
28 -59
34 -66
26 -61
31 -67
24 -63
31 -78
21 -64
26 -74
19 -66
21 -75
16 -66
15 -71
13 -67
12 -74
10 -66
7 -81
7 -65
5 -68
4 -65
0 -68
2 -63
-7 -71
0 -61
-4 -62
-2 -59
-14 -65
-4 -57
-7 -55
-5 -54
-11 -55
-5 -51
-18 -52
-6 -48
-21 -47
-5 -45
-17 -40
-4 -42
-16 -34
-4 -39
-7 -35
-2 -37
-2 -34
0 -35
-6 -24
2 -33
1 -31
4 -31
-2 -16
7 -31
4 -15
10 -30
12 -22
13 -29
15 -14
16 -30
21 -18
19 -31
27 -17
21 -32
26 -29
24 -33
33 -24
26 -35
34 -31
28 -37
35 -34
29 -40
38 -36
31 -42
46 -40
31 -45
34 -46
60
29 16
42 13
32 11
23 11
24 9
37 0
32 -1
24 3
28 -5
28 -10
19 0
22 -13
15 -1
13 -3
12 -12
9 -3
6 -16
3 -13
-1 -15
2 0
-5 -8
0 4
-12 -8
-14 -5
-5 6
-5 8
-14 6
-7 11
-20 10
-19 13
-13 16
-18 19
-22 23
-16 24
-7 23
-4 23
-14 32
-15 37
-2 29
-10 42
-7 43
-2 40
0 43
2 49
6 43
9 37
12 41
14 39
15 33
19 39
22 39
21 32
28 38
30 35
24 27
30 28
30 25
32 23
33 21
39 19
80
-6 15
2 12
-5 12
8 8
-6 9
-3 6
-8 7
2 0
-9 4
4 -7
-11 2
-7 -6
-13 0
-6 -13
-15 -2
-14 -10
-18 -3
-19 -9
-21 -3
-22 -9
-24 -3
-25 -11
-27 -4
-30 -12
-30 -2
-35 -11
-33 -2
-41 -10
-35 0
-42 -5
-37 2
-45 -3
-39 4
-52 -3
-40 7
-47 6
-41 9
-47 10
-42 12
-52 13
-43 15
-49 16
-42 18
-56 24
-41 21
-53 28
-41 24
-42 28
-39 26
-46 34
-37 28
-48 41
-35 30
-38 38
-33 32
-36 48
-30 32
-29 43
-27 34
-27 41
-24 34
-20 44
-21 33
-20 36
-18 33
-14 39
-15 32
-11 36
-13 30
-9 35
-11 28
-2 36
-9 26
0 31
-7 24
-1 23
-6 21
6 24
-5 18
11 16
80
-3 -33
13 -36
-2 -36
4 -37
-4 -39
12 -45
-4 -42
6 -52
-6 -44
-1 -50
-8 -46
0 -59
-10 -48
-10 -52
-13 -49
-7 -63
-15 -50
-16 -59
-18 -51
-19 -55
-21 -51
-25 -66
-24 -52
-28 -56
-27 -51
-33 -60
-29 -49
-34 -56
-32 -48
-36 -49
-34 -46
-43 -51
-36 -44
-49 -49
-38 -42
-45 -42
-38 -39
-47 -40
-39 -36
-53 -35
-39 -33
-48 -31
-40 -30
-47 -27
-38 -27
-52 -21
-37 -25
-49 -15
-36 -22
-38 -19
-34 -20
-36 -16
-32 -18
-35 -9
-30 -16
-31 -8
-27 -16
-31 0
-24 -14
-23 -11
-21 -15
-18 -7
-18 -15
-15 -11
-15 -16
-13 -10
-13 -17
-7 -8
-10 -18
1 -8
-8 -20
2 -15
-6 -22
-1 -21
-5 -25
8 -20
-3 -27
13 -23
-2 -30
12 -30
60
3 -25
0 -27
2 -30
6 -35
0 -35
-7 -34
-5 -38
-4 -42
-4 -46
-7 -47
-13 -41
-17 -39
-14 -52
-18 -47
-20 -50
-23 -47
-25 -41
-29 -51
-31 -49
-32 -46
-33 -42
-35 -42
-40 -44
-40 -40
-36 -34
-46 -39
-54 -39
-42 -31
-38 -28
-44 -27
-42 -25
-49 -22
-46 -20
-51 -16
-37 -19
-52 -9
-46 -9
-43 -7
-46 0
-39 -2
-37 -1
-30 -10
-32 3
-27 -6
-26 3
-23 0
-21 -4
-19 -7
-12 7
-10 5
-14 -9
-14 -13
-8 -8
-7 -11
-3 -10
0 -12
2 -14
1 -17
-1 -20
10 -22
80
-26 -22
-23 -25
-26 -25
-17 -29
-28 -28
-16 -32
-28 -31
-25 -33
-30 -33
-27 -36
-32 -35
-26 -44
-34 -37
-28 -48
-36 -39
-34 -46
-39 -39
-39 -50
-42 -40
-42 -50
-45 -40
-47 -51
-48 -41
-51 -44
-51 -40
-55 -44
-53 -38
-60 -48
-56 -37
-60 -39
-58 -35
-67 -41
-60 -33
-68 -35
-62 -31
-67 -30
-63 -28
-75 -28
-63 -25
-74 -25
-63 -22
-71 -19
-64 -19
-70 -15
-63 -16
-68 -13
-62 -13
-73 -6
-60 -11
-64 -6
-58 -9
-66 5
-56 -7
-61 5
-53 -6
-53 -3
-51 -5
-52 7
-48 -4
-48 10
-45 -4
-44 2
-42 -3
-36 11
-39 -4
-32 9
-36 -5
-33 -4
-34 -7
-31 -4
-32 -9
-28 -8
-30 -11
-19 -7
-28 -13
-22 -12
-28 -16
-11 -15
-26 -19
-22 -21
60
8 0
1 -2
6 -5
12 -9
13 -13
-1 -8
-4 -9
7 -21
-5 -13
-6 -14
-5 -19
-6 -23
-6 -29
-11 -22
-13 -33
-16 -24
-18 -16
-22 -27
-23 -22
-26 -23
-32 -28
-25 -12
-33 -19
-38 -19
-43 -19
-42 -15
-45 -13
-48 -11
-33 -4
-45 -3
-50 0
-34 2
-38 5
-33 6
-40 11
-32 9
-32 12
-41 23
-29 15
-30 19
-33 29
-23 16
-27 32
-21 24
-19 26
-16 32
-14 16
-12 19
-6 30
-4 27
-2 24
3 27
-5 12
8 21
0 12
3 11
2 8
10 8
6 5
3 2
80
51 14
64 13
50 11
61 8
50 8
62 3
49 5
60 -4
47 3
57 -9
45 1
46 -2
43 -1
45 -9
41 -3
45 -13
38 -4
39 -19
35 -4
36 -15
32 -5
30 -12
29 -4
24 -19
26 -4
23 -13
23 -3
21 -5
21 -1
13 -8
19 1
6 -8
17 3
6 -3
15 5
11 6
14 8
5 9
13 11
2 11
14 14
11 15
13 17
8 21
14 20
9 24
16 22
4 31
17 25
13 30
19 27
13 38
21 29
19 38
24 30
20 39
26 32
28 35
29 33
29 35
32 33
34 38
35 33
39 42
38 32
42 41
41 31
50 42
43 29
56 40
45 27
59 35
47 25
58 31
48 22
59 24
50 20
65 22
51 17
66 17
60
51 -46
46 -48
54 -51
51 -53
54 -57
48 -57
47 -59
47 -62
42 -60
47 -71
37 -59
39 -68
39 -75
32 -61
31 -68
29 -79
27 -67
24 -70
22 -67
21 -63
15 -70
19 -60
7 -71
14 -59
10 -60
13 -56
-1 -59
2 -55
7 -51
-3 -49
12 -46
10 -44
5 -41
-3 -35
15 -40
6 -33
6 -29
8 -27
19 -35
20 -33
16 -24
18 -21
19 -15
23 -19
26 -16
29 -27
31 -24
35 -19
35 -27
43 -15
45 -18
44 -26
42 -31
53 -25
44 -35
51 -33
51 -36
59 -36
47 -42
62 -43
80
23 -39
29 -40
23 -42
34 -46
23 -45
29 -49
22 -48
31 -56
20 -50
21 -52
18 -52
25 -62
16 -54
20 -62
14 -56
20 -71
11 -56
10 -64
8 -58
6 -72
5 -57
1 -72
2 -58
-1 -65
-1 -56
-5 -68
-3 -55
-8 -62
-6 -54
-14 -60
-8 -52
-11 -52
-10 -50
-17 -52
-12 -48
-18 -48
-12 -45
-27 -47
-13 -42
-28 -43
-14 -39
-26 -37
-14 -36
-18 -35
-13 -33
-15 -30
-11 -31
-23 -20
-10 -28
-11 -24
-8 -26
-17 -15
-6 -24
-11 -10
-3 -23
-5 -14
-1 -22
0 -12
2 -21
4 -6
5 -20
7 -6
8 -20
14 -9
11 -22
19 -9
14 -22
22 -10
16 -24
19 -23
18 -26
32 -17
20 -28
33 -24
21 -31
31 -27
22 -33
37 -32
24 -36
33 -38
80
23 43
37 42
24 40
34 35
23 37
26 34
21 35
35 25
20 32
30 24
18 30
18 26
16 28
24 16
13 27
14 24
11 26
13 9
8 25
6 13
5 25
3 11
2 24
-2 9
-1 25
-7 17
-4 26
-12 17
-6 28
-11 26
-8 30
-10 29
-10 32
-23 26
-12 34
-27 28
-13 37
-28 37
-13 40
-24 39
-14 43
-19 45
-14 46
-20 50
-13 49
-23 53
-12 52
-18 58
-10 54
-18 64
-8 56
-13 65
-6 58
-14 72
-3 59
-4 65
-1 60
-3 71
2 61
2 71
5 62
8 67
8 61
11 71
11 61
13 66
14 60
22 68
16 58
21 60
18 56
30 63
20 54
28 57
21 51
35 54
23 49
32 51
24 46
28 45
60
-14 3
-15 0
-9 -4
-15 -5
-19 -6
-24 -6
-27 -6
-25 -10
-30 -8
-22 -22
-29 -15
-28 -24
-33 -20
-34 -23
-37 -24
-40 -25
-44 -31
-46 -26
-51 -29
-47 -12
-55 -24
-57 -20
-63 -22
-62 -16
-57 -9
-63 -11
-64 -8
-56 -2
-65 -2
-67 0
-70 3
-72 6
-62 8
-70 13
-56 10
-66 18
-67 22
-51 13
-61 26
-53 21
-56 30
-49 23
-46 20
-45 25
-43 34
-40 23
-37 34
-34 33
-35 18
-33 19
-32 18
-20 31
-23 22
-28 14
-14 22
-15 18
-25 10
-18 10
-17 8
-11 6
80
44 33
60 29
45 30
47 29
43 27
51 22
43 24
52 16
41 22
44 17
39 20
49 6
37 18
38 15
34 17
37 8
32 15
32 8
29 14
29 7
26 14
23 4
23 15
22 11
20 15
15 3
18 17
9 7
15 18
3 8
13 20
10 19
11 22
8 20
9 24
1 24
9 27
-6 26
8 30
-1 31
8 33
-3 36
7 36
-1 41
9 39
-5 45
10 41
-2 50
11 44
10 46
13 46
11 48
15 48
10 59
17 50
14 66
20 50
22 56
23 51
24 66
26 52
29 62
29 52
33 57
32 51
35 58
35 50
38 54
37 48
50 58
39 46
48 53
41 44
47 48
43 42
48 42
44 39
46 39
45 36
61 34
60
-22 -10
-19 -12
-16 -14
-17 -16
-23 -16
-14 -23
-24 -19
-12 -32
-20 -29
-17 -38
-27 -26
-30 -26
-29 -35
-30 -41
-34 -35
-37 -25
-40 -40
-44 -43
-45 -35
-47 -32
-52 -36
-55 -35
-52 -27
-49 -21
-56 -24
-63 -25
-63 -22
-68 -20
-61 -15
-66 -13
-63 -10
-64 -7
-58 -6
-64 -1
-51 -4
-52 -2
-54 2
-51 3
-47 1
-47 4
-46 6
-48 16
-45 16
-43 19
-40 21
-37 10
-35 12
-34 5
-31 8
-24 18
-27 8
-23 9
-15 15
-24 2
-11 9
-15 3
-13 1
-20 -4
-5 -3
-13 -7
80
20 -7
25 -8
21 -10
23 -11
19 -13
34 -22
18 -15
31 -24
17 -18
27 -28
15 -20
21 -29
13 -22
18 -30
10 -23
10 -30
8 -24
6 -30
5 -26
4 -42
2 -25
1 -41
-1 -25
-4 -32
-4 -25
-9 -30
-6 -23
-14 -34
-9 -22
-19 -34
-11 -20
-19 -24
-13 -18
-23 -25
-15 -16
-30 -21
-15 -13
-28 -15
-17 -10
-24 -10
-16 -7
-26 -5
-16 -4
-31 0
-15 -1
-22 1
-15 2
-26 9
-13 4
-23 12
-11 6
-20 18
-9 8
-11 15
-7 10
-7 14
-4 10
-8 26
-1 11
0 19
2 12
5 20
5 11
11 25
8 10
16 23
10 9
15 18
13 8
18 11
15 6
21 8
17 4
28 8
18 1
28 4
20 -1
33 -2
21 -4
23 -5
80
-13 10
-10 7
-12 7
2 0
-13 4
-4 0
-14 1
-12 0
-16 -1
-11 -7
-18 -3
-12 -11
-20 -5
-17 -12
-23 -6
-20 -17
-25 -8
-22 -23
-28 -8
-28 -16
-31 -8
-33 -24
-34 -8
-39 -20
-37 -7
-45 -21
-39 -6
-49 -17
-42 -5
-49 -12
-44 -3
-56 -11
-46 -1
-56 -7
-48 1
-60 -2
-48 4
-58 4
-50 7
-66 7
-49 10
-55 12
-50 13
-64 20
-48 16
-53 17
-47 18
-54 23
-46 21
-50 27
-44 23
-45 28
-42 25
-51 39
-40 27
-39 32
-37 28
-39 44
-34 29
-34 34
-31 29
-29 42
-28 28
-26 37
-25 28
-19 37
-23 26
-19 27
-20 25
-14 31
-18 23
-7 31
-16 21
-1 29
-14 19
-8 20
-13 16
-10 16
-12 13
-3 13
60
76 40
72 37
60 36
67 32
69 28
70 24
63 25
62 22
55 26
60 15
57 15
51 19
52 10
49 9
44 18
42 24
39 15
36 11
33 11
33 20
31 21
25 17
20 15
23 23
14 20
21 28
15 28
17 32
22 36
27 38
24 40
17 43
17 45
17 48
13 53
15 55
25 52
29 52
19 65
30 57
33 55
32 63
32 69
36 68
39 69
42 57
45 73
49 72
52 70
55 68
54 62
54 56
57 57
58 54
70 60
70 56
70 53
66 48
59 44
63 42
80
-1 25
3 23
-1 22
4 21
-3 19
-1 17
-3 16
-1 13
-5 14
4 4
-7 12
-5 7
-9 10
-5 -1
-12 9
-12 4
-14 7
-11 -9
-17 6
-18 -8
-20 7
-21 1
-23 6
-25 4
-26 8
-30 -3
-29 8
-32 7
-31 10
-33 8
-33 12
-37 10
-35 14
-46 7
-36 17
-41 15
-37 19
-43 20
-39 22
-44 24
-38 25
-54 28
-38 28
-52 33
-38 31
-45 36
-37 34
-45 40
-35 36
-45 45
-33 38
-34 43
-31 40
-38 51
-29 42
-28 44
-26 42
-25 50
-23 44
-21 55
-20 44
-17 58
-17 43
-15 47
-14 42
-8 56
-12 41
-8 45
-9 40
-2 49
-7 38
3 45
-5 36
1 37
-4 33
8 38
-3 31
9 32
-2 28
4 26
80
59 -50
64 -52
60 -53
67 -55
59 -56
65 -61
57 -58
69 -66
56 -61
63 -68
54 -63
59 -69
52 -65
54 -70
50 -67
56 -82
47 -67
47 -78
44 -68
46 -85
41 -68
37 -80
38 -69
35 -84
35 -67
33 -72
32 -67
24 -79
30 -65
17 -75
28 -63
23 -65
26 -61
10 -67
25 -58
12 -61
23 -56
13 -55
23 -53
20 -52
22 -50
8 -46
22 -47
13 -42
24 -44
19 -39
24 -41
11 -32
26 -39
17 -28
28 -37
23 -28
30 -35
29 -29
32 -33
29 -23
35 -32
33 -17
38 -31
39 -23
41 -31
42 -18
44 -32
50 -16
47 -32
50 -29
50 -33
53 -31
52 -35
57 -29
54 -37
57 -37
56 -39
66 -36
58 -41
68 -37
58 -44
72 -43
60 -47
69 -47
80
32 8
41 7
32 5
45 1
30 2
44 -6
30 -1
41 -8
28 -3
35 -11
26 -5
37 -18
24 -7
29 -20
22 -9
27 -22
19 -9
20 -16
16 -11
14 -22
13 -11
10 -17
10 -10
8 -12
7 -10
2 -16
5 -8
0 -11
2 -7
-10 -16
0 -5
-6 -7
-2 -3
-12 -7
-4 -1
-18 -5
-5 2
-16 -1
-6 5
-10 5
-6 8
-18 10
-6 11
-11 12
-4 14
-13 19
-4 17
-15 24
-2 19
-2 22
0 21
-6 32
2 23
-5 34
4 25
1 33
7 25
5 37
10 27
12 37
13 26
16 39
16 26
19 31
19 26
20 28
22 25
26 27
24 23
29 27
26 21
37 30
28 19
42 25
30 17
41 19
30 14
39 13
32 11
41 10
80
-9 0
4 -3
-9 -3
0 -7
-11 -6
-1 -13
-11 -9
-8 -14
-13 -11
-8 -15
-15 -13
-14 -18
-17 -15
-14 -25
-20 -16
-15 -31
-22 -18
-21 -33
-25 -18
-26 -21
-28 -19
-30 -33
-31 -18
-34 -21
-34 -17
-41 -29
-37 -17
-38 -18
-39 -15
-43 -19
-41 -13
-51 -19
-43 -11
-57 -18
-45 -9
-58 -11
-45 -6
-48 -5
-47 -3
-58 -3
-46 0
-55 4
-46 3
-53 8
-45 6
-60 13
-44 8
-53 17
-43 11
-48 19
-41 13
-46 23
-39 15
-42 21
-37 17
-39 25
-34 17
-34 30
-31 19
-33 35
-28 19
-28 21
-25 18
-20 29
-22 17
-20 20
-19 17
-13 24
-17 15
-13 17
-15 13
-9 16
-13 11
-6 13
-12 8
-1 10
-11 6
-4 5
-10 3
-4 1
80
61 -29
73 -33
61 -32
69 -34
60 -35
69 -38
60 -38
62 -40
58 -40
65 -46
56 -42
64 -53
54 -44
54 -48
52 -46
52 -52
49 -46
51 -55
46 -48
45 -55
43 -47
41 -60
40 -48
38 -54
37 -46
32 -54
35 -45
25 -56
32 -44
25 -49
30 -42
18 -49
28 -40
21 -41
27 -37
18 -38
25 -35
11 -37
25 -32
18 -31
25 -29
12 -26
24 -26
16 -24
25 -23
23 -22
27 -21
18 -16
28 -18
20 -10
30 -16
22 -4
32 -14
28 -1
34 -12
35 -10
37 -12
38 -2
40 -11
42 2
43 -11
45 -5
46 -10
49 -9
49 -11
54 -6
52 -12
62 0
54 -14
67 -4
56 -16
63 -11
58 -18
61 -19
60 -20
63 -22
60 -23
75 -21
61 -26
77 -25
60
31 -18
43 -22
40 -25
41 -29
27 -26
26 -28
37 -38
22 -30
20 -31
23 -37
20 -36
16 -33
14 -32
15 -47
11 -38
9 -52
7 -36
2 -49
3 -37
-1 -40
1 -32
-7 -40
-2 -31
-14 -39
-19 -38
-4 -26
-14 -28
-18 -27
-23 -25
-13 -20
-17 -18
-13 -16
-17 -12
-13 -11
-7 -11
-8 -8
-12 -3
-8 -3
-7 0
-9 6
-3 2
-1 5
0 10
3 12
6 14
9 -1
12 12
13 -1
17 8
16 -2
20 1
18 -5
21 -5
28 -1
36 1
24 -9
35 -6
25 -13
41 -11
34 -15
0
