100
4 -44
1 -45
3 -46
18 -50
15 -51
11 -52
1 -50
11 -56
11 -58
10 -60
5 -58
9 -63
1 -58
-2 -57
7 -69
2 -67
-2 -63
1 -71
-7 -59
-2 -75
-6 -68
-6 -74
-10 -64
-11 -67
-13 -59
-14 -59
-16 -73
-18 -73
-20 -74
-21 -70
-20 -61
-24 -69
-27 -72
-26 -65
-27 -64
-30 -66
-34 -69
-34 -65
-35 -64
-38 -64
-41 -63
-30 -54
-37 -57
-33 -53
-42 -55
-44 -54
-29 -48
-38 -48
-32 -46
-37 -45
-45 -44
-30 -43
-43 -40
-47 -38
-30 -40
-34 -38
-34 -36
-40 -32
-41 -29
-28 -35
-33 -30
-38 -24
-32 -27
-35 -21
-29 -26
-31 -21
-23 -30
-22 -29
-26 -18
-25 -15
-25 -12
-21 -16
-19 -17
-17 -17
-16 -10
-14 -23
-13 -22
-10 -13
-10 -21
-9 -26
-8 -27
-3 -17
-5 -25
-1 -19
-2 -25
-5 -31
1 -26
9 -20
8 -23
-2 -34
-2 -35
13 -27
11 -31
14 -31
17 -32
3 -38
11 -38
5 -40
6 -41
9 -43
100
55 42
65 40
73 38
70 36
54 38
53 37
55 36
56 34
67 27
62 28
55 30
51 32
64 19
59 21
61 16
57 18
48 28
52 18
53 11
47 22
44 27
43 27
43 20
42 17
40 20
39 17
38 27
35 8
35 18
32 16
33 24
26 10
30 24
25 17
27 23
24 22
28 29
21 23
20 24
22 28
21 29
18 29
26 35
8 28
24 36
21 36
7 34
8 36
16 39
24 41
21 42
9 44
19 45
17 46
8 50
15 50
20 49
19 51
14 55
16 56
24 53
22 56
22 58
17 65
24 60
28 57
21 70
30 59
28 65
27 72
30 70
32 68
33 74
36 65
37 67
39 68
40 57
43 75
43 64
47 75
49 72
48 65
50 66
51 63
52 62
48 55
55 61
60 65
62 63
64 62
53 52
58 54
55 51
53 49
59 50
65 50
57 47
60 46
67 46
61 43
100
46 41
59 38
46 39
61 34
44 37
47 35
44 34
57 27
44 32
55 22
42 30
44 27
40 29
41 25
38 27
45 16
37 25
42 11
35 24
37 16
33 23
34 17
30 23
29 14
28 22
28 18
26 22
24 18
23 22
21 15
21 24
15 11
19 24
14 17
17 26
13 24
15 26
3 16
13 28
11 27
12 30
5 27
10 32
-2 26
10 34
-3 33
9 36
5 36
9 39
2 40
8 41
2 43
8 43
5 45
10 45
-4 52
10 48
-3 55
10 50
-2 60
12 52
4 61
13 54
4 67
15 56
13 61
17 57
11 69
19 58
16 68
21 59
18 70
23 60
25 64
26 60
27 62
28 59
29 66
30 59
34 70
33 59
40 70
35 58
38 63
37 56
46 69
38 55
50 66
40 53
45 55
42 52
54 60
43 50
46 50
45 48
52 50
44 45
49 46
46 43
57 43
100
-7 -23
3 -25
-7 -25
0 -28
-8 -27
1 -32
-7 -30
0 -34
-8 -32
-3 -35
-10 -34
-4 -40
-12 -35
0 -47
-13 -38
-12 -41
-15 -39
-13 -45
-17 -40
-17 -42
-19 -41
-18 -45
-22 -41
-22 -45
-24 -42
-25 -47
-26 -41
-30 -52
-28 -41
-30 -46
-31 -41
-35 -47
-33 -40
-37 -44
-35 -38
-40 -45
-36 -37
-45 -44
-39 -36
-49 -43
-40 -34
-50 -40
-42 -32
-54 -37
-43 -30
-50 -31
-42 -27
-51 -27
-44 -25
-60 -26
-44 -23
-47 -22
-43 -21
-47 -19
-43 -18
-47 -16
-43 -16
-47 -14
-42 -14
-50 -6
-40 -12
-43 -8
-38 -11
-48 0
-36 -9
-40 -2
-35 -7
-37 1
-33 -7
-34 -2
-31 -5
-32 4
-28 -5
-28 -1
-26 -4
-25 3
-24 -4
-23 -2
-22 -5
-19 2
-19 -5
-13 8
-17 -6
-11 4
-15 -7
-10 -4
-13 -8
-8 -4
-11 -10
-4 -7
-10 -12
-3 -8
-9 -14
7 -8
-8 -16
-4 -17
-7 -18
0 -18
-6 -21
6 -21
100
-26 -11
-13 -12
-25 -13
-15 -17
-26 -16
-13 -20
-26 -18
-23 -22
-28 -20
-19 -27
-29 -22
-24 -29
-30 -24
-29 -27
-32 -26
-25 -40
-34 -27
-28 -41
-36 -27
-35 -35
-38 -29
-37 -37
-40 -30
-41 -38
-43 -30
-43 -43
-45 -29
-47 -44
-47 -29
-51 -38
-50 -29
-54 -38
-52 -28
-57 -37
-54 -27
-59 -30
-56 -26
-60 -28
-57 -23
-68 -31
-59 -22
-67 -25
-61 -20
-65 -21
-62 -18
-71 -19
-61 -15
-72 -16
-62 -13
-78 -12
-62 -11
-70 -10
-62 -9
-76 -4
-62 -6
-68 -2
-61 -4
-71 2
-61 -2
-65 2
-59 0
-70 12
-58 2
-69 14
-55 3
-61 11
-54 5
-57 12
-52 5
-54 14
-50 6
-52 22
-47 7
-47 17
-45 7
-43 13
-43 7
-41 16
-40 8
-35 21
-38 7
-32 22
-36 6
-32 12
-34 4
-27 13
-32 4
-21 15
-30 2
-23 6
-29 0
-20 5
-28 -2
-14 3
-27 -4
-20 -3
-26 -6
-23 -7
-26 -9
-12 -10
100
43 -10
39 -11
48 -13
43 -14
36 -14
39 -16
39 -17
50 -24
37 -19
50 -28
45 -28
40 -26
46 -33
31 -21
38 -30
35 -29
38 -36
35 -35
28 -24
31 -34
31 -39
27 -32
25 -30
25 -38
23 -39
21 -38
19 -38
18 -36
16 -36
14 -39
11 -40
11 -34
9 -35
6 -38
8 -31
6 -31
6 -28
2 -30
9 -21
0 -27
6 -21
-4 -26
3 -20
7 -16
-5 -20
-6 -19
-1 -16
1 -14
-2 -13
-5 -12
1 -10
6 -9
4 -8
4 -7
-5 -3
4 -4
5 -4
-1 0
-2 3
5 0
2 4
-4 11
5 5
7 5
-1 16
4 13
12 4
8 14
8 17
10 18
13 16
17 5
16 18
18 10
19 18
21 9
23 24
24 14
26 18
28 17
28 12
31 16
31 12
31 8
33 9
32 5
40 13
35 5
33 1
39 5
36 1
46 6
40 1
49 3
50 1
50 -1
41 -5
39 -7
42 -7
41 -9
100
-5 -14
11 -16
-4 -16
9 -18
-6 -18
6 -24
-6 -21
7 -28
-7 -23
6 -32
-8 -25
3 -37
-9 -27
-5 -33
-11 -29
-4 -42
-13 -29
-6 -45
-15 -31
-15 -36
-17 -32
-14 -48
-19 -33
-19 -46
-22 -33
-23 -36
-24 -32
-26 -44
-27 -33
-31 -47
-29 -31
-36 -45
-31 -30
-34 -34
-33 -29
-43 -40
-35 -29
-43 -34
-36 -26
-45 -31
-38 -25
-47 -30
-39 -23
-49 -27
-41 -21
-46 -21
-41 -19
-50 -18
-42 -16
-58 -16
-41 -14
-53 -14
-41 -12
-57 -7
-41 -9
-55 -3
-41 -7
-44 -3
-39 -5
-43 0
-38 -3
-44 2
-37 -1
-38 2
-35 1
-43 11
-33 2
-39 13
-31 2
-32 11
-29 4
-32 18
-26 4
-28 17
-24 5
-23 12
-22 4
-20 14
-20 4
-15 15
-17 3
-14 6
-15 3
-7 13
-13 1
-10 5
-12 0
2 11
-10 -2
-5 0
-8 -3
1 1
-6 -5
2 -1
-6 -7
8 -3
-5 -9
6 -9
-5 -12
-2 -14
100
12 27
24 26
12 25
23 22
10 23
15 20
11 20
19 16
9 18
20 11
8 16
9 14
6 15
8 11
5 12
7 7
3 12
7 2
1 11
5 -6
-1 10
-1 4
-4 9
-2 -4
-6 8
-8 6
-8 9
-10 4
-10 9
-16 -5
-13 10
-18 -3
-15 10
-24 -1
-17 12
-25 3
-19 12
-27 6
-20 15
-34 6
-22 16
-25 16
-23 18
-28 17
-24 20
-35 19
-24 23
-35 21
-26 25
-36 26
-25 27
-32 28
-25 29
-40 32
-24 31
-34 36
-25 34
-33 40
-23 36
-35 45
-22 38
-30 47
-20 39
-26 46
-19 42
-25 55
-17 42
-18 45
-15 44
-16 50
-13 44
-13 48
-11 46
-10 60
-8 45
-8 52
-6 45
-3 50
-3 46
-2 48
-1 45
3 51
1 43
4 46
3 43
13 52
4 41
14 50
7 40
14 45
8 38
13 40
10 36
22 43
10 34
21 36
10 31
17 33
12 29
28 30
100
-18 32
-9 30
-17 30
-8 26
-18 27
-7 22
-18 25
-12 21
-19 23
-16 18
-21 21
-11 12
-23 20
-17 13
-25 18
-23 13
-26 16
-21 3
-28 15
-24 0
-30 15
-29 8
-33 14
-33 9
-35 14
-35 3
-37 14
-41 -1
-40 13
-46 -1
-42 15
-44 9
-44 15
-51 4
-46 16
-55 6
-47 18
-56 11
-50 19
-55 17
-51 21
-64 13
-52 23
-56 22
-54 25
-62 23
-54 27
-61 28
-55 30
-64 30
-54 32
-58 34
-54 34
-70 38
-54 37
-62 41
-54 39
-63 44
-53 41
-55 44
-51 43
-53 45
-49 44
-58 55
-48 47
-50 52
-46 47
-48 54
-44 48
-46 54
-42 49
-41 53
-39 50
-39 64
-37 50
-36 59
-35 51
-34 53
-33 50
-31 56
-30 50
-27 55
-28 49
-22 59
-26 48
-16 61
-25 46
-13 57
-23 44
-12 51
-21 43
-7 50
-19 41
-11 44
-18 39
-10 40
-19 36
-11 37
-18 34
-11 33
100
64 -14
48 -15
59 -17
58 -19
60 -21
63 -24
54 -23
51 -23
53 -26
58 -31
54 -30
53 -31
57 -37
50 -34
48 -33
44 -31
48 -39
43 -33
45 -41
40 -35
38 -32
37 -34
38 -47
35 -39
33 -36
32 -47
31 -37
30 -32
28 -37
27 -34
23 -42
24 -34
18 -44
20 -36
20 -33
12 -42
21 -28
22 -25
14 -31
18 -25
12 -29
18 -23
17 -22
18 -20
4 -25
15 -20
1 -22
13 -18
-2 -18
3 -16
0 -14
0 -12
16 -12
16 -11
-1 -6
12 -8
13 -7
18 -7
19 -7
13 -2
13 0
10 4
11 6
10 9
21 0
16 8
20 5
19 10
22 8
25 4
22 15
26 9
28 10
28 14
31 8
32 8
34 16
34 3
38 19
39 12
37 0
43 14
45 13
44 8
42 2
42 0
42 -2
54 9
56 9
58 8
60 6
53 -1
61 2
59 -1
54 -5
49 -8
58 -7
57 -9
60 -10
49 -13
100
16 -12
25 -14
15 -14
26 -17
14 -16
19 -18
14 -19
22 -23
13 -21
23 -27
12 -23
24 -34
10 -24
19 -34
9 -27
11 -33
7 -27
13 -40
5 -28
8 -42
3 -29
7 -44
1 -31
-1 -35
-2 -31
-4 -39
-4 -31
-5 -37
-7 -31
-11 -45
-9 -29
-13 -41
-11 -28
-18 -36
-13 -28
-15 -29
-14 -26
-18 -27
-16 -24
-20 -26
-18 -23
-30 -31
-19 -21
-29 -26
-20 -19
-26 -20
-20 -16
-26 -18
-22 -14
-32 -13
-22 -12
-38 -10
-22 -10
-27 -8
-21 -7
-25 -6
-20 -5
-26 -2
-19 -3
-32 8
-18 -1
-28 7
-16 0
-20 9
-14 2
-16 4
-13 3
-13 6
-11 5
-13 15
-9 5
-10 10
-7 7
-5 9
-4 7
-3 14
-2 7
1 15
1 7
6 22
3 5
6 14
5 4
9 12
7 3
12 11
9 3
12 4
11 1
17 4
12 -1
23 3
13 -3
21 -1
15 -5
28 -1
14 -8
19 -8
15 -10
31 -10
100
42 41
59 39
42 39
50 35
42 36
46 33
42 34
50 30
40 32
53 22
39 30
48 22
37 29
47 16
36 26
40 18
34 25
42 11
32 24
38 9
30 23
33 9
27 23
27 15
25 23
24 17
23 22
22 11
21 23
18 14
18 23
16 20
16 24
12 18
14 25
6 16
12 26
6 23
10 28
-2 19
9 30
-1 24
7 32
-4 28
7 34
-4 31
7 37
-6 36
6 39
-7 40
6 41
-9 44
5 43
-5 47
6 46
-7 53
6 48
-3 53
7 50
1 55
9 52
-2 64
10 54
3 63
12 56
10 58
14 56
12 62
16 58
15 66
18 58
18 68
21 59
19 71
23 60
23 62
25 60
27 62
27 59
32 71
30 58
34 63
32 58
38 70
34 56
37 59
35 55
43 63
38 54
43 57
39 52
53 60
40 50
44 51
41 48
50 49
42 46
49 45
42 43
51 43
100
16 -12
30 -14
21 -15
24 -17
27 -20
28 -23
17 -20
24 -25
11 -20
17 -25
12 -24
8 -22
15 -30
10 -27
9 -28
8 -28
9 -32
6 -30
4 -29
8 -42
2 -31
2 -37
2 -45
-1 -36
-3 -27
-4 -42
-5 -33
-7 -36
-8 -32
-9 -31
-10 -30
-10 -27
-17 -39
-18 -38
-13 -26
-22 -36
-19 -30
-23 -32
-17 -24
-17 -23
-23 -26
-32 -30
-33 -28
-20 -20
-30 -22
-33 -21
-29 -18
-25 -16
-37 -16
-20 -13
-27 -12
-20 -11
-34 -8
-25 -8
-33 -5
-19 -7
-35 0
-29 0
-33 4
-24 1
-27 5
-21 2
-21 4
-25 10
-21 8
-15 3
-18 10
-17 13
-11 2
-11 5
-11 9
-11 17
-9 16
-6 3
-6 19
-4 3
-2 22
0 19
2 19
4 21
2 7
5 10
7 12
11 15
14 17
9 6
6 0
7 0
11 2
8 -2
21 6
11 -2
23 3
20 -1
27 0
26 -2
27 -4
11 -9
30 -8
28 -10
100
7 -34
15 -36
6 -36
16 -41
5 -38
9 -41
6 -41
8 -43
5 -43
10 -47
3 -45
10 -51
2 -47
8 -54
0 -49
2 -53
-2 -50
1 -58
-4 -50
-1 -60
-6 -51
-4 -66
-9 -52
-7 -64
-11 -53
-13 -58
-13 -53
-16 -64
-16 -53
-20 -59
-18 -52
-22 -61
-20 -51
-26 -61
-22 -49
-24 -52
-23 -48
-36 -58
-25 -46
-29 -48
-27 -45
-34 -49
-29 -43
-32 -44
-30 -41
-36 -41
-30 -39
-36 -40
-31 -36
-44 -36
-30 -34
-39 -33
-30 -32
-46 -27
-30 -29
-44 -25
-30 -27
-38 -23
-29 -25
-41 -16
-27 -23
-30 -20
-25 -22
-34 -11
-23 -20
-28 -13
-22 -18
-27 -3
-20 -18
-22 -11
-18 -17
-20 -5
-16 -15
-17 1
-13 -15
-11 -11
-11 -16
-8 -5
-9 -16
-7 -12
-6 -17
-4 -14
-4 -17
0 -13
-2 -19
3 -14
0 -19
9 -11
1 -22
6 -18
3 -23
14 -17
5 -25
14 -23
6 -27
21 -23
5 -30
16 -29
7 -32
18 -31
100
31 37
38 35
31 35
48 32
30 33
45 25
31 30
37 26
29 28
32 25
28 26
39 15
26 25
33 14
25 22
26 18
23 21
28 10
21 21
21 17
19 20
21 11
17 18
18 5
14 19
14 11
12 18
10 14
10 19
5 10
7 19
4 17
5 20
2 16
3 22
-6 13
1 22
-5 19
0 25
-4 24
-2 26
-7 24
-4 28
-7 26
-4 30
-8 31
-5 32
-11 33
-6 35
-13 36
-6 37
-20 39
-5 39
-18 44
-5 42
-11 44
-5 44
-17 51
-4 46
-13 55
-2 48
-7 55
0 49
-10 61
1 52
-4 60
3 53
-2 66
5 54
4 63
7 54
3 69
10 55
10 63
12 56
12 69
14 55
17 70
16 55
22 67
19 54
24 64
21 54
25 60
23 52
28 59
24 51
37 61
27 50
40 59
28 48
38 53
30 46
36 49
31 44
35 44
30 41
42 44
32 39
40 39
100
-8 6
1 3
-9 4
-7 1
-9 1
6 -6
-9 -1
-4 -4
-11 -3
-5 -8
-12 -5
-2 -14
-14 -6
-12 -11
-15 -9
-13 -13
-17 -9
-16 -13
-19 -11
-15 -22
-21 -11
-20 -27
-24 -12
-24 -22
-26 -13
-28 -22
-28 -13
-30 -17
-31 -13
-34 -18
-33 -11
-40 -25
-35 -11
-40 -21
-37 -10
-48 -22
-39 -9
-43 -11
-40 -6
-47 -9
-42 -5
-54 -11
-44 -3
-50 -6
-45 -1
-53 -3
-45 1
-51 2
-46 4
-50 4
-45 6
-52 8
-46 8
-48 11
-44 10
-58 15
-44 13
-51 17
-43 15
-44 18
-42 17
-52 25
-41 19
-42 22
-39 21
-44 31
-37 21
-38 25
-35 22
-35 30
-33 24
-33 35
-30 24
-31 41
-28 25
-27 28
-26 24
-23 32
-24 24
-19 34
-21 24
-18 31
-19 22
-16 27
-17 21
-10 28
-16 20
-13 21
-14 18
-6 24
-12 17
0 24
-10 15
-2 18
-10 13
3 17
-10 10
4 11
-8 8
1 8
100
22 33
24 32
35 29
23 30
39 25
23 27
27 25
21 26
36 17
33 16
19 24
19 22
25 15
18 20
21 15
15 21
24 4
19 9
15 13
16 7
13 11
14 2
9 18
8 16
8 9
6 11
5 18
2 5
3 18
-1 5
0 14
-1 16
-6 8
-8 8
-6 14
-14 5
-14 9
-11 15
-13 15
-17 14
-7 24
-7 25
-12 23
-22 20
-20 23
-15 26
-24 25
-9 30
-13 31
-10 32
-20 33
-20 35
-18 36
-24 39
-19 39
-20 41
-22 44
-18 44
-17 46
-8 42
-9 44
-12 48
-7 45
-9 49
-14 57
-11 56
-12 62
-7 56
-7 61
-5 60
-1 55
1 54
1 59
3 60
4 65
6 67
7 56
9 55
9 51
14 65
13 54
14 54
18 58
14 48
21 57
17 48
24 55
24 53
17 43
28 51
25 47
26 46
24 43
21 40
24 40
27 40
25 38
30 37
28 36
37 35
100
29 -6
14 -7
32 -10
15 -9
23 -12
14 -11
24 -16
28 -20
14 -14
13 -15
22 -22
16 -20
15 -21
17 -26
13 -23
9 -20
7 -19
10 -26
8 -25
7 -26
8 -34
5 -31
3 -28
3 -35
0 -29
-1 -25
-2 -22
-5 -36
-6 -34
-7 -29
-11 -37
-7 -21
-10 -26
-15 -32
-12 -24
-18 -29
-12 -20
-17 -23
-19 -23
-24 -25
-16 -17
-22 -19
-19 -16
-26 -18
-24 -15
-31 -16
-30 -13
-25 -10
-25 -9
-16 -7
-19 -6
-31 -4
-27 -3
-34 0
-30 1
-26 2
-17 0
-15 1
-17 3
-20 6
-29 14
-25 14
-19 11
-20 14
-17 13
-11 8
-12 12
-11 12
-15 25
-12 23
-8 15
-6 12
-4 12
-5 27
-3 24
-1 23
1 24
1 12
3 15
4 15
6 15
10 21
6 8
14 21
7 7
17 19
19 19
22 19
11 6
20 11
14 5
26 11
24 7
29 8
16 1
25 2
17 -1
15 -3
27 -2
17 -5
100
-3 -18
0 -19
-3 -20
11 -24
-5 -22
4 -25
-4 -25
1 -29
-6 -27
5 -35
-7 -29
2 -39
-9 -30
1 -44
-10 -33
-7 -38
-12 -33
-11 -40
-14 -34
-14 -39
-16 -35
-15 -44
-19 -36
-17 -53
-21 -37
-22 -40
-23 -37
-27 -52
-25 -36
-28 -41
-28 -36
-32 -45
-30 -34
-38 -46
-32 -33
-34 -35
-34 -33
-39 -35
-35 -30
-42 -33
-37 -29
-40 -29
-39 -27
-49 -30
-40 -25
-51 -27
-40 -23
-53 -22
-41 -20
-46 -20
-41 -18
-54 -16
-40 -16
-46 -15
-39 -14
-47 -10
-40 -11
-48 -4
-38 -9
-51 2
-37 -7
-41 -2
-36 -5
-37 -2
-33 -4
-37 4
-32 -3
-36 7
-30 -1
-30 4
-28 -1
-32 14
-26 1
-25 11
-23 1
-22 5
-21 0
-17 11
-19 0
-13 16
-16 0
-14 5
-14 -2
-9 5
-12 -2
-1 10
-11 -4
-2 2
-8 -5
0 0
-7 -7
4 -1
-5 -9
2 -7
-4 -11
4 -8
-4 -13
11 -13
-4 -16
7 -18
100
-27 -6
-18 -7
-26 -8
-16 -11
-28 -10
-22 -14
-28 -13
-15 -20
-28 -15
-27 -17
-30 -17
-27 -20
-31 -19
-27 -23
-34 -20
-28 -29
-35 -21
-32 -31
-37 -23
-33 -38
-39 -24
-38 -35
-41 -25
-40 -32
-44 -25
-46 -32
-46 -25
-48 -28
-48 -24
-52 -36
-51 -23
-53 -31
-53 -23
-59 -30
-55 -21
-64 -32
-57 -21
-64 -28
-59 -19
-71 -27
-60 -17
-70 -21
-61 -15
-73 -21
-63 -13
-78 -17
-62 -10
-67 -10
-64 -8
-73 -7
-64 -6
-76 -4
-63 -4
-77 1
-63 -1
-75 4
-62 1
-68 4
-61 3
-66 8
-60 5
-62 9
-59 7
-67 17
-56 8
-58 10
-55 10
-62 24
-53 10
-55 23
-51 11
-50 14
-49 13
-49 29
-46 12
-44 17
-44 13
-43 18
-41 13
-36 26
-39 12
-36 19
-37 10
-33 14
-35 10
-33 11
-33 9
-21 19
-32 6
-24 12
-30 5
-20 9
-28 3
-14 8
-28 1
-21 2
-28 -2
-25 -1
-27 -4
-12 -4
100
-11 46
3 44
-12 44
-4 41
-13 42
-1 36
-13 39
-6 34
-14 37
-2 28
-15 35
-14 31
-16 33
-13 27
-19 32
-14 22
-20 31
-14 18
-22 30
-22 24
-24 29
-22 16
-26 27
-27 17
-29 27
-30 13
-31 27
-34 19
-33 28
-36 25
-36 29
-41 21
-38 29
-47 16
-40 30
-50 18
-41 32
-45 31
-43 34
-52 30
-45 35
-55 30
-47 37
-53 36
-48 39
-50 40
-48 41
-61 40
-48 44
-57 44
-49 46
-52 48
-49 48
-64 53
-48 51
-55 53
-47 53
-50 56
-47 55
-50 59
-45 57
-55 69
-43 58
-54 72
-41 60
-44 64
-40 61
-42 67
-38 63
-40 75
-36 63
-37 72
-33 64
-34 73
-31 65
-31 80
-29 64
-27 76
-26 65
-24 71
-24 64
-22 69
-22 63
-19 67
-20 61
-16 63
-19 60
-10 69
-16 59
-10 62
-15 57
-8 60
-14 55
1 60
-13 53
-5 53
-12 51
-10 51
-12 48
-5 48
100
63 20
69 18
67 17
75 14
66 14
64 13
61 13
68 8
68 6
55 12
65 4
62 3
61 2
59 2
52 8
52 6
56 -2
54 -1
54 -5
49 1
52 -9
48 -3
48 -10
46 -8
44 -12
42 -7
41 4
39 -2
38 -1
35 -7
33 -7
29 -12
33 1
29 -3
24 -8
27 -1
27 2
25 2
25 4
17 -1
20 4
14 2
24 10
11 6
23 13
18 12
18 14
26 17
24 18
18 18
23 20
15 22
20 23
14 25
12 28
28 25
13 31
23 29
29 27
19 34
23 34
17 40
19 42
28 35
28 37
30 37
26 44
32 38
32 42
34 40
31 52
36 42
36 52
39 40
40 45
42 45
44 53
45 41
46 41
48 42
47 35
51 42
56 50
56 46
53 38
54 37
55 35
56 35
62 39
59 34
66 38
57 30
67 34
65 31
69 31
66 28
75 28
67 25
63 23
75 22
100
9 -12
-1 -14
-3 -15
-2 -16
-7 -17
-1 -20
-5 -20
-7 -21
-12 -19
-5 -25
-6 -26
-4 -29
-13 -24
-4 -35
-10 -30
-15 -26
-17 -25
-10 -39
-13 -38
-15 -38
-19 -29
-20 -31
-21 -33
-23 -30
-24 -30
-25 -38
-27 -42
-28 -38
-31 -43
-33 -43
-31 -30
-34 -35
-36 -36
-39 -38
-38 -33
-37 -28
-47 -38
-40 -28
-39 -25
-50 -33
-49 -30
-49 -28
-54 -28
-53 -25
-50 -22
-40 -17
-44 -17
-51 -17
-45 -15
-47 -13
-53 -12
-46 -11
-58 -8
-40 -9
-56 -4
-56 -2
-54 -1
-53 1
-43 -2
-54 6
-40 -1
-50 8
-45 6
-41 5
-43 10
-34 1
-36 5
-35 6
-39 18
-31 4
-30 4
-32 15
-29 8
-28 8
-26 8
-25 11
-23 17
-21 22
-19 17
-21 4
-19 6
-19 3
-14 12
-17 3
-9 13
-16 1
-4 13
-9 5
-5 7
-4 5
1 7
-6 0
-7 -2
-4 -2
-8 -5
0 -4
5 -4
-10 -9
-2 -9
5 -10
100
63 3
69 1
67 -1
60 -1
67 -5
61 -5
57 -5
51 -4
57 -9
57 -10
51 -8
50 -8
56 -15
48 -9
58 -23
55 -24
45 -11
51 -25
49 -25
43 -16
43 -18
42 -20
41 -22
38 -15
38 -21
36 -14
35 -14
32 -31
30 -30
28 -30
31 -13
25 -24
25 -21
28 -11
28 -10
24 -13
26 -9
14 -20
22 -10
24 -7
13 -14
23 -5
10 -11
20 -5
16 -5
11 -5
10 -4
12 -1
7 -1
14 2
10 3
7 5
6 7
14 7
18 8
17 9
21 9
8 16
17 14
22 12
21 14
15 20
14 24
13 27
22 20
18 27
18 31
28 17
25 27
24 33
25 35
28 33
33 18
34 18
34 27
36 30
38 35
39 30
40 25
40 18
42 20
49 35
43 18
46 21
45 17
48 20
49 18
56 24
54 20
58 21
57 18
51 13
61 16
57 13
51 9
56 9
54 8
51 6
60 6
51 4
100
1 -19
1 -20
3 -21
10 -23
17 -27
13 -28
18 -32
16 -33
-1 -26
-1 -27
1 -30
9 -38
6 -38
2 -36
-3 -32
0 -38
-5 -33
-4 -37
-2 -44
-2 -50
-5 -48
-7 -48
-8 -51
-10 -47
-13 -37
-14 -42
-16 -43
-18 -51
-20 -50
-22 -51
-23 -48
-24 -44
-26 -44
-25 -39
-24 -34
-32 -43
-26 -34
-30 -36
-31 -35
-31 -33
-40 -38
-36 -33
-35 -31
-28 -26
-34 -27
-33 -25
-34 -24
-38 -23
-36 -22
-48 -21
-29 -19
-40 -17
-43 -15
-44 -13
-40 -12
-41 -10
-37 -10
-43 -5
-41 -4
-34 -6
-29 -8
-29 -7
-27 -7
-27 -5
-29 -1
-28 0
-27 1
-30 10
-23 1
-24 7
-23 9
-19 -1
-20 12
-18 13
-15 -2
-14 9
-13 3
-11 7
-8 13
-6 11
-8 -2
-4 5
-3 4
-7 -6
4 10
-3 -4
-3 -5
2 -2
3 -3
2 -6
5 -5
11 -3
4 -9
16 -5
0 -13
8 -12
3 -15
6 -15
11 -16
1 -18
100
71 26
71 25
80 22
67 23
69 21
75 18
80 14
71 16
77 11
68 14
66 14
61 16
68 8
70 4
60 12
60 11
65 1
65 -3
57 10
59 1
56 5
53 11
55 -7
52 1
50 7
49 3
47 0
46 6
46 11
42 -2
44 12
39 2
42 12
37 4
31 -2
33 4
39 14
31 6
33 11
34 14
21 6
28 13
24 12
19 12
33 20
26 19
31 21
25 22
15 22
15 24
21 26
27 27
15 30
34 29
34 30
28 33
23 36
35 32
32 35
21 44
32 38
35 37
32 42
36 40
27 52
33 48
34 50
41 40
36 54
39 51
41 50
41 58
45 47
46 48
47 50
49 57
50 45
53 55
54 54
57 57
57 52
59 50
63 56
62 50
62 47
65 49
59 38
72 50
70 46
66 40
67 39
78 44
63 34
63 32
79 38
78 35
66 30
79 32
66 28
68 27
100
27 -6
29 -7
27 -8
38 -12
25 -10
42 -16
26 -13
33 -19
24 -15
26 -17
23 -17
35 -28
21 -18
27 -25
19 -20
28 -34
18 -22
19 -25
16 -22
17 -31
14 -23
16 -37
11 -24
12 -29
9 -25
9 -34
7 -25
3 -39
4 -25
3 -29
2 -24
-3 -36
0 -22
-6 -30
-2 -22
-7 -25
-4 -21
-10 -24
-6 -19
-17 -25
-7 -17
-17 -21
-9 -15
-11 -15
-9 -13
-19 -14
-10 -11
-23 -11
-10 -8
-17 -7
-10 -6
-26 -3
-10 -4
-15 -2
-9 -2
-14 1
-9 1
-20 8
-9 3
-19 12
-7 5
-14 14
-5 6
-6 10
-4 9
-7 15
-2 10
-5 21
0 10
-2 17
2 12
2 23
4 13
4 26
7 13
7 16
9 12
12 25
11 12
15 25
14 11
20 20
16 11
20 19
18 9
28 21
19 8
26 13
22 7
24 8
23 5
35 13
25 3
28 4
25 1
35 4
26 -1
40 1
27 -4
30 -4
100
65 -37
76 -40
64 -39
69 -42
63 -41
76 -47
63 -44
72 -49
63 -46
71 -54
61 -48
67 -54
59 -49
69 -61
58 -52
61 -57
56 -53
62 -64
54 -54
53 -57
52 -54
55 -66
50 -56
48 -61
47 -56
45 -65
45 -55
43 -65
43 -55
40 -61
40 -55
36 -61
38 -53
34 -59
36 -52
26 -66
35 -51
27 -56
33 -49
19 -58
31 -48
24 -51
30 -46
14 -51
28 -44
15 -46
28 -42
25 -42
27 -39
11 -39
28 -37
11 -35
28 -35
12 -32
28 -32
17 -27
28 -30
18 -23
29 -28
25 -25
31 -26
25 -20
33 -25
24 -11
35 -23
31 -17
36 -21
31 -11
38 -21
36 -14
40 -19
38 -5
43 -19
42 -5
45 -19
48 -3
47 -18
49 -4
49 -19
51 -14
52 -19
59 -5
54 -21
63 -7
56 -22
65 -11
57 -23
66 -16
59 -25
65 -22
61 -26
65 -25
62 -28
78 -22
63 -30
79 -27
64 -32
75 -30
64 -35
70 -36
100
18 -23
30 -25
17 -25
26 -28
17 -28
30 -33
16 -30
31 -37
15 -32
17 -35
14 -34
19 -41
13 -36
17 -42
11 -38
18 -49
9 -38
14 -48
7 -39
7 -45
5 -41
5 -46
3 -42
1 -44
0 -42
-1 -45
-2 -41
-5 -53
-5 -42
-10 -56
-7 -40
-13 -55
-9 -40
-12 -45
-11 -39
-21 -48
-12 -37
-15 -38
-14 -35
-25 -42
-16 -34
-28 -39
-18 -32
-26 -35
-19 -30
-24 -31
-18 -27
-33 -31
-19 -25
-30 -25
-20 -23
-32 -20
-20 -21
-24 -19
-18 -19
-25 -16
-18 -16
-30 -9
-18 -14
-31 -5
-16 -12
-25 -3
-15 -10
-21 -2
-13 -8
-16 0
-11 -7
-12 -4
-9 -6
-9 -3
-7 -6
-7 -2
-5 -4
-4 10
-2 -4
-1 -2
0 -4
2 2
2 -5
7 4
5 -6
10 1
7 -6
9 -3
9 -8
15 -1
10 -9
15 -8
12 -11
27 -2
14 -12
26 -5
16 -14
26 -12
16 -16
25 -13
16 -19
24 -19
18 -21
31 -20
100
52 20
55 19
52 18
69 15
52 15
63 12
52 13
60 8
50 11
62 3
49 9
59 -2
48 7
49 4
45 6
52 -4
44 5
47 -6
42 4
41 0
40 3
42 -13
37 2
40 -14
35 2
35 -13
33 2
31 -3
30 1
30 -1
28 2
25 -2
26 3
24 1
24 5
16 -6
22 5
12 -2
21 8
11 2
19 9
9 5
18 11
8 9
17 13
7 12
16 15
4 14
16 18
6 19
16 20
1 22
16 22
9 24
17 24
7 29
16 27
3 34
18 29
9 36
19 31
16 36
21 32
20 36
22 35
17 45
24 36
22 41
26 36
24 45
28 37
27 48
30 39
31 41
33 38
33 46
35 38
38 51
38 39
40 48
40 38
46 47
42 36
45 39
44 36
48 37
46 35
54 43
47 32
52 36
49 31
52 32
51 29
55 30
51 27
62 30
51 24
55 23
52 22
58 20
100
65 48
83 46
80 44
65 45
74 42
65 43
78 37
75 36
64 40
77 30
66 36
66 34
65 33
60 36
71 22
60 33
63 25
59 30
60 24
59 23
59 18
56 22
54 20
52 27
51 22
49 30
47 18
46 23
44 20
43 26
43 28
38 20
38 24
38 29
37 29
36 30
33 29
39 37
28 28
29 31
30 34
29 35
27 36
28 38
32 41
19 38
25 42
18 42
20 44
20 46
16 48
24 50
32 50
30 52
26 54
18 58
17 61
34 55
24 62
25 64
22 67
31 63
34 62
30 68
39 60
36 66
40 62
35 73
43 62
39 72
41 73
41 80
44 74
47 65
47 78
49 80
51 73
52 68
52 66
54 67
55 67
56 65
55 62
63 74
58 62
60 63
69 72
59 59
61 59
70 65
65 60
64 58
67 58
63 55
68 55
74 56
76 55
69 52
70 51
81 50
100
13 -19
25 -21
14 -21
25 -24
13 -24
24 -30
12 -26
21 -31
11 -28
21 -37
10 -30
15 -34
8 -31
15 -40
6 -33
15 -48
5 -35
12 -50
3 -35
7 -47
1 -37
4 -49
-2 -37
-1 -49
-4 -37
-5 -42
-6 -37
-9 -42
-8 -37
-11 -46
-11 -36
-15 -47
-13 -35
-17 -43
-15 -34
-19 -40
-17 -34
-23 -39
-19 -32
-22 -34
-20 -30
-27 -34
-22 -28
-26 -29
-22 -26
-31 -26
-22 -23
-28 -23
-24 -21
-36 -20
-24 -19
-33 -18
-23 -17
-37 -14
-22 -15
-37 -9
-22 -12
-27 -9
-22 -10
-32 -2
-20 -8
-28 0
-18 -7
-27 3
-16 -5
-24 7
-15 -4
-16 1
-13 -2
-14 3
-11 -1
-12 6
-8 -1
-7 2
-6 0
-4 10
-4 0
-1 6
-2 -1
0 3
1 -1
6 11
3 -2
8 1
5 -4
9 -1
6 -5
13 1
8 -7
12 -4
10 -8
20 -4
12 -10
22 -8
12 -12
27 -9
13 -14
26 -15
14 -17
21 -17
100
-7 4
0 4
-7 2
2 0
-8 0
-5 -3
-7 -3
-4 -7
-9 -5
-4 -11
-10 -7
2 -18
-12 -8
-7 -16
-14 -10
-7 -20
-15 -12
-9 -26
-17 -13
-11 -27
-19 -13
-19 -20
-21 -15
-21 -28
-24 -15
-24 -24
-26 -14
-28 -21
-29 -15
-30 -18
-31 -13
-34 -17
-33 -12
-39 -22
-35 -11
-39 -14
-36 -10
-42 -13
-39 -9
-42 -10
-40 -7
-50 -13
-41 -5
-48 -6
-42 -3
-49 -5
-43 -1
-57 -3
-44 2
-52 3
-43 4
-57 7
-44 6
-50 9
-42 8
-51 11
-43 11
-49 16
-41 13
-52 21
-40 15
-44 19
-38 16
-40 19
-37 19
-45 29
-35 19
-42 32
-33 20
-36 33
-31 21
-35 38
-28 22
-27 31
-26 22
-26 36
-24 22
-20 38
-21 23
-20 26
-19 22
-13 36
-17 20
-13 29
-15 20
-10 26
-14 18
-2 29
-11 17
-7 20
-10 15
-6 15
-9 13
4 18
-8 11
5 15
-7 9
-3 8
-7 6
10 6
100
28 23
45 21
27 21
35 19
29 18
26 18
43 10
33 13
36 9
36 7
26 12
34 4
32 3
33 0
26 5
22 8
25 0
22 3
20 5
19 2
17 5
17 0
15 0
14 -4
12 0
11 7
10 3
8 -2
5 -10
4 -4
2 -5
0 -4
0 -1
0 4
2 9
-3 4
1 11
-7 3
-6 7
-8 7
-8 9
-11 9
-11 11
-3 16
-18 12
-15 15
-21 15
-7 20
-13 20
-12 22
-15 23
-15 25
-22 27
-13 27
-12 29
-16 32
-9 31
-3 29
-12 36
-4 33
-12 39
-3 34
-12 45
-4 39
-2 39
0 38
-7 51
1 41
3 39
5 38
6 37
5 46
7 46
7 57
9 56
11 45
13 54
15 52
16 51
15 38
16 39
17 37
23 49
20 40
25 46
20 35
22 36
22 35
26 37
26 36
32 38
35 38
36 37
35 34
41 35
30 29
32 28
42 29
39 27
40 25
100
21 44
27 42
20 42
27 40
19 40
25 38
20 37
33 31
19 35
22 31
17 33
19 29
16 31
21 24
13 30
16 22
12 28
13 24
10 27
15 15
8 26
11 13
5 26
5 15
3 25
2 14
1 25
-1 23
-1 26
-6 11
-4 26
-10 14
-6 27
-15 13
-8 28
-15 23
-10 29
-15 26
-12 31
-24 22
-13 33
-25 28
-14 35
-29 29
-15 37
-21 36
-16 39
-26 39
-16 42
-19 42
-17 44
-26 47
-17 46
-25 50
-16 49
-26 54
-16 51
-27 60
-14 53
-20 57
-13 55
-20 60
-12 57
-21 69
-9 58
-16 68
-8 60
-14 72
-6 60
-9 74
-4 62
-7 76
-1 62
-3 75
1 63
3 68
3 63
5 79
5 62
10 73
8 61
11 65
10 60
13 66
12 59
19 69
14 59
23 67
15 56
26 62
17 55
23 56
18 53
31 57
20 51
30 53
19 48
29 50
21 46
27 46
100
-18 9
-16 8
-3 5
-17 6
-17 4
-6 -1
-16 2
-13 -1
-13 -3
-18 -2
-12 -7
-20 -3
-12 -13
-19 -8
-22 -7
-23 -7
-27 -4
-22 -15
-29 -5
-26 -13
-28 -12
-31 -6
-30 -19
-31 -23
-34 -11
-35 -20
-36 -6
-37 -7
-39 -14
-40 -9
-41 -9
-47 -21
-43 -8
-48 -14
-52 -18
-46 -6
-57 -17
-58 -15
-57 -12
-57 -9
-49 -1
-50 -1
-53 -1
-52 1
-66 -3
-53 3
-58 3
-60 4
-67 5
-69 7
-59 9
-60 11
-63 13
-54 13
-58 15
-52 15
-64 20
-49 15
-60 22
-49 18
-60 27
-50 21
-48 21
-51 26
-52 29
-49 28
-45 24
-51 39
-42 24
-41 23
-41 27
-42 35
-41 39
-39 37
-36 25
-35 38
-34 27
-33 24
-29 39
-29 34
-30 24
-24 38
-25 31
-26 26
-22 30
-16 35
-16 32
-12 33
-12 31
-16 25
-20 20
-10 25
-15 20
-14 19
-19 15
-12 16
-12 15
-20 12
-19 11
-7 11
100
69 -37
70 -38
72 -40
66 -40
81 -45
72 -44
74 -47
63 -44
74 -51
74 -53
68 -51
71 -55
64 -51
60 -49
63 -54
63 -56
57 -50
62 -62
60 -61
60 -66
58 -65
55 -60
52 -53
53 -68
51 -71
49 -58
48 -54
46 -58
46 -54
41 -70
44 -52
42 -54
42 -51
33 -67
40 -51
34 -57
37 -52
26 -62
25 -60
27 -55
34 -48
35 -46
22 -52
25 -48
33 -43
30 -43
27 -43
22 -42
17 -41
31 -38
20 -37
34 -36
21 -33
23 -32
33 -33
18 -27
21 -26
25 -26
30 -26
33 -27
26 -21
35 -26
38 -27
35 -22
30 -14
31 -13
35 -15
38 -18
42 -23
42 -19
41 -11
41 -6
43 -5
46 -11
47 -9
49 -6
51 -12
53 -3
53 -18
55 -12
54 -22
55 -23
62 -9
57 -23
59 -21
67 -13
66 -17
70 -15
67 -20
61 -27
61 -28
73 -22
67 -27
73 -26
81 -24
78 -28
71 -31
72 -33
67 -35
80 -35
100
5 -4
6 -6
2 -7
-2 -8
6 -11
-9 -9
8 -16
-2 -14
7 -20
0 -18
-6 -16
2 -24
-6 -20
-9 -19
-7 -23
-10 -22
-10 -24
-9 -29
-13 -25
-17 -20
-13 -34
-18 -25
-19 -24
-20 -31
-22 -20
-23 -25
-24 -23
-25 -21
-26 -19
-29 -29
-30 -26
-29 -20
-36 -32
-33 -22
-38 -28
-42 -31
-36 -19
-43 -25
-45 -25
-35 -14
-46 -20
-48 -20
-37 -12
-37 -10
-46 -13
-50 -13
-48 -10
-47 -8
-56 -8
-52 -6
-54 -4
-44 -3
-53 0
-40 -1
-56 4
-54 6
-55 9
-42 5
-36 3
-36 4
-37 6
-41 11
-40 12
-37 11
-42 19
-34 11
-39 21
-33 14
-34 20
-29 12
-28 11
-31 27
-29 26
-25 14
-25 24
-23 26
-21 25
-20 19
-20 13
-16 23
-14 25
-13 21
-15 13
-15 10
-9 19
-12 11
-7 15
-6 14
-5 13
-7 9
-3 11
0 10
-5 6
-2 6
-1 5
-1 3
9 4
2 1
8 0
8 -2
100
24 -24
39 -27
23 -26
35 -28
22 -28
35 -34
22 -31
29 -36
21 -33
28 -39
20 -35
25 -41
19 -37
27 -48
17 -39
20 -44
15 -39
16 -45
13 -41
17 -55
11 -42
12 -53
8 -42
9 -59
6 -43
5 -47
4 -42
2 -55
1 -43
-1 -48
-1 -41
-6 -55
-3 -41
-4 -43
-5 -40
-8 -40
-6 -38
-9 -39
-9 -37
-15 -40
-10 -35
-17 -38
-11 -33
-24 -37
-12 -31
-23 -34
-12 -28
-20 -28
-14 -26
-28 -25
-14 -24
-28 -21
-14 -22
-22 -18
-12 -20
-17 -17
-12 -17
-15 -13
-12 -15
-15 -10
-10 -13
-19 -6
-8 -12
-13 -3
-6 -10
-12 -2
-5 -8
-9 0
-3 -7
-3 -5
-1 -7
-2 0
1 -5
1 4
4 -6
5 10
6 -6
8 8
9 -5
13 9
11 -7
15 0
13 -8
20 5
15 -8
21 -4
17 -9
20 -9
18 -12
32 -2
20 -13
27 -11
22 -15
29 -14
23 -17
26 -17
23 -19
36 -19
24 -22
27 -22
100
-29 40
-25 38
-23 37
-23 35
-30 35
-32 34
-28 31
-24 28
-28 28
-29 27
-33 28
-36 29
-33 24
-36 25
-35 22
-34 17
-36 18
-35 13
-43 25
-44 26
-44 21
-44 17
-45 15
-48 21
-48 12
-50 15
-52 9
-53 20
-55 15
-54 25
-60 9
-62 10
-58 23
-58 26
-61 22
-63 22
-60 28
-65 24
-71 20
-68 25
-69 26
-77 23
-67 31
-68 31
-70 32
-79 30
-81 32
-79 34
-82 36
-81 38
-76 40
-74 42
-77 43
-66 43
-82 48
-74 48
-82 53
-76 52
-75 54
-65 50
-69 54
-65 52
-72 61
-69 60
-68 62
-65 61
-62 59
-62 62
-57 55
-56 56
-59 68
-54 55
-55 68
-53 60
-51 57
-50 64
-49 61
-48 59
-46 64
-46 57
-43 62
-40 66
-36 71
-34 70
-38 59
-40 54
-40 52
-32 60
-29 60
-37 51
-22 60
-35 50
-31 51
-31 49
-21 51
-27 47
-32 45
-19 46
-21 44
-32 41
100
3 -39
15 -41
9 -42
9 -43
3 -43
17 -49
3 -45
19 -53
6 -49
12 -54
0 -48
10 -57
1 -51
6 -59
5 -59
3 -60
-2 -54
-1 -58
0 -65
0 -69
-2 -68
-5 -66
-6 -69
-8 -69
-11 -62
-12 -71
-14 -70
-16 -67
-15 -57
-18 -63
-20 -63
-19 -58
-23 -63
-21 -55
-30 -67
-28 -62
-27 -57
-29 -57
-26 -52
-29 -53
-33 -54
-25 -47
-30 -49
-28 -47
-36 -49
-41 -49
-42 -47
-30 -42
-31 -41
-38 -41
-43 -39
-35 -38
-27 -37
-39 -34
-30 -34
-37 -31
-38 -29
-37 -27
-41 -23
-32 -26
-25 -30
-29 -25
-31 -21
-30 -20
-23 -25
-25 -21
-24 -20
-27 -12
-21 -21
-24 -8
-19 -16
-17 -20
-16 -20
-15 -15
-14 -8
-12 -21
-11 -20
-10 -24
-6 -7
-6 -16
-6 -20
-4 -19
-5 -24
-3 -22
2 -16
4 -16
-1 -25
9 -17
3 -25
3 -26
11 -23
12 -24
3 -31
12 -28
2 -33
5 -33
18 -31
13 -34
5 -37
21 -37
100
39 19
42 17
48 15
40 14
38 13
47 8
42 8
37 9
41 5
33 8
41 0
34 3
34 1
38 -5
25 7
27 2
24 5
24 2
23 2
22 0
24 -10
19 2
18 2
17 2
16 -1
15 -15
14 -1
13 1
9 -10
7 -12
8 -2
3 -11
6 1
8 6
-3 -9
1 0
-6 -6
0 3
3 8
-7 1
-4 5
-10 3
-9 6
-6 9
-5 11
-5 13
-4 14
-9 15
-17 15
-10 17
-14 19
-16 21
-12 22
-17 25
-12 26
-9 27
-14 30
-9 30
-7 31
-9 35
-11 38
-11 41
-5 38
4 31
1 36
-1 41
-3 47
6 36
4 43
4 46
7 44
10 39
10 46
12 43
14 41
15 41
16 36
18 41
20 46
21 41
23 45
21 34
27 45
24 36
24 33
31 42
27 34
33 38
36 39
40 39
33 32
32 30
34 30
30 26
33 26
37 26
45 27
41 24
49 23
40 21
100
56 -12
65 -14
55 -14
64 -17
55 -17
65 -21
54 -19
67 -26
53 -21
56 -25
52 -23
54 -27
51 -25
52 -29
49 -27
57 -41
47 -27
47 -30
45 -28
48 -41
43 -30
42 -32
41 -31
41 -40
38 -31
37 -47
36 -31
32 -42
33 -31
31 -36
31 -29
29 -35
29 -29
23 -40
27 -28
23 -32
26 -26
14 -34
23 -25
12 -32
22 -23
16 -25
20 -21
6 -26
19 -19
15 -19
20 -16
7 -18
18 -14
4 -14
18 -12
3 -10
19 -10
6 -7
19 -7
7 -1
20 -5
7 1
21 -3
20 0
22 -1
14 6
23 1
19 7
26 2
23 5
27 4
24 9
29 5
28 10
31 6
28 21
34 6
34 21
36 7
37 15
38 7
40 18
41 7
45 14
43 6
48 16
45 5
54 17
47 3
52 7
48 2
56 8
51 1
60 7
52 -1
65 6
53 -3
68 4
55 -5
60 -5
54 -8
63 -7
56 -10
66 -9
100
37 37
44 36
37 35
47 30
37 32
42 29
37 30
43 25
36 28
41 25
34 26
41 19
32 25
35 21
31 22
33 18
29 22
33 11
27 21
29 14
25 20
25 11
23 18
21 8
20 19
19 3
18 18
15 12
15 18
12 6
13 20
9 12
11 21
5 13
9 22
0 8
7 22
-1 14
6 25
-8 16
4 26
-4 21
3 28
-9 22
2 30
-9 26
2 33
-13 33
0 35
-10 35
0 37
-9 40
1 39
-8 43
1 42
-4 44
2 44
0 47
3 46
-1 51
4 48
-5 57
5 50
4 53
7 52
-2 65
9 53
9 57
11 53
8 65
13 55
12 65
16 55
14 64
18 56
19 67
20 56
24 67
23 56
26 63
25 55
27 61
27 53
33 66
29 53
39 66
30 51
38 59
33 50
45 57
34 48
45 54
35 46
50 51
36 44
48 47
37 42
49 43
37 39
44 39
100
-15 -12
1 -12
-15 -14
0 -17
-15 -17
-1 -21
-15 -19
-2 -26
-17 -21
-8 -30
-18 -23
-13 -27
-19 -25
-12 -36
-22 -26
-18 -33
-23 -28
-18 -37
-25 -29
-21 -45
-27 -30
-28 -32
-30 -30
-30 -38
-32 -31
-33 -34
-34 -30
-38 -44
-37 -31
-39 -34
-39 -29
-43 -33
-41 -29
-44 -35
-43 -27
-51 -39
-45 -27
-50 -30
-46 -24
-58 -35
-48 -23
-51 -25
-49 -21
-58 -25
-50 -19
-65 -22
-50 -16
-58 -17
-52 -14
-61 -13
-51 -12
-62 -11
-52 -10
-57 -6
-50 -8
-60 -2
-50 -5
-65 2
-49 -3
-63 5
-48 -1
-49 1
-47 1
-51 8
-45 3
-44 6
-43 3
-49 14
-41 5
-46 17
-39 6
-41 17
-36 6
-38 20
-34 7
-32 21
-32 6
-29 14
-29 7
-26 15
-27 5
-23 15
-25 5
-18 18
-23 3
-17 8
-22 2
-11 11
-20 0
-9 9
-18 -1
-4 8
-16 -3
-12 -1
-15 -5
-2 -2
-15 -7
-8 -8
-15 -10
-5 -11
100
35 -47
48 -49
35 -49
45 -52
35 -52
44 -57
35 -54
43 -60
34 -56
42 -62
32 -58
34 -61
30 -59
34 -66
29 -62
29 -64
27 -63
35 -76
25 -63
26 -70
23 -64
23 -75
20 -65
20 -75
18 -65
17 -74
16 -66
14 -68
13 -66
10 -74
11 -65
9 -69
9 -63
2 -74
7 -62
0 -68
6 -61
2 -63
4 -59
-2 -62
2 -58
-4 -60
0 -56
-13 -60
0 -54
-13 -57
0 -51
-17 -53
-2 -49
-14 -48
-1 -47
-14 -46
-1 -45
-15 -41
0 -43
-6 -40
-1 -40
-7 -35
1 -38
-2 -36
2 -36
1 -33
4 -35
-2 -28
5 -32
-2 -20
7 -32
3 -17
9 -30
6 -22
11 -29
12 -25
14 -29
11 -13
16 -28
18 -24
18 -29
19 -20
20 -29
22 -27
23 -29
31 -17
25 -30
29 -27
27 -31
35 -24
28 -33
39 -25
30 -35
36 -31
32 -36
39 -33
34 -38
42 -35
34 -40
40 -41
35 -42
41 -42
36 -45
38 -46
100
44 3
49 2
45 1
54 -1
44 -2
57 -8
44 -4
54 -12
42 -6
53 -14
41 -8
49 -18
39 -9
47 -21
38 -12
38 -15
36 -13
39 -22
34 -13
37 -25
32 -15
33 -21
29 -15
29 -25
27 -16
26 -31
25 -16
24 -19
23 -15
20 -17
20 -14
14 -29
18 -14
15 -19
16 -13
13 -13
15 -11
5 -19
13 -9
0 -20
11 -8
1 -14
9 -6
-3 -12
9 -4
3 -4
8 -2
-5 -3
7 1
-7 2
7 3
-4 4
8 5
-7 11
8 8
6 10
9 10
-5 19
10 12
2 18
11 14
4 22
13 15
11 19
15 17
8 29
16 18
15 25
18 19
18 27
20 20
19 32
22 22
23 24
25 22
24 34
27 21
31 36
30 22
34 31
32 20
38 31
34 19
41 32
36 18
44 28
37 17
44 21
39 15
43 17
41 14
49 18
43 12
54 18
44 10
50 10
43 7
51 9
45 5
59 7
100
-4 -3
1 -5
-4 -5
1 -9
-4 -8
10 -13
-4 -10
1 -14
-5 -12
1 -17
-7 -14
0 -20
-9 -15
-6 -21
-11 -17
-9 -22
-12 -19
-11 -22
-14 -20
-9 -32
-16 -20
-13 -31
-18 -22
-18 -37
-21 -22
-21 -25
-23 -22
-27 -32
-26 -22
-31 -34
-28 -20
-32 -32
-30 -19
-34 -27
-32 -18
-42 -32
-34 -18
-38 -21
-36 -16
-43 -21
-37 -14
-41 -16
-39 -12
-41 -13
-40 -10
-46 -10
-40 -8
-54 -8
-40 -5
-49 -5
-41 -3
-50 -1
-40 -1
-43 2
-40 2
-48 5
-39 4
-52 10
-39 6
-45 12
-37 8
-45 17
-36 10
-47 22
-34 12
-35 16
-32 12
-36 21
-30 13
-33 25
-28 14
-30 28
-25 15
-25 29
-23 15
-21 30
-21 15
-18 23
-18 16
-13 30
-16 14
-14 19
-14 14
-5 26
-12 12
-4 25
-10 12
-2 18
-9 9
1 15
-7 8
-2 9
-5 6
7 12
-5 4
9 5
-4 2
10 4
-3 -1
13 0
100
12 34
28 33
13 32
17 29
11 30
26 25
12 27
16 24
10 25
17 19
9 23
14 19
7 22
13 14
6 19
15 7
4 19
5 13
2 17
4 11
0 17
3 0
-2 15
-4 9
-5 15
-7 4
-7 15
-11 -1
-9 16
-12 14
-12 17
-15 12
-14 18
-22 3
-16 19
-23 12
-18 19
-23 17
-20 21
-27 17
-21 23
-33 18
-23 25
-38 20
-23 27
-28 27
-24 29
-36 28
-25 32
-40 31
-25 34
-40 35
-24 36
-38 40
-24 39
-33 43
-23 41
-25 43
-22 43
-33 49
-21 45
-28 53
-19 46
-21 50
-18 49
-21 54
-16 49
-23 64
-14 51
-15 54
-12 51
-12 60
-9 52
-10 57
-7 52
-7 65
-5 52
-3 65
-2 53
0 56
0 51
2 56
2 51
7 56
4 50
13 58
5 48
12 54
8 47
10 49
9 45
19 49
11 43
22 46
12 41
21 43
11 38
23 41
13 36
19 36
100
25 -38
34 -40
24 -40
34 -43
24 -43
39 -49
23 -45
25 -48
22 -47
31 -55
21 -49
22 -52
19 -50
22 -56
18 -53
25 -65
16 -54
18 -59
14 -55
16 -60
12 -56
15 -70
9 -56
11 -66
7 -57
7 -66
5 -56
1 -68
3 -56
-1 -62
0 -56
-3 -58
-2 -55
-10 -66
-4 -53
-14 -66
-6 -53
-17 -63
-7 -50
-21 -61
-9 -49
-13 -49
-10 -47
-13 -46
-12 -45
-27 -47
-11 -42
-25 -44
-12 -40
-22 -39
-13 -38
-19 -36
-12 -36
-15 -33
-12 -33
-21 -28
-12 -31
-23 -25
-11 -29
-22 -22
-9 -27
-13 -23
-7 -26
-19 -14
-6 -23
-11 -15
-4 -22
-9 -11
-2 -22
-4 -8
0 -21
-1 -11
3 -20
3 -15
5 -19
7 -6
7 -20
10 -11
10 -19
12 -16
12 -21
16 -11
14 -22
16 -19
16 -23
26 -13
18 -23
25 -19
19 -26
27 -20
21 -27
27 -26
22 -29
36 -24
23 -31
32 -30
24 -33
38 -32
25 -36
30 -38
100
39 9
35 8
46 5
42 4
30 5
34 3
46 -3
33 0
37 -3
41 -8
30 -2
41 -13
33 -8
37 -14
26 -4
34 -17
24 -5
30 -18
24 -10
22 -8
26 -23
20 -12
18 -8
19 -24
17 -25
15 -20
14 -11
11 -19
9 -22
11 -6
6 -20
5 -16
8 -6
-1 -21
3 -10
-4 -17
5 -3
3 -3
-1 -6
2 -2
1 -1
-9 -6
-3 -1
-5 0
-8 0
-14 0
-13 2
-12 4
-6 6
-8 8
-17 9
-18 11
-18 13
-12 14
-11 16
-15 19
-11 19
-15 23
-15 25
-9 24
-9 27
3 19
0 23
-1 26
-2 30
6 21
-2 36
7 23
9 23
7 29
9 27
9 33
10 35
12 32
13 38
15 37
17 35
18 32
21 42
23 39
23 33
28 41
27 34
28 34
29 32
26 24
25 21
37 32
40 32
31 22
40 27
29 18
40 22
35 18
32 16
32 15
30 13
38 13
32 11
38 10
100
29 -5
39 -6
30 -7
32 -9
29 -10
42 -16
28 -12
42 -20
28 -14
34 -19
26 -16
36 -24
24 -17
28 -23
22 -19
25 -25
21 -21
25 -33
19 -21
24 -36
17 -23
19 -33
14 -23
17 -37
12 -23
10 -31
10 -23
6 -38
8 -23
4 -34
5 -23
4 -25
3 -22
-2 -27
1 -20
-2 -23
0 -19
-12 -31
-3 -18
-10 -22
-4 -16
-8 -18
-6 -14
-17 -18
-7 -12
-23 -14
-7 -10
-23 -13
-7 -7
-21 -6
-7 -5
-17 -3
-8 -3
-11 -2
-6 -1
-10 3
-7 2
-16 8
-5 4
-7 8
-4 6
-15 18
-3 8
-7 13
-1 10
-5 18
1 10
-5 21
3 11
0 27
5 13
3 24
7 14
6 25
10 14
11 21
12 13
13 23
14 13
16 16
17 13
23 24
19 11
24 20
21 11
28 19
23 10
30 14
25 8
27 10
26 6
40 13
28 4
43 10
28 2
34 3
28 -1
36 -1
30 -3
45 -3
100
35 -29
37 -29
35 -31
49 -36
33 -33
38 -36
33 -36
37 -38
33 -38
35 -42
31 -40
41 -49
29 -41
36 -52
27 -43
35 -53
26 -44
34 -58
24 -46
24 -52
22 -47
24 -62
20 -48
20 -53
17 -48
16 -56
15 -48
14 -51
12 -48
11 -53
10 -46
5 -54
8 -45
7 -48
6 -44
-4 -58
5 -43
-7 -52
3 -41
-3 -45
1 -40
-4 -40
0 -38
-4 -39
-1 -36
-13 -39
-2 -34
-18 -36
-2 -31
-6 -30
-3 -29
-6 -28
-2 -27
-16 -23
-1 -25
-13 -19
-2 -22
-11 -17
-1 -20
-10 -12
1 -18
-5 -11
2 -16
-3 -10
5 -15
4 -12
6 -13
4 -5
8 -12
5 -3
10 -12
7 2
13 -11
14 -8
15 -10
16 -3
17 -11
20 -1
19 -11
24 1
22 -11
25 -5
24 -13
32 -1
26 -14
34 -5
28 -14
32 -10
30 -16
35 -13
31 -18
44 -12
32 -20
45 -15
34 -22
36 -22
33 -25
49 -23
35 -27
37 -27
100
79 11
76 9
70 8
77 5
74 4
74 2
78 -2
60 4
75 -5
63 0
67 -4
58 1
67 -9
59 -3
58 -4
62 -12
56 -4
56 -7
58 -14
53 -6
54 -13
54 -20
52 -21
49 -13
47 -7
46 -6
44 -22
43 -13
43 -7
42 -4
37 -16
35 -17
39 -4
35 -9
33 -10
34 -5
31 -7
26 -10
23 -10
22 -9
31 0
24 -3
28 1
30 3
26 3
18 2
30 7
21 6
13 7
30 10
23 11
12 13
19 14
20 16
31 15
20 19
20 21
20 23
27 22
25 24
31 22
24 29
29 27
34 23
33 26
31 31
32 34
37 28
32 40
36 37
40 31
42 28
41 36
43 36
44 42
46 39
48 38
50 43
50 32
54 44
51 25
55 34
56 33
59 36
62 35
61 32
65 34
60 26
66 29
61 24
63 23
66 24
62 20
64 20
65 18
65 17
70 17
76 17
63 13
70 13
100
-3 22
14 18
-3 20
0 19
-3 17
4 14
-4 15
9 6
-4 13
-2 11
-6 11
-4 9
-8 10
-6 7
-9 7
-6 -1
-11 7
-5 -9
-13 5
-13 2
-15 4
-14 -3
-18 4
-18 -11
-20 3
-21 -12
-22 4
-23 -6
-25 3
-31 -10
-27 4
-29 0
-29 6
-33 1
-31 6
-38 1
-32 8
-38 3
-35 9
-43 3
-36 11
-39 11
-37 13
-48 11
-39 15
-45 14
-39 17
-53 15
-40 20
-45 21
-39 22
-53 23
-40 24
-45 26
-38 26
-45 31
-38 29
-45 32
-37 31
-50 40
-36 33
-44 43
-35 35
-37 38
-32 36
-43 50
-31 38
-33 43
-29 39
-32 50
-27 39
-26 44
-24 40
-24 47
-22 41
-21 46
-20 40
-17 54
-17 41
-11 55
-15 39
-11 49
-13 39
-8 44
-11 37
-7 43
-9 37
4 46
-8 34
-3 38
-6 33
2 36
-5 31
11 37
-4 29
12 33
-3 27
13 29
-3 24
13 24
100
47 -27
49 -29
40 -29
53 -32
52 -34
45 -33
52 -38
39 -34
53 -42
47 -41
39 -37
43 -42
47 -48
40 -43
42 -48
41 -49
34 -41
32 -40
39 -56
31 -42
35 -58
33 -60
28 -45
28 -47
26 -49
25 -43
23 -52
21 -55
19 -56
20 -45
19 -47
17 -47
18 -41
15 -45
13 -46
13 -44
11 -44
4 -50
2 -49
0 -48
-3 -47
6 -39
4 -39
-3 -40
5 -35
-4 -37
-5 -35
6 -31
-4 -31
8 -28
-7 -27
9 -26
2 -24
-7 -21
-5 -19
9 -22
8 -20
-5 -13
-5 -11
3 -13
11 -17
13 -17
0 -4
9 -10
14 -14
9 -5
15 -11
17 -12
11 4
18 -10
19 -9
18 1
19 2
22 -7
23 7
25 -4
27 -3
29 2
29 -4
30 -6
33 -2
35 -1
36 -3
41 2
40 -3
44 -1
43 -5
37 -14
45 -9
37 -17
43 -14
45 -14
52 -12
44 -18
51 -17
50 -19
55 -19
56 -21
57 -23
49 -25
100
41 -43
48 -45
42 -46
54 -49
40 -48
37 -48
49 -54
52 -57
50 -58
46 -59
45 -60
47 -63
45 -65
34 -55
32 -55
36 -62
35 -63
33 -62
33 -67
28 -59
27 -59
26 -58
26 -67
24 -58
24 -69
22 -65
20 -76
20 -60
19 -58
16 -65
17 -58
11 -72
14 -60
6 -72
10 -62
11 -58
10 -58
-1 -67
10 -55
4 -58
-5 -62
-7 -61
0 -55
-7 -57
1 -51
-7 -53
-11 -51
-5 -48
5 -45
-4 -45
-9 -43
2 -42
6 -41
-9 -37
2 -38
4 -37
-7 -32
-7 -29
8 -35
9 -35
-1 -27
-3 -22
10 -32
-1 -19
4 -21
4 -18
11 -25
8 -17
15 -28
16 -27
17 -29
15 -16
18 -19
20 -24
20 -10
22 -28
23 -20
25 -16
26 -24
30 -10
28 -23
32 -19
34 -17
37 -16
38 -19
39 -20
39 -23
42 -22
35 -31
38 -30
37 -32
48 -26
48 -29
51 -29
49 -32
51 -34
49 -36
50 -38
38 -41
37 -42
100
52 -38
68 -40
51 -40
66 -44
51 -43
63 -47
50 -45
55 -47
49 -47
55 -52
48 -49
58 -58
47 -51
51 -57
45 -53
52 -63
43 -54
45 -58
41 -54
42 -62
39 -55
41 -71
36 -56
36 -61
34 -57
32 -60
32 -56
28 -72
29 -57
26 -70
27 -56
23 -66
25 -55
18 -68
23 -53
15 -62
21 -53
19 -54
20 -50
9 -58
18 -49
15 -50
16 -47
5 -53
15 -45
7 -46
16 -42
5 -43
14 -40
0 -40
15 -38
10 -37
15 -36
2 -33
15 -33
8 -31
15 -31
8 -27
16 -29
12 -24
18 -27
12 -21
19 -25
12 -14
21 -23
19 -17
23 -23
15 -8
25 -21
25 -17
27 -21
26 -11
29 -19
29 -11
32 -19
34 -5
34 -20
35 -17
37 -19
41 -6
39 -20
41 -18
41 -21
49 -8
43 -23
48 -17
45 -23
54 -18
47 -25
56 -20
48 -27
58 -21
49 -29
57 -26
51 -31
61 -27
50 -34
64 -32
51 -36
54 -37
100
-18 -30
-12 -32
-17 -32
-15 -35
-19 -34
-7 -40
-18 -37
-8 -43
-20 -39
-10 -47
-21 -41
-10 -50
-23 -42
-12 -54
-24 -45
-24 -47
-26 -46
-23 -56
-28 -46
-25 -62
-30 -47
-29 -55
-32 -49
-32 -51
-35 -48
-36 -65
-37 -48
-40 -52
-40 -49
-43 -56
-42 -48
-44 -52
-44 -47
-48 -53
-46 -46
-53 -52
-47 -44
-54 -50
-50 -43
-64 -51
-51 -41
-58 -43
-53 -39
-58 -41
-53 -37
-58 -38
-54 -35
-65 -36
-55 -32
-66 -33
-55 -30
-67 -29
-54 -28
-70 -23
-54 -25
-70 -21
-54 -23
-59 -20
-53 -21
-57 -16
-51 -19
-61 -10
-49 -18
-52 -12
-47 -16
-52 -6
-46 -15
-46 -11
-44 -13
-44 -6
-42 -12
-44 3
-40 -11
-39 -5
-37 -12
-36 2
-35 -12
-33 -5
-33 -12
-28 4
-30 -12
-25 -1
-28 -14
-26 -11
-26 -14
-23 -13
-25 -16
-14 -7
-22 -17
-8 -9
-21 -19
-12 -16
-20 -21
-12 -19
-19 -23
-4 -21
-18 -25
-4 -24
-17 -28
-3 -28
100
16 -22
27 -24
15 -25
21 -27
23 -29
26 -32
13 -29
21 -34
24 -38
15 -35
11 -34
15 -39
8 -34
17 -45
12 -43
14 -48
13 -50
8 -47
3 -39
1 -37
5 -51
2 -48
-2 -40
-1 -55
-4 -39
-5 -43
-7 -54
-8 -42
-10 -50
-12 -48
-15 -51
-12 -41
-15 -43
-13 -37
-21 -47
-18 -40
-16 -36
-20 -38
-28 -44
-23 -37
-29 -40
-18 -30
-35 -38
-35 -36
-21 -28
-36 -32
-38 -30
-27 -26
-20 -24
-36 -24
-32 -22
-35 -20
-29 -19
-30 -17
-24 -17
-25 -16
-21 -16
-19 -16
-18 -15
-31 -5
-26 -7
-30 -2
-17 -11
-23 -3
-23 0
-25 6
-16 -4
-18 3
-19 8
-13 -1
-13 4
-12 6
-11 7
-9 6
-7 3
-5 -6
-3 5
-1 12
0 6
1 0
2 -1
2 -3
5 0
4 -6
7 -3
13 3
12 -2
7 -9
10 -8
15 -5
22 -3
17 -8
24 -6
25 -8
18 -13
20 -14
23 -15
13 -19
22 -19
10 -21
100
52 -45
47 -46
52 -48
49 -49
46 -50
52 -54
39 -51
50 -57
38 -52
41 -55
39 -55
51 -67
48 -66
37 -58
35 -57
34 -58
42 -72
37 -67
34 -65
32 -64
33 -69
29 -60
29 -65
27 -61
26 -65
25 -78
23 -75
21 -73
21 -65
18 -71
19 -62
14 -74
16 -63
14 -64
17 -58
16 -58
5 -70
9 -62
6 -63
11 -56
2 -62
1 -60
12 -52
3 -55
3 -54
6 -51
-5 -53
-2 -50
-3 -49
7 -46
-6 -45
2 -44
0 -42
4 -41
10 -41
-7 -34
5 -37
1 -34
6 -34
0 -29
2 -28
0 -25
3 -24
7 -25
5 -21
15 -31
16 -31
15 -27
14 -21
18 -27
14 -13
21 -30
20 -19
21 -16
24 -30
25 -19
26 -25
28 -18
28 -27
29 -29
31 -28
37 -14
34 -25
37 -24
35 -30
39 -26
36 -31
37 -33
49 -22
37 -35
38 -36
44 -33
53 -30
53 -32
54 -34
41 -40
49 -39
43 -42
56 -41
40 -44
100
17 -34
13 -35
13 -37
17 -39
9 -39
16 -42
22 -47
6 -42
12 -46
15 -50
15 -52
5 -46
7 -50
13 -59
1 -47
2 -50
8 -62
4 -59
0 -55
-3 -52
-3 -56
-4 -59
-6 -55
-6 -63
-8 -68
-10 -62
-12 -61
-13 -54
-15 -62
-18 -67
-18 -59
-22 -64
-23 -62
-22 -55
-23 -54
-28 -58
-28 -56
-25 -50
-28 -51
-23 -45
-34 -52
-26 -44
-30 -45
-36 -46
-42 -47
-28 -40
-28 -39
-37 -39
-29 -36
-26 -35
-38 -34
-42 -32
-43 -30
-25 -31
-37 -27
-28 -28
-41 -22
-36 -22
-38 -19
-30 -21
-33 -17
-31 -17
-27 -18
-28 -15
-21 -21
-25 -13
-24 -11
-26 -5
-19 -16
-20 -10
-16 -17
-16 -10
-16 -3
-12 -16
-12 -8
-10 0
-8 -9
-8 -19
-4 -4
-5 -15
-3 -11
3 -2
2 -9
1 -15
-1 -20
8 -10
10 -9
2 -22
10 -15
4 -23
13 -17
8 -23
5 -26
17 -21
19 -23
8 -28
10 -29
9 -30
14 -31
23 -32
100
42 11
56 10
42 9
49 7
41 7
44 4
42 4
54 -2
41 2
50 -6
39 0
46 -8
38 -2
41 -8
36 -4
39 -11
34 -5
42 -18
32 -6
32 -8
30 -7
32 -23
27 -7
27 -21
25 -8
24 -14
23 -7
19 -23
20 -8
18 -11
18 -6
12 -21
16 -6
9 -14
14 -4
8 -13
12 -4
6 -7
10 -2
0 -10
9 0
-2 -6
8 2
-5 -2
7 4
-4 1
7 7
-7 6
6 9
-3 9
5 11
-7 14
5 13
-1 15
7 15
-6 21
6 18
4 20
7 20
4 22
9 22
0 29
10 24
10 27
13 25
11 31
14 26
15 30
16 28
14 35
18 29
17 40
20 30
22 39
23 30
25 40
25 29
28 33
27 29
33 40
30 28
36 43
32 27
36 35
34 27
39 31
35 25
41 29
37 23
48 32
39 22
53 28
41 20
51 24
42 18
46 17
42 16
58 16
43 13
47 12
100
8 -28
5 -29
10 -31
8 -33
4 -33
9 -36
3 -36
2 -37
5 -40
0 -39
-2 -39
-3 -39
5 -49
4 -50
-2 -46
-1 -51
0 -55
-2 -56
-9 -45
-10 -47
-11 -48
-13 -43
-11 -59
-13 -59
-15 -53
-17 -59
-18 -49
-19 -45
-20 -45
-25 -59
-25 -54
-28 -56
-27 -50
-32 -56
-26 -42
-28 -43
-28 -41
-40 -52
-41 -51
-37 -45
-40 -44
-43 -45
-32 -36
-36 -37
-37 -36
-46 -38
-48 -36
-40 -32
-36 -30
-32 -29
-49 -28
-46 -26
-40 -25
-33 -25
-48 -20
-34 -22
-39 -19
-32 -21
-30 -21
-31 -19
-29 -19
-42 -7
-32 -14
-38 -6
-28 -14
-28 -13
-30 -8
-28 -9
-25 -12
-25 -8
-22 -12
-24 0
-23 4
-20 -8
-19 -2
-17 -8
-16 -12
-14 -7
-14 -12
-10 1
-11 -8
-6 -1
-6 -4
-5 -6
-4 -8
-4 -10
2 -5
-5 -15
2 -10
1 -13
9 -9
3 -15
5 -16
8 -16
3 -20
-3 -23
10 -21
7 -24
5 -25
12 -26
100
-28 21
-24 20
-30 19
-13 15
-14 13
-25 14
-16 9
-28 12
-31 13
-31 11
-33 12
-29 7
-35 11
-33 7
-31 3
-33 3
-32 -1
-33 -4
-38 5
-39 2
-36 -10
-39 -5
-40 -8
-42 -10
-44 -12
-46 -5
-47 1
-49 -2
-49 5
-54 -11
-53 0
-59 -11
-56 0
-54 6
-60 -1
-55 8
-68 -5
-60 6
-69 0
-72 -1
-65 7
-65 9
-72 7
-76 7
-65 14
-72 13
-62 17
-61 18
-66 18
-73 19
-68 21
-78 23
-78 25
-62 24
-75 28
-61 26
-70 31
-76 35
-73 36
-61 31
-73 40
-58 31
-58 32
-68 44
-58 36
-58 38
-59 41
-62 51
-53 36
-56 47
-53 43
-53 48
-51 47
-48 36
-47 36
-46 55
-44 46
-42 54
-42 45
-38 51
-40 41
-38 42
-36 43
-31 48
-30 46
-33 39
-35 35
-30 38
-23 43
-31 34
-18 41
-17 39
-33 28
-24 31
-29 28
-32 26
-21 27
-28 24
-25 24
-25 22
100
-9 28
7 25
-8 26
-6 23
-9 23
-7 22
-10 21
4 13
-10 19
2 9
-12 17
-4 10
-13 15
-12 13
-15 13
-14 10
-17 12
-13 1
-19 11
-19 9
-21 11
-18 -3
-24 10
-23 1
-26 9
-28 7
-28 9
-30 4
-31 9
-32 6
-33 10
-38 3
-35 11
-39 7
-37 13
-46 3
-38 14
-46 9
-41 15
-47 12
-42 17
-49 14
-43 19
-57 13
-45 21
-59 19
-44 24
-61 21
-45 26
-49 27
-46 28
-57 31
-46 30
-60 33
-44 32
-48 36
-44 35
-50 40
-43 37
-56 45
-42 39
-47 43
-41 41
-48 49
-38 42
-47 54
-37 44
-39 51
-35 45
-36 52
-33 46
-34 60
-31 47
-31 55
-28 46
-27 51
-26 47
-23 57
-24 46
-19 60
-21 45
-18 53
-19 45
-13 56
-17 43
-6 55
-16 42
-10 47
-13 41
-3 47
-12 39
-6 40
-11 37
-7 37
-9 35
-7 35
-10 32
-1 33
-8 30
-5 30
100
19 -28
21 -30
21 -32
3 -31
4 -32
3 -33
17 -40
12 -40
15 -43
16 -46
0 -37
3 -41
6 -46
8 -51
5 -50
3 -50
2 -52
0 -52
-4 -46
-1 -59
-6 -51
-5 -61
-8 -56
-10 -49
-11 -54
-13 -58
-15 -57
-16 -52
-18 -54
-20 -56
-19 -47
-24 -56
-26 -56
-26 -51
-25 -47
-27 -47
-30 -49
-34 -51
-30 -44
-32 -44
-41 -48
-27 -37
-35 -40
-32 -37
-42 -39
-44 -38
-34 -33
-36 -32
-38 -31
-33 -29
-46 -28
-30 -27
-45 -24
-41 -23
-33 -23
-35 -21
-44 -16
-27 -21
-42 -12
-36 -14
-35 -12
-26 -17
-25 -16
-35 -5
-31 -6
-25 -12
-26 -8
-21 -14
-20 -14
-23 -4
-20 -6
-17 -13
-16 -12
-17 1
-15 -3
-13 -3
-11 -4
-10 -2
-8 0
-6 1
-3 3
-5 -8
-6 -13
0 -4
4 -1
6 -1
2 -10
10 -4
11 -5
8 -11
15 -8
1 -19
2 -20
8 -18
11 -18
5 -22
20 -20
9 -24
9 -25
14 -26
100
-19 -6
-14 -8
-18 -8
-9 -12
-20 -10
-8 -14
-19 -13
-18 -15
-20 -15
-12 -21
-22 -17
-17 -23
-23 -19
-13 -30
-25 -21
-20 -31
-27 -21
-23 -31
-29 -23
-28 -27
-31 -23
-32 -27
-34 -24
-35 -31
-36 -24
-37 -29
-38 -25
-39 -27
-40 -24
-42 -28
-43 -24
-45 -26
-45 -23
-50 -29
-47 -21
-53 -26
-48 -20
-58 -28
-50 -18
-63 -29
-52 -17
-67 -24
-54 -15
-68 -22
-54 -13
-62 -13
-54 -10
-61 -10
-55 -8
-68 -9
-55 -6
-72 -2
-55 -4
-66 1
-54 -2
-67 4
-55 1
-66 6
-53 3
-64 12
-52 5
-56 9
-51 7
-61 17
-48 8
-50 13
-47 10
-51 21
-45 11
-46 21
-43 12
-45 27
-41 13
-41 27
-38 12
-36 22
-36 13
-35 18
-33 13
-32 17
-31 11
-24 24
-29 11
-26 16
-27 10
-23 16
-26 8
-19 14
-24 6
-21 7
-22 5
-10 10
-21 3
-9 7
-20 1
-8 2
-20 -2
-7 1
-19 -4
-14 -4
100
8 9
19 7
8 7
12 4
7 5
20 0
8 2
14 -3
6 0
13 -5
5 -2
6 -5
4 -4
11 -15
2 -6
9 -19
0 -7
4 -14
-2 -7
3 -19
-4 -9
-1 -24
-6 -10
-4 -24
-9 -10
-11 -25
-11 -9
-14 -19
-14 -10
-20 -24
-16 -8
-20 -14
-18 -8
-23 -14
-20 -7
-27 -16
-21 -5
-33 -15
-23 -3
-35 -11
-25 -2
-36 -8
-27 0
-32 -1
-28 2
-33 0
-28 4
-34 3
-29 7
-38 6
-28 9
-41 10
-28 11
-38 14
-27 13
-34 17
-27 16
-38 23
-27 18
-34 23
-25 20
-30 26
-24 22
-33 35
-22 24
-28 37
-20 25
-26 36
-18 25
-23 39
-16 27
-17 38
-13 27
-14 35
-11 27
-11 39
-9 27
-7 41
-6 28
-4 30
-4 27
-1 34
-2 26
3 33
0 24
5 29
2 24
13 36
4 22
15 30
5 20
8 21
6 18
9 17
7 16
15 19
7 13
22 16
9 11
18 10
100
59 32
67 30
59 30
71 26
59 27
72 23
58 25
68 20
57 23
61 19
56 21
61 16
54 20
65 7
52 18
56 10
51 17
52 12
49 15
52 4
47 14
48 9
44 14
45 5
42 14
42 6
40 13
39 5
37 13
36 12
35 14
32 6
33 15
29 10
31 17
23 5
29 17
21 12
28 20
24 17
26 21
20 19
24 23
19 22
24 25
9 21
23 27
12 26
22 30
11 31
22 32
13 33
22 34
13 36
24 36
11 42
24 39
10 48
24 41
21 45
26 43
24 46
27 45
19 55
29 47
23 57
31 47
28 56
33 48
28 64
35 49
32 65
38 50
38 59
40 50
41 63
42 51
45 60
44 50
48 58
47 49
52 61
49 48
58 63
51 47
55 53
52 46
65 56
54 44
59 46
56 43
66 47
58 41
69 46
58 39
61 39
58 36
74 39
60 34
75 33
100
-13 32
-15 30
-24 29
-24 28
-21 26
-20 24
-20 22
-32 25
-16 16
-21 16
-23 15
-23 13
-27 14
-29 14
-36 20
-31 12
-36 16
-38 17
-39 17
-38 11
-36 3
-41 13
-41 7
-44 13
-45 13
-46 -1
-47 10
-49 7
-51 5
-52 9
-57 0
-54 11
-59 4
-58 10
-59 12
-61 12
-61 14
-67 10
-68 11
-64 17
-62 20
-65 20
-69 19
-72 20
-78 19
-70 24
-76 24
-68 28
-69 29
-75 30
-78 32
-72 34
-66 35
-73 37
-71 38
-77 42
-71 42
-64 41
-68 44
-70 47
-61 43
-60 43
-70 55
-59 46
-64 54
-58 49
-64 60
-53 45
-52 46
-56 57
-51 48
-50 47
-49 49
-49 55
-47 51
-46 49
-44 60
-43 54
-40 65
-39 60
-36 63
-37 55
-36 54
-32 57
-35 49
-34 48
-32 49
-36 43
-28 49
-21 52
-25 47
-25 45
-29 41
-32 39
-27 39
-22 40
-15 40
-24 36
-13 36
-27 33
100
1 29
-11 28
-11 26
-10 25
-8 23
-16 23
-12 21
-5 16
-18 21
-14 17
-16 17
-16 15
-18 15
-17 12
-16 9
-16 6
-19 7
-20 5
-22 5
-27 14
-26 6
-26 3
-29 5
-30 2
-31 1
-33 -3
-34 6
-37 1
-37 8
-38 9
-41 3
-43 5
-44 5
-44 9
-49 4
-44 14
-52 6
-48 13
-50 13
-56 10
-48 18
-53 16
-49 20
-62 15
-60 18
-50 23
-48 25
-48 26
-49 27
-58 27
-48 29
-49 30
-53 32
-61 34
-54 34
-61 38
-47 35
-50 37
-55 41
-49 39
-50 41
-52 45
-48 43
-44 41
-43 41
-45 45
-50 56
-40 42
-47 59
-43 53
-39 46
-39 52
-37 52
-35 45
-35 55
-33 51
-31 63
-29 59
-29 51
-27 51
-25 53
-26 46
-21 54
-24 45
-16 55
-24 42
-18 47
-15 49
-10 51
-15 44
-21 38
-9 44
-5 44
-2 43
-5 40
-10 36
-5 36
-8 34
1 33
1 31
100
13 14
9 12
1 12
7 10
1 10
16 3
4 6
3 5
9 0
5 1
-1 3
10 -8
-1 0
-1 -2
3 -9
2 -11
-3 -6
-3 -10
-6 -7
-5 -15
-11 0
-10 -8
-10 -19
-13 -10
-14 -15
-16 -17
-17 -7
-18 -2
-21 -11
-22 -8
-24 -10
-27 -14
-28 -11
-23 1
-29 -7
-25 2
-32 -5
-30 -1
-37 -6
-40 -6
-35 0
-30 5
-43 -1
-33 6
-46 2
-38 7
-32 10
-42 9
-44 10
-43 12
-45 14
-33 15
-36 17
-37 18
-41 20
-36 20
-37 22
-44 27
-34 24
-33 25
-35 28
-31 27
-31 28
-26 25
-31 32
-32 36
-28 33
-32 44
-27 38
-23 32
-25 41
-24 46
-22 45
-20 46
-18 43
-16 41
-14 43
-12 42
-11 42
-12 30
-6 44
-8 34
-7 33
-3 37
-4 33
-2 33
2 36
-5 26
9 37
9 34
11 33
4 27
2 24
15 28
4 22
7 21
10 21
17 20
14 18
7 15
100
-28 30
-12 27
-29 28
-22 26
-30 26
-20 20
-29 23
-28 21
-31 21
-29 18
-32 19
-20 9
-33 17
-23 6
-35 15
-26 3
-37 14
-32 1
-39 14
-34 2
-41 12
-40 3
-44 12
-44 -2
-46 12
-46 6
-48 11
-51 7
-50 12
-55 -4
-53 13
-57 4
-55 13
-60 6
-57 14
-66 4
-59 15
-70 6
-61 17
-69 11
-62 19
-70 17
-64 21
-78 14
-65 23
-78 19
-65 25
-72 24
-66 28
-73 27
-65 30
-75 32
-65 32
-77 35
-65 35
-77 41
-64 37
-76 42
-63 39
-65 42
-62 41
-64 45
-61 43
-64 48
-58 44
-60 47
-57 45
-57 49
-55 46
-60 61
-53 48
-55 64
-50 48
-50 60
-48 48
-47 61
-46 48
-44 52
-44 48
-42 50
-41 47
-40 50
-39 47
-35 51
-37 45
-34 49
-36 44
-27 50
-34 42
-28 47
-32 41
-22 45
-31 39
-27 40
-30 37
-23 37
-29 35
-21 34
-29 32
-18 33
100
44 -31
40 -33
45 -35
33 -35
38 -38
43 -41
35 -40
40 -44
28 -40
28 -41
39 -50
37 -51
35 -53
31 -51
29 -52
26 -50
29 -57
20 -46
21 -51
24 -61
22 -60
16 -48
16 -50
16 -64
13 -54
12 -53
10 -64
10 -50
7 -58
5 -57
3 -59
4 -51
5 -46
-4 -61
3 -45
-2 -50
-3 -49
-4 -48
-11 -53
-3 -43
-4 -43
-11 -45
-4 -40
-16 -44
-12 -41
-18 -41
-9 -36
-4 -34
-18 -35
-17 -33
-22 -31
-3 -30
-14 -28
-18 -25
-18 -23
-8 -25
-8 -23
-7 -22
-8 -20
-2 -22
-15 -12
-2 -20
0 -20
-5 -13
-4 -12
3 -18
-6 -3
2 -13
-2 -1
5 -13
4 -7
4 0
8 -11
9 -8
10 -3
12 -4
14 2
16 2
16 -12
20 0
22 -1
23 -4
22 -10
21 -15
29 -4
25 -13
34 -5
35 -7
27 -17
31 -15
36 -13
26 -22
29 -22
30 -22
40 -20
42 -21
31 -26
39 -26
32 -28
29 -30
100
21 16
35 13
21 14
29 11
21 11
35 7
21 9
31 4
20 7
23 3
18 5
28 -6
17 3
22 -3
15 1
18 -4
13 1
16 -11
11 -1
13 -9
9 -1
8 -9
6 -2
6 -10
4 -2
4 -17
2 -2
1 -8
-1 -3
-4 -6
-3 -1
-7 -10
-5 0
-13 -15
-7 1
-12 -4
-8 2
-18 -8
-10 4
-19 -2
-12 5
-23 -2
-13 7
-25 2
-15 9
-20 7
-15 11
-26 10
-15 14
-20 14
-16 16
-22 18
-15 18
-25 21
-14 20
-24 26
-15 23
-17 26
-14 25
-19 29
-12 27
-13 30
-10 28
-15 37
-8 30
-14 39
-7 31
-10 42
-5 32
-8 47
-3 33
-3 41
-1 35
-1 49
2 35
2 42
4 34
8 51
7 35
12 46
9 34
10 36
11 33
15 35
13 32
16 35
15 31
19 34
17 29
25 32
18 27
25 31
20 25
27 28
20 23
32 24
20 20
34 22
21 18
27 18
100
14 -15
13 -17
10 -18
2 -18
11 -21
5 -21
14 -26
12 -27
0 -22
11 -31
12 -33
12 -36
4 -31
6 -35
0 -31
6 -41
-3 -31
0 -38
-5 -32
-1 -45
-3 -45
-9 -32
-8 -40
-9 -48
-11 -41
-13 -33
-15 -40
-17 -44
-16 -32
-19 -38
-20 -38
-19 -29
-22 -33
-24 -35
-21 -28
-24 -30
-31 -37
-36 -39
-29 -30
-35 -33
-39 -34
-42 -33
-38 -28
-32 -24
-33 -23
-31 -21
-28 -19
-31 -18
-39 -18
-29 -16
-35 -15
-45 -13
-36 -12
-45 -9
-46 -7
-29 -10
-40 -4
-35 -5
-26 -8
-33 -2
-30 -3
-31 0
-29 0
-29 2
-28 3
-29 8
-27 8
-25 7
-22 4
-21 5
-18 -1
-19 10
-19 16
-17 14
-15 13
-13 5
-12 3
-11 3
-7 14
-8 3
-7 3
-3 10
1 15
2 13
-3 1
-2 0
9 11
6 5
9 6
3 -2
8 0
11 0
10 -2
9 -5
18 -3
4 -9
20 -7
6 -11
14 -12
7 -14
100
-30 4
-25 3
-31 2
-29 -1
-31 -1
-18 -5
-32 -3
-18 -10
-33 -5
-26 -10
-34 -7
-23 -17
-35 -9
-31 -14
-37 -11
-35 -15
-39 -11
-35 -21
-41 -12
-40 -18
-43 -14
-41 -24
-45 -15
-44 -28
-48 -15
-50 -23
-50 -14
-54 -28
-53 -15
-54 -18
-55 -13
-58 -16
-57 -12
-62 -22
-59 -12
-64 -17
-61 -11
-68 -16
-63 -9
-76 -17
-64 -7
-72 -11
-66 -5
-70 -7
-66 -3
-79 -5
-66 0
-74 0
-67 2
-73 4
-67 4
-74 5
-67 6
-78 9
-66 8
-70 11
-67 11
-74 16
-66 13
-77 22
-64 15
-76 25
-63 17
-66 22
-61 19
-69 33
-59 19
-60 22
-57 20
-57 26
-55 22
-55 27
-53 23
-54 38
-50 22
-48 34
-48 23
-44 34
-46 22
-42 34
-43 22
-38 33
-41 21
-35 32
-39 20
-32 28
-37 19
-26 27
-36 16
-26 24
-34 15
-26 20
-33 13
-29 14
-31 11
-20 15
-32 8
-15 11
-30 6
-23 4
0
