1000 3957 100
0 0
1000 0
1000 1000
300 300
700 300
300 700
700 700
550 700
500 700
350 300
200 11
100 12
200 13
100 14
200 15
100 16
200 17
100 18
200 19
100 20
200 21
100 22
200 23
100 24
200 25
100 26
200 27
100 28
200 29
100 30
200 31
100 32
200 33
100 34
200 35
100 36
200 37
100 38
200 39
100 40
200 41
100 42
200 43
100 44
200 45
100 46
200 47
100 48
200 49
100 50
200 51
100 52
200 53
100 54
200 55
100 56
200 57
100 58
200 59
100 60
200 61
100 62
200 63
100 64
200 65
100 66
200 67
100 68
200 69
100 70
200 71
100 72
200 73
100 74
200 75
100 76
200 77
100 78
200 79
100 80
200 81
100 82
200 83
100 84
200 85
100 86
200 87
100 88
200 89
100 90
200 91
100 92
200 93
100 94
200 95
100 96
200 97
100 98
200 99
100 100
200 101
100 102
200 103
100 104
200 105
100 106
200 107
100 108
200 109
100 110
200 111
100 112
200 113
100 114
200 115
100 116
200 117
100 118
200 119
100 120
200 121
100 122
200 123
100 124
200 125
100 126
200 127
100 128
200 129
100 130
200 131
100 132
200 133
100 134
200 135
100 136
200 137
100 138
200 139
100 140
200 141
100 142
200 143
100 144
200 145
100 146
200 147
100 148
200 149
100 150
200 151
100 152
200 153
100 154
200 155
100 156
200 157
100 158
200 159
100 160
200 161
100 162
200 163
100 164
200 165
100 166
200 167
100 168
200 169
100 170
200 171
100 172
200 173
100 174
200 175
100 176
200 177
100 178
200 179
100 180
200 181
100 182
200 183
100 184
200 185
100 186
200 187
100 188
200 189
100 190
200 191
100 192
200 193
100 194
200 195
100 196
200 197
100 198
200 199
100 200
200 201
100 202
200 203
100 204
200 205
100 206
200 207
100 208
200 209
100 210
200 211
100 212
200 213
100 214
200 215
100 216
200 217
100 218
200 219
100 220
200 221
100 222
200 223
100 224
200 225
100 226
200 227
100 228
200 229
100 230
200 231
100 232
200 233
100 234
200 235
100 236
200 237
100 238
200 239
100 240
200 241
100 242
200 243
100 244
200 245
100 246
200 247
100 248
200 249
100 250
200 251
100 252
200 253
100 254
200 255
100 256
200 257
100 258
200 259
100 260
200 261
100 262
200 263
100 264
200 265
100 266
200 267
100 268
200 269
100 270
200 271
100 272
200 273
100 274
200 275
100 276
200 277
100 278
200 279
100 280
200 281
100 282
200 283
100 284
200 285
100 286
200 287
100 288
200 289
100 290
200 291
100 292
200 293
100 294
200 295
100 296
200 297
100 298
200 299
100 300
200 301
100 302
200 303
100 304
200 305
100 306
200 307
100 308
200 309
100 310
200 311
100 312
200 313
100 314
200 315
100 316
200 317
100 318
200 319
100 320
200 321
100 322
200 323
100 324
200 325
100 326
200 327
100 328
200 329
100 330
200 331
100 332
200 333
100 334
200 335
100 336
200 337
100 338
200 339
100 340
200 341
100 342
200 343
100 344
200 345
100 346
200 347
100 348
200 349
100 350
200 351
100 352
200 353
100 354
200 355
100 356
200 357
100 358
200 359
100 360
200 361
100 362
200 363
100 364
200 365
100 366
200 367
100 368
200 369
100 370
200 371
100 372
200 373
100 374
200 375
100 376
200 377
100 378
200 379
100 380
200 381
100 382
200 383
100 384
200 385
100 386
200 387
100 388
200 389
100 390
200 391
100 392
200 393
100 394
200 395
100 396
200 397
100 398
200 399
100 400
200 401
100 402
200 403
100 404
200 405
100 406
200 407
100 408
200 409
100 410
200 411
100 412
200 413
100 414
200 415
100 416
200 417
100 418
200 419
100 420
200 421
100 422
200 423
100 424
200 425
100 426
200 427
100 428
200 429
100 430
200 431
100 432
200 433
100 434
200 435
100 436
200 437
100 438
200 439
100 440
200 441
100 442
200 443
100 444
200 445
100 446
200 447
100 448
200 449
100 450
200 451
100 452
200 453
100 454
200 455
100 456
200 457
100 458
200 459
100 460
200 461
100 462
200 463
100 464
200 465
100 466
200 467
100 468
200 469
100 470
200 471
100 472
200 473
100 474
200 475
100 476
200 477
100 478
200 479
100 480
200 481
100 482
200 483
100 484
200 485
100 486
200 487
100 488
200 489
100 490
200 491
100 492
200 493
100 494
200 495
100 496
200 497
100 498
200 499
100 500
200 501
100 502
200 503
100 504
200 505
100 506
200 507
100 508
200 509
100 510
200 511
100 512
200 513
100 514
200 515
100 516
200 517
100 518
200 519
100 520
200 521
100 522
200 523
100 524
200 525
100 526
200 527
100 528
200 529
100 530
200 531
100 532
200 533
100 534
200 535
100 536
200 537
100 538
200 539
100 540
200 541
100 542
200 543
100 544
200 545
100 546
200 547
100 548
200 549
100 550
200 551
100 552
200 553
100 554
200 555
100 556
200 557
100 558
200 559
100 560
200 561
100 562
200 563
100 564
200 565
100 566
200 567
100 568
200 569
100 570
200 571
100 572
200 573
100 574
200 575
100 576
200 577
100 578
200 579
100 580
200 581
100 582
200 583
100 584
200 585
100 586
200 587
100 588
200 589
100 590
200 591
100 592
200 593
100 594
200 595
100 596
200 597
100 598
200 599
100 600
200 601
100 602
200 603
100 604
200 605
100 606
200 607
100 608
200 609
100 610
200 611
100 612
200 613
100 614
200 615
100 616
200 617
100 618
200 619
100 620
200 621
100 622
200 623
100 624
200 625
100 626
200 627
100 628
200 629
100 630
200 631
100 632
200 633
100 634
200 635
100 636
200 637
100 638
200 639
100 640
200 641
100 642
200 643
100 644
200 645
100 646
200 647
100 648
200 649
100 650
200 651
100 652
200 653
100 654
200 655
100 656
200 657
100 658
200 659
100 660
200 661
100 662
200 663
100 664
200 665
100 666
200 667
100 668
200 669
100 670
200 671
100 672
200 673
100 674
200 675
100 676
200 677
100 678
200 679
100 680
200 681
100 682
200 683
100 684
200 685
100 686
200 687
100 688
200 689
100 690
200 691
100 692
200 693
100 694
200 695
100 696
200 697
100 698
200 699
100 700
200 701
100 702
200 703
100 704
200 705
100 706
200 707
100 708
200 709
100 710
200 711
100 712
200 713
100 714
200 715
100 716
200 717
100 718
200 719
100 720
200 721
100 722
200 723
100 724
200 725
100 726
200 727
100 728
200 729
100 730
200 731
100 732
200 733
100 734
200 735
100 736
200 737
100 738
200 739
100 740
200 741
100 742
200 743
100 744
200 745
100 746
200 747
100 748
200 749
100 750
200 751
100 752
200 753
100 754
200 755
100 756
200 757
100 758
200 759
100 760
200 761
100 762
200 763
100 764
200 765
100 766
200 767
100 768
200 769
100 770
200 771
100 772
200 773
100 774
200 775
100 776
200 777
100 778
200 779
100 780
200 781
100 782
200 783
100 784
200 785
100 786
200 787
100 788
200 789
100 790
200 791
100 792
200 793
100 794
200 795
100 796
200 797
100 798
200 799
100 800
200 801
100 802
200 803
100 804
200 805
100 806
200 807
100 808
200 809
100 810
200 811
100 812
200 813
100 814
200 815
100 816
200 817
100 818
200 819
100 820
200 821
100 822
200 823
100 824
200 825
100 826
200 827
100 828
200 829
100 830
200 831
100 832
200 833
100 834
200 835
100 836
200 837
100 838
200 839
100 840
200 841
100 842
200 843
100 844
200 845
100 846
200 847
100 848
200 849
100 850
200 851
100 852
200 853
100 854
200 855
100 856
200 857
100 858
200 859
100 860
200 861
100 862
200 863
100 864
200 865
100 866
200 867
100 868
200 869
100 870
200 871
100 872
200 873
100 874
200 875
100 876
200 877
100 878
200 879
100 880
200 881
100 882
200 883
100 884
200 885
100 886
200 887
100 888
200 889
100 890
200 891
100 892
200 893
100 894
200 895
100 896
200 897
100 898
200 899
100 900
200 901
100 902
200 903
100 904
200 905
100 906
200 907
100 908
200 909
100 910
200 911
100 912
200 913
100 914
200 915
100 916
200 917
100 918
200 919
100 920
200 921
100 922
200 923
100 924
200 925
100 926
200 927
100 928
200 929
100 930
200 931
100 932
200 933
100 934
200 935
100 936
200 937
100 938
200 939
100 940
200 941
100 942
200 943
100 944
200 945
100 946
200 947
100 948
200 949
100 950
200 951
100 952
200 953
100 954
200 955
100 956
200 957
100 958
200 959
100 960
200 961
100 962
200 963
100 964
200 965
100 966
200 967
100 968
200 969
100 970
200 971
100 972
200 973
100 974
200 975
100 976
200 977
100 978
200 979
100 980
200 981
100 982
200 983
100 984
200 985
100 986
200 987
100 988
200 989
100 990
200 991
100 992
200 993
100 994
200 995
100 996
200 997
100 998
200 999
100 1000
1 4
2 5
4 6
5 7
6 3
6 9
7 8
4 9
8 3
5 8
7 3
7 11
5 10
4 11
4 12
4 13
11 12
12 13
13 14
14 15
15 16
16 17
17 18
18 19
19 20
20 21
21 22
22 23
23 24
24 25
25 26
26 27
27 28
28 29
29 30
30 31
31 32
32 33
33 34
34 35
35 36
36 37
37 38
38 39
39 40
40 41
41 42
42 43
43 44
44 45
45 46
46 47
47 48
48 49
49 50
50 51
51 52
52 53
53 54
54 55
55 56
56 57
57 58
58 59
59 60
60 61
61 62
62 63
63 64
64 65
65 66
66 67
67 68
68 69
69 70
70 71
71 72
72 73
73 74
74 75
75 76
76 77
77 78
78 79
79 80
80 81
81 82
82 83
83 84
84 85
85 86
86 87
87 88
88 89
89 90
90 91
91 92
92 93
93 94
94 95
95 96
96 97
97 98
98 99
99 100
100 101
101 102
102 103
103 104
104 105
105 106
106 107
107 108
108 109
109 110
110 111
111 112
112 113
113 114
114 115
115 116
116 117
117 118
118 119
119 120
120 121
121 122
122 123
123 124
124 125
125 126
126 127
127 128
128 129
129 130
130 131
131 132
132 133
133 134
134 135
135 136
136 137
137 138
138 139
139 140
140 141
141 142
142 143
143 144
144 145
145 146
146 147
147 148
148 149
149 150
150 151
151 152
152 153
153 154
154 155
155 156
156 157
157 158
158 159
159 160
160 161
161 162
162 163
163 164
164 165
165 166
166 167
167 168
168 169
169 170
170 171
171 172
172 173
173 174
174 175
175 176
176 177
177 178
178 179
179 180
180 181
181 182
182 183
183 184
184 185
185 186
186 187
187 188
188 189
189 190
190 191
191 192
192 193
193 194
194 195
195 196
196 197
197 198
198 199
199 200
200 201
201 202
202 203
203 204
204 205
205 206
206 207
207 208
208 209
209 210
210 211
211 212
212 213
213 214
214 215
215 216
216 217
217 218
218 219
219 220
220 221
221 222
222 223
223 224
224 225
225 226
226 227
227 228
228 229
229 230
230 231
231 232
232 233
233 234
234 235
235 236
236 237
237 238
238 239
239 240
240 241
241 242
242 243
243 244
244 245
245 246
246 247
247 248
248 249
249 250
250 251
251 252
252 253
253 254
254 255
255 256
256 257
257 258
258 259
259 260
260 261
261 262
262 263
263 264
264 265
265 266
266 267
267 268
268 269
269 270
270 271
271 272
272 273
273 274
274 275
275 276
276 277
277 278
278 279
279 280
280 281
281 282
282 283
283 284
284 285
285 286
286 287
287 288
288 289
289 290
290 291
291 292
292 293
293 294
294 295
295 296
296 297
297 298
298 299
299 300
300 301
301 302
302 303
303 304
304 305
305 306
306 307
307 308
308 309
309 310
310 311
311 312
312 313
313 314
314 315
315 316
316 317
317 318
318 319
319 320
320 321
321 322
322 323
323 324
324 325
325 326
326 327
327 328
328 329
329 330
330 331
331 332
332 333
333 334
334 335
335 336
336 337
337 338
338 339
339 340
340 341
341 342
342 343
343 344
344 345
345 346
346 347
347 348
348 349
349 350
350 351
351 352
352 353
353 354
354 355
355 356
356 357
357 358
358 359
359 360
360 361
361 362
362 363
363 364
364 365
365 366
366 367
367 368
368 369
369 370
370 371
371 372
372 373
373 374
374 375
375 376
376 377
377 378
378 379
379 380
380 381
381 382
382 383
383 384
384 385
385 386
386 387
387 388
388 389
389 390
390 391
391 392
392 393
393 394
394 395
395 396
396 397
397 398
398 399
399 400
400 401
401 402
402 403
403 404
404 405
405 406
406 407
407 408
408 409
409 410
410 411
411 412
412 413
413 414
414 415
415 416
416 417
417 418
418 419
419 420
420 421
421 422
422 423
423 424
424 425
425 426
426 427
427 428
428 429
429 430
430 431
431 432
432 433
433 434
434 435
435 436
436 437
437 438
438 439
439 440
440 441
441 442
442 443
443 444
444 445
445 446
446 447
447 448
448 449
449 450
450 451
451 452
452 453
453 454
454 455
455 456
456 457
457 458
458 459
459 460
460 461
461 462
462 463
463 464
464 465
465 466
466 467
467 468
468 469
469 470
470 471
471 472
472 473
473 474
474 475
475 476
476 477
477 478
478 479
479 480
480 481
481 482
482 483
483 484
484 485
485 486
486 487
487 488
488 489
489 490
490 491
491 492
492 493
493 494
494 495
495 496
496 497
497 498
498 499
499 500
500 501
501 502
502 503
503 504
504 505
505 506
506 507
507 508
508 509
509 510
510 511
511 512
512 513
513 514
514 515
515 516
516 517
517 518
518 519
519 520
520 521
521 522
522 523
523 524
524 525
525 526
526 527
527 528
528 529
529 530
530 531
531 532
532 533
533 534
534 535
535 536
536 537
537 538
538 539
539 540
540 541
541 542
542 543
543 544
544 545
545 546
546 547
547 548
548 549
549 550
550 551
551 552
552 553
553 554
554 555
555 556
556 557
557 558
558 559
559 560
560 561
561 562
562 563
563 564
564 565
565 566
566 567
567 568
568 569
569 570
570 571
571 572
572 573
573 574
574 575
575 576
576 577
577 578
578 579
579 580
580 581
581 582
582 583
583 584
584 585
585 586
586 587
587 588
588 589
589 590
590 591
591 592
592 593
593 594
594 595
595 596
596 597
597 598
598 599
599 600
600 601
601 602
602 603
603 604
604 605
605 606
606 607
607 608
608 609
609 610
610 611
611 612
612 613
613 614
614 615
615 616
616 617
617 618
618 619
619 620
620 621
621 622
622 623
623 624
624 625
625 626
626 627
627 628
628 629
629 630
630 631
631 632
632 633
633 634
634 635
635 636
636 637
637 638
638 639
639 640
640 641
641 642
642 643
643 644
644 645
645 646
646 647
647 648
648 649
649 650
650 651
651 652
652 653
653 654
654 655
655 656
656 657
657 658
658 659
659 660
660 661
661 662
662 663
663 664
664 665
665 666
666 667
667 668
668 669
669 670
670 671
671 672
672 673
673 674
674 675
675 676
676 677
677 678
678 679
679 680
680 681
681 682
682 683
683 684
684 685
685 686
686 687
687 688
688 689
689 690
690 691
691 692
692 693
693 694
694 695
695 696
696 697
697 698
698 699
699 700
700 701
701 702
702 703
703 704
704 705
705 706
706 707
707 708
708 709
709 710
710 711
711 712
712 713
713 714
714 715
715 716
716 717
717 718
718 719
719 720
720 721
721 722
722 723
723 724
724 725
725 726
726 727
727 728
728 729
729 730
730 731
731 732
732 733
733 734
734 735
735 736
736 737
737 738
738 739
739 740
740 741
741 742
742 743
743 744
744 745
745 746
746 747
747 748
748 749
749 750
750 751
751 752
752 753
753 754
754 755
755 756
756 757
757 758
758 759
759 760
760 761
761 762
762 763
763 764
764 765
765 766
766 767
767 768
768 769
769 770
770 771
771 772
772 773
773 774
774 775
775 776
776 777
777 778
778 779
779 780
780 781
781 782
782 783
783 784
784 785
785 786
786 787
787 788
788 789
789 790
790 791
791 792
792 793
793 794
794 795
795 796
796 797
797 798
798 799
799 800
800 801
801 802
802 803
803 804
804 805
805 806
806 807
807 808
808 809
809 810
810 811
811 812
812 813
813 814
814 815
815 816
816 817
817 818
818 819
819 820
820 821
821 822
822 823
823 824
824 825
825 826
826 827
827 828
828 829
829 830
830 831
831 832
832 833
833 834
834 835
835 836
836 837
837 838
838 839
839 840
840 841
841 842
842 843
843 844
844 845
845 846
846 847
847 848
848 849
849 850
850 851
851 852
852 853
853 854
854 855
855 856
856 857
857 858
858 859
859 860
860 861
861 862
862 863
863 864
864 865
865 866
866 867
867 868
868 869
869 870
870 871
871 872
872 873
873 874
874 875
875 876
876 877
877 878
878 879
879 880
880 881
881 882
882 883
883 884
884 885
885 886
886 887
887 888
888 889
889 890
890 891
891 892
892 893
893 894
894 895
895 896
896 897
897 898
898 899
899 900
900 901
901 902
902 903
903 904
904 905
905 906
906 907
907 908
908 909
909 910
910 911
911 912
912 913
913 914
914 915
915 916
916 917
917 918
918 919
919 920
920 921
921 922
922 923
923 924
924 925
925 926
926 927
927 928
928 929
929 930
930 931
931 932
932 933
933 934
934 935
935 936
936 937
937 938
938 939
939 940
940 941
941 942
942 943
943 944
944 945
945 946
946 947
947 948
948 949
949 950
950 951
951 952
952 953
953 954
954 955
955 956
956 957
957 958
958 959
959 960
960 961
961 962
962 963
963 964
964 965
965 966
966 967
967 968
968 969
969 970
970 971
971 972
972 973
973 974
974 975
975 976
976 977
977 978
978 979
979 980
980 981
981 982
982 983
983 984
984 985
985 986
986 987
987 988
988 989
989 990
990 991
991 992
992 993
993 994
994 995
995 996
996 997
997 998
998 999
999 1000
11 14
12 15
13 16
14 17
15 18
16 19
17 20
18 21
19 22
20 23
21 24
22 25
23 26
24 27
25 28
26 29
27 30
28 31
29 32
30 33
31 34
32 35
33 36
34 37
35 38
36 39
37 40
38 41
39 42
40 43
41 44
42 45
43 46
44 47
45 48
46 49
47 50
48 51
49 52
50 53
51 54
52 55
53 56
54 57
55 58
56 59
57 60
58 61
59 62
60 63
61 64
62 65
63 66
64 67
65 68
66 69
67 70
68 71
69 72
70 73
71 74
72 75
73 76
74 77
75 78
76 79
77 80
78 81
79 82
80 83
81 84
82 85
83 86
84 87
85 88
86 89
87 90
88 91
89 92
90 93
91 94
92 95
93 96
94 97
95 98
96 99
97 100
98 101
99 102
100 103
101 104
102 105
103 106
104 107
105 108
106 109
107 110
108 111
109 112
110 113
111 114
112 115
113 116
114 117
115 118
116 119
117 120
118 121
119 122
120 123
121 124
122 125
123 126
124 127
125 128
126 129
127 130
128 131
129 132
130 133
131 134
132 135
133 136
134 137
135 138
136 139
137 140
138 141
139 142
140 143
141 144
142 145
143 146
144 147
145 148
146 149
147 150
148 151
149 152
150 153
151 154
152 155
153 156
154 157
155 158
156 159
157 160
158 161
159 162
160 163
161 164
162 165
163 166
164 167
165 168
166 169
167 170
168 171
169 172
170 173
171 174
172 175
173 176
174 177
175 178
176 179
177 180
178 181
179 182
180 183
181 184
182 185
183 186
184 187
185 188
186 189
187 190
188 191
189 192
190 193
191 194
192 195
193 196
194 197
195 198
196 199
197 200
198 201
199 202
200 203
201 204
202 205
203 206
204 207
205 208
206 209
207 210
208 211
209 212
210 213
211 214
212 215
213 216
214 217
215 218
216 219
217 220
218 221
219 222
220 223
221 224
222 225
223 226
224 227
225 228
226 229
227 230
228 231
229 232
230 233
231 234
232 235
233 236
234 237
235 238
236 239
237 240
238 241
239 242
240 243
241 244
242 245
243 246
244 247
245 248
246 249
247 250
248 251
249 252
250 253
251 254
252 255
253 256
254 257
255 258
256 259
257 260
258 261
259 262
260 263
261 264
262 265
263 266
264 267
265 268
266 269
267 270
268 271
269 272
270 273
271 274
272 275
273 276
274 277
275 278
276 279
277 280
278 281
279 282
280 283
281 284
282 285
283 286
284 287
285 288
286 289
287 290
288 291
289 292
290 293
291 294
292 295
293 296
294 297
295 298
296 299
297 300
298 301
299 302
300 303
301 304
302 305
303 306
304 307
305 308
306 309
307 310
308 311
309 312
310 313
311 314
312 315
313 316
314 317
315 318
316 319
317 320
318 321
319 322
320 323
321 324
322 325
323 326
324 327
325 328
326 329
327 330
328 331
329 332
330 333
331 334
332 335
333 336
334 337
335 338
336 339
337 340
338 341
339 342
340 343
341 344
342 345
343 346
344 347
345 348
346 349
347 350
348 351
349 352
350 353
351 354
352 355
353 356
354 357
355 358
356 359
357 360
358 361
359 362
360 363
361 364
362 365
363 366
364 367
365 368
366 369
367 370
368 371
369 372
370 373
371 374
372 375
373 376
374 377
375 378
376 379
377 380
378 381
379 382
380 383
381 384
382 385
383 386
384 387
385 388
386 389
387 390
388 391
389 392
390 393
391 394
392 395
393 396
394 397
395 398
396 399
397 400
398 401
399 402
400 403
401 404
402 405
403 406
404 407
405 408
406 409
407 410
408 411
409 412
410 413
411 414
412 415
413 416
414 417
415 418
416 419
417 420
418 421
419 422
420 423
421 424
422 425
423 426
424 427
425 428
426 429
427 430
428 431
429 432
430 433
431 434
432 435
433 436
434 437
435 438
436 439
437 440
438 441
439 442
440 443
441 444
442 445
443 446
444 447
445 448
446 449
447 450
448 451
449 452
450 453
451 454
452 455
453 456
454 457
455 458
456 459
457 460
458 461
459 462
460 463
461 464
462 465
463 466
464 467
465 468
466 469
467 470
468 471
469 472
470 473
471 474
472 475
473 476
474 477
475 478
476 479
477 480
478 481
479 482
480 483
481 484
482 485
483 486
484 487
485 488
486 489
487 490
488 491
489 492
490 493
491 494
492 495
493 496
494 497
495 498
496 499
497 500
498 501
499 502
500 503
501 504
502 505
503 506
504 507
505 508
506 509
507 510
508 511
509 512
510 513
511 514
512 515
513 516
514 517
515 518
516 519
517 520
518 521
519 522
520 523
521 524
522 525
523 526
524 527
525 528
526 529
527 530
528 531
529 532
530 533
531 534
532 535
533 536
534 537
535 538
536 539
537 540
538 541
539 542
540 543
541 544
542 545
543 546
544 547
545 548
546 549
547 550
548 551
549 552
550 553
551 554
552 555
553 556
554 557
555 558
556 559
557 560
558 561
559 562
560 563
561 564
562 565
563 566
564 567
565 568
566 569
567 570
568 571
569 572
570 573
571 574
572 575
573 576
574 577
575 578
576 579
577 580
578 581
579 582
580 583
581 584
582 585
583 586
584 587
585 588
586 589
587 590
588 591
589 592
590 593
591 594
592 595
593 596
594 597
595 598
596 599
597 600
598 601
599 602
600 603
601 604
602 605
603 606
604 607
605 608
606 609
607 610
608 611
609 612
610 613
611 614
612 615
613 616
614 617
615 618
616 619
617 620
618 621
619 622
620 623
621 624
622 625
623 626
624 627
625 628
626 629
627 630
628 631
629 632
630 633
631 634
632 635
633 636
634 637
635 638
636 639
637 640
638 641
639 642
640 643
641 644
642 645
643 646
644 647
645 648
646 649
647 650
648 651
649 652
650 653
651 654
652 655
653 656
654 657
655 658
656 659
657 660
658 661
659 662
660 663
661 664
662 665
663 666
664 667
665 668
666 669
667 670
668 671
669 672
670 673
671 674
672 675
673 676
674 677
675 678
676 679
677 680
678 681
679 682
680 683
681 684
682 685
683 686
684 687
685 688
686 689
687 690
688 691
689 692
690 693
691 694
692 695
693 696
694 697
695 698
696 699
697 700
698 701
699 702
700 703
701 704
702 705
703 706
704 707
705 708
706 709
707 710
708 711
709 712
710 713
711 714
712 715
713 716
714 717
715 718
716 719
717 720
718 721
719 722
720 723
721 724
722 725
723 726
724 727
725 728
726 729
727 730
728 731
729 732
730 733
731 734
732 735
733 736
734 737
735 738
736 739
737 740
738 741
739 742
740 743
741 744
742 745
743 746
744 747
745 748
746 749
747 750
748 751
749 752
750 753
751 754
752 755
753 756
754 757
755 758
756 759
757 760
758 761
759 762
760 763
761 764
762 765
763 766
764 767
765 768
766 769
767 770
768 771
769 772
770 773
771 774
772 775
773 776
774 777
775 778
776 779
777 780
778 781
779 782
780 783
781 784
782 785
783 786
784 787
785 788
786 789
787 790
788 791
789 792
790 793
791 794
792 795
793 796
794 797
795 798
796 799
797 800
798 801
799 802
800 803
801 804
802 805
803 806
804 807
805 808
806 809
807 810
808 811
809 812
810 813
811 814
812 815
813 816
814 817
815 818
816 819
817 820
818 821
819 822
820 823
821 824
822 825
823 826
824 827
825 828
826 829
827 830
828 831
829 832
830 833
831 834
832 835
833 836
834 837
835 838
836 839
837 840
838 841
839 842
840 843
841 844
842 845
843 846
844 847
845 848
846 849
847 850
848 851
849 852
850 853
851 854
852 855
853 856
854 857
855 858
856 859
857 860
858 861
859 862
860 863
861 864
862 865
863 866
864 867
865 868
866 869
867 870
868 871
869 872
870 873
871 874
872 875
873 876
874 877
875 878
876 879
877 880
878 881
879 882
880 883
881 884
882 885
883 886
884 887
885 888
886 889
887 890
888 891
889 892
890 893
891 894
892 895
893 896
894 897
895 898
896 899
897 900
898 901
899 902
900 903
901 904
902 905
903 906
904 907
905 908
906 909
907 910
908 911
909 912
910 913
911 914
912 915
913 916
914 917
915 918
916 919
917 920
918 921
919 922
920 923
921 924
922 925
923 926
924 927
925 928
926 929
927 930
928 931
929 932
930 933
931 934
932 935
933 936
934 937
935 938
936 939
937 940
938 941
939 942
940 943
941 944
942 945
943 946
944 947
945 948
946 949
947 950
948 951
949 952
950 953
951 954
952 955
953 956
954 957
955 958
956 959
957 960
958 961
959 962
960 963
961 964
962 965
963 966
964 967
965 968
966 969
967 970
968 971
969 972
970 973
971 974
972 975
973 976
974 977
975 978
976 979
977 980
978 981
979 982
980 983
981 984
982 985
983 986
984 987
985 988
986 989
987 990
988 991
989 992
990 993
991 994
992 995
993 996
994 997
995 998
996 999
997 1000
11 16
12 17
13 18
14 19
15 20
16 21
17 22
18 23
19 24
20 25
21 26
22 27
23 28
24 29
25 30
26 31
27 32
28 33
29 34
30 35
31 36
32 37
33 38
34 39
35 40
36 41
37 42
38 43
39 44
40 45
41 46
42 47
43 48
44 49
45 50
46 51
47 52
48 53
49 54
50 55
51 56
52 57
53 58
54 59
55 60
56 61
57 62
58 63
59 64
60 65
61 66
62 67
63 68
64 69
65 70
66 71
67 72
68 73
69 74
70 75
71 76
72 77
73 78
74 79
75 80
76 81
77 82
78 83
79 84
80 85
81 86
82 87
83 88
84 89
85 90
86 91
87 92
88 93
89 94
90 95
91 96
92 97
93 98
94 99
95 100
96 101
97 102
98 103
99 104
100 105
101 106
102 107
103 108
104 109
105 110
106 111
107 112
108 113
109 114
110 115
111 116
112 117
113 118
114 119
115 120
116 121
117 122
118 123
119 124
120 125
121 126
122 127
123 128
124 129
125 130
126 131
127 132
128 133
129 134
130 135
131 136
132 137
133 138
134 139
135 140
136 141
137 142
138 143
139 144
140 145
141 146
142 147
143 148
144 149
145 150
146 151
147 152
148 153
149 154
150 155
151 156
152 157
153 158
154 159
155 160
156 161
157 162
158 163
159 164
160 165
161 166
162 167
163 168
164 169
165 170
166 171
167 172
168 173
169 174
170 175
171 176
172 177
173 178
174 179
175 180
176 181
177 182
178 183
179 184
180 185
181 186
182 187
183 188
184 189
185 190
186 191
187 192
188 193
189 194
190 195
191 196
192 197
193 198
194 199
195 200
196 201
197 202
198 203
199 204
200 205
201 206
202 207
203 208
204 209
205 210
206 211
207 212
208 213
209 214
210 215
211 216
212 217
213 218
214 219
215 220
216 221
217 222
218 223
219 224
220 225
221 226
222 227
223 228
224 229
225 230
226 231
227 232
228 233
229 234
230 235
231 236
232 237
233 238
234 239
235 240
236 241
237 242
238 243
239 244
240 245
241 246
242 247
243 248
244 249
245 250
246 251
247 252
248 253
249 254
250 255
251 256
252 257
253 258
254 259
255 260
256 261
257 262
258 263
259 264
260 265
261 266
262 267
263 268
264 269
265 270
266 271
267 272
268 273
269 274
270 275
271 276
272 277
273 278
274 279
275 280
276 281
277 282
278 283
279 284
280 285
281 286
282 287
283 288
284 289
285 290
286 291
287 292
288 293
289 294
290 295
291 296
292 297
293 298
294 299
295 300
296 301
297 302
298 303
299 304
300 305
301 306
302 307
303 308
304 309
305 310
306 311
307 312
308 313
309 314
310 315
311 316
312 317
313 318
314 319
315 320
316 321
317 322
318 323
319 324
320 325
321 326
322 327
323 328
324 329
325 330
326 331
327 332
328 333
329 334
330 335
331 336
332 337
333 338
334 339
335 340
336 341
337 342
338 343
339 344
340 345
341 346
342 347
343 348
344 349
345 350
346 351
347 352
348 353
349 354
350 355
351 356
352 357
353 358
354 359
355 360
356 361
357 362
358 363
359 364
360 365
361 366
362 367
363 368
364 369
365 370
366 371
367 372
368 373
369 374
370 375
371 376
372 377
373 378
374 379
375 380
376 381
377 382
378 383
379 384
380 385
381 386
382 387
383 388
384 389
385 390
386 391
387 392
388 393
389 394
390 395
391 396
392 397
393 398
394 399
395 400
396 401
397 402
398 403
399 404
400 405
401 406
402 407
403 408
404 409
405 410
406 411
407 412
408 413
409 414
410 415
411 416
412 417
413 418
414 419
415 420
416 421
417 422
418 423
419 424
420 425
421 426
422 427
423 428
424 429
425 430
426 431
427 432
428 433
429 434
430 435
431 436
432 437
433 438
434 439
435 440
436 441
437 442
438 443
439 444
440 445
441 446
442 447
443 448
444 449
445 450
446 451
447 452
448 453
449 454
450 455
451 456
452 457
453 458
454 459
455 460
456 461
457 462
458 463
459 464
460 465
461 466
462 467
463 468
464 469
465 470
466 471
467 472
468 473
469 474
470 475
471 476
472 477
473 478
474 479
475 480
476 481
477 482
478 483
479 484
480 485
481 486
482 487
483 488
484 489
485 490
486 491
487 492
488 493
489 494
490 495
491 496
492 497
493 498
494 499
495 500
496 501
497 502
498 503
499 504
500 505
501 506
502 507
503 508
504 509
505 510
506 511
507 512
508 513
509 514
510 515
511 516
512 517
513 518
514 519
515 520
516 521
517 522
518 523
519 524
520 525
521 526
522 527
523 528
524 529
525 530
526 531
527 532
528 533
529 534
530 535
531 536
532 537
533 538
534 539
535 540
536 541
537 542
538 543
539 544
540 545
541 546
542 547
543 548
544 549
545 550
546 551
547 552
548 553
549 554
550 555
551 556
552 557
553 558
554 559
555 560
556 561
557 562
558 563
559 564
560 565
561 566
562 567
563 568
564 569
565 570
566 571
567 572
568 573
569 574
570 575
571 576
572 577
573 578
574 579
575 580
576 581
577 582
578 583
579 584
580 585
581 586
582 587
583 588
584 589
585 590
586 591
587 592
588 593
589 594
590 595
591 596
592 597
593 598
594 599
595 600
596 601
597 602
598 603
599 604
600 605
601 606
602 607
603 608
604 609
605 610
606 611
607 612
608 613
609 614
610 615
611 616
612 617
613 618
614 619
615 620
616 621
617 622
618 623
619 624
620 625
621 626
622 627
623 628
624 629
625 630
626 631
627 632
628 633
629 634
630 635
631 636
632 637
633 638
634 639
635 640
636 641
637 642
638 643
639 644
640 645
641 646
642 647
643 648
644 649
645 650
646 651
647 652
648 653
649 654
650 655
651 656
652 657
653 658
654 659
655 660
656 661
657 662
658 663
659 664
660 665
661 666
662 667
663 668
664 669
665 670
666 671
667 672
668 673
669 674
670 675
671 676
672 677
673 678
674 679
675 680
676 681
677 682
678 683
679 684
680 685
681 686
682 687
683 688
684 689
685 690
686 691
687 692
688 693
689 694
690 695
691 696
692 697
693 698
694 699
695 700
696 701
697 702
698 703
699 704
700 705
701 706
702 707
703 708
704 709
705 710
706 711
707 712
708 713
709 714
710 715
711 716
712 717
713 718
714 719
715 720
716 721
717 722
718 723
719 724
720 725
721 726
722 727
723 728
724 729
725 730
726 731
727 732
728 733
729 734
730 735
731 736
732 737
733 738
734 739
735 740
736 741
737 742
738 743
739 744
740 745
741 746
742 747
743 748
744 749
745 750
746 751
747 752
748 753
749 754
750 755
751 756
752 757
753 758
754 759
755 760
756 761
757 762
758 763
759 764
760 765
761 766
762 767
763 768
764 769
765 770
766 771
767 772
768 773
769 774
770 775
771 776
772 777
773 778
774 779
775 780
776 781
777 782
778 783
779 784
780 785
781 786
782 787
783 788
784 789
785 790
786 791
787 792
788 793
789 794
790 795
791 796
792 797
793 798
794 799
795 800
796 801
797 802
798 803
799 804
800 805
801 806
802 807
803 808
804 809
805 810
806 811
807 812
808 813
809 814
810 815
811 816
812 817
813 818
814 819
815 820
816 821
817 822
818 823
819 824
820 825
821 826
822 827
823 828
824 829
825 830
826 831
827 832
828 833
829 834
830 835
831 836
832 837
833 838
834 839
835 840
836 841
837 842
838 843
839 844
840 845
841 846
842 847
843 848
844 849
845 850
846 851
847 852
848 853
849 854
850 855
851 856
852 857
853 858
854 859
855 860
856 861
857 862
858 863
859 864
860 865
861 866
862 867
863 868
864 869
865 870
866 871
867 872
868 873
869 874
870 875
871 876
872 877
873 878
874 879
875 880
876 881
877 882
878 883
879 884
880 885
881 886
882 887
883 888
884 889
885 890
886 891
887 892
888 893
889 894
890 895
891 896
892 897
893 898
894 899
895 900
896 901
897 902
898 903
899 904
900 905
901 906
902 907
903 908
904 909
905 910
906 911
907 912
908 913
909 914
910 915
911 916
912 917
913 918
914 919
915 920
916 921
917 922
918 923
919 924
920 925
921 926
922 927
923 928
924 929
925 930
926 931
927 932
928 933
929 934
930 935
931 936
932 937
933 938
934 939
935 940
936 941
937 942
938 943
939 944
940 945
941 946
942 947
943 948
944 949
945 950
946 951
947 952
948 953
949 954
950 955
951 956
952 957
953 958
954 959
955 960
956 961
957 962
958 963
959 964
960 965
961 966
962 967
963 968
964 969
965 970
966 971
967 972
968 973
969 974
970 975
971 976
972 977
973 978
974 979
975 980
976 981
977 982
978 983
979 984
980 985
981 986
982 987
983 988
984 989
985 990
986 991
987 992
988 993
989 994
990 995
991 996
992 997
993 998
994 999
995 1000
11 18
12 19
13 20
14 21
15 22
16 23
17 24
18 25
19 26
20 27
21 28
22 29
23 30
24 31
25 32
26 33
27 34
28 35
29 36
30 37
31 38
32 39
33 40
34 41
35 42
36 43
37 44
38 45
39 46
40 47
41 48
42 49
43 50
44 51
45 52
46 53
47 54
48 55
49 56
50 57
51 58
52 59
53 60
54 61
55 62
56 63
57 64
58 65
59 66
60 67
61 68
62 69
63 70
64 71
65 72
66 73
67 74
68 75
69 76
70 77
71 78
72 79
73 80
74 81
75 82
76 83
77 84
78 85
79 86
80 87
81 88
82 89
83 90
84 91
85 92
86 93
87 94
88 95
89 96
90 97
91 98
92 99
93 100
94 101
95 102
96 103
97 104
98 105
99 106
100 107
101 108
102 109
103 110
104 111
105 112
106 113
107 114
108 115
109 116
110 117
111 118
112 119
113 120
114 121
115 122
116 123
117 124
118 125
119 126
120 127
121 128
122 129
123 130
124 131
125 132
126 133
127 134
128 135
129 136
130 137
131 138
132 139
133 140
134 141
135 142
136 143
137 144
138 145
139 146
140 147
141 148
142 149
143 150
144 151
145 152
146 153
147 154
148 155
149 156
150 157
151 158
152 159
153 160
154 161
155 162
156 163
157 164
158 165
159 166
160 167
161 168
162 169
163 170
164 171
165 172
166 173
167 174
168 175
169 176
170 177
171 178
172 179
173 180
174 181
175 182
176 183
177 184
178 185
179 186
180 187
181 188
182 189
183 190
184 191
185 192
186 193
187 194
188 195
189 196
190 197
191 198
192 199
193 200
194 201
195 202
196 203
197 204
198 205
199 206
200 207
201 208
202 209
203 210
204 211
205 212
206 213
207 214
208 215
209 216
210 217
211 218
212 219
213 220
214 221
215 222
216 223
217 224
218 225
219 226
220 227
221 228
222 229
223 230
224 231
225 232
226 233
227 234
228 235
229 236
230 237
231 238
232 239
233 240
234 241
235 242
236 243
237 244
238 245
239 246
240 247
241 248
242 249
243 250
244 251
245 252
246 253
247 254
248 255
249 256
250 257
251 258
252 259
253 260
254 261
255 262
256 263
257 264
258 265
259 266
260 267
261 268
262 269
263 270
264 271
265 272
266 273
267 274
268 275
269 276
270 277
271 278
272 279
273 280
274 281
275 282
276 283
277 284
278 285
279 286
280 287
281 288
282 289
283 290
284 291
285 292
286 293
287 294
288 295
289 296
290 297
291 298
292 299
293 300
294 301
295 302
296 303
297 304
298 305
299 306
300 307
301 308
302 309
303 310
304 311
305 312
306 313
307 314
308 315
309 316
310 317
311 318
312 319
313 320
314 321
315 322
316 323
317 324
318 325
319 326
320 327
321 328
322 329
323 330
324 331
325 332
326 333
327 334
328 335
329 336
330 337
331 338
332 339
333 340
334 341
335 342
336 343
337 344
338 345
339 346
340 347
341 348
342 349
343 350
344 351
345 352
346 353
347 354
348 355
349 356
350 357
351 358
352 359
353 360
354 361
355 362
356 363
357 364
358 365
359 366
360 367
361 368
362 369
363 370
364 371
365 372
366 373
367 374
368 375
369 376
370 377
371 378
372 379
373 380
374 381
375 382
376 383
377 384
378 385
379 386
380 387
381 388
382 389
383 390
384 391
385 392
386 393
387 394
388 395
389 396
390 397
391 398
392 399
393 400
394 401
395 402
396 403
397 404
398 405
399 406
400 407
401 408
402 409
403 410
404 411
405 412
406 413
407 414
408 415
409 416
410 417
411 418
412 419
413 420
414 421
415 422
416 423
417 424
418 425
419 426
420 427
421 428
422 429
423 430
424 431
425 432
426 433
427 434
428 435
429 436
430 437
431 438
432 439
433 440
434 441
435 442
436 443
437 444
438 445
439 446
440 447
441 448
442 449
443 450
444 451
445 452
446 453
447 454
448 455
449 456
450 457
451 458
452 459
453 460
454 461
455 462
456 463
457 464
458 465
459 466
460 467
461 468
462 469
463 470
464 471
465 472
466 473
467 474
468 475
469 476
470 477
471 478
472 479
473 480
474 481
475 482
476 483
477 484
478 485
479 486
480 487
481 488
482 489
483 490
484 491
485 492
486 493
487 494
488 495
489 496
490 497
491 498
492 499
493 500
494 501
495 502
496 503
497 504
498 505
499 506
500 507
501 508
502 509
503 510
504 511
505 512
506 513
507 514
508 515
509 516
510 517
511 518
512 519
513 520
514 521
515 522
516 523
517 524
518 525
519 526
520 527
521 528
522 529
523 530
524 531
525 532
526 533
527 534
528 535
529 536
530 537
531 538
532 539
533 540
534 541
535 542
536 543
537 544
538 545
539 546
540 547
541 548
542 549
543 550
544 551
545 552
546 553
547 554
548 555
549 556
550 557
551 558
552 559
553 560
554 561
555 562
556 563
557 564
558 565
559 566
560 567
561 568
562 569
563 570
564 571
565 572
566 573
567 574
568 575
569 576
570 577
571 578
572 579
573 580
574 581
575 582
576 583
577 584
578 585
579 586
580 587
581 588
582 589
583 590
584 591
585 592
586 593
587 594
588 595
589 596
590 597
591 598
592 599
593 600
594 601
595 602
596 603
597 604
598 605
599 606
600 607
601 608
602 609
603 610
604 611
605 612
606 613
607 614
608 615
609 616
610 617
611 618
612 619
613 620
614 621
615 622
616 623
617 624
618 625
619 626
620 627
621 628
622 629
623 630
624 631
625 632
626 633
627 634
628 635
629 636
630 637
631 638
632 639
633 640
634 641
635 642
636 643
637 644
638 645
639 646
640 647
641 648
642 649
643 650
644 651
645 652
646 653
647 654
648 655
649 656
650 657
651 658
652 659
653 660
654 661
655 662
656 663
657 664
658 665
659 666
660 667
661 668
662 669
663 670
664 671
665 672
666 673
667 674
668 675
669 676
670 677
671 678
672 679
673 680
674 681
675 682
676 683
677 684
678 685
679 686
680 687
681 688
682 689
683 690
684 691
685 692
686 693
687 694
688 695
689 696
690 697
691 698
692 699
693 700
694 701
695 702
696 703
697 704
698 705
699 706
700 707
701 708
702 709
703 710
704 711
705 712
706 713
707 714
708 715
709 716
710 717
711 718
712 719
713 720
714 721
715 722
716 723
717 724
718 725
719 726
720 727
721 728
722 729
723 730
724 731
725 732
726 733
727 734
728 735
729 736
730 737
731 738
732 739
733 740
734 741
735 742
736 743
737 744
738 745
739 746
740 747
741 748
742 749
743 750
744 751
745 752
746 753
747 754
748 755
749 756
750 757
751 758
752 759
753 760
754 761
755 762
756 763
757 764
758 765
759 766
760 767
761 768
762 769
763 770
764 771
765 772
766 773
767 774
768 775
769 776
770 777
771 778
772 779
773 780
774 781
775 782
776 783
777 784
778 785
779 786
780 787
781 788
782 789
783 790
784 791
785 792
786 793
787 794
788 795
789 796
790 797
791 798
792 799
793 800
794 801
795 802
796 803
797 804
798 805
799 806
800 807
801 808
802 809
803 810
804 811
805 812
806 813
807 814
808 815
809 816
810 817
811 818
812 819
813 820
814 821
815 822
816 823
817 824
818 825
819 826
820 827
821 828
822 829
823 830
824 831
825 832
826 833
827 834
828 835
829 836
830 837
831 838
832 839
833 840
834 841
835 842
836 843
837 844
838 845
839 846
840 847
841 848
842 849
843 850
844 851
845 852
846 853
847 854
848 855
849 856
850 857
851 858
852 859
853 860
854 861
855 862
856 863
857 864
858 865
859 866
860 867
861 868
862 869
863 870
864 871
865 872
866 873
867 874
868 875
869 876
870 877
871 878
872 879
873 880
874 881
875 882
876 883
877 884
878 885
879 886
880 887
881 888
882 889
883 890
884 891
885 892
886 893
887 894
888 895
889 896
890 897
891 898
892 899
893 900
894 901
895 902
896 903
897 904
898 905
899 906
900 907
901 908
902 909
903 910
904 911
905 912
906 913
907 914
908 915
909 916
910 917
911 918
912 919
913 920
914 921
915 922
916 923
917 924
918 925
919 926
920 927
921 928
922 929
923 930
924 931
925 932
926 933
927 934
928 935
929 936
930 937
931 938
932 939
933 940
934 941
935 942
936 943
937 944
938 945
939 946
940 947
941 948
942 949
943 950
944 951
945 952
946 953
947 954
948 955
949 956
950 957
951 958
952 959
953 960
954 961
955 962
956 963
957 964
958 965
959 966
960 967
961 968
962 969
963 970
964 971
965 972
966 973
967 974
968 975
969 976
970 977
971 978
972 979
973 980
974 981
975 982
976 983
977 984
978 985
979 986
980 987
981 988
982 989
983 990
984 991
985 992
986 993
987 994
988 995
989 996
990 997
991 998
992 999
993 1000
