1137 3237 250
-71 -1393
2220 1450
2220 -4309
111 1493
333 1493
555 1493
777 1493
999 1493
1221 1493
1443 1493
1665 1493
1887 1493
2109 1493
2331 1493
2553 1493
2775 1493
2997 1493
3219 1493
3441 1493
3663 1493
3885 1493
4107 1493
4329 1493
4551 1493
222 1396
444 1396
666 1396
888 1396
1110 1396
1332 1396
1554 1396
1776 1396
1998 1396
2220 1396
2442 1396
2664 1396
2886 1396
3108 1396
3330 1396
3552 1396
3774 1396
3996 1396
4218 1396
4440 1396
4662 1396
111 1271
333 1271
555 1271
777 1271
999 1271
1221 1271
1443 1271
1665 1271
1887 1271
2109 1271
2331 1271
2553 1271
2775 1271
2997 1271
3219 1271
3441 1271
3663 1271
3885 1271
4107 1271
4329 1271
4551 1271
222 1174
444 1174
666 1174
888 1174
1110 1174
1332 1174
1554 1174
1776 1174
1998 1174
2220 1174
2442 1174
2664 1174
2886 1174
3108 1174
3330 1174
3552 1174
3774 1174
3996 1174
4218 1174
4440 1174
4662 1174
111 1049
333 1049
555 1049
777 1049
999 1049
1221 1049
1443 1049
1665 1049
1887 1049
2109 1049
2331 1049
2553 1049
2775 1049
2997 1049
3219 1049
3441 1049
3663 1049
3885 1049
4107 1049
4329 1049
4551 1049
222 952
444 952
666 952
888 952
1110 952
1332 952
1554 952
1776 952
1998 952
2220 952
2442 952
2664 952
2886 952
3108 952
3330 952
3552 952
3774 952
3996 952
4218 952
4440 952
4662 952
111 827
333 827
555 827
777 827
999 827
1221 827
1443 827
1665 827
1887 827
2109 827
2331 827
2553 827
2775 827
2997 827
3219 827
3441 827
3663 827
3885 827
4107 827
4329 827
4551 827
222 730
444 730
666 730
888 730
1110 730
1332 730
1554 730
1776 730
1998 730
2220 730
2442 730
2664 730
2886 730
3108 730
3330 730
3552 730
3774 730
3996 730
4218 730
4440 730
4662 730
111 605
333 605
555 605
777 605
999 605
1221 605
1443 605
1665 605
1887 605
2109 605
2331 605
2553 605
2775 605
2997 605
3219 605
3441 605
3663 605
3885 605
4107 605
4329 605
4551 605
222 508
444 508
666 508
888 508
1110 508
1332 508
1554 508
1776 508
1998 508
2220 508
2442 508
2664 508
2886 508
3108 508
3330 508
3552 508
3774 508
3996 508
4218 508
4440 508
4662 508
111 383
333 383
555 383
777 383
999 383
1221 383
1443 383
1665 383
1887 383
2109 383
2331 383
2553 383
2775 383
2997 383
3219 383
3441 383
3663 383
3885 383
4107 383
4329 383
4551 383
222 286
444 286
666 286
888 286
1110 286
1332 286
1554 286
1776 286
1998 286
2220 286
2442 286
2664 286
2886 286
3108 286
3330 286
3552 286
3774 286
3996 286
4218 286
4440 286
4662 286
111 161
333 161
555 161
777 161
999 161
1221 161
1443 161
1665 161
1887 161
2109 161
2331 161
2553 161
2775 161
2997 161
3219 161
3441 161
3663 161
3885 161
4107 161
4329 161
4551 161
222 64
444 64
666 64
888 64
1110 64
1332 64
1554 64
1776 64
1998 64
2220 64
2442 64
2664 64
2886 64
3108 64
3330 64
3552 64
3774 64
3996 64
4218 64
4440 64
4662 64
111 -61
333 -61
555 -61
777 -61
999 -61
1221 -61
1443 -61
1665 -61
1887 -61
2109 -61
2331 -61
2553 -61
2775 -61
2997 -61
3219 -61
3441 -61
3663 -61
3885 -61
4107 -61
4329 -61
4551 -61
222 -158
444 -158
666 -158
888 -158
1110 -158
1332 -158
1554 -158
1776 -158
1998 -158
2220 -158
2442 -158
2664 -158
2886 -158
3108 -158
3330 -158
3552 -158
3774 -158
3996 -158
4218 -158
4440 -158
4662 -158
111 -283
333 -283
555 -283
777 -283
999 -283
1221 -283
1443 -283
1665 -283
1887 -283
2109 -283
2331 -283
2553 -283
2775 -283
2997 -283
3219 -283
3441 -283
3663 -283
3885 -283
4107 -283
4329 -283
4551 -283
222 -380
444 -380
666 -380
888 -380
1110 -380
1332 -380
1554 -380
1776 -380
1998 -380
2220 -380
2442 -380
2664 -380
2886 -380
3108 -380
3330 -380
3552 -380
3774 -380
3996 -380
4218 -380
4440 -380
4662 -380
111 -505
333 -505
555 -505
777 -505
999 -505
1221 -505
1443 -505
1665 -505
1887 -505
2109 -505
2331 -505
2553 -505
2775 -505
2997 -505
3219 -505
3441 -505
3663 -505
3885 -505
4107 -505
4329 -505
4551 -505
222 -602
444 -602
666 -602
888 -602
1110 -602
1332 -602
1554 -602
1776 -602
1998 -602
2220 -602
2442 -602
2664 -602
2886 -602
3108 -602
3330 -602
3552 -602
3774 -602
3996 -602
4218 -602
4440 -602
4662 -602
111 -727
333 -727
555 -727
777 -727
999 -727
1221 -727
1443 -727
1665 -727
1887 -727
2109 -727
2331 -727
2553 -727
2775 -727
2997 -727
3219 -727
3441 -727
3663 -727
3885 -727
4107 -727
4329 -727
4551 -727
222 -824
444 -824
666 -824
888 -824
1110 -824
1332 -824
1554 -824
1776 -824
1998 -824
2220 -824
2442 -824
2664 -824
2886 -824
3108 -824
3330 -824
3552 -824
3774 -824
3996 -824
4218 -824
4440 -824
4662 -824
111 -949
333 -949
555 -949
777 -949
999 -949
1221 -949
1443 -949
1665 -949
1887 -949
2109 -949
2331 -949
2553 -949
2775 -949
2997 -949
3219 -949
3441 -949
3663 -949
3885 -949
4107 -949
4329 -949
4551 -949
222 -1046
444 -1046
666 -1046
888 -1046
1110 -1046
1332 -1046
1554 -1046
1776 -1046
1998 -1046
2220 -1046
2442 -1046
2664 -1046
2886 -1046
3108 -1046
3330 -1046
3552 -1046
3774 -1046
3996 -1046
4218 -1046
4440 -1046
4662 -1046
111 -1171
333 -1171
555 -1171
777 -1171
999 -1171
1221 -1171
1443 -1171
1665 -1171
1887 -1171
2109 -1171
2331 -1171
2553 -1171
2775 -1171
2997 -1171
3219 -1171
3441 -1171
3663 -1171
3885 -1171
4107 -1171
4329 -1171
4551 -1171
222 -1268
444 -1268
666 -1268
888 -1268
1110 -1268
1332 -1268
1554 -1268
1776 -1268
1998 -1268
2220 -1268
2442 -1268
2664 -1268
2886 -1268
3108 -1268
3330 -1268
3552 -1268
3774 -1268
3996 -1268
4218 -1268
4440 -1268
4662 -1268
111 -1393
333 -1393
555 -1393
777 -1393
999 -1393
1221 -1393
1443 -1393
1665 -1393
1887 -1393
2109 -1393
2331 -1393
2553 -1393
2775 -1393
2997 -1393
3219 -1393
3441 -1393
3663 -1393
3885 -1393
4107 -1393
4329 -1393
4551 -1393
222 -1490
444 -1490
666 -1490
888 -1490
1110 -1490
1332 -1490
1554 -1490
1776 -1490
1998 -1490
2220 -1490
2442 -1490
2664 -1490
2886 -1490
3108 -1490
3330 -1490
3552 -1490
3774 -1490
3996 -1490
4218 -1490
4440 -1490
4662 -1490
111 -1615
333 -1615
555 -1615
777 -1615
999 -1615
1221 -1615
1443 -1615
1665 -1615
1887 -1615
2109 -1615
2331 -1615
2553 -1615
2775 -1615
2997 -1615
3219 -1615
3441 -1615
3663 -1615
3885 -1615
4107 -1615
4329 -1615
4551 -1615
222 -1712
444 -1712
666 -1712
888 -1712
1110 -1712
1332 -1712
1554 -1712
1776 -1712
1998 -1712
2220 -1712
2442 -1712
2664 -1712
2886 -1712
3108 -1712
3330 -1712
3552 -1712
3774 -1712
3996 -1712
4218 -1712
4440 -1712
4662 -1712
111 -1837
333 -1837
555 -1837
777 -1837
999 -1837
1221 -1837
1443 -1837
1665 -1837
1887 -1837
2109 -1837
2331 -1837
2553 -1837
2775 -1837
2997 -1837
3219 -1837
3441 -1837
3663 -1837
3885 -1837
4107 -1837
4329 -1837
4551 -1837
222 -1934
444 -1934
666 -1934
888 -1934
1110 -1934
1332 -1934
1554 -1934
1776 -1934
1998 -1934
2220 -1934
2442 -1934
2664 -1934
2886 -1934
3108 -1934
3330 -1934
3552 -1934
3774 -1934
3996 -1934
4218 -1934
4440 -1934
4662 -1934
111 -2059
333 -2059
555 -2059
777 -2059
999 -2059
1221 -2059
1443 -2059
1665 -2059
1887 -2059
2109 -2059
2331 -2059
2553 -2059
2775 -2059
2997 -2059
3219 -2059
3441 -2059
3663 -2059
3885 -2059
4107 -2059
4329 -2059
4551 -2059
222 -2156
444 -2156
666 -2156
888 -2156
1110 -2156
1332 -2156
1554 -2156
1776 -2156
1998 -2156
2220 -2156
2442 -2156
2664 -2156
2886 -2156
3108 -2156
3330 -2156
3552 -2156
3774 -2156
3996 -2156
4218 -2156
4440 -2156
4662 -2156
111 -2281
333 -2281
555 -2281
777 -2281
999 -2281
1221 -2281
1443 -2281
1665 -2281
1887 -2281
2109 -2281
2331 -2281
2553 -2281
2775 -2281
2997 -2281
3219 -2281
3441 -2281
3663 -2281
3885 -2281
4107 -2281
4329 -2281
4551 -2281
222 -2378
444 -2378
666 -2378
888 -2378
1110 -2378
1332 -2378
1554 -2378
1776 -2378
1998 -2378
2220 -2378
2442 -2378
2664 -2378
2886 -2378
3108 -2378
3330 -2378
3552 -2378
3774 -2378
3996 -2378
4218 -2378
4440 -2378
4662 -2378
111 -2503
333 -2503
555 -2503
777 -2503
999 -2503
1221 -2503
1443 -2503
1665 -2503
1887 -2503
2109 -2503
2331 -2503
2553 -2503
2775 -2503
2997 -2503
3219 -2503
3441 -2503
3663 -2503
3885 -2503
4107 -2503
4329 -2503
4551 -2503
222 -2600
444 -2600
666 -2600
888 -2600
1110 -2600
1332 -2600
1554 -2600
1776 -2600
1998 -2600
2220 -2600
2442 -2600
2664 -2600
2886 -2600
3108 -2600
3330 -2600
3552 -2600
3774 -2600
3996 -2600
4218 -2600
4440 -2600
4662 -2600
111 -2725
333 -2725
555 -2725
777 -2725
999 -2725
1221 -2725
1443 -2725
1665 -2725
1887 -2725
2109 -2725
2331 -2725
2553 -2725
2775 -2725
2997 -2725
3219 -2725
3441 -2725
3663 -2725
3885 -2725
4107 -2725
4329 -2725
4551 -2725
222 -2822
444 -2822
666 -2822
888 -2822
1110 -2822
1332 -2822
1554 -2822
1776 -2822
1998 -2822
2220 -2822
2442 -2822
2664 -2822
2886 -2822
3108 -2822
3330 -2822
3552 -2822
3774 -2822
3996 -2822
4218 -2822
4440 -2822
4662 -2822
111 -2947
333 -2947
555 -2947
777 -2947
999 -2947
1221 -2947
1443 -2947
1665 -2947
1887 -2947
2109 -2947
2331 -2947
2553 -2947
2775 -2947
2997 -2947
3219 -2947
3441 -2947
3663 -2947
3885 -2947
4107 -2947
4329 -2947
4551 -2947
222 -3044
444 -3044
666 -3044
888 -3044
1110 -3044
1332 -3044
1554 -3044
1776 -3044
1998 -3044
2220 -3044
2442 -3044
2664 -3044
2886 -3044
3108 -3044
3330 -3044
3552 -3044
3774 -3044
3996 -3044
4218 -3044
4440 -3044
4662 -3044
111 -3169
333 -3169
555 -3169
777 -3169
999 -3169
1221 -3169
1443 -3169
1665 -3169
1887 -3169
2109 -3169
2331 -3169
2553 -3169
2775 -3169
2997 -3169
3219 -3169
3441 -3169
3663 -3169
3885 -3169
4107 -3169
4329 -3169
4551 -3169
222 -3266
444 -3266
666 -3266
888 -3266
1110 -3266
1332 -3266
1554 -3266
1776 -3266
1998 -3266
2220 -3266
2442 -3266
2664 -3266
2886 -3266
3108 -3266
3330 -3266
3552 -3266
3774 -3266
3996 -3266
4218 -3266
4440 -3266
4662 -3266
111 -3391
333 -3391
555 -3391
777 -3391
999 -3391
1221 -3391
1443 -3391
1665 -3391
1887 -3391
2109 -3391
2331 -3391
2553 -3391
2775 -3391
2997 -3391
3219 -3391
3441 -3391
3663 -3391
3885 -3391
4107 -3391
4329 -3391
4551 -3391
222 -3488
444 -3488
666 -3488
888 -3488
1110 -3488
1332 -3488
1554 -3488
1776 -3488
1998 -3488
2220 -3488
2442 -3488
2664 -3488
2886 -3488
3108 -3488
3330 -3488
3552 -3488
3774 -3488
3996 -3488
4218 -3488
4440 -3488
4662 -3488
111 -3613
333 -3613
555 -3613
777 -3613
999 -3613
1221 -3613
1443 -3613
1665 -3613
1887 -3613
2109 -3613
2331 -3613
2553 -3613
2775 -3613
2997 -3613
3219 -3613
3441 -3613
3663 -3613
3885 -3613
4107 -3613
4329 -3613
4551 -3613
222 -3710
444 -3710
666 -3710
888 -3710
1110 -3710
1332 -3710
1554 -3710
1776 -3710
1998 -3710
2220 -3710
2442 -3710
2664 -3710
2886 -3710
3108 -3710
3330 -3710
3552 -3710
3774 -3710
3996 -3710
4218 -3710
4440 -3710
4662 -3710
111 -3835
333 -3835
555 -3835
777 -3835
999 -3835
1221 -3835
1443 -3835
1665 -3835
1887 -3835
2109 -3835
2331 -3835
2553 -3835
2775 -3835
2997 -3835
3219 -3835
3441 -3835
3663 -3835
3885 -3835
4107 -3835
4329 -3835
4551 -3835
222 -3932
444 -3932
666 -3932
888 -3932
1110 -3932
1332 -3932
1554 -3932
1776 -3932
1998 -3932
2220 -3932
2442 -3932
2664 -3932
2886 -3932
3108 -3932
3330 -3932
3552 -3932
3774 -3932
3996 -3932
4218 -3932
4440 -3932
4662 -3932
111 -4057
333 -4057
555 -4057
777 -4057
999 -4057
1221 -4057
1443 -4057
1665 -4057
1887 -4057
2109 -4057
2331 -4057
2553 -4057
2775 -4057
2997 -4057
3219 -4057
3441 -4057
3663 -4057
3885 -4057
4107 -4057
4329 -4057
4551 -4057
222 -4154
444 -4154
666 -4154
888 -4154
1110 -4154
1332 -4154
1554 -4154
1776 -4154
1998 -4154
2220 -4154
2442 -4154
2664 -4154
2886 -4154
3108 -4154
3330 -4154
3552 -4154
3774 -4154
3996 -4154
4218 -4154
4440 -4154
4662 -4154
111 -4279
333 -4279
555 -4279
777 -4279
999 -4279
1221 -4279
1443 -4279
1665 -4279
1887 -4279
2109 -4279
2331 -4279
2553 -4279
2775 -4279
2997 -4279
3219 -4279
3441 -4279
3663 -4279
3885 -4279
4107 -4279
4329 -4279
4551 -4279
222 -4376
444 -4376
666 -4376
888 -4376
1110 -4376
1332 -4376
1554 -4376
1776 -4376
1998 -4376
2220 -4376
2442 -4376
2664 -4376
2886 -4376
3108 -4376
3330 -4376
3552 -4376
3774 -4376
3996 -4376
4218 -4376
4440 -4376
4662 -4376
4 5
5 6
6 7
7 8
8 9
9 10
10 11
11 12
12 13
13 14
14 15
15 16
16 17
17 18
18 19
19 20
20 21
21 22
22 23
23 24
4 25
5 26
6 27
7 28
8 29
9 30
10 31
11 32
12 33
13 34
14 35
15 36
16 37
17 38
18 39
19 40
20 41
21 42
22 43
23 44
24 45
5 25
6 26
7 27
8 28
9 29
10 30
11 31
12 32
13 33
14 34
15 35
16 36
17 37
18 38
19 39
20 40
21 41
22 42
23 43
24 44
25 26
26 27
27 28
28 29
29 30
30 31
31 32
32 33
33 34
34 35
35 36
36 37
37 38
38 39
39 40
40 41
41 42
42 43
43 44
44 45
25 46
26 47
27 48
28 49
29 50
30 51
31 52
32 53
33 54
34 55
35 56
36 57
37 58
38 59
39 60
40 61
41 62
42 63
43 64
44 65
45 66
25 47
26 48
27 49
28 50
29 51
30 52
31 53
32 54
33 55
34 56
35 57
36 58
37 59
38 60
39 61
40 62
41 63
42 64
43 65
44 66
46 47
47 48
48 49
49 50
50 51
51 52
52 53
53 54
54 55
55 56
56 57
57 58
58 59
59 60
60 61
61 62
62 63
63 64
64 65
65 66
46 67
47 68
48 69
49 70
50 71
51 72
52 73
53 74
54 75
55 76
56 77
57 78
58 79
59 80
60 81
61 82
62 83
63 84
64 85
65 86
66 87
47 67
48 68
49 69
50 70
51 71
52 72
53 73
54 74
55 75
56 76
57 77
58 78
59 79
60 80
61 81
62 82
63 83
64 84
65 85
66 86
67 68
68 69
69 70
70 71
71 72
72 73
73 74
74 75
75 76
76 77
77 78
78 79
79 80
80 81
81 82
82 83
83 84
84 85
85 86
86 87
67 88
68 89
69 90
70 91
71 92
72 93
73 94
74 95
75 96
76 97
77 98
78 99
79 100
80 101
81 102
82 103
83 104
84 105
85 106
86 107
87 108
67 89
68 90
69 91
70 92
71 93
72 94
73 95
74 96
75 97
76 98
77 99
78 100
79 101
80 102
81 103
82 104
83 105
84 106
85 107
86 108
88 89
89 90
90 91
91 92
92 93
93 94
94 95
95 96
96 97
97 98
98 99
99 100
100 101
101 102
102 103
103 104
104 105
105 106
106 107
107 108
88 109
89 110
90 111
91 112
92 113
93 114
94 115
95 116
96 117
97 118
98 119
99 120
100 121
101 122
102 123
103 124
104 125
105 126
106 127
107 128
108 129
89 109
90 110
91 111
92 112
93 113
94 114
95 115
96 116
97 117
98 118
99 119
100 120
101 121
102 122
103 123
104 124
105 125
106 126
107 127
108 128
109 110
110 111
111 112
112 113
113 114
114 115
115 116
116 117
117 118
118 119
119 120
120 121
121 122
122 123
123 124
124 125
125 126
126 127
127 128
128 129
109 130
110 131
111 132
112 133
113 134
114 135
115 136
116 137
117 138
118 139
119 140
120 141
121 142
122 143
123 144
124 145
125 146
126 147
127 148
128 149
129 150
109 131
110 132
111 133
112 134
113 135
114 136
115 137
116 138
117 139
118 140
119 141
120 142
121 143
122 144
123 145
124 146
125 147
126 148
127 149
128 150
130 131
131 132
132 133
133 134
134 135
135 136
136 137
137 138
138 139
139 140
140 141
141 142
142 143
143 144
144 145
145 146
146 147
147 148
148 149
149 150
130 151
131 152
132 153
133 154
134 155
135 156
136 157
137 158
138 159
139 160
140 161
141 162
142 163
143 164
144 165
145 166
146 167
147 168
148 169
149 170
150 171
131 151
132 152
133 153
134 154
135 155
136 156
137 157
138 158
139 159
140 160
141 161
142 162
143 163
144 164
145 165
146 166
147 167
148 168
149 169
150 170
151 152
152 153
153 154
154 155
155 156
156 157
157 158
158 159
159 160
160 161
161 162
162 163
163 164
164 165
165 166
166 167
167 168
168 169
169 170
170 171
151 172
152 173
153 174
154 175
155 176
156 177
157 178
158 179
159 180
160 181
161 182
162 183
163 184
164 185
165 186
166 187
167 188
168 189
169 190
170 191
171 192
151 173
152 174
153 175
154 176
155 177
156 178
157 179
158 180
159 181
160 182
161 183
162 184
163 185
164 186
165 187
166 188
167 189
168 190
169 191
170 192
172 173
173 174
174 175
175 176
176 177
177 178
178 179
179 180
180 181
181 182
182 183
183 184
184 185
185 186
186 187
187 188
188 189
189 190
190 191
191 192
172 193
173 194
174 195
175 196
176 197
177 198
178 199
179 200
180 201
181 202
182 203
183 204
184 205
185 206
186 207
187 208
188 209
189 210
190 211
191 212
192 213
173 193
174 194
175 195
176 196
177 197
178 198
179 199
180 200
181 201
182 202
183 203
184 204
185 205
186 206
187 207
188 208
189 209
190 210
191 211
192 212
193 194
194 195
195 196
196 197
197 198
198 199
199 200
200 201
201 202
202 203
203 204
204 205
205 206
206 207
207 208
208 209
209 210
210 211
211 212
212 213
193 214
194 215
195 216
196 217
197 218
198 219
199 220
200 221
201 222
202 223
203 224
204 225
205 226
206 227
207 228
208 229
209 230
210 231
211 232
212 233
213 234
193 215
194 216
195 217
196 218
197 219
198 220
199 221
200 222
201 223
202 224
203 225
204 226
205 227
206 228
207 229
208 230
209 231
210 232
211 233
212 234
214 215
215 216
216 217
217 218
218 219
219 220
220 221
221 222
222 223
223 224
224 225
225 226
226 227
227 228
228 229
229 230
230 231
231 232
232 233
233 234
214 235
215 236
216 237
217 238
218 239
219 240
220 241
221 242
222 243
223 244
224 245
225 246
226 247
227 248
228 249
229 250
230 251
231 252
232 253
233 254
234 255
215 235
216 236
217 237
218 238
219 239
220 240
221 241
222 242
223 243
224 244
225 245
226 246
227 247
228 248
229 249
230 250
231 251
232 252
233 253
234 254
235 236
236 237
237 238
238 239
239 240
240 241
241 242
242 243
243 244
244 245
245 246
246 247
247 248
248 249
249 250
250 251
251 252
252 253
253 254
254 255
235 256
236 257
237 258
238 259
239 260
240 261
241 262
242 263
243 264
244 265
245 266
246 267
247 268
248 269
249 270
250 271
251 272
252 273
253 274
254 275
255 276
235 257
236 258
237 259
238 260
239 261
240 262
241 263
242 264
243 265
244 266
245 267
246 268
247 269
248 270
249 271
250 272
251 273
252 274
253 275
254 276
256 257
257 258
258 259
259 260
260 261
261 262
262 263
263 264
264 265
265 266
266 267
267 268
268 269
269 270
270 271
271 272
272 273
273 274
274 275
275 276
256 277
257 278
258 279
259 280
260 281
261 282
262 283
263 284
264 285
265 286
266 287
267 288
268 289
269 290
270 291
271 292
272 293
273 294
274 295
275 296
276 297
257 277
258 278
259 279
260 280
261 281
262 282
263 283
264 284
265 285
266 286
267 287
268 288
269 289
270 290
271 291
272 292
273 293
274 294
275 295
276 296
277 278
278 279
279 280
280 281
281 282
282 283
283 284
284 285
285 286
286 287
287 288
288 289
289 290
290 291
291 292
292 293
293 294
294 295
295 296
296 297
277 298
278 299
279 300
280 301
281 302
282 303
283 304
284 305
285 306
286 307
287 308
288 309
289 310
290 311
291 312
292 313
293 314
294 315
295 316
296 317
297 318
277 299
278 300
279 301
280 302
281 303
282 304
283 305
284 306
285 307
286 308
287 309
288 310
289 311
290 312
291 313
292 314
293 315
294 316
295 317
296 318
298 299
299 300
300 301
301 302
302 303
303 304
304 305
305 306
306 307
307 308
308 309
309 310
310 311
311 312
312 313
313 314
314 315
315 316
316 317
317 318
298 319
299 320
300 321
301 322
302 323
303 324
304 325
305 326
306 327
307 328
308 329
309 330
310 331
311 332
312 333
313 334
314 335
315 336
316 337
317 338
318 339
299 319
300 320
301 321
302 322
303 323
304 324
305 325
306 326
307 327
308 328
309 329
310 330
311 331
312 332
313 333
314 334
315 335
316 336
317 337
318 338
319 320
320 321
321 322
322 323
323 324
324 325
325 326
326 327
327 328
328 329
329 330
330 331
331 332
332 333
333 334
334 335
335 336
336 337
337 338
338 339
319 340
320 341
321 342
322 343
323 344
324 345
325 346
326 347
327 348
328 349
329 350
330 351
331 352
332 353
333 354
334 355
335 356
336 357
337 358
338 359
339 360
319 341
320 342
321 343
322 344
323 345
324 346
325 347
326 348
327 349
328 350
329 351
330 352
331 353
332 354
333 355
334 356
335 357
336 358
337 359
338 360
340 341
341 342
342 343
343 344
344 345
345 346
346 347
347 348
348 349
349 350
350 351
351 352
352 353
353 354
354 355
355 356
356 357
357 358
358 359
359 360
340 361
341 362
342 363
343 364
344 365
345 366
346 367
347 368
348 369
349 370
350 371
351 372
352 373
353 374
354 375
355 376
356 377
357 378
358 379
359 380
360 381
341 361
342 362
343 363
344 364
345 365
346 366
347 367
348 368
349 369
350 370
351 371
352 372
353 373
354 374
355 375
356 376
357 377
358 378
359 379
360 380
361 362
362 363
363 364
364 365
365 366
366 367
367 368
368 369
369 370
370 371
371 372
372 373
373 374
374 375
375 376
376 377
377 378
378 379
379 380
380 381
361 382
362 383
363 384
364 385
365 386
366 387
367 388
368 389
369 390
370 391
371 392
372 393
373 394
374 395
375 396
376 397
377 398
378 399
379 400
380 401
381 402
361 383
362 384
363 385
364 386
365 387
366 388
367 389
368 390
369 391
370 392
371 393
372 394
373 395
374 396
375 397
376 398
377 399
378 400
379 401
380 402
382 383
383 384
384 385
385 386
386 387
387 388
388 389
389 390
390 391
391 392
392 393
393 394
394 395
395 396
396 397
397 398
398 399
399 400
400 401
401 402
382 403
383 404
384 405
385 406
386 407
387 408
388 409
389 410
390 411
391 412
392 413
393 414
394 415
395 416
396 417
397 418
398 419
399 420
400 421
401 422
402 423
383 403
384 404
385 405
386 406
387 407
388 408
389 409
390 410
391 411
392 412
393 413
394 414
395 415
396 416
397 417
398 418
399 419
400 420
401 421
402 422
403 404
404 405
405 406
406 407
407 408
408 409
409 410
410 411
411 412
412 413
413 414
414 415
415 416
416 417
417 418
418 419
419 420
420 421
421 422
422 423
403 424
404 425
405 426
406 427
407 428
408 429
409 430
410 431
411 432
412 433
413 434
414 435
415 436
416 437
417 438
418 439
419 440
420 441
421 442
422 443
423 444
403 425
404 426
405 427
406 428
407 429
408 430
409 431
410 432
411 433
412 434
413 435
414 436
415 437
416 438
417 439
418 440
419 441
420 442
421 443
422 444
424 425
425 426
426 427
427 428
428 429
429 430
430 431
431 432
432 433
433 434
434 435
435 436
436 437
437 438
438 439
439 440
440 441
441 442
442 443
443 444
424 445
425 446
426 447
427 448
428 449
429 450
430 451
431 452
432 453
433 454
434 455
435 456
436 457
437 458
438 459
439 460
440 461
441 462
442 463
443 464
444 465
425 445
426 446
427 447
428 448
429 449
430 450
431 451
432 452
433 453
434 454
435 455
436 456
437 457
438 458
439 459
440 460
441 461
442 462
443 463
444 464
445 446
446 447
447 448
448 449
449 450
450 451
451 452
452 453
453 454
454 455
455 456
456 457
457 458
458 459
459 460
460 461
461 462
462 463
463 464
464 465
445 466
446 467
447 468
448 469
449 470
450 471
451 472
452 473
453 474
454 475
455 476
456 477
457 478
458 479
459 480
460 481
461 482
462 483
463 484
464 485
465 486
445 467
446 468
447 469
448 470
449 471
450 472
451 473
452 474
453 475
454 476
455 477
456 478
457 479
458 480
459 481
460 482
461 483
462 484
463 485
464 486
466 467
467 468
468 469
469 470
470 471
471 472
472 473
473 474
474 475
475 476
476 477
477 478
478 479
479 480
480 481
481 482
482 483
483 484
484 485
485 486
466 487
467 488
468 489
469 490
470 491
471 492
472 493
473 494
474 495
475 496
476 497
477 498
478 499
479 500
480 501
481 502
482 503
483 504
484 505
485 506
486 507
467 487
468 488
469 489
470 490
471 491
472 492
473 493
474 494
475 495
476 496
477 497
478 498
479 499
480 500
481 501
482 502
483 503
484 504
485 505
486 506
487 488
488 489
489 490
490 491
491 492
492 493
493 494
494 495
495 496
496 497
497 498
498 499
499 500
500 501
501 502
502 503
503 504
504 505
505 506
506 507
487 508
488 509
489 510
490 511
491 512
492 513
493 514
494 515
495 516
496 517
497 518
498 519
499 520
500 521
501 522
502 523
503 524
504 525
505 526
506 527
507 528
487 509
488 510
489 511
490 512
491 513
492 514
493 515
494 516
495 517
496 518
497 519
498 520
499 521
500 522
501 523
502 524
503 525
504 526
505 527
506 528
508 509
509 510
510 511
511 512
512 513
513 514
514 515
515 516
516 517
517 518
518 519
519 520
520 521
521 522
522 523
523 524
524 525
525 526
526 527
527 528
508 529
509 530
510 531
511 532
512 533
513 534
514 535
515 536
516 537
517 538
518 539
519 540
520 541
521 542
522 543
523 544
524 545
525 546
526 547
527 548
528 549
509 529
510 530
511 531
512 532
513 533
514 534
515 535
516 536
517 537
518 538
519 539
520 540
521 541
522 542
523 543
524 544
525 545
526 546
527 547
528 548
529 530
530 531
531 532
532 533
533 534
534 535
535 536
536 537
537 538
538 539
539 540
540 541
541 542
542 543
543 544
544 545
545 546
546 547
547 548
548 549
529 550
530 551
531 552
532 553
533 554
534 555
535 556
536 557
537 558
538 559
539 560
540 561
541 562
542 563
543 564
544 565
545 566
546 567
547 568
548 569
549 570
529 551
530 552
531 553
532 554
533 555
534 556
535 557
536 558
537 559
538 560
539 561
540 562
541 563
542 564
543 565
544 566
545 567
546 568
547 569
548 570
550 551
551 552
552 553
553 554
554 555
555 556
556 557
557 558
558 559
559 560
560 561
561 562
562 563
563 564
564 565
565 566
566 567
567 568
568 569
569 570
550 571
551 572
552 573
553 574
554 575
555 576
556 577
557 578
558 579
559 580
560 581
561 582
562 583
563 584
564 585
565 586
566 587
567 588
568 589
569 590
570 591
551 571
552 572
553 573
554 574
555 575
556 576
557 577
558 578
559 579
560 580
561 581
562 582
563 583
564 584
565 585
566 586
567 587
568 588
569 589
570 590
571 572
572 573
573 574
574 575
575 576
576 577
577 578
578 579
579 580
580 581
581 582
582 583
583 584
584 585
585 586
586 587
587 588
588 589
589 590
590 591
571 592
572 593
573 594
574 595
575 596
576 597
577 598
578 599
579 600
580 601
581 602
582 603
583 604
584 605
585 606
586 607
587 608
588 609
589 610
590 611
591 612
571 593
572 594
573 595
574 596
575 597
576 598
577 599
578 600
579 601
580 602
581 603
582 604
583 605
584 606
585 607
586 608
587 609
588 610
589 611
590 612
592 593
593 594
594 595
595 596
596 597
597 598
598 599
599 600
600 601
601 602
602 603
603 604
604 605
605 606
606 607
607 608
608 609
609 610
610 611
611 612
592 613
593 614
594 615
595 616
596 617
597 618
598 619
599 620
600 621
601 622
602 623
603 624
604 625
605 626
606 627
607 628
608 629
609 630
610 631
611 632
612 633
593 613
594 614
595 615
596 616
597 617
598 618
599 619
600 620
601 621
602 622
603 623
604 624
605 625
606 626
607 627
608 628
609 629
610 630
611 631
612 632
613 614
614 615
615 616
616 617
617 618
618 619
619 620
620 621
621 622
622 623
623 624
624 625
625 626
626 627
627 628
628 629
629 630
630 631
631 632
632 633
613 634
614 635
615 636
616 637
617 638
618 639
619 640
620 641
621 642
622 643
623 644
624 645
625 646
626 647
627 648
628 649
629 650
630 651
631 652
632 653
633 654
613 635
614 636
615 637
616 638
617 639
618 640
619 641
620 642
621 643
622 644
623 645
624 646
625 647
626 648
627 649
628 650
629 651
630 652
631 653
632 654
634 635
635 636
636 637
637 638
638 639
639 640
640 641
641 642
642 643
643 644
644 645
645 646
646 647
647 648
648 649
649 650
650 651
651 652
652 653
653 654
634 655
635 656
636 657
637 658
638 659
639 660
640 661
641 662
642 663
643 664
644 665
645 666
646 667
647 668
648 669
649 670
650 671
651 672
652 673
653 674
654 675
635 655
636 656
637 657
638 658
639 659
640 660
641 661
642 662
643 663
644 664
645 665
646 666
647 667
648 668
649 669
650 670
651 671
652 672
653 673
654 674
655 656
656 657
657 658
658 659
659 660
660 661
661 662
662 663
663 664
664 665
665 666
666 667
667 668
668 669
669 670
670 671
671 672
672 673
673 674
674 675
655 676
656 677
657 678
658 679
659 680
660 681
661 682
662 683
663 684
664 685
665 686
666 687
667 688
668 689
669 690
670 691
671 692
672 693
673 694
674 695
675 696
655 677
656 678
657 679
658 680
659 681
660 682
661 683
662 684
663 685
664 686
665 687
666 688
667 689
668 690
669 691
670 692
671 693
672 694
673 695
674 696
676 677
677 678
678 679
679 680
680 681
681 682
682 683
683 684
684 685
685 686
686 687
687 688
688 689
689 690
690 691
691 692
692 693
693 694
694 695
695 696
676 697
677 698
678 699
679 700
680 701
681 702
682 703
683 704
684 705
685 706
686 707
687 708
688 709
689 710
690 711
691 712
692 713
693 714
694 715
695 716
696 717
677 697
678 698
679 699
680 700
681 701
682 702
683 703
684 704
685 705
686 706
687 707
688 708
689 709
690 710
691 711
692 712
693 713
694 714
695 715
696 716
697 698
698 699
699 700
700 701
701 702
702 703
703 704
704 705
705 706
706 707
707 708
708 709
709 710
710 711
711 712
712 713
713 714
714 715
715 716
716 717
697 718
698 719
699 720
700 721
701 722
702 723
703 724
704 725
705 726
706 727
707 728
708 729
709 730
710 731
711 732
712 733
713 734
714 735
715 736
716 737
717 738
697 719
698 720
699 721
700 722
701 723
702 724
703 725
704 726
705 727
706 728
707 729
708 730
709 731
710 732
711 733
712 734
713 735
714 736
715 737
716 738
718 719
719 720
720 721
721 722
722 723
723 724
724 725
725 726
726 727
727 728
728 729
729 730
730 731
731 732
732 733
733 734
734 735
735 736
736 737
737 738
718 739
719 740
720 741
721 742
722 743
723 744
724 745
725 746
726 747
727 748
728 749
729 750
730 751
731 752
732 753
733 754
734 755
735 756
736 757
737 758
738 759
719 739
720 740
721 741
722 742
723 743
724 744
725 745
726 746
727 747
728 748
729 749
730 750
731 751
732 752
733 753
734 754
735 755
736 756
737 757
738 758
739 740
740 741
741 742
742 743
743 744
744 745
745 746
746 747
747 748
748 749
749 750
750 751
751 752
752 753
753 754
754 755
755 756
756 757
757 758
758 759
739 760
740 761
741 762
742 763
743 764
744 765
745 766
746 767
747 768
748 769
749 770
750 771
751 772
752 773
753 774
754 775
755 776
756 777
757 778
758 779
759 780
739 761
740 762
741 763
742 764
743 765
744 766
745 767
746 768
747 769
748 770
749 771
750 772
751 773
752 774
753 775
754 776
755 777
756 778
757 779
758 780
760 761
761 762
762 763
763 764
764 765
765 766
766 767
767 768
768 769
769 770
770 771
771 772
772 773
773 774
774 775
775 776
776 777
777 778
778 779
779 780
760 781
761 782
762 783
763 784
764 785
765 786
766 787
767 788
768 789
769 790
770 791
771 792
772 793
773 794
774 795
775 796
776 797
777 798
778 799
779 800
780 801
761 781
762 782
763 783
764 784
765 785
766 786
767 787
768 788
769 789
770 790
771 791
772 792
773 793
774 794
775 795
776 796
777 797
778 798
779 799
780 800
781 782
782 783
783 784
784 785
785 786
786 787
787 788
788 789
789 790
790 791
791 792
792 793
793 794
794 795
795 796
796 797
797 798
798 799
799 800
800 801
781 802
782 803
783 804
784 805
785 806
786 807
787 808
788 809
789 810
790 811
791 812
792 813
793 814
794 815
795 816
796 817
797 818
798 819
799 820
800 821
801 822
781 803
782 804
783 805
784 806
785 807
786 808
787 809
788 810
789 811
790 812
791 813
792 814
793 815
794 816
795 817
796 818
797 819
798 820
799 821
800 822
802 803
803 804
804 805
805 806
806 807
807 808
808 809
809 810
810 811
811 812
812 813
813 814
814 815
815 816
816 817
817 818
818 819
819 820
820 821
821 822
802 823
803 824
804 825
805 826
806 827
807 828
808 829
809 830
810 831
811 832
812 833
813 834
814 835
815 836
816 837
817 838
818 839
819 840
820 841
821 842
822 843
803 823
804 824
805 825
806 826
807 827
808 828
809 829
810 830
811 831
812 832
813 833
814 834
815 835
816 836
817 837
818 838
819 839
820 840
821 841
822 842
823 824
824 825
825 826
826 827
827 828
828 829
829 830
830 831
831 832
832 833
833 834
834 835
835 836
836 837
837 838
838 839
839 840
840 841
841 842
842 843
823 844
824 845
825 846
826 847
827 848
828 849
829 850
830 851
831 852
832 853
833 854
834 855
835 856
836 857
837 858
838 859
839 860
840 861
841 862
842 863
843 864
823 845
824 846
825 847
826 848
827 849
828 850
829 851
830 852
831 853
832 854
833 855
834 856
835 857
836 858
837 859
838 860
839 861
840 862
841 863
842 864
844 845
845 846
846 847
847 848
848 849
849 850
850 851
851 852
852 853
853 854
854 855
855 856
856 857
857 858
858 859
859 860
860 861
861 862
862 863
863 864
844 865
845 866
846 867
847 868
848 869
849 870
850 871
851 872
852 873
853 874
854 875
855 876
856 877
857 878
858 879
859 880
860 881
861 882
862 883
863 884
864 885
845 865
846 866
847 867
848 868
849 869
850 870
851 871
852 872
853 873
854 874
855 875
856 876
857 877
858 878
859 879
860 880
861 881
862 882
863 883
864 884
865 866
866 867
867 868
868 869
869 870
870 871
871 872
872 873
873 874
874 875
875 876
876 877
877 878
878 879
879 880
880 881
881 882
882 883
883 884
884 885
865 886
866 887
867 888
868 889
869 890
870 891
871 892
872 893
873 894
874 895
875 896
876 897
877 898
878 899
879 900
880 901
881 902
882 903
883 904
884 905
885 906
865 887
866 888
867 889
868 890
869 891
870 892
871 893
872 894
873 895
874 896
875 897
876 898
877 899
878 900
879 901
880 902
881 903
882 904
883 905
884 906
886 887
887 888
888 889
889 890
890 891
891 892
892 893
893 894
894 895
895 896
896 897
897 898
898 899
899 900
900 901
901 902
902 903
903 904
904 905
905 906
886 907
887 908
888 909
889 910
890 911
891 912
892 913
893 914
894 915
895 916
896 917
897 918
898 919
899 920
900 921
901 922
902 923
903 924
904 925
905 926
906 927
887 907
888 908
889 909
890 910
891 911
892 912
893 913
894 914
895 915
896 916
897 917
898 918
899 919
900 920
901 921
902 922
903 923
904 924
905 925
906 926
907 908
908 909
909 910
910 911
911 912
912 913
913 914
914 915
915 916
916 917
917 918
918 919
919 920
920 921
921 922
922 923
923 924
924 925
925 926
926 927
907 928
908 929
909 930
910 931
911 932
912 933
913 934
914 935
915 936
916 937
917 938
918 939
919 940
920 941
921 942
922 943
923 944
924 945
925 946
926 947
927 948
907 929
908 930
909 931
910 932
911 933
912 934
913 935
914 936
915 937
916 938
917 939
918 940
919 941
920 942
921 943
922 944
923 945
924 946
925 947
926 948
928 929
929 930
930 931
931 932
932 933
933 934
934 935
935 936
936 937
937 938
938 939
939 940
940 941
941 942
942 943
943 944
944 945
945 946
946 947
947 948
928 949
929 950
930 951
931 952
932 953
933 954
934 955
935 956
936 957
937 958
938 959
939 960
940 961
941 962
942 963
943 964
944 965
945 966
946 967
947 968
948 969
929 949
930 950
931 951
932 952
933 953
934 954
935 955
936 956
937 957
938 958
939 959
940 960
941 961
942 962
943 963
944 964
945 965
946 966
947 967
948 968
949 950
950 951
951 952
952 953
953 954
954 955
955 956
956 957
957 958
958 959
959 960
960 961
961 962
962 963
963 964
964 965
965 966
966 967
967 968
968 969
949 970
950 971
951 972
952 973
953 974
954 975
955 976
956 977
957 978
958 979
959 980
960 981
961 982
962 983
963 984
964 985
965 986
966 987
967 988
968 989
969 990
949 971
950 972
951 973
952 974
953 975
954 976
955 977
956 978
957 979
958 980
959 981
960 982
961 983
962 984
963 985
964 986
965 987
966 988
967 989
968 990
970 971
971 972
972 973
973 974
974 975
975 976
976 977
977 978
978 979
979 980
980 981
981 982
982 983
983 984
984 985
985 986
986 987
987 988
988 989
989 990
970 991
971 992
972 993
973 994
974 995
975 996
976 997
977 998
978 999
979 1000
980 1001
981 1002
982 1003
983 1004
984 1005
985 1006
986 1007
987 1008
988 1009
989 1010
990 1011
971 991
972 992
973 993
974 994
975 995
976 996
977 997
978 998
979 999
980 1000
981 1001
982 1002
983 1003
984 1004
985 1005
986 1006
987 1007
988 1008
989 1009
990 1010
991 992
992 993
993 994
994 995
995 996
996 997
997 998
998 999
999 1000
1000 1001
1001 1002
1002 1003
1003 1004
1004 1005
1005 1006
1006 1007
1007 1008
1008 1009
1009 1010
1010 1011
991 1012
992 1013
993 1014
994 1015
995 1016
996 1017
997 1018
998 1019
999 1020
1000 1021
1001 1022
1002 1023
1003 1024
1004 1025
1005 1026
1006 1027
1007 1028
1008 1029
1009 1030
1010 1031
1011 1032
991 1013
992 1014
993 1015
994 1016
995 1017
996 1018
997 1019
998 1020
999 1021
1000 1022
1001 1023
1002 1024
1003 1025
1004 1026
1005 1027
1006 1028
1007 1029
1008 1030
1009 1031
1010 1032
1012 1013
1013 1014
1014 1015
1015 1016
1016 1017
1017 1018
1018 1019
1019 1020
1020 1021
1021 1022
1022 1023
1023 1024
1024 1025
1025 1026
1026 1027
1027 1028
1028 1029
1029 1030
1030 1031
1031 1032
1012 1033
1013 1034
1014 1035
1015 1036
1016 1037
1017 1038
1018 1039
1019 1040
1020 1041
1021 1042
1022 1043
1023 1044
1024 1045
1025 1046
1026 1047
1027 1048
1028 1049
1029 1050
1030 1051
1031 1052
1032 1053
1013 1033
1014 1034
1015 1035
1016 1036
1017 1037
1018 1038
1019 1039
1020 1040
1021 1041
1022 1042
1023 1043
1024 1044
1025 1045
1026 1046
1027 1047
1028 1048
1029 1049
1030 1050
1031 1051
1032 1052
1033 1034
1034 1035
1035 1036
1036 1037
1037 1038
1038 1039
1039 1040
1040 1041
1041 1042
1042 1043
1043 1044
1044 1045
1045 1046
1046 1047
1047 1048
1048 1049
1049 1050
1050 1051
1051 1052
1052 1053
1033 1054
1034 1055
1035 1056
1036 1057
1037 1058
1038 1059
1039 1060
1040 1061
1041 1062
1042 1063
1043 1064
1044 1065
1045 1066
1046 1067
1047 1068
1048 1069
1049 1070
1050 1071
1051 1072
1052 1073
1053 1074
1033 1055
1034 1056
1035 1057
1036 1058
1037 1059
1038 1060
1039 1061
1040 1062
1041 1063
1042 1064
1043 1065
1044 1066
1045 1067
1046 1068
1047 1069
1048 1070
1049 1071
1050 1072
1051 1073
1052 1074
1054 1055
1055 1056
1056 1057
1057 1058
1058 1059
1059 1060
1060 1061
1061 1062
1062 1063
1063 1064
1064 1065
1065 1066
1066 1067
1067 1068
1068 1069
1069 1070
1070 1071
1071 1072
1072 1073
1073 1074
1054 1075
1055 1076
1056 1077
1057 1078
1058 1079
1059 1080
1060 1081
1061 1082
1062 1083
1063 1084
1064 1085
1065 1086
1066 1087
1067 1088
1068 1089
1069 1090
1070 1091
1071 1092
1072 1093
1073 1094
1074 1095
1055 1075
1056 1076
1057 1077
1058 1078
1059 1079
1060 1080
1061 1081
1062 1082
1063 1083
1064 1084
1065 1085
1066 1086
1067 1087
1068 1088
1069 1089
1070 1090
1071 1091
1072 1092
1073 1093
1074 1094
1075 1076
1076 1077
1077 1078
1078 1079
1079 1080
1080 1081
1081 1082
1082 1083
1083 1084
1084 1085
1085 1086
1086 1087
1087 1088
1088 1089
1089 1090
1090 1091
1091 1092
1092 1093
1093 1094
1094 1095
1075 1096
1076 1097
1077 1098
1078 1099
1079 1100
1080 1101
1081 1102
1082 1103
1083 1104
1084 1105
1085 1106
1086 1107
1087 1108
1088 1109
1089 1110
1090 1111
1091 1112
1092 1113
1093 1114
1094 1115
1095 1116
1075 1097
1076 1098
1077 1099
1078 1100
1079 1101
1080 1102
1081 1103
1082 1104
1083 1105
1084 1106
1085 1107
1086 1108
1087 1109
1088 1110
1089 1111
1090 1112
1091 1113
1092 1114
1093 1115
1094 1116
1096 1097
1097 1098
1098 1099
1099 1100
1100 1101
1101 1102
1102 1103
1103 1104
1104 1105
1105 1106
1106 1107
1107 1108
1108 1109
1109 1110
1110 1111
1111 1112
1112 1113
1113 1114
1114 1115
1115 1116
1096 1117
1097 1118
1098 1119
1099 1120
1100 1121
1101 1122
1102 1123
1103 1124
1104 1125
1105 1126
1106 1127
1107 1128
1108 1129
1109 1130
1110 1131
1111 1132
1112 1133
1113 1134
1114 1135
1115 1136
1116 1137
1097 1117
1098 1118
1099 1119
1100 1120
1101 1121
1102 1122
1103 1123
1104 1124
1105 1125
1106 1126
1107 1127
1108 1128
1109 1129
1110 1130
1111 1131
1112 1132
1113 1133
1114 1134
1115 1135
1116 1136
1 4
2 34
3 1126
1 550
