991 2826 250
-71 -1500
5359 400
5373 -3400
200 400
300 400
600 400
700 400
1000 400
1100 400
1400 400
1500 400
1800 400
1900 400
2200 400
2300 400
2600 400
2700 400
3000 400
3100 400
3400 400
3500 400
3800 400
3900 400
4200 400
4300 400
4600 400
4700 400
5000 400
5100 400
100 300
400 300
500 300
800 300
900 300
1200 300
1300 300
1600 300
1700 300
2000 300
2100 300
2400 300
2500 300
2800 300
2900 300
3200 300
3300 300
3600 300
3700 300
4000 300
4100 300
4400 300
4500 300
4800 300
4900 300
5200 300
200 200
300 200
600 200
700 200
1000 200
1100 200
1400 200
1500 200
1800 200
1900 200
2200 200
2300 200
2600 200
2700 200
3000 200
3100 200
3400 200
3500 200
3800 200
3900 200
4200 200
4300 200
4600 200
4700 200
5000 200
5100 200
100 100
400 100
500 100
800 100
900 100
1200 100
1300 100
1600 100
1700 100
2000 100
2100 100
2400 100
2500 100
2800 100
2900 100
3200 100
3300 100
3600 100
3700 100
4000 100
4100 100
4400 100
4500 100
4800 100
4900 100
5200 100
200 0
300 0
600 0
700 0
1000 0
1100 0
1400 0
1500 0
1800 0
1900 0
2200 0
2300 0
2600 0
2700 0
3000 0
3100 0
3400 0
3500 0
3800 0
3900 0
4200 0
4300 0
4600 0
4700 0
5000 0
5100 0
100 -100
400 -100
500 -100
800 -100
900 -100
1200 -100
1300 -100
1600 -100
1700 -100
2000 -100
2100 -100
2400 -100
2500 -100
2800 -100
2900 -100
3200 -100
3300 -100
3600 -100
3700 -100
4000 -100
4100 -100
4400 -100
4500 -100
4800 -100
4900 -100
5200 -100
200 -200
300 -200
600 -200
700 -200
1000 -200
1100 -200
1400 -200
1500 -200
1800 -200
1900 -200
2200 -200
2300 -200
2600 -200
2700 -200
3000 -200
3100 -200
3400 -200
3500 -200
3800 -200
3900 -200
4200 -200
4300 -200
4600 -200
4700 -200
5000 -200
5100 -200
100 -300
400 -300
500 -300
800 -300
900 -300
1200 -300
1300 -300
1600 -300
1700 -300
2000 -300
2100 -300
2400 -300
2500 -300
2800 -300
2900 -300
3200 -300
3300 -300
3600 -300
3700 -300
4000 -300
4100 -300
4400 -300
4500 -300
4800 -300
4900 -300
5200 -300
200 -400
300 -400
600 -400
700 -400
1000 -400
1100 -400
1400 -400
1500 -400
1800 -400
1900 -400
2200 -400
2300 -400
2600 -400
2700 -400
3000 -400
3100 -400
3400 -400
3500 -400
3800 -400
3900 -400
4200 -400
4300 -400
4600 -400
4700 -400
5000 -400
5100 -400
100 -500
400 -500
500 -500
800 -500
900 -500
1200 -500
1300 -500
1600 -500
1700 -500
2000 -500
2100 -500
2400 -500
2500 -500
2800 -500
2900 -500
3200 -500
3300 -500
3600 -500
3700 -500
4000 -500
4100 -500
4400 -500
4500 -500
4800 -500
4900 -500
5200 -500
200 -600
300 -600
600 -600
700 -600
1000 -600
1100 -600
1400 -600
1500 -600
1800 -600
1900 -600
2200 -600
2300 -600
2600 -600
2700 -600
3000 -600
3100 -600
3400 -600
3500 -600
3800 -600
3900 -600
4200 -600
4300 -600
4600 -600
4700 -600
5000 -600
5100 -600
100 -700
400 -700
500 -700
800 -700
900 -700
1200 -700
1300 -700
1600 -700
1700 -700
2000 -700
2100 -700
2400 -700
2500 -700
2800 -700
2900 -700
3200 -700
3300 -700
3600 -700
3700 -700
4000 -700
4100 -700
4400 -700
4500 -700
4800 -700
4900 -700
5200 -700
200 -800
300 -800
600 -800
700 -800
1000 -800
1100 -800
1400 -800
1500 -800
1800 -800
1900 -800
2200 -800
2300 -800
2600 -800
2700 -800
3000 -800
3100 -800
3400 -800
3500 -800
3800 -800
3900 -800
4200 -800
4300 -800
4600 -800
4700 -800
5000 -800
5100 -800
100 -900
400 -900
500 -900
800 -900
900 -900
1200 -900
1300 -900
1600 -900
1700 -900
2000 -900
2100 -900
2400 -900
2500 -900
2800 -900
2900 -900
3200 -900
3300 -900
3600 -900
3700 -900
4000 -900
4100 -900
4400 -900
4500 -900
4800 -900
4900 -900
5200 -900
200 -1000
300 -1000
600 -1000
700 -1000
1000 -1000
1100 -1000
1400 -1000
1500 -1000
1800 -1000
1900 -1000
2200 -1000
2300 -1000
2600 -1000
2700 -1000
3000 -1000
3100 -1000
3400 -1000
3500 -1000
3800 -1000
3900 -1000
4200 -1000
4300 -1000
4600 -1000
4700 -1000
5000 -1000
5100 -1000
100 -1100
400 -1100
500 -1100
800 -1100
900 -1100
1200 -1100
1300 -1100
1600 -1100
1700 -1100
2000 -1100
2100 -1100
2400 -1100
2500 -1100
2800 -1100
2900 -1100
3200 -1100
3300 -1100
3600 -1100
3700 -1100
4000 -1100
4100 -1100
4400 -1100
4500 -1100
4800 -1100
4900 -1100
5200 -1100
200 -1200
300 -1200
600 -1200
700 -1200
1000 -1200
1100 -1200
1400 -1200
1500 -1200
1800 -1200
1900 -1200
2200 -1200
2300 -1200
2600 -1200
2700 -1200
3000 -1200
3100 -1200
3400 -1200
3500 -1200
3800 -1200
3900 -1200
4200 -1200
4300 -1200
4600 -1200
4700 -1200
5000 -1200
5100 -1200
100 -1300
400 -1300
500 -1300
800 -1300
900 -1300
1200 -1300
1300 -1300
1600 -1300
1700 -1300
2000 -1300
2100 -1300
2400 -1300
2500 -1300
2800 -1300
2900 -1300
3200 -1300
3300 -1300
3600 -1300
3700 -1300
4000 -1300
4100 -1300
4400 -1300
4500 -1300
4800 -1300
4900 -1300
5200 -1300
200 -1400
300 -1400
600 -1400
700 -1400
1000 -1400
1100 -1400
1400 -1400
1500 -1400
1800 -1400
1900 -1400
2200 -1400
2300 -1400
2600 -1400
2700 -1400
3000 -1400
3100 -1400
3400 -1400
3500 -1400
3800 -1400
3900 -1400
4200 -1400
4300 -1400
4600 -1400
4700 -1400
5000 -1400
5100 -1400
100 -1500
400 -1500
500 -1500
800 -1500
900 -1500
1200 -1500
1300 -1500
1600 -1500
1700 -1500
2000 -1500
2100 -1500
2400 -1500
2500 -1500
2800 -1500
2900 -1500
3200 -1500
3300 -1500
3600 -1500
3700 -1500
4000 -1500
4100 -1500
4400 -1500
4500 -1500
4800 -1500
4900 -1500
5200 -1500
200 -1600
300 -1600
600 -1600
700 -1600
1000 -1600
1100 -1600
1400 -1600
1500 -1600
1800 -1600
1900 -1600
2200 -1600
2300 -1600
2600 -1600
2700 -1600
3000 -1600
3100 -1600
3400 -1600
3500 -1600
3800 -1600
3900 -1600
4200 -1600
4300 -1600
4600 -1600
4700 -1600
5000 -1600
5100 -1600
100 -1700
400 -1700
500 -1700
800 -1700
900 -1700
1200 -1700
1300 -1700
1600 -1700
1700 -1700
2000 -1700
2100 -1700
2400 -1700
2500 -1700
2800 -1700
2900 -1700
3200 -1700
3300 -1700
3600 -1700
3700 -1700
4000 -1700
4100 -1700
4400 -1700
4500 -1700
4800 -1700
4900 -1700
5200 -1700
200 -1800
300 -1800
600 -1800
700 -1800
1000 -1800
1100 -1800
1400 -1800
1500 -1800
1800 -1800
1900 -1800
2200 -1800
2300 -1800
2600 -1800
2700 -1800
3000 -1800
3100 -1800
3400 -1800
3500 -1800
3800 -1800
3900 -1800
4200 -1800
4300 -1800
4600 -1800
4700 -1800
5000 -1800
5100 -1800
100 -1900
400 -1900
500 -1900
800 -1900
900 -1900
1200 -1900
1300 -1900
1600 -1900
1700 -1900
2000 -1900
2100 -1900
2400 -1900
2500 -1900
2800 -1900
2900 -1900
3200 -1900
3300 -1900
3600 -1900
3700 -1900
4000 -1900
4100 -1900
4400 -1900
4500 -1900
4800 -1900
4900 -1900
5200 -1900
200 -2000
300 -2000
600 -2000
700 -2000
1000 -2000
1100 -2000
1400 -2000
1500 -2000
1800 -2000
1900 -2000
2200 -2000
2300 -2000
2600 -2000
2700 -2000
3000 -2000
3100 -2000
3400 -2000
3500 -2000
3800 -2000
3900 -2000
4200 -2000
4300 -2000
4600 -2000
4700 -2000
5000 -2000
5100 -2000
100 -2100
400 -2100
500 -2100
800 -2100
900 -2100
1200 -2100
1300 -2100
1600 -2100
1700 -2100
2000 -2100
2100 -2100
2400 -2100
2500 -2100
2800 -2100
2900 -2100
3200 -2100
3300 -2100
3600 -2100
3700 -2100
4000 -2100
4100 -2100
4400 -2100
4500 -2100
4800 -2100
4900 -2100
5200 -2100
200 -2200
300 -2200
600 -2200
700 -2200
1000 -2200
1100 -2200
1400 -2200
1500 -2200
1800 -2200
1900 -2200
2200 -2200
2300 -2200
2600 -2200
2700 -2200
3000 -2200
3100 -2200
3400 -2200
3500 -2200
3800 -2200
3900 -2200
4200 -2200
4300 -2200
4600 -2200
4700 -2200
5000 -2200
5100 -2200
100 -2300
400 -2300
500 -2300
800 -2300
900 -2300
1200 -2300
1300 -2300
1600 -2300
1700 -2300
2000 -2300
2100 -2300
2400 -2300
2500 -2300
2800 -2300
2900 -2300
3200 -2300
3300 -2300
3600 -2300
3700 -2300
4000 -2300
4100 -2300
4400 -2300
4500 -2300
4800 -2300
4900 -2300
5200 -2300
200 -2400
300 -2400
600 -2400
700 -2400
1000 -2400
1100 -2400
1400 -2400
1500 -2400
1800 -2400
1900 -2400
2200 -2400
2300 -2400
2600 -2400
2700 -2400
3000 -2400
3100 -2400
3400 -2400
3500 -2400
3800 -2400
3900 -2400
4200 -2400
4300 -2400
4600 -2400
4700 -2400
5000 -2400
5100 -2400
100 -2500
400 -2500
500 -2500
800 -2500
900 -2500
1200 -2500
1300 -2500
1600 -2500
1700 -2500
2000 -2500
2100 -2500
2400 -2500
2500 -2500
2800 -2500
2900 -2500
3200 -2500
3300 -2500
3600 -2500
3700 -2500
4000 -2500
4100 -2500
4400 -2500
4500 -2500
4800 -2500
4900 -2500
5200 -2500
200 -2600
300 -2600
600 -2600
700 -2600
1000 -2600
1100 -2600
1400 -2600
1500 -2600
1800 -2600
1900 -2600
2200 -2600
2300 -2600
2600 -2600
2700 -2600
3000 -2600
3100 -2600
3400 -2600
3500 -2600
3800 -2600
3900 -2600
4200 -2600
4300 -2600
4600 -2600
4700 -2600
5000 -2600
5100 -2600
100 -2700
400 -2700
500 -2700
800 -2700
900 -2700
1200 -2700
1300 -2700
1600 -2700
1700 -2700
2000 -2700
2100 -2700
2400 -2700
2500 -2700
2800 -2700
2900 -2700
3200 -2700
3300 -2700
3600 -2700
3700 -2700
4000 -2700
4100 -2700
4400 -2700
4500 -2700
4800 -2700
4900 -2700
5200 -2700
200 -2800
300 -2800
600 -2800
700 -2800
1000 -2800
1100 -2800
1400 -2800
1500 -2800
1800 -2800
1900 -2800
2200 -2800
2300 -2800
2600 -2800
2700 -2800
3000 -2800
3100 -2800
3400 -2800
3500 -2800
3800 -2800
3900 -2800
4200 -2800
4300 -2800
4600 -2800
4700 -2800
5000 -2800
5100 -2800
100 -2900
400 -2900
500 -2900
800 -2900
900 -2900
1200 -2900
1300 -2900
1600 -2900
1700 -2900
2000 -2900
2100 -2900
2400 -2900
2500 -2900
2800 -2900
2900 -2900
3200 -2900
3300 -2900
3600 -2900
3700 -2900
4000 -2900
4100 -2900
4400 -2900
4500 -2900
4800 -2900
4900 -2900
5200 -2900
200 -3000
300 -3000
600 -3000
700 -3000
1000 -3000
1100 -3000
1400 -3000
1500 -3000
1800 -3000
1900 -3000
2200 -3000
2300 -3000
2600 -3000
2700 -3000
3000 -3000
3100 -3000
3400 -3000
3500 -3000
3800 -3000
3900 -3000
4200 -3000
4300 -3000
4600 -3000
4700 -3000
5000 -3000
5100 -3000
100 -3100
400 -3100
500 -3100
800 -3100
900 -3100
1200 -3100
1300 -3100
1600 -3100
1700 -3100
2000 -3100
2100 -3100
2400 -3100
2500 -3100
2800 -3100
2900 -3100
3200 -3100
3300 -3100
3600 -3100
3700 -3100
4000 -3100
4100 -3100
4400 -3100
4500 -3100
4800 -3100
4900 -3100
5200 -3100
200 -3200
300 -3200
600 -3200
700 -3200
1000 -3200
1100 -3200
1400 -3200
1500 -3200
1800 -3200
1900 -3200
2200 -3200
2300 -3200
2600 -3200
2700 -3200
3000 -3200
3100 -3200
3400 -3200
3500 -3200
3800 -3200
3900 -3200
4200 -3200
4300 -3200
4600 -3200
4700 -3200
5000 -3200
5100 -3200
100 -3300
400 -3300
500 -3300
800 -3300
900 -3300
1200 -3300
1300 -3300
1600 -3300
1700 -3300
2000 -3300
2100 -3300
2400 -3300
2500 -3300
2800 -3300
2900 -3300
3200 -3300
3300 -3300
3600 -3300
3700 -3300
4000 -3300
4100 -3300
4400 -3300
4500 -3300
4800 -3300
4900 -3300
5200 -3300
4 56
5 57
6 58
7 59
8 60
9 61
10 62
11 63
12 64
13 65
14 66
15 67
16 68
17 69
18 70
19 71
20 72
21 73
22 74
23 75
24 76
25 77
26 78
27 79
28 80
29 81
4 57
6 59
8 61
10 63
12 65
14 67
16 69
18 71
20 73
22 75
24 77
26 79
28 81
4 5
6 7
8 9
10 11
12 13
14 15
16 17
18 19
20 21
22 23
24 25
26 27
28 29
5 31
7 33
9 35
11 37
13 39
15 41
17 43
19 45
21 47
23 49
25 51
27 53
29 55
4 30
6 32
8 34
10 36
12 38
14 40
16 42
18 44
20 46
22 48
24 50
26 52
28 54
30 82
31 83
32 84
33 85
34 86
35 87
36 88
37 89
38 90
39 91
40 92
41 93
42 94
43 95
44 96
45 97
46 98
47 99
48 100
49 101
50 102
51 103
52 104
53 105
54 106
55 107
31 84
33 86
35 88
37 90
39 92
41 94
43 96
45 98
47 100
49 102
51 104
53 106
31 32
33 34
35 36
37 38
39 40
41 42
43 44
45 46
47 48
49 50
51 52
53 54
30 56
32 58
34 60
36 62
38 64
40 66
42 68
44 70
46 72
48 74
50 76
52 78
54 80
31 57
33 59
35 61
37 63
39 65
41 67
43 69
45 71
47 73
49 75
51 77
53 79
55 81
56 108
57 109
58 110
59 111
60 112
61 113
62 114
63 115
64 116
65 117
66 118
67 119
68 120
69 121
70 122
71 123
72 124
73 125
74 126
75 127
76 128
77 129
78 130
79 131
80 132
81 133
56 109
58 111
60 113
62 115
64 117
66 119
68 121
70 123
72 125
74 127
76 129
78 131
80 133
56 57
58 59
60 61
62 63
64 65
66 67
68 69
70 71
72 73
74 75
76 77
78 79
80 81
57 83
59 85
61 87
63 89
65 91
67 93
69 95
71 97
73 99
75 101
77 103
79 105
81 107
56 82
58 84
60 86
62 88
64 90
66 92
68 94
70 96
72 98
74 100
76 102
78 104
80 106
82 134
83 135
84 136
85 137
86 138
87 139
88 140
89 141
90 142
91 143
92 144
93 145
94 146
95 147
96 148
97 149
98 150
99 151
100 152
101 153
102 154
103 155
104 156
105 157
106 158
107 159
83 136
85 138
87 140
89 142
91 144
93 146
95 148
97 150
99 152
101 154
103 156
105 158
83 84
85 86
87 88
89 90
91 92
93 94
95 96
97 98
99 100
101 102
103 104
105 106
82 108
84 110
86 112
88 114
90 116
92 118
94 120
96 122
98 124
100 126
102 128
104 130
106 132
83 109
85 111
87 113
89 115
91 117
93 119
95 121
97 123
99 125
101 127
103 129
105 131
107 133
108 160
109 161
110 162
111 163
112 164
113 165
114 166
115 167
116 168
117 169
118 170
119 171
120 172
121 173
122 174
123 175
124 176
125 177
126 178
127 179
128 180
129 181
130 182
131 183
132 184
133 185
108 161
110 163
112 165
114 167
116 169
118 171
120 173
122 175
124 177
126 179
128 181
130 183
132 185
108 109
110 111
112 113
114 115
116 117
118 119
120 121
122 123
124 125
126 127
128 129
130 131
132 133
109 135
111 137
113 139
115 141
117 143
119 145
121 147
123 149
125 151
127 153
129 155
131 157
133 159
108 134
110 136
112 138
114 140
116 142
118 144
120 146
122 148
124 150
126 152
128 154
130 156
132 158
134 186
135 187
136 188
137 189
138 190
139 191
140 192
141 193
142 194
143 195
144 196
145 197
146 198
147 199
148 200
149 201
150 202
151 203
152 204
153 205
154 206
155 207
156 208
157 209
158 210
159 211
135 188
137 190
139 192
141 194
143 196
145 198
147 200
149 202
151 204
153 206
155 208
157 210
135 136
137 138
139 140
141 142
143 144
145 146
147 148
149 150
151 152
153 154
155 156
157 158
134 160
136 162
138 164
140 166
142 168
144 170
146 172
148 174
150 176
152 178
154 180
156 182
158 184
135 161
137 163
139 165
141 167
143 169
145 171
147 173
149 175
151 177
153 179
155 181
157 183
159 185
160 212
161 213
162 214
163 215
164 216
165 217
166 218
167 219
168 220
169 221
170 222
171 223
172 224
173 225
174 226
175 227
176 228
177 229
178 230
179 231
180 232
181 233
182 234
183 235
184 236
185 237
160 213
162 215
164 217
166 219
168 221
170 223
172 225
174 227
176 229
178 231
180 233
182 235
184 237
160 161
162 163
164 165
166 167
168 169
170 171
172 173
174 175
176 177
178 179
180 181
182 183
184 185
161 187
163 189
165 191
167 193
169 195
171 197
173 199
175 201
177 203
179 205
181 207
183 209
185 211
160 186
162 188
164 190
166 192
168 194
170 196
172 198
174 200
176 202
178 204
180 206
182 208
184 210
186 238
187 239
188 240
189 241
190 242
191 243
192 244
193 245
194 246
195 247
196 248
197 249
198 250
199 251
200 252
201 253
202 254
203 255
204 256
205 257
206 258
207 259
208 260
209 261
210 262
211 263
187 240
189 242
191 244
193 246
195 248
197 250
199 252
201 254
203 256
205 258
207 260
209 262
187 188
189 190
191 192
193 194
195 196
197 198
199 200
201 202
203 204
205 206
207 208
209 210
186 212
188 214
190 216
192 218
194 220
196 222
198 224
200 226
202 228
204 230
206 232
208 234
210 236
187 213
189 215
191 217
193 219
195 221
197 223
199 225
201 227
203 229
205 231
207 233
209 235
211 237
212 264
213 265
214 266
215 267
216 268
217 269
218 270
219 271
220 272
221 273
222 274
223 275
224 276
225 277
226 278
227 279
228 280
229 281
230 282
231 283
232 284
233 285
234 286
235 287
236 288
237 289
212 265
214 267
216 269
218 271
220 273
222 275
224 277
226 279
228 281
230 283
232 285
234 287
236 289
212 213
214 215
216 217
218 219
220 221
222 223
224 225
226 227
228 229
230 231
232 233
234 235
236 237
213 239
215 241
217 243
219 245
221 247
223 249
225 251
227 253
229 255
231 257
233 259
235 261
237 263
212 238
214 240
216 242
218 244
220 246
222 248
224 250
226 252
228 254
230 256
232 258
234 260
236 262
238 290
239 291
240 292
241 293
242 294
243 295
244 296
245 297
246 298
247 299
248 300
249 301
250 302
251 303
252 304
253 305
254 306
255 307
256 308
257 309
258 310
259 311
260 312
261 313
262 314
263 315
239 292
241 294
243 296
245 298
247 300
249 302
251 304
253 306
255 308
257 310
259 312
261 314
239 240
241 242
243 244
245 246
247 248
249 250
251 252
253 254
255 256
257 258
259 260
261 262
238 264
240 266
242 268
244 270
246 272
248 274
250 276
252 278
254 280
256 282
258 284
260 286
262 288
239 265
241 267
243 269
245 271
247 273
249 275
251 277
253 279
255 281
257 283
259 285
261 287
263 289
264 316
265 317
266 318
267 319
268 320
269 321
270 322
271 323
272 324
273 325
274 326
275 327
276 328
277 329
278 330
279 331
280 332
281 333
282 334
283 335
284 336
285 337
286 338
287 339
288 340
289 341
264 317
266 319
268 321
270 323
272 325
274 327
276 329
278 331
280 333
282 335
284 337
286 339
288 341
264 265
266 267
268 269
270 271
272 273
274 275
276 277
278 279
280 281
282 283
284 285
286 287
288 289
265 291
267 293
269 295
271 297
273 299
275 301
277 303
279 305
281 307
283 309
285 311
287 313
289 315
264 290
266 292
268 294
270 296
272 298
274 300
276 302
278 304
280 306
282 308
284 310
286 312
288 314
290 342
291 343
292 344
293 345
294 346
295 347
296 348
297 349
298 350
299 351
300 352
301 353
302 354
303 355
304 356
305 357
306 358
307 359
308 360
309 361
310 362
311 363
312 364
313 365
314 366
315 367
291 344
293 346
295 348
297 350
299 352
301 354
303 356
305 358
307 360
309 362
311 364
313 366
291 292
293 294
295 296
297 298
299 300
301 302
303 304
305 306
307 308
309 310
311 312
313 314
290 316
292 318
294 320
296 322
298 324
300 326
302 328
304 330
306 332
308 334
310 336
312 338
314 340
291 317
293 319
295 321
297 323
299 325
301 327
303 329
305 331
307 333
309 335
311 337
313 339
315 341
316 368
317 369
318 370
319 371
320 372
321 373
322 374
323 375
324 376
325 377
326 378
327 379
328 380
329 381
330 382
331 383
332 384
333 385
334 386
335 387
336 388
337 389
338 390
339 391
340 392
341 393
316 369
318 371
320 373
322 375
324 377
326 379
328 381
330 383
332 385
334 387
336 389
338 391
340 393
316 317
318 319
320 321
322 323
324 325
326 327
328 329
330 331
332 333
334 335
336 337
338 339
340 341
317 343
319 345
321 347
323 349
325 351
327 353
329 355
331 357
333 359
335 361
337 363
339 365
341 367
316 342
318 344
320 346
322 348
324 350
326 352
328 354
330 356
332 358
334 360
336 362
338 364
340 366
342 394
343 395
344 396
345 397
346 398
347 399
348 400
349 401
350 402
351 403
352 404
353 405
354 406
355 407
356 408
357 409
358 410
359 411
360 412
361 413
362 414
363 415
364 416
365 417
366 418
367 419
343 396
345 398
347 400
349 402
351 404
353 406
355 408
357 410
359 412
361 414
363 416
365 418
343 344
345 346
347 348
349 350
351 352
353 354
355 356
357 358
359 360
361 362
363 364
365 366
342 368
344 370
346 372
348 374
350 376
352 378
354 380
356 382
358 384
360 386
362 388
364 390
366 392
343 369
345 371
347 373
349 375
351 377
353 379
355 381
357 383
359 385
361 387
363 389
365 391
367 393
368 420
369 421
370 422
371 423
372 424
373 425
374 426
375 427
376 428
377 429
378 430
379 431
380 432
381 433
382 434
383 435
384 436
385 437
386 438
387 439
388 440
389 441
390 442
391 443
392 444
393 445
368 421
370 423
372 425
374 427
376 429
378 431
380 433
382 435
384 437
386 439
388 441
390 443
392 445
368 369
370 371
372 373
374 375
376 377
378 379
380 381
382 383
384 385
386 387
388 389
390 391
392 393
369 395
371 397
373 399
375 401
377 403
379 405
381 407
383 409
385 411
387 413
389 415
391 417
393 419
368 394
370 396
372 398
374 400
376 402
378 404
380 406
382 408
384 410
386 412
388 414
390 416
392 418
394 446
395 447
396 448
397 449
398 450
399 451
400 452
401 453
402 454
403 455
404 456
405 457
406 458
407 459
408 460
409 461
410 462
411 463
412 464
413 465
414 466
415 467
416 468
417 469
418 470
419 471
395 448
397 450
399 452
401 454
403 456
405 458
407 460
409 462
411 464
413 466
415 468
417 470
395 396
397 398
399 400
401 402
403 404
405 406
407 408
409 410
411 412
413 414
415 416
417 418
394 420
396 422
398 424
400 426
402 428
404 430
406 432
408 434
410 436
412 438
414 440
416 442
418 444
395 421
397 423
399 425
401 427
403 429
405 431
407 433
409 435
411 437
413 439
415 441
417 443
419 445
420 472
421 473
422 474
423 475
424 476
425 477
426 478
427 479
428 480
429 481
430 482
431 483
432 484
433 485
434 486
435 487
436 488
437 489
438 490
439 491
440 492
441 493
442 494
443 495
444 496
445 497
420 473
422 475
424 477
426 479
428 481
430 483
432 485
434 487
436 489
438 491
440 493
442 495
444 497
420 421
422 423
424 425
426 427
428 429
430 431
432 433
434 435
436 437
438 439
440 441
442 443
444 445
421 447
423 449
425 451
427 453
429 455
431 457
433 459
435 461
437 463
439 465
441 467
443 469
445 471
420 446
422 448
424 450
426 452
428 454
430 456
432 458
434 460
436 462
438 464
440 466
442 468
444 470
446 498
447 499
448 500
449 501
450 502
451 503
452 504
453 505
454 506
455 507
456 508
457 509
458 510
459 511
460 512
461 513
462 514
463 515
464 516
465 517
466 518
467 519
468 520
469 521
470 522
471 523
447 500
449 502
451 504
453 506
455 508
457 510
459 512
461 514
463 516
465 518
467 520
469 522
447 448
449 450
451 452
453 454
455 456
457 458
459 460
461 462
463 464
465 466
467 468
469 470
446 472
448 474
450 476
452 478
454 480
456 482
458 484
460 486
462 488
464 490
466 492
468 494
470 496
447 473
449 475
451 477
453 479
455 481
457 483
459 485
461 487
463 489
465 491
467 493
469 495
471 497
472 524
473 525
474 526
475 527
476 528
477 529
478 530
479 531
480 532
481 533
482 534
483 535
484 536
485 537
486 538
487 539
488 540
489 541
490 542
491 543
492 544
493 545
494 546
495 547
496 548
497 549
472 525
474 527
476 529
478 531
480 533
482 535
484 537
486 539
488 541
490 543
492 545
494 547
496 549
472 473
474 475
476 477
478 479
480 481
482 483
484 485
486 487
488 489
490 491
492 493
494 495
496 497
473 499
475 501
477 503
479 505
481 507
483 509
485 511
487 513
489 515
491 517
493 519
495 521
497 523
472 498
474 500
476 502
478 504
480 506
482 508
484 510
486 512
488 514
490 516
492 518
494 520
496 522
498 550
499 551
500 552
501 553
502 554
503 555
504 556
505 557
506 558
507 559
508 560
509 561
510 562
511 563
512 564
513 565
514 566
515 567
516 568
517 569
518 570
519 571
520 572
521 573
522 574
523 575
499 552
501 554
503 556
505 558
507 560
509 562
511 564
513 566
515 568
517 570
519 572
521 574
499 500
501 502
503 504
505 506
507 508
509 510
511 512
513 514
515 516
517 518
519 520
521 522
498 524
500 526
502 528
504 530
506 532
508 534
510 536
512 538
514 540
516 542
518 544
520 546
522 548
499 525
501 527
503 529
505 531
507 533
509 535
511 537
513 539
515 541
517 543
519 545
521 547
523 549
524 576
525 577
526 578
527 579
528 580
529 581
530 582
531 583
532 584
533 585
534 586
535 587
536 588
537 589
538 590
539 591
540 592
541 593
542 594
543 595
544 596
545 597
546 598
547 599
548 600
549 601
524 577
526 579
528 581
530 583
532 585
534 587
536 589
538 591
540 593
542 595
544 597
546 599
548 601
524 525
526 527
528 529
530 531
532 533
534 535
536 537
538 539
540 541
542 543
544 545
546 547
548 549
525 551
527 553
529 555
531 557
533 559
535 561
537 563
539 565
541 567
543 569
545 571
547 573
549 575
524 550
526 552
528 554
530 556
532 558
534 560
536 562
538 564
540 566
542 568
544 570
546 572
548 574
550 602
551 603
552 604
553 605
554 606
555 607
556 608
557 609
558 610
559 611
560 612
561 613
562 614
563 615
564 616
565 617
566 618
567 619
568 620
569 621
570 622
571 623
572 624
573 625
574 626
575 627
551 604
553 606
555 608
557 610
559 612
561 614
563 616
565 618
567 620
569 622
571 624
573 626
551 552
553 554
555 556
557 558
559 560
561 562
563 564
565 566
567 568
569 570
571 572
573 574
550 576
552 578
554 580
556 582
558 584
560 586
562 588
564 590
566 592
568 594
570 596
572 598
574 600
551 577
553 579
555 581
557 583
559 585
561 587
563 589
565 591
567 593
569 595
571 597
573 599
575 601
576 628
577 629
578 630
579 631
580 632
581 633
582 634
583 635
584 636
585 637
586 638
587 639
588 640
589 641
590 642
591 643
592 644
593 645
594 646
595 647
596 648
597 649
598 650
599 651
600 652
601 653
576 629
578 631
580 633
582 635
584 637
586 639
588 641
590 643
592 645
594 647
596 649
598 651
600 653
576 577
578 579
580 581
582 583
584 585
586 587
588 589
590 591
592 593
594 595
596 597
598 599
600 601
577 603
579 605
581 607
583 609
585 611
587 613
589 615
591 617
593 619
595 621
597 623
599 625
601 627
576 602
578 604
580 606
582 608
584 610
586 612
588 614
590 616
592 618
594 620
596 622
598 624
600 626
602 654
603 655
604 656
605 657
606 658
607 659
608 660
609 661
610 662
611 663
612 664
613 665
614 666
615 667
616 668
617 669
618 670
619 671
620 672
621 673
622 674
623 675
624 676
625 677
626 678
627 679
603 656
605 658
607 660
609 662
611 664
613 666
615 668
617 670
619 672
621 674
623 676
625 678
603 604
605 606
607 608
609 610
611 612
613 614
615 616
617 618
619 620
621 622
623 624
625 626
602 628
604 630
606 632
608 634
610 636
612 638
614 640
616 642
618 644
620 646
622 648
624 650
626 652
603 629
605 631
607 633
609 635
611 637
613 639
615 641
617 643
619 645
621 647
623 649
625 651
627 653
628 680
629 681
630 682
631 683
632 684
633 685
634 686
635 687
636 688
637 689
638 690
639 691
640 692
641 693
642 694
643 695
644 696
645 697
646 698
647 699
648 700
649 701
650 702
651 703
652 704
653 705
628 681
630 683
632 685
634 687
636 689
638 691
640 693
642 695
644 697
646 699
648 701
650 703
652 705
628 629
630 631
632 633
634 635
636 637
638 639
640 641
642 643
644 645
646 647
648 649
650 651
652 653
629 655
631 657
633 659
635 661
637 663
639 665
641 667
643 669
645 671
647 673
649 675
651 677
653 679
628 654
630 656
632 658
634 660
636 662
638 664
640 666
642 668
644 670
646 672
648 674
650 676
652 678
654 706
655 707
656 708
657 709
658 710
659 711
660 712
661 713
662 714
663 715
664 716
665 717
666 718
667 719
668 720
669 721
670 722
671 723
672 724
673 725
674 726
675 727
676 728
677 729
678 730
679 731
655 708
657 710
659 712
661 714
663 716
665 718
667 720
669 722
671 724
673 726
675 728
677 730
655 656
657 658
659 660
661 662
663 664
665 666
667 668
669 670
671 672
673 674
675 676
677 678
654 680
656 682
658 684
660 686
662 688
664 690
666 692
668 694
670 696
672 698
674 700
676 702
678 704
655 681
657 683
659 685
661 687
663 689
665 691
667 693
669 695
671 697
673 699
675 701
677 703
679 705
680 732
681 733
682 734
683 735
684 736
685 737
686 738
687 739
688 740
689 741
690 742
691 743
692 744
693 745
694 746
695 747
696 748
697 749
698 750
699 751
700 752
701 753
702 754
703 755
704 756
705 757
680 733
682 735
684 737
686 739
688 741
690 743
692 745
694 747
696 749
698 751
700 753
702 755
704 757
680 681
682 683
684 685
686 687
688 689
690 691
692 693
694 695
696 697
698 699
700 701
702 703
704 705
681 707
683 709
685 711
687 713
689 715
691 717
693 719
695 721
697 723
699 725
701 727
703 729
705 731
680 706
682 708
684 710
686 712
688 714
690 716
692 718
694 720
696 722
698 724
700 726
702 728
704 730
706 758
707 759
708 760
709 761
710 762
711 763
712 764
713 765
714 766
715 767
716 768
717 769
718 770
719 771
720 772
721 773
722 774
723 775
724 776
725 777
726 778
727 779
728 780
729 781
730 782
731 783
707 760
709 762
711 764
713 766
715 768
717 770
719 772
721 774
723 776
725 778
727 780
729 782
707 708
709 710
711 712
713 714
715 716
717 718
719 720
721 722
723 724
725 726
727 728
729 730
706 732
708 734
710 736
712 738
714 740
716 742
718 744
720 746
722 748
724 750
726 752
728 754
730 756
707 733
709 735
711 737
713 739
715 741
717 743
719 745
721 747
723 749
725 751
727 753
729 755
731 757
732 784
733 785
734 786
735 787
736 788
737 789
738 790
739 791
740 792
741 793
742 794
743 795
744 796
745 797
746 798
747 799
748 800
749 801
750 802
751 803
752 804
753 805
754 806
755 807
756 808
757 809
732 785
734 787
736 789
738 791
740 793
742 795
744 797
746 799
748 801
750 803
752 805
754 807
756 809
732 733
734 735
736 737
738 739
740 741
742 743
744 745
746 747
748 749
750 751
752 753
754 755
756 757
733 759
735 761
737 763
739 765
741 767
743 769
745 771
747 773
749 775
751 777
753 779
755 781
757 783
732 758
734 760
736 762
738 764
740 766
742 768
744 770
746 772
748 774
750 776
752 778
754 780
756 782
758 810
759 811
760 812
761 813
762 814
763 815
764 816
765 817
766 818
767 819
768 820
769 821
770 822
771 823
772 824
773 825
774 826
775 827
776 828
777 829
778 830
779 831
780 832
781 833
782 834
783 835
759 812
761 814
763 816
765 818
767 820
769 822
771 824
773 826
775 828
777 830
779 832
781 834
759 760
761 762
763 764
765 766
767 768
769 770
771 772
773 774
775 776
777 778
779 780
781 782
758 784
760 786
762 788
764 790
766 792
768 794
770 796
772 798
774 800
776 802
778 804
780 806
782 808
759 785
761 787
763 789
765 791
767 793
769 795
771 797
773 799
775 801
777 803
779 805
781 807
783 809
784 836
785 837
786 838
787 839
788 840
789 841
790 842
791 843
792 844
793 845
794 846
795 847
796 848
797 849
798 850
799 851
800 852
801 853
802 854
803 855
804 856
805 857
806 858
807 859
808 860
809 861
784 837
786 839
788 841
790 843
792 845
794 847
796 849
798 851
800 853
802 855
804 857
806 859
808 861
784 785
786 787
788 789
790 791
792 793
794 795
796 797
798 799
800 801
802 803
804 805
806 807
808 809
785 811
787 813
789 815
791 817
793 819
795 821
797 823
799 825
801 827
803 829
805 831
807 833
809 835
784 810
786 812
788 814
790 816
792 818
794 820
796 822
798 824
800 826
802 828
804 830
806 832
808 834
810 862
811 863
812 864
813 865
814 866
815 867
816 868
817 869
818 870
819 871
820 872
821 873
822 874
823 875
824 876
825 877
826 878
827 879
828 880
829 881
830 882
831 883
832 884
833 885
834 886
835 887
811 864
813 866
815 868
817 870
819 872
821 874
823 876
825 878
827 880
829 882
831 884
833 886
811 812
813 814
815 816
817 818
819 820
821 822
823 824
825 826
827 828
829 830
831 832
833 834
810 836
812 838
814 840
816 842
818 844
820 846
822 848
824 850
826 852
828 854
830 856
832 858
834 860
811 837
813 839
815 841
817 843
819 845
821 847
823 849
825 851
827 853
829 855
831 857
833 859
835 861
836 888
837 889
838 890
839 891
840 892
841 893
842 894
843 895
844 896
845 897
846 898
847 899
848 900
849 901
850 902
851 903
852 904
853 905
854 906
855 907
856 908
857 909
858 910
859 911
860 912
861 913
836 889
838 891
840 893
842 895
844 897
846 899
848 901
850 903
852 905
854 907
856 909
858 911
860 913
836 837
838 839
840 841
842 843
844 845
846 847
848 849
850 851
852 853
854 855
856 857
858 859
860 861
837 863
839 865
841 867
843 869
845 871
847 873
849 875
851 877
853 879
855 881
857 883
859 885
861 887
836 862
838 864
840 866
842 868
844 870
846 872
848 874
850 876
852 878
854 880
856 882
858 884
860 886
862 914
863 915
864 916
865 917
866 918
867 919
868 920
869 921
870 922
871 923
872 924
873 925
874 926
875 927
876 928
877 929
878 930
879 931
880 932
881 933
882 934
883 935
884 936
885 937
886 938
887 939
863 916
865 918
867 920
869 922
871 924
873 926
875 928
877 930
879 932
881 934
883 936
885 938
863 864
865 866
867 868
869 870
871 872
873 874
875 876
877 878
879 880
881 882
883 884
885 886
862 888
864 890
866 892
868 894
870 896
872 898
874 900
876 902
878 904
880 906
882 908
884 910
886 912
863 889
865 891
867 893
869 895
871 897
873 899
875 901
877 903
879 905
881 907
883 909
885 911
887 913
888 940
889 941
890 942
891 943
892 944
893 945
894 946
895 947
896 948
897 949
898 950
899 951
900 952
901 953
902 954
903 955
904 956
905 957
906 958
907 959
908 960
909 961
910 962
911 963
912 964
913 965
888 941
890 943
892 945
894 947
896 949
898 951
900 953
902 955
904 957
906 959
908 961
910 963
912 965
888 889
890 891
892 893
894 895
896 897
898 899
900 901
902 903
904 905
906 907
908 909
910 911
912 913
889 915
891 917
893 919
895 921
897 923
899 925
901 927
903 929
905 931
907 933
909 935
911 937
913 939
888 914
890 916
892 918
894 920
896 922
898 924
900 926
902 928
904 930
906 932
908 934
910 936
912 938
914 966
915 967
916 968
917 969
918 970
919 971
920 972
921 973
922 974
923 975
924 976
925 977
926 978
927 979
928 980
929 981
930 982
931 983
932 984
933 985
934 986
935 987
936 988
937 989
938 990
939 991
915 968
917 970
919 972
921 974
923 976
925 978
927 980
929 982
931 984
933 986
935 988
937 990
915 916
917 918
919 920
921 922
923 924
925 926
927 928
929 930
931 932
933 934
935 936
937 938
914 940
916 942
918 944
920 946
922 948
924 950
926 952
928 954
930 956
932 958
934 960
936 962
938 964
915 941
917 943
919 945
921 947
923 949
925 951
927 953
929 955
931 957
933 959
935 961
937 963
939 965
940 941
942 943
944 945
946 947
948 949
950 951
952 953
954 955
956 957
958 959
960 961
962 963
964 965
941 967
943 969
945 971
947 973
949 975
951 977
953 979
955 981
957 983
959 985
961 987
963 989
965 991
940 966
942 968
944 970
946 972
948 974
950 976
952 978
954 980
956 982
958 984
960 986
962 988
964 990
967 968
969 970
971 972
973 974
975 976
977 978
979 980
981 982
983 984
985 986
987 988
989 990
1 30
2 29
3 991
