83 183 20
-60 0
60 0
67 0
15 7
15 -7
30 7
30 -7
45 7
45 -7
7 0
52 0
-15 7
-15 -7
-30 7
-30 -7
-45 7
-45 -7
-7 0
-52 0
15 24
15 10
30 24
30 10
45 24
45 10
7 17
52 17
-15 24
-15 10
-30 24
-30 10
-45 24
-45 10
-7 17
-52 17
15 -24
15 -10
30 -24
30 -10
45 -24
45 -10
7 -17
52 -17
-15 -24
-15 -10
-30 -24
-30 -10
-45 -24
-45 -10
-7 -17
-52 -17
15 41
15 27
30 41
30 27
45 41
45 27
7 34
52 34
-15 41
-15 27
-30 41
-30 27
-45 41
-45 27
-7 34
-52 34
15 -41
15 -27
30 -41
30 -27
45 -41
45 -27
7 -34
52 -34
-15 -41
-15 -27
-30 -41
-30 -27
-45 -41
-45 -27
-7 -34
-52 -34
4 5
4 6
5 7
4 7
5 6
4 9
5 8
6 7
6 8
7 9
6 9
7 8
8 9
10 4
10 5
11 8
11 9
12 13
12 14
13 15
12 15
13 14
12 17
13 16
14 15
14 16
15 17
14 17
15 16
16 17
18 12
18 13
19 16
19 17
20 21
20 22
21 23
20 23
21 22
20 25
21 24
22 23
22 24
23 25
22 25
23 24
24 25
26 20
26 21
27 24
27 25
28 29
28 30
29 31
28 31
29 30
28 33
29 32
30 31
30 32
31 33
30 33
31 32
32 33
34 28
34 29
35 32
35 33
36 37
36 38
37 39
36 39
37 38
36 41
37 40
38 39
38 40
39 41
38 41
39 40
40 41
42 36
42 37
43 40
43 41
44 45
44 46
45 47
44 47
45 46
44 49
45 48
46 47
46 48
47 49
46 49
47 48
48 49
50 44
50 45
51 48
51 49
52 53
52 54
53 55
52 55
53 54
52 57
53 56
54 55
54 56
55 57
54 57
55 56
56 57
58 52
58 53
59 56
59 57
60 61
60 62
61 63
60 63
61 62
60 65
61 64
62 63
62 64
63 65
62 65
63 64
64 65
66 60
66 61
67 64
67 65
68 69
68 70
69 71
68 71
69 70
68 73
69 72
70 71
70 72
71 73
70 73
71 72
72 73
74 68
74 69
75 72
75 73
76 77
76 78
77 79
76 79
77 78
76 81
77 80
78 79
78 80
79 81
78 81
79 80
80 81
82 76
82 77
83 80
83 81
10 26
10 42
18 34
18 50
59 27
67 35
75 43
83 51
58 66
74 82
1 19
2 11
2 3
