30
363.50 40.00 19.33 4.33
268.00 473.00 7.00 32.33
388.00 201.00 5.67 12.00
471.00 396.50 23.33 6.33
40.50 273.00 18.67 23.00
430.50 380.50 17.33 11.00
342.50 353.00 6.00 17.67
409.50 131.00 10.67 24.00
435.00 420.50 15.00 0.33
378.00 355.50 6.33 26.00
400.00 372.50 12.33 22.33
242.50 193.00 2.33 6.00
170.00 23.50 5.33 25.00
397.00 291.50 7.67 29.33
99.00 87.50 16.33 7.67
164.50 484.50 4.67 14.33
47.50 270.50 7.00 31.67
478.50 164.00 21.67 20.33
202.00 386.50 8.33 8.67
154.50 205.00 12.33 26.00
254.00 10.00 22.00 23.67
477.00 198.50 28.33 32.33
51.00 70.50 1.33 32.33
178.00 287.00 15.33 15.33
368.50 334.50 26.33 14.33
47.00 415.00 5.67 19.33
41.50 363.50 16.00 23.00
234.50 24.00 13.67 26.33
333.50 208.00 2.33 4.33
150.50 446.00 9.67 12.33
