27
335.50 98.50 16.00 6.67
14.50 364.00 15.33 31.00
111.50 307.50 10.33 29.00
398.50 209.00 17.00 28.00
463.50 114.50 0.67 21.67
202.50 364.50 14.67 19.00
405.50 157.50 7.00 26.33
389.50 81.50 28.00 31.67
209.50 300.00 15.00 16.00
288.00 253.50 4.00 19.33
65.50 400.50 2.67 26.00
405.50 58.50 13.67 1.00
161.50 286.50 28.67 8.67
479.00 493.50 18.00 28.33
476.00 163.50 23.00 26.33
35.50 41.00 19.00 22.33
417.00 27.00 7.33 6.33
4.00 450.50 14.00 4.00
246.50 248.00 4.33 30.33
256.00 305.00 19.00 28.33
396.00 425.50 23.00 30.00
428.00 172.00 30.33 2.00
140.00 373.50 30.00 19.33
443.50 423.50 15.00 3.00
239.00 36.00 9.67 31.33
47.00 284.00 1.67 27.33
358.50 66.00 13.00 1.67
