26
324.50 247.50 0.67 5.67
181.50 4.50 8.67 5.33
357.00 442.00 22.33 26.33
332.50 448.50 15.33 29.67
20.50 162.50 29.00 11.00
400.50 333.00 15.00 7.67
447.00 220.00 0.33 17.67
66.00 270.00 15.00 3.33
102.50 203.50 2.33 6.33
477.00 21.00 9.00 1.67
468.00 172.00 25.67 18.00
486.00 127.00 11.33 21.00
337.50 327.00 20.67 15.00
57.50 149.00 14.33 5.00
211.00 67.50 8.00 4.00
64.00 127.50 18.67 29.67
155.00 106.00 9.00 15.00
324.50 385.00 1.67 2.00
290.00 390.00 24.67 11.67
117.00 149.00 11.00 24.00
50.00 44.50 6.00 14.00
157.00 266.00 18.00 18.67
231.50 120.50 5.33 13.67
205.00 303.50 8.33 2.00
45.00 91.50 14.33 6.00
180.50 244.00 22.33 31.00
