29
349.00 324.50 7.00 6.33
120.50 187.00 25.67 25.00
122.00 483.50 16.00 13.33
150.00 358.00 16.33 5.33
47.50 279.50 26.67 7.67
212.50 252.00 30.33 12.67
165.50 240.50 16.33 4.00
93.00 202.00 7.67 16.33
397.50 372.50 4.67 7.00
11.00 442.00 25.33 23.33
248.00 95.50 2.00 16.33
363.00 414.00 3.00 3.67
439.00 262.50 30.67 4.67
92.00 79.50 4.67 32.33
439.00 42.00 14.67 20.33
492.00 288.00 7.00 28.33
381.00 31.50 17.00 26.67
17.00 338.50 9.67 13.33
422.50 119.00 21.00 18.33
140.50 207.50 23.33 3.33
336.00 158.00 28.33 18.67
73.50 22.00 7.67 10.67
118.50 228.50 14.00 29.33
101.00 418.50 6.00 29.67
180.00 489.00 24.67 4.33
130.50 264.00 10.67 31.00
428.50 30.00 18.33 3.67
274.50 271.00 27.33 25.67
22.00 362.00 5.00 2.33
