50 63
152.5
180.5
163.0
138.0
119.5
111.5
173.5
152.0
162.0
174.5
161.5
150.0
184.0
173.0
151.0
166.0
187.0
124.0
160.5
133.0
186.5
118.0
168.0
110.5
141.5
143.5
119.0
141.5
186.5
154.0
130.0
158.5
180.5
133.5
176.0
129.0
180.0
114.5
168.0
139.0
127.0
180.5
168.0
170.0
166.0
163.5
128.0
117.0
188.5
125.5
157.0
142.0
114.0
169.5
161.0
166.0
158.0
154.0
159.5
156.0
185.5
157.5
180.5
146.0
184.5
160.0
161.5
157.0
162.5
175.5
165.0
183.5
129.0
141.0
135.5
164.0
163.5
188.5
145.0
158.0
159.0
138.0
151.5
110.0
133.0
137.0
151.0
152.0
157.5
121.0
154.5
146.0
114.0
181.5
184.0
113.5
135.5
183.5
154.0
145.5
151.5
170.5
120.5
176.5
187.0
139.5
163.5
167.0
116.0
140.5
125.0
133.5
135.5
