90 113
112.0
169.5
181.0
145.5
182.0
160.0
115.0
113.0
173.0
158.0
147.0
118.5
186.5
121.0
152.5
175.0
147.0
155.0
161.0
141.0
180.5
161.5
121.5
126.0
113.0
113.0
157.5
122.0
134.0
135.0
173.0
119.5
153.0
187.0
185.0
140.0
161.0
129.0
124.5
175.5
159.0
141.0
118.0
156.5
122.5
129.5
114.5
164.5
121.0
118.0
184.0
127.0
153.5
132.0
141.5
142.0
126.5
174.0
118.0
112.0
166.5
174.0
155.5
159.0
121.0
184.5
184.0
166.0
157.0
111.0
111.0
130.5
181.0
177.5
120.5
163.5
136.5
144.5
123.0
111.0
143.5
143.5
116.0
178.5
137.5
150.0
116.5
148.5
137.0
147.0
152.5
184.5
143.5
125.0
114.5
157.5
179.5
166.5
182.0
164.0
157.5
125.5
175.0
189.5
162.0
143.0
143.5
111.0
121.0
121.0
133.5
114.5
170.5
155.0
120.5
123.5
184.0
154.5
146.5
165.5
117.5
115.0
136.5
183.5
148.0
120.0
182.0
151.0
140.0
137.0
134.5
185.5
119.5
161.5
112.5
148.5
170.5
170.5
158.0
115.0
175.0
111.5
118.0
179.5
142.5
189.5
186.0
142.5
154.0
118.0
124.0
180.0
183.5
178.5
186.0
113.5
153.0
131.0
153.0
144.0
135.5
164.0
174.0
154.5
142.5
110.0
119.0
172.0
114.5
135.0
120.0
179.5
175.5
120.0
113.5
181.5
158.5
186.0
140.5
143.0
131.0
156.5
117.0
181.0
147.0
133.5
161.5
138.0
129.5
146.0
113.0
124.5
153.5
187.5
112.0
171.5
150.5
167.5
119.0
151.5
142.5
153.5
178.0
