40 206
1 8
1 9
1 10
1 11
1 12
1 13
1 14
1 15
2 16
2 8
2 17
2 18
2 19
2 20
2 11
2 21
3 13
3 22
3 23
3 24
3 25
3 19
3 26
3 12
3 27
3 20
3 15
3 10
4 28
5 29
5 27
5 30
5 17
5 21
5 23
5 28
5 31
5 32
5 20
5 33
5 24
5 22
5 10
5 19
6 12
6 31
6 20
6 34
6 30
7 21
7 35
7 10
8 36
8 18
8 19
9 37
9 21
9 18
9 22
9 30
9 27
10 13
10 23
10 31
11 16
11 19
11 29
11 38
11 37
11 13
11 25
11 36
12 27
12 39
12 31
12 17
12 32
12 34
12 28
13 29
13 26
13 30
13 31
13 27
14 34
14 32
14 36
14 37
14 22
14 17
14 35
14 18
14 27
14 31
15 30
16 35
16 24
17 26
17 38
17 39
17 33
17 30
17 18
17 34
18 20
18 24
18 30
18 32
18 23
18 34
19 29
19 40
19 37
19 39
20 21
20 32
20 35
20 26
21 29
21 34
21 22
21 35
21 23
21 36
21 27
21 25
21 38
21 32
21 30
22 32
22 37
22 40
22 26
22 27
22 28
23 36
23 26
24 35
24 29
24 34
24 40
24 31
24 38
25 35
25 27
25 30
25 39
25 26
25 34
25 38
25 31
26 39
26 35
26 28
27 36
27 29
27 35
27 37
27 40
27 33
28 36
28 37
28 32
28 39
28 40
28 38
28 33
28 30
29 40
29 31
29 32
29 35
29 34
29 37
29 30
30 33
30 32
30 34
30 40
30 37
31 38
31 34
31 35
31 36
31 33
32 39
32 38
32 33
33 35
33 39
33 38
33 34
33 40
34 40
34 35
34 39
35 39
35 36
35 38
36 40
36 37
36 39
37 40
37 38
38 39
39 40