200 1860
1 11
1 12
1 13
1 14
1 15
1 16
1 17
1 18
1 19
1 20
1 21
1 22
1 23
1 24
1 25
1 26
1 27
1 28
1 29
2 30
2 31
2 32
2 33
3 34
3 35
3 36
3 37
3 38
3 39
3 40
3 18
3 41
3 42
3 43
3 44
3 45
3 46
3 47
3 48
3 49
3 50
3 16
3 51
4 52
4 53
4 54
4 55
4 16
4 21
4 56
4 57
4 58
4 59
4 60
4 61
4 62
5 53
5 63
5 64
5 65
5 66
5 67
5 68
5 69
5 70
6 60
6 71
6 72
6 38
6 73
6 74
6 75
6 76
6 77
6 27
6 14
6 78
6 13
6 22
6 79
6 80
6 81
6 82
6 83
6 84
7 85
8 86
8 87
8 22
8 88
8 89
8 90
8 12
8 81
8 50
9 91
9 92
9 93
9 94
9 95
9 96
9 97
9 66
9 98
9 99
9 100
9 38
9 75
9 101
9 102
10 74
10 103
10 104
10 43
10 101
10 22
10 105
10 106
10 67
10 35
10 107
10 108
10 102
10 24
10 109
11 61
11 110
11 111
11 102
11 92
11 95
11 112
11 74
11 34
11 113
11 49
11 114
12 52
12 115
12 18
12 59
12 116
12 79
13 103
13 117
13 95
13 118
13 102
13 63
13 119
13 120
13 121
13 54
13 41
13 122
13 123
13 124
14 125
14 79
14 126
14 127
14 128
14 129
14 63
15 28
15 31
15 122
15 78
15 107
15 72
15 130
15 131
15 16
15 17
15 132
16 133
16 19
16 134
16 135
16 25
16 136
16 137
16 138
16 55
16 139
16 126
16 140
16 141
16 24
16 113
16 73
16 142
17 44
17 107
17 72
17 85
17 47
17 90
17 81
17 126
17 32
17 60
17 143
17 144
18 130
18 145
18 101
18 32
18 85
18 146
18 147
18 148
18 94
19 100
19 149
19 147
19 89
20 57
20 150
20 151
20 133
20 120
20 30
21 152
21 32
21 86
21 153
21 25
21 84
21 154
21 46
21 85
22 155
22 73
23 82
23 25
23 93
23 156
23 72
23 129
24 157
25 71
25 119
25 133
26 93
26 96
26 158
26 83
26 81
26 56
26 98
26 41
26 62
26 88
27 159
27 64
27 62
27 104
27 95
27 85
27 156
27 160
28 125
28 161
28 115
28 133
28 162
28 88
28 143
28 163
28 151
28 164
28 165
28 53
28 36
28 106
28 42
28 64
28 37
28 79
28 97
29 131
29 78
29 124
30 145
30 89
30 117
31 99
31 130
31 104
31 166
31 149
31 39
31 46
31 94
31 47
31 167
31 40
31 163
31 168
32 76
32 133
32 165
33 111
33 79
33 169
33 170
33 112
33 66
33 101
33 147
33 159
33 171
33 65
33 172
33 115
33 173
33 161
33 143
33 118
33 124
34 104
34 174
34 124
34 57
34 125
34 175
34 43
34 50
35 102
35 59
35 75
35 78
35 96
35 89
35 104
35 95
35 128
35 103
35 61
35 43
35 151
35 158
35 176
35 123
36 177
36 149
36 127
36 178
36 76
36 114
36 179
36 180
36 126
36 157
36 142
36 111
36 94
36 87
36 181
36 154
36 46
36 48
36 148
36 133
37 148
37 182
37 102
37 99
37 143
37 105
37 88
37 137
37 162
37 85
37 73
37 172
37 71
37 63
38 65
38 76
38 85
38 69
38 149
38 95
38 62
38 153
38 143
38 79
38 161
38 183
38 180
39 184
39 185
39 102
39 186
39 131
39 66
39 106
40 164
40 91
40 127
40 148
40 105
40 168
40 121
40 47
40 63
40 187
40 167
40 152
40 96
40 166
40 180
40 177
40 76
40 142
40 139
41 141
41 104
41 118
41 132
41 183
41 88
42 61
42 183
42 129
42 167
42 136
42 59
42 67
42 113
42 149
42 95
42 178
42 52
42 74
43 88
43 67
43 177
43 137
44 60
44 111
44 79
44 91
44 127
44 101
44 132
44 92
44 80
44 93
45 47
45 150
45 154
45 188
45 108
45 176
45 84
46 154
46 72
46 188
46 79
46 136
46 157
46 88
46 130
46 85
46 167
46 131
46 53
46 178
46 101
46 60
46 112
47 162
47 73
47 178
47 60
47 111
47 84
47 183
47 77
47 188
47 142
47 138
47 93
47 117
47 147
47 78
48 156
48 189
48 95
48 101
48 71
48 78
48 146
48 59
48 117
48 62
48 66
49 165
49 134
49 51
49 71
49 154
49 60
49 159
49 52
49 58
49 89
49 125
49 91
49 111
49 121
49 190
49 69
50 66
50 60
51 62
51 69
52 79
53 175
53 86
53 103
53 131
53 119
54 133
54 146
54 175
54 89
54 188
54 170
54 116
54 115
54 114
54 55
54 152
54 184
54 191
54 104
54 163
55 114
55 151
55 192
55 92
55 116
55 70
55 129
55 141
55 152
55 149
55 134
55 160
55 86
55 94
55 64
55 100
55 146
55 178
55 106
56 134
56 119
56 171
57 163
57 136
57 123
57 169
57 142
57 187
57 97
57 73
58 185
58 190
58 90
58 64
58 177
58 117
58 74
58 193
58 92
59 130
59 72
59 116
59 173
59 117
59 127
59 147
59 176
59 90
59 96
59 93
59 164
59 148
59 62
60 122
60 73
60 190
60 94
60 84
60 183
60 103
60 175
60 83
61 153
61 152
61 181
61 137
61 91
61 98
61 131
61 63
61 142
61 177
61 73
61 85
61 108
61 80
61 75
61 150
61 160
61 194
62 78
62 88
62 152
62 84
62 63
62 96
62 74
63 132
63 133
63 92
63 85
63 105
63 166
63 122
63 64
63 150
63 148
64 92
64 75
64 73
64 142
64 76
64 192
64 125
64 175
64 67
64 119
64 131
65 141
65 147
66 68
66 143
66 134
66 168
66 83
66 166
66 195
66 127
67 152
67 138
67 193
67 151
67 74
67 139
67 118
67 150
67 112
67 168
67 191
67 73
68 151
68 163
68 137
68 112
69 146
69 121
69 85
69 161
69 132
70 83
70 99
70 103
70 94
70 119
70 196
70 188
70 86
70 72
71 91
71 171
72 154
72 175
72 144
72 155
72 138
72 103
72 82
72 80
72 76
72 156
72 161
72 197
72 158
72 198
72 112
72 92
72 179
72 180
73 163
73 158
73 128
73 109
73 86
73 199
73 183
73 147
73 190
73 198
73 130
73 139
73 189
73 96
73 179
74 115
74 113
74 145
74 135
74 155
74 77
74 184
74 156
75 76
75 109
75 190
75 178
75 198
75 137
75 171
75 95
75 87
75 158
75 194
75 99
75 169
75 127
75 98
75 155
75 97
76 95
76 149
76 105
76 87
76 132
76 164
76 192
76 157
76 168
76 103
77 144
77 196
77 119
77 107
77 194
77 195
77 191
77 178
77 82
77 167
77 183
77 140
77 198
78 129
78 162
78 192
78 171
78 122
78 194
78 180
78 91
78 191
78 183
78 108
79 145
80 106
80 161
80 164
80 138
80 114
80 105
80 141
80 150
80 158
80 142
80 99
81 173
81 121
81 175
81 130
81 134
81 181
81 95
81 96
81 106
81 174
81 109
81 85
81 169
82 138
82 93
82 191
82 95
82 151
82 147
82 88
83 185
83 124
83 194
83 132
83 121
83 87
83 182
83 86
83 133
83 162
83 179
84 200
84 150
84 137
84 143
84 164
85 130
85 168
85 94
85 90
85 129
85 114
85 122
85 100
85 172
86 172
86 147
86 140
86 109
86 137
86 184
86 158
86 183
86 134
86 170
86 98
86 155
86 110
86 97
86 196
86 101
87 174
87 188
87 133
87 124
87 156
87 194
87 189
87 115
87 193
87 97
87 138
88 194
88 118
88 144
88 158
88 113
88 151
88 89
88 147
88 174
88 192
88 125
89 92
89 160
89 188
89 101
89 124
89 121
89 93
89 132
89 183
89 109
89 117
89 104
89 153
89 151
89 100
89 146
90 168
90 199
90 121
90 131
90 186
90 98
90 155
90 174
90 142
90 145
90 182
90 93
90 103
90 140
90 132
90 143
90 152
91 178
91 165
91 199
91 96
91 109
91 120
91 184
91 139
92 113
92 176
92 104
92 125
92 107
92 200
92 150
92 108
92 159
93 110
93 187
93 152
93 120
93 178
94 183
94 165
94 128
94 188
94 169
94 139
94 132
94 197
94 95
94 133
94 141
95 98
95 126
95 190
95 104
95 109
95 188
95 197
95 189
95 176
95 171
95 101
95 135
96 140
96 190
96 193
96 127
96 142
96 105
96 112
96 99
96 185
96 172
96 109
96 148
96 137
96 145
96 191
96 114
96 171
96 103
96 184
97 179
97 196
97 101
98 110
98 135
98 169
98 172
99 110
99 164
99 100
99 114
99 172
99 115
99 193
99 194
100 184
100 197
100 169
100 162
100 119
100 156
100 146
100 114
100 159
100 110
100 178
100 175
100 198
100 132
100 150
100 101
100 189
101 191
101 125
102 128
103 109
103 110
103 156
103 181
103 174
103 130
103 194
103 172
103 171
103 152
103 157
103 170
103 106
103 153
103 186
103 162
103 134
104 151
104 153
104 187
104 182
104 108
104 119
104 176
104 166
104 143
105 120
105 158
106 130
106 183
106 136
106 152
106 166
106 162
106 142
106 132
106 180
106 141
106 134
106 154
106 185
106 120
106 159
106 116
106 196
106 145
106 149
106 125
107 140
107 115
107 144
107 197
107 183
107 185
107 135
107 189
107 177
107 123
108 164
108 153
108 167
108 155
108 110
108 192
108 111
108 198
108 184
108 172
109 171
110 200
110 132
110 193
110 145
110 130
110 129
110 121
110 168
110 139
110 149
110 115
111 150
111 175
111 190
111 127
111 114
111 177
111 185
111 153
111 141
112 189
112 183
112 126
112 196
113 185
113 137
113 119
113 121
113 196
113 128
113 157
113 197
113 132
113 150
113 183
113 154
113 125
113 138
113 158
113 153
113 139
114 115
114 132
114 117
114 174
114 146
114 173
114 145
114 177
114 136
114 179
114 150
114 178
115 191
115 131
115 199
115 124
115 195
115 146
115 193
115 165
115 137
115 118
115 179
115 140
115 172
115 127
115 147
115 157
115 120
116 134
116 133
116 174
116 193
116 186
116 122
116 121
117 142
117 185
117 156
118 194
118 126
118 198
118 185
118 140
118 148
118 134
118 159
118 171
119 128
119 145
119 153
119 164
119 187
119 183
120 143
120 199
120 127
120 159
120 134
120 139
120 164
120 156
120 155
120 138
120 151
120 162
120 124
120 195
120 140
120 185
120 142
121 160
121 182
121 125
121 171
121 127
121 165
121 158
121 197
121 161
121 199
121 134
121 126
121 152
121 138
121 157
121 175
121 200
121 183
121 185
122 180
122 153
122 127
122 137
122 138
122 179
122 160
122 131
122 134
122 182
122 136
122 198
122 197
122 147
122 176
122 148
122 168
122 155
123 137
123 132
123 187
123 153
123 181
123 175
123 196
124 158
124 198
124 162
124 132
124 146
124 131
124 143
124 172
124 166
124 151
124 199
124 183
124 130
124 191
124 159
124 136
124 135
125 137
126 175
126 173
126 159
126 199
126 176
126 174
126 196
126 157
126 187
126 200
126 182
126 172
126 150
126 191
126 184
127 198
127 190
127 129
127 151
127 139
127 149
127 146
127 197
127 164
127 128
127 172
128 182
128 132
128 191
128 131
128 188
128 171
128 159
128 194
129 194
129 193
129 187
129 154
129 143
129 181
129 177
129 179
129 134
129 161
129 145
129 197
129 190
129 133
129 151
129 170
129 144
130 179
130 168
130 200
130 155
130 163
130 159
130 156
130 139
130 162
130 196
131 174
131 190
131 193
131 135
131 186
131 171
131 132
131 136
131 187
131 154
131 142
131 138
131 133
132 168
132 195
132 160
132 162
132 176
132 189
132 175
132 163
132 170
132 192
132 153
132 144
132 149
132 135
133 164
133 178
133 138
133 198
133 150
133 176
133 166
133 199
133 137
133 200
133 155
133 195
133 156
133 169
133 160
133 191
133 174
134 137
134 168
134 156
134 153
134 136
134 148
134 186
134 158
134 163
134 175
134 172
135 139
135 154
135 151
135 137
135 170
135 192
135 149
135 193
135 155
135 184
136 189
136 147
136 190
136 183
136 184
137 179
137 175
137 190
137 186
137 168
137 151
137 166
137 173
137 162
137 189
137 145
137 167
137 171
138 175
138 140
138 176
138 161
139 182
139 200
139 199
139 144
139 155
139 194
139 197
139 175
139 178
139 169
139 146
139 163
139 179
139 191
139 195
140 177
140 181
140 200
140 186
140 165
140 145
140 166
140 142
140 178
140 143
140 191
141 156
141 187
141 149
141 154
141 168
141 195
141 157
141 148
141 177
141 190
141 153
141 164
141 172
142 191
142 159
142 184
142 182
142 156
142 149
142 187
142 192
142 188
142 197
142 174
143 154
143 189
143 165
143 161
143 194
143 200
143 162
143 163
143 185
143 147
143 176
144 152
144 154
144 170
144 180
144 178
144 159
145 150
145 159
145 184
145 148
145 157
145 175
145 178
145 172
145 186
145 191
145 180
145 196
145 167
145 146
145 156
145 181
145 158
146 172
146 197
146 161
146 162
146 171
146 174
146 160
146 152
146 198
146 190
146 186
146 153
147 156
147 190
147 153
147 185
147 194
147 200
147 152
147 184
147 160
147 198
147 165
147 166
147 178
147 187
147 164
147 183
147 172
148 165
148 173
148 149
149 195
149 160
149 199
150 155
150 182
150 187
150 195
150 181
150 158
150 152
150 176
150 179
150 157
150 173
150 193
151 155
151 178
151 180
152 197
152 175
152 182
152 169
153 169
153 189
153 191
153 183
153 200
153 172
153 181
153 157
153 159
153 158
153 195
153 167
153 164
153 173
153 188
153 193
153 178
153 168
153 155
154 166
154 188
154 198
154 172
154 187
154 194
154 196
154 178
154 197
154 179
154 177
154 163
154 161
154 189
154 170
155 178
155 167
155 163
155 183
155 172
155 156
155 170
155 199
155 166
155 177
155 182
155 162
155 189
155 158
156 164
156 198
156 184
156 169
156 200
156 193
156 179
156 183
156 166
156 174
156 190
156 194
157 190
157 158
157 193
157 174
157 191
157 182
157 159
157 185
157 163
157 166
158 159
158 161
158 164
158 180
158 169
158 178
159 177
159 171
159 162
159 163
159 184
159 186
159 178
159 188
159 183
159 175
159 161
159 199
159 193
159 189
160 169
160 165
160 173
160 163
160 166
160 193
160 182
160 183
160 185
161 169
161 176
161 199
162 177
162 174
162 163
162 175
162 195
163 167
163 173
163 166
163 177
163 168
164 193
164 194
164 184
164 182
164 198
164 170
164 167
164 181
164 183
165 166
165 194
165 180
166 177
167 187
167 183
167 176
167 197
167 171
168 180
168 200
168 187
168 173
168 176
168 190
168 178
168 188
168 185
168 191
169 173
169 194
169 172
169 181
169 176
169 192
169 195
169 177
170 171
170 196
170 173
170 183
170 195
170 180
170 186
171 189
171 198
171 178
171 200
171 196
171 197
171 174
171 194
171 173
171 172
172 173
172 194
172 191
172 179
172 199
172 183
172 200
172 187
172 188
172 195
172 197
172 184
172 196
172 177
173 192
173 190
173 178
173 181
173 184
173 188
173 196
173 199
173 191
173 189
173 198
173 195
174 179
175 181
175 192
175 195
176 188
176 189
176 187
176 178
176 191
176 190
177 180
177 188
177 196
177 190
177 184
177 200
178 185
178 199
178 197
178 187
178 196
179 192
179 188
179 187
179 186
179 194
179 197
179 199
179 182
179 184
179 180
179 193
179 181
180 192
180 189
180 183
180 191
180 186
180 185
180 198
180 200
180 193
180 199
180 181
180 197
181 196
181 193
181 189
181 187
181 197
181 185
181 191
181 188
181 199
181 184
181 183
182 200
182 189
182 198
182 197
183 185
183 191
183 188
183 186
183 194
183 190
183 193
183 187
183 189
184 190
184 200
184 186
184 188
184 199
184 193
185 199
185 193
185 187
185 197
185 186
185 198
186 189
186 190
186 191
186 197
186 187
186 188
186 193
186 198
186 196
187 194
187 197
187 200
187 191
187 195
188 199
188 191
188 197
189 195
189 192
189 198
189 200
189 191
190 196
190 198
191 192
191 198
191 196
191 200
191 197
192 193
192 197
193 195
193 197
193 198
193 194
194 195
194 199
194 197
194 196
195 196
195 198
195 200
196 197
196 200
197 199
197 200
198 199
198 200
199 200