60 424
1 6
1 7
1 8
1 9
1 10
1 11
1 12
1 13
1 14
1 15
1 16
1 17
1 18
1 19
1 20
1 21
2 22
2 23
2 24
2 16
2 25
3 25
3 26
3 27
3 28
3 22
3 29
3 30
3 18
3 31
4 15
4 27
4 32
4 33
4 34
4 9
5 18
5 35
5 36
6 30
6 19
7 37
7 15
7 17
7 38
7 39
7 40
7 20
7 41
7 18
7 32
7 33
7 42
7 27
7 31
7 8
7 14
8 29
8 27
8 43
8 44
8 45
8 15
8 28
8 38
8 11
9 23
9 36
9 26
9 46
9 47
9 48
10 23
10 46
10 43
10 49
10 50
10 44
10 51
10 30
10 39
10 32
10 20
11 34
12 42
12 52
12 48
12 18
12 20
12 53
12 44
12 17
12 31
12 54
12 55
12 19
12 56
12 28
12 26
12 33
12 57
12 38
13 38
13 35
13 33
14 43
14 18
14 17
15 33
15 25
15 39
15 44
15 42
16 55
16 58
16 46
17 58
17 41
17 20
17 19
17 43
17 28
18 42
18 20
18 33
18 46
18 38
18 55
18 30
18 32
18 53
18 51
18 23
19 41
19 52
19 55
20 23
20 55
20 53
20 43
20 47
20 32
20 27
20 33
20 48
20 35
20 30
20 38
20 54
20 46
21 53
21 36
21 42
21 58
21 38
21 35
21 44
21 27
21 29
21 41
21 26
22 39
22 37
22 47
23 50
24 37
24 53
24 50
24 52
25 49
25 47
25 43
25 59
26 47
26 40
26 44
26 51
26 43
26 60
26 34
26 59
26 48
26 52
26 32
26 56
26 54
26 45
27 29
27 54
27 50
27 30
27 36
27 49
27 37
27 52
27 55
27 57
27 35
27 44
27 42
27 34
27 58
27 38
28 47
28 35
28 39
28 53
28 29
29 55
29 52
29 47
29 48
29 59
29 46
29 34
29 30
29 58
29 49
29 42
29 32
29 38
29 56
29 45
29 37
30 45
30 59
30 43
30 32
30 39
30 47
30 41
30 57
30 58
31 33
31 59
31 57
31 36
31 32
31 55
31 60
31 37
31 38
31 39
32 53
32 48
32 42
32 44
32 38
32 50
32 49
32 34
32 59
32 58
32 51
32 39
32 40
33 47
33 55
33 37
33 49
33 34
33 53
33 51
33 57
34 42
34 55
34 48
34 54
34 52
34 59
34 45
35 44
35 47
35 43
35 56
35 60
35 42
35 37
35 51
35 46
36 52
36 42
36 58
36 38
36 60
36 47
36 51
36 39
36 59
36 41
36 48
37 55
37 45
37 57
37 42
37 41
37 53
37 39
37 58
37 46
37 54
37 49
38 51
38 41
38 58
38 42
38 47
38 53
38 46
38 57
38 48
39 52
39 45
39 40
40 43
40 48
40 59
40 55
40 56
41 42
41 43
41 57
41 58
41 44
41 51
41 60
41 52
41 56
41 55
41 46
41 50
41 59
42 57
42 45
42 52
42 60
42 58
42 54
43 56
43 57
43 59
43 49
43 47
43 51
44 57
44 53
44 49
44 50
44 45
44 58
44 48
45 55
45 52
45 54
45 47
45 60
46 58
46 56
46 60
46 47
46 49
46 52
47 52
47 51
47 60
47 49
47 58
47 50
47 59
47 53
47 57
48 51
48 53
48 52
48 58
48 60
48 50
48 59
48 55
48 57
48 56
49 54
49 52
49 59
49 50
49 60
49 51
49 57
49 55
50 59
50 56
50 57
50 53
50 54
51 57
51 55
51 52
51 60
51 58
51 59
52 57
52 56
52 58
52 53
52 55
52 59
53 60
53 54
53 56
53 55
54 55
54 57
54 58
55 59
55 58
55 60
55 57
56 60
56 58
56 57
57 60
58 60
58 59
59 60