300
841
513
295
962
600
68
868
826
882
167
196
583
1000
135
462
688
668
465
486
785
554
517
917
100
452
312
879
110
802
84
429
278
555
520
440
900
602
856
764
367
259
250
793
382
549
106
761
932
250
270
411
65
959
270
889
760
640
23
950
449
413
675
873
975
539
507
657
45
865
69
381
465
192
969
834
710
311
980
765
624
685
410
370
295
22
871
878
404
205
906
333
600
339
117
947
681
868
735
622
651
31
791
505
930
107
322
684
278
213
268
389
218
620
998
296
16
830
629
806
506
892
561
404
313
702
895
450
265
262
667
27
49
132
57
689
400
568
12
228
374
72
928
817
497
344
347
138
850
861
806
358
368
586
292
52
914
516
948
445
922
78
969
578
649
591
856
252
342
282
442
863
864
597
377
494
571
783
976
861
494
983
618
984
120
313
105
683
311
683
666
263
179
316
512
999
939
221
128
277
50
95
721
503
193
385
481
133
880
509
606
445
727
454
232
902
720
240
709
220
986
996
893
499
888
614
367
26
484
227
770
614
645
994
659
578
385
926
562
712
189
731
162
885
402
924
770
93
955
675
516
100
1
141
926
15
229
253
810
415
928
202
629
878
80
108
770
32
40
600
392
477
596
299
769
195
452
432
307
306
440
66
643
276
996
693
517
937
712
154
321
933
993
132
507
450
132
704
273
328
337
