500
925
525
322
942
718
748
738
517
57
632
494
915
880
628
398
716
527
353
898
688
291
293
265
183
589
592
249
803
489
611
532
136
565
160
611
602
332
602
966
718
734
219
610
312
417
541
404
495
785
537
718
441
58
862
319
254
828
557
590
490
838
893
433
118
974
276
473
970
709
382
414
976
468
942
670
738
667
857
615
222
396
557
71
643
985
780
890
808
944
194
742
489
2
526
464
609
229
133
583
298
488
171
870
101
683
800
41
903
558
85
947
351
7
523
892
838
156
354
900
320
682
103
82
549
104
996
424
478
49
194
632
919
702
3
887
732
945
493
604
96
905
188
582
665
906
751
128
644
51
848
34
92
926
588
500
999
156
240
376
921
791
125
328
242
775
868
782
334
960
427
758
184
418
578
966
275
21
759
745
761
535
476
742
254
704
655
401
743
61
650
651
463
454
797
393
754
518
707
639
202
574
710
418
612
695
123
812
619
923
268
724
966
870
406
242
764
182
13
707
265
612
68
844
957
678
281
565
22
137
415
308
457
774
152
12
401
224
145
98
464
820
203
59
114
703
761
515
410
668
74
857
628
496
793
817
583
743
853
598
689
226
841
404
52
689
268
486
153
386
417
70
905
564
689
763
137
75
614
310
805
609
954
802
471
285
575
696
852
569
993
261
477
769
785
307
764
586
274
301
48
451
166
236
366
645
59
863
46
415
993
140
392
595
472
12
12
447
617
874
599
719
382
340
186
144
1
165
200
874
91
433
842
580
72
371
598
195
845
402
932
546
880
285
442
355
150
470
49
338
576
8
992
394
905
634
696
115
198
889
796
104
342
374
870
825
268
517
681
987
784
437
960
680
208
788
55
759
213
678
954
204
562
23
522
436
651
961
961
842
35
156
813
966
354
133
47
128
340
980
21
432
816
44
378
417
864
462
156
818
588
649
681
183
137
109
13
330
911
152
18
870
126
410
344
290
157
231
863
321
329
333
355
586
84
313
507
753
688
880
503
682
908
916
760
303
318
719
613
198
180
55
977
140
39
860
308
49
483
709
389
129
726
412
747
142
934
347
751
69
475
386
677
644
505
524
301
483
574
574
801
806
155
533
31
978
292
480
452
354
768
120
272
165
477
321
588
435
915
269
588
