20 20
17 -78 -81 -78 26 -92 13 72 -77 51 -47 1 -42 40 65 4 -99 -98 -14 26
-23 67 35 -67 -39 -48 27 -25 30 21 36 88 4 89 50 77 -68 56 79 45
0 38 49 -83 -2 90 -33 86 80 47 -64 -27 -69 79 -68 -60 -25 -55 87 40
-26 45 -37 -29 -95 85 -68 90 95 6 -46 1 -1 -81 99 -67 -71 -94 0 2
-16 40 -79 22 -14 -46 2 6 27 -51 72 81 54 -74 -81 18 -90 -50 6 65
-100 -41 -34 83 -22 16 46 41 -73 -26 -78 -33 60 4 45 86 -97 -69 -75 76
-91 -59 -26 18 -26 -25 2 62 -45 -18 -25 50 -13 -77 -15 69 -1 33 -38 17
-6 -42 71 -76 -75 9 -91 -13 2 51 -36 -76 -81 25 -86 83 61 73 -77 -1
-94 -70 -64 45 -84 41 29 -34 -73 34 48 -83 49 -5 62 91 99 23 8 -66
82 34 23 -9 -8 -8 -61 -76 93 -21 34 -74 -31 77 47 35 30 -62 25 -50
-38 -95 -2 -83 59 -3 88 11 38 -97 30 15 1 71 -82 22 -73 59 90 -59
-100 22 -64 -31 18 -12 62 -54 99 -27 14 29 -56 -71 -98 73 -15 11 20 -4
-98 -71 96 39 -35 58 -86 -49 -35 65 5 78 67 10 -28 89 -37 90 -35 -5
-63 19 11 -61 -56 -96 80 -47 -61 -34 42 86 18 4 -19 -44 39 -27 -86 -12
50 43 -17 -33 66 -82 30 79 53 -3 -38 -89 -15 -84 80 88 75 -42 75 13
17 93 -86 -7 -13 57 93 40 -97 -75 38 67 -74 80 -83 -48 -80 66 -89 98
71 85 -73 68 67 47 93 44 17 -91 63 -10 2 65 -91 -11 -23 7 -63 41
-75 37 -17 94 8 89 -71 26 7 -17 94 1 -29 51 92 -36 95 -28 -61 -57
-46 -38 12 66 31 -70 -22 83 28 63 40 -39 -7 3 -12 4 81 -26 34 -69
-11 69 99 46 -25 15 -17 6 -68 -44 -23 89 6 -48 -13 42 65 7 82 -55
8580