40 40
79 -66 58 -27 -5 -20 -19 -10 -37 -90 -57 38 13 -60 -68 -53 -45 -98 1 43 64 93 4 -61 74 61 73 -67 88 89 86 71 -50 32 41 81 23 55 -23 -82
10 79 10 32 -8 -80 93 38 77 94 -98 -97 -3 43 -32 -37 9 -75 -74 79 34 -71 44 26 6 8 6 -26 8 -15 38 33 -76 16 -4 84 -93 -11 25 51
12 -48 -20 -97 -51 -84 -47 -55 96 -79 7 -56 -64 -50 65 -92 -10 -18 -57 36 -1 -21 94 37 -87 -15 -59 -93 -82 -4 81 53 -73 36 44 -20 -91 -16 1 -3
12 33 19 72 -54 -88 -74 -57 -10 -77 46 -54 4 -92 55 -77 96 58 13 46 40 -20 -35 27 63 -13 68 -34 0 -17 94 55 -88 -75 97 78 -57 -96 -45 9
-1 -26 -30 -38 -82 4 83 2 97 -44 -84 19 50 77 62 44 -68 -12 93 -99 -5 -22 34 6 58 38 11 -84 31 -59 -71 68 -15 -41 -94 -62 -3 -36 -16 -28
13 -58 -13 -22 43 -16 -30 -7 21 -64 23 -39 97 -39 -60 60 82 -76 96 72 3 -33 38 38 -12 79 8 67 -13 75 -48 -17 52 88 56 -51 76 92 75 -14
26 -67 -38 -78 -72 -86 -93 7 65 13 -48 -61 11 -9 -76 88 -10 -20 -69 -19 -11 -79 -6 -60 -75 83 -76 -46 28 89 7 -49 -83 69 -49 -1 -32 23 -79 64
86 -85 11 44 62 44 42 73 -86 -15 -5 -88 -2 46 -2 99 -47 -42 -8 -6 4 24 80 72 35 72 20 -23 26 95 77 30 -29 -51 -63 53 21 54 63 -93
-10 -69 16 -5 -36 59 68 -28 64 -47 -14 -3 -4 -96 -75 84 31 -84 43 -56 62 3 87 27 -83 -52 -38 -4 -89 -18 77 -52 -78 -36 -86 -96 -73 -73 28 54
25 -75 -92 3 -77 1 85 76 94 -13 -86 -44 -37 42 47 94 30 87 46 83 13 43 19 13 88 75 -95 45 -80 -53 -90 -70 44 -95 -52 -20 -6 -84 90 -8
59 85 -29 -60 -94 -92 -99 -10 22 54 53 16 62 85 41 6 37 -31 37 99 -1 -90 2 -31 -94 69 -28 39 8 40 -85 -72 -4 48 77 -38 58 89 41 28
45 81 -57 -61 -45 -51 -58 47 -69 92 -42 -86 43 0 -96 25 67 -94 3 -75 54 29 -48 -4 17 -2 -72 52 -20 -30 44 8 -6 -87 -60 -66 44 -63 76 79
-30 6 -83 41 -12 33 32 10 -10 -17 -31 -82 -21 67 9 67 75 -98 -45 -85 -48 -74 -68 81 69 5 -27 -16 -32 -52 74 96 26 47 88 2 -36 50 51 86
-20 76 -75 -62 56 67 -90 94 34 -31 -48 -9 13 -34 -86 89 79 -75 96 72 64 -93 17 80 -54 29 -79 -45 88 90 -57 99 -52 -22 65 -95 44 68 -73 54
-43 86 -18 87 -5 56 -57 22 72 50 -65 -9 -13 -32 -33 32 -14 82 22 93 35 81 38 -78 -17 -49 -92 11 32 71 -52 72 -43 53 69 85 52 -42 25 25
39 -29 8 -67 -14 -54 37 40 75 -90 -63 48 -61 -48 14 -93 -60 14 78 47 28 -30 78 31 -87 14 -27 -1 61 32 -54 -70 -91 56 -27 58 -36 -15 -45 -57
-51 63 -96 19 56 -42 33 30 -76 52 -72 46 31 -40 67 98 50 26 -50 14 25 92 40 -79 -15 18 -20 -67 18 22 34 71 -17 -97 -99 -88 67 -53 69 19
7 3 -56 8 2 22 84 -8 64 56 -7 -46 70 -44 29 37 -20 80 -49 -41 67 -8 96 -98 -70 70 63 -35 44 64 52 -79 4 -22 -25 69 52 -26 -86 -46
-6 49 -12 75 12 63 -25 -64 45 -22 69 9 88 87 87 37 -19 -54 -35 -45 -86 -52 21 -62 -28 -95 -91 36 22 55 -45 -56 16 27 24 40 92 -82 32 -72
-27 -39 -50 57 49 -68 93 -36 33 29 9 -38 -2 -1 -1 -44 38 -15 -5 -81 7 -31 89 10 52 -40 22 -53 -91 16 95 -90 -68 51 -22 79 -59 -58 -76 -13
-75 -74 66 -30 39 -54 60 -16 75 65 -89 -4 -72 -19 -85 16 91 96 -68 -38 17 85 12 66 -7 -45 33 93 13 -3 98 65 -94 -42 -64 -37 70 11 59 13
58 -95 43 52 -71 17 -24 81 -96 89 -92 -10 29 14 79 99 -28 86 -5 -87 -96 -94 57 48 96 84 -77 -36 83 -51 -68 -75 -92 -22 -67 -97 -55 32 -62 14
-72 77 -36 38 -53 81 8 35 -41 38 -56 28 -89 -100 -16 30 54 16 -77 -2 -75 69 -33 86 49 -5 63 -60 32 -25 8 71 14 76 86 52 67 33 -41 80
80 -86 -8 95 -46 -21 -17 -100 -83 -62 73 -39 36 -19 -36 17 -88 52 -56 21 -56 56 82 -68 16 -92 -79 -58 -27 -93 -92 99 7 -70 83 39 -56 32 70 -71
92 83 99 53 -87 52 -92 22 -94 22 15 40 -18 -54 -32 29 30 79 -52 94 71 -63 15 -60 -51 15 25 -73 17 -87 13 -57 -36 -6 66 -95 44 82 -35 61
78 -48 -10 30 -51 -18 90 -87 -7 4 49 -6 -4 50 -47 75 57 8 -5 21 -34 -63 60 84 -44 -9 38 -41 4 96 16 14 -20 -30 -92 -9 -5 -77 56 57
49 76 -65 -38 2 70 -88 55 -44 -42 31 -5 39 77 75 -78 -35 -93 -24 53 -38 45 61 -88 78 84 9 -38 32 25 -14 -82 -19 -2 -18 96 -62 14 -3 -7
46 -41 -57 -49 11 7 -94 -65 31 85 38 -100 45 82 45 -60 -94 -89 -67 17 -35 8 -80 5 -50 -78 -66 -46 -93 -71 97 49 -2 21 33 34 -53 22 49 -69
-71 -19 18 -20 -66 45 30 -30 72 -54 -48 66 -14 49 10 -15 19 8 -33 -30 37 87 -86 71 61 -40 7 -45 -34 18 48 -64 -85 28 75 77 37 8 -38 -38
-71 -2 34 22 -90 91 -39 9 -3 -71 89 14 -86 57 2 27 -46 70 -33 -4 -83 84 32 -44 -18 -63 64 78 -15 -30 32 92 -99 82 83 5 -86 -66 -45 12
-36 68 4 55 48 38 -40 -59 38 -71 83 43 0 99 7 25 -70 -68 11 72 -69 60 -49 -9 51 -2 36 -1 61 11 -39 51 39 -78 89 36 71 -82 -61 -84
16 88 90 49 -90 -89 -33 -43 -66 14 67 -13 -78 -35 -23 44 20 18 -77 28 40 -87 28 38 86 -71 -58 -97 8 -46 -27 49 97 44 20 -58 31 -7 -82 57
75 62 56 -81 -73 69 -51 -45 87 63 -87 51 98 24 -45 -99 -62 75 -28 -98 -61 57 -91 -12 65 -28 73 -86 5 -24 -50 -20 -23 -68 -38 68 -95 85 91 -20
5 -68 71 -35 4 97 21 56 -93 24 12 -14 71 -29 11 -35 -57 -40 -55 -3 61 -44 70 -96 -97 -72 -95 2 41 52 -93 -1 -99 65 27 2 54 -29 -76 -26
8 14 -36 -93 -36 0 -9 68 -4 -96 36 -42 26 -74 61 -77 21 -37 69 -72 -58 -62 85 -60 -88 -49 79 98 31 -50 -57 -24 66 -65 30 57 -92 -55 -23 -32
-73 -83 -94 -66 -22 69 -3 22 12 -4 70 -81 73 39 -39 18 46 -11 -15 -75 -57 -29 69 6 81 83 73 -4 44 29 81 -6 -15 -50 51 -67 53 33 61 1
60 -4 -76 23 58 -52 -81 -62 -82 -13 11 58 24 89 48 -8 -12 32 92 -45 7 45 63 58 -79 -28 -1 -69 -20 91 -11 -84 -44 -23 -89 88 -24 16 -73 -44
-16 2 -52 42 63 64 39 -18 67 -96 -47 -1 -77 71 -37 -8 -72 -43 -26 8 78 -55 -3 -25 69 -67 79 66 -4 92 -31 48 77 0 -44 93 -25 -24 82 -89
7 98 -49 32 40 -10 -26 84 -90 -68 -95 -53 -43 61 -51 73 -97 -64 -27 -92 13 14 -90 -59 -99 -8 91 27 30 -62 33 68 0 55 46 94 31 39 -34 37
-94 -42 78 -66 14 -1 29 59 41 65 71 -57 -20 24 -4 21 0 -65 -24 68 -44 -43 -99 94 -19 -34 -98 -39 -40 52 -36 77 -36 85 -81 -73 76 78 -35 -99
6503