10 20
-1 76 68 67 60 73 -1 69 -1 39 -1 -1 73 62 53 67 56 73 -1 51 
59 67 64 65 50 -1 54 73 71 -1 -1 61 -1 -1 -1 60 -1 55 75 64 
-1 67 -1 71 56 40 -1 60 53 58 60 -1 70 71 94 -1 57 53 -1 -1 
60 55 -1 55 61 54 48 91 62 -1 58 -1 64 64 64 -1 -1 79 61 -1 
-1 -1 64 60 54 77 56 77 -1 -1 72 54 59 54 -1 -1 55 56 -1 67 
63 70 -1 -1 76 68 53 51 -1 65 -1 63 44 -1 48 68 69 65 75 -1 
-1 -1 64 55 -1 67 88 41 -1 60 57 -1 -1 62 -1 62 62 73 66 -1 
51 -1 77 63 77 43 88 50 -1 76 61 58 51 -1 51 74 -1 58 69 50 
-1 67 61 -1 -1 -1 -1 -1 62 62 56 69 -1 47 -1 71 73 -1 66 58 
77 -1 50 52 -1 66 54 -1 -1 -1 91 61 59 -1 -1 67 -1 64 50 -1 
