500 50
69 72 72 70 -1 69 72 72 -1 69 72 69 -1 -1 73 72 -1 71 69 -1 -1 -1 -1 70 -1 69 72 -1 70 71 -1 72 -1 71 -1 69 71 69 71 72 71 72 -1 -1 -1 -1 69 69 71 -1 
67 70 -1 -1 -1 -1 70 -1 71 68 70 67 69 -1 -1 -1 69 -1 -1 70 71 71 71 68 70 67 70 70 68 69 -1 70 -1 -1 -1 67 69 -1 -1 -1 69 -1 68 67 67 70 67 67 69 69 
-1 72 72 -1 -1 -1 72 72 -1 -1 72 69 71 70 73 72 -1 -1 -1 72 73 73 73 70 72 69 72 73 70 71 -1 72 70 71 -1 69 71 69 71 -1 71 72 70 69 69 72 -1 69 71 71 
65 -1 68 66 67 -1 68 68 69 65 -1 -1 67 -1 -1 -1 -1 67 65 68 -1 -1 69 66 -1 -1 68 69 66 -1 -1 68 66 67 66 65 67 -1 -1 -1 67 68 -1 -1 65 68 65 65 67 -1 
69 -1 -1 70 -1 -1 72 72 73 69 72 69 -1 70 -1 -1 71 71 69 -1 73 -1 73 70 -1 69 -1 73 -1 71 71 -1 -1 71 -1 -1 -1 69 -1 72 71 -1 70 -1 -1 72 69 -1 -1 71 
69 -1 72 70 -1 69 72 72 -1 -1 72 -1 -1 -1 73 72 71 71 69 -1 73 -1 -1 70 72 69 -1 73 70 71 71 72 70 71 70 -1 71 69 71 -1 71 72 70 -1 -1 72 69 -1 71 71 
-1 72 72 70 -1 69 72 72 73 69 72 69 71 70 73 -1 71 71 69 -1 73 73 73 70 74 -1 -1 73 -1 71 71 72 -1 71 70 69 71 69 -1 72 71 72 70 -1 69 -1 69 67 71 -1 
69 -1 72 70 71 69 72 72 73 69 -1 69 -1 -1 -1 -1 71 -1 69 72 -1 73 73 70 72 69 72 73 -1 71 -1 72 -1 71 70 69 -1 69 71 -1 -1 72 70 -1 69 -1 69 69 -1 71 
69 -1 -1 70 71 -1 -1 72 -1 69 72 -1 71 70 -1 -1 71 71 69 72 -1 73 73 70 -1 -1 72 73 70 71 -1 72 -1 71 -1 69 71 69 71 -1 71 -1 -1 69 69 72 69 69 -1 71 
69 72 72 -1 71 69 72 72 -1 69 72 -1 71 70 73 -1 71 71 69 72 73 73 73 -1 -1 69 -1 73 -1 71 -1 72 70 71 70 -1 71 69 71 72 71 -1 70 69 69 -1 69 69 71 71 
73 72 72 -1 -1 69 72 -1 -1 69 72 69 -1 70 -1 72 71 71 -1 -1 -1 73 73 -1 -1 -1 -1 -1 -1 71 -1 72 -1 67 70 -1 71 69 -1 72 71 72 -1 69 -1 72 69 -1 71 71 
69 -1 72 70 71 69 -1 72 73 -1 -1 69 71 70 -1 72 -1 71 -1 72 73 -1 73 -1 72 69 72 73 -1 -1 71 72 -1 71 -1 69 71 -1 71 -1 71 -1 70 -1 69 72 69 69 71 71 
-1 72 -1 70 -1 69 72 72 73 69 -1 69 71 70 -1 -1 71 71 69 72 73 -1 73 -1 -1 69 72 73 -1 71 71 72 -1 71 70 -1 71 -1 71 72 71 -1 70 69 69 -1 -1 -1 71 71 
-1 72 72 -1 -1 -1 72 -1 -1 69 -1 69 71 70 73 72 71 71 69 72 73 -1 -1 70 72 -1 72 -1 70 71 -1 -1 70 71 -1 69 -1 69 -1 72 71 72 70 -1 69 72 69 69 -1 71 
69 72 72 70 -1 69 72 -1 -1 69 72 69 71 70 -1 72 -1 71 69 72 73 -1 73 70 72 69 72 -1 70 71 71 72 -1 71 70 69 -1 -1 -1 -1 71 -1 70 69 -1 72 -1 69 71 71 
-1 72 72 70 71 69 72 -1 -1 -1 -1 71 71 -1 73 -1 -1 71 -1 72 73 73 -1 70 72 69 -1 -1 -1 71 71 -1 70 71 70 69 71 -1 -1 -1 71 -1 -1 -1 69 72 69 69 71 69 
69 72 72 70 71 69 72 -1 -1 69 -1 69 71 70 73 -1 -1 71 -1 72 73 -1 73 67 72 69 -1 -1 70 71 71 -1 70 -1 70 69 71 69 71 75 -1 -1 -1 69 69 72 69 69 -1 71 
69 72 72 70 -1 69 72 72 73 69 72 -1 71 70 -1 72 71 -1 69 72 -1 73 73 70 72 69 72 -1 70 71 71 72 70 71 -1 -1 71 -1 -1 -1 71 72 70 -1 69 72 69 -1 71 71 
69 72 72 70 -1 69 -1 72 -1 69 72 69 -1 70 73 72 -1 71 69 72 -1 -1 73 -1 72 69 -1 73 70 71 71 72 -1 -1 70 69 71 -1 71 72 71 72 70 69 69 72 -1 69 -1 -1 
-1 72 -1 70 71 69 -1 72 73 -1 72 -1 -1 70 73 72 71 71 69 72 73 73 73 70 72 69 -1 -1 -1 71 71 -1 70 -1 70 69 71 69 71 72 71 72 -1 69 69 72 -1 69 -1 71 
69 72 72 70 71 69 72 72 -1 -1 -1 -1 71 70 -1 72 -1 71 69 72 -1 73 73 70 72 69 72 73 70 -1 71 72 70 71 70 -1 71 69 -1 -1 71 72 -1 69 69 72 69 69 71 71 
69 -1 -1 -1 71 69 -1 72 73 69 -1 69 71 -1 73 -1 71 71 -1 -1 73 -1 -1 70 -1 69 72 -1 70 -1 71 72 -1 71 70 69 71 69 71 -1 71 72 -1 69 69 72 -1 69 71 71 
70 -1 73 71 -1 70 -1 73 71 70 73 70 72 71 74 73 72 -1 -1 -1 74 74 74 71 76 -1 73 -1 71 72 72 73 71 72 -1 70 72 70 -1 73 72 -1 71 -1 70 73 -1 -1 72 72 
69 -1 72 70 71 69 -1 72 73 69 72 -1 71 70 73 72 -1 71 69 -1 -1 73 -1 70 72 69 72 73 70 71 71 72 70 71 -1 69 71 -1 -1 72 -1 72 70 69 69 72 69 -1 -1 71 
69 -1 72 70 71 69 72 -1 73 -1 72 69 -1 70 73 72 71 -1 -1 72 73 73 73 70 72 -1 72 73 -1 71 -1 -1 70 -1 70 69 71 -1 71 -1 -1 72 70 69 69 -1 69 69 71 71 
69 71 72 70 -1 70 -1 -1 73 69 -1 69 71 70 -1 72 -1 -1 69 72 73 -1 73 70 -1 69 -1 73 -1 71 71 -1 70 71 70 -1 71 69 71 72 71 72 70 -1 -1 72 69 69 71 71 
-1 69 -1 67 -1 66 69 69 70 66 -1 -1 68 67 70 69 68 68 66 68 -1 70 70 -1 69 66 -1 70 67 -1 -1 69 67 -1 68 66 68 -1 68 -1 68 -1 -1 66 66 69 66 -1 68 -1 
-1 72 72 -1 -1 69 72 -1 -1 69 -1 69 -1 70 -1 -1 71 71 -1 72 73 73 73 70 72 -1 72 -1 66 71 -1 -1 -1 -1 -1 69 71 69 71 72 71 72 74 -1 -1 72 69 69 71 71 
69 -1 72 70 71 69 -1 72 73 69 72 69 -1 70 -1 72 71 -1 -1 72 73 -1 73 -1 72 69 -1 73 -1 71 71 72 70 71 70 -1 71 -1 -1 72 -1 72 70 69 -1 -1 69 69 71 -1 
-1 72 72 -1 -1 69 72 72 -1 69 72 69 -1 -1 73 72 -1 71 69 72 73 -1 73 70 72 -1 72 -1 -1 71 71 -1 70 71 70 69 71 -1 -1 -1 71 72 70 -1 69 -1 69 69 -1 71 
69 72 -1 70 -1 69 72 72 -1 -1 72 -1 71 70 -1 72 71 -1 69 -1 -1 -1 -1 70 72 69 72 73 70 71 71 72 -1 71 -1 -1 -1 69 71 -1 -1 -1 70 69 69 72 69 -1 71 -1 
69 -1 -1 70 71 -1 72 -1 73 69 72 69 -1 -1 73 -1 71 71 -1 -1 73 73 73 -1 -1 69 -1 -1 70 -1 75 -1 -1 71 70 70 71 -1 71 72 71 72 66 -1 69 72 68 69 -1 71 
-1 -1 72 70 71 -1 72 -1 73 69 72 69 -1 -1 73 -1 71 71 69 -1 73 73 -1 -1 -1 69 72 -1 70 -1 -1 -1 -1 -1 -1 -1 71 69 71 72 71 72 70 -1 69 72 69 -1 -1 71 
69 72 -1 70 -1 -1 72 -1 -1 69 -1 69 -1 70 73 -1 -1 71 69 72 73 73 73 -1 72 -1 72 -1 -1 71 71 -1 70 -1 70 69 71 -1 71 -1 -1 -1 70 -1 69 72 69 69 71 71 
-1 71 71 69 -1 68 71 71 -1 68 71 -1 72 -1 72 71 68 70 68 71 72 -1 -1 -1 71 68 71 72 69 -1 70 -1 69 -1 69 68 -1 68 70 -1 70 71 69 68 68 71 68 68 70 70 
-1 -1 72 70 71 -1 -1 72 73 -1 72 69 71 70 73 -1 74 71 69 -1 73 -1 73 -1 -1 69 72 -1 -1 71 71 -1 67 71 70 69 -1 -1 71 72 71 -1 70 69 69 -1 69 -1 -1 71 
69 72 72 -1 -1 69 72 -1 73 69 72 -1 71 70 73 -1 71 -1 69 72 73 73 -1 70 72 69 72 -1 -1 -1 71 72 70 71 70 -1 -1 69 71 72 71 72 -1 69 -1 72 69 69 71 71 
69 72 72 70 71 -1 -1 72 -1 69 72 69 71 -1 73 72 71 -1 69 -1 73 -1 -1 70 72 69 72 73 70 71 71 -1 70 71 70 69 71 69 71 -1 -1 72 -1 69 -1 -1 -1 -1 71 -1 
-1 72 72 70 71 69 72 72 73 69 72 -1 71 70 73 72 71 -1 69 -1 73 73 -1 -1 -1 -1 72 73 70 71 71 72 70 71 70 69 71 69 -1 72 71 -1 -1 69 69 72 -1 69 -1 71 
69 72 72 70 71 -1 72 72 73 69 72 -1 71 -1 -1 72 -1 71 69 72 73 76 73 70 72 -1 -1 73 -1 -1 -1 69 70 -1 -1 69 -1 69 71 72 71 72 -1 69 69 72 -1 69 -1 -1 
-1 -1 -1 -1 -1 69 72 72 73 69 72 69 -1 70 73 -1 71 71 -1 72 73 73 -1 -1 -1 69 72 73 70 -1 71 72 -1 71 70 69 -1 69 71 72 -1 -1 -1 -1 69 72 69 -1 71 71 
-1 72 72 72 71 69 70 72 73 -1 72 -1 71 70 73 -1 71 71 69 72 73 73 73 -1 72 69 72 -1 70 -1 -1 72 70 71 70 -1 71 69 -1 72 -1 72 -1 69 -1 72 -1 -1 71 71 
-1 72 72 70 -1 69 -1 72 73 -1 -1 69 71 70 73 72 71 -1 69 72 73 73 73 70 -1 69 -1 73 70 -1 71 -1 -1 71 -1 69 71 69 -1 72 71 72 -1 69 69 -1 69 69 -1 -1 
-1 72 72 70 71 -1 -1 72 73 69 -1 69 71 70 -1 72 71 71 69 -1 73 73 -1 -1 72 69 72 73 -1 71 71 -1 70 71 70 -1 71 69 71 -1 -1 72 -1 69 -1 72 -1 -1 -1 71 
72 75 -1 -1 74 -1 -1 75 76 72 -1 -1 74 -1 -1 75 74 -1 -1 75 -1 -1 76 -1 -1 72 -1 -1 73 74 -1 75 -1 -1 73 72 -1 72 74 75 74 75 73 72 -1 75 72 72 74 74 
69 72 72 70 71 69 72 72 73 -1 -1 69 71 70 73 72 -1 -1 69 71 -1 73 73 70 72 69 -1 -1 70 71 -1 72 71 71 -1 -1 -1 -1 71 72 -1 -1 70 69 69 -1 69 69 -1 71 
-1 72 72 70 -1 -1 72 72 -1 69 72 -1 -1 70 73 72 71 71 -1 72 73 73 73 -1 72 69 72 73 -1 71 71 72 -1 71 70 69 71 -1 71 -1 71 -1 -1 -1 69 -1 -1 69 71 71 
-1 72 72 70 71 69 -1 -1 73 69 72 -1 71 70 73 72 71 71 -1 -1 -1 73 73 70 -1 69 -1 73 -1 71 -1 72 -1 71 70 69 71 69 -1 72 71 72 -1 69 69 72 -1 69 71 71 
69 -1 72 -1 -1 69 72 -1 -1 -1 72 -1 71 70 -1 -1 -1 71 -1 72 -1 73 73 70 72 69 72 73 -1 -1 71 -1 70 -1 -1 69 71 69 71 72 71 -1 -1 69 69 72 -1 69 71 -1 
-1 -1 72 70 71 69 72 -1 -1 -1 72 -1 71 -1 -1 72 -1 -1 -1 72 73 -1 -1 70 72 69 72 -1 70 71 71 72 70 -1 70 69 71 69 -1 72 71 72 70 69 69 72 69 -1 71 71 
-1 72 72 70 -1 69 72 72 73 -1 -1 -1 -1 -1 73 72 71 -1 69 72 -1 -1 73 70 72 69 72 73 70 71 71 -1 -1 -1 -1 69 71 -1 71 72 71 -1 70 69 -1 72 69 69 -1 71 
69 72 -1 70 -1 -1 -1 72 -1 -1 72 -1 71 70 -1 72 71 71 69 72 -1 73 -1 69 -1 69 72 73 70 -1 71 72 70 -1 -1 69 -1 69 71 72 -1 72 70 -1 69 72 70 -1 -1 71 
-1 72 72 70 -1 -1 72 72 73 69 -1 -1 71 -1 73 72 -1 -1 69 -1 73 -1 73 70 72 69 -1 73 70 71 -1 -1 -1 71 70 69 71 -1 -1 72 71 72 -1 -1 69 72 69 69 71 71 
69 -1 72 70 71 69 72 72 -1 69 72 69 -1 70 -1 -1 71 -1 69 -1 73 73 73 70 -1 -1 -1 -1 70 -1 71 72 70 71 -1 69 71 69 71 -1 -1 -1 -1 69 -1 72 -1 69 71 -1 
-1 69 69 -1 68 66 69 -1 -1 66 -1 -1 68 67 -1 -1 -1 68 66 69 70 70 -1 -1 69 66 -1 70 -1 68 68 69 67 68 67 66 68 -1 68 69 -1 69 -1 66 66 -1 66 66 -1 68 
-1 72 72 70 -1 -1 -1 72 73 69 72 69 71 70 73 -1 71 -1 69 72 -1 73 73 -1 72 69 72 73 70 71 71 72 -1 71 70 -1 71 69 -1 -1 -1 72 70 -1 69 -1 -1 69 71 71 
69 -1 72 70 71 69 -1 -1 -1 -1 72 -1 71 70 -1 -1 -1 71 -1 72 73 73 73 -1 72 -1 -1 73 -1 71 -1 -1 70 71 -1 69 71 69 71 -1 -1 72 70 -1 69 72 69 -1 -1 -1 
69 72 72 70 71 -1 72 72 73 69 72 69 71 70 73 72 71 71 -1 72 73 73 73 70 72 -1 72 -1 70 71 71 -1 66 -1 70 69 71 69 -1 -1 -1 72 74 69 -1 72 69 69 71 71 
69 -1 -1 70 71 69 72 72 73 69 72 -1 71 70 73 72 -1 71 69 72 73 73 73 70 72 69 72 73 70 -1 71 72 70 -1 -1 69 71 69 71 72 71 69 73 69 69 72 69 69 -1 71 
69 72 -1 -1 71 69 72 -1 -1 69 -1 69 71 70 73 -1 71 71 -1 72 73 -1 -1 70 72 69 -1 73 -1 71 71 72 70 71 -1 69 71 -1 71 72 71 -1 70 -1 -1 72 -1 69 71 71 
69 72 72 70 71 -1 -1 72 73 69 -1 69 71 70 -1 -1 -1 -1 -1 -1 -1 -1 73 70 -1 -1 -1 -1 70 71 -1 72 -1 -1 70 69 71 -1 71 72 -1 72 -1 -1 69 -1 69 -1 -1 71 
69 72 72 70 -1 -1 72 72 -1 69 -1 69 71 70 73 -1 68 -1 69 72 -1 73 73 -1 72 -1 72 73 70 71 71 72 73 71 70 -1 71 69 71 72 71 72 70 69 69 72 69 -1 71 71 
69 72 -1 70 71 69 72 72 -1 69 72 -1 -1 70 73 -1 71 -1 69 72 73 -1 -1 70 -1 69 -1 73 -1 -1 71 -1 70 -1 70 -1 71 69 71 72 -1 72 70 -1 69 72 -1 69 71 71 
69 -1 72 70 -1 69 -1 -1 73 69 72 -1 71 70 73 72 71 -1 -1 72 73 73 -1 70 72 -1 72 73 70 71 71 72 70 71 70 69 71 69 71 72 -1 -1 70 69 -1 72 69 -1 71 71 
-1 -1 72 70 71 69 -1 -1 -1 69 -1 69 71 70 73 72 71 71 69 -1 73 -1 73 70 -1 69 -1 73 70 71 71 -1 -1 -1 70 69 -1 -1 71 72 71 72 70 69 -1 -1 69 69 -1 71 
69 -1 72 70 -1 69 72 72 -1 69 72 69 -1 -1 -1 -1 -1 -1 -1 -1 -1 73 73 70 72 69 -1 73 70 71 71 72 -1 -1 -1 69 -1 69 71 72 71 72 -1 69 69 -1 69 69 71 71 
-1 -1 72 70 71 -1 72 72 73 -1 72 -1 71 70 73 -1 71 71 69 72 -1 -1 -1 70 -1 69 72 73 70 71 71 72 70 71 70 -1 71 69 71 72 -1 -1 70 69 69 72 69 -1 71 71 
69 72 72 70 -1 69 -1 72 -1 69 -1 69 71 70 73 -1 71 -1 69 -1 -1 73 73 70 72 -1 74 73 70 71 69 72 70 71 70 69 -1 69 71 72 -1 -1 -1 -1 69 72 69 69 71 -1 
69 -1 -1 70 71 69 72 72 76 69 -1 69 71 -1 73 72 71 71 69 -1 73 -1 73 70 69 69 -1 73 -1 71 71 -1 70 71 70 69 -1 -1 71 -1 71 72 70 -1 69 72 69 69 71 71 
-1 72 -1 70 71 69 -1 72 73 69 72 69 69 70 73 72 -1 71 69 -1 73 73 73 -1 72 69 -1 -1 -1 71 -1 -1 -1 -1 72 -1 71 -1 -1 72 -1 -1 -1 69 69 72 69 69 71 71 
69 72 -1 70 71 -1 72 72 73 -1 72 69 71 70 73 -1 71 71 69 72 73 -1 -1 -1 72 69 -1 -1 70 -1 71 -1 70 71 70 69 71 -1 71 72 -1 72 70 -1 -1 72 -1 69 -1 71 
69 -1 72 -1 71 -1 -1 -1 -1 -1 72 69 71 70 -1 72 71 71 69 72 73 73 73 70 72 -1 72 73 70 -1 -1 72 70 71 70 69 71 -1 71 72 71 72 70 69 69 72 69 -1 71 71 
69 72 72 70 71 -1 -1 72 73 69 -1 -1 71 -1 73 -1 71 71 69 72 73 -1 73 -1 72 69 -1 -1 70 71 71 72 70 71 70 69 71 69 71 -1 -1 -1 70 -1 69 72 69 69 -1 -1 
69 -1 -1 70 71 -1 72 72 -1 -1 72 69 71 70 73 -1 71 71 69 -1 73 73 -1 -1 72 69 72 73 70 -1 71 72 -1 -1 70 -1 71 69 71 -1 71 72 70 69 69 -1 69 69 71 -1 
-1 72 72 -1 71 -1 72 72 73 69 72 -1 71 70 73 72 71 71 69 -1 -1 73 73 66 -1 69 72 73 70 71 71 72 -1 71 70 69 71 69 71 72 75 72 70 69 69 72 69 69 71 -1 
69 72 72 70 71 -1 -1 72 73 -1 72 -1 73 70 73 72 71 71 69 72 73 -1 73 70 -1 69 -1 -1 70 71 71 -1 70 71 68 69 -1 -1 71 -1 71 72 70 -1 -1 -1 -1 69 71 -1 
69 -1 -1 70 71 69 72 -1 -1 69 -1 69 -1 -1 -1 -1 71 71 69 72 73 -1 -1 70 72 -1 72 73 -1 71 71 -1 -1 71 -1 69 71 -1 -1 72 71 -1 70 -1 -1 -1 -1 69 71 71 
69 72 72 70 -1 69 72 -1 -1 -1 72 69 71 -1 73 72 71 71 -1 -1 -1 73 -1 70 72 69 72 -1 70 71 71 -1 70 71 -1 69 71 69 -1 72 71 -1 70 69 -1 -1 69 -1 71 -1 
69 72 72 70 71 69 72 72 73 -1 -1 69 71 70 73 72 71 71 69 -1 73 -1 -1 70 -1 69 72 73 70 71 71 72 70 71 70 69 -1 -1 71 72 71 -1 70 -1 69 72 69 69 71 -1 
69 72 72 70 -1 69 -1 72 -1 69 72 69 -1 70 73 72 -1 71 69 72 -1 -1 73 -1 72 69 -1 73 70 71 71 76 -1 -1 70 69 71 -1 71 72 71 72 70 69 69 68 -1 69 -1 -1 
69 72 -1 70 71 69 72 72 73 69 72 69 71 70 73 72 71 71 -1 72 73 73 73 70 -1 69 72 73 -1 -1 -1 -1 70 71 70 -1 71 69 -1 72 -1 72 70 69 69 72 -1 69 71 -1 
-1 74 72 70 -1 -1 70 -1 -1 -1 72 -1 71 -1 73 -1 71 -1 69 -1 73 73 73 70 72 -1 -1 73 70 71 71 -1 -1 -1 70 -1 -1 69 71 72 71 -1 -1 69 69 72 69 69 71 71 
-1 -1 72 70 71 69 72 72 73 69 72 69 -1 70 -1 -1 71 -1 69 -1 -1 -1 73 70 -1 69 -1 73 70 -1 71 -1 70 71 -1 69 -1 -1 71 -1 71 -1 -1 -1 69 72 69 69 71 71 
69 72 74 70 -1 69 -1 72 -1 69 72 -1 -1 69 73 -1 71 71 -1 -1 77 73 73 71 72 69 -1 -1 70 -1 71 72 -1 71 70 69 71 -1 71 72 -1 72 68 69 65 72 -1 69 71 71 
-1 -1 72 70 -1 69 72 72 73 -1 -1 69 -1 70 73 72 -1 71 69 -1 -1 73 -1 70 72 -1 -1 73 -1 -1 -1 72 -1 71 70 69 71 -1 -1 -1 -1 -1 70 -1 -1 72 69 69 -1 71 
-1 73 73 71 -1 70 73 73 -1 70 73 -1 68 -1 74 73 72 72 70 73 74 -1 -1 -1 73 70 73 74 71 -1 72 -1 75 -1 71 70 -1 70 72 -1 72 73 71 70 70 73 70 70 72 72 
69 72 72 -1 71 69 -1 72 73 69 -1 69 71 70 -1 72 71 71 69 -1 -1 73 -1 -1 72 69 72 73 -1 71 71 72 70 71 70 69 71 -1 71 72 71 -1 70 69 69 -1 69 -1 -1 71 
69 -1 72 70 71 -1 72 -1 73 69 72 -1 71 70 73 72 71 -1 69 72 73 73 -1 70 72 69 72 73 70 71 71 -1 -1 71 70 69 -1 69 -1 72 -1 72 70 -1 -1 72 -1 -1 -1 71 
-1 -1 69 67 68 66 -1 -1 -1 66 -1 66 68 67 70 69 68 68 -1 -1 -1 70 70 67 69 66 -1 -1 -1 -1 -1 -1 67 -1 67 66 -1 66 -1 -1 68 -1 67 -1 66 69 66 66 68 68 
71 74 -1 -1 -1 71 74 74 75 71 74 -1 73 -1 -1 74 73 73 71 74 75 75 75 72 74 -1 -1 75 -1 -1 73 74 -1 73 72 71 73 -1 73 74 -1 -1 -1 71 71 74 71 71 73 73 
69 -1 72 -1 -1 69 72 -1 73 69 -1 -1 71 70 -1 -1 -1 71 69 -1 -1 73 -1 70 72 -1 72 73 70 71 71 -1 70 -1 70 69 -1 69 71 -1 71 -1 70 69 69 -1 69 69 71 71 
-1 -1 75 73 74 72 -1 -1 -1 72 -1 72 74 73 76 75 74 74 -1 -1 -1 76 76 74 75 72 -1 -1 -1 -1 -1 -1 73 -1 73 72 -1 72 -1 -1 74 -1 73 -1 72 75 71 72 74 74 
66 72 72 70 71 69 -1 -1 73 -1 -1 -1 -1 70 73 72 71 71 69 72 73 73 -1 70 72 -1 72 73 70 71 71 72 70 -1 70 69 71 -1 71 -1 -1 75 -1 -1 69 72 69 -1 71 71 
69 72 72 70 71 69 -1 72 73 69 72 69 -1 70 73 72 71 71 -1 72 73 73 -1 70 72 69 72 -1 70 71 -1 -1 70 71 -1 -1 -1 -1 -1 72 -1 72 70 69 69 -1 -1 69 -1 71 
69 72 -1 70 -1 69 72 72 -1 -1 72 69 71 70 73 72 -1 71 -1 72 -1 73 73 70 -1 69 72 73 -1 -1 71 72 70 71 70 69 -1 69 71 72 71 72 70 -1 -1 72 69 69 71 71 
-1 -1 68 66 -1 -1 68 68 -1 65 68 -1 -1 66 69 68 -1 67 -1 68 69 69 69 -1 68 -1 -1 69 66 -1 67 -1 66 67 66 -1 -1 -1 -1 68 67 68 66 65 65 68 -1 65 67 67 
69 72 -1 70 71 69 72 72 -1 69 72 -1 71 70 73 72 71 71 69 72 73 -1 -1 -1 72 69 72 73 70 -1 -1 -1 -1 -1 70 69 71 -1 -1 72 71 -1 70 69 69 -1 69 -1 71 71 
69 -1 72 -1 -1 69 72 -1 -1 69 72 -1 71 -1 73 -1 -1 71 69 72 73 -1 73 -1 -1 69 -1 73 70 72 71 -1 70 -1 70 69 -1 -1 71 72 71 72 70 -1 -1 72 68 69 71 71 
-1 72 72 -1 71 69 -1 72 73 -1 72 -1 68 70 73 -1 71 71 -1 -1 73 -1 76 70 -1 -1 72 73 70 -1 71 72 70 71 70 -1 -1 -1 71 -1 71 -1 70 69 69 72 -1 69 -1 71 
69 -1 -1 -1 71 69 -1 72 73 -1 -1 -1 71 70 73 -1 71 -1 -1 72 73 -1 73 -1 -1 69 68 73 -1 -1 71 -1 70 -1 70 -1 71 73 71 72 -1 72 70 -1 69 72 -1 69 -1 -1 
69 -1 72 -1 71 69 72 72 -1 69 72 -1 -1 70 -1 72 -1 71 -1 72 73 73 73 70 -1 -1 -1 73 -1 71 71 72 70 -1 70 -1 71 -1 71 -1 71 -1 70 69 -1 -1 69 69 -1 71 
69 72 -1 -1 71 -1 -1 72 73 69 72 69 -1 -1 73 72 71 71 -1 72 -1 -1 73 70 -1 69 72 -1 70 71 71 72 70 71 -1 69 71 69 71 72 -1 72 70 69 69 -1 69 69 71 71 
-1 72 -1 70 71 69 72 -1 73 69 -1 -1 71 70 73 -1 71 -1 69 -1 -1 73 -1 -1 -1 -1 72 73 70 -1 71 72 -1 71 70 -1 71 69 71 72 71 -1 70 -1 69 72 -1 69 71 71 
-1 72 72 70 71 -1 72 72 73 -1 68 69 -1 70 73 -1 71 71 69 72 73 77 73 70 72 -1 -1 73 70 -1 71 -1 70 71 -1 -1 71 69 71 -1 -1 72 70 69 69 -1 -1 69 71 71 
-1 -1 72 -1 71 -1 72 72 -1 69 -1 69 71 -1 -1 -1 -1 71 -1 72 73 -1 73 70 72 69 72 -1 -1 71 -1 72 70 71 70 -1 71 69 71 -1 71 -1 70 69 69 72 -1 69 71 71 
-1 -1 72 70 -1 69 72 72 -1 69 72 69 -1 -1 73 72 71 71 -1 72 73 -1 73 70 72 -1 72 73 70 71 71 72 70 -1 70 -1 71 69 -1 72 -1 -1 70 69 69 72 69 -1 71 -1 
69 72 -1 -1 71 -1 72 72 -1 69 -1 69 71 70 -1 -1 71 71 -1 -1 -1 73 73 70 72 69 -1 -1 -1 71 71 72 -1 -1 -1 69 71 69 71 -1 71 72 70 69 -1 72 69 69 71 71 
69 -1 72 70 71 -1 72 72 -1 69 -1 69 71 70 -1 72 71 -1 69 72 -1 73 73 70 72 -1 -1 73 70 -1 71 -1 -1 71 70 -1 71 69 -1 72 71 72 70 69 69 72 69 69 -1 71 
72 -1 -1 -1 74 -1 75 75 76 72 75 72 -1 73 76 75 74 74 -1 -1 76 76 76 73 75 72 75 -1 73 74 74 -1 73 74 -1 72 -1 72 -1 75 74 75 73 72 72 -1 -1 -1 -1 74 
69 72 72 -1 -1 -1 -1 72 73 69 -1 69 71 70 73 72 71 71 69 -1 73 73 -1 70 -1 69 72 -1 -1 71 71 72 -1 71 70 69 -1 69 71 72 -1 -1 70 69 69 72 69 69 71 71 
69 72 72 -1 71 -1 -1 72 -1 69 72 -1 71 70 -1 72 71 71 69 72 73 73 73 70 72 69 72 73 70 -1 71 72 -1 71 70 69 71 69 -1 72 71 -1 70 69 -1 72 69 -1 -1 71 
69 72 -1 70 -1 69 -1 -1 73 -1 72 69 -1 70 73 72 -1 -1 -1 -1 73 73 73 -1 72 -1 72 73 70 -1 -1 72 -1 71 70 -1 71 69 71 72 71 72 70 69 69 -1 69 69 -1 71 
69 72 72 -1 71 69 -1 72 73 -1 72 69 71 70 -1 72 -1 -1 69 72 73 -1 70 70 -1 -1 -1 73 70 71 71 -1 70 71 70 -1 -1 -1 71 72 74 72 70 69 69 -1 69 69 71 71 
69 72 -1 -1 -1 -1 -1 -1 73 69 72 69 71 70 73 72 -1 -1 -1 72 -1 73 73 70 72 69 -1 73 70 71 71 72 70 71 70 69 -1 69 71 72 -1 72 70 -1 69 72 69 69 -1 -1 
-1 72 72 -1 -1 -1 72 72 73 69 72 69 71 70 -1 72 71 -1 69 72 -1 73 -1 70 -1 69 -1 73 -1 71 -1 72 70 -1 -1 -1 -1 -1 71 72 71 -1 70 69 69 72 69 -1 -1 -1 
69 72 -1 -1 -1 69 -1 72 -1 69 72 69 71 70 73 72 -1 71 69 72 73 -1 73 -1 -1 69 72 73 70 -1 -1 72 70 71 -1 69 -1 69 -1 72 71 72 70 -1 -1 72 69 69 -1 71 
69 72 -1 70 71 69 72 72 73 69 72 69 -1 -1 -1 72 -1 71 69 72 -1 73 73 70 72 69 -1 -1 -1 71 -1 72 -1 -1 70 69 -1 -1 71 -1 71 72 70 69 69 72 69 -1 -1 71 
-1 72 72 -1 71 -1 -1 72 73 71 72 69 -1 70 -1 72 71 -1 -1 72 -1 -1 73 70 -1 69 -1 73 -1 71 71 72 70 -1 -1 69 71 -1 71 72 71 -1 70 67 69 72 -1 -1 -1 -1 
69 72 72 -1 71 -1 72 -1 73 69 72 -1 71 70 73 -1 -1 71 69 72 73 -1 73 70 -1 -1 72 73 -1 71 71 -1 -1 -1 70 -1 71 -1 -1 72 71 -1 70 69 69 72 -1 69 71 -1 
69 -1 72 70 -1 69 72 72 73 69 -1 69 71 70 73 -1 71 71 69 72 73 -1 73 70 -1 69 -1 73 70 71 71 72 70 71 70 69 71 69 -1 72 71 -1 70 -1 69 72 69 69 -1 71 
67 70 -1 -1 -1 67 70 70 71 67 70 -1 69 -1 -1 70 69 69 67 70 71 71 71 68 70 -1 -1 71 -1 -1 69 70 -1 69 68 67 69 -1 69 70 -1 -1 -1 67 67 70 67 67 69 69 
-1 72 72 -1 71 69 72 72 73 69 -1 69 71 -1 73 72 71 71 69 -1 73 -1 -1 -1 -1 69 72 73 70 71 71 72 70 -1 -1 -1 71 69 71 72 -1 -1 70 -1 -1 72 69 69 -1 71 
-1 -1 72 70 -1 69 -1 72 73 69 72 -1 -1 70 73 72 -1 71 69 -1 73 73 -1 70 72 69 72 73 74 71 71 72 70 71 70 69 71 69 -1 -1 71 -1 66 69 -1 -1 69 -1 -1 71 
69 -1 72 70 71 69 -1 72 73 69 -1 -1 -1 70 -1 72 71 -1 69 -1 -1 -1 73 -1 72 -1 -1 73 70 -1 -1 -1 -1 71 -1 69 71 69 -1 72 -1 -1 -1 69 69 72 69 69 71 71 
-1 -1 72 70 -1 69 -1 -1 -1 69 72 69 -1 -1 73 -1 -1 71 69 72 73 73 73 70 72 69 -1 -1 70 71 -1 72 70 -1 -1 69 71 69 71 72 -1 72 -1 69 69 72 -1 -1 71 -1 
-1 72 72 70 71 -1 72 72 73 -1 -1 -1 71 70 73 72 71 71 69 72 -1 -1 73 70 72 69 72 -1 70 -1 71 -1 70 71 70 69 71 69 -1 -1 71 72 70 -1 69 72 69 69 71 -1 
69 72 72 70 71 69 71 72 73 -1 -1 -1 71 -1 73 72 71 -1 69 72 73 -1 73 70 72 69 72 73 -1 -1 71 73 70 71 70 69 -1 69 71 72 -1 72 -1 69 69 -1 69 69 71 71 
65 68 68 -1 67 65 68 68 -1 -1 68 65 -1 66 -1 68 67 67 65 -1 -1 -1 69 66 68 65 68 -1 66 67 67 68 -1 -1 -1 65 -1 -1 67 -1 67 68 66 65 65 68 65 65 67 -1 
69 -1 72 70 71 69 72 72 73 -1 72 69 -1 70 73 -1 71 -1 69 72 73 73 -1 70 72 69 72 -1 -1 -1 -1 72 70 71 70 -1 71 69 -1 72 71 72 -1 -1 69 72 -1 69 -1 -1 
-1 -1 -1 70 -1 69 72 -1 73 69 72 69 -1 70 73 72 71 -1 -1 72 -1 73 73 70 -1 -1 72 -1 70 71 71 -1 70 71 70 -1 -1 69 -1 -1 71 72 70 69 69 72 69 69 -1 71 
69 72 72 70 -1 69 -1 -1 -1 69 72 69 -1 70 73 72 71 -1 69 72 73 -1 73 70 72 -1 72 -1 70 71 71 72 70 71 70 69 -1 69 71 72 -1 72 -1 69 -1 -1 69 -1 -1 71 
69 72 72 70 -1 69 -1 72 73 69 -1 -1 -1 70 73 72 71 71 -1 72 73 73 -1 70 72 69 72 -1 -1 71 -1 72 -1 -1 70 69 -1 -1 -1 -1 71 72 -1 69 69 72 69 69 71 -1 
-1 72 72 70 -1 -1 72 72 -1 69 72 69 -1 70 73 72 71 -1 -1 -1 73 -1 -1 -1 72 -1 -1 73 70 71 -1 -1 -1 -1 -1 69 71 69 71 -1 71 -1 70 -1 69 -1 69 -1 71 -1 
69 72 -1 70 71 69 72 72 -1 69 72 -1 -1 -1 73 -1 71 71 -1 -1 -1 73 73 70 -1 69 72 73 -1 71 71 -1 -1 71 70 -1 71 69 71 -1 71 72 -1 69 -1 -1 69 69 71 71 
65 68 -1 66 67 65 68 68 -1 -1 -1 65 -1 66 -1 68 -1 67 65 -1 -1 -1 69 66 68 -1 68 -1 66 67 67 68 -1 67 -1 -1 67 65 67 68 -1 -1 66 65 65 68 -1 65 67 67 
-1 72 72 -1 -1 -1 72 72 73 69 72 -1 -1 -1 -1 72 -1 71 -1 72 -1 73 -1 70 72 -1 -1 73 70 -1 71 72 70 71 70 69 71 69 71 -1 71 72 70 -1 69 -1 69 -1 71 71 
-1 -1 72 -1 -1 69 -1 72 73 69 72 -1 71 70 -1 72 71 71 69 -1 -1 73 73 70 -1 69 72 73 70 71 -1 72 70 -1 70 69 -1 -1 71 -1 71 72 -1 69 -1 72 69 69 -1 -1 
69 -1 -1 70 71 -1 -1 -1 73 69 72 -1 71 -1 -1 -1 71 -1 69 72 -1 73 -1 70 72 -1 -1 73 -1 71 71 72 70 71 70 69 71 69 -1 -1 -1 72 70 69 -1 72 69 -1 71 71 
-1 -1 72 -1 71 -1 72 72 73 -1 72 69 71 70 73 72 71 71 69 72 73 73 73 70 -1 -1 72 -1 70 71 71 72 70 71 -1 69 71 69 71 72 71 72 70 69 -1 72 69 -1 -1 -1 
-1 74 74 72 -1 71 74 -1 75 71 74 71 73 72 -1 -1 -1 73 -1 74 75 75 75 -1 -1 71 -1 75 72 -1 73 -1 72 73 72 71 -1 71 73 74 -1 74 72 71 71 -1 -1 71 -1 -1 
69 72 -1 70 71 -1 72 -1 -1 69 72 69 71 70 73 72 74 71 -1 72 73 73 73 -1 72 69 -1 73 70 71 71 72 67 71 70 69 -1 69 71 72 -1 72 70 -1 -1 72 -1 69 71 -1 
68 -1 71 -1 70 -1 71 -1 -1 -1 71 68 70 -1 72 -1 -1 70 68 -1 72 -1 72 69 -1 -1 -1 72 69 -1 66 71 -1 -1 -1 -1 70 -1 -1 71 70 -1 -1 -1 68 71 72 68 70 70 
-1 75 75 73 74 72 75 75 76 -1 -1 -1 74 -1 76 75 74 74 -1 75 76 76 76 73 75 72 75 76 -1 -1 74 75 73 74 73 72 -1 72 -1 75 -1 75 73 -1 72 75 -1 72 -1 74 
69 72 -1 -1 71 69 72 72 -1 -1 72 -1 71 70 73 72 -1 71 69 -1 -1 -1 73 -1 -1 -1 72 73 70 70 71 72 -1 71 70 69 -1 69 71 72 -1 72 70 69 -1 -1 70 69 71 71 
69 -1 72 70 -1 69 72 72 -1 69 -1 69 -1 70 73 72 71 -1 69 72 73 73 -1 70 72 -1 72 73 -1 71 71 -1 70 -1 -1 69 71 -1 71 72 71 -1 70 69 -1 -1 -1 69 -1 -1 
69 -1 72 70 71 69 72 -1 -1 69 -1 69 71 70 73 72 71 -1 69 72 73 73 -1 70 72 69 72 73 -1 71 71 72 -1 71 70 69 -1 -1 71 72 71 72 70 69 -1 72 69 69 71 71 
69 -1 72 70 71 -1 72 72 73 -1 -1 69 71 -1 -1 72 71 71 -1 -1 73 73 73 70 -1 -1 -1 73 70 71 -1 72 70 -1 -1 69 71 -1 71 72 71 72 70 69 69 -1 69 69 -1 71 
69 72 72 70 71 69 72 -1 -1 -1 72 69 71 70 -1 72 71 71 -1 -1 73 73 73 70 72 69 -1 -1 70 71 71 -1 -1 71 70 -1 71 69 71 -1 -1 72 -1 -1 69 72 69 69 -1 71 
69 72 72 70 71 69 72 72 73 69 -1 69 -1 -1 73 72 -1 71 -1 -1 73 -1 73 70 -1 -1 -1 -1 70 -1 71 72 70 71 70 69 71 -1 -1 -1 71 -1 70 69 -1 72 -1 69 -1 71 
-1 -1 -1 70 -1 69 -1 69 73 -1 -1 -1 71 70 -1 -1 -1 -1 69 72 73 73 73 70 72 -1 72 73 -1 71 71 72 70 71 70 -1 71 69 -1 72 -1 72 70 69 -1 72 69 69 74 -1 
71 -1 74 72 73 71 74 74 -1 71 74 -1 73 72 75 74 73 -1 -1 -1 75 -1 75 72 -1 -1 -1 75 72 73 73 74 72 73 -1 -1 -1 -1 73 74 73 74 72 71 71 -1 71 71 -1 -1 
71 74 -1 -1 -1 -1 74 -1 75 71 74 71 73 -1 -1 -1 73 -1 -1 74 75 75 75 72 74 71 74 75 72 73 -1 74 -1 -1 -1 71 73 -1 -1 -1 73 -1 72 71 71 74 71 71 73 73 
69 -1 72 70 71 -1 72 72 73 69 72 69 71 -1 -1 72 71 71 69 72 73 73 73 -1 72 69 -1 -1 70 -1 71 72 -1 71 -1 69 -1 69 -1 72 71 -1 70 69 69 72 69 69 -1 71 
-1 -1 72 70 -1 69 -1 72 73 -1 72 -1 -1 70 73 -1 -1 -1 -1 72 73 73 73 -1 72 69 72 -1 70 71 71 72 70 71 -1 69 71 -1 71 -1 71 72 -1 69 69 72 69 -1 -1 71 
69 72 -1 70 -1 69 72 72 73 69 -1 69 71 70 73 72 71 71 69 72 73 73 73 70 72 -1 -1 -1 70 71 -1 72 70 71 70 -1 71 69 71 -1 -1 -1 -1 69 69 -1 69 69 71 71 
-1 72 72 70 71 69 72 -1 -1 -1 72 69 -1 -1 73 72 71 71 69 -1 -1 73 73 70 72 69 72 -1 -1 71 -1 72 -1 71 70 -1 -1 69 -1 -1 71 72 70 69 69 72 -1 69 71 -1 
69 72 72 70 71 69 72 72 73 69 72 -1 71 70 -1 72 -1 71 69 72 73 73 -1 -1 72 69 72 73 70 71 -1 -1 70 71 70 -1 71 69 -1 72 -1 72 -1 69 69 72 69 -1 71 -1 
-1 72 72 70 71 -1 -1 72 73 69 72 69 71 70 73 72 -1 -1 69 -1 73 73 73 -1 72 69 72 73 -1 -1 71 72 70 71 -1 69 71 -1 71 72 71 72 70 69 69 -1 -1 69 -1 -1 
69 -1 -1 -1 71 69 -1 72 73 69 72 69 71 -1 -1 72 71 71 69 -1 73 73 -1 70 72 -1 72 73 70 71 71 -1 70 71 70 -1 -1 -1 -1 72 71 72 70 -1 69 72 69 69 71 71 
69 -1 72 70 71 -1 -1 72 -1 69 72 -1 71 70 73 72 71 71 69 72 -1 73 73 70 72 -1 72 73 -1 -1 71 -1 70 71 70 -1 -1 -1 71 72 -1 72 -1 -1 -1 -1 69 69 -1 71 
-1 -1 72 -1 -1 69 -1 72 -1 69 72 -1 -1 70 73 72 -1 71 69 72 -1 73 73 70 -1 69 72 73 70 -1 -1 72 70 -1 -1 69 71 69 -1 72 -1 72 -1 -1 69 -1 69 -1 -1 71 
72 75 75 -1 74 72 -1 -1 76 72 75 72 -1 73 76 75 74 -1 -1 -1 76 -1 76 73 75 72 75 -1 -1 74 -1 75 -1 74 -1 -1 74 72 74 75 74 -1 -1 72 -1 75 -1 72 -1 74 
69 72 72 70 71 69 72 -1 -1 69 72 -1 71 70 -1 72 71 -1 -1 72 73 -1 73 -1 72 -1 72 -1 -1 -1 71 72 70 71 -1 69 71 -1 -1 72 71 -1 -1 69 69 72 -1 69 71 71 
69 72 -1 70 -1 -1 72 72 -1 -1 72 69 -1 -1 73 72 71 71 69 72 69 73 73 70 -1 69 72 -1 70 71 71 72 -1 71 74 -1 71 -1 -1 72 -1 72 70 69 -1 -1 69 69 71 71 
-1 72 72 70 -1 69 72 72 -1 69 -1 69 -1 70 73 72 71 71 -1 72 73 73 73 70 72 69 72 -1 70 71 71 -1 -1 -1 -1 69 -1 69 71 -1 71 -1 70 -1 69 -1 69 -1 71 -1 
69 72 72 70 -1 -1 72 -1 73 -1 -1 69 -1 70 73 -1 71 71 69 72 73 -1 73 70 72 69 72 73 70 71 71 72 70 71 -1 69 71 -1 71 72 71 72 70 69 69 72 69 69 -1 71 
71 74 -1 72 73 -1 -1 74 -1 -1 -1 71 73 -1 -1 -1 73 73 71 74 -1 75 -1 -1 74 -1 -1 75 72 -1 -1 74 72 73 72 71 -1 -1 -1 74 -1 74 72 71 -1 74 71 71 73 -1 
69 -1 72 -1 -1 69 72 72 -1 69 72 69 -1 70 -1 72 71 71 69 -1 -1 73 73 70 72 -1 -1 73 70 -1 71 72 70 71 70 -1 71 69 -1 -1 71 -1 70 69 -1 72 69 69 -1 71 
-1 72 72 70 -1 69 -1 72 73 69 72 69 -1 -1 73 72 71 71 -1 72 73 73 73 70 72 -1 -1 73 -1 71 -1 72 70 71 70 69 -1 69 71 72 -1 -1 70 69 69 -1 69 69 -1 71 
69 -1 72 70 71 69 72 -1 73 -1 72 -1 71 70 -1 72 71 71 -1 72 73 73 -1 70 72 69 72 73 70 71 71 -1 70 71 70 69 -1 69 -1 72 -1 -1 70 -1 69 72 69 69 -1 -1 
67 70 -1 -1 69 67 70 70 -1 -1 70 67 69 68 -1 70 69 -1 67 70 71 -1 71 68 70 67 70 71 -1 69 69 70 68 -1 68 -1 69 -1 69 70 69 70 68 67 67 70 67 67 -1 69 
67 70 70 -1 -1 67 70 70 -1 67 70 67 -1 -1 71 -1 69 -1 67 -1 71 -1 71 -1 70 67 70 -1 -1 69 -1 70 68 69 -1 67 -1 67 -1 70 69 -1 -1 -1 67 -1 -1 67 -1 69 
69 72 -1 70 71 -1 72 72 73 69 -1 69 -1 -1 73 -1 71 71 69 -1 -1 73 73 -1 72 -1 -1 73 70 71 71 72 70 -1 70 69 -1 69 71 72 71 72 -1 69 -1 -1 69 -1 -1 71 
69 -1 72 70 71 69 -1 76 73 -1 72 -1 71 70 73 72 71 71 -1 72 -1 73 73 70 -1 -1 72 73 70 -1 71 68 -1 71 70 69 71 69 71 72 71 -1 70 -1 69 72 69 69 71 71 
-1 -1 76 70 71 -1 72 -1 73 69 72 69 71 70 69 72 -1 -1 69 72 73 73 73 -1 72 -1 72 -1 70 -1 -1 -1 70 -1 70 69 71 -1 71 72 71 72 70 -1 -1 -1 -1 69 71 71 
-1 72 -1 70 71 69 72 72 -1 -1 -1 69 71 -1 -1 72 71 -1 -1 72 73 73 73 70 72 -1 72 73 -1 71 -1 -1 70 71 70 -1 71 -1 -1 72 -1 72 70 69 69 -1 69 69 71 -1 
69 72 -1 70 71 -1 -1 72 -1 69 72 69 71 70 -1 -1 71 71 69 72 -1 -1 -1 -1 72 -1 72 73 70 71 71 72 70 71 70 69 71 69 71 -1 71 72 -1 -1 69 -1 69 -1 -1 71 
69 72 72 70 71 69 72 72 -1 69 72 69 -1 70 73 72 71 71 69 -1 -1 73 -1 -1 72 69 -1 -1 70 71 -1 -1 70 71 70 -1 -1 69 71 -1 -1 72 70 -1 69 72 69 69 71 -1 
69 -1 72 -1 71 69 72 -1 73 69 72 69 71 70 73 -1 -1 71 -1 -1 73 73 73 -1 72 -1 72 73 70 71 -1 -1 70 71 70 -1 -1 69 -1 72 71 72 70 -1 69 72 -1 -1 71 71 
69 72 72 70 71 69 -1 -1 73 -1 72 -1 71 70 -1 72 71 -1 -1 72 73 -1 -1 -1 72 69 -1 73 70 71 71 72 70 71 -1 69 71 69 71 -1 71 72 -1 -1 69 72 69 -1 71 -1 
69 72 -1 70 69 69 -1 72 73 69 72 69 -1 70 73 72 -1 71 69 -1 73 -1 73 70 72 -1 74 -1 70 -1 -1 72 70 71 -1 -1 -1 -1 71 -1 -1 72 70 69 69 -1 -1 69 71 71 
69 72 72 70 -1 -1 -1 -1 73 69 -1 69 71 70 73 72 71 71 69 72 73 73 73 70 72 -1 -1 73 70 -1 -1 72 70 71 -1 69 71 -1 71 72 71 -1 70 69 69 72 69 -1 -1 71 
69 72 -1 -1 71 69 72 -1 -1 -1 72 69 71 70 73 72 -1 -1 -1 72 73 73 73 70 -1 69 72 73 -1 68 -1 72 70 71 -1 69 71 69 71 72 -1 72 70 69 69 -1 72 69 71 -1 
69 72 73 70 -1 -1 72 72 72 69 72 69 71 70 73 72 71 -1 69 72 -1 73 -1 70 -1 69 72 -1 70 71 71 72 -1 71 70 -1 71 69 -1 72 71 72 70 69 69 72 69 -1 -1 71 
-1 75 75 -1 74 72 75 -1 -1 72 -1 -1 74 73 -1 -1 -1 74 72 75 76 76 -1 -1 75 72 -1 76 -1 74 74 75 73 74 73 72 74 -1 74 75 -1 75 -1 72 72 -1 72 72 -1 74 
69 72 72 -1 71 -1 72 -1 -1 69 72 69 71 -1 73 72 71 71 -1 -1 -1 -1 -1 -1 72 69 -1 73 70 -1 71 72 70 71 -1 69 -1 -1 -1 72 71 72 -1 -1 69 -1 -1 69 71 71 
69 72 72 70 71 69 72 -1 73 69 72 65 71 70 -1 72 71 -1 69 72 73 73 71 70 -1 69 72 73 70 71 -1 -1 74 -1 70 -1 71 69 71 72 71 -1 -1 69 -1 72 -1 71 71 71 
69 -1 -1 70 71 69 72 72 73 69 72 -1 71 70 73 72 -1 71 69 72 73 73 73 70 72 69 72 73 70 -1 71 72 70 -1 -1 69 71 69 71 72 71 72 70 69 69 72 69 69 -1 71 
66 69 69 -1 68 66 -1 -1 70 66 69 66 -1 67 70 69 68 -1 -1 -1 70 -1 70 67 69 66 69 -1 -1 68 -1 69 -1 68 -1 -1 68 66 68 69 68 -1 -1 66 -1 69 -1 66 -1 68 
69 72 -1 70 -1 -1 72 -1 -1 -1 72 69 71 70 73 72 -1 -1 69 72 73 73 -1 70 72 69 -1 73 -1 71 71 -1 -1 71 70 69 71 69 71 -1 -1 -1 -1 69 -1 72 -1 -1 71 -1 
69 72 -1 70 71 -1 -1 -1 -1 -1 72 -1 71 70 -1 -1 -1 71 -1 -1 73 73 73 70 72 69 72 73 -1 -1 -1 72 70 -1 -1 69 71 69 71 72 -1 72 -1 -1 69 72 69 69 71 -1 
69 -1 72 -1 71 -1 -1 72 -1 69 -1 69 -1 70 73 72 71 71 -1 72 73 73 73 70 72 69 72 -1 70 71 71 72 70 -1 70 -1 -1 -1 -1 72 71 72 70 69 69 -1 69 -1 71 71 
69 72 72 70 -1 69 -1 72 73 -1 72 69 71 70 -1 72 71 71 69 72 73 73 73 70 72 -1 72 73 70 71 71 -1 -1 -1 70 -1 71 69 71 72 71 -1 70 -1 69 -1 69 69 71 -1 
65 -1 68 -1 67 65 68 68 -1 -1 68 65 -1 66 69 -1 67 67 -1 -1 69 69 69 66 68 65 -1 -1 -1 67 67 68 66 67 -1 -1 -1 65 -1 68 67 68 -1 65 65 -1 -1 65 67 67 
69 72 -1 70 71 69 72 72 -1 69 72 69 71 70 73 72 71 71 -1 72 -1 73 -1 70 72 69 72 73 -1 71 -1 72 -1 71 70 69 -1 -1 71 72 71 -1 -1 -1 69 72 -1 69 -1 -1 
69 72 -1 -1 71 69 72 72 -1 69 72 69 71 70 70 72 -1 -1 72 72 73 73 -1 70 72 -1 -1 -1 70 -1 -1 72 70 -1 70 69 -1 69 -1 72 -1 72 70 69 69 72 69 69 -1 -1 
-1 -1 72 -1 71 69 72 -1 -1 -1 72 69 -1 70 73 -1 71 -1 -1 72 73 -1 -1 -1 72 -1 72 -1 -1 -1 71 72 70 71 70 69 71 -1 71 72 -1 -1 70 -1 69 72 69 69 71 71 
-1 67 69 67 68 66 71 69 70 -1 -1 -1 68 -1 70 69 68 68 -1 69 70 70 70 67 69 66 69 70 -1 -1 68 69 67 68 67 66 -1 66 -1 69 -1 69 67 -1 66 69 -1 66 -1 68 
69 72 -1 -1 -1 -1 -1 72 73 69 72 -1 -1 -1 -1 72 -1 -1 69 72 73 73 -1 -1 72 69 -1 73 70 -1 71 72 -1 71 70 69 71 -1 -1 72 -1 72 70 69 69 72 69 69 71 71 
69 72 72 -1 -1 69 72 72 73 69 72 -1 71 70 -1 72 71 71 -1 -1 73 -1 69 70 72 69 72 73 -1 71 71 72 70 71 70 69 71 69 71 72 71 72 70 73 69 -1 -1 69 71 71 
69 72 -1 70 71 -1 72 72 73 69 72 69 71 -1 -1 72 -1 71 -1 72 -1 -1 73 70 -1 69 70 73 70 71 73 72 -1 71 70 -1 -1 69 71 72 71 72 -1 -1 69 72 69 69 71 71 
69 72 -1 70 -1 69 72 -1 73 69 72 69 71 70 73 72 -1 71 -1 72 73 -1 73 70 72 69 -1 -1 70 71 -1 72 70 71 -1 69 71 -1 71 72 71 72 -1 -1 -1 -1 69 69 -1 71 
69 -1 72 -1 71 69 -1 72 73 -1 72 69 71 70 -1 -1 -1 71 69 72 73 73 73 -1 72 69 72 73 -1 71 71 72 70 71 -1 69 71 69 71 -1 -1 72 70 69 69 -1 69 69 -1 71 
69 -1 72 70 71 69 72 72 76 -1 -1 69 -1 -1 73 72 71 -1 69 -1 73 -1 73 70 72 69 72 73 70 71 -1 72 70 71 -1 69 71 -1 71 72 71 75 67 66 -1 72 69 -1 71 71 
69 -1 72 70 71 69 71 72 73 69 72 69 71 70 -1 -1 -1 72 -1 72 -1 73 73 -1 -1 -1 72 73 -1 -1 71 72 70 71 70 -1 71 -1 -1 -1 71 72 -1 -1 69 72 69 69 71 71 
-1 -1 -1 70 -1 69 72 72 -1 69 72 -1 71 -1 73 72 71 71 -1 -1 73 -1 -1 74 70 69 72 73 70 71 -1 -1 70 71 70 -1 71 69 -1 -1 67 -1 70 -1 69 -1 -1 71 71 71 
69 72 -1 70 71 69 -1 -1 -1 69 -1 69 71 70 73 72 71 71 69 72 73 73 73 70 72 69 72 73 70 71 71 -1 70 -1 70 69 -1 69 71 72 71 72 70 69 69 72 -1 -1 71 71 
-1 72 72 -1 -1 69 72 72 73 69 72 69 71 70 -1 -1 -1 71 -1 72 73 73 -1 70 -1 69 72 73 70 71 -1 72 -1 71 -1 69 71 69 -1 72 71 72 70 69 69 -1 -1 -1 -1 71 
65 68 66 -1 67 65 68 68 69 65 68 65 -1 66 -1 68 67 67 -1 -1 69 -1 69 66 -1 -1 68 -1 -1 -1 -1 68 -1 -1 66 -1 -1 65 67 68 67 68 68 65 65 68 65 65 67 67 
69 -1 -1 70 71 69 -1 72 73 69 72 69 71 -1 73 72 71 71 69 72 73 73 -1 70 72 -1 -1 73 70 71 71 72 -1 -1 70 69 71 69 -1 72 -1 72 70 69 69 72 69 -1 -1 71 
69 72 72 70 71 69 72 72 73 69 -1 -1 71 70 73 72 71 71 69 72 73 73 73 70 72 -1 -1 -1 -1 -1 -1 72 70 -1 -1 69 71 69 71 72 -1 72 70 -1 -1 72 69 69 -1 71 
69 72 72 70 71 -1 -1 72 73 69 72 69 -1 -1 -1 -1 71 -1 -1 72 -1 -1 -1 70 72 69 72 73 -1 -1 -1 72 -1 71 70 -1 71 69 71 72 -1 72 -1 -1 69 -1 69 69 -1 -1 
-1 72 -1 70 71 69 72 -1 73 69 -1 -1 71 70 -1 -1 -1 71 -1 -1 73 -1 73 70 72 69 -1 73 -1 71 71 72 70 -1 -1 69 71 69 -1 72 -1 -1 70 69 69 72 69 69 71 -1 
-1 72 72 70 -1 69 72 -1 73 -1 72 69 71 70 73 72 71 71 69 -1 -1 -1 73 70 72 69 72 73 -1 -1 71 -1 70 71 70 -1 71 69 71 72 71 72 -1 -1 69 -1 69 69 71 -1 
-1 -1 72 70 -1 69 72 72 -1 69 72 69 -1 70 73 72 71 71 69 72 73 -1 73 73 72 69 72 73 70 71 -1 72 70 71 70 70 71 69 71 69 -1 72 70 69 -1 72 69 69 71 70 
69 72 72 70 -1 69 72 72 -1 69 72 -1 71 -1 73 72 71 -1 69 72 73 73 -1 -1 72 69 72 -1 70 -1 -1 72 70 -1 70 68 71 69 72 72 -1 72 -1 -1 69 72 -1 69 71 71 
-1 -1 72 -1 71 -1 72 -1 73 -1 -1 -1 71 -1 73 72 -1 71 69 72 73 -1 73 70 -1 69 -1 73 -1 71 71 -1 70 71 70 69 71 -1 -1 -1 71 72 70 69 69 72 69 69 71 71 
-1 72 -1 -1 71 -1 72 72 73 69 72 69 71 -1 -1 72 -1 71 69 72 73 73 -1 70 72 69 72 -1 70 71 -1 72 -1 -1 70 69 71 69 71 -1 71 -1 70 69 69 72 -1 69 71 71 
69 72 72 -1 71 69 72 72 73 68 72 69 71 -1 73 72 71 71 -1 72 -1 -1 73 70 -1 69 72 74 -1 -1 -1 -1 70 71 70 69 71 69 -1 -1 71 72 -1 69 -1 72 69 69 71 71 
69 72 72 -1 71 69 72 72 -1 69 -1 69 -1 70 73 -1 71 71 -1 -1 -1 73 73 70 72 69 72 -1 70 71 71 72 70 -1 70 69 71 69 -1 72 71 72 -1 -1 69 72 69 69 71 -1 
69 72 72 70 71 -1 -1 -1 73 -1 72 -1 -1 70 -1 -1 -1 -1 69 72 73 73 -1 70 72 69 72 -1 -1 -1 -1 72 70 71 -1 -1 -1 -1 71 72 -1 72 70 69 -1 -1 69 69 71 71 
-1 72 72 70 -1 -1 72 72 73 -1 -1 -1 71 70 -1 72 71 71 -1 72 73 73 -1 -1 72 -1 72 -1 70 71 71 72 70 71 70 69 -1 69 71 72 -1 72 -1 69 -1 -1 69 69 71 71 
69 72 -1 -1 71 -1 -1 -1 73 69 72 69 71 70 -1 72 -1 71 69 -1 73 73 73 70 -1 69 72 73 70 71 -1 72 -1 71 70 -1 71 69 -1 -1 71 72 -1 69 69 72 69 -1 71 -1 
69 -1 72 70 -1 69 72 72 -1 69 72 69 -1 70 73 72 71 -1 69 -1 -1 -1 73 -1 72 69 72 73 -1 71 -1 72 70 71 70 69 71 -1 -1 72 -1 72 70 69 69 72 69 69 -1 71 
-1 -1 -1 -1 71 -1 -1 72 73 69 72 69 71 70 73 -1 -1 71 -1 -1 73 -1 -1 70 72 69 72 73 70 71 71 72 70 -1 70 69 71 69 71 72 -1 72 70 69 -1 -1 -1 -1 -1 71 
69 72 -1 70 71 69 72 72 73 -1 -1 -1 71 70 73 -1 -1 71 69 -1 73 73 73 70 72 69 72 73 70 71 -1 72 -1 71 70 69 -1 -1 71 72 71 72 70 -1 -1 72 69 69 71 -1 
66 69 69 -1 68 -1 69 -1 70 66 -1 -1 68 -1 70 69 68 68 66 -1 -1 70 70 63 69 -1 69 70 67 68 68 69 67 68 70 66 -1 66 -1 66 68 69 -1 70 66 69 -1 66 68 68 
69 72 -1 70 -1 -1 72 72 -1 -1 72 69 -1 -1 73 72 71 71 69 72 73 73 73 70 -1 69 72 -1 70 71 71 72 -1 71 70 -1 71 -1 -1 72 -1 72 70 69 -1 -1 69 69 71 71 
71 74 70 72 -1 71 -1 -1 75 -1 74 71 73 -1 79 -1 73 -1 71 74 75 75 75 72 74 -1 74 75 -1 73 -1 74 -1 73 72 -1 73 71 73 74 73 74 72 71 -1 -1 -1 71 -1 -1 
69 -1 72 70 71 69 72 72 73 69 -1 69 71 70 73 -1 71 71 -1 -1 73 73 -1 -1 -1 -1 72 73 70 -1 -1 72 70 71 70 69 -1 69 -1 -1 71 -1 70 -1 -1 72 69 -1 71 71 
-1 72 72 70 71 69 72 -1 73 69 72 69 -1 -1 73 72 -1 71 69 72 73 73 73 70 -1 -1 72 -1 70 71 -1 -1 -1 71 70 69 -1 -1 71 72 71 -1 70 -1 69 -1 69 69 71 71 
69 72 72 70 71 69 72 72 -1 69 72 69 71 70 73 -1 71 -1 69 73 73 73 73 70 72 69 72 73 70 -1 -1 -1 70 71 69 69 71 69 71 72 71 72 70 -1 69 -1 69 69 -1 -1 
-1 75 72 70 71 -1 72 72 73 69 -1 -1 -1 70 -1 -1 -1 71 -1 72 73 73 73 70 72 69 -1 -1 70 71 71 72 70 71 -1 69 71 69 71 -1 71 72 70 69 -1 -1 66 -1 -1 71 
69 69 72 70 73 -1 72 -1 73 -1 -1 69 71 -1 -1 72 71 71 69 72 73 73 73 70 -1 69 70 -1 70 71 -1 72 -1 -1 70 -1 71 69 -1 72 71 -1 70 -1 69 72 72 69 71 -1 
-1 -1 -1 -1 71 -1 -1 72 73 69 72 69 71 70 73 72 -1 71 69 72 73 -1 -1 70 72 69 72 73 -1 71 71 -1 70 71 70 -1 71 69 -1 -1 -1 72 -1 69 69 72 69 69 71 -1 
-1 72 72 70 71 69 72 72 73 69 72 -1 71 70 73 -1 -1 71 69 72 73 73 73 70 72 69 72 73 70 71 71 72 70 71 70 69 71 66 74 72 71 72 -1 69 69 72 -1 69 71 71 
73 76 76 -1 75 73 76 76 -1 -1 76 73 -1 74 -1 76 75 75 73 -1 -1 -1 77 74 76 73 76 -1 74 75 75 76 -1 -1 -1 73 -1 -1 75 -1 75 76 74 73 73 76 73 73 75 -1 
69 -1 72 -1 71 69 72 72 73 69 72 69 71 -1 73 72 71 71 -1 72 -1 73 73 -1 72 69 -1 73 70 71 71 -1 70 -1 -1 -1 71 -1 -1 -1 71 72 70 69 -1 72 -1 69 -1 -1 
69 -1 -1 70 71 69 72 -1 -1 -1 72 69 71 70 73 -1 71 -1 -1 72 73 73 -1 -1 -1 69 -1 73 70 71 71 -1 70 71 70 69 71 69 71 -1 -1 72 70 69 69 72 -1 69 71 71 
69 72 72 -1 71 69 -1 -1 73 69 72 -1 -1 70 73 -1 -1 71 69 72 73 73 -1 70 -1 69 72 73 70 71 -1 72 70 71 70 69 -1 69 71 72 -1 72 70 -1 69 72 -1 69 -1 71 
-1 -1 72 70 -1 -1 72 72 73 -1 72 69 -1 70 73 -1 71 -1 69 72 -1 73 73 -1 72 -1 72 -1 -1 -1 -1 72 74 71 70 69 71 -1 71 72 71 72 66 69 69 -1 -1 -1 -1 71 
69 72 -1 -1 -1 69 72 72 73 -1 72 69 -1 70 -1 72 -1 -1 -1 72 -1 73 73 70 72 -1 -1 -1 -1 -1 71 72 70 71 -1 69 71 69 71 -1 -1 -1 70 69 -1 -1 -1 -1 -1 71 
69 72 -1 74 -1 69 68 72 73 -1 -1 -1 71 -1 73 72 71 71 -1 -1 73 73 73 70 72 -1 72 73 70 -1 71 -1 70 71 -1 69 71 -1 71 -1 71 72 -1 69 69 72 69 -1 71 71 
69 -1 72 70 71 -1 72 72 73 -1 72 -1 71 -1 73 72 71 71 69 -1 -1 73 73 70 72 -1 72 73 70 71 -1 72 70 71 70 -1 71 69 71 72 71 -1 -1 -1 69 -1 69 69 71 71 
69 72 72 70 71 -1 72 72 -1 69 72 68 -1 70 73 -1 -1 71 -1 72 73 73 -1 -1 72 69 -1 73 -1 71 71 72 70 72 70 69 71 -1 -1 72 71 72 -1 69 69 72 69 -1 71 -1 
69 72 72 70 -1 69 72 72 73 69 -1 -1 -1 -1 -1 72 71 -1 -1 72 -1 -1 73 70 72 69 72 -1 -1 -1 71 72 70 71 70 69 71 69 -1 -1 71 72 70 -1 -1 72 -1 69 -1 71 
-1 72 72 -1 71 69 -1 72 73 -1 72 69 -1 -1 -1 -1 -1 71 69 72 -1 73 -1 70 72 69 72 73 70 71 71 72 70 71 -1 -1 -1 69 71 72 71 -1 70 69 69 72 69 69 71 71 
69 -1 72 70 71 -1 72 72 73 -1 72 -1 -1 70 -1 72 -1 71 69 72 -1 -1 -1 -1 72 73 72 73 -1 71 -1 -1 -1 71 70 69 -1 -1 71 -1 -1 -1 -1 69 69 -1 65 69 71 71 
69 72 72 70 71 69 -1 -1 73 69 -1 69 71 70 73 72 71 -1 -1 72 -1 73 73 -1 -1 69 -1 73 70 71 71 72 -1 71 70 69 71 -1 71 72 -1 72 70 69 -1 72 -1 69 -1 71 
69 72 72 -1 71 69 72 72 73 69 72 -1 71 70 73 72 71 -1 69 72 -1 -1 73 71 72 69 -1 73 -1 71 67 -1 70 71 70 -1 -1 69 70 -1 71 72 74 69 -1 72 69 -1 -1 -1 
69 72 72 -1 71 72 -1 72 -1 69 72 69 71 70 73 -1 68 71 -1 72 73 73 -1 -1 -1 69 72 73 -1 71 71 -1 70 -1 70 -1 71 69 71 -1 71 72 70 69 -1 72 -1 69 71 -1 
73 -1 76 -1 75 73 76 76 -1 -1 76 73 -1 74 77 -1 75 75 -1 -1 77 77 77 74 76 73 -1 -1 -1 75 75 76 74 75 -1 -1 -1 73 -1 76 75 76 -1 73 73 -1 -1 73 75 75 
69 -1 72 -1 -1 69 -1 -1 73 69 72 -1 -1 70 -1 72 71 71 69 72 73 73 -1 -1 72 69 72 73 -1 71 71 72 70 -1 70 -1 71 69 71 -1 -1 72 -1 69 -1 72 69 69 71 71 
69 72 72 -1 71 -1 72 72 73 69 -1 69 71 70 73 72 71 71 69 72 73 73 73 70 72 69 -1 -1 -1 71 -1 72 70 71 70 69 71 69 71 -1 -1 72 -1 69 69 72 -1 -1 71 71 
-1 72 72 -1 71 -1 72 72 73 69 72 69 -1 70 73 72 -1 71 69 72 -1 73 73 70 72 -1 72 73 70 -1 71 72 70 -1 70 69 71 69 -1 72 -1 -1 70 69 69 72 69 -1 71 -1 
69 -1 -1 70 71 69 -1 -1 -1 -1 -1 69 71 70 73 72 -1 71 -1 72 73 73 73 70 72 -1 72 73 70 -1 71 72 -1 71 67 69 71 69 71 75 71 -1 -1 -1 69 72 69 69 71 -1 
-1 72 72 70 71 -1 72 72 -1 69 72 69 71 -1 73 72 71 -1 -1 72 -1 73 73 -1 72 -1 72 73 70 71 71 72 70 71 70 69 71 -1 71 72 -1 72 -1 69 -1 72 -1 69 71 71 
66 69 -1 67 68 66 -1 69 70 66 69 -1 68 -1 -1 69 -1 68 66 -1 70 -1 -1 -1 69 -1 69 70 67 68 68 69 -1 68 67 66 68 -1 -1 69 68 -1 -1 66 66 -1 66 -1 68 68 
-1 72 72 70 71 69 -1 72 73 69 72 69 -1 -1 73 72 71 71 69 -1 -1 73 -1 -1 72 69 -1 73 70 71 -1 -1 -1 71 70 -1 71 69 -1 72 71 -1 70 69 69 -1 69 -1 71 -1 
69 -1 72 -1 71 -1 72 -1 73 69 72 69 71 70 -1 72 71 71 69 -1 73 -1 73 -1 72 69 -1 -1 -1 -1 71 72 -1 71 70 -1 -1 69 71 -1 71 -1 70 -1 69 72 69 69 71 71 
69 72 72 70 71 69 72 72 -1 -1 72 69 -1 -1 -1 72 -1 71 69 72 -1 -1 73 -1 -1 69 72 73 -1 71 75 72 70 -1 -1 69 71 69 71 72 -1 72 -1 69 -1 72 65 -1 71 -1 
69 -1 -1 70 71 69 -1 72 73 -1 72 69 -1 -1 73 72 71 71 69 72 73 73 73 70 -1 -1 -1 73 70 71 -1 -1 70 71 70 70 -1 69 70 -1 -1 -1 70 69 -1 72 69 69 71 71 
69 -1 -1 70 71 69 -1 -1 -1 -1 -1 69 71 70 73 72 -1 71 -1 72 73 73 73 70 72 -1 72 73 70 -1 71 72 -1 71 70 69 71 69 71 72 71 -1 -1 -1 69 72 69 69 71 -1 
-1 72 -1 70 -1 69 -1 72 73 -1 -1 69 -1 -1 73 -1 71 71 69 73 -1 73 73 -1 72 -1 72 -1 70 71 71 -1 69 71 -1 69 71 69 71 -1 71 72 70 69 -1 72 69 -1 71 71 
69 72 72 -1 71 69 72 72 73 69 72 -1 71 -1 73 72 71 71 -1 72 73 73 73 70 72 69 -1 73 70 71 71 -1 70 71 70 -1 71 69 71 -1 71 72 -1 -1 -1 72 69 69 71 71 
69 72 72 70 -1 69 72 72 73 -1 -1 -1 71 70 -1 72 -1 -1 69 -1 73 73 73 70 72 69 -1 73 -1 -1 71 72 70 71 70 -1 -1 69 -1 -1 -1 -1 -1 -1 69 72 -1 -1 -1 71 
-1 72 72 70 -1 -1 72 -1 -1 69 72 69 71 70 73 72 71 71 -1 72 73 73 73 -1 -1 69 72 -1 70 71 71 -1 70 -1 70 69 71 69 71 72 71 72 70 -1 69 72 69 -1 71 -1 
69 -1 -1 -1 71 69 72 -1 -1 69 72 -1 71 70 -1 -1 -1 71 69 72 73 73 -1 70 -1 69 -1 73 70 -1 -1 72 70 71 70 -1 -1 69 71 72 -1 72 -1 69 69 -1 69 69 -1 71 
-1 72 -1 70 -1 69 72 72 -1 -1 -1 69 71 70 -1 72 71 71 69 72 73 73 73 70 72 -1 -1 73 70 71 -1 72 -1 -1 70 -1 71 -1 -1 -1 71 -1 70 -1 -1 -1 69 -1 71 -1 
69 72 -1 70 71 69 72 72 73 -1 72 69 71 -1 73 72 71 71 69 72 73 73 73 -1 -1 -1 72 73 70 71 71 72 70 71 -1 69 71 -1 71 72 -1 72 70 69 69 72 69 69 71 71 
-1 72 72 70 71 69 72 -1 73 69 72 -1 71 70 -1 72 71 71 -1 72 73 73 -1 -1 -1 69 -1 -1 70 71 71 -1 70 71 70 69 71 -1 -1 72 71 72 70 69 -1 -1 69 -1 71 71 
69 72 -1 70 71 -1 72 -1 73 69 -1 69 71 70 73 72 -1 -1 -1 72 73 73 73 70 72 -1 72 73 -1 -1 71 -1 -1 -1 70 69 -1 -1 71 72 -1 -1 70 -1 -1 72 69 69 71 71 
-1 72 72 70 71 -1 -1 72 73 69 72 69 71 -1 73 72 71 71 -1 -1 73 73 -1 70 -1 -1 76 73 -1 71 -1 72 70 -1 70 69 71 65 71 72 -1 72 70 69 -1 72 -1 69 71 71 
-1 -1 -1 -1 71 -1 72 72 73 -1 -1 69 -1 70 -1 -1 71 71 -1 72 -1 73 -1 -1 72 69 72 73 -1 71 71 72 70 71 70 -1 -1 -1 71 -1 -1 -1 -1 69 -1 72 69 -1 71 -1 
-1 71 70 68 -1 66 70 -1 71 67 70 67 69 68 -1 -1 -1 69 -1 70 71 71 71 -1 -1 67 -1 71 68 -1 69 -1 68 69 68 67 -1 67 69 70 -1 70 68 67 67 -1 -1 67 -1 -1 
-1 -1 -1 70 71 69 72 72 73 -1 72 69 -1 -1 -1 -1 71 71 69 72 73 73 73 -1 72 -1 -1 73 70 71 71 72 70 71 -1 69 -1 69 -1 72 -1 72 -1 -1 69 72 69 -1 -1 71 
67 70 -1 68 -1 67 70 70 -1 64 70 67 69 68 71 70 69 69 67 70 71 71 71 -1 -1 67 70 74 -1 -1 69 -1 -1 69 68 -1 69 67 69 -1 69 -1 68 -1 67 70 67 67 69 69 
69 72 72 70 71 69 72 72 73 -1 72 69 71 -1 -1 -1 71 -1 69 72 73 73 73 70 72 69 72 -1 -1 71 -1 72 70 71 70 -1 71 69 71 -1 71 72 70 69 69 -1 69 69 71 -1 
71 -1 74 -1 73 71 74 74 75 71 -1 71 73 -1 -1 74 -1 73 71 -1 -1 -1 75 72 74 71 -1 -1 -1 -1 -1 74 72 73 72 71 73 -1 -1 -1 73 74 72 71 71 74 71 -1 73 73 
69 72 72 -1 -1 69 72 72 -1 69 -1 -1 71 70 73 -1 71 -1 -1 -1 -1 -1 73 70 72 69 72 73 70 71 -1 72 -1 -1 -1 69 -1 69 71 72 -1 -1 70 69 69 72 69 69 71 -1 
-1 -1 -1 -1 75 73 76 -1 77 73 76 73 75 74 77 76 75 -1 73 76 -1 -1 77 74 -1 -1 76 77 74 75 75 76 74 75 74 -1 75 73 75 76 75 76 74 73 73 76 73 73 75 -1 
69 72 -1 -1 71 69 72 72 73 69 72 69 71 -1 73 72 -1 -1 69 72 -1 -1 73 -1 -1 69 72 73 -1 71 71 72 70 71 70 69 71 -1 -1 -1 -1 72 70 -1 69 72 -1 69 71 -1 
-1 72 72 70 -1 69 72 -1 73 69 72 -1 71 -1 73 72 71 71 69 72 73 73 -1 70 -1 69 72 73 70 -1 71 72 70 71 70 69 -1 69 71 -1 71 72 70 69 69 -1 69 69 -1 -1 
69 72 -1 -1 71 69 72 -1 73 69 72 69 71 70 73 72 71 -1 -1 72 73 -1 -1 70 72 -1 -1 73 70 71 71 72 70 71 -1 69 -1 69 71 72 71 -1 -1 -1 -1 72 -1 69 71 71 
69 -1 72 -1 71 69 72 72 -1 69 72 -1 -1 70 -1 72 -1 71 -1 72 73 73 73 70 -1 -1 -1 73 -1 71 71 72 70 -1 70 -1 71 -1 71 -1 71 -1 70 69 -1 -1 69 69 -1 71 
69 72 72 70 71 69 72 -1 73 -1 72 -1 71 70 73 72 -1 71 69 -1 73 -1 73 70 -1 -1 72 73 70 71 -1 72 70 71 -1 -1 71 69 71 72 -1 72 70 -1 -1 72 69 -1 71 -1 
69 -1 -1 -1 -1 69 72 72 73 69 72 69 -1 70 73 -1 71 71 69 72 73 -1 -1 70 72 -1 -1 -1 -1 -1 71 72 70 71 70 -1 71 69 71 76 71 -1 -1 65 69 -1 69 69 71 71 
69 72 72 70 71 69 -1 72 -1 69 72 69 71 -1 -1 72 71 71 69 -1 -1 73 -1 -1 72 -1 72 73 70 -1 71 72 70 71 -1 69 71 -1 71 -1 71 72 70 69 -1 -1 69 -1 71 -1 
71 -1 74 72 -1 -1 74 74 -1 -1 74 -1 73 -1 75 74 73 73 71 74 75 75 75 -1 74 -1 74 75 72 -1 73 -1 72 73 72 71 -1 -1 73 74 73 -1 72 71 71 -1 -1 -1 73 -1 
69 72 72 -1 71 -1 -1 -1 73 69 72 69 -1 70 73 72 71 -1 -1 72 73 -1 -1 70 72 69 -1 -1 70 -1 -1 72 -1 -1 70 -1 71 -1 71 72 71 -1 70 69 69 72 69 69 71 71 
69 72 72 -1 71 -1 72 72 70 -1 72 69 -1 70 73 72 71 71 69 72 73 73 73 -1 72 -1 72 73 70 71 71 72 70 -1 70 69 -1 69 -1 -1 71 72 -1 72 -1 72 69 -1 71 71 
-1 -1 76 74 -1 -1 76 76 -1 73 76 -1 -1 74 77 76 -1 75 -1 76 77 77 77 -1 76 -1 -1 77 74 -1 75 -1 74 75 74 -1 -1 -1 -1 76 75 76 74 73 73 76 -1 73 75 75 
69 -1 72 70 -1 69 72 72 73 69 -1 69 71 70 73 72 71 71 -1 -1 73 -1 -1 70 72 -1 72 73 70 71 71 -1 -1 -1 70 69 -1 -1 71 72 -1 72 70 69 -1 -1 69 69 71 -1 
69 72 72 70 71 69 72 72 73 69 -1 -1 71 70 -1 72 71 71 -1 72 73 73 73 70 72 -1 72 73 70 -1 -1 72 70 71 -1 -1 71 69 71 72 71 -1 70 -1 69 72 69 69 71 -1 
69 -1 -1 70 -1 69 -1 -1 -1 -1 72 -1 -1 70 73 72 71 71 -1 72 -1 73 73 70 72 69 72 73 70 71 71 72 -1 -1 70 69 71 -1 71 72 71 -1 70 69 69 72 69 -1 71 71 
-1 72 72 70 71 -1 -1 72 73 69 72 69 71 70 -1 -1 -1 -1 69 72 -1 73 73 70 -1 -1 72 73 70 71 71 72 -1 71 -1 69 71 69 71 72 71 72 70 69 69 72 69 69 71 71 
-1 -1 72 70 71 69 -1 -1 -1 69 -1 69 71 70 73 72 71 71 69 -1 73 -1 73 70 -1 69 -1 73 70 71 71 -1 -1 -1 70 68 -1 -1 71 72 71 72 70 69 -1 -1 69 69 -1 72 
69 72 -1 70 -1 -1 -1 72 -1 69 72 69 -1 -1 -1 -1 71 71 69 -1 -1 73 73 70 72 69 -1 73 70 -1 71 72 70 -1 -1 69 71 69 -1 -1 71 72 70 69 -1 -1 -1 -1 71 71 
69 72 72 70 -1 -1 73 72 73 -1 -1 69 -1 -1 73 -1 71 71 69 72 73 -1 -1 70 72 -1 -1 73 -1 -1 -1 71 -1 71 70 69 67 73 71 72 71 72 70 69 69 72 -1 69 -1 71 
69 72 72 70 71 69 72 72 73 69 -1 69 -1 70 73 72 -1 71 -1 72 73 73 73 -1 72 69 -1 -1 -1 71 71 72 -1 -1 70 69 71 -1 -1 72 -1 72 -1 69 -1 72 69 -1 71 -1 
67 -1 70 68 69 -1 70 -1 -1 67 -1 67 -1 68 71 -1 69 69 67 -1 -1 71 -1 68 70 -1 70 -1 -1 69 69 70 68 69 68 67 69 -1 69 70 69 70 68 67 67 -1 -1 67 -1 69 
69 72 72 70 -1 -1 -1 72 73 -1 -1 69 71 -1 -1 72 71 71 -1 -1 73 73 -1 70 72 -1 72 73 70 -1 -1 72 70 71 -1 69 71 69 -1 -1 71 72 -1 65 -1 72 69 73 71 71 
69 -1 -1 70 71 69 -1 -1 -1 69 72 69 -1 70 73 -1 -1 71 -1 -1 73 -1 -1 70 72 69 72 -1 70 71 71 72 -1 71 -1 -1 -1 -1 71 -1 -1 -1 70 -1 69 -1 69 69 -1 71 
69 72 72 -1 -1 69 72 72 73 69 72 69 71 -1 73 72 71 71 69 72 73 73 73 70 -1 -1 72 -1 70 71 71 72 70 71 70 69 71 72 68 -1 71 -1 70 69 -1 -1 69 69 -1 71 
69 72 72 -1 71 -1 72 72 73 -1 72 69 -1 -1 -1 -1 -1 71 -1 72 73 73 -1 70 72 -1 -1 73 70 71 71 -1 70 -1 70 69 71 -1 -1 -1 -1 -1 70 -1 69 72 69 69 71 -1 
69 -1 72 70 71 69 -1 -1 73 -1 -1 69 71 70 73 -1 71 -1 69 72 73 73 -1 70 72 69 72 73 -1 -1 71 72 70 71 -1 -1 -1 69 71 72 -1 -1 -1 -1 69 72 -1 69 -1 -1 
69 -1 72 -1 71 -1 72 72 73 69 72 -1 71 70 -1 72 -1 71 -1 72 73 -1 73 70 -1 69 72 73 70 71 71 72 70 71 -1 69 71 69 71 72 71 -1 -1 69 -1 -1 69 69 71 71 
69 72 72 70 71 69 72 -1 73 -1 -1 -1 -1 70 73 -1 71 71 69 72 73 -1 -1 70 72 69 72 73 -1 71 71 -1 -1 -1 70 -1 -1 -1 -1 72 71 72 70 69 69 72 -1 -1 -1 71 
-1 72 72 -1 71 69 72 72 73 -1 72 -1 71 70 -1 72 71 71 -1 72 -1 73 73 70 72 69 -1 73 70 71 71 72 70 -1 70 69 -1 69 -1 72 71 -1 70 69 69 72 -1 69 71 71 
69 72 -1 -1 -1 -1 72 -1 73 69 72 69 -1 -1 73 72 -1 71 69 72 -1 73 73 70 72 -1 72 -1 70 71 -1 -1 70 71 70 69 -1 -1 71 72 -1 -1 -1 69 69 -1 69 69 -1 71 
-1 72 72 70 71 69 72 -1 -1 69 72 70 71 70 73 -1 71 -1 -1 72 73 73 -1 70 72 69 72 -1 70 71 71 -1 70 70 -1 69 71 69 71 72 71 72 -1 69 69 72 69 69 -1 71 
69 72 -1 70 71 -1 -1 72 73 69 72 69 71 70 73 -1 71 71 69 72 73 73 73 70 72 -1 72 73 -1 71 71 72 70 71 -1 69 71 69 71 -1 71 -1 70 69 69 -1 -1 69 71 71 
69 -1 72 70 -1 69 72 72 73 69 -1 -1 71 70 -1 72 -1 71 -1 -1 73 -1 73 -1 -1 69 72 73 70 71 71 -1 70 71 70 -1 71 69 71 72 -1 72 -1 -1 69 -1 69 69 -1 -1 
69 -1 72 -1 71 69 72 72 -1 69 72 69 71 -1 -1 72 71 -1 69 -1 73 73 73 -1 72 -1 -1 -1 70 71 -1 -1 70 71 -1 69 71 69 -1 72 71 -1 70 -1 69 -1 -1 69 71 71 
69 72 72 -1 71 -1 -1 -1 73 69 72 69 71 -1 73 -1 71 71 -1 -1 73 -1 73 70 -1 69 72 73 70 -1 71 72 70 71 70 69 71 69 71 72 71 -1 70 -1 69 72 69 -1 -1 71 
-1 74 -1 -1 73 71 74 74 75 71 -1 71 73 72 -1 -1 -1 73 -1 74 75 -1 75 -1 74 -1 74 -1 72 -1 -1 74 -1 -1 -1 71 73 71 -1 74 -1 74 72 71 71 -1 -1 -1 -1 73 
69 -1 72 -1 -1 69 -1 -1 -1 -1 -1 69 71 -1 73 -1 -1 71 69 72 -1 73 73 70 -1 69 72 73 -1 71 -1 72 70 -1 70 69 -1 69 71 72 71 72 70 -1 -1 72 -1 -1 71 71 
72 -1 72 -1 -1 -1 -1 -1 -1 69 -1 69 71 70 73 72 -1 71 69 72 73 73 73 70 72 69 -1 73 -1 71 71 -1 70 -1 70 -1 -1 -1 71 -1 71 69 70 -1 69 -1 -1 69 71 71 
-1 -1 72 70 71 69 -1 -1 73 69 -1 69 71 70 73 72 71 71 69 72 73 -1 73 70 72 -1 72 -1 -1 -1 -1 -1 70 71 -1 69 71 69 71 72 -1 72 70 69 69 72 69 69 71 -1 
66 69 69 -1 -1 66 69 69 70 66 69 -1 -1 67 -1 69 68 68 -1 -1 70 70 70 67 69 66 69 -1 -1 68 68 69 67 68 67 66 68 -1 68 69 68 -1 67 66 66 69 66 66 68 68 
68 -1 71 69 -1 68 -1 71 72 68 71 68 70 69 72 71 70 -1 -1 -1 72 72 72 69 71 -1 71 -1 69 70 70 71 69 70 -1 68 70 68 -1 71 70 -1 69 -1 68 71 -1 -1 70 70 
-1 -1 71 70 71 69 72 -1 74 -1 72 69 71 70 -1 72 71 71 69 72 73 73 -1 70 72 69 72 73 70 71 71 72 70 71 70 -1 71 69 71 72 71 72 -1 69 69 72 -1 -1 71 71 
65 68 -1 66 67 65 68 -1 69 -1 68 65 -1 66 -1 68 67 67 65 68 69 69 69 66 -1 -1 -1 -1 -1 67 67 68 -1 -1 66 65 67 65 -1 -1 67 68 66 65 -1 68 -1 65 67 67 
72 75 75 -1 74 -1 75 -1 76 72 -1 -1 74 -1 76 75 74 74 72 -1 -1 76 76 73 75 -1 75 76 73 74 74 71 73 74 73 72 -1 72 -1 75 74 75 -1 72 72 79 -1 72 74 74 
73 76 -1 74 75 73 76 76 -1 -1 -1 73 -1 74 -1 76 -1 75 73 -1 -1 -1 77 74 76 -1 76 -1 74 75 75 76 -1 75 -1 -1 75 73 75 76 -1 -1 74 73 73 76 -1 73 75 75 
-1 72 72 70 -1 69 -1 72 73 69 72 69 71 -1 73 -1 71 71 69 72 73 -1 73 -1 72 -1 72 -1 -1 71 71 72 70 71 70 69 71 69 -1 72 71 -1 -1 -1 69 -1 69 69 71 -1 
-1 72 72 70 -1 69 72 72 -1 69 -1 69 71 70 -1 72 -1 71 69 72 73 -1 73 70 -1 -1 72 73 70 -1 -1 -1 70 71 70 -1 71 -1 -1 72 71 72 70 -1 69 72 69 69 71 71 
66 69 -1 -1 68 -1 -1 69 70 66 -1 -1 68 -1 -1 69 68 -1 -1 69 -1 -1 70 -1 -1 66 -1 -1 67 68 -1 69 -1 -1 67 66 -1 66 68 69 68 69 67 66 -1 69 66 66 68 68 
71 74 -1 72 -1 71 74 74 -1 71 74 69 73 72 75 74 73 73 71 74 75 75 75 -1 -1 71 74 75 -1 -1 73 -1 -1 73 72 -1 73 71 73 -1 73 -1 72 -1 71 74 71 71 73 75 
69 72 72 -1 71 69 72 -1 73 69 72 -1 -1 70 -1 72 71 71 69 72 73 73 73 70 -1 69 72 73 70 -1 71 -1 70 71 70 69 71 69 -1 -1 -1 -1 -1 69 69 -1 69 69 -1 -1 
71 -1 74 72 73 -1 74 -1 -1 71 -1 71 -1 72 75 -1 73 73 71 -1 -1 75 -1 72 74 -1 74 -1 -1 73 73 74 72 73 72 71 73 -1 73 74 73 74 72 71 71 -1 -1 71 -1 73 
66 69 69 67 -1 -1 69 -1 70 -1 -1 66 -1 67 70 -1 68 68 66 69 -1 70 -1 67 69 -1 -1 70 67 68 68 69 67 68 -1 66 68 66 -1 -1 -1 -1 67 66 66 69 -1 66 68 -1 
69 72 72 70 71 -1 72 72 -1 69 72 69 71 -1 73 72 71 71 69 72 73 73 73 -1 72 69 72 -1 70 -1 71 -1 -1 71 70 -1 -1 69 -1 -1 -1 -1 70 69 69 72 -1 69 71 71 
69 -1 -1 70 71 69 72 -1 -1 -1 72 -1 71 70 73 72 71 71 69 72 -1 73 -1 -1 -1 -1 72 73 70 74 71 72 70 -1 70 -1 -1 -1 71 -1 71 -1 70 69 -1 72 66 -1 71 71 
69 72 72 -1 71 69 72 -1 73 -1 72 69 71 -1 73 -1 71 71 69 -1 73 -1 73 70 72 69 72 -1 70 71 71 -1 70 71 70 69 71 -1 -1 72 -1 72 -1 69 69 72 69 69 71 -1 
69 72 72 -1 71 -1 72 72 73 69 -1 -1 71 -1 73 72 71 71 -1 72 73 -1 73 -1 72 69 -1 73 70 -1 71 -1 70 -1 70 -1 71 -1 71 72 71 -1 -1 69 69 72 -1 69 71 -1 
-1 -1 72 -1 71 69 72 -1 -1 69 72 69 71 70 73 -1 -1 71 -1 -1 -1 73 -1 70 72 69 72 73 -1 71 71 72 -1 -1 70 69 -1 69 71 72 71 72 -1 -1 69 72 -1 -1 -1 71 
-1 -1 -1 -1 -1 69 72 72 73 69 -1 69 71 -1 73 72 71 71 -1 72 73 73 73 70 72 -1 72 -1 70 71 -1 -1 70 -1 -1 69 -1 69 71 -1 71 72 -1 69 -1 72 69 69 -1 71 
69 72 72 70 71 69 72 72 -1 -1 -1 69 71 70 73 72 -1 -1 69 -1 -1 -1 75 -1 72 -1 72 73 70 71 -1 72 70 71 -1 69 71 -1 71 72 71 -1 70 -1 -1 -1 -1 67 71 71 
69 70 72 70 71 -1 -1 72 73 -1 -1 69 71 -1 -1 -1 71 -1 -1 -1 -1 73 73 70 72 69 72 75 70 -1 -1 72 70 71 -1 69 71 -1 -1 72 71 72 70 -1 69 72 69 -1 71 -1 
69 -1 -1 -1 71 -1 -1 68 73 -1 72 69 71 70 73 -1 71 71 -1 72 73 -1 -1 -1 72 69 -1 -1 -1 71 71 76 70 71 70 -1 71 69 71 72 71 72 70 -1 69 72 69 69 71 71 
-1 -1 -1 70 -1 -1 72 72 -1 69 -1 -1 71 70 -1 72 71 -1 -1 72 -1 73 -1 -1 72 69 -1 -1 70 71 71 72 70 71 70 -1 71 69 -1 -1 -1 72 70 69 69 -1 -1 69 71 71 
69 -1 -1 70 71 -1 72 -1 73 -1 72 69 71 -1 73 -1 71 71 69 72 73 70 73 70 72 69 72 73 -1 71 71 75 -1 -1 70 69 71 69 -1 72 71 72 -1 69 -1 72 -1 -1 -1 71 
69 -1 72 70 71 69 72 72 73 69 -1 69 71 70 73 72 71 71 69 72 73 -1 73 70 72 -1 72 -1 -1 71 71 72 70 71 70 -1 71 69 -1 72 71 72 -1 -1 69 72 69 69 71 71 
-1 72 72 70 -1 69 72 72 73 -1 -1 69 -1 70 73 72 71 71 69 72 73 73 -1 -1 72 69 72 73 70 71 71 72 70 71 70 69 -1 -1 71 72 71 72 70 -1 69 72 -1 -1 71 71 
65 68 68 66 67 65 68 68 69 63 68 -1 67 66 69 -1 67 67 65 -1 -1 69 -1 66 68 65 68 -1 66 -1 -1 68 -1 -1 -1 -1 67 65 -1 68 -1 68 66 67 65 68 65 -1 67 67 
-1 70 -1 -1 69 67 70 70 71 67 -1 67 69 68 -1 -1 -1 69 -1 70 71 -1 71 -1 70 -1 70 -1 68 -1 -1 70 -1 -1 -1 67 69 67 -1 70 -1 70 68 67 67 -1 -1 -1 -1 69 
-1 72 -1 70 71 69 72 -1 73 69 72 -1 -1 70 -1 72 71 71 69 -1 73 73 -1 70 -1 -1 72 -1 70 -1 -1 72 -1 71 70 -1 -1 69 71 72 -1 72 70 69 -1 72 69 69 -1 71 
-1 72 -1 70 71 69 72 72 -1 69 72 69 71 70 -1 72 -1 -1 -1 -1 73 73 73 -1 72 69 72 73 70 71 -1 72 -1 -1 70 -1 -1 69 71 72 71 72 70 69 69 -1 69 69 -1 71 
-1 -1 72 -1 -1 69 72 -1 73 69 -1 -1 -1 70 73 -1 71 71 69 72 73 73 -1 70 72 69 72 -1 70 -1 71 -1 70 71 70 69 71 72 68 -1 -1 72 -1 69 -1 -1 69 69 71 -1 
69 72 72 -1 71 69 -1 72 73 69 72 -1 71 70 73 72 71 71 69 72 -1 73 -1 70 72 69 -1 73 70 71 71 72 70 71 70 69 -1 69 71 72 -1 72 70 69 69 72 -1 -1 -1 71 
72 75 75 73 -1 -1 75 -1 76 -1 -1 72 -1 73 76 -1 74 74 72 75 -1 76 -1 73 75 -1 -1 76 73 74 74 75 73 74 -1 72 74 72 -1 -1 -1 -1 73 72 72 75 -1 72 74 -1 
69 -1 -1 -1 -1 69 72 72 73 69 72 -1 71 70 -1 72 71 -1 69 72 -1 73 73 -1 72 -1 72 -1 -1 -1 -1 72 70 71 -1 -1 71 69 71 72 71 -1 70 -1 69 72 -1 69 71 71 
69 72 -1 -1 71 69 -1 -1 73 69 -1 73 71 70 -1 -1 71 71 69 72 73 73 -1 -1 72 69 -1 -1 70 71 -1 72 66 71 70 69 71 69 -1 72 71 72 -1 69 69 72 69 69 -1 -1 
69 -1 72 70 71 70 72 72 73 69 -1 -1 71 70 -1 72 71 71 69 -1 73 73 73 70 72 69 72 -1 -1 71 -1 -1 70 -1 69 69 71 -1 71 72 71 -1 70 69 69 72 69 -1 -1 71 
69 72 72 70 -1 69 72 72 -1 -1 -1 69 -1 70 73 -1 -1 71 69 72 73 -1 73 70 72 -1 -1 -1 70 -1 -1 72 70 71 70 -1 71 -1 71 72 71 -1 -1 69 -1 -1 69 69 71 71 
69 -1 72 70 -1 -1 72 -1 73 69 72 69 71 -1 73 72 -1 71 69 72 73 73 73 70 -1 -1 -1 73 70 71 -1 72 -1 -1 70 69 -1 -1 -1 68 71 -1 -1 73 69 72 -1 69 -1 71 
-1 -1 72 70 71 69 -1 72 -1 -1 72 69 71 70 -1 72 -1 71 -1 -1 -1 73 -1 -1 72 69 72 73 -1 -1 71 72 -1 -1 70 69 -1 69 -1 72 -1 -1 70 69 69 72 69 -1 71 71 
69 72 72 -1 -1 69 -1 -1 73 69 72 69 71 70 -1 72 71 71 -1 -1 73 73 73 70 72 69 -1 73 -1 71 71 72 70 71 -1 69 71 69 -1 -1 71 72 70 69 69 72 69 -1 -1 71 
69 72 70 70 71 -1 -1 -1 73 69 72 -1 -1 70 -1 -1 71 71 69 72 -1 73 73 70 72 69 72 73 -1 71 71 72 70 71 -1 69 -1 69 71 72 -1 74 -1 69 69 72 -1 69 71 -1 
69 72 72 70 -1 69 -1 72 73 -1 72 69 -1 -1 73 72 -1 71 -1 72 -1 73 73 -1 72 69 72 -1 70 71 71 72 -1 -1 70 69 71 69 71 72 71 72 70 -1 -1 72 69 69 71 71 
69 -1 -1 70 71 -1 -1 -1 73 -1 75 69 71 -1 73 72 68 -1 69 72 73 73 73 70 72 69 -1 -1 70 -1 71 -1 -1 -1 -1 69 -1 69 -1 72 71 72 70 69 69 72 69 -1 71 71 
-1 72 72 70 71 69 -1 72 73 69 72 -1 71 70 73 72 71 71 69 72 73 73 73 70 72 -1 -1 73 70 71 71 72 70 -1 70 -1 71 69 -1 72 71 72 70 69 -1 72 69 69 -1 71 
69 72 72 70 -1 -1 72 72 73 -1 72 -1 71 -1 -1 72 71 -1 69 72 73 -1 73 70 72 69 -1 -1 -1 -1 71 72 70 71 70 69 71 69 71 72 -1 72 70 -1 69 -1 -1 69 71 71 
69 72 72 70 71 -1 -1 72 73 69 72 69 71 -1 73 72 -1 -1 -1 -1 73 73 73 -1 -1 69 -1 -1 70 -1 71 72 70 71 -1 69 71 69 -1 72 -1 72 70 69 -1 72 69 69 71 71 
65 72 72 -1 -1 -1 72 -1 -1 69 72 69 71 -1 76 72 -1 71 66 72 73 -1 -1 70 -1 -1 72 -1 -1 -1 71 72 -1 75 70 69 71 69 71 72 -1 72 70 69 -1 72 -1 69 -1 71 
69 -1 72 70 -1 -1 -1 72 73 69 72 69 -1 70 73 72 -1 71 -1 -1 -1 73 73 -1 72 69 72 -1 70 71 71 -1 70 71 -1 69 71 -1 71 72 71 72 -1 69 -1 72 69 69 -1 71 
-1 -1 -1 -1 67 65 68 -1 69 65 68 65 67 68 69 68 67 -1 65 68 -1 -1 69 66 -1 -1 66 69 66 67 67 68 66 67 66 -1 67 65 67 68 67 68 66 65 65 68 65 65 67 -1 
69 -1 -1 70 -1 69 72 -1 73 69 -1 69 -1 70 73 -1 71 71 69 72 -1 -1 73 70 72 -1 72 73 70 71 71 72 70 71 70 69 -1 -1 71 72 71 72 -1 69 69 72 69 69 71 71 
-1 69 69 67 68 66 -1 -1 70 66 69 66 68 67 70 -1 68 68 66 -1 -1 70 70 -1 -1 -1 -1 70 67 68 68 69 67 68 67 -1 -1 66 68 -1 68 69 -1 -1 66 69 -1 -1 68 -1 
-1 -1 72 70 71 -1 72 72 73 69 72 69 71 70 73 -1 71 71 69 -1 73 -1 73 -1 72 69 72 73 70 71 -1 72 -1 71 -1 -1 71 -1 71 72 -1 -1 -1 -1 69 72 69 -1 71 71 
69 -1 -1 -1 -1 69 72 -1 73 69 72 69 -1 -1 73 -1 71 71 69 -1 73 73 73 70 72 -1 72 73 70 71 71 72 70 -1 70 69 71 -1 71 72 71 72 70 69 69 72 -1 69 71 71 
67 70 -1 68 69 -1 -1 70 -1 -1 -1 67 69 -1 -1 -1 69 69 67 70 -1 71 -1 -1 70 -1 -1 71 68 -1 -1 70 68 69 68 67 -1 -1 -1 70 -1 70 68 67 -1 70 67 67 69 -1 
69 72 72 -1 71 69 72 72 73 69 69 -1 71 -1 73 72 74 71 -1 72 73 73 73 70 72 69 -1 73 70 71 71 -1 70 71 70 -1 71 69 71 -1 71 72 -1 -1 -1 72 69 69 71 71 
67 -1 70 -1 69 67 70 70 71 67 -1 67 69 -1 -1 70 -1 69 67 -1 -1 -1 71 68 70 67 -1 -1 -1 -1 -1 70 68 69 68 67 69 -1 -1 -1 69 70 68 67 67 70 67 -1 69 69 
-1 72 -1 70 71 -1 72 75 -1 69 -1 -1 -1 70 73 -1 -1 71 69 -1 -1 73 -1 70 -1 69 -1 73 70 71 -1 72 70 71 70 69 71 69 71 72 71 72 -1 69 -1 72 69 -1 68 71 
69 72 72 70 71 -1 72 -1 73 -1 -1 -1 71 70 73 72 71 -1 69 72 73 73 73 70 -1 69 -1 73 70 -1 71 72 70 -1 70 69 71 -1 -1 -1 71 -1 70 69 69 -1 -1 69 71 71 
73 -1 76 74 75 -1 76 76 77 73 -1 -1 75 -1 -1 -1 -1 75 73 76 -1 -1 77 74 -1 -1 76 77 74 -1 -1 76 74 75 74 73 75 -1 -1 -1 75 76 -1 -1 73 76 73 73 75 -1 
69 72 -1 70 -1 69 -1 -1 -1 69 72 69 71 70 73 -1 71 -1 69 72 -1 -1 -1 70 72 69 -1 73 70 -1 71 -1 70 71 -1 69 71 69 -1 72 71 -1 -1 69 69 72 69 -1 71 71 
67 70 70 68 -1 -1 70 -1 71 67 -1 67 69 68 71 70 -1 69 67 70 71 71 71 68 70 67 -1 71 -1 69 69 70 -1 69 68 67 69 67 -1 70 69 -1 -1 67 -1 -1 -1 67 69 69 
-1 -1 71 -1 -1 68 -1 -1 72 68 71 68 70 -1 72 71 -1 70 68 71 72 -1 -1 -1 71 68 71 -1 69 70 70 71 69 70 -1 68 -1 -1 70 -1 70 -1 69 68 68 -1 68 68 -1 70 
-1 -1 -1 70 -1 69 72 72 73 69 72 69 71 -1 73 72 71 71 69 -1 73 -1 73 74 72 69 72 73 70 -1 71 -1 -1 -1 -1 69 71 -1 71 -1 71 72 70 65 69 72 -1 -1 -1 71 
69 72 72 -1 71 -1 -1 -1 73 69 72 69 71 -1 73 -1 71 -1 69 72 -1 -1 73 -1 72 -1 72 73 -1 71 -1 72 70 -1 70 -1 71 -1 -1 72 -1 72 70 69 69 72 -1 69 71 71 
-1 75 75 73 74 72 -1 -1 76 72 75 72 74 73 76 -1 74 74 72 -1 -1 76 76 -1 -1 -1 -1 76 73 74 74 75 73 74 73 -1 -1 72 74 -1 74 75 -1 -1 72 75 -1 -1 74 -1 
-1 72 72 70 71 69 72 72 73 69 -1 -1 -1 70 73 -1 -1 71 69 -1 73 73 -1 70 72 69 -1 73 70 71 -1 72 70 71 70 69 -1 69 71 -1 71 72 -1 -1 -1 72 -1 69 71 -1 
-1 -1 72 70 -1 -1 72 72 73 69 72 69 71 70 73 72 -1 71 -1 72 73 73 73 70 72 69 72 -1 -1 -1 71 -1 -1 -1 70 69 71 -1 -1 72 71 72 -1 69 69 72 -1 69 71 71 
69 72 -1 70 71 -1 -1 -1 73 -1 -1 69 71 70 73 72 -1 71 -1 -1 -1 -1 73 70 72 -1 72 73 70 71 71 72 70 71 -1 69 71 69 71 72 71 72 -1 -1 -1 72 -1 69 71 -1 
72 75 -1 73 74 72 -1 75 76 72 75 -1 74 -1 -1 75 -1 74 72 -1 76 -1 -1 -1 75 -1 75 76 73 74 74 75 -1 74 73 72 74 -1 -1 75 74 -1 -1 72 72 -1 72 -1 74 74 
69 -1 72 70 71 69 72 72 73 -1 72 69 71 70 73 -1 71 71 69 -1 -1 73 -1 70 -1 69 -1 73 70 71 71 -1 70 -1 -1 69 71 69 71 72 71 72 70 69 69 72 -1 69 71 71 
69 72 72 70 71 -1 -1 -1 -1 69 72 69 71 70 73 72 71 71 -1 72 73 73 73 70 -1 -1 72 73 70 -1 -1 72 70 71 70 69 71 69 71 72 71 -1 70 69 69 72 69 69 71 71 
69 72 -1 -1 -1 69 72 -1 73 69 72 69 -1 -1 73 72 71 -1 69 72 73 -1 73 -1 -1 -1 -1 -1 70 71 71 72 -1 71 70 -1 71 69 -1 -1 71 72 70 69 69 -1 -1 69 -1 71 
-1 72 72 70 71 69 -1 72 73 -1 72 -1 71 70 73 -1 71 71 -1 72 73 -1 73 70 -1 -1 72 73 70 71 71 72 70 -1 -1 -1 -1 69 71 72 71 -1 -1 69 69 72 69 69 -1 -1 
69 72 72 70 71 69 72 72 73 -1 72 69 71 70 73 -1 71 -1 69 72 73 -1 73 70 72 69 72 73 -1 71 -1 72 -1 71 70 -1 71 69 71 72 71 72 70 69 -1 72 69 69 71 -1 
-1 72 72 70 71 69 72 -1 73 69 72 -1 -1 -1 73 72 71 71 69 72 -1 -1 -1 70 -1 69 72 73 70 71 71 72 70 -1 -1 69 -1 69 -1 -1 71 72 70 -1 -1 72 -1 69 -1 -1 
69 72 72 70 71 -1 72 72 -1 -1 72 69 71 70 73 -1 71 71 -1 -1 73 73 73 70 -1 69 72 73 70 71 -1 72 -1 -1 70 -1 -1 69 71 72 71 72 70 69 69 -1 69 -1 71 -1 
-1 72 72 70 71 69 72 -1 -1 69 72 -1 -1 -1 73 72 71 71 69 -1 73 -1 73 70 -1 69 72 73 70 71 71 -1 70 71 -1 -1 71 69 71 72 -1 72 -1 -1 -1 -1 69 -1 -1 71 
69 -1 72 70 -1 69 -1 72 73 -1 72 69 71 70 73 72 71 -1 -1 72 -1 73 73 -1 72 65 72 -1 70 71 71 -1 -1 71 70 69 71 69 71 72 -1 -1 70 69 69 -1 73 -1 -1 71 
69 -1 -1 70 71 -1 72 72 73 69 -1 69 71 70 73 72 -1 71 69 72 73 -1 73 70 72 69 72 73 -1 -1 -1 -1 70 -1 70 -1 71 69 71 72 71 -1 -1 69 -1 72 69 69 -1 71 
-1 -1 72 70 -1 69 72 72 73 69 -1 69 71 70 73 -1 71 -1 69 72 73 -1 73 70 72 -1 -1 73 70 71 -1 72 70 71 -1 69 71 -1 -1 -1 71 -1 70 69 -1 72 -1 69 71 71 
69 72 72 70 71 69 72 -1 73 -1 -1 -1 -1 70 73 -1 71 71 69 -1 -1 -1 73 -1 72 69 72 73 70 71 -1 -1 70 -1 70 69 71 69 71 -1 71 72 70 69 -1 72 69 69 71 -1 
69 72 72 70 -1 69 72 -1 -1 -1 72 -1 71 70 73 72 -1 71 69 -1 -1 -1 -1 70 72 69 -1 -1 70 71 -1 72 -1 71 -1 69 71 69 71 72 71 72 70 69 69 72 69 69 -1 71 
69 -1 72 70 -1 69 72 72 -1 69 72 69 74 -1 73 -1 71 71 69 72 77 -1 70 70 72 69 -1 -1 70 71 -1 -1 -1 -1 66 -1 75 65 71 72 -1 72 70 69 69 -1 69 -1 71 71 
-1 72 -1 -1 71 69 72 72 73 69 -1 -1 71 70 73 72 71 -1 69 72 73 73 -1 -1 72 69 72 73 -1 -1 71 -1 70 71 -1 69 -1 -1 -1 72 71 -1 70 -1 69 -1 69 69 71 71 
73 76 -1 74 75 73 76 -1 77 -1 76 73 -1 74 -1 76 75 75 73 76 77 77 77 74 -1 -1 -1 -1 -1 75 75 76 -1 -1 74 73 75 73 -1 -1 75 76 74 73 -1 76 -1 73 75 75 
-1 72 72 -1 71 69 -1 -1 73 -1 72 69 71 70 -1 72 -1 71 69 -1 73 73 73 70 -1 69 -1 73 70 71 -1 72 70 71 70 69 -1 -1 -1 72 71 -1 70 69 69 72 69 69 -1 71 
69 72 72 -1 71 69 72 72 73 69 72 69 -1 70 73 72 71 71 69 72 -1 73 73 70 -1 69 72 -1 70 -1 -1 -1 70 71 70 -1 71 66 74 72 71 72 70 69 69 72 -1 69 71 71 
69 -1 72 70 71 69 72 72 73 -1 72 -1 71 -1 73 -1 71 71 69 72 73 73 73 -1 72 -1 72 73 70 -1 71 -1 -1 71 -1 -1 -1 69 71 -1 71 -1 -1 66 -1 72 69 69 74 -1 
65 68 68 66 67 -1 68 68 -1 -1 68 65 -1 66 69 -1 67 67 65 68 69 -1 -1 66 68 65 -1 69 66 67 -1 -1 66 -1 66 65 67 65 67 68 67 68 66 65 65 68 65 65 67 -1 
-1 -1 72 70 71 69 -1 -1 -1 69 72 69 71 68 -1 -1 71 71 69 72 73 73 73 70 72 69 72 75 70 -1 71 -1 70 71 -1 -1 71 69 71 72 71 72 70 69 69 72 -1 69 71 71 
67 -1 70 68 69 67 70 70 -1 67 70 -1 69 68 71 70 69 -1 -1 -1 71 -1 71 68 -1 -1 -1 71 68 69 69 70 68 69 -1 -1 -1 -1 69 70 69 70 68 67 67 -1 67 67 -1 -1 
69 -1 72 70 -1 69 -1 72 -1 69 72 69 -1 70 73 72 71 -1 69 72 -1 73 73 70 72 69 72 73 70 71 71 72 70 71 -1 69 -1 -1 71 72 71 -1 -1 69 -1 72 69 69 71 71 
69 72 72 70 71 -1 -1 72 73 -1 -1 69 -1 70 73 72 -1 -1 69 72 73 -1 73 70 -1 69 -1 -1 70 -1 -1 72 -1 71 70 69 71 69 71 72 -1 72 70 69 69 72 69 69 71 71 
69 72 -1 -1 71 69 72 72 -1 69 72 69 -1 70 73 72 71 71 -1 -1 73 73 -1 -1 -1 69 -1 -1 70 -1 71 72 70 -1 -1 69 -1 -1 -1 72 71 72 -1 -1 -1 72 69 69 71 -1 
-1 72 72 -1 -1 69 72 72 73 -1 72 -1 71 70 73 72 -1 -1 69 72 73 -1 73 70 72 69 -1 73 70 71 -1 -1 70 71 70 69 71 69 -1 72 71 -1 70 69 69 -1 69 69 -1 71 
69 72 72 70 -1 66 -1 72 73 -1 -1 69 -1 -1 73 72 74 -1 69 -1 -1 -1 -1 -1 72 -1 72 73 70 71 -1 72 70 71 -1 69 71 69 71 -1 71 -1 -1 69 69 72 69 69 -1 -1 
69 -1 72 70 71 69 72 72 -1 -1 72 -1 -1 -1 73 72 71 71 69 72 73 73 73 -1 72 69 72 -1 -1 -1 71 72 70 71 70 69 -1 69 71 72 71 72 70 69 69 -1 69 69 -1 -1 
-1 70 70 68 -1 67 -1 70 -1 -1 70 -1 69 68 71 70 69 69 67 -1 -1 71 71 68 70 -1 70 71 68 69 69 -1 68 -1 68 67 -1 67 -1 -1 -1 -1 68 -1 67 -1 -1 -1 -1 -1 
69 72 -1 70 -1 69 72 72 73 69 72 -1 -1 70 73 -1 71 -1 69 -1 73 73 73 70 -1 69 -1 73 -1 -1 71 -1 -1 71 70 69 71 -1 71 72 71 -1 70 69 69 72 69 69 71 -1 
67 70 70 68 -1 67 -1 -1 71 -1 70 67 69 -1 71 -1 69 -1 67 70 71 71 71 68 70 -1 70 71 -1 69 -1 70 -1 69 68 -1 69 67 69 70 69 70 68 67 -1 -1 -1 67 -1 -1 
-1 72 72 70 71 -1 -1 -1 73 69 72 69 71 70 73 72 -1 71 69 72 -1 73 -1 70 72 -1 -1 73 -1 71 71 -1 70 71 70 69 71 69 -1 72 71 72 -1 69 69 72 69 69 71 -1 
-1 74 74 72 -1 71 -1 74 -1 -1 74 -1 71 72 75 74 75 73 71 -1 -1 75 75 72 74 -1 74 75 72 73 73 -1 72 -1 72 71 -1 71 -1 -1 -1 -1 72 -1 71 -1 -1 -1 -1 -1 
69 72 72 70 71 69 72 72 -1 69 72 69 71 -1 73 72 -1 -1 69 72 73 -1 73 -1 -1 69 72 73 70 71 71 -1 70 -1 70 69 71 -1 -1 72 -1 72 70 69 -1 72 -1 69 71 -1 
71 -1 74 72 -1 71 74 -1 75 71 74 -1 73 72 -1 -1 73 73 -1 -1 75 75 75 72 74 -1 74 75 72 -1 73 -1 -1 73 -1 71 -1 -1 73 74 73 74 -1 71 71 -1 71 71 73 73 
-1 -1 -1 70 71 68 -1 72 73 69 -1 -1 -1 70 73 -1 -1 71 69 -1 73 73 73 70 72 69 -1 73 70 -1 71 72 70 -1 71 69 -1 69 71 -1 71 -1 70 69 69 -1 69 69 -1 71 
69 72 72 70 71 -1 -1 72 73 -1 72 69 71 70 73 -1 -1 71 -1 72 -1 -1 73 70 72 -1 72 -1 70 71 -1 72 70 71 -1 69 -1 69 71 72 71 -1 -1 -1 -1 72 -1 -1 71 71 
69 72 72 70 71 69 73 72 -1 69 -1 -1 71 70 73 -1 71 70 69 72 73 73 -1 70 -1 -1 72 73 70 71 -1 72 70 -1 70 69 71 -1 71 72 71 72 70 -1 -1 72 69 69 71 71 
71 74 -1 -1 73 71 74 74 -1 -1 74 71 73 70 -1 74 73 -1 71 74 75 -1 75 72 74 71 76 75 -1 73 73 74 72 -1 72 -1 73 -1 73 74 73 74 72 71 71 74 71 71 -1 73 
-1 72 72 -1 71 69 -1 -1 73 69 -1 -1 -1 -1 73 -1 71 71 69 72 73 -1 73 -1 72 69 -1 73 70 71 71 72 -1 71 70 69 71 -1 71 72 -1 72 70 69 69 72 69 69 71 -1 
-1 72 72 -1 71 69 72 72 73 69 -1 69 71 -1 73 72 71 -1 -1 -1 73 -1 -1 70 72 69 -1 73 70 71 71 72 70 71 70 -1 -1 69 71 -1 -1 72 70 -1 -1 72 -1 69 -1 -1 
69 -1 -1 -1 71 69 -1 72 73 -1 72 69 71 -1 73 -1 71 71 69 72 73 73 -1 70 72 -1 72 73 70 71 71 72 70 -1 70 69 -1 69 71 72 -1 -1 -1 -1 -1 72 69 -1 71 71 
-1 72 72 66 71 69 76 72 73 69 -1 -1 71 70 -1 -1 -1 71 69 72 -1 73 73 -1 72 69 72 73 -1 -1 71 72 -1 -1 70 -1 71 69 -1 72 -1 -1 -1 69 -1 -1 69 69 71 -1 
69 72 -1 -1 71 69 -1 72 73 69 72 69 71 70 73 72 -1 -1 69 72 73 -1 73 -1 -1 -1 72 73 70 71 71 -1 -1 71 -1 69 71 -1 71 -1 -1 72 -1 69 69 72 69 -1 71 71 
73 78 76 74 75 -1 76 76 -1 -1 76 73 -1 74 77 -1 75 75 73 76 77 -1 -1 74 76 73 -1 75 74 75 -1 -1 74 -1 74 73 75 73 75 76 75 76 74 73 73 76 73 73 75 -1 
69 72 72 70 71 -1 72 72 73 69 72 -1 71 70 73 72 71 71 69 72 73 73 73 70 72 69 72 73 70 -1 -1 -1 -1 71 -1 69 -1 69 71 72 -1 72 -1 69 -1 72 69 69 71 -1 
69 72 72 70 71 69 72 -1 73 -1 72 69 -1 70 73 -1 -1 71 69 -1 73 -1 73 -1 72 -1 -1 73 -1 71 -1 -1 70 -1 70 69 71 69 71 -1 71 72 70 69 69 72 69 -1 71 71 
69 -1 72 -1 -1 -1 -1 72 73 -1 72 -1 71 70 -1 72 -1 71 69 72 73 73 -1 -1 72 69 -1 73 70 71 -1 -1 -1 71 70 69 -1 -1 -1 72 71 72 70 -1 69 72 -1 69 71 71 
71 74 74 72 -1 -1 74 -1 75 71 -1 71 73 72 75 74 -1 73 71 74 75 75 75 72 74 71 -1 75 -1 73 73 74 -1 73 72 71 73 71 -1 74 73 -1 -1 71 -1 -1 -1 71 73 73 
-1 -1 73 -1 -1 70 -1 -1 74 70 73 70 72 -1 74 73 -1 72 70 73 74 -1 -1 -1 73 70 73 -1 71 72 72 73 71 72 -1 70 -1 -1 72 -1 72 -1 71 70 70 -1 70 70 -1 72 
-1 72 -1 70 -1 69 -1 -1 73 -1 72 69 -1 70 73 -1 71 71 69 72 -1 -1 73 -1 72 69 72 73 70 71 71 72 70 71 -1 68 71 69 71 -1 71 -1 -1 69 -1 72 70 69 -1 71 
69 -1 -1 70 71 -1 72 72 -1 69 -1 -1 71 70 73 72 -1 71 -1 -1 73 -1 73 70 -1 -1 -1 73 70 -1 71 -1 70 71 -1 69 71 -1 71 72 71 72 -1 69 -1 -1 69 69 71 -1 
-1 72 72 70 -1 69 -1 -1 -1 69 72 69 71 70 73 72 71 71 -1 -1 73 73 -1 -1 72 -1 72 73 70 71 71 72 -1 -1 70 -1 -1 69 -1 72 -1 72 70 69 -1 72 -1 69 -1 -1 
69 72 -1 70 71 69 -1 72 73 69 72 69 71 70 73 -1 -1 -1 69 72 73 73 73 -1 -1 -1 72 -1 70 71 71 72 -1 -1 70 -1 71 -1 71 -1 71 72 70 -1 69 72 69 -1 -1 71 
-1 -1 -1 -1 71 -1 72 72 -1 69 72 -1 -1 -1 73 72 71 -1 69 72 73 73 73 -1 72 69 72 73 -1 71 71 72 70 -1 70 69 71 69 71 72 -1 -1 -1 -1 -1 -1 69 69 71 71 
69 -1 -1 70 -1 69 72 72 -1 -1 72 69 71 70 73 -1 71 71 69 -1 73 73 73 70 72 -1 72 73 70 71 -1 72 -1 71 70 69 -1 69 71 72 -1 -1 70 69 69 72 69 69 71 71 
69 72 -1 -1 71 69 72 72 73 -1 -1 69 -1 -1 73 72 -1 71 -1 72 73 73 76 70 -1 69 -1 73 70 -1 71 72 70 -1 70 69 71 -1 71 -1 68 -1 -1 69 69 -1 -1 -1 71 71 
69 72 72 -1 -1 69 72 72 -1 69 72 -1 71 70 73 -1 71 71 69 -1 73 73 -1 70 72 69 72 73 70 71 71 -1 70 71 70 69 -1 -1 71 -1 71 72 -1 69 69 -1 69 69 -1 71 
-1 -1 72 70 71 69 72 72 73 -1 -1 69 71 70 73 72 -1 -1 69 72 -1 -1 73 70 -1 69 72 73 -1 71 71 72 70 -1 70 -1 71 -1 -1 72 -1 72 70 69 69 72 69 69 71 71 
69 -1 72 70 71 69 72 -1 73 -1 72 -1 -1 70 73 72 71 -1 -1 -1 -1 73 73 -1 72 69 72 73 70 71 71 72 70 71 70 69 -1 69 -1 72 71 72 -1 69 -1 72 69 -1 -1 71 
69 72 72 70 71 69 72 72 -1 -1 -1 -1 71 -1 73 72 71 -1 69 72 -1 73 -1 -1 72 69 -1 73 -1 71 71 72 -1 71 -1 69 71 69 71 72 -1 -1 70 -1 -1 72 69 -1 -1 71 
69 -1 72 -1 71 69 -1 72 73 69 72 69 71 -1 73 72 71 71 69 -1 73 73 -1 -1 -1 69 -1 -1 70 71 71 72 70 71 70 -1 71 -1 71 72 -1 72 70 69 69 72 69 -1 71 71 
69 72 72 70 71 69 72 72 -1 69 72 69 -1 70 -1 72 71 71 69 -1 73 73 77 -1 72 69 -1 -1 70 -1 71 72 -1 71 -1 -1 -1 69 -1 -1 71 -1 -1 65 -1 72 -1 69 -1 -1 
-1 -1 -1 70 71 69 72 72 73 69 72 69 71 -1 73 -1 71 71 69 -1 73 73 73 70 72 -1 72 -1 70 -1 71 72 70 -1 70 69 -1 -1 71 -1 71 72 70 72 -1 72 -1 69 68 71 
-1 72 -1 70 71 69 -1 72 -1 69 -1 69 71 70 73 72 -1 71 69 72 73 -1 73 70 -1 69 -1 73 70 71 -1 72 70 71 70 69 -1 69 71 72 71 72 70 69 69 -1 -1 -1 -1 71 
-1 72 -1 70 71 69 72 72 -1 69 72 69 71 70 73 72 -1 71 69 72 73 73 -1 -1 72 69 72 -1 -1 -1 71 -1 -1 -1 70 69 71 69 71 72 71 72 70 69 69 72 -1 -1 -1 -1 
69 -1 -1 70 71 -1 72 -1 73 -1 72 69 71 -1 73 -1 -1 -1 -1 -1 73 73 73 70 72 -1 -1 73 70 71 -1 -1 70 71 -1 -1 -1 -1 71 72 71 72 70 69 -1 -1 69 69 -1 -1 
65 -1 72 70 71 69 72 72 -1 69 -1 69 75 70 73 72 71 71 -1 72 -1 -1 73 70 72 69 72 73 70 -1 71 72 70 71 70 -1 -1 69 71 72 -1 72 -1 69 69 72 69 69 71 -1 
69 75 75 -1 -1 72 75 75 76 72 75 -1 -1 73 -1 75 74 74 -1 -1 76 76 76 76 75 72 75 -1 -1 74 74 75 73 74 73 72 74 -1 74 75 74 -1 73 72 72 75 72 72 74 74 
-1 72 72 70 71 69 72 -1 73 69 72 69 71 70 73 72 71 -1 69 72 -1 73 73 70 72 69 72 -1 70 71 71 -1 -1 71 70 69 71 69 -1 72 71 72 70 -1 69 72 69 69 71 -1 
-1 -1 72 70 71 69 72 72 73 69 72 -1 -1 -1 73 72 -1 -1 69 72 73 73 -1 -1 72 -1 72 73 70 -1 71 -1 70 71 70 69 71 69 -1 72 71 -1 70 69 -1 -1 69 69 71 -1 
-1 75 -1 73 -1 72 75 75 76 72 -1 -1 74 73 76 75 74 74 72 75 -1 76 76 -1 75 72 -1 76 73 -1 -1 75 73 -1 73 72 74 -1 74 -1 74 -1 -1 72 72 75 72 -1 74 -1 
69 72 -1 -1 -1 69 72 72 73 69 72 69 71 70 73 -1 71 71 -1 72 -1 73 73 70 72 69 72 73 -1 71 71 72 70 -1 70 69 71 69 71 72 71 -1 70 -1 69 -1 69 69 71 71 
69 72 72 70 -1 -1 72 -1 -1 69 72 69 -1 70 -1 -1 71 -1 69 72 73 73 -1 -1 72 -1 72 -1 70 71 -1 -1 -1 71 70 -1 -1 69 71 72 71 -1 70 69 69 72 69 -1 71 -1 
73 76 76 74 75 73 76 76 77 73 76 -1 75 74 77 -1 75 75 73 -1 -1 77 -1 74 76 73 76 -1 74 -1 -1 76 -1 -1 -1 -1 75 73 -1 76 -1 76 74 73 73 76 73 -1 75 75 
69 72 72 70 71 69 72 -1 73 69 76 -1 -1 70 73 72 71 -1 -1 72 73 69 73 70 72 -1 72 73 70 71 71 72 70 -1 -1 -1 71 -1 71 72 -1 -1 -1 69 69 -1 69 69 71 71 
69 72 72 70 71 -1 72 72 73 -1 72 69 71 70 -1 72 -1 -1 69 72 73 73 73 70 72 69 72 -1 70 -1 71 72 70 -1 70 69 -1 69 71 -1 71 72 70 69 -1 72 69 69 71 -1 
-1 72 72 -1 71 69 -1 -1 -1 -1 72 -1 -1 70 -1 72 -1 -1 69 72 73 73 73 70 -1 -1 72 73 -1 -1 71 -1 70 71 70 69 71 -1 -1 72 71 72 70 -1 69 72 -1 -1 -1 71 
69 -1 -1 70 -1 -1 72 72 73 -1 72 69 71 70 73 72 71 71 69 -1 73 73 73 -1 72 -1 -1 -1 -1 -1 71 72 -1 -1 -1 -1 71 -1 71 72 71 72 -1 69 69 -1 -1 -1 -1 -1 
72 -1 -1 -1 -1 69 72 72 -1 69 -1 -1 71 70 -1 72 71 71 -1 72 73 -1 73 67 72 -1 72 73 70 71 71 -1 70 71 70 69 71 69 71 72 -1 -1 -1 69 69 72 69 69 71 -1 
69 72 72 70 71 69 -1 72 73 -1 -1 -1 75 70 -1 72 71 71 69 -1 73 -1 -1 -1 72 -1 72 73 70 71 71 -1 66 71 -1 69 -1 69 -1 -1 71 -1 -1 69 69 72 69 69 71 -1 
69 72 72 -1 -1 69 72 72 -1 69 72 69 71 70 73 72 71 71 69 72 -1 73 73 -1 -1 -1 72 73 70 71 71 72 -1 71 -1 69 71 69 -1 -1 71 -1 70 69 69 -1 -1 69 71 71 
69 72 72 70 -1 69 72 -1 73 69 -1 69 71 70 73 72 71 71 69 -1 73 73 73 -1 72 -1 72 73 -1 -1 -1 72 -1 -1 -1 69 -1 69 -1 72 -1 -1 70 69 69 72 69 69 71 -1 
69 72 72 -1 -1 -1 72 72 -1 69 72 70 70 -1 73 -1 71 71 69 72 -1 -1 73 70 72 69 72 73 70 71 71 72 70 71 70 69 -1 69 71 72 71 72 -1 -1 69 72 69 69 71 71 
-1 72 72 70 71 69 72 72 73 -1 -1 69 -1 -1 73 -1 71 71 69 -1 73 73 73 70 72 -1 72 73 70 -1 -1 -1 70 71 70 69 -1 -1 -1 -1 -1 -1 70 -1 69 72 69 69 71 71 
-1 72 72 -1 71 -1 72 -1 73 69 72 -1 71 70 73 -1 71 71 69 -1 73 73 73 70 72 -1 -1 73 70 71 -1 72 -1 -1 70 69 71 69 -1 72 71 72 70 -1 -1 72 -1 -1 -1 71 
67 -1 70 68 -1 -1 70 70 -1 -1 70 -1 69 -1 71 70 66 69 67 70 71 71 71 -1 70 -1 70 71 68 -1 69 -1 71 69 68 67 -1 -1 69 70 69 -1 68 67 67 -1 -1 -1 69 -1 
71 74 74 -1 -1 71 74 74 -1 71 74 71 -1 -1 75 -1 73 -1 71 -1 75 -1 75 -1 74 71 74 -1 -1 73 -1 74 72 73 -1 71 -1 71 -1 74 73 -1 -1 -1 71 -1 -1 71 -1 73 
69 72 -1 70 71 69 72 72 73 -1 72 69 71 -1 73 -1 71 71 69 72 73 73 73 -1 -1 -1 72 73 70 -1 71 72 -1 71 70 69 71 69 71 -1 71 72 70 69 69 -1 69 -1 -1 71 
-1 -1 72 -1 71 69 72 72 73 69 72 69 71 70 -1 72 71 71 69 -1 73 -1 73 70 72 69 72 -1 70 71 -1 72 -1 71 70 -1 -1 69 71 72 71 72 70 -1 69 72 69 69 71 71 
69 -1 72 -1 -1 69 -1 -1 -1 -1 -1 69 71 70 -1 72 71 71 69 -1 73 73 -1 70 72 69 -1 73 -1 -1 71 -1 70 -1 70 69 71 -1 71 72 71 -1 70 69 -1 -1 -1 -1 -1 71 
69 72 72 70 -1 -1 72 -1 -1 69 -1 69 -1 70 73 72 71 71 69 72 73 -1 -1 -1 72 69 72 73 70 71 71 72 70 71 70 69 -1 69 -1 72 71 -1 70 69 -1 -1 69 69 -1 71 
69 -1 72 70 -1 69 72 -1 73 69 -1 68 72 70 73 72 -1 71 69 -1 73 -1 73 70 72 69 72 73 -1 -1 71 -1 -1 71 -1 69 -1 69 -1 72 71 72 -1 73 69 -1 -1 65 -1 71 
70 -1 73 -1 72 -1 73 -1 -1 -1 73 70 72 -1 74 -1 -1 72 70 -1 74 -1 74 71 -1 -1 -1 74 71 -1 72 73 -1 -1 -1 -1 72 -1 -1 73 72 -1 -1 -1 70 73 70 70 72 72 
69 72 72 -1 -1 69 72 72 73 72 -1 69 71 70 -1 72 71 -1 69 72 -1 -1 73 70 72 69 72 70 70 -1 71 72 70 71 70 69 71 69 71 72 71 72 70 -1 69 72 69 -1 71 -1 
69 72 -1 70 71 69 72 72 73 -1 72 69 71 70 73 72 -1 71 -1 -1 73 73 73 70 72 69 72 73 -1 -1 71 -1 -1 71 70 -1 71 -1 -1 72 71 72 70 -1 69 -1 -1 69 -1 -1 
73 72 72 70 71 69 -1 72 -1 69 72 -1 67 70 -1 72 -1 -1 69 -1 -1 73 -1 -1 72 69 72 73 -1 71 -1 72 70 -1 -1 69 -1 -1 -1 72 71 72 70 -1 69 -1 69 69 -1 71 
69 72 72 70 71 69 72 72 -1 69 -1 69 71 72 73 -1 71 71 69 72 -1 73 73 70 -1 -1 -1 71 -1 -1 -1 72 -1 71 70 69 71 -1 -1 72 71 72 -1 -1 69 72 69 69 71 71 
69 -1 -1 70 71 69 -1 72 -1 -1 72 69 71 -1 73 72 -1 71 -1 -1 -1 73 -1 70 -1 69 72 -1 70 -1 -1 72 70 -1 70 69 71 69 71 72 71 -1 -1 69 -1 72 69 69 -1 71 
-1 72 72 -1 71 69 -1 -1 73 69 72 69 71 70 73 72 71 71 69 -1 73 73 -1 70 72 69 -1 -1 -1 71 71 -1 70 71 70 69 -1 69 71 72 71 72 -1 -1 -1 -1 -1 69 -1 71 
-1 -1 72 70 71 69 -1 -1 -1 69 72 69 71 70 -1 -1 71 71 69 72 73 73 73 70 72 69 72 73 70 -1 71 -1 70 71 -1 -1 71 69 71 72 71 72 70 69 69 72 -1 69 71 71 
-1 72 -1 70 -1 69 -1 72 73 69 72 69 71 70 73 -1 71 71 69 -1 73 73 73 -1 72 -1 72 73 70 71 -1 72 -1 71 70 69 -1 69 71 72 -1 72 70 69 -1 72 -1 -1 71 -1 
69 72 74 70 71 69 72 -1 73 69 72 -1 71 70 -1 72 71 71 69 -1 73 -1 73 70 -1 69 72 -1 -1 71 71 72 -1 71 70 -1 71 69 71 72 71 70 70 69 -1 72 -1 69 71 -1 
69 -1 -1 70 -1 -1 72 72 73 69 72 69 -1 -1 73 72 71 71 69 -1 -1 73 73 -1 72 69 -1 73 70 -1 71 72 70 71 70 69 -1 -1 71 72 71 72 70 69 -1 -1 -1 69 71 71 
69 -1 -1 70 71 -1 -1 -1 73 69 72 69 -1 70 73 72 71 71 69 72 73 -1 73 -1 -1 69 72 -1 70 71 71 72 70 71 70 -1 71 -1 71 72 71 72 70 69 -1 72 69 69 -1 71 
69 72 72 70 71 -1 72 -1 73 69 -1 69 71 70 73 72 -1 71 -1 -1 -1 73 73 69 -1 -1 72 73 70 -1 -1 -1 70 -1 -1 69 71 69 72 -1 -1 72 -1 -1 69 72 69 -1 71 71 
69 72 72 68 -1 69 74 72 73 69 72 -1 71 -1 73 -1 71 71 -1 -1 -1 -1 -1 70 72 69 72 73 -1 71 71 72 70 -1 -1 69 71 69 71 -1 71 72 70 -1 69 -1 69 69 71 71 
73 76 76 -1 75 73 76 76 77 73 76 73 -1 75 -1 76 75 75 -1 -1 73 -1 77 73 -1 -1 76 -1 -1 -1 -1 76 -1 -1 74 -1 -1 73 75 76 75 76 74 73 77 76 73 73 75 75 
-1 -1 72 -1 71 -1 -1 72 73 69 72 -1 71 70 73 72 -1 71 69 72 73 73 -1 70 72 69 72 73 70 -1 71 72 -1 -1 70 -1 71 -1 71 -1 -1 72 70 69 69 72 69 69 -1 71 
69 -1 72 70 -1 69 72 72 73 -1 72 -1 71 70 73 -1 71 -1 -1 72 -1 73 73 70 72 69 72 73 70 71 71 72 -1 71 -1 -1 71 69 -1 72 -1 72 70 -1 69 72 69 69 -1 71 
67 -1 70 68 -1 67 70 -1 71 67 70 -1 69 68 -1 -1 69 69 -1 -1 71 71 71 68 70 -1 70 71 68 -1 69 -1 -1 69 -1 67 -1 -1 69 70 69 70 -1 67 67 -1 67 67 69 69 
66 -1 -1 -1 68 -1 69 69 70 66 69 66 -1 67 70 69 68 68 -1 -1 70 70 70 67 69 66 69 -1 67 68 68 -1 67 68 -1 66 -1 66 -1 69 68 69 67 66 66 -1 -1 -1 -1 68 
