32 40
3 1 9 39
1 29
5 8 9 19 23 11
1 1
4 21 20 24 40
1 28
1 6
5 16 34 12 40 38
5 34 37 22 9 8
1 11
3 8 23 13
2 28 23
6 18 1 36 10 12 26
2 7 3
5 26 4 15 21 1
3 16 23 34
1 10
4 9 2 39 29
5 32 38 39 2 14
4 19 15 2 38
1 25
6 7 8 6 40 2 33
6 36 24 37 34 38 30
6 27 4 2 8 32 33
1 38
5 18 35 28 38 36
1 3
5 26 28 38 13 20
5 9 32 40 37 3
1 5
5 6 17 2 13 31
4 7 14 1 38
98 48 11 53 13 6 38 26 33 56 3 84 26 1 53 15 86 89 5 82 60 7 35 10 77 37 64 81 36 43 100 80
3 44 10 21 1 23 30 12 41 32 47 30 36 32 18 14 8 32 40 9 21 38 22 35 13 45 4 46 25 46 39 5 13 3 12 33 5 31 7 16