46 80
2 55 36
7 28 11 61 36 26 6 15
8 61 32 15 45 33 36 75 40
6 75 60 10 15 4 78
9 34 48 19 2 1 31 50 58 68
7 64 52 12 54 5 80 19
6 13 79 40 66 37 20
5 49 70 43 52 65
8 41 39 43 22 54 18 10 9
9 54 32 50 55 72 40 46 7 63
6 6 70 58 73 55 21
6 68 4 17 79 66 33
8 22 68 29 23 39 30 56 58
5 29 80 14 20 51
7 73 2 8 5 19 9 68
3 75 60 46
4 11 58 5 44
7 56 32 50 14 78 33 63
5 65 47 36 24 34
1 49
8 36 10 25 3 63 13 79 57
5 70 7 24 64 4
8 66 53 37 55 30 36 32 52
9 53 57 10 64 17 37 5 14 68
9 1 39 33 36 75 37 38 18 35
2 2 51
6 36 5 19 56 61 71
7 53 50 28 17 76 40 59
5 25 42 41 18 52
9 36 77 40 21 33 31 49 11 14
6 21 32 27 19 51 10
7 76 37 34 20 67 64 10
7 21 69 58 61 60 76 55
6 27 78 52 51 20 70
4 65 61 52 9
7 33 54 11 66 8 52 24
3 73 74 60
9 45 43 33 9 53 52 16 14 62
4 57 18 20 42
7 11 69 71 58 37 8 53
4 29 14 63 1
3 39 67 53
5 72 53 79 33 12
1 18
3 56 46 23
1 33
36 23 74 98 70 74 93 36 76 88 86 23 99 90 57 33 68 53 28 62 59 73 96 85 3 31 84 58 91 34 26 45 77 98 15 7 13 2 10 76 24 48 16 76 30 63
7 44 8 34 28 32 50 24 33 40 8 47 15 21 13 32 40 28 13 44 5 9 25 46 33 45 42 11 7 35 23 11 21 25 8 12 43 39 36 45 12 30 45 39 42 41 22 16 23 33 19 6 28 3 13 2 34 29 10 46 40 4 30 34 15 40 14 5 14 48 25 27 2 15 4 15 5 40 2 43