50 100
8 51 69 25 33 36 52 13 12
10 74 58 56 100 25 94 42 67 23 33
10 79 44 80 9 47 65 18 31 73 13
10 18 41 5 11 47 46 36 64 69 32
9 11 54 41 83 75 96 19 100 77
3 14 65 10
9 58 98 54 44 7 27 59 30 95
7 55 70 85 2 28 27 1
9 91 51 14 42 66 56 15 41 88
4 73 34 13 43
8 6 44 58 8 4 68 37 26
8 20 11 34 33 76 85 83 58
7 23 18 80 66 93 64 89
5 90 51 68 96 37
10 69 45 90 84 29 71 27 31 19 95
5 56 63 87 27 23
1 56
8 69 100 51 81 45 44 21 60
7 40 95 43 18 50 55 99
10 95 38 34 22 36 46 64 7 57 41
4 28 1 85 77
9 36 21 18 8 39 2 79 90 95
9 2 80 98 1 24 83 88 9 77
8 6 57 68 92 81 44 72 7
8 74 50 21 98 56 42 97 34
5 74 40 90 81 22
6 84 76 3 33 85 27
1 49
7 55 87 90 8 84 85 91
1 48
1 6
8 30 58 71 64 51 46 41 31
7 77 46 100 67 58 66 60
4 36 76 75 63
8 83 82 71 48 20 9 27 33
1 62
3 64 66 51
6 77 50 75 59 87 1
1 5
4 81 98 82 64
9 65 56 54 35 86 43 46 78 37
1 18
8 79 29 27 16 13 47 36 44
3 53 83 25
9 30 5 88 17 6 28 22 31 8
8 16 89 5 81 87 65 61 94
6 6 48 1 41 34 9
1 21
2 41 25
4 19 34 72 13
49 84 61 2 64 72 27 99 7 35 83 73 20 81 40 72 11 18 47 47 7 93 36 2 26 79 22 97 48 38 19 17 78 23 84 57 59 57 83 69 76 56 17 18 4 48 55 42 66 77
28 49 46 34 15 12 27 7 35 7 25 11 7 43 22 16 48 18 50 33 10 12 7 23 25 35 10 5 36 22 18 37 19 22 43 41 41 4 35 47 19 30 18 17 22 12 45 7 39 23 41 50 7 19 46 44 8 20 30 14 22 5 14 9 39 38 42 46 39 31 26 9 19 23 11 46 39 37 30 42 41 10 48 31 32 31 36 49 3 12 40 7 27 26 4 28 12 48 35 29