40 45
4 25 13 4 43
7 32 27 15 20 7 4 22
1 20
6 3 2 18 39 11 29
5 19 6 34 16 15
4 26 13 28 32
8 34 7 1 10 3 30 39 31
5 12 32 41 9 17
7 34 39 22 36 1 31 42
6 13 4 12 9 45 30
4 25 43 27 18
4 12 23 8 6
7 17 38 41 26 9 36 8
6 14 42 16 19 10 7
3 27 6 19
6 1 31 36 3 37 29
1 17
4 25 21 9 13
2 19 12
6 22 34 24 19 37 38
7 44 36 34 29 19 7 25
5 17 6 21 39 8
7 35 27 31 3 28 42 13
3 19 13 25
3 44 13 18
8 2 10 42 39 19 18 41 13
3 24 20 9
4 44 25 23 16
8 20 23 27 14 33 40 32 38
4 26 22 14 29
8 15 10 30 43 5 24 7 21
8 12 44 20 18 42 41 45 6
4 30 21 20 9
4 33 2 36 31
5 30 11 33 3 7
3 44 8 36
6 2 10 42 20 3 34
2 21 10
7 22 15 33 34 40 5 8
6 19 43 4 45 3 7
64 10 11 5 81 62 58 20 97 89 92 71 8 61 6 45 55 36 74 37 79 66 40 70 78 91 38 7 93 27 76 66 1 76 40 78 11 9 32 43
12 23 45 47 22 37 28 19 34 9 24 25 3 8 38 6 43 21 45 39 38 6 35 30 12 33 14 44 20 31 30 28 32 11 46 44 48 21 47 29 34 14 43 26 32