500
868
708
581
953
368
969
684
468
907
352
433
330
547
932
760
743
753
952
236
100
943
523
261
379
660
415
706
806
95
611
380
594
949
550
905
789
862
217
885
533
900
520
460
277
838
614
614
760
202
93
842
779
340
237
37
63
966
712
707
793
948
413
879
564
300
373
302
833
617
892
806
154
451
325
930
754
342
200
172
225
505
570
480
407
395
799
831
730
648
181
20
593
116
66
8
544
996
437
447
337
275
75
235
143
983
765
210
470
986
198
352
593
307
493
86
527
195
518
564
856
452
422
19
954
722
56
565
401
757
205
32
634
868
802
724
136
61
540
184
714
588
569
334
645
897
178
607
759
218
656
920
741
263
739
597
204
778
319
614
332
941
343
763
132
820
61
591
602
392
57
248
353
855
729
565
493
204
143
10
802
332
429
351
516
107
138
158
249
187
248
487
863
545
722
363
320
942
795
921
833
822
421
318
831
385
544
759
575
798
110
273
433
796
4
73
140
151
327
625
572
742
686
778
845
211
413
570
764
440
897
563
952
339
445
822
171
668
335
894
658
886
1
394
506
258
503
69
398
703
721
435
236
129
931
348
459
217
692
138
106
907
218
132
910
70
643
707
974
84
877
213
838
321
944
383
955
758
1000
87
906
211
433
540
880
923
732
325
216
485
39
836
70
330
556
8
485
283
231
432
420
903
395
226
537
594
271
268
790
728
524
640
107
264
283
410
722
589
294
100
952
576
135
450
456
83
667
338
284
388
130
974
264
286
571
709
507
835
514
92
101
988
56
7
270
590
793
29
559
483
272
333
833
692
865
780
141
934
258
34
743
935
963
825
843
285
536
703
828
818
410
913
56
750
528
233
496
60
188
896
765
853
778
946
352
676
319
642
82
39
990
774
124
613
58
994
71
842
878
514
907
955
899
805
899
616
829
129
711
685
395
28
293
836
373
128
330
11
786
868
314
947
476
1
518
254
442
2
438
789
636
714
479
300
124
858
954
581
798
270
671
616
47
954
673
460
73
336
919
821
761
306
949
595
283
924
845
829
850
890
14
851
303
140
609
548
431
178
623
26
228
999
958
144
476
723
14
644
348
289
595
870
943
818
179
312
930
516
853
450
717
212
448
641
823
898
689
32
369
885
387
