26 57
80 700
1 7 8
1 16 4
1 34 10
1 66 1
1 69 2
2 1 12
2 2 2
2 8 7
2 14 5
2 17 10
2 24 9
2 26 8
2 31 10
2 32 9
2 34 9
2 37 1
2 58 6
2 73 9
2 74 7
2 75 11
3 13 5
3 26 7
3 35 2
3 37 12
3 51 1
3 53 6
3 54 11
3 69 10
3 70 9
3 74 8
4 3 12
4 8 6
4 12 5
4 32 8
4 34 8
4 61 6
5 3 11
5 4 4
5 19 11
5 33 7
5 38 12
5 46 8
5 51 2
5 54 6
5 60 8
5 61 12
5 68 9
5 78 5
6 13 1
6 14 10
6 16 6
6 25 6
6 28 11
6 31 6
6 38 7
6 45 3
6 74 3
6 75 12
7 1 5
7 5 8
7 22 4
7 29 10
7 35 6
7 39 3
7 55 5
7 58 4
7 62 12
8 10 5
8 19 4
8 30 2
8 65 3
8 72 8
8 77 5
9 1 6
9 4 11
9 18 11
9 29 12
9 39 3
9 51 12
9 56 2
9 64 4
10 2 4
10 14 5
10 18 12
11 13 4
11 17 7
11 30 5
11 33 1
11 39 1
11 43 10
11 63 6
12 4 9
12 46 2
12 68 4
12 69 3
12 77 5
13 10 12
13 13 11
13 22 8
13 27 2
13 28 9
13 44 3
13 79 3
14 1 7
14 17 8
14 21 9
14 61 1
14 67 12
15 5 2
15 6 10
15 10 12
15 11 4
15 19 5
15 23 2
15 34 5
15 39 2
15 44 6
15 53 12
15 54 1
15 59 3
15 66 5
15 70 2
15 71 10
15 72 5
16 12 9
16 38 6
16 71 12
16 77 9
17 5 11
17 8 8
17 27 12
17 77 11
17 80 10
18 24 8
18 34 1
18 38 4
18 48 11
18 52 1
18 70 4
18 73 1
18 80 6
19 17 2
19 20 11
19 21 2
19 30 8
19 35 6
19 39 12
19 40 6
19 50 1
20 1 11
20 3 7
20 34 12
20 63 8
20 75 4
21 3 2
21 13 6
21 18 2
21 28 5
21 41 9
21 43 11
21 48 6
21 50 4
21 59 11
21 60 7
21 73 11
21 75 7
22 6 5
22 30 9
22 44 3
22 48 2
22 54 5
22 56 1
22 75 12
22 79 10
23 7 9
23 9 4
23 12 6
23 17 6
23 21 10
23 44 2
23 58 1
23 79 8
24 2 12
24 14 8
24 15 1
24 32 1
24 36 9
24 43 9
24 70 3
25 22 6
25 24 12
25 29 3
25 33 5
25 41 4
25 48 5
25 50 11
25 56 11
25 67 9
25 69 5
25 72 8
25 77 8
25 80 7
26 24 1
26 33 3
26 38 7
26 42 8
26 43 2
26 45 6
26 53 2
26 55 12
26 63 10
26 69 7
26 74 3
26 80 9
27 1 10
27 5 3
27 7 6
27 9 12
27 16 5
27 20 8
27 29 5
27 37 7
27 40 5
27 47 10
27 50 8
27 56 12
27 69 9
27 73 3
27 79 8
28 2 7
28 8 8
28 20 5
28 21 8
28 23 2
28 34 11
28 37 11
28 44 12
28 55 8
28 59 5
28 66 1
29 6 11
29 17 1
29 25 5
29 29 1
29 30 7
29 59 5
29 62 6
29 78 8
29 79 4
30 4 12
30 11 9
30 15 7
30 22 11
30 25 10
30 32 6
30 37 1
30 45 12
30 46 7
30 66 2
30 68 4
31 4 11
31 9 5
31 15 7
31 28 9
31 30 2
31 45 9
31 78 2
32 7 9
32 17 11
32 22 5
32 24 9
32 31 8
32 51 8
32 61 9
32 68 2
32 73 3
33 5 4
33 30 9
33 40 8
33 45 3
33 50 11
33 54 10
33 58 4
33 68 10
34 18 8
34 31 5
34 33 1
34 35 12
34 44 3
34 45 3
34 48 8
35 3 3
35 12 2
35 16 1
35 31 7
35 33 11
35 36 10
35 38 1
35 43 10
35 44 12
35 70 11
35 73 9
35 75 4
35 78 12
36 7 5
36 8 1
36 26 11
36 29 7
36 30 4
36 36 6
36 40 3
36 43 9
36 45 1
36 58 12
36 68 6
36 78 11
36 80 6
37 3 5
37 6 1
37 17 5
37 27 9
37 43 5
37 45 10
37 50 9
37 59 4
37 62 6
37 67 2
37 68 8
38 9 3
38 24 3
38 32 2
38 53 11
38 58 9
38 71 8
38 73 4
38 76 8
39 10 9
39 13 12
39 15 6
39 21 1
39 29 9
39 44 3
39 45 3
39 58 5
39 59 10
39 62 2
40 30 2
40 45 5
40 47 10
40 58 5
40 62 7
40 64 4
40 70 7
40 75 4
40 77 5
40 78 12
41 8 2
41 11 9
41 25 8
41 42 5
41 44 9
41 51 10
41 52 3
41 57 2
41 67 5
41 73 7
41 79 5
42 5 11
42 6 4
42 7 7
42 18 2
42 19 2
42 26 4
42 27 11
42 53 5
42 55 5
42 71 1
43 2 11
43 6 9
43 13 1
43 15 5
43 20 10
43 25 1
43 26 1
43 29 6
43 43 7
43 52 11
43 56 2
43 73 5
44 3 9
44 35 11
44 53 3
44 69 1
44 72 11
44 79 8
45 13 7
45 20 5
45 24 2
45 32 8
45 33 3
45 54 12
45 58 6
46 19 12
46 32 9
46 34 5
46 63 8
47 5 12
47 14 3
47 32 9
47 35 11
47 36 1
47 64 10
47 74 7
47 75 4
47 80 12
48 15 11
48 20 7
48 21 12
48 22 8
48 36 1
48 37 7
48 40 5
48 43 4
48 44 2
48 50 10
48 52 7
48 77 6
49 23 4
49 30 8
49 34 12
49 35 1
49 46 1
49 76 1
50 21 9
50 36 9
50 37 7
50 40 11
50 50 10
50 58 6
50 61 8
50 68 4
50 76 3
51 10 7
51 11 3
51 16 7
51 45 10
51 51 1
51 53 7
51 54 10
52 5 11
52 14 8
52 16 5
52 21 6
52 24 5
52 27 12
52 39 7
52 42 7
52 43 9
52 54 10
52 65 7
52 73 5
53 13 6
53 32 10
53 38 12
53 39 6
53 41 5
53 48 11
53 50 6
53 61 3
53 78 1
53 80 6
54 34 5
54 39 4
54 53 10
54 60 11
54 73 11
54 78 1
55 7 4
55 16 6
55 22 8
55 23 10
55 24 10
55 77 1
56 10 7
56 19 7
56 21 12
56 38 2
56 45 10
56 52 2
56 67 11
56 72 12
57 14 5
57 21 4
57 26 7
57 28 9
57 40 9
57 62 9
57 75 8
57 79 4
57 80 10
58 8 9
58 25 1
58 30 6
58 42 6
58 46 6
58 59 11
58 75 1
59 5 9
59 9 4
59 14 5
59 15 12
59 17 3
59 19 5
59 33 1
59 34 10
59 36 8
60 8 10
60 9 2
60 14 6
60 40 11
60 57 10
60 74 3
60 78 8
61 16 5
61 19 1
61 20 4
61 43 6
61 58 3
61 68 10
61 69 4
62 13 4
62 30 11
62 37 6
62 38 7
62 64 2
62 71 6
62 77 10
63 39 9
63 40 4
63 45 8
63 47 3
63 77 8
63 78 4
64 6 3
64 13 11
64 16 3
64 17 3
64 30 6
64 33 2
64 34 1
64 36 12
64 38 4
64 44 9
64 55 11
64 80 6
65 2 3
65 20 8
65 22 12
65 25 5
65 26 12
65 28 11
65 36 4
65 52 6
65 56 7
65 60 11
65 61 4
65 77 1
65 80 1
66 1 12
66 3 6
66 24 5
66 25 6
66 36 7
66 37 7
66 47 8
66 48 11
66 55 1
66 62 1
66 64 5
66 65 8
66 68 1
66 69 10
67 30 5
67 35 7
67 42 9
67 52 2
67 67 3
67 79 5
68 13 12
68 17 3
68 38 5
68 44 12
68 50 5
68 51 9
68 54 11
68 56 1
68 69 6
68 70 2
69 7 10
69 14 10
69 32 11
69 57 3
69 59 12
69 66 9
69 75 8
70 2 5
70 3 1
70 14 8
70 21 9
70 30 6
70 44 10
70 46 7
71 11 6
71 18 9
71 32 6
71 41 8
71 67 7
71 68 9
71 71 11
71 74 10
71 76 1
72 5 5
72 26 11
72 37 4
72 50 9
72 55 11
72 57 4
72 58 1
73 3 5
73 16 7
73 33 2
73 39 9
73 49 3
73 53 5
73 55 3
73 74 7
74 15 2
74 25 2
74 28 12
74 57 11
74 58 1
74 59 6
74 62 7
74 65 6
75 5 3
75 7 6
75 15 6
75 30 10
75 41 4
75 44 10
75 45 5
75 46 4
75 48 3
75 53 11
75 58 2
75 70 4
75 74 10
75 79 12
76 17 12
76 27 3
76 43 5
76 65 7
76 80 6
77 3 4
77 5 5
77 27 5
77 28 2
77 32 8
77 56 4
77 61 6
77 63 2
77 72 9
77 78 4
78 4 10
78 6 9
78 7 1
78 19 11
78 21 10
78 22 7
78 27 5
78 35 5
78 51 9
78 57 8
78 59 7
78 76 7
79 3 3
79 4 7
79 11 10
79 13 3
79 22 6
79 41 9
79 60 2
80 15 9
80 17 11
80 33 10
80 34 12
80 36 2
80 42 9
80 57 2
80 64 6
700
