11 87
90 800
1 8 7
1 35 2
1 42 1
1 50 3
1 61 5
1 70 8
2 8 7
2 15 7
2 16 4
2 39 3
2 40 3
2 47 4
2 51 6
2 72 10
2 77 7
2 90 3
3 29 10
3 34 7
3 41 8
3 56 10
3 58 7
3 79 3
3 87 4
4 6 10
4 25 1
4 31 10
4 34 1
4 40 9
4 44 10
4 55 3
4 58 10
4 63 5
4 65 2
4 71 2
4 86 3
5 8 11
5 19 11
5 48 9
5 72 4
5 76 9
6 16 7
6 18 8
6 21 4
6 30 4
6 40 2
6 48 8
6 49 9
6 50 12
6 58 1
6 60 3
6 69 5
6 73 2
6 74 11
7 1 6
7 16 4
7 32 9
7 39 5
7 61 3
7 71 3
7 75 3
7 83 3
7 90 3
8 2 9
8 13 2
8 21 4
8 26 6
8 36 4
8 41 8
8 65 2
9 27 2
9 28 4
9 30 6
9 32 5
9 44 9
9 50 2
9 83 7
9 84 10
10 23 10
10 27 12
10 37 12
10 61 5
10 68 7
10 70 10
10 74 8
10 78 5
10 83 2
11 5 12
11 6 2
11 20 5
11 21 12
11 24 3
11 28 2
11 34 8
11 49 9
11 51 9
11 52 7
11 59 6
11 72 11
11 80 4
12 1 1
12 7 3
12 24 11
12 27 2
12 30 12
12 38 6
12 59 4
12 77 4
12 82 8
12 88 12
12 89 11
13 1 2
13 11 6
13 13 10
13 14 11
13 26 6
13 31 5
13 39 4
13 76 7
14 5 5
14 30 5
14 38 10
14 41 4
14 44 2
14 46 6
14 50 4
14 60 1
14 64 3
14 75 5
14 85 5
15 18 2
15 21 5
15 68 2
15 73 8
15 76 3
15 84 12
16 18 3
16 31 8
16 34 10
16 46 3
16 73 5
17 7 11
17 14 8
17 19 7
17 51 7
17 74 2
17 80 5
17 90 11
18 2 6
18 15 4
18 19 9
18 23 8
18 37 5
18 49 10
18 58 6
18 60 5
18 83 11
19 7 5
19 10 5
19 23 11
19 31 5
19 33 7
19 43 9
19 44 1
19 60 5
19 64 9
19 65 8
19 80 5
19 90 11
20 25 4
20 37 9
20 39 10
20 41 11
20 43 3
20 44 3
20 48 9
20 60 7
20 61 8
20 76 10
20 79 11
20 81 6
21 4 2
21 7 4
21 9 10
21 21 3
21 25 1
21 45 4
21 79 4
21 86 7
22 5 12
22 15 6
22 23 7
22 24 11
22 66 3
22 69 3
22 71 7
22 73 4
22 78 11
23 4 7
23 8 11
23 10 3
23 27 3
23 31 8
23 38 5
23 40 6
23 48 11
23 54 6
23 67 9
23 78 9
23 88 12
24 31 8
24 39 10
24 54 1
24 66 3
24 76 4
25 3 9
25 5 1
25 26 11
25 29 12
25 34 7
25 35 10
25 51 7
25 56 2
25 71 1
25 73 3
25 81 3
25 90 6
26 10 11
26 56 11
26 78 11
27 3 1
27 4 6
27 20 10
27 33 10
27 37 4
27 47 5
27 54 6
27 78 4
28 3 3
28 5 1
28 7 10
28 8 5
28 29 11
28 57 8
28 72 7
29 5 1
29 14 1
29 17 6
29 20 4
29 50 7
29 61 4
29 64 2
29 78 10
30 2 2
30 12 11
30 20 7
30 25 11
30 35 1
30 44 7
30 52 1
30 74 11
31 3 7
31 8 8
31 17 12
31 18 11
31 25 10
31 29 12
31 32 4
31 39 10
31 46 9
31 49 8
31 62 8
31 75 6
31 85 6
31 86 1
31 87 7
31 88 5
32 37 5
32 47 2
32 64 5
32 71 1
32 73 4
32 74 9
32 89 4
33 8 7
33 20 6
33 26 5
33 33 3
33 34 11
33 49 7
33 50 6
33 55 6
33 88 7
34 6 10
34 33 8
34 37 2
34 49 9
34 60 9
34 76 12
34 78 3
34 81 1
35 1 4
35 6 5
35 21 8
35 26 4
35 36 8
35 56 3
35 64 4
35 84 12
35 86 9
35 90 9
36 3 5
36 33 12
36 37 3
36 40 1
36 44 3
36 56 12
36 67 7
36 76 3
36 77 5
36 78 11
36 90 11
37 7 12
37 22 11
37 26 11
37 46 4
37 48 1
37 49 9
37 57 6
37 74 2
37 79 2
38 17 1
38 20 1
38 56 12
38 60 4
38 70 1
39 3 5
39 8 6
39 10 11
39 18 2
39 27 9
39 28 6
39 37 10
39 61 2
39 85 5
40 9 4
40 24 7
40 34 3
40 41 3
40 51 8
40 57 5
40 70 7
40 86 5
41 1 9
41 17 11
41 20 10
41 42 9
41 62 1
41 74 1
41 86 1
42 3 11
42 10 9
42 16 5
42 38 6
42 41 7
42 50 2
42 73 1
42 76 11
42 82 3
42 89 7
43 4 6
43 15 1
43 19 9
43 28 9
43 29 8
43 31 6
43 37 7
43 41 8
43 44 8
43 46 10
43 47 5
43 58 8
43 65 1
43 70 12
43 81 9
43 82 11
44 11 10
44 14 2
44 17 8
44 34 12
44 35 1
44 39 11
44 70 7
44 78 9
45 16 1
45 18 6
45 36 9
45 50 11
45 52 10
45 72 2
45 90 10
46 1 7
46 6 10
46 12 3
46 23 7
46 26 6
46 36 9
46 37 1
46 49 4
46 63 9
46 66 1
46 79 5
47 2 12
47 7 3
47 12 4
47 31 2
47 41 12
47 51 2
47 57 4
47 61 4
47 67 3
47 69 12
47 70 12
47 72 1
47 76 2
47 89 5
47 90 11
48 2 12
48 3 6
48 20 12
48 46 3
48 59 8
48 71 9
48 76 10
48 85 11
49 26 11
49 32 7
49 34 10
49 45 7
49 55 10
49 57 12
49 58 9
49 61 8
49 64 5
49 66 10
49 72 7
49 82 3
49 86 1
49 87 9
50 1 10
50 28 9
50 33 11
50 35 4
50 41 2
50 43 6
50 53 9
50 61 9
50 74 7
50 77 12
50 79 12
50 84 3
51 9 3
51 11 10
51 21 1
51 22 10
51 32 11
51 37 4
51 44 5
51 48 6
51 53 7
51 57 4
51 58 8
51 69 2
51 72 11
51 81 2
51 82 4
51 83 1
52 16 1
52 42 7
52 51 7
52 54 10
52 58 3
52 62 11
52 79 4
53 8 8
53 18 6
53 20 11
53 25 5
53 58 10
53 66 5
54 27 12
54 38 2
54 42 3
54 46 1
54 55 8
54 59 11
54 71 12
54 77 4
55 11 1
55 17 11
55 43 6
55 63 4
55 66 12
55 78 10
56 12 2
56 51 1
56 66 3
56 87 1
56 88 9
57 11 8
57 22 2
57 37 9
57 39 10
57 58 8
57 69 5
57 71 8
57 72 9
57 76 1
57 86 8
57 87 1
57 88 11
58 21 7
58 31 9
58 36 8
58 41 2
58 46 1
58 53 3
58 64 5
58 74 10
59 1 1
59 5 8
59 23 10
59 27 12
59 30 5
59 53 7
59 60 7
59 86 2
59 89 7
60 1 1
60 11 3
60 18 12
60 24 2
60 30 8
60 37 5
60 39 7
60 62 10
60 65 10
60 75 7
60 85 11
61 18 6
61 21 7
61 41 2
61 88 10
62 3 8
62 8 4
62 35 8
62 52 8
62 76 9
62 83 5
62 86 9
63 8 2
63 16 8
63 32 1
63 36 3
63 40 7
63 45 8
63 46 5
63 66 12
63 68 2
63 87 11
63 90 11
64 8 1
64 9 1
64 11 1
64 24 5
64 30 1
64 38 11
65 11 5
65 12 5
65 43 5
65 46 10
65 57 1
65 77 5
65 81 5
66 12 10
66 15 4
66 22 11
66 36 12
66 41 12
66 42 7
66 68 8
66 70 3
66 77 12
66 78 6
66 82 3
67 20 4
67 63 6
67 69 7
67 74 6
68 1 10
68 21 7
68 26 4
68 30 3
68 37 9
68 54 11
68 62 9
68 64 4
68 82 7
69 22 9
69 56 12
69 65 8
69 79 9
69 80 3
69 84 2
70 1 10
70 14 6
70 43 8
70 47 9
70 52 11
70 53 5
70 56 5
70 58 11
70 62 10
70 69 6
70 86 1
70 89 3
71 11 9
71 19 8
71 24 5
71 29 9
71 44 4
71 52 11
71 55 6
72 3 11
72 35 11
72 49 5
72 50 9
72 53 12
72 56 5
72 61 5
72 68 12
72 70 7
72 77 5
72 87 9
72 88 10
72 89 4
73 25 6
73 30 11
73 36 4
73 50 4
73 55 11
73 58 2
73 71 4
73 73 11
74 10 3
74 11 3
74 19 9
74 22 5
74 49 11
74 57 3
74 76 7
74 82 11
74 87 5
75 13 5
75 14 6
75 28 8
75 34 4
75 52 9
75 65 7
75 66 3
75 72 1
76 3 3
76 24 12
76 41 8
76 44 2
76 54 3
76 56 12
76 64 6
76 69 3
76 80 1
76 86 10
77 7 3
77 10 12
77 12 8
77 16 2
77 29 3
77 30 4
77 34 3
77 37 2
77 41 2
77 67 6
77 69 3
78 2 9
78 4 1
78 8 4
78 11 7
78 32 11
78 36 6
78 43 6
78 64 3
78 65 9
79 28 7
79 55 3
79 63 5
79 69 3
79 86 5
79 88 5
80 2 12
80 7 7
80 12 3
80 15 4
80 27 12
80 45 5
80 68 7
80 76 8
80 80 3
80 83 11
80 87 6
81 5 5
81 10 7
81 18 10
81 21 12
81 43 12
81 51 7
81 52 8
81 53 7
81 78 6
82 20 6
82 31 3
82 48 3
82 67 5
82 89 9
83 6 6
83 10 9
83 13 9
83 17 7
83 28 8
83 33 5
83 43 1
83 69 5
83 70 11
83 79 10
83 80 7
83 83 3
84 11 12
84 17 5
84 33 11
84 38 11
84 61 2
84 62 9
84 65 3
84 86 11
85 2 4
85 4 1
85 12 10
85 14 9
85 17 12
85 24 4
85 48 12
85 54 3
85 60 3
85 62 5
85 90 7
86 2 1
86 3 3
86 5 9
86 17 12
86 19 2
86 20 11
86 36 1
86 50 2
87 59 10
87 61 10
87 69 11
87 79 4
87 86 5
88 9 10
88 25 1
88 30 3
88 34 10
88 43 3
88 51 6
88 53 12
88 56 11
88 73 8
88 74 5
88 77 10
89 13 7
89 14 12
89 15 12
89 21 2
89 24 2
89 27 9
89 78 6
90 4 12
90 5 7
90 7 4
90 16 4
90 22 7
90 38 8
90 52 4
800
