1 68
70 500
1 5 2
1 32 4
2 19 9
2 35 4
2 57 11
2 62 12
2 68 10
3 2 11
3 8 1
3 11 5
3 18 7
3 26 12
3 43 6
3 53 5
3 55 9
3 59 7
3 63 8
3 65 9
4 4 6
4 39 4
4 40 3
4 45 8
4 46 4
4 67 11
4 69 8
5 7 5
5 20 4
5 21 10
5 40 8
5 50 1
5 61 8
6 7 11
6 25 5
6 27 2
6 31 5
6 53 9
7 1 3
7 11 2
7 12 5
7 25 9
7 29 9
7 32 4
7 41 2
7 46 2
7 58 3
7 64 4
8 5 6
8 9 3
8 13 7
8 23 6
8 27 5
8 29 12
8 39 1
8 50 8
9 27 4
9 31 5
9 38 9
9 40 7
9 52 12
9 63 7
9 65 7
10 7 4
10 19 12
10 30 3
10 42 3
10 53 6
10 60 6
11 7 7
11 8 2
11 30 8
11 53 7
11 54 6
11 57 7
11 58 2
11 60 7
11 61 11
12 11 3
12 15 4
12 17 11
12 38 12
13 5 3
13 28 10
13 32 11
13 42 8
13 43 4
13 51 12
13 68 6
14 4 7
14 13 8
14 21 10
14 29 10
14 58 5
14 59 8
14 65 4
14 68 9
15 9 11
15 47 10
15 57 4
15 70 4
16 35 8
16 64 8
16 68 10
17 9 1
17 17 6
17 23 6
17 46 4
17 53 9
17 65 6
18 17 12
18 20 12
18 31 8
18 38 1
18 39 2
18 44 9
18 69 8
18 70 7
19 10 5
19 17 2
19 19 7
19 21 8
19 26 10
19 28 8
19 38 10
19 47 3
19 66 5
19 70 3
20 21 11
20 25 11
20 34 10
20 36 4
20 67 6
20 68 6
21 7 12
21 17 5
21 22 12
21 28 1
21 35 8
21 44 4
21 47 3
21 49 5
21 51 12
22 12 12
22 14 11
22 15 8
22 23 4
22 44 6
22 48 1
22 59 11
22 70 4
23 14 11
23 19 9
23 47 4
23 69 4
23 70 7
24 1 4
24 17 8
24 19 10
24 24 1
24 29 11
24 36 3
24 49 2
24 55 3
24 62 3
24 64 3
24 66 6
25 2 8
25 11 11
25 19 7
25 23 5
25 26 5
25 38 9
25 42 4
25 45 10
25 49 9
26 16 2
26 19 2
26 25 7
26 47 5
26 64 7
27 5 3
27 32 9
27 33 10
27 38 5
27 44 1
27 48 3
27 65 10
28 6 8
28 27 10
28 40 8
28 42 1
28 53 4
28 70 4
29 1 5
29 11 1
29 16 5
29 20 9
29 22 2
29 23 10
29 25 3
29 30 8
29 34 11
29 36 8
29 41 8
29 47 6
30 4 11
30 8 5
30 10 9
30 20 7
30 25 7
30 28 10
30 33 7
30 39 4
30 45 7
31 3 1
31 17 11
31 23 6
31 44 8
31 50 10
31 67 5
32 4 6
32 20 4
32 23 4
32 25 1
32 28 12
32 29 2
32 49 2
33 2 3
33 5 4
33 17 6
33 18 10
33 46 8
33 49 7
33 65 5
33 66 10
33 67 5
34 9 12
34 30 2
34 46 11
34 48 3
34 54 6
35 8 4
35 17 9
35 25 7
35 39 1
35 44 9
35 56 7
35 62 1
36 1 7
36 4 6
36 6 1
36 16 7
36 19 4
36 30 6
36 33 6
36 46 12
36 50 4
36 52 3
36 56 7
37 9 4
37 22 12
37 37 5
37 53 4
37 60 7
38 5 12
38 6 12
38 16 7
38 18 2
38 34 8
38 52 8
38 55 1
39 1 4
39 4 7
39 6 1
39 19 5
39 48 1
39 50 3
39 67 3
40 21 11
40 28 4
40 42 12
40 43 7
40 53 8
40 60 2
40 69 1
41 14 1
41 23 4
41 42 2
41 47 9
41 54 5
41 67 11
42 1 10
42 7 7
42 14 9
42 20 2
42 24 8
42 35 11
42 46 2
42 50 3
43 13 12
43 20 12
43 27 8
43 46 4
43 54 3
43 62 10
43 65 11
43 66 1
43 69 12
43 70 5
44 12 3
44 13 6
44 16 9
44 17 7
44 19 4
44 20 4
44 24 1
44 25 11
44 35 5
44 48 3
44 53 11
45 7 7
45 13 4
45 32 6
45 41 7
45 65 8
46 1 10
46 6 2
46 8 8
46 17 4
46 36 6
46 41 9
46 52 1
46 62 9
47 4 6
47 12 3
47 37 5
47 40 4
47 48 3
47 55 6
47 64 6
48 10 7
48 18 8
48 25 10
48 46 12
48 52 5
48 56 9
49 13 3
49 19 2
49 36 8
49 41 6
49 45 5
49 46 1
49 52 5
49 54 10
49 58 8
49 63 5
50 1 10
50 3 8
50 12 5
50 40 6
50 43 8
50 44 3
50 45 2
50 48 6
50 51 5
50 58 1
51 7 10
51 11 10
51 42 8
51 52 8
51 53 9
51 55 4
51 62 1
52 12 11
52 19 10
52 34 7
52 36 5
52 39 8
52 55 9
52 58 6
53 14 4
53 19 9
53 20 12
53 33 1
53 35 7
53 53 3
53 55 12
53 70 3
54 19 11
54 51 3
54 61 1
54 69 9
55 3 1
55 8 2
55 13 10
55 15 11
55 19 8
55 21 11
55 31 5
55 36 5
55 50 7
56 2 2
56 5 1
56 13 8
56 28 7
56 35 3
56 36 5
56 46 8
56 55 6
56 70 4
57 24 12
57 52 7
57 61 8
57 64 7
57 65 11
58 12 3
58 16 8
58 23 7
58 25 11
58 30 5
58 37 4
58 41 12
59 4 5
59 11 2
59 24 5
59 42 12
59 46 9
59 54 8
59 58 4
59 60 3
60 18 8
60 43 2
60 47 5
60 56 5
60 58 4
61 5 4
61 17 7
61 42 1
61 48 3
61 50 5
61 52 10
61 68 2
62 8 7
62 9 1
62 12 6
62 13 2
62 18 2
62 21 10
62 35 9
62 54 8
63 5 3
63 43 11
63 55 5
63 66 4
64 8 4
64 11 8
64 21 1
64 33 9
64 50 10
64 52 7
64 54 9
65 5 9
65 23 8
65 31 1
65 36 6
65 37 5
65 49 1
65 56 9
65 61 11
66 24 8
66 30 2
66 31 2
66 37 9
66 61 3
66 62 10
66 63 3
67 43 9
67 47 1
68 8 1
68 11 5
68 12 8
68 17 8
68 23 11
68 24 5
68 29 6
68 35 3
68 67 6
69 1 2
69 2 2
69 5 1
69 13 8
69 19 9
69 25 7
69 40 12
69 64 7
70 6 8
70 13 11
70 26 3
70 38 7
70 50 10
70 67 3
500
