1 96
100 139
1 2 10
2 3 10
3 1 10
1 4 8
4 5 8
5 1 8
6 7 10
7 8 10
8 6 10
6 9 8
9 10 8
10 6 8
11 12 10
12 13 10
13 11 10
11 14 8
14 15 8
15 11 8
16 17 10
17 18 10
18 16 10
16 19 8
19 20 8
20 16 8
21 22 10
22 23 10
23 21 10
21 24 8
24 25 8
25 21 8
26 27 10
27 28 10
28 26 10
26 29 8
29 30 8
30 26 8
31 32 10
32 33 10
33 31 10
31 34 8
34 35 8
35 31 8
36 37 10
37 38 10
38 36 10
36 39 8
39 40 8
40 36 8
41 42 10
42 43 10
43 41 10
41 44 8
44 45 8
45 41 8
46 47 10
47 48 10
48 46 10
46 49 8
49 50 8
50 46 8
51 52 10
52 53 10
53 51 10
51 54 8
54 55 8
55 51 8
56 57 10
57 58 10
58 56 10
56 59 8
59 60 8
60 56 8
61 62 5
62 63 5
63 61 5
61 64 5
64 65 5
65 61 5
66 67 5
67 68 5
68 66 5
66 69 5
69 70 5
70 66 5
71 72 5
72 73 5
73 71 5
71 74 5
74 75 5
75 71 5
76 77 5
77 78 5
78 76 5
76 79 5
79 80 5
80 76 5
81 82 5
82 83 5
83 81 5
81 84 5
84 85 5
85 81 5
86 87 5
87 88 5
88 86 5
86 89 5
89 90 5
90 86 5
91 92 5
92 93 5
93 91 5
91 94 5
94 95 5
95 91 5
96 97 5
97 98 5
98 96 5
96 99 5
99 100 5
100 96 5
1 6 2
11 6 2
11 16 2
21 16 2
21 26 2
31 26 2
31 36 2
41 36 2
41 46 2
51 46 2
51 56 2
61 56 2
61 66 2
71 66 2
71 76 2
81 76 2
81 86 2
91 86 2
91 96 2
