1 68
70 300
1 18 11
1 42 10
1 55 5
2 13 7
2 21 5
2 32 5
2 43 10
2 61 6
2 67 11
2 68 4
3 14 2
3 17 7
3 26 5
3 31 4
3 35 10
3 36 3
3 49 8
3 54 3
3 59 6
3 63 5
4 40 1
4 62 1
5 4 1
5 17 9
5 29 7
5 39 3
6 10 1
6 19 2
7 16 1
7 29 5
7 39 4
7 61 6
7 66 11
8 13 11
8 15 3
8 18 9
9 21 9
9 25 4
9 69 8
10 2 4
10 7 12
10 30 9
10 40 1
10 42 7
10 47 7
10 51 1
10 66 7
10 69 11
11 21 3
11 44 7
11 45 6
11 53 12
12 4 10
12 7 9
12 12 4
12 24 10
12 29 11
12 31 5
12 70 5
13 1 12
13 3 1
13 14 11
13 45 12
13 52 1
14 5 9
14 30 4
14 60 5
15 19 9
15 27 12
15 31 1
15 33 1
15 55 5
16 20 5
16 57 8
16 64 5
16 67 2
17 7 7
17 55 6
17 56 3
17 69 8
18 25 1
18 34 9
18 39 11
18 47 11
18 49 1
19 16 7
19 20 12
19 54 4
19 66 10
20 6 8
20 53 3
21 3 5
21 30 5
21 40 10
21 47 9
22 20 8
22 47 7
22 54 8
23 21 8
23 65 11
24 7 7
24 13 1
24 45 11
24 53 6
24 57 5
24 65 8
25 34 2
25 46 3
26 12 10
26 25 2
26 42 3
26 58 11
26 60 2
26 62 5
27 2 10
28 13 12
28 15 8
28 51 6
29 39 6
29 67 5
30 27 3
31 22 6
31 49 3
31 59 11
31 62 6
31 70 2
32 9 11
32 12 6
32 47 2
32 50 12
32 52 12
32 69 12
32 70 1
33 22 5
33 24 11
33 31 12
33 39 5
33 47 12
33 49 10
34 15 8
34 21 2
34 24 1
34 49 2
34 51 11
34 61 9
34 65 2
35 2 4
35 47 2
35 66 9
35 68 11
36 10 12
36 27 4
36 43 4
36 52 2
36 68 10
37 6 10
37 8 6
37 10 7
37 14 3
37 34 1
37 38 2
37 43 1
37 64 9
38 21 4
38 25 11
38 32 7
38 36 2
38 37 10
39 17 6
39 22 5
39 45 11
39 60 5
40 24 1
40 27 12
40 43 5
40 62 6
40 68 4
41 36 4
41 44 6
41 46 12
41 51 7
41 56 1
41 66 5
42 17 7
42 31 12
42 40 10
42 43 11
42 59 1
42 66 11
43 8 8
43 20 8
43 33 1
43 36 1
43 38 8
43 62 1
43 67 4
44 35 7
44 42 3
44 43 3
44 54 8
44 68 9
45 30 10
45 31 12
45 40 4
45 59 7
46 17 8
46 53 9
47 21 5
47 41 6
47 61 12
47 64 12
48 6 11
48 7 2
48 20 10
48 33 3
48 68 4
49 6 1
49 41 3
49 68 2
50 19 7
50 51 5
50 70 5
51 34 12
51 55 3
52 19 7
52 53 10
52 68 8
53 34 12
53 53 5
53 70 4
54 10 9
54 33 12
54 39 8
54 52 9
55 14 2
55 31 3
55 36 10
55 46 7
56 12 10
56 15 4
56 27 8
56 45 1
56 65 6
56 70 10
57 17 9
57 22 5
57 23 12
57 50 7
57 68 6
58 11 3
58 41 8
58 63 6
58 65 3
59 1 5
59 3 12
59 4 7
59 42 8
59 45 10
59 52 12
59 56 2
60 16 10
60 40 7
60 43 2
60 68 3
61 5 12
61 11 6
61 35 7
61 37 10
61 64 10
61 69 2
62 23 10
62 64 6
62 65 8
62 66 7
63 29 6
63 43 2
63 55 3
63 57 6
63 58 8
64 8 1
64 16 4
64 25 4
65 40 6
65 50 7
66 55 5
67 29 8
67 38 8
68 11 1
68 57 6
69 8 1
69 15 6
69 18 7
69 23 2
69 32 12
69 39 3
69 51 5
69 56 7
69 70 9
70 46 12
70 47 12
300
