80
1500
1 4 265
1 5 253
1 7 34
1 10 51
1 11 285
1 12 219
1 14 121
1 21 101
1 22 121
1 23 76
1 24 180
1 25 167
1 31 170
1 34 280
1 35 71
1 36 79
1 39 280
1 40 167
1 41 109
1 42 120
1 45 135
1 47 298
1 53 197
1 55 139
1 56 208
1 57 259
1 60 260
1 61 215
1 63 298
1 64 91
1 65 120
1 66 225
1 68 2
1 69 17
1 73 111
1 75 113
1 77 256
2 3 163
2 5 125
2 6 187
2 7 244
2 9 233
2 10 47
2 11 73
2 12 120
2 13 10
2 14 151
2 15 256
2 16 180
2 18 285
2 21 60
2 22 95
2 23 251
2 25 106
2 26 196
2 27 292
2 30 215
2 32 199
2 33 137
2 35 100
2 39 189
2 44 154
2 45 125
2 48 262
2 49 199
2 50 44
2 52 286
2 53 281
2 54 170
2 56 201
2 57 171
2 58 50
2 62 242
2 63 145
2 64 184
2 68 280
2 75 34
2 79 1
3 6 272
3 8 121
3 13 47
3 15 12
3 17 167
3 20 111
3 21 70
3 23 111
3 26 53
3 27 126
3 31 187
3 32 119
3 34 150
3 35 202
3 36 71
3 38 33
3 43 159
3 44 205
3 47 137
3 53 5
3 54 268
3 55 252
3 57 294
3 58 238
3 59 229
3 60 101
3 62 179
3 63 297
3 65 63
3 66 160
3 67 90
3 68 40
3 75 126
3 79 113
3 80 214
4 6 3
4 7 57
4 8 23
4 9 117
4 15 146
4 17 172
4 18 171
4 21 299
4 22 87
4 24 166
4 27 240
4 30 246
4 32 137
4 38 27
4 39 176
4 40 158
4 41 222
4 45 155
4 46 113
4 47 197
4 50 57
4 53 157
4 54 43
4 56 91
4 58 146
4 59 231
4 60 1
4 64 62
4 65 112
4 67 250
4 68 208
4 70 38
4 73 218
4 74 253
4 77 172
4 78 58
4 80 152
5 6 57
5 8 123
5 10 64
5 14 76
5 15 23
5 17 172
5 18 252
5 23 282
5 25 291
5 26 126
5 28 54
5 29 193
5 34 270
5 37 199
5 38 62
5 40 20
5 42 195
5 44 64
5 45 82
5 46 155
5 47 287
5 48 103
5 50 36
5 55 245
5 56 189
5 58 114
5 59 93
5 60 50
5 61 194
5 62 6
5 63 240
5 64 199
5 66 170
5 67 290
5 68 259
5 72 180
6 11 78
6 12 213
6 13 234
6 15 232
6 16 209
6 17 16
6 19 264
6 20 267
6 24 260
6 26 151
6 27 273
6 30 60
6 32 85
6 33 57
6 38 228
6 41 196
6 42 1
6 43 251
6 46 209
6 48 179
6 49 34
6 51 230
6 53 297
6 56 213
6 59 2
6 64 294
6 68 71
6 69 154
6 70 249
6 73 19
6 76 11
6 77 178
6 78 182
6 79 147
6 80 187
7 8 95
7 11 195
7 12 225
7 13 266
7 14 255
7 16 4
7 20 7
7 22 186
7 24 139
7 26 122
7 29 198
7 31 90
7 32 137
7 34 97
7 37 126
7 41 104
7 43 261
7 44 168
7 45 13
7 46 193
7 53 283
7 56 63
7 57 120
7 59 237
7 61 109
7 64 64
7 65 127
7 66 236
7 69 260
7 70 231
7 71 297
7 73 208
7 74 91
7 78 7
7 79 181
7 80 231
8 9 155
8 10 197
8 12 159
8 14 22
8 16 270
8 21 139
8 22 109
8 23 182
8 24 229
8 25 90
8 30 242
8 32 13
8 33 178
8 36 216
8 39 4
8 42 28
8 43 199
8 45 161
8 47 246
8 49 111
8 52 99
8 54 38
8 55 59
8 56 159
8 58 180
8 59 284
8 60 136
8 63 185
8 64 20
8 65 57
8 69 129
8 71 75
8 72 192
8 73 134
8 74 106
8 75 163
8 76 244
8 78 106
8 79 232
9 10 67
9 18 254
9 21 37
9 22 140
9 23 279
9 24 260
9 25 270
9 28 5
9 29 278
9 31 116
9 32 218
9 33 176
9 34 113
9 35 60
9 43 280
9 44 212
9 45 282
9 47 150
9 49 216
9 50 299
9 51 248
9 52 91
9 53 3
9 55 167
9 58 249
9 62 56
9 65 246
9 66 289
9 68 258
9 72 204
9 73 45
9 78 216
9 79 148
9 80 259
10 11 16
10 13 20
10 15 156
10 18 77
10 19 131
10 20 245
10 21 57
10 27 240
10 30 295
10 31 82
10 33 214
10 34 272
10 36 37
10 37 244
10 40 35
10 41 173
10 43 41
10 44 16
10 45 278
10 46 289
10 47 104
10 48 36
10 52 75
10 56 118
10 58 38
10 59 263
10 60 176
10 63 159
10 64 242
10 65 110
10 69 291
10 70 103
10 72 22
10 74 130
10 77 282
10 80 69
11 12 151
11 14 53
11 16 94
11 17 140
11 18 96
11 21 252
11 22 8
11 23 190
11 27 290
11 29 31
11 31 34
11 32 277
11 34 191
11 35 122
11 37 230
11 38 239
11 39 275
11 45 94
11 51 286
11 53 70
11 54 8
11 55 192
11 56 248
11 58 53
11 59 245
11 60 208
11 62 180
11 64 138
11 65 103
11 66 113
11 68 138
11 69 145
11 74 258
11 77 24
11 78 260
12 14 65
12 15 145
12 17 191
12 19 203
12 22 207
12 25 274
12 26 255
12 27 205
12 29 258
12 30 212
12 31 43
12 32 210
12 35 70
12 36 56
12 38 185
12 40 6
12 44 17
12 45 69
12 49 181
12 50 10
12 54 169
12 55 217
12 56 63
12 58 225
12 60 123
12 63 142
12 64 237
12 65 255
12 66 49
12 67 222
12 69 227
12 70 91
12 74 193
12 76 281
12 78 259
12 79 162
13 15 264
13 16 174
13 17 11
13 18 89
13 20 14
13 24 95
13 25 28
13 30 66
13 33 24
13 34 142
13 36 113
13 38 253
13 42 255
13 44 216
13 45 41
13 48 59
13 49 136
13 53 175
13 54 250
13 56 212
13 60 159
13 63 193
13 66 1
13 68 202
13 72 212
13 73 276
13 74 109
13 78 228
13 79 108
13 80 169
14 15 104
14 17 285
14 18 242
14 19 13
14 21 159
14 22 171
14 24 118
14 25 36
14 26 115
14 28 198
14 30 259
14 33 273
14 34 76
14 35 265
14 36 128
14 41 161
14 43 260
14 47 142
14 48 82
14 50 166
14 51 186
14 53 53
14 54 20
14 55 97
14 57 236
14 59 281
14 61 203
14 62 81
14 65 137
14 66 300
14 68 263
14 71 292
14 72 263
14 74 222
14 78 132
14 79 174
15 19 220
15 20 199
15 24 42
15 25 21
15 26 75
15 30 220
15 32 110
15 34 127
15 36 186
15 40 70
15 41 163
15 43 91
15 45 37
15 47 291
15 48 2
15 49 135
15 52 22
15 54 116
15 55 148
15 59 262
15 61 228
15 63 287
15 65 111
15 67 84
15 72 172
15 74 14
15 76 236
15 79 149
16 17 260
16 23 42
16 29 119
16 30 239
16 33 245
16 35 29
16 36 231
16 39 163
16 41 162
16 42 300
16 43 6
16 49 130
16 52 62
16 53 260
16 59 117
16 60 158
16 64 10
16 65 26
16 66 38
16 67 261
16 68 298
16 70 57
16 72 300
16 74 108
16 75 81
16 77 259
16 78 245
16 79 155
16 80 163
17 19 77
17 21 131
17 22 300
17 24 11
17 25 274
17 26 80
17 27 154
17 30 158
17 32 89
17 35 27
17 38 18
17 39 26
17 40 107
17 42 275
17 43 56
17 45 165
17 48 87
17 52 254
17 53 292
17 54 164
17 55 92
17 56 195
17 58 185
17 60 50
17 62 60
17 63 95
17 64 43
17 65 98
17 66 115
17 67 34
17 68 188
17 69 71
17 70 5
17 75 203
17 76 176
17 79 252
17 80 184
18 26 245
18 29 174
18 30 288
18 31 51
18 32 110
18 33 175
18 34 23
18 36 113
18 39 220
18 40 28
18 41 266
18 45 299
18 46 155
18 52 213
18 53 197
18 55 232
18 58 289
18 63 248
18 65 221
18 66 286
18 69 287
18 70 49
18 72 73
18 75 99
18 76 220
18 77 71
18 78 196
18 79 148
18 80 100
19 22 217
19 23 98
19 25 201
19 26 69
19 27 103
19 28 54
19 35 104
19 36 17
19 38 297
19 40 28
19 43 210
19 47 104
19 50 116
19 51 238
19 54 258
19 55 207
19 57 62
19 59 105
19 65 231
19 68 119
19 69 162
19 70 59
19 71 167
19 73 161
19 80 146
20 23 157
20 28 84
20 29 288
20 32 211
20 38 35
20 39 119
20 41 10
20 52 120
20 53 268
20 57 265
20 58 102
20 59 216
20 62 125
20 63 127
20 66 19
20 68 110
20 74 139
20 75 144
20 76 274
20 79 24
21 22 157
21 23 242
21 24 27
21 26 120
21 28 79
21 29 155
21 32 267
21 33 136
21 38 133
21 40 259
21 43 14
21 44 68
21 46 117
21 47 199
21 48 219
21 50 116
21 51 204
21 52 164
21 53 139
21 56 40
21 58 224
21 59 46
21 60 270
21 63 202
21 64 150
21 65 258
21 67 205
21 68 223
21 70 132
21 72 230
21 74 58
21 75 246
21 78 282
21 80 179
22 23 72
22 26 124
22 29 25
22 30 98
22 31 40
22 32 32
22 35 68
22 38 114
22 40 37
22 41 25
22 47 46
22 49 189
22 52 50
22 59 174
22 60 118
22 64 299
22 70 208
22 75 17
22 78 130
22 79 41
22 80 143
23 27 118
23 29 204
23 32 110
23 35 192
23 36 22
23 39 189
23 41 152
23 47 20
23 48 142
23 51 167
23 52 165
23 53 151
23 55 124
23 58 66
23 59 240
23 65 87
23 66 219
23 69 259
23 71 172
23 76 27
23 77 7
23 79 230
24 31 212
24 32 15
24 35 91
24 37 247
24 38 83
24 40 300
24 41 69
24 43 35
24 45 224
24 46 239
24 48 179
24 51 185
24 52 229
24 53 127
24 55 104
24 57 186
24 58 251
24 64 202
24 65 87
24 67 155
24 68 38
24 71 73
24 72 268
24 76 289
24 79 289
24 80 252
25 29 178
25 32 197
25 33 172
25 34 66
25 38 297
25 41 287
25 43 98
25 44 201
25 48 18
25 50 73
25 51 182
25 59 265
25 63 260
25 64 124
25 68 157
25 69 145
25 70 3
25 72 233
25 73 5
25 75 22
25 77 59
25 78 163
25 79 82
26 29 281
26 30 76
26 35 218
26 38 244
26 43 74
26 44 48
26 46 276
26 47 232
26 49 10
26 51 218
26 54 28
26 55 79
26 58 62
26 59 58
26 60 288
26 63 192
26 65 8
26 66 124
26 67 40
26 69 70
26 71 149
26 73 6
26 75 214
26 76 212
26 79 117
26 80 136
27 28 69
27 29 93
27 31 66
27 33 45
27 34 267
27 36 119
27 38 71
27 40 92
27 42 54
27 44 300
27 45 272
27 46 163
27 47 17
27 48 17
27 51 155
27 56 2
27 57 129
27 60 299
27 63 41
27 66 124
27 67 50
27 70 270
27 73 230
27 78 139
28 31 79
28 32 261
28 33 67
28 35 194
28 36 121
28 39 273
28 41 210
28 42 15
28 45 251
28 48 84
28 49 219
28 50 123
28 52 183
28 53 41
28 55 91
28 58 77
28 59 270
28 60 263
28 62 82
28 64 168
28 67 105
28 68 243
28 69 30
28 71 240
28 72 119
28 74 199
28 77 110
28 78 154
28 79 24
28 80 165
29 31 21
29 33 125
29 35 17
29 37 45
29 38 154
29 39 227
29 42 90
29 43 91
29 44 196
29 45 61
29 47 300
29 49 184
29 50 186
29 52 41
29 53 196
29 54 129
29 57 118
29 59 11
29 61 208
29 63 221
29 64 204
29 65 183
29 67 292
29 69 294
29 71 112
29 72 75
29 74 18
29 75 41
29 76 32
29 77 212
29 78 180
30 36 283
30 38 287
30 41 283
30 42 254
30 45 221
30 46 158
30 49 210
30 50 96
30 51 63
30 54 109
30 55 33
30 56 214
30 58 111
30 61 164
30 66 121
30 67 141
30 72 29
30 74 52
30 76 245
30 78 15
30 79 128
31 32 144
31 33 145
31 34 78
31 36 180
31 37 145
31 39 184
31 41 107
31 42 5
31 43 89
31 46 92
31 50 118
31 51 188
31 54 107
31 56 170
31 57 210
31 58 107
31 61 142
31 63 189
31 65 17
31 66 236
31 67 92
31 68 180
31 71 115
31 74 219
31 75 94
31 79 195
31 80 184
32 34 61
32 36 279
32 41 242
32 44 202
32 46 35
32 50 132
32 51 231
32 59 254
32 64 276
32 66 16
32 68 176
32 70 252
32 71 47
32 73 287
32 76 150
32 78 270
32 79 72
32 80 45
33 34 18
33 35 183
33 41 264
33 45 24
33 48 184
33 49 223
33 50 223
33 55 210
33 56 38
33 57 56
33 61 222
33 62 57
33 63 41
33 66 127
33 68 263
33 70 219
33 71 204
33 72 17
33 77 45
33 79 129
34 37 177
34 39 56
34 40 92
34 41 39
34 44 192
34 45 37
34 46 23
34 48 79
34 49 130
34 51 84
34 55 166
34 59 108
34 61 112
34 63 70
34 64 192
34 68 21
34 69 81
34 71 258
34 74 135
34 77 240
35 38 91
35 39 90
35 41 109
35 45 215
35 48 145
35 51 155
35 52 140
35 55 90
35 59 234
35 62 125
35 63 226
35 64 226
35 68 4
35 73 38
35 74 258
35 75 5
35 77 217
35 79 174
36 38 257
36 48 268
36 49 159
36 51 34
36 54 223
36 55 152
36 56 151
36 58 174
36 59 6
36 61 22
36 62 72
36 63 196
36 64 131
36 67 45
36 68 88
36 75 115
36 76 99
36 77 224
36 80 219
37 38 153
37 39 280
37 43 157
37 46 21
37 47 17
37 52 289
37 55 141
37 58 223
37 60 146
37 63 121
37 65 73
37 67 300
37 68 63
37 70 273
37 71 4
37 74 103
37 77 30
38 39 125
38 42 247
38 45 74
38 47 123
38 48 58
38 50 137
38 51 92
38 52 167
38 53 212
38 54 172
38 56 117
38 58 184
38 60 268
38 62 23
38 65 177
38 68 123
38 70 234
38 71 233
38 72 186
38 73 254
38 74 287
38 75 287
38 76 141
39 41 97
39 42 95
39 44 181
39 45 97
39 46 204
39 48 54
39 50 91
39 51 277
39 52 17
39 55 276
39 58 194
39 61 296
39 63 285
39 64 117
39 65 16
39 66 257
39 67 133
39 68 296
39 69 110
39 76 207
39 77 199
39 78 77
39 79 185
39 80 162
40 44 31
40 56 106
40 57 273
40 59 184
40 60 279
40 61 286
40 64 295
40 65 58
40 66 216
40 68 298
40 72 182
40 73 111
40 74 196
40 75 165
40 76 94
40 77 41
41 42 105
41 43 187
41 45 191
41 50 249
41 51 241
41 52 219
41 53 84
41 56 264
41 57 164
41 60 74
41 61 288
41 62 291
41 67 219
41 71 228
41 72 192
41 75 169
41 78 195
41 79 293
42 43 123
42 44 284
42 45 283
42 46 179
42 47 288
42 48 88
42 50 234
42 53 35
42 62 133
42 65 196
42 66 206
42 67 24
42 68 274
42 73 109
42 75 78
42 77 92
42 79 157
42 80 99
43 44 102
43 47 114
43 48 266
43 51 159
43 52 228
43 56 114
43 59 19
43 60 258
43 62 223
43 66 133
43 67 287
43 73 44
43 79 25
44 45 215
44 46 211
44 47 207
44 51 20
44 52 181
44 53 49
44 54 85
44 55 241
44 56 19
44 58 101
44 60 29
44 64 55
44 73 194
44 74 130
44 76 51
44 77 226
44 79 102
44 80 17
45 48 200
45 52 150
45 57 53
45 62 191
45 63 50
45 64 253
45 65 32
45 68 280
45 70 34
45 71 149
45 73 281
45 79 88
46 49 8
46 53 98
46 56 292
46 58 266
46 59 281
46 63 39
46 65 248
46 66 300
46 67 175
46 68 139
46 70 44
46 76 114
46 77 206
46 80 105
47 51 3
47 53 125
47 54 157
47 55 263
47 57 130
47 58 241
47 60 290
47 61 225
47 62 76
47 64 248
47 65 178
47 70 281
47 71 108
47 73 91
47 74 137
47 77 80
47 79 139
48 49 157
48 50 53
48 51 240
48 52 16
48 53 221
48 56 35
48 58 160
48 59 254
48 63 200
48 64 194
48 67 167
48 68 298
48 70 295
48 71 66
48 79 11
48 80 278
49 50 256
49 52 283
49 53 110
49 56 140
49 57 93
49 59 34
49 62 246
49 67 72
49 69 164
49 70 96
49 73 101
49 74 211
49 75 154
49 77 171
49 78 131
49 79 19
50 54 116
50 55 173
50 65 262
50 66 48
50 71 176
50 73 83
50 74 298
50 75 82
50 80 122
51 52 15
51 56 92
51 57 150
51 58 256
51 60 163
51 63 231
51 64 191
51 65 77
51 66 300
51 68 31
51 69 218
51 77 85
52 54 166
52 59 7
52 66 258
52 67 209
52 68 96
52 69 215
52 71 52
52 73 188
52 74 272
52 75 77
52 77 19
53 55 183
53 57 32
53 58 181
53 62 107
53 63 127
53 64 46
53 65 213
53 67 267
53 68 213
53 70 42
53 71 118
53 76 107
53 77 237
54 55 39
54 56 92
54 59 6
54 61 137
54 62 15
54 63 280
54 64 96
54 65 279
54 68 169
54 71 84
54 72 178
54 73 103
54 77 103
54 78 194
54 79 278
54 80 181
55 59 58
55 60 231
55 61 95
55 63 64
55 64 168
55 65 144
55 66 46
55 69 64
55 72 163
55 73 94
55 77 158
55 79 169
56 61 76
56 64 131
56 66 117
56 67 207
56 71 285
57 61 179
57 62 184
57 64 64
57 65 119
57 66 154
57 68 167
57 69 256
57 70 143
57 74 277
57 77 221
57 78 123
57 80 34
58 59 96
58 60 3
58 61 19
58 63 292
58 66 72
58 68 140
58 70 137
58 74 79
58 76 293
58 77 188
59 63 198
59 65 103
59 66 44
59 68 169
59 70 63
59 72 108
59 75 200
59 78 68
60 62 126
60 63 90
60 64 201
60 65 13
60 67 125
60 68 233
60 69 153
60 70 298
60 71 300
60 76 214
60 78 169
60 79 182
60 80 124
61 62 17
61 63 123
61 66 62
61 67 258
61 69 13
61 70 68
61 72 210
61 74 296
61 75 134
62 64 145
62 65 36
62 66 151
62 67 150
62 68 27
62 69 37
62 71 252
62 72 293
62 75 175
62 78 206
62 79 296
63 64 14
63 65 43
63 66 134
63 68 131
63 70 286
63 71 19
63 72 194
63 73 10
63 75 92
63 76 225
63 79 221
63 80 175
64 68 269
64 69 42
64 70 182
64 72 130
64 73 67
64 75 271
64 76 266
64 78 275
64 79 73
64 80 92
65 66 299
65 68 54
65 71 107
65 72 250
65 73 147
65 74 140
65 78 140
65 80 227
66 72 161
66 75 283
66 76 184
66 79 17
66 80 257
67 68 45
67 69 288
67 76 69
67 79 230
67 80 207
68 69 231
68 71 184
68 72 145
68 74 223
68 75 237
68 78 157
68 79 267
69 71 209
69 73 32
69 74 213
69 76 274
69 77 92
69 80 63
70 77 220
70 78 289
70 79 128
70 80 290
71 72 208
71 76 238
71 77 191
71 79 157
72 73 239
72 74 282
72 76 120
72 77 49
72 78 191
72 79 105
72 80 110
73 74 289
73 75 2
73 76 151
73 77 91
73 79 145
73 80 158
74 75 190
74 77 16
74 78 124
75 76 290
75 77 198
75 78 103
75 79 25
76 77 44
76 78 268
77 78 70
78 79 128
78 80 11
