100
3000
1 6 52
1 10 34
1 11 25
1 14 45
1 15 36
1 19 91
1 21 17
1 22 75
1 23 75
1 24 57
1 25 90
1 28 26
1 29 5
1 30 84
1 31 50
1 33 29
1 35 59
1 36 36
1 37 29
1 38 76
1 39 85
1 41 54
1 43 41
1 45 10
1 46 16
1 47 90
1 50 20
1 51 19
1 52 9
1 53 22
1 54 55
1 56 91
1 57 74
1 58 31
1 60 95
1 61 60
1 62 49
1 63 25
1 64 13
1 65 67
1 66 52
1 69 100
1 70 33
1 71 4
1 74 66
1 75 4
1 78 24
1 79 22
1 82 84
1 83 45
1 88 47
1 89 38
1 90 10
1 91 57
1 94 77
1 95 64
1 96 2
1 98 66
1 100 36
2 3 7
2 5 29
2 6 29
2 10 29
2 11 61
2 13 23
2 14 83
2 15 42
2 16 95
2 17 52
2 18 65
2 19 80
2 20 70
2 21 67
2 22 20
2 23 35
2 24 59
2 25 80
2 26 41
2 28 46
2 30 100
2 32 87
2 34 11
2 37 82
2 39 2
2 40 76
2 41 42
2 42 79
2 43 50
2 48 4
2 49 83
2 50 32
2 52 39
2 54 43
2 55 3
2 58 44
2 59 38
2 60 42
2 62 53
2 63 80
2 64 48
2 66 64
2 67 33
2 71 43
2 72 80
2 76 91
2 79 27
2 80 75
2 81 50
2 82 36
2 83 100
2 84 84
2 85 55
2 86 97
2 87 14
2 88 24
2 90 43
2 92 52
2 93 54
2 94 30
2 96 18
2 98 23
2 99 99
2 100 4
3 4 24
3 5 89
3 7 33
3 9 97
3 10 63
3 11 64
3 14 11
3 15 47
3 16 19
3 18 100
3 19 93
3 20 52
3 21 68
3 22 67
3 23 65
3 25 46
3 27 79
3 29 56
3 31 61
3 35 62
3 37 75
3 39 60
3 40 36
3 41 27
3 43 28
3 46 73
3 47 19
3 49 39
3 51 9
3 52 41
3 53 99
3 54 79
3 56 42
3 57 14
3 58 70
3 59 72
3 60 43
3 61 37
3 62 54
3 63 37
3 64 29
3 66 14
3 67 20
3 68 75
3 70 89
3 71 4
3 78 45
3 79 79
3 84 11
3 85 37
3 86 82
3 87 88
3 88 67
3 89 75
3 90 33
3 91 90
3 92 61
3 94 17
3 96 86
3 98 92
3 99 39
4 5 64
4 6 1
4 7 33
4 8 53
4 9 56
4 10 12
4 11 96
4 15 36
4 17 11
4 19 30
4 21 24
4 22 97
4 23 40
4 27 80
4 28 100
4 30 18
4 32 97
4 33 82
4 35 34
4 37 99
4 38 89
4 40 81
4 42 35
4 43 43
4 45 58
4 46 89
4 47 9
4 48 85
4 51 61
4 52 45
4 53 39
4 54 85
4 55 62
4 56 85
4 57 24
4 58 36
4 59 86
4 60 35
4 62 21
4 63 29
4 64 82
4 66 65
4 67 73
4 68 13
4 71 5
4 74 33
4 75 49
4 76 20
4 81 57
4 82 54
4 83 48
4 84 72
4 85 38
4 89 61
4 92 74
4 93 77
4 95 39
4 97 24
4 99 84
4 100 69
5 8 44
5 9 23
5 12 91
5 13 17
5 14 9
5 15 80
5 16 60
5 19 69
5 20 72
5 21 1
5 22 40
5 24 85
5 26 50
5 27 49
5 29 99
5 32 31
5 33 36
5 34 84
5 36 82
5 40 23
5 43 45
5 47 4
5 48 55
5 50 42
5 53 57
5 54 89
5 56 37
5 57 79
5 58 39
5 61 41
5 63 79
5 65 65
5 67 21
5 72 50
5 73 32
5 76 18
5 78 21
5 79 74
5 80 20
5 81 75
5 84 53
5 86 15
5 87 63
5 88 71
5 89 39
5 90 95
5 91 49
5 92 95
5 93 94
5 94 69
5 96 61
5 97 65
6 8 76
6 10 87
6 12 6
6 13 100
6 14 13
6 16 51
6 17 59
6 18 90
6 19 92
6 20 75
6 22 37
6 23 51
6 25 20
6 27 51
6 28 25
6 29 68
6 32 11
6 33 44
6 34 65
6 35 13
6 43 100
6 44 70
6 45 78
6 47 85
6 50 23
6 53 26
6 55 77
6 57 42
6 58 46
6 59 28
6 60 58
6 61 33
6 62 38
6 63 62
6 64 48
6 65 50
6 66 34
6 67 78
6 68 13
6 69 32
6 70 55
6 71 91
6 72 48
6 76 37
6 77 27
6 78 85
6 79 67
6 82 84
6 83 41
6 84 28
6 86 18
6 91 92
6 94 66
6 95 33
6 96 7
6 97 60
6 99 69
7 9 64
7 10 30
7 11 57
7 12 71
7 13 80
7 14 11
7 15 20
7 17 13
7 18 82
7 19 15
7 20 5
7 21 32
7 22 3
7 23 32
7 24 75
7 25 89
7 27 78
7 28 14
7 29 52
7 33 28
7 35 97
7 36 70
7 39 54
7 40 60
7 41 13
7 43 25
7 44 96
7 46 65
7 47 23
7 50 53
7 51 93
7 52 15
7 53 84
7 54 99
7 55 91
7 57 29
7 58 99
7 59 11
7 60 13
7 61 38
7 62 11
7 65 65
7 66 68
7 67 6
7 68 90
7 69 98
7 71 2
7 72 27
7 74 55
7 75 29
7 77 18
7 78 57
7 79 51
7 80 44
7 81 44
7 88 53
7 92 1
7 94 26
7 98 43
7 99 96
8 10 56
8 16 49
8 17 45
8 20 80
8 21 76
8 22 97
8 23 21
8 24 65
8 26 26
8 27 32
8 28 9
8 29 30
8 30 9
8 31 99
8 32 60
8 35 9
8 36 71
8 37 42
8 38 78
8 39 57
8 40 29
8 41 84
8 42 50
8 43 50
8 44 77
8 45 9
8 46 22
8 47 61
8 51 15
8 52 85
8 54 90
8 56 56
8 57 73
8 59 89
8 60 22
8 61 18
8 62 68
8 63 45
8 64 61
8 65 92
8 69 30
8 70 66
8 74 33
8 75 69
8 76 12
8 77 32
8 80 80
8 82 98
8 84 33
8 85 95
8 87 52
8 88 91
8 89 2
8 90 59
8 91 42
8 94 6
8 95 99
8 97 6
8 99 41
8 100 65
9 11 85
9 15 68
9 16 13
9 18 56
9 19 81
9 21 43
9 24 41
9 26 22
9 27 39
9 29 53
9 30 60
9 31 98
9 35 22
9 36 34
9 37 14
9 41 54
9 42 9
9 43 88
9 44 49
9 45 93
9 48 14
9 50 33
9 51 62
9 53 74
9 56 89
9 57 20
9 60 28
9 62 1
9 63 98
9 64 56
9 65 96
9 67 90
9 68 35
9 73 92
9 74 32
9 76 29
9 78 64
9 79 85
9 81 60
9 83 35
9 85 11
9 86 16
9 89 8
9 90 84
9 91 8
9 93 57
9 94 12
9 97 26
9 98 42
9 99 50
9 100 20
10 19 63
10 20 20
10 21 28
10 22 94
10 23 12
10 24 34
10 26 95
10 27 9
10 28 91
10 29 47
10 30 96
10 33 51
10 35 100
10 36 56
10 37 32
10 39 28
10 41 17
10 42 80
10 43 43
10 44 11
10 45 66
10 47 47
10 49 68
10 52 73
10 53 52
10 55 46
10 57 55
10 58 75
10 60 56
10 61 12
10 62 19
10 63 74
10 64 62
10 65 29
10 66 89
10 67 86
10 68 25
10 72 35
10 75 43
10 76 37
10 78 89
10 79 36
10 80 89
10 81 36
10 85 31
10 86 67
10 87 53
10 89 66
10 90 45
10 91 31
10 92 39
10 93 58
10 96 99
10 98 98
11 14 98
11 16 51
11 17 82
11 19 10
11 20 70
11 24 72
11 26 28
11 27 2
11 30 41
11 31 25
11 32 66
11 34 76
11 35 17
11 36 35
11 38 38
11 46 16
11 48 24
11 49 30
11 50 71
11 52 12
11 54 33
11 56 7
11 58 39
11 60 14
11 61 33
11 62 19
11 66 62
11 68 41
11 69 64
11 70 31
11 72 44
11 74 78
11 75 60
11 76 65
11 77 11
11 78 42
11 80 50
11 81 75
11 83 95
11 84 68
11 87 53
11 88 22
11 90 33
11 91 39
11 92 94
11 93 44
11 94 34
11 96 9
11 97 43
11 98 41
11 99 42
11 100 72
12 14 92
12 15 28
12 17 73
12 18 90
12 19 24
12 20 31
12 23 17
12 26 73
12 27 34
12 28 35
12 30 18
12 31 16
12 33 26
12 38 10
12 39 83
12 41 26
12 42 8
12 43 21
12 44 3
12 45 6
12 47 34
12 48 65
12 50 5
12 51 13
12 52 33
12 55 13
12 56 15
12 60 57
12 61 34
12 63 58
12 68 46
12 69 81
12 71 29
12 73 39
12 74 46
12 75 79
12 76 4
12 79 48
12 80 91
12 81 14
12 82 6
12 83 43
12 84 76
12 86 56
12 87 22
12 88 93
12 89 57
12 90 44
12 95 4
12 96 92
12 97 46
12 98 48
12 99 14
12 100 17
13 15 31
13 19 59
13 20 39
13 21 1
13 22 88
13 23 75
13 24 96
13 26 23
13 27 63
13 29 17
13 30 1
13 32 38
13 33 14
13 34 41
13 35 51
13 36 55
13 38 64
13 39 99
13 40 4
13 45 52
13 47 49
13 48 27
13 49 31
13 52 33
13 55 29
13 56 58
13 58 60
13 60 48
13 61 93
13 65 71
13 67 79
13 68 4
13 69 71
13 70 19
13 71 50
13 72 26
13 75 50
13 76 42
13 77 28
13 78 36
13 79 78
13 80 73
13 83 2
13 84 82
13 86 52
13 87 12
13 89 34
13 90 29
13 92 76
13 93 20
13 94 12
13 96 82
13 97 59
13 98 66
13 99 55
13 100 13
14 15 66
14 17 70
14 18 78
14 19 3
14 21 8
14 23 36
14 24 58
14 29 86
14 31 96
14 33 20
14 35 51
14 36 8
14 39 47
14 42 61
14 46 43
14 48 20
14 49 35
14 50 13
14 51 14
14 52 98
14 55 30
14 56 63
14 57 45
14 58 74
14 59 69
14 60 89
14 61 84
14 62 65
14 63 72
14 64 97
14 67 70
14 68 61
14 69 53
14 73 38
14 76 79
14 79 12
14 80 25
14 81 91
14 82 66
14 86 66
14 87 72
14 88 60
14 90 8
14 91 17
14 92 33
14 93 71
14 94 15
14 95 87
14 98 91
14 99 97
14 100 46
15 16 61
15 17 10
15 19 65
15 20 7
15 21 94
15 22 99
15 23 71
15 24 28
15 25 88
15 26 11
15 27 62
15 28 73
15 29 10
15 30 44
15 32 48
15 42 80
15 45 58
15 48 46
15 49 38
15 50 10
15 52 39
15 55 17
15 58 92
15 60 85
15 61 35
15 64 15
15 65 83
15 66 4
15 76 87
15 78 70
15 79 16
15 80 89
15 81 13
15 82 46
15 83 6
15 84 61
15 86 48
15 87 99
15 88 51
15 89 63
15 91 28
15 93 19
15 94 39
15 95 60
15 98 2
15 99 58
16 17 48
16 18 57
16 20 76
16 21 57
16 22 23
16 24 13
16 25 10
16 26 65
16 27 22
16 28 11
16 30 75
16 31 29
16 34 8
16 36 87
16 38 25
16 39 47
16 40 93
16 42 88
16 43 82
16 44 32
16 45 98
16 46 55
16 47 97
16 52 83
16 53 16
16 54 23
16 55 18
16 56 20
16 57 21
16 59 83
16 60 73
16 63 87
16 64 26
16 65 96
16 67 71
16 68 67
16 69 14
16 71 33
16 72 4
16 73 95
16 75 62
16 76 11
16 77 56
16 78 81
16 79 30
16 80 21
16 81 25
16 82 27
16 84 81
16 86 89
16 87 24
16 88 82
16 92 24
16 93 90
16 96 9
16 97 39
16 98 28
16 99 49
17 18 96
17 19 46
17 20 22
17 22 5
17 24 66
17 26 80
17 27 81
17 29 53
17 30 13
17 31 16
17 37 60
17 39 55
17 41 73
17 43 18
17 46 14
17 47 33
17 48 17
17 51 50
17 52 59
17 53 35
17 54 14
17 56 9
17 58 62
17 59 62
17 62 22
17 63 57
17 64 79
17 65 11
17 66 42
17 69 41
17 71 20
17 72 65
17 73 54
17 74 17
17 76 69
17 77 96
17 78 8
17 79 79
17 81 10
17 82 67
17 83 53
17 84 71
17 85 8
17 86 73
17 90 52
17 91 99
17 92 6
17 95 77
17 96 54
17 98 84
18 20 31
18 22 8
18 23 73
18 25 29
18 26 91
18 27 24
18 29 25
18 32 23
18 33 83
18 36 80
18 37 18
18 38 48
18 41 68
18 42 89
18 45 16
18 47 46
18 48 91
18 49 75
18 50 15
18 53 36
18 54 20
18 56 82
18 58 64
18 59 18
18 60 64
18 62 46
18 63 57
18 64 20
18 65 83
18 66 11
18 67 71
18 69 9
18 72 39
18 73 59
18 76 99
18 77 79
18 78 73
18 79 16
18 81 55
18 82 79
18 83 15
18 84 51
18 85 94
18 86 72
18 88 20
18 90 87
18 91 51
18 94 27
18 96 99
18 97 3
18 98 78
18 99 34
18 100 11
19 21 82
19 23 24
19 26 51
19 27 92
19 29 86
19 31 81
19 32 7
19 35 36
19 36 23
19 37 63
19 42 68
19 44 47
19 48 56
19 50 18
19 52 17
19 53 60
19 54 11
19 55 18
19 56 17
19 57 82
19 59 11
19 61 66
19 63 15
19 64 1
19 65 97
19 67 59
19 69 54
19 70 92
19 71 6
19 72 42
19 73 68
19 74 95
19 75 29
19 78 71
19 79 16
19 80 19
19 82 73
19 83 90
19 85 97
19 86 73
19 87 10
19 88 61
19 91 18
19 92 2
19 93 15
19 94 78
19 95 5
19 97 93
19 98 48
19 100 34
20 21 66
20 23 9
20 25 67
20 29 28
20 30 45
20 32 34
20 33 66
20 34 53
20 35 50
20 36 77
20 37 60
20 38 68
20 39 28
20 41 98
20 42 69
20 43 44
20 44 27
20 45 18
20 48 18
20 50 94
20 52 21
20 54 32
20 57 13
20 61 97
20 64 64
20 65 79
20 67 82
20 68 17
20 70 58
20 72 80
20 73 55
20 76 65
20 78 55
20 79 60
20 80 2
20 82 99
20 83 48
20 84 16
20 89 88
20 90 43
20 91 82
20 93 88
20 95 40
20 100 93
21 22 31
21 24 15
21 27 8
21 28 1
21 30 95
21 31 49
21 32 54
21 34 88
21 35 21
21 36 88
21 37 40
21 41 100
21 42 62
21 44 63
21 45 4
21 46 35
21 47 43
21 49 48
21 50 1
21 52 6
21 54 8
21 55 25
21 56 74
21 57 82
21 58 40
21 59 35
21 60 100
21 61 10
21 62 25
21 64 96
21 65 23
21 67 2
21 68 62
21 69 16
21 71 65
21 72 96
21 73 28
21 78 20
21 80 40
21 81 4
21 82 96
21 83 66
21 85 32
21 87 33
21 88 36
21 89 12
21 96 46
21 98 80
22 23 58
22 27 55
22 29 60
22 30 6
22 33 60
22 34 52
22 35 65
22 36 96
22 37 87
22 38 9
22 40 78
22 41 40
22 42 28
22 43 54
22 44 41
22 45 48
22 46 72
22 48 48
22 49 85
22 51 57
22 52 83
22 53 97
22 55 63
22 57 91
22 61 49
22 62 7
22 63 40
22 64 38
22 65 88
22 66 72
22 67 41
22 68 98
22 69 87
22 71 63
22 73 86
22 74 39
22 75 14
22 76 66
22 77 31
22 78 94
22 79 5
22 85 92
22 86 72
22 87 67
22 89 87
22 90 41
22 91 11
22 93 2
22 98 48
23 25 7
23 26 20
23 27 9
23 29 57
23 32 93
23 34 43
23 35 45
23 37 9
23 38 12
23 39 94
23 41 42
23 42 56
23 43 98
23 45 100
23 46 43
23 47 61
23 48 40
23 49 36
23 51 97
23 52 25
23 54 82
23 55 12
23 56 99
23 58 93
23 59 80
23 60 38
23 61 76
23 63 82
23 67 59
23 68 49
23 70 68
23 71 14
23 75 78
23 76 81
23 77 33
23 78 21
23 81 53
23 85 83
23 86 23
23 87 55
23 89 18
23 91 22
23 92 53
23 93 32
23 94 23
23 95 54
23 97 33
23 98 71
23 99 96
23 100 90
24 26 13
24 28 55
24 30 50
24 31 86
24 34 40
24 35 64
24 36 18
24 37 5
24 40 15
24 41 78
24 42 34
24 43 4
24 44 99
24 46 49
24 47 17
24 48 42
24 52 97
24 54 32
24 55 80
24 56 47
24 57 45
24 60 2
24 62 77
24 63 59
24 65 57
24 66 91
24 68 73
24 71 81
24 72 82
24 74 43
24 75 14
24 77 82
24 78 77
24 80 89
24 81 48
24 82 38
24 83 45
24 84 70
24 85 87
24 87 60
24 88 86
24 89 90
24 90 30
24 92 8
24 95 68
24 97 21
24 98 72
25 28 66
25 29 44
25 31 89
25 33 3
25 34 65
25 35 46
25 36 55
25 37 68
25 43 53
25 44 36
25 45 75
25 46 44
25 47 28
25 48 97
25 49 60
25 50 46
25 51 71
25 53 89
25 56 47
25 57 93
25 58 96
25 60 63
25 63 64
25 65 31
25 67 23
25 68 29
25 72 13
25 73 15
25 74 85
25 75 35
25 76 95
25 78 59
25 79 69
25 81 80
25 82 23
25 84 40
25 86 20
25 87 51
25 89 95
25 90 31
25 92 28
25 93 12
25 96 46
25 97 72
25 98 79
26 28 76
26 30 2
26 31 84
26 33 100
26 35 56
26 38 60
26 39 65
26 40 97
26 41 84
26 42 87
26 44 29
26 45 59
26 47 63
26 49 67
26 50 32
26 52 20
26 54 68
26 57 27
26 58 84
26 64 84
26 65 90
26 68 69
26 69 66
26 70 45
26 72 84
26 73 98
26 76 20
26 77 24
26 80 44
26 82 23
26 85 82
26 87 58
26 89 42
26 91 52
26 92 37
26 93 79
26 95 79
26 96 5
26 97 25
26 98 87
26 99 46
26 100 44
27 28 7
27 30 69
27 31 90
27 32 20
27 35 43
27 36 47
27 37 69
27 38 74
27 39 6
27 40 12
27 41 28
27 42 60
27 43 44
27 44 77
27 45 60
27 51 57
27 53 87
27 54 96
27 55 86
27 56 99
27 59 51
27 61 35
27 62 68
27 63 89
27 64 91
27 65 36
27 66 41
27 67 12
27 68 7
27 73 91
27 74 56
27 77 69
27 78 17
27 82 17
27 85 13
27 86 13
27 88 42
27 89 65
27 91 64
27 92 73
27 93 62
27 96 73
27 97 14
27 98 75
28 29 9
28 33 60
28 34 10
28 36 72
28 38 87
28 39 96
28 40 69
28 41 90
28 42 39
28 43 95
28 46 43
28 48 63
28 49 47
28 50 48
28 51 5
28 52 33
28 53 72
28 55 73
28 56 39
28 57 96
28 58 46
28 59 38
28 61 34
28 63 96
28 64 12
28 66 76
28 67 60
28 68 94
28 70 85
28 71 66
28 72 97
28 73 24
28 75 11
28 77 27
28 78 76
28 79 58
28 80 48
28 83 80
28 85 73
28 86 83
28 87 54
28 88 57
28 93 94
28 94 59
28 96 100
28 97 86
28 100 47
29 30 65
29 32 8
29 34 90
29 35 82
29 36 31
29 37 67
29 39 54
29 40 23
29 41 21
29 42 52
29 43 89
29 45 1
29 46 98
29 47 71
29 48 5
29 50 63
29 51 8
29 52 43
29 53 26
29 54 49
29 57 46
29 59 70
29 60 72
29 61 5
29 62 4
29 63 88
29 66 69
29 68 17
29 70 13
29 71 66
29 72 90
29 73 27
29 76 69
29 83 86
29 84 33
29 86 13
29 90 32
29 91 31
29 94 22
29 96 32
29 97 84
29 100 46
30 31 60
30 32 31
30 33 36
30 36 8
30 38 12
30 39 43
30 40 93
30 41 18
30 43 10
30 44 54
30 46 14
30 51 10
30 52 74
30 54 26
30 55 77
30 56 7
30 57 51
30 58 51
30 59 8
30 60 97
30 61 90
30 62 16
30 65 78
30 66 7
30 67 94
30 68 100
30 70 64
30 71 60
30 72 9
30 73 7
30 74 75
30 75 38
30 78 42
30 79 18
30 80 74
30 82 47
30 86 14
30 89 7
30 90 67
30 93 60
30 95 97
30 97 89
30 98 38
30 99 44
30 100 55
31 34 75
31 36 44
31 37 59
31 38 65
31 42 50
31 44 98
31 45 97
31 46 59
31 47 8
31 49 33
31 50 38
31 52 55
31 53 76
31 54 41
31 56 96
31 57 84
31 58 3
31 59 59
31 60 89
31 61 4
31 63 19
31 64 24
31 66 48
31 67 60
31 68 55
31 69 37
31 71 80
31 72 70
31 73 45
31 75 55
31 76 84
31 77 37
31 80 65
31 84 60
31 86 58
31 87 97
31 90 89
31 91 94
31 93 63
31 94 34
31 96 84
31 98 95
31 100 95
32 33 66
32 36 73
32 37 64
32 38 98
32 40 97
32 43 39
32 44 97
32 47 42
32 48 63
32 50 5
32 51 56
32 52 18
32 54 77
32 56 51
32 58 14
32 60 74
32 61 38
32 63 13
32 68 31
32 70 26
32 71 90
32 72 1
32 73 28
32 75 41
32 76 90
32 79 45
32 83 4
32 84 86
32 85 86
32 86 23
32 87 42
32 88 6
32 89 58
32 91 45
32 92 40
32 94 24
32 95 57
32 97 31
32 98 98
32 100 32
33 34 14
33 35 56
33 38 63
33 39 76
33 40 94
33 41 26
33 42 84
33 43 34
33 44 78
33 46 16
33 47 72
33 48 81
33 49 44
33 50 65
33 51 60
33 52 9
33 54 97
33 55 96
33 56 30
33 57 23
33 59 12
33 61 70
33 64 20
33 65 82
33 66 66
33 68 44
33 69 86
33 70 30
33 71 35
33 72 25
33 73 22
33 77 26
33 78 38
33 79 90
33 80 59
33 82 29
33 83 2
33 84 52
33 85 53
33 87 2
33 88 70
33 89 96
33 90 64
33 91 94
33 92 35
33 93 13
33 96 49
33 97 40
33 98 31
33 100 71
34 35 12
34 36 40
34 37 87
34 38 66
34 40 41
34 42 54
34 43 66
34 47 66
34 50 29
34 51 28
34 52 75
34 54 42
34 55 14
34 57 32
34 59 7
34 61 32
34 63 49
34 64 44
34 65 35
34 66 53
34 67 98
34 68 56
34 69 90
34 70 17
34 71 22
34 72 95
34 74 89
34 75 92
34 77 71
34 80 6
34 81 81
34 82 54
34 83 98
34 84 25
34 87 19
34 88 62
34 89 15
34 92 54
34 93 82
34 94 30
34 97 87
34 98 62
35 37 78
35 39 60
35 42 14
35 43 47
35 44 76
35 45 27
35 46 90
35 48 95
35 49 1
35 51 25
35 52 1
35 56 59
35 57 27
35 58 49
35 61 81
35 64 68
35 68 13
35 70 65
35 71 74
35 73 100
35 77 47
35 78 46
35 79 18
35 80 29
35 83 34
35 84 14
35 86 89
35 87 57
35 88 66
35 89 90
35 92 16
35 93 73
35 95 95
35 96 50
35 97 2
35 98 34
35 99 30
36 37 61
36 38 79
36 40 44
36 41 67
36 44 15
36 47 54
36 48 90
36 50 34
36 53 22
36 56 11
36 57 97
36 60 70
36 62 26
36 63 85
36 64 81
36 66 58
36 67 78
36 69 52
36 70 56
36 71 98
36 72 47
36 73 41
36 74 23
36 75 46
36 77 62
36 78 2
36 79 38
36 80 15
36 81 50
36 82 16
36 83 83
36 84 56
36 85 45
36 86 43
36 87 62
36 88 70
36 91 50
36 92 97
36 94 65
37 40 92
37 41 59
37 42 8
37 44 33
37 45 26
37 46 9
37 47 24
37 48 37
37 49 87
37 50 81
37 51 39
37 52 52
37 53 73
37 54 50
37 55 77
37 56 14
37 58 14
37 59 11
37 60 20
37 63 9
37 64 50
37 66 72
37 68 84
37 69 14
37 73 46
37 76 45
37 77 82
37 79 56
37 80 58
37 82 30
37 83 86
37 84 22
37 85 6
37 91 79
37 92 43
37 95 49
37 96 5
37 97 31
37 99 18
38 39 35
38 40 20
38 44 87
38 45 61
38 47 51
38 50 86
38 51 4
38 52 12
38 53 20
38 57 42
38 58 92
38 59 60
38 63 68
38 66 59
38 67 67
38 68 90
38 69 44
38 70 93
38 71 4
38 72 91
38 73 46
38 75 10
38 77 93
38 79 65
38 80 26
38 81 33
38 82 22
38 83 21
38 84 70
38 85 95
38 86 15
38 87 6
38 89 69
38 90 57
38 92 14
38 94 64
38 95 73
38 96 88
38 97 19
38 98 98
38 99 80
38 100 22
39 40 67
39 41 62
39 42 59
39 45 3
39 46 87
39 47 65
39 49 40
39 50 3
39 56 19
39 58 48
39 59 23
39 62 47
39 63 18
39 65 94
39 66 84
39 69 45
39 70 9
39 72 95
39 73 34
39 75 8
39 76 84
39 78 46
39 80 18
39 81 27
39 82 12
39 85 74
39 89 89
39 90 44
39 92 40
39 93 49
39 94 55
39 96 40
39 100 49
40 43 18
40 44 72
40 46 34
40 49 33
40 50 67
40 51 79
40 53 96
40 57 59
40 59 97
40 60 82
40 62 47
40 63 48
40 64 13
40 68 83
40 69 22
40 72 22
40 73 77
40 74 69
40 79 71
40 80 93
40 81 21
40 82 47
40 84 61
40 86 69
40 87 20
40 90 2
40 92 68
40 97 64
40 98 66
41 44 20
41 45 100
41 46 48
41 47 94
41 48 20
41 49 72
41 52 21
41 53 13
41 54 87
41 55 42
41 57 19
41 60 14
41 63 56
41 64 39
41 65 55
41 68 8
41 70 22
41 71 40
41 73 19
41 75 76
41 76 37
41 78 68
41 79 64
41 81 49
41 82 93
41 83 88
41 84 82
41 87 64
41 88 51
41 90 81
41 92 3
41 93 76
41 94 13
41 98 12
41 100 83
42 43 96
42 45 60
42 46 78
42 47 27
42 48 35
42 53 27
42 54 37
42 55 57
42 57 52
42 59 14
42 61 6
42 62 65
42 63 48
42 64 70
42 66 95
42 67 78
42 68 49
42 70 53
42 74 32
42 75 89
42 76 38
42 77 53
42 80 84
42 83 69
42 84 77
42 85 96
42 86 12
42 92 1
42 94 58
42 95 20
42 96 40
42 99 27
43 45 93
43 46 18
43 49 5
43 53 88
43 54 64
43 55 100
43 56 15
43 57 11
43 58 83
43 59 4
43 60 27
43 64 13
43 65 70
43 68 54
43 69 32
43 70 45
43 71 54
43 72 77
43 75 9
43 77 53
43 79 8
43 81 41
43 82 45
43 84 13
43 85 32
43 86 68
43 89 17
43 91 18
43 92 48
43 93 35
43 94 75
43 95 35
43 96 68
43 97 31
43 98 82
43 99 89
43 100 84
44 45 48
44 46 15
44 47 36
44 48 17
44 50 67
44 52 65
44 55 23
44 56 78
44 57 20
44 60 86
44 61 91
44 62 73
44 64 41
44 67 53
44 68 52
44 69 77
44 70 53
44 72 85
44 73 21
44 77 94
44 78 93
44 79 15
44 81 94
44 82 63
44 86 24
44 88 55
44 89 76
44 93 100
44 94 42
44 96 93
44 97 69
44 98 68
44 100 19
45 50 34
45 51 73
45 52 58
45 53 32
45 55 71
45 58 5
45 59 45
45 60 75
45 62 66
45 63 82
45 66 6
45 68 97
45 70 39
45 71 34
45 75 21
45 77 71
45 79 12
45 83 82
45 85 62
45 89 77
45 90 28
45 92 2
45 95 2
45 96 48
45 99 42
45 100 85
46 48 5
46 53 80
46 56 91
46 57 56
46 58 38
46 59 86
46 60 59
46 62 68
46 63 50
46 65 6
46 66 37
46 67 89
46 68 91
46 69 28
46 70 57
46 73 14
46 74 15
46 78 36
46 79 73
46 81 56
46 82 98
46 85 32
46 87 10
46 88 97
46 89 29
46 90 65
46 92 84
46 93 10
46 94 97
46 95 34
46 96 38
46 98 64
46 100 17
47 48 72
47 51 40
47 54 98
47 55 27
47 56 79
47 58 50
47 59 83
47 62 89
47 64 45
47 65 74
47 68 38
47 69 77
47 70 90
47 71 32
47 72 10
47 73 32
47 74 78
47 75 64
47 79 45
47 83 51
47 84 93
47 86 1
47 89 62
47 98 47
48 49 59
48 51 71
48 52 53
48 54 98
48 55 60
48 57 91
48 63 69
48 64 60
48 69 26
48 70 77
48 71 75
48 79 99
48 80 5
48 81 86
48 82 54
48 85 60
48 87 71
48 90 5
48 91 15
48 93 63
48 94 27
48 95 97
48 99 14
49 50 7
49 51 26
49 53 26
49 54 33
49 55 77
49 56 64
49 57 13
49 58 76
49 61 79
49 62 13
49 63 55
49 65 91
49 66 47
49 68 77
49 69 43
49 71 29
49 72 50
49 74 34
49 75 38
49 76 69
49 77 43
49 79 33
49 81 99
49 85 32
49 86 25
49 88 81
49 89 27
49 90 22
49 91 68
49 92 20
49 94 79
49 95 45
49 96 28
49 97 42
49 98 53
49 99 32
49 100 22
50 53 62
50 55 56
50 56 96
50 57 48
50 59 21
50 62 38
50 64 81
50 65 66
50 67 6
50 69 61
50 70 61
50 71 17
50 74 35
50 76 16
50 77 10
50 78 52
50 79 46
50 83 48
50 84 90
50 85 86
50 87 19
50 92 35
50 94 39
50 95 12
50 97 40
50 100 26
51 52 47
51 54 6
51 57 97
51 58 40
51 61 74
51 63 76
51 66 90
51 67 97
51 68 84
51 69 27
51 71 35
51 75 25
51 77 98
51 78 87
51 79 65
51 80 27
51 81 48
51 83 62
51 84 10
51 85 45
51 86 55
51 87 48
51 94 91
51 96 56
51 97 58
51 98 93
51 99 39
51 100 12
52 54 62
52 57 36
52 58 52
52 59 26
52 62 100
52 65 39
52 67 70
52 68 52
52 70 26
52 73 30
52 75 34
52 77 46
52 79 3
52 81 12
52 82 92
52 83 81
52 84 43
52 85 48
52 86 6
52 87 90
52 88 45
52 89 53
52 90 78
52 92 67
52 93 20
52 94 4
52 96 85
52 99 63
52 100 30
53 57 13
53 58 84
53 62 47
53 63 64
53 65 75
53 67 68
53 68 61
53 69 99
53 73 14
53 74 23
53 76 15
53 77 54
53 79 39
53 80 36
53 81 67
53 82 13
53 83 63
53 84 36
53 85 98
53 86 62
53 87 97
53 89 9
53 91 75
53 92 92
53 96 87
53 97 76
53 98 14
53 100 72
54 55 67
54 56 47
54 57 36
54 58 14
54 59 81
54 60 57
54 61 95
54 62 45
54 65 36
54 68 36
54 69 82
54 71 26
54 72 87
54 74 8
54 75 8
54 77 63
54 80 29
54 81 12
54 83 42
54 84 69
54 85 43
54 86 32
54 87 75
54 90 60
54 91 9
54 95 5
54 100 16
55 57 74
55 58 40
55 59 30
55 60 51
55 61 92
55 63 27
55 65 88
55 66 66
55 67 18
55 68 67
55 70 47
55 72 24
55 73 82
55 75 48
55 77 55
55 78 59
55 79 30
55 80 45
55 82 87
55 83 40
55 84 79
55 85 67
55 86 17
55 87 73
55 89 8
55 92 40
55 93 88
55 95 98
55 97 7
56 57 96
56 58 72
56 60 37
56 62 60
56 63 51
56 65 70
56 66 93
56 67 2
56 69 40
56 70 24
56 71 22
56 73 51
56 74 50
56 75 13
56 76 7
56 78 28
56 80 89
56 84 21
56 86 58
56 90 21
56 92 73
56 94 55
56 95 78
56 97 76
56 98 6
56 99 75
56 100 30
57 58 30
57 59 84
57 60 90
57 62 11
57 64 60
57 67 22
57 69 14
57 70 67
57 71 11
57 75 46
57 76 51
57 77 68
57 78 69
57 79 99
57 80 83
57 83 15
57 84 5
57 85 94
57 86 27
57 87 96
57 88 11
57 90 15
57 91 58
57 93 69
57 94 56
57 95 19
57 97 65
57 98 70
57 99 62
57 100 80
58 60 89
58 62 77
58 63 83
58 64 18
58 65 35
58 67 59
58 69 44
58 70 45
58 71 55
58 72 52
58 74 84
58 75 35
58 76 92
58 77 72
58 78 77
58 79 69
58 80 97
58 81 61
58 82 23
58 84 75
58 85 37
58 86 98
58 87 60
58 89 64
58 90 61
58 91 30
58 92 66
58 94 54
58 95 19
58 97 21
58 98 5
58 99 53
58 100 96
59 61 9
59 62 75
59 63 75
59 65 90
59 68 99
59 70 7
59 73 69
59 74 11
59 78 75
59 83 9
59 84 8
59 86 94
59 87 47
59 88 18
59 89 40
59 90 45
59 91 14
59 93 49
59 96 100
59 97 98
59 98 72
59 100 15
60 61 47
60 62 49
60 63 85
60 64 22
60 66 61
60 67 44
60 68 8
60 69 24
60 70 30
60 71 67
60 72 7
60 74 54
60 77 73
60 78 61
60 80 94
60 81 63
60 83 1
60 84 61
60 88 43
60 90 56
60 91 63
60 93 33
60 95 62
60 96 25
60 97 87
60 98 16
60 99 63
60 100 38
61 63 10
61 64 69
61 65 55
61 66 67
61 67 73
61 70 84
61 71 17
61 72 25
61 73 51
61 74 92
61 76 79
61 77 97
61 78 33
61 79 94
61 80 21
61 81 49
61 82 37
61 84 71
61 85 43
61 87 70
61 88 40
61 89 5
61 90 86
61 91 53
61 92 75
61 94 94
61 95 66
61 98 49
61 99 17
61 100 23
62 64 72
62 66 40
62 67 53
62 68 22
62 69 44
62 70 20
62 74 85
62 75 24
62 76 18
62 77 54
62 79 47
62 80 51
62 82 9
62 85 10
62 86 3
62 87 14
62 88 91
62 89 17
62 90 78
62 91 59
62 93 59
62 95 48
62 96 7
62 97 76
62 99 44
62 100 6
63 69 66
63 70 44
63 72 82
63 75 23
63 76 98
63 77 72
63 78 43
63 79 99
63 80 68
63 81 91
63 84 73
63 85 92
63 88 62
63 90 38
63 91 76
63 92 31
63 93 23
63 96 45
63 97 41
63 100 29
64 67 42
64 68 68
64 71 9
64 74 15
64 75 74
64 76 45
64 77 83
64 78 4
64 79 12
64 80 71
64 82 2
64 83 3
64 85 48
64 87 47
64 89 57
64 91 20
64 94 28
64 95 46
65 67 82
65 71 79
65 72 85
65 73 45
65 75 69
65 76 5
65 78 57
65 80 4
65 82 72
65 84 91
65 86 27
65 87 48
65 89 44
65 91 13
65 93 22
65 94 94
65 96 18
65 98 74
66 67 2
66 68 12
66 69 11
66 71 95
66 72 28
66 75 8
66 78 31
66 79 27
66 80 48
66 81 25
66 82 28
66 87 9
66 88 49
66 91 10
66 93 39
66 96 68
66 97 43
66 100 13
67 68 2
67 69 13
67 71 67
67 73 33
67 75 51
67 76 70
67 81 28
67 85 24
67 86 46
67 87 46
67 90 88
67 91 70
67 94 33
67 96 44
68 69 50
68 70 98
68 74 46
68 75 85
68 77 10
68 78 22
68 79 96
68 81 93
68 82 44
68 83 63
68 85 55
68 86 84
68 87 35
68 89 65
68 93 6
68 94 76
68 96 12
68 97 30
68 98 1
68 100 21
69 71 20
69 74 62
69 75 2
69 76 62
69 80 80
69 84 99
69 85 60
69 87 60
69 88 50
69 90 11
69 91 87
69 93 92
69 94 80
69 96 37
69 98 72
69 100 50
70 76 87
70 77 33
70 78 40
70 79 39
70 80 3
70 84 22
70 86 76
70 87 87
70 89 53
70 90 68
70 91 11
70 92 58
70 94 10
70 96 37
70 97 42
70 98 23
71 72 62
71 73 72
71 74 9
71 75 40
71 79 81
71 80 63
71 81 46
71 83 77
71 85 10
71 89 16
71 90 68
71 91 37
71 94 29
71 95 25
71 96 66
71 99 37
71 100 54
72 74 33
72 75 100
72 76 88
72 80 6
72 82 68
72 84 99
72 86 59
72 87 56
72 90 12
72 92 17
72 93 96
72 96 28
72 99 18
73 74 38
73 75 14
73 76 92
73 77 61
73 78 38
73 79 70
73 80 68
73 81 97
73 82 37
73 83 94
73 84 66
73 86 93
73 87 16
73 88 29
73 90 20
73 92 91
73 93 62
73 94 50
73 96 62
73 97 49
73 98 29
73 99 5
73 100 75
74 76 59
74 77 78
74 78 72
74 85 26
74 87 26
74 89 80
74 90 100
74 91 100
74 93 9
74 94 100
74 96 38
74 97 60
74 98 75
74 99 65
74 100 53
75 76 89
75 77 14
75 78 96
75 79 21
75 80 3
75 82 98
75 83 13
75 84 85
75 87 2
75 88 37
75 89 58
75 91 78
75 92 64
75 95 73
75 98 77
75 100 29
76 77 72
76 79 43
76 80 28
76 81 16
76 82 10
76 83 33
76 84 82
76 85 26
76 88 93
76 89 22
76 91 54
76 93 67
76 97 20
76 100 42
77 78 60
77 79 94
77 81 7
77 83 62
77 84 29
77 85 78
77 86 13
77 90 46
77 91 78
77 92 90
77 93 87
77 95 85
77 96 96
77 97 5
77 99 65
78 79 45
78 81 15
78 82 91
78 85 94
78 86 53
78 87 6
78 88 58
78 89 75
78 90 25
78 91 64
78 93 23
78 95 45
78 96 58
78 97 77
78 99 85
79 82 56
79 83 65
79 84 44
79 87 11
79 89 39
79 90 71
79 91 99
79 92 41
79 94 22
79 95 50
79 97 36
79 99 76
79 100 23
80 83 70
80 86 63
80 88 35
80 89 86
80 90 8
80 91 54
80 92 8
80 93 93
80 97 77
80 98 79
80 99 18
81 82 10
81 84 41
81 87 63
81 88 46
81 90 89
81 92 99
81 93 46
81 94 53
81 96 19
81 97 56
81 99 46
82 83 53
82 84 56
82 85 60
82 86 57
82 87 14
82 88 29
82 89 79
82 95 22
82 96 19
82 97 70
82 99 69
82 100 42
83 84 14
83 86 100
83 87 14
83 88 12
83 90 70
83 92 43
83 94 96
83 95 15
83 96 8
84 86 84
84 87 45
84 89 26
84 90 34
84 91 71
84 92 43
84 94 34
84 95 66
84 96 15
84 99 7
85 86 70
85 87 37
85 89 49
85 90 51
85 93 96
85 94 38
85 96 50
85 97 57
85 98 41
85 99 64
85 100 43
86 89 49
86 90 43
86 91 86
86 93 12
86 94 44
86 96 45
86 97 6
86 99 55
86 100 71
87 88 45
87 89 64
87 90 75
87 91 46
87 95 18
87 97 87
87 98 44
87 99 16
88 89 5
88 91 69
88 92 36
88 93 48
88 94 98
88 95 59
88 96 62
88 97 37
89 90 50
89 91 30
89 92 10
89 93 48
89 94 73
89 96 91
89 97 91
89 98 33
89 99 43
89 100 42
90 91 98
90 92 84
90 94 83
90 95 93
90 97 20
90 98 13
90 99 86
91 95 74
91 96 53
91 97 44
91 98 26
91 100 20
92 93 36
92 94 1
92 98 65
92 99 16
92 100 99
93 94 1
93 95 73
93 99 68
93 100 84
94 97 24
94 99 76
94 100 21
95 99 12
96 97 30
96 98 58
96 99 36
96 100 89
97 98 12
97 99 77
98 100 61
