2
25 25
166 119 167 17 93 242 212 99 125 245 138 209 206 237 102 114 22 35 51 57 237 200 202 133 89 
138 109 121 195 228 67 231 207 215 157 61 43 216 54 134 210 212 37 162 74 225 186 33 206 206 
85 61 52 184 152 98 163 88 14 183 117 169 203 203 6 60 194 118 209 10 189 94 239 225 65 
216 248 224 231 20 76 248 204 122 94 33 36 61 85 93 12 21 14 200 110 158 106 91 63 85 
162 201 97 104 179 89 79 125 82 224 22 230 239 172 52 192 220 240 168 46 74 216 6 131 211 
162 93 87 55 16 147 95 167 75 46 215 125 -1 156 4 246 43 8 116 58 7 125 211 226 4 
141 3 228 163 125 123 98 229 116 32 155 63 177 20 178 121 86 153 52 49 101 80 228 86 45 
181 148 55 15 109 99 234 89 61 24 37 221 221 134 158 55 84 212 229 231 221 91 40 53 70 
63 223 186 196 81 87 151 233 131 132 161 52 18 45 178 20 67 83 116 8 91 37 192 138 34 
30 236 46 242 237 71 43 141 152 160 57 173 113 2 126 130 80 100 196 105 7 110 109 90 192 
106 187 60 36 225 136 187 2 215 84 162 74 46 76 147 113 242 232 192 62 187 18 22 4 219 
184 170 150 121 232 209 148 211 67 199 157 7 74 236 201 39 157 69 121 170 98 71 24 125 152 
139 166 204 115 191 35 248 148 218 209 234 219 163 132 172 77 229 235 55 248 3 201 176 82 126 
154 170 214 32 200 225 112 83 237 210 177 20 68 19 209 193 128 7 74 76 216 202 4 191 187 
44 3 63 98 195 158 186 158 58 206 29 100 178 20 159 170 23 13 151 20 209 225 231 54 31 
230 196 121 239 1 191 9 59 236 245 4 9 177 43 74 133 29 188 76 96 149 70 191 122 232 
227 79 95 43 161 97 185 43 153 208 192 84 150 34 97 145 133 55 130 167 183 48 227 67 15 
128 62 133 83 111 145 246 144 199 49 248 0 68 131 47 204 236 193 132 58 173 63 230 64 153 
167 144 32 186 208 127 145 147 132 220 33 69 141 15 55 107 42 163 210 240 67 199 236 107 96 
137 220 170 23 39 127 221 78 113 211 50 228 194 91 170 84 21 70 39 68 53 114 47 143 99 
192 90 227 134 15 118 230 205 7 103 205 173 167 201 168 68 28 159 227 176 246 130 169 11 162 
76 45 172 232 34 18 108 40 53 128 162 185 209 144 54 108 130 243 32 34 55 90 241 235 238 
177 161 132 101 112 29 92 67 101 236 69 101 181 226 38 20 75 19 19 216 110 17 26 241 185 
68 80 14 92 100 25 220 87 158 148 54 109 25 211 231 176 160 45 53 243 230 162 92 155 118 
170 121 125 39 82 10 237 35 161 78 25 105 33 246 1 106 75 105 79 64 185 119 119 158 79 
3 3 0 0 0 6 5 0
24 24 0 0 0 0 0 0
