2
30 30
12 17 23 19 15 17 10 20 21 10 21 0 3 16 11 15 11 13 13 15 -1 21 16 7 6 15 20 2 2 6 
2 23 22 0 3 8 2 5 21 9 15 10 14 21 13 15 18 10 20 4 10 23 22 21 12 10 8 9 13 21 
14 6 23 15 2 1 17 3 4 -1 16 22 17 11 15 20 12 15 3 5 13 8 23 1 4 6 23 10 11 8 
16 8 10 6 4 -1 4 13 23 7 8 9 17 16 16 21 8 -1 1 14 2 17 4 18 18 20 -1 9 10 7 
6 14 14 2 7 22 18 2 12 19 11 22 0 4 17 22 22 2 17 21 -1 7 14 21 13 20 19 2 14 23 
11 20 10 11 12 4 11 17 1 10 19 18 -1 3 19 14 8 9 16 17 12 14 12 12 22 -1 17 15 3 21 
7 1 12 11 6 6 5 5 17 -1 0 12 2 2 11 3 5 1 6 19 1 9 4 17 10 18 22 14 3 20 
4 23 15 5 22 12 1 14 6 6 9 2 20 7 20 0 0 1 3 15 2 12 23 0 21 9 5 13 22 9 
17 18 7 7 -1 8 -1 -1 21 1 23 23 11 5 8 23 15 11 2 2 6 15 10 17 1 14 10 3 21 6 
15 12 11 9 8 21 -1 16 1 17 13 13 4 10 11 9 17 22 14 23 4 11 12 18 17 8 22 5 9 5 
-1 3 4 5 21 7 2 14 7 21 8 5 21 23 14 7 13 13 14 20 0 15 2 8 18 2 11 2 23 6 
0 6 15 8 8 3 16 18 19 11 16 0 1 21 7 10 14 19 10 14 3 18 16 9 19 -1 2 5 1 11 
8 0 7 9 15 23 2 2 0 16 17 11 22 15 7 19 7 4 5 12 7 5 22 19 12 15 10 15 15 0 
21 16 3 2 21 8 6 20 1 4 8 14 8 14 22 11 5 19 0 14 5 18 1 2 23 13 22 12 9 13 
11 18 6 16 4 5 1 6 10 20 4 20 9 14 10 21 15 20 20 13 12 3 2 2 3 17 17 17 12 16 
7 -1 23 3 12 6 4 5 0 23 14 17 23 14 5 14 23 8 2 6 3 9 14 14 -1 22 13 12 2 8 
8 14 21 6 10 4 19 -1 16 0 12 14 19 0 5 11 6 -1 0 1 12 21 2 13 23 15 19 20 20 18 
13 18 17 6 3 17 5 10 8 2 -1 20 23 22 15 6 10 13 7 21 23 1 0 -1 16 23 3 5 1 4 
5 16 21 11 7 8 6 14 22 17 7 17 7 20 12 5 9 22 8 8 8 -1 7 11 23 11 16 6 12 12 
2 16 9 7 8 6 1 3 16 7 1 4 17 15 15 11 3 6 18 2 5 12 20 17 19 8 15 10 22 23 
3 16 21 15 17 16 17 7 9 14 23 4 7 15 16 9 19 6 9 9 2 2 20 0 12 1 10 20 12 13 
4 4 3 1 1 21 0 15 4 23 20 6 21 14 8 23 2 10 11 22 13 8 10 -1 6 4 9 16 7 0 
2 18 5 1 6 5 1 17 21 22 10 18 9 10 11 22 1 14 0 20 2 5 14 12 5 15 5 9 21 21 
19 2 0 8 17 6 4 18 -1 23 6 3 13 15 8 22 22 13 6 9 8 12 1 4 5 17 13 22 18 12 
16 14 11 4 23 3 4 8 9 10 15 -1 21 22 0 17 9 6 15 22 23 12 21 1 12 22 21 7 2 13 
9 12 20 8 1 12 14 6 8 13 4 5 10 15 21 15 23 11 10 14 6 11 4 13 10 -1 9 14 14 4 
2 4 2 16 17 10 14 4 20 6 16 -1 17 4 16 8 0 14 18 12 18 16 14 16 1 12 19 10 11 15 
4 17 10 7 9 15 -1 17 3 12 13 1 16 10 23 11 4 23 18 0 8 21 23 -1 15 23 19 18 16 7 
10 14 5 19 11 8 0 4 18 14 2 15 18 22 18 12 16 12 15 22 -1 0 1 16 -1 13 15 19 15 -1 
17 9 16 2 20 21 4 14 11 10 6 7 2 20 11 14 7 12 11 18 7 2 5 14 20 11 2 3 23 16 
3 3 0 0 0 5 6 0
28 28 0 0 0 0 0 0
