2
40 40
185 215 202 113 196 222 136 238 183 223 221 145 236 129 140 146 169 148 131 106 112 246 168 149 117 232 163 205 155 154 196 139 123 112 100 246 245 145 169 189 
226 141 156 144 171 183 191 179 185 165 112 238 114 220 173 110 143 105 141 181 207 225 119 195 200 104 185 163 207 220 162 146 120 231 126 122 197 180 199 181 
198 195 156 239 210 234 168 181 158 119 140 166 114 135 227 115 120 120 231 140 236 233 226 116 186 205 181 228 143 205 128 174 151 167 193 112 102 206 177 231 
237 100 177 151 113 217 209 196 144 167 100 136 108 158 220 204 177 230 231 221 126 160 215 201 246 238 240 145 162 244 119 224 184 178 131 185 132 167 178 153 
185 176 186 242 113 163 203 159 175 173 198 215 109 211 222 178 189 193 249 160 227 197 118 221 134 184 192 226 241 244 218 176 116 159 226 234 163 152 133 130 
142 206 165 236 196 189 185 190 239 194 110 111 204 101 192 230 103 103 113 140 204 226 242 172 213 204 189 171 234 220 167 206 222 200 228 218 186 189 114 194 
163 178 100 238 217 184 111 202 136 221 106 153 229 153 133 221 107 175 133 247 222 203 212 129 139 182 195 151 169 123 143 170 135 164 132 162 158 114 144 187 
161 228 248 249 215 180 201 126 136 166 201 188 242 125 223 180 247 178 183 236 229 166 231 115 130 244 205 239 137 199 158 180 134 113 176 169 204 128 129 159 
143 196 175 154 174 201 205 143 180 219 173 134 143 158 161 200 233 140 107 209 183 185 220 123 193 172 139 165 234 232 174 162 225 212 221 138 119 236 212 192 
205 186 159 160 131 204 140 167 181 100 161 244 242 159 147 203 205 249 246 246 182 242 118 151 136 239 145 118 244 223 198 152 166 115 143 243 105 224 199 228 
119 150 176 202 177 248 104 102 220 194 172 180 220 173 167 160 186 230 137 205 184 198 165 241 240 192 142 215 122 103 194 167 145 243 200 222 222 170 155 202 
165 155 199 245 213 156 200 247 189 212 175 193 244 235 165 175 183 157 182 122 230 142 104 239 166 109 216 127 226 129 115 226 151 138 174 174 169 133 223 189 
215 143 173 161 194 146 149 213 232 200 154 215 170 153 183 119 190 156 144 177 106 224 146 148 167 146 104 213 238 166 214 236 139 208 132 169 175 237 117 114 
205 217 108 205 127 218 209 104 184 120 142 160 150 139 162 184 233 187 158 213 114 128 125 206 244 216 139 114 244 101 119 182 101 102 106 161 129 229 235 212 
219 112 152 153 111 202 123 199 100 121 218 236 233 158 183 242 164 207 221 174 225 121 103 214 246 206 224 210 197 196 137 183 171 173 206 213 110 177 190 153 
150 111 176 101 126 210 140 205 243 147 187 211 164 120 217 108 101 128 246 240 193 243 216 226 174 120 120 231 189 171 123 102 193 171 236 137 214 204 171 128 
177 229 236 222 170 113 207 154 205 222 121 196 125 159 147 123 164 147 248 234 154 179 181 197 223 168 164 130 163 173 126 217 220 124 202 186 124 150 172 141 
227 244 109 230 141 147 180 126 185 226 131 229 182 237 224 238 111 122 189 226 231 114 128 245 129 180 157 216 122 177 105 101 168 102 180 106 235 226 237 209 
235 107 146 210 215 120 157 118 212 203 100 179 220 143 126 161 220 222 108 109 181 175 202 166 209 156 167 244 242 229 217 216 118 216 156 153 118 243 239 129 
157 137 148 101 225 187 191 231 160 152 152 246 232 166 106 111 111 168 215 223 139 103 140 163 194 156 114 167 117 162 175 206 212 249 146 164 182 138 221 143 
174 102 169 240 129 214 111 108 116 204 180 132 199 213 154 237 179 209 205 196 213 219 171 232 221 119 219 148 172 156 235 209 144 128 127 140 238 121 110 126 
195 182 231 117 236 136 229 195 191 134 105 166 170 202 181 186 208 226 204 191 118 212 230 159 204 216 231 125 249 178 193 228 203 170 247 234 207 164 159 116 
158 217 173 138 121 233 208 144 230 155 248 189 237 244 173 194 146 126 174 212 215 117 201 125 171 241 120 145 212 106 163 101 110 220 108 157 119 178 157 124 
222 242 211 249 137 155 159 239 166 150 184 249 111 160 175 223 164 169 203 174 194 183 134 120 185 135 144 249 134 240 128 246 150 224 115 235 172 111 105 236 
117 202 125 216 127 119 205 126 126 182 110 102 241 132 239 167 174 179 152 126 201 214 123 122 162 141 144 220 235 246 203 152 106 129 100 231 221 146 127 132 
181 207 219 218 130 106 169 103 127 197 240 233 128 233 193 210 134 187 191 184 216 206 168 122 196 150 147 242 122 131 131 184 183 177 168 121 234 221 191 114 
195 113 151 248 238 172 138 167 125 107 165 168 145 202 142 154 106 115 241 182 225 156 152 176 170 175 207 216 168 110 243 104 188 227 168 133 172 243 106 194 
222 247 133 121 197 112 238 127 109 101 145 116 241 191 178 242 206 138 148 220 140 118 241 152 170 164 207 135 239 100 146 139 245 209 176 199 238 226 245 240 
135 109 158 246 102 248 243 167 239 154 115 206 201 108 222 203 160 231 125 181 218 186 206 244 193 193 236 168 129 202 226 115 220 222 214 155 107 227 132 130 
244 163 242 157 245 205 199 228 135 210 161 186 102 235 132 249 244 105 115 154 172 110 219 142 202 148 186 160 173 218 129 105 230 109 226 114 160 200 158 216 
173 108 194 195 106 169 119 141 160 151 231 188 214 137 234 135 179 121 183 111 134 203 117 164 234 237 227 178 124 150 211 177 162 165 189 239 212 101 114 152 
180 241 108 212 243 132 107 228 202 156 100 143 194 200 179 174 175 196 115 205 162 225 143 144 243 242 198 181 167 184 110 158 127 135 187 226 241 213 248 125 
127 192 219 223 173 121 144 100 151 234 221 113 138 111 163 171 214 133 207 168 240 160 152 135 151 199 168 140 183 159 141 154 216 246 161 154 110 216 195 150 
142 156 141 178 212 209 154 181 125 154 143 181 166 112 181 152 134 197 213 219 188 166 144 211 238 114 230 170 111 172 111 180 157 215 228 134 235 133 125 119 
136 104 167 184 197 161 189 225 140 199 196 191 215 245 140 215 215 118 219 190 202 172 171 142 237 219 101 223 203 214 208 103 211 154 227 126 206 170 219 168 
110 125 153 140 219 219 134 105 127 207 158 116 174 133 104 235 152 128 139 147 103 146 208 120 117 106 209 238 130 190 210 188 168 199 131 209 145 180 109 142 
207 109 161 135 189 165 137 151 153 203 132 116 215 191 207 177 179 138 233 135 128 164 153 140 168 196 188 149 235 181 169 157 195 227 133 115 174 117 247 131 
222 109 183 247 214 121 109 156 227 205 210 166 124 222 235 124 145 194 247 221 121 243 243 154 236 143 211 209 128 179 159 211 221 111 106 119 216 128 242 106 
197 191 133 213 112 236 245 188 163 123 239 144 177 200 235 156 130 117 173 105 113 128 100 223 193 180 177 117 180 215 160 101 128 204 235 142 152 118 171 173 
167 216 109 145 174 151 172 208 234 185 181 223 113 234 193 246 210 136 233 235 210 201 141 232 168 134 234 104 223 118 198 170 134 108 112 210 172 161 208 226 
3 3 0 0 0 5 6 0
38 38 0 0 0 0 0 0
