1
30 30
11 -1 1 16 7 9 9 17 16 6 14 12 12 5 6 10 1 5 14 14 10 4 13 5 10 3 18 10 10 1 
1 1 11 10 13 14 9 1 14 11 7 14 9 4 15 16 15 4 15 10 2 7 4 7 15 11 16 4 11 11 
4 12 2 18 2 18 5 1 17 2 0 14 2 7 18 6 4 5 13 8 16 16 1 3 10 11 8 11 3 8 
0 3 13 8 5 8 14 12 9 5 8 0 17 12 8 10 12 7 0 18 8 8 4 11 17 5 12 9 13 17 
18 13 3 9 0 16 18 16 3 10 12 15 2 6 2 13 4 4 4 15 16 16 2 0 1 10 8 0 14 18 
16 2 6 14 -1 6 17 18 9 16 11 12 14 5 18 10 2 2 8 7 10 7 16 8 17 8 16 12 5 -1 
-1 14 11 14 4 0 11 5 7 5 3 13 2 9 7 15 14 6 9 3 10 13 11 16 10 18 12 5 3 4 
10 18 12 18 1 4 7 1 5 10 3 -1 3 -1 10 14 15 6 10 10 4 1 17 13 6 10 4 18 3 14 
1 2 2 15 17 8 16 -1 4 0 9 1 9 16 11 17 11 12 17 4 6 16 18 -1 11 14 2 11 11 16 
7 6 15 4 8 15 -1 8 13 8 -1 18 15 12 18 1 4 16 6 9 3 1 2 4 7 18 9 1 6 12 
13 7 15 1 15 -1 10 6 4 2 0 16 14 13 15 10 14 13 0 17 5 2 17 11 18 12 15 0 4 14 
8 4 7 0 17 8 15 18 5 18 17 13 8 9 2 17 8 15 12 0 12 9 18 12 14 12 14 2 15 4 
4 11 1 10 16 15 3 8 17 3 18 7 3 10 1 12 15 1 11 4 16 5 13 11 6 7 5 8 13 16 
8 10 11 4 2 7 14 5 17 6 6 0 11 14 10 0 6 9 18 14 9 6 1 18 12 9 10 2 9 4 
15 17 1 16 6 4 9 8 8 11 5 1 14 2 17 1 4 13 1 2 13 17 6 5 13 5 -1 -1 0 -1 
4 12 2 13 10 0 1 18 4 17 13 10 6 17 16 9 2 17 10 1 12 13 16 11 11 17 7 1 17 8 
11 6 15 7 16 10 0 17 6 10 11 14 14 8 2 10 15 8 5 14 17 17 9 3 -1 13 13 16 10 12 
10 9 0 17 3 8 -1 17 2 2 4 -1 17 13 8 1 9 3 17 10 17 7 12 16 15 11 9 16 7 6 
17 -1 0 6 14 13 1 17 14 5 15 11 17 1 13 2 0 1 3 10 16 15 3 17 3 13 18 17 9 10 
9 7 15 11 6 11 2 2 15 2 3 4 6 18 -1 11 12 3 9 8 15 12 8 10 1 8 17 7 12 0 
16 1 18 14 1 9 4 6 0 18 5 14 10 10 10 13 0 17 8 11 0 15 18 1 17 6 0 8 3 16 
3 15 3 12 17 14 2 8 9 2 7 3 0 8 18 16 11 10 7 6 1 16 11 5 -1 17 10 4 4 9 
10 2 2 -1 0 2 10 9 15 12 13 18 11 3 6 3 11 0 -1 -1 0 0 12 3 9 16 5 8 3 8 
8 7 7 6 9 8 9 9 6 16 9 -1 7 3 3 12 1 3 14 -1 12 9 15 0 5 10 14 13 0 14 
13 11 0 4 2 14 11 15 9 3 14 3 2 15 -1 15 18 12 13 15 10 14 17 10 5 -1 7 8 12 16 
6 2 4 11 3 3 6 9 3 15 16 15 8 17 1 1 15 0 -1 8 6 11 5 6 8 10 16 13 8 5 
3 16 3 7 8 15 11 12 9 1 8 -1 18 9 4 14 6 8 18 15 13 14 15 6 4 17 6 14 11 8 
0 -1 15 14 8 16 17 13 9 5 0 16 17 -1 0 10 1 8 6 18 10 5 14 12 8 -1 11 12 1 10 
6 11 18 6 8 4 17 4 13 4 -1 17 10 6 9 5 3 14 1 3 0 7 10 4 17 7 8 14 13 18 
12 3 17 4 2 14 11 11 3 12 1 14 13 11 11 2 10 8 3 18 8 2 18 0 15 14 8 13 8 0 
3 3 0 0 1 0 0 0
28 29 6 0 0 0 0 3
