20 20 10 21
15 4 16 6 12 16 10 11 3 1 10 10 3 2 11 1 6 13 13 4 5 15 3 15 1 15 16 5 13 11 7 10 3 10 12 13 14 13 16 14 1 5 
1 9 1 1 11 1 1 16 1 4 8 1 4 19 1 5 8 1 6 1 1 6 12 1 9 4 1 9 11 1 10 7 1 11 18 1 11 20 1 12 1 1 12 19 1 13 2 1 15 11 1 17 9 1 18 19 1 19 9 1 20 10 1 
46 26 12 29 9 67 4 18 88 81 24 59 66 63 96 60 63 57 60 15 
37 27 53 67 7 99 36 57 21 53 76 19 39 71 2 67 7 72 91 95 
47 80 44 71 82 18 63 9 75 23 46 41 50 16 54 29 21 77 10 82 
56 12 49 79 40 10 24 98 22 23 26 18 55 25 93 37 76 25 94 8 
68 42 29 22 5 72 78 54 86 2 86 63 95 46 67 30 46 11 65 43 
97 32 13 88 53 6 63 94 81 36 91 45 14 61 88 51 10 24 10 51 
93 18 24 85 10 97 86 44 55 54 51 19 56 95 67 74 33 73 33 29 
57 37 16 25 88 38 46 18 50 85 48 3 84 27 71 80 97 43 27 14 
65 22 48 38 96 92 20 20 38 30 72 69 90 46 98 79 64 37 60 7 
87 48 4 61 56 90 68 26 82 93 76 53 79 10 58 8 92 83 16 36 
65 43 36 92 93 14 28 52 19 31 30 99 58 93 7 46 52 24 39 45 
15 90 81 93 99 19 25 31 96 13 14 3 59 32 72 16 4 24 64 13 
33 98 94 69 79 80 97 50 72 4 2 6 73 8 56 88 29 58 32 6 
35 9 87 75 19 78 16 8 89 93 25 51 84 27 27 87 40 53 28 36 
64 65 62 22 62 56 77 11 75 42 99 26 13 80 22 74 96 18 94 78 
42 71 95 74 55 14 46 21 9 37 71 36 29 98 13 51 12 75 86 58 
45 98 86 79 13 20 20 92 91 47 17 82 81 39 23 13 29 62 5 31 
31 42 7 54 20 53 38 97 79 37 89 41 47 57 94 50 91 4 97 93 
56 19 90 24 51 12 21 15 91 83 98 73 27 60 34 62 40 35 10 10 
48 49 55 95 93 60 60 18 81 90 81 10 98 43 4 48 24 39 66 51 
