20 20 10 21
3 3 2 6 1 5 2 4 6 1 4 2 5 6 6 3 6 6 5 1 2 5 6 2 5 5 1 1 5 4 4 5 1 2 3 5 3 4 6 5 4 1 
15 15 1 15 16 1 15 17 1 15 18 1 15 19 1 15 20 1 16 15 1 16 17 1 16 19 1 17 16 1 17 17 1 17 19 1 18 15 1 18 16 1 18 18 1 19 17 1 19 18 1 19 19 1 19 20 1 20 15 1 20 17 1 
71 3 77 50 44 72 30 71 11 78 32 6 76 80 18 14 79 13 70 20 
29 90 81 78 88 98 64 12 3 38 95 84 10 97 41 17 43 75 4 46 
22 79 75 22 6 78 3 51 35 65 100 54 100 76 45 3 5 75 61 25 
15 76 77 23 19 89 93 31 25 97 16 3 78 4 35 14 80 11 49 14 
38 6 71 71 72 88 66 78 56 43 4 29 88 52 25 84 99 6 60 67 
42 38 47 76 44 18 29 2 86 59 44 81 58 28 27 26 5 74 80 8 
55 5 100 1 95 71 56 89 41 52 52 11 16 48 33 90 31 15 5 71 
33 4 84 68 60 97 94 87 34 36 78 88 61 93 92 82 30 41 95 99 
34 10 62 64 40 28 70 60 96 11 45 68 50 29 71 28 6 60 81 39 
60 25 8 1 76 63 51 77 8 71 74 11 63 35 64 42 78 31 11 87 
41 54 66 7 87 20 17 56 54 35 80 78 57 47 78 19 52 100 85 56 
62 72 33 66 7 63 19 73 61 63 66 64 12 16 14 64 13 61 41 85 
54 21 66 15 69 55 53 3 82 14 33 53 48 55 20 40 41 4 66 100 
96 78 6 72 1 94 70 79 19 42 71 87 54 92 96 76 10 58 54 5 
5 41 66 65 42 34 91 50 34 46 30 82 54 85 55 80 46 14 47 56 
15 51 40 72 97 99 10 100 63 13 63 63 8 45 90 54 38 24 9 51 
52 52 17 90 82 44 99 48 30 29 93 65 31 80 91 91 21 68 33 40 
84 31 18 6 21 17 42 45 52 42 47 38 56 63 17 8 92 65 79 25 
81 15 85 38 18 21 75 33 59 3 70 64 97 74 14 53 19 73 93 27 
21 7 83 45 1 95 3 36 72 11 96 46 72 78 35 72 49 68 50 26 
