30 30 50 87
26 7 10 5 2 12 22 5 29 13 26 13 18 7 20 11 3 12 2 6 8 12 5 8 5 9 12 5 11 2 27 12 17 15 29 14 14 1 5 9 21 1 23 4 26 2 24 15 19 5 21 3 11 7 5 12 29 6 7 11 28 1 9 14 8 11 7 15 19 3 29 4 8 12 28 10 7 5 24 3 11 5 23 2 14 13 19 15 1 8 18 5 20 3 26 9 11 7 18 4 1 11 19 2 15 2 18 1 20 7 13 4 15 11 4 9 25 13 16 13 25 13 27 2 27 2 16 4 11 9 27 4 4 8 2 1 27 8 29 5 14 15 10 1 10 3 8 7 15 14 1 3 13 12 20 9 14 9 1 7 29 7 17 13 5 13 9 8 19 7 9 10 10 6 25 3 12 13 1 5 15 11 19 5 15 9 13 14 13 3 25 8 28 14 17 10 11 9 22 3 13 12 
1 18 1 1 30 2 2 18 1 2 19 1 2 24 1 3 18 1 4 19 1 4 27 1 5 18 1 5 21 1 5 22 1 5 30 1 6 16 2 6 17 1 6 24 1 6 26 1 6 27 1 6 30 2 7 16 1 7 17 1 7 27 1 8 16 2 8 21 2 8 25 1 9 19 1 9 29 1 10 25 1 11 18 1 11 22 2 11 24 2 11 26 1 11 28 1 12 16 1 12 21 1 12 25 1 12 30 2 13 25 2 13 26 1 14 22 1 14 25 1 14 28 1 15 22 1 15 23 1 15 26 1 16 18 1 16 25 1 17 22 1 17 27 1 17 29 1 17 30 1 18 20 2 18 21 1 18 29 1 18 30 1 19 19 1 19 20 1 19 21 1 19 23 1 19 27 1 20 16 1 20 23 1 21 19 2 21 22 1 21 30 1 22 16 1 22 17 1 22 21 1 22 28 1 22 29 1 23 23 1 24 18 2 24 22 1 25 22 1 25 24 1 25 25 1 26 16 2 26 17 1 26 18 1 26 25 1 27 27 1 27 30 1 28 17 1 28 28 1 28 30 1 30 17 1 30 23 1 30 30 2 
14 10 15 9 13 9 13 7 13 9 14 9 16 9 13 8 13 6 13 10 16 7 12 8 12 9 16 9 14 7 
8 16 8 13 10 16 7 13 9 15 6 15 6 14 6 15 8 15 9 15 10 12 9 12 9 14 7 12 7 16 
14 9 12 9 16 10 12 9 16 9 14 9 12 7 14 9 16 8 15 6 12 7 13 10 16 10 15 8 15 9 
6 14 8 15 6 16 9 16 8 14 10 14 8 15 7 14 9 14 10 16 7 16 7 16 6 13 8 13 7 14 
14 8 12 10 13 8 16 9 16 9 15 6 15 6 16 6 12 10 13 10 16 9 14 9 14 10 13 7 12 6 
7 13 9 14 7 16 10 16 7 12 10 15 8 16 9 12 8 15 10 15 9 15 7 12 10 16 10 14 7 12 
12 6 13 10 16 9 12 8 13 6 12 9 14 6 15 10 16 9 16 6 12 9 13 10 12 9 12 8 12 10 
8 14 8 16 7 16 9 14 9 12 9 13 8 14 8 12 7 13 9 15 6 13 7 15 6 13 6 15 7 16 
14 7 12 6 13 8 15 10 13 7 13 7 15 6 13 6 15 8 16 7 15 7 12 9 16 6 15 10 13 7 
8 13 7 12 8 13 6 13 9 12 7 15 7 13 9 14 7 12 10 15 6 15 10 12 9 15 6 16 6 15 
12 8 16 8 12 9 15 9 12 7 14 6 16 9 15 8 15 9 14 6 15 6 16 9 12 7 13 6 15 9 
8 16 9 12 9 16 10 15 10 12 7 14 8 14 7 15 8 15 9 12 6 15 6 12 6 15 6 15 7 15 
14 10 13 8 15 6 12 8 15 9 14 7 16 8 12 10 12 8 12 8 12 6 14 9 14 6 15 10 13 10 
7 12 7 16 6 15 8 13 6 16 9 14 8 14 7 12 7 13 7 12 6 16 9 15 7 16 10 12 7 15 
12 6 15 6 14 8 12 8 13 10 12 10 16 9 15 9 16 9 15 10 13 10 15 6 14 6 13 6 15 6 
8 14 10 13 7 12 6 14 7 13 6 12 8 16 10 16 6 12 8 12 6 12 8 15 9 14 10 12 9 14 
14 9 16 6 14 9 14 6 12 9 12 7 13 7 12 8 15 6 14 9 13 7 16 10 14 9 16 9 12 6 
7 16 9 13 6 16 9 12 10 13 6 14 6 13 8 12 10 15 7 16 6 16 10 14 10 12 6 12 10 16 
12 9 15 10 13 6 16 8 12 10 12 8 15 6 14 7 15 7 14 10 13 9 16 9 16 9 14 10 15 9 
7 14 10 13 10 13 6 12 8 13 10 14 7 16 6 14 9 14 10 13 9 14 9 13 8 15 8 15 8 13 
12 9 14 10 14 9 14 6 12 9 16 10 12 9 14 10 13 10 14 10 13 10 15 6 15 9 15 10 13 10 
7 15 9 16 6 16 9 12 8 13 6 16 7 15 7 12 8 12 10 16 8 13 7 15 8 12 10 15 8 12 
13 8 16 7 15 8 13 7 12 10 14 6 13 9 15 6 16 9 16 6 16 10 13 8 13 10 13 6 12 7 
9 15 8 14 7 15 7 16 7 12 8 14 8 12 9 13 9 13 6 12 9 15 8 13 9 12 6 14 10 15 
13 9 13 7 12 7 16 6 13 9 12 8 12 8 15 6 13 8 16 9 14 10 15 8 14 9 12 10 13 7 
6 13 10 16 6 12 6 16 9 15 7 14 7 14 7 16 10 14 10 15 10 16 8 16 9 16 8 13 10 14 
12 8 16 9 15 9 15 8 16 8 13 10 16 9 13 7 13 10 13 10 16 10 12 9 16 8 16 6 16 7 
6 13 9 13 9 16 8 16 9 12 9 13 10 14 8 15 7 14 9 13 6 13 8 15 6 13 8 16 7 14 
15 8 14 6 14 9 14 8 12 8 13 8 15 10 12 8 14 8 16 9 14 8 15 9 12 7 12 9 12 8 
7 14 7 15 9 15 10 14 8 13 10 12 8 13 10 13 9 12 8 13 9 12 7 12 8 15 8 14 7 13 
