40 40 40 46
1 13 3 21 4 10 4 14 3 24 2 15 2 17 5 20 4 17 2 10 3 10 4 13 3 18 5 15 1 21 4 19 1 21 2 10 3 12 4 18 5 22 3 10 2 17 4 18 3 18 4 12 1 21 3 14 4 21 1 13 4 17 4 15 4 24 5 21 4 17 1 14 5 17 2 14 2 14 3 24 5 15 3 11 3 18 1 19 5 16 2 23 1 23 4 11 1 20 2 14 2 16 4 14 4 10 2 10 4 14 3 19 2 10 3 13 2 24 2 11 3 23 4 23 4 18 1 13 5 24 3 16 4 12 2 20 3 14 5 10 4 18 3 14 3 24 2 14 3 15 2 18 4 21 3 23 1 13 5 10 2 24 
36 16 2 36 17 1 36 18 2 36 21 1 36 22 1 36 23 1 36 24 2 36 28 3 36 30 3 37 17 1 37 18 2 37 19 2 37 20 1 37 21 1 37 22 3 37 23 4 37 24 3 37 27 2 37 29 1 37 30 1 38 17 1 38 20 2 38 21 1 38 22 3 38 24 2 38 25 2 38 26 2 38 27 2 38 28 1 38 29 1 38 30 1 39 17 1 39 20 2 39 21 2 39 22 4 39 23 1 39 25 1 39 26 1 40 17 1 40 19 3 40 23 1 40 24 2 40 25 3 40 27 2 40 28 1 40 29 1 
70 37 83 31 68 30 59 39 62 31 72 28 75 12 83 44 54 11 60 43 59 11 55 36 57 19 73 17 70 16 84 24 86 19 52 39 54 35 77 25 
24 72 29 77 34 64 19 69 39 54 30 68 38 71 32 85 43 80 17 85 19 70 49 55 32 57 12 52 33 82 13 89 13 56 40 60 15 72 24 86 
81 18 83 39 80 15 61 49 86 25 67 45 77 12 80 23 70 23 84 44 90 45 70 40 57 21 80 19 68 43 62 14 77 21 63 43 60 19 54 20 
12 89 15 86 27 82 20 69 26 75 40 71 34 77 21 76 39 59 16 78 39 53 47 74 19 58 24 82 50 67 17 83 35 66 48 89 47 68 18 86 
62 14 70 48 84 48 70 48 75 24 77 16 76 13 67 38 75 36 91 13 74 30 78 12 54 47 75 50 67 26 60 12 65 28 91 43 77 19 76 22 
38 83 13 60 38 88 49 58 13 70 16 88 22 77 17 56 49 77 49 74 28 59 12 62 39 67 16 68 28 87 37 75 21 74 26 63 45 56 22 78 
68 31 62 45 76 14 84 48 68 11 52 19 75 46 84 19 60 45 75 26 79 48 89 17 63 36 69 33 79 17 82 16 56 36 80 36 81 47 65 23 
34 69 49 78 44 72 43 55 20 67 46 86 34 77 11 75 33 89 44 82 37 71 44 65 22 88 47 72 16 75 39 86 40 81 28 88 16 76 41 61 
57 24 85 29 68 27 62 12 81 32 71 46 66 24 80 46 71 19 83 15 58 34 82 31 65 13 52 48 56 18 83 17 58 36 77 40 83 30 79 46 
16 73 47 57 18 54 18 85 40 77 25 91 47 64 48 71 48 76 19 66 45 78 34 91 42 82 20 90 16 80 34 60 32 53 29 62 27 73 24 75 
71 14 88 27 69 28 81 20 89 27 60 15 52 18 64 39 61 49 52 19 67 49 85 33 67 36 68 24 68 46 53 50 57 50 65 20 64 45 70 40 
29 60 28 67 27 56 31 87 18 62 27 58 36 54 31 91 31 60 42 61 17 88 28 61 19 57 46 84 45 78 44 90 30 55 47 71 26 71 27 69 
52 35 57 19 59 13 58 47 79 23 68 23 61 43 70 14 77 30 87 38 81 35 90 18 76 37 91 31 76 49 89 48 74 40 84 25 72 30 85 12 
48 64 33 72 17 66 23 60 36 57 20 55 42 60 43 83 24 66 35 71 11 53 26 71 21 78 44 89 36 60 25 85 23 52 25 89 24 52 14 85 
64 12 61 38 89 26 65 13 74 48 67 37 87 18 67 14 65 44 60 44 55 44 52 50 81 49 66 13 75 17 72 11 66 19 66 39 81 18 59 41 
41 77 49 80 35 88 22 52 16 63 33 56 36 56 32 81 31 55 16 64 39 78 29 67 11 67 27 80 24 76 25 81 19 80 36 91 37 91 19 52 
62 31 82 19 59 34 85 38 62 41 67 28 63 32 82 41 60 38 83 31 57 32 84 31 65 38 63 38 67 17 70 23 57 48 75 32 88 47 55 48 
31 89 46 91 12 66 24 64 22 54 36 81 14 69 47 74 48 86 20 77 46 67 38 63 23 58 21 80 44 85 34 63 23 53 43 77 33 77 33 87 
77 48 55 12 53 39 91 48 62 46 77 26 83 20 76 28 75 15 72 36 88 13 60 38 67 19 80 36 82 23 89 21 83 28 61 17 88 35 61 49 
39 64 23 82 26 57 36 84 41 61 25 71 29 64 48 73 39 85 23 81 20 52 19 57 30 81 29 66 38 82 18 76 26 91 21 62 26 87 41 86 
70 49 65 32 76 27 83 38 54 43 57 45 56 36 60 14 82 25 58 22 61 49 85 13 81 45 72 46 74 29 78 11 83 48 60 15 57 11 67 50 
28 62 50 78 40 71 40 68 48 61 21 70 46 72 23 58 41 56 25 54 45 80 24 55 41 90 34 77 33 65 49 54 23 86 42 60 29 68 27 70 
71 36 66 38 76 44 88 33 85 24 82 24 85 43 55 32 69 40 70 15 55 43 59 16 65 43 76 32 56 42 76 34 80 21 72 37 84 30 63 14 
41 89 30 58 13 87 34 91 25 68 35 54 48 78 34 86 26 84 12 83 13 57 33 58 11 91 41 85 48 85 21 84 39 70 36 77 27 88 17 54 
76 23 77 18 78 29 73 31 76 21 55 35 85 27 86 48 57 25 88 36 54 13 70 38 89 44 85 14 83 33 62 27 79 37 57 47 70 40 76 41 
30 65 23 61 34 54 35 54 28 55 31 81 17 65 18 78 46 66 36 74 39 84 38 89 16 69 40 56 33 88 18 73 25 65 34 53 45 61 42 74 
62 26 62 48 81 43 67 46 88 21 65 14 80 30 64 47 77 12 84 36 85 43 75 13 64 15 87 39 64 14 62 31 83 34 53 22 69 40 89 15 
31 67 46 56 29 60 41 70 46 85 48 75 40 69 28 89 11 74 23 59 49 54 45 65 39 74 47 63 12 90 32 61 50 85 11 53 49 76 18 53 
90 19 81 19 77 24 74 49 57 40 66 18 61 20 59 50 70 49 56 22 77 36 56 30 86 14 60 38 64 23 71 40 70 30 53 40 60 32 77 18 
35 64 36 87 22 61 34 54 25 78 40 57 45 59 39 90 36 88 50 66 38 69 36 57 33 73 27 72 29 57 11 83 34 70 45 91 48 86 29 70 
78 42 57 12 70 21 75 14 90 31 73 35 82 47 62 43 63 39 71 36 74 26 55 27 88 20 55 33 79 44 52 23 91 38 84 15 88 49 84 23 
41 78 15 63 39 90 22 69 50 58 41 87 30 68 27 81 20 80 30 62 16 81 13 85 24 72 18 87 45 79 14 78 20 88 45 84 39 72 12 67 
59 38 86 33 89 21 63 15 84 41 82 36 78 33 58 34 63 43 55 44 57 13 57 43 62 49 64 35 52 36 90 45 90 15 83 27 81 33 62 24 
47 74 49 63 50 58 42 72 48 79 48 59 42 81 16 77 31 63 34 64 28 62 38 61 48 87 13 61 45 91 20 78 26 67 29 70 26 91 37 78 
80 42 76 20 91 27 79 34 63 41 63 28 84 46 66 20 82 42 77 31 79 31 62 27 74 21 69 50 55 44 72 50 76 18 54 16 69 23 68 14 
28 87 15 87 30 89 43 65 11 77 22 83 40 79 35 54 46 56 16 84 18 91 38 57 23 72 42 82 18 87 48 74 36 79 49 86 43 89 30 54 
59 16 68 21 53 50 53 19 74 39 84 28 91 11 58 44 69 44 63 49 83 25 86 18 81 37 71 20 63 35 83 27 67 34 69 37 75 31 61 32 
38 72 37 79 23 83 48 81 14 73 11 72 39 53 42 57 16 54 11 79 12 82 44 53 42 83 12 81 21 83 39 84 19 68 34 67 19 59 18 52 
83 40 69 41 74 17 80 12 90 33 61 33 64 24 72 47 86 38 76 34 80 41 77 29 71 11 89 26 91 48 84 24 63 13 60 27 62 32 61 18 
36 66 14 77 43 85 35 89 47 61 32 55 50 83 12 68 47 77 19 57 17 72 39 87 41 89 35 57 40 87 20 59 33 60 29 77 40 57 48 61 
