50 50 25 26
4 2 6 2 5 2 5 1 13 2 12 2 7 2 8 1 6 1 10 1 3 1 2 1 5 2 1 2 6 1 12 2 2 2 4 1 10 1 13 1 3 2 7 1 15 1 4 2 15 1 3 1 13 2 13 1 9 1 6 2 2 1 11 2 11 2 11 1 7 1 8 2 8 1 2 2 3 1 8 1 11 2 13 2 14 2 10 1 2 2 7 2 4 1 7 1 10 1 12 2 15 1 
36 49 2 36 50 2 37 49 1 37 50 1 38 49 3 38 50 1 39 49 3 40 49 3 40 50 2 41 49 1 41 50 1 42 49 1 42 50 1 43 49 5 44 49 1 44 50 1 45 49 1 45 50 1 46 49 4 46 50 2 47 49 3 48 50 1 49 49 1 49 50 1 50 49 4 50 50 4 
91 17 53 38 66 44 61 13 83 35 90 42 89 22 66 20 57 22 53 44 78 49 66 46 68 31 75 28 90 45 81 15 68 30 78 24 73 21 63 28 64 24 85 36 87 40 66 32 85 45 
16 81 37 54 47 57 45 57 24 68 14 83 13 65 39 81 49 85 42 69 17 82 39 59 19 57 30 64 13 89 32 68 29 57 17 75 12 70 15 89 48 83 43 54 11 69 20 52 44 82 
76 42 87 28 87 47 52 26 75 26 64 12 63 22 68 14 66 25 61 11 84 30 57 47 65 31 55 21 81 21 59 46 70 28 67 36 80 13 69 48 89 11 52 39 66 49 91 36 78 22 
12 59 40 81 17 90 15 80 23 78 15 54 33 63 50 74 46 53 29 72 28 91 36 66 49 75 32 63 17 69 13 90 45 86 12 86 21 62 34 68 21 78 26 52 36 66 49 87 19 89 
67 11 74 48 79 20 80 30 57 47 81 17 52 47 79 37 85 32 54 50 72 34 72 49 56 33 72 47 82 19 89 16 76 16 61 43 81 42 83 26 81 13 75 13 57 36 67 34 55 33 
22 69 20 73 22 58 37 52 26 91 11 54 46 53 19 88 50 70 35 87 34 70 38 61 33 84 46 77 15 62 43 53 44 53 19 81 34 63 49 59 28 59 48 56 26 58 19 65 11 59 
70 49 55 28 82 47 71 40 61 36 81 27 87 19 77 34 60 49 55 25 79 36 64 25 82 14 80 36 79 29 88 16 88 13 82 36 80 31 53 20 66 28 68 30 58 27 86 33 78 29 
27 66 29 77 49 87 33 53 28 63 14 67 46 58 26 91 22 61 30 63 29 72 17 83 42 75 39 77 38 59 17 68 43 77 26 91 50 62 13 76 43 90 46 89 27 54 32 77 26 74 
66 47 76 34 71 40 69 15 84 31 53 15 68 14 71 30 80 40 78 20 77 38 73 14 59 22 53 26 68 32 76 24 57 35 52 48 81 22 57 16 72 50 83 49 53 36 74 49 67 47 
28 54 35 71 34 54 38 69 22 58 33 54 45 83 29 72 26 82 34 70 35 70 32 67 14 62 33 59 18 60 13 88 34 74 25 90 30 86 12 61 28 60 32 57 47 57 49 73 33 72 
90 34 53 47 91 45 67 31 66 16 53 13 70 48 53 34 62 44 70 43 84 27 56 31 70 32 79 15 85 32 78 49 64 48 88 27 79 44 86 22 72 13 70 45 84 26 70 35 80 44 
22 64 16 60 25 88 32 87 26 58 14 54 27 82 15 70 22 60 33 75 25 62 25 56 23 78 27 74 19 52 13 73 23 54 36 61 13 77 31 66 14 53 50 89 23 82 25 62 12 82 
66 12 77 25 74 49 79 38 59 24 63 30 66 31 77 25 84 48 72 13 72 16 91 29 78 28 71 16 53 23 58 33 84 47 67 32 52 28 85 17 81 30 67 19 52 21 80 22 91 33 
30 68 26 73 23 78 45 58 19 77 48 72 24 86 30 57 46 77 18 74 15 89 44 75 26 70 37 76 12 69 13 70 23 81 16 72 43 64 31 87 34 61 42 56 23 59 38 77 25 63 
83 12 53 39 57 47 79 14 66 47 66 36 90 29 71 14 63 50 57 35 71 25 67 25 72 33 68 13 70 35 70 24 81 17 84 32 56 44 67 47 76 27 80 27 77 35 88 49 53 34 
31 82 20 58 16 70 30 54 16 57 35 72 22 62 28 62 46 55 39 80 21 83 46 60 21 74 19 55 22 70 44 55 25 58 26 54 45 54 42 53 13 62 17 73 45 84 48 70 37 78 
77 32 84 34 69 25 55 41 73 49 58 20 84 30 66 34 59 21 77 33 60 48 69 41 82 41 58 43 58 23 58 25 88 49 88 45 78 49 60 49 61 13 63 24 56 40 85 45 65 33 
13 65 27 69 47 70 34 81 17 72 20 62 22 70 26 83 36 82 37 61 28 82 30 85 23 56 41 90 26 53 23 60 21 60 15 91 32 80 37 73 18 54 21 78 32 71 50 90 20 85 
76 26 67 20 63 46 76 38 65 37 76 22 78 11 88 42 63 46 54 38 64 34 69 35 53 36 65 47 57 25 82 25 54 44 86 19 81 31 91 27 75 44 60 22 68 32 69 42 66 17 
41 90 36 70 23 58 27 89 26 72 18 80 45 55 17 66 47 53 40 91 38 72 42 64 46 73 14 59 31 80 39 81 40 87 18 57 44 65 37 54 13 53 28 86 14 86 27 67 12 59 
75 12 82 16 67 21 69 23 84 29 63 11 79 13 62 22 62 41 56 50 63 32 68 18 82 25 57 38 70 15 68 36 78 46 59 27 67 31 79 29 76 20 63 49 82 42 65 30 73 17 
33 72 34 90 32 52 30 69 47 72 44 58 46 55 23 69 48 87 33 77 20 72 29 86 49 70 44 86 35 86 20 67 25 66 21 70 13 80 25 70 47 59 15 53 21 70 42 64 33 57 
83 36 91 15 75 23 60 24 57 20 60 21 63 25 87 39 61 14 55 11 84 22 80 17 64 11 82 15 90 35 55 15 81 12 91 12 72 11 79 22 66 35 75 26 83 23 53 42 91 35 
30 84 34 54 28 77 23 90 25 65 12 78 36 90 28 81 15 89 17 60 33 66 46 83 48 67 44 89 30 64 11 91 40 59 26 59 31 68 20 75 25 59 30 70 37 64 27 57 46 54 
87 20 74 46 56 27 59 33 74 45 68 15 66 13 80 11 64 26 68 18 83 49 91 40 58 31 76 45 56 25 72 34 80 18 65 46 76 11 64 29 70 36 70 31 59 29 78 47 61 24 
34 54 30 52 21 87 20 78 29 86 30 84 36 56 45 65 45 62 33 82 22 91 29 91 49 86 30 56 37 63 18 73 22 58 40 85 15 82 37 65 48 53 46 64 39 59 21 60 29 58 
86 39 75 31 82 19 57 12 71 45 63 35 64 42 78 18 85 33 62 47 64 44 80 30 63 15 62 25 87 48 60 49 79 31 90 42 67 20 70 13 62 46 70 47 79 30 83 36 73 39 
24 73 40 54 19 61 34 65 19 69 23 67 11 90 41 87 18 84 14 65 40 57 14 77 40 55 23 55 21 89 42 68 23 59 47 67 46 69 13 72 27 69 48 71 18 74 35 74 12 65 
56 41 72 46 78 34 68 11 86 33 62 37 59 32 89 26 88 21 59 30 61 33 88 29 77 28 83 40 70 42 57 38 91 33 82 26 78 45 55 35 71 16 63 49 67 25 82 18 60 47 
43 56 20 56 38 73 16 73 43 58 36 53 11 81 16 67 42 77 46 79 20 85 26 71 14 61 45 82 29 61 26 79 16 52 12 78 18 59 15 60 36 54 31 88 50 54 38 80 20 65 
59 12 68 19 53 38 65 15 66 44 69 17 54 44 79 41 63 39 80 42 78 40 86 31 80 41 76 44 57 31 88 48 58 13 65 22 67 47 86 29 70 19 75 13 84 32 79 49 60 39 
17 63 13 56 36 76 32 90 47 67 33 53 20 68 41 79 42 91 11 71 49 72 35 59 12 67 38 85 26 83 39 91 38 52 43 53 25 66 23 79 26 73 27 53 46 57 23 66 43 90 
90 14 70 16 74 34 69 33 64 14 83 45 90 17 78 11 77 43 78 35 85 29 62 17 61 29 67 40 82 44 79 13 59 24 87 40 90 42 83 17 84 28 60 13 83 36 84 22 64 32 
30 89 15 61 50 53 42 85 25 88 21 68 25 59 39 85 41 58 48 83 23 82 46 55 30 60 39 56 45 79 11 79 33 55 38 54 22 62 21 76 27 71 12 71 40 88 22 67 27 78 
85 11 78 17 81 49 90 44 54 20 63 37 60 34 82 28 56 14 56 46 60 16 74 26 80 17 61 40 76 48 55 27 84 41 58 45 72 38 71 39 78 47 67 48 64 47 53 20 84 42 
17 78 38 88 29 53 37 52 25 65 12 70 47 71 50 72 29 61 32 58 26 59 24 87 13 59 37 90 14 85 34 52 33 69 11 67 44 82 44 75 17 61 34 91 48 75 12 68 11 56 
91 43 74 22 79 47 84 50 58 45 58 26 72 13 64 34 72 39 79 50 74 39 81 12 72 14 76 17 81 49 77 43 77 42 58 14 66 25 64 19 66 31 81 26 57 45 83 11 64 14 
11 58 13 86 30 72 33 64 31 85 15 58 30 67 39 71 15 54 38 76 48 80 38 83 22 56 16 67 49 54 44 87 24 84 24 58 19 82 41 54 26 90 30 54 31 53 46 75 17 76 
59 45 57 13 58 27 62 49 84 48 59 13 55 42 87 18 57 45 74 25 78 14 91 40 60 26 65 11 71 37 83 43 78 33 91 28 84 39 83 49 74 49 60 34 65 45 70 46 84 21 
42 89 41 68 19 70 47 64 21 70 47 91 45 79 33 84 33 77 13 56 21 70 40 85 13 80 30 63 16 90 46 56 28 70 39 91 36 52 19 58 39 58 18 53 14 58 44 76 22 60 
90 46 83 36 72 29 59 29 67 26 60 19 72 36 81 12 87 19 57 46 69 19 69 39 87 36 83 16 76 39 70 42 56 44 80 31 73 18 75 50 54 35 61 44 69 20 64 46 85 14 
22 74 21 67 30 69 19 58 46 63 32 67 24 75 37 91 34 64 13 86 23 81 15 61 36 90 33 76 40 74 19 61 18 89 17 81 20 79 42 89 18 56 31 71 22 58 37 56 12 91 
90 31 88 20 70 49 75 44 91 38 88 14 53 34 66 30 70 43 64 29 58 30 71 43 70 39 69 18 79 15 72 35 62 45 75 26 77 46 75 49 75 38 52 22 83 50 65 40 84 24 
43 91 14 56 34 76 45 74 12 64 28 73 32 54 47 81 13 59 26 52 24 91 18 60 24 70 16 66 14 86 27 78 38 70 12 60 32 78 38 56 14 66 48 54 40 63 44 85 48 89 
81 24 84 24 59 27 68 25 91 24 66 24 53 39 71 16 57 25 56 17 83 14 60 25 89 38 73 47 81 28 90 22 81 38 74 14 62 44 57 26 74 13 58 21 90 42 67 31 70 29 
27 84 34 87 41 85 19 91 48 54 28 76 29 85 30 72 42 82 24 81 44 83 19 52 15 87 27 77 27 58 39 69 25 71 50 58 22 71 14 73 22 77 12 63 29 53 39 59 27 69 
90 44 58 32 76 28 62 27 80 34 75 46 58 47 82 12 70 16 83 44 67 36 72 14 79 33 77 28 73 29 61 33 83 36 60 14 82 47 56 50 77 13 81 49 91 23 91 30 75 40 
12 65 46 75 22 77 47 71 34 54 11 58 39 66 21 67 18 66 22 88 31 54 42 59 39 55 17 79 47 79 38 76 43 71 24 59 28 65 12 70 38 80 25 87 29 55 31 64 20 91 
82 43 71 37 82 23 67 16 57 16 67 45 72 38 82 50 70 50 75 44 78 13 79 49 82 12 69 24 78 37 67 15 87 15 69 45 56 26 55 34 71 35 89 18 57 17 65 40 78 23 
36 53 49 56 21 55 15 89 48 66 11 79 40 59 14 84 21 68 24 77 38 61 16 79 36 84 46 81 48 73 43 80 26 75 31 81 27 65 18 78 45 77 46 80 33 88 36 77 12 88 
