80 80 50 1
3 2 2 1 2 3 3 2 3 1 3 1 3 1 1 2 3 3 1 2 1 3 3 3 1 3 3 2 1 3 2 2 2 2 2 1 1 1 3 3 2 1 3 2 2 3 2 1 3 3 2 3 3 1 1 3 3 1 3 2 2 2 1 3 2 2 3 3 2 2 2 2 2 1 2 2 3 2 2 1 2 3 3 2 3 1 2 1 2 3 3 3 2 1 2 1 1 3 2 1 2 2 1 2 2 1 1 3 2 3 1 1 1 1 1 1 1 2 2 1 3 3 1 3 1 1 1 3 2 2 2 1 2 3 1 2 1 2 1 2 1 2 1 2 2 2 3 2 3 2 2 2 1 1 1 2 3 2 2 2 1 3 1 2 2 1 1 2 1 1 1 2 1 2 1 1 1 2 3 3 3 3 1 2 2 1 3 2 1 1 3 2 1 3 1 2 1 3 2 1 1 2 
80 80 101 
14 10 19 16 6 18 12 3 13 16 9 17 12 9 19 6 6 16 16 7 14 19 5 15 14 6 18 14 9 14 16 4 15 13 5 14 17 10 6 18 3 16 15 3 16 19 7 16 19 3 19 12 7 14 16 16 16 17 12 17 16 8 16 19 5 16 16 9 17 14 3 15 14 9 15 12 8 18 13 6 
3 13 12 10 14 13 8 15 12 8 15 5 9 18 16 8 5 4 6 17 18 5 15 16 8 13 18 5 19 18 8 14 13 7 19 12 8 19 12 7 13 13 5 12 13 8 15 18 3 19 17 5 15 18 5 18 13 6 12 16 4 18 16 5 16 15 10 12 19 8 6 18 3 17 17 4 16 16 8 16 
15 12 15 14 15 8 9 17 7 17 14 10 18 15 8 19 3 3 12 14 10 12 16 4 14 19 6 14 18 7 18 19 7 18 16 4 17 13 10 13 17 3 18 16 4 17 13 7 17 13 7 14 17 9 14 18 4 18 17 9 15 14 7 15 14 4 12 19 7 18 15 9 13 13 9 16 14 10 18 12 
14 10 16 18 8 15 12 4 18 13 5 12 15 14 13 19 4 12 12 6 12 17 3 16 18 7 12 14 6 19 14 5 17 19 6 17 15 10 15 16 5 13 15 10 19 14 9 14 17 5 12 17 8 15 12 8 15 19 7 17 17 8 12 14 3 18 12 8 18 12 8 16 18 13 12 15 8 13 18 9 
8 14 17 17 13 10 10 12 16 8 16 13 9 12 16 5 14 15 3 13 17 5 17 10 8 18 19 5 9 14 5 12 19 6 18 13 4 19 19 13 13 13 10 16 19 5 15 15 9 17 14 4 14 13 3 13 13 10 17 18 6 18 18 6 15 14 4 12 18 7 14 18 6 18 17 6 19 16 3 15 
17 17 8 15 13 9 18 16 4 12 14 5 15 16 7 12 16 3 10 14 5 15 18 3 14 14 8 16 15 5 13 19 6 16 16 10 14 16 3 17 18 9 18 17 7 15 18 5 16 19 9 16 16 5 15 19 10 13 13 3 19 19 4 14 14 9 12 15 5 15 5 10 12 12 6 14 19 5 17 12 
19 4 13 13 15 18 16 16 18 15 3 14 8 4 16 14 8 13 17 10 17 14 10 15 17 5 14 14 3 17 18 3 13 17 9 12 12 10 14 17 4 18 14 16 15 17 6 19 16 4 18 19 4 16 12 5 12 13 4 19 17 9 17 16 7 18 5 8 19 13 4 14 16 5 14 19 6 15 19 8 
10 13 19 7 19 14 9 14 17 10 13 9 6 12 14 9 17 16 6 15 10 9 17 19 4 18 13 4 7 13 7 12 12 9 10 12 9 16 17 5 16 17 10 18 12 6 17 14 6 17 7 3 18 15 7 13 16 6 14 19 5 13 17 17 13 15 10 8 18 6 12 16 5 13 18 6 14 19 6 18 
16 12 5 16 14 8 15 12 10 14 16 10 14 12 4 13 13 13 15 15 6 13 6 10 16 17 8 15 13 9 13 19 4 12 17 6 16 16 14 15 17 9 12 16 6 16 19 4 12 16 6 16 12 9 15 14 5 16 19 4 14 3 3 17 13 9 9 14 7 14 13 3 14 17 4 17 12 4 18 19 
9 7 15 12 6 17 15 4 12 16 4 9 13 5 15 19 7 19 13 8 12 17 8 12 19 4 15 14 6 19 13 8 13 15 3 18 14 9 12 16 5 15 17 7 17 16 16 14 10 7 17 16 10 8 19 4 17 14 4 12 12 4 19 19 5 17 17 17 4 12 3 14 19 8 15 15 9 15 16 19 
10 18 14 10 12 17 10 13 12 6 18 15 4 19 16 3 18 16 3 12 13 8 19 16 7 18 13 5 19 13 4 13 16 5 17 12 3 13 7 5 19 13 5 16 15 6 15 19 3 18 16 8 13 12 10 16 12 7 14 15 15 12 12 17 19 17 4 15 19 5 15 12 9 18 19 8 16 19 7 14 
17 12 4 13 15 4 17 14 3 13 15 4 19 15 13 12 12 5 18 3 5 18 15 3 12 17 8 16 13 5 16 14 6 15 19 5 14 19 6 17 16 9 15 17 9 19 13 5 17 19 10 16 17 7 13 16 12 18 12 7 18 16 9 12 19 8 15 12 5 15 14 19 14 17 6 15 19 5 17 16 
19 10 7 17 10 15 17 7 12 19 10 14 18 5 17 19 3 14 12 4 17 16 9 17 13 6 19 15 6 17 13 6 16 17 5 12 18 9 9 12 4 18 12 10 18 13 10 17 13 9 12 16 5 15 15 5 13 16 7 17 13 7 4 14 3 17 13 6 16 12 9 14 18 8 18 14 9 18 13 9 
7 13 17 8 13 19 4 19 18 10 19 13 5 16 16 3 12 7 8 12 12 5 14 15 8 19 13 6 19 14 8 18 17 6 15 15 10 17 19 6 17 13 14 13 18 9 4 18 10 14 18 10 13 15 6 18 13 10 16 19 6 18 12 4 15 18 8 14 15 19 13 8 6 17 14 9 18 14 8 16 
16 12 7 14 10 9 14 12 7 15 15 8 12 16 8 12 12 3 12 17 6 13 17 5 17 16 9 12 19 6 19 18 9 6 16 7 14 17 4 12 13 8 15 15 8 12 19 7 15 19 8 17 12 4 12 19 8 19 13 4 13 14 3 18 17 9 16 16 6 15 18 3 12 17 4 17 16 9 14 13 
17 9 16 13 5 18 14 8 12 12 9 18 18 4 16 19 8 14 13 9 17 17 6 12 17 8 16 14 7 12 12 5 19 14 6 12 5 7 15 13 3 18 16 6 18 13 5 16 16 6 14 19 10 16 19 10 13 19 8 12 16 3 17 17 3 9 15 4 15 18 18 14 18 3 13 18 5 17 12 6 
9 12 13 7 13 5 6 3 17 7 18 18 10 14 16 10 14 17 15 15 13 5 19 18 8 17 17 17 19 13 3 13 19 10 13 12 6 16 13 5 18 9 9 18 14 10 18 13 9 15 13 8 13 19 4 12 19 7 8 14 5 16 16 17 12 19 10 19 13 7 18 18 10 18 15 8 16 14 3 14 
19 4 7 17 13 5 15 14 7 18 15 15 17 19 4 15 10 8 18 19 7 15 16 3 5 19 8 13 18 8 17 8 10 17 15 6 17 14 13 15 13 5 16 18 3 18 16 6 15 14 6 17 17 10 12 4 4 17 14 8 12 16 8 12 14 8 13 18 8 14 5 7 14 15 4 15 15 3 18 19 
14 10 17 14 6 12 18 4 19 14 4 18 15 19 19 17 4 19 17 6 17 18 4 17 16 9 9 17 6 13 13 12 18 10 10 14 12 6 12 13 4 15 17 10 16 16 9 18 18 10 14 15 9 18 17 6 18 17 10 19 13 5 13 14 9 12 15 9 15 16 18 16 15 6 17 18 9 16 17 10 
3 17 15 10 19 16 7 19 12 4 12 13 3 19 18 5 15 12 10 19 13 4 16 19 3 12 15 3 15 5 5 14 19 4 14 16 6 18 19 4 18 19 9 14 12 6 14 12 9 13 16 7 19 19 9 14 12 12 10 17 7 17 15 4 18 17 7 19 19 7 19 14 6 13 15 17 12 17 4 12 
18 19 8 9 17 4 16 12 14 12 18 7 18 17 8 19 12 9 5 19 10 16 15 10 14 14 9 18 16 8 14 19 5 19 16 4 17 19 3 12 17 4 12 17 8 18 13 6 19 18 9 9 15 6 19 19 10 14 12 6 14 19 7 18 16 8 14 13 8 17 17 3 16 15 6 17 18 4 13 17 
16 3 12 16 7 12 12 5 13 13 10 19 15 9 16 16 9 14 12 8 14 18 5 19 15 9 16 14 4 14 15 9 18 18 10 16 12 3 15 18 8 15 14 8 16 12 3 16 18 9 15 16 6 15 18 7 19 17 10 13 17 6 17 18 3 19 19 8 15 13 8 17 15 5 12 12 9 17 14 7 
3 18 16 6 15 16 8 13 12 7 17 19 8 18 16 10 17 14 18 18 17 8 12 13 7 19 19 9 14 17 5 19 13 10 15 14 8 18 18 3 10 18 9 14 17 6 13 12 5 19 19 10 16 19 8 13 19 9 19 16 3 15 12 9 7 14 5 18 19 10 17 18 6 18 16 17 19 5 5 19 
12 12 4 12 18 3 18 12 8 19 13 6 16 13 3 16 19 3 18 14 10 12 8 14 12 13 10 15 18 8 18 13 9 15 16 6 16 15 5 14 16 5 12 17 4 19 19 6 13 16 3 16 13 8 17 19 4 16 13 8 19 16 9 15 15 4 18 12 9 17 15 6 18 17 9 18 16 9 12 19 
18 9 13 14 5 12 13 5 19 12 5 19 14 9 12 17 4 15 14 5 13 15 8 12 14 5 14 19 3 16 7 10 16 13 3 18 13 8 18 17 4 4 16 4 14 18 7 12 13 7 14 16 7 16 16 3 4 15 4 14 15 10 14 19 3 19 19 7 17 18 7 15 15 6 12 13 7 17 12 10 
3 16 4 8 12 13 10 18 13 7 18 16 6 18 16 8 12 10 9 16 15 12 13 14 6 19 18 4 8 19 5 15 17 6 18 17 8 16 13 8 15 16 9 15 14 8 12 19 4 17 18 9 3 14 6 14 15 10 15 15 9 14 14 9 13 6 17 15 18 7 16 15 3 19 16 10 19 13 3 19 
12 19 8 7 17 6 14 17 4 13 19 7 14 16 9 14 15 3 19 12 7 17 12 6 7 12 8 16 16 6 16 17 3 14 13 5 19 16 6 18 13 4 17 13 10 17 19 7 18 13 8 18 13 7 17 13 5 16 17 5 12 14 6 16 19 7 17 16 6 18 14 9 16 17 9 14 13 10 14 13 
18 9 12 17 6 19 19 10 18 14 8 12 13 10 12 17 5 15 18 4 14 16 9 17 14 3 12 17 3 13 14 6 14 13 7 15 19 3 14 13 8 16 13 4 13 16 3 3 13 7 12 16 4 4 18 5 18 17 8 17 14 3 14 18 7 14 19 8 13 14 5 18 16 5 14 14 7 16 19 5 
6 3 12 8 12 14 13 15 18 5 14 15 10 14 18 9 13 14 6 19 16 9 13 15 6 13 12 3 16 15 7 15 14 6 19 16 10 16 16 7 15 16 6 19 18 5 6 16 7 19 12 3 13 18 9 19 15 9 13 16 6 15 15 9 19 15 6 12 16 18 15 18 5 15 18 4 17 16 5 19 
18 14 10 15 18 3 13 13 6 17 15 9 15 15 9 19 16 6 17 9 10 19 16 6 14 16 3 14 19 18 15 14 7 17 12 7 13 14 10 16 16 9 13 14 16 13 19 3 14 17 3 12 16 3 18 13 3 14 14 3 19 7 9 14 16 4 4 16 7 13 19 6 14 14 7 13 18 3 16 18 
15 8 13 14 8 12 15 9 7 5 6 15 17 4 19 16 4 7 14 6 19 19 9 18 18 19 13 18 4 14 17 8 3 16 5 19 18 4 19 15 8 16 13 7 12 15 5 12 19 5 12 14 10 13 15 7 15 13 12 9 18 5 18 18 7 15 4 10 17 19 10 14 18 7 14 15 7 13 17 3 
3 19 6 9 19 17 7 18 10 6 14 16 8 13 12 8 15 6 8 18 19 7 18 19 5 16 14 5 13 12 7 17 8 5 16 16 7 17 14 9 13 17 13 16 19 12 14 7 10 17 12 10 4 16 8 13 13 4 15 18 8 14 18 10 15 18 13 14 19 7 16 16 9 16 6 4 15 16 8 13 
12 17 8 15 17 5 12 17 8 14 17 4 6 17 4 19 13 6 17 13 10 17 16 19 8 12 9 16 12 7 14 15 7 18 16 9 14 17 4 18 16 8 19 18 8 19 18 7 16 19 4 17 17 8 14 15 9 18 13 10 13 17 4 17 15 6 15 17 5 17 16 4 18 14 7 14 13 3 12 14 
18 3 13 12 4 14 19 6 18 15 3 18 15 7 14 15 8 16 19 7 19 17 6 15 19 10 18 19 3 14 17 3 17 12 10 13 18 9 17 8 10 18 12 6 18 13 5 16 18 4 13 15 6 14 13 7 14 16 5 17 15 8 16 15 3 16 16 3 13 16 10 15 16 9 15 15 8 6 14 10 
3 17 17 6 14 14 9 12 13 14 13 6 10 19 19 3 15 18 7 17 19 9 13 14 5 18 13 5 15 15 15 13 17 7 12 15 10 16 17 5 16 16 7 12 15 8 16 19 5 14 14 4 12 14 10 16 15 7 18 19 3 13 18 5 18 19 8 16 12 6 17 19 8 13 3 3 12 16 3 9 
13 19 7 13 19 9 19 18 3 19 4 3 15 12 8 15 16 10 16 18 4 6 18 6 17 14 5 12 14 8 14 16 5 18 12 6 12 16 7 12 16 7 13 17 9 19 12 8 14 12 7 13 12 7 17 19 9 13 15 16 12 14 4 14 13 8 17 14 8 13 15 6 18 15 3 15 4 6 16 17 
18 8 14 13 6 13 15 7 15 13 6 18 13 4 12 18 9 19 13 3 18 14 10 12 17 6 15 19 6 13 14 9 18 17 7 14 18 3 12 15 5 14 15 5 14 19 19 18 13 7 17 12 4 13 17 10 13 16 7 18 17 8 15 17 3 12 19 6 12 15 8 13 19 7 12 18 7 15 15 8 
4 13 16 4 19 16 3 16 18 4 18 12 9 15 12 9 19 17 9 18 12 9 17 15 5 19 13 5 18 19 5 15 8 8 13 14 10 14 16 10 12 17 5 13 15 4 15 12 9 12 19 5 17 14 8 19 19 9 13 15 10 16 7 6 18 16 7 13 13 8 17 19 4 17 14 5 12 14 7 18 
12 18 10 17 15 10 9 13 8 13 17 3 19 17 8 5 12 5 15 19 5 8 16 3 14 19 7 13 12 6 4 14 9 19 18 16 16 18 13 19 15 4 13 12 8 18 15 7 18 17 7 18 14 5 12 12 4 14 19 4 16 13 5 17 15 5 16 16 5 15 16 6 15 15 3 18 17 5 12 13 
12 10 13 4 6 14 18 5 19 15 3 19 19 9 17 13 9 16 12 10 19 19 5 14 14 6 19 19 7 15 4 7 12 14 8 16 18 7 10 13 7 19 17 10 17 17 8 6 5 9 14 16 7 16 16 4 19 19 3 18 8 7 14 17 6 14 3 4 14 15 3 15 17 5 12 12 10 12 16 8 
5 16 15 3 18 17 4 12 16 6 17 15 6 13 17 10 13 13 7 14 16 4 14 15 3 18 18 4 18 12 6 18 13 3 18 14 7 13 19 10 17 18 3 12 13 6 14 17 3 13 14 5 15 15 4 15 17 4 12 17 5 17 17 9 14 18 8 12 16 10 13 14 13 12 13 10 17 15 5 12 
14 19 8 12 12 6 17 19 3 13 13 9 12 12 6 13 14 4 4 18 8 16 16 7 18 14 3 13 13 8 15 18 4 15 17 8 18 15 8 16 18 3 18 13 3 16 8 6 13 19 7 7 13 10 16 14 3 15 18 13 14 5 4 10 13 6 5 15 9 18 12 16 16 14 3 18 15 3 18 14 
16 7 16 19 4 15 12 10 12 18 3 14 6 8 19 18 6 18 4 5 12 15 10 13 19 16 16 12 10 13 17 3 18 4 9 18 13 6 12 12 4 4 7 10 15 15 6 16 12 6 19 16 6 15 13 4 17 14 9 18 14 7 16 18 8 16 19 7 16 19 6 3 14 7 19 19 5 13 13 10 
7 19 12 17 18 14 3 13 12 5 13 17 9 12 14 3 18 19 10 12 8 4 13 17 4 16 12 10 9 13 10 14 15 3 17 12 5 16 18 6 14 16 4 18 18 4 13 14 10 12 13 7 13 3 6 14 17 7 12 15 7 13 15 7 10 17 9 12 18 9 18 19 10 16 19 15 16 17 7 14 
15 14 4 12 12 7 18 14 4 17 19 5 19 14 4 18 17 10 16 12 7 13 18 3 13 14 3 12 13 4 18 15 9 15 12 15 15 16 10 14 12 10 14 13 8 19 19 8 18 18 5 17 17 10 14 14 3 17 17 7 15 16 8 15 12 6 19 5 7 17 17 10 18 17 3 12 17 6 19 18 
14 10 19 13 15 14 19 10 15 17 4 18 15 5 19 17 10 17 12 5 19 5 5 19 14 6 19 15 8 19 12 6 12 12 10 16 13 4 16 16 7 19 16 7 18 12 9 13 14 7 12 18 4 16 18 10 16 16 8 18 17 9 19 18 6 15 16 14 14 17 10 13 19 10 13 5 3 19 17 4 
8 15 17 4 15 15 7 14 15 8 17 17 6 16 13 6 14 19 18 14 19 7 12 17 4 19 16 7 18 4 7 12 16 5 15 14 12 19 19 6 13 18 3 13 12 4 19 16 9 19 19 6 18 17 3 14 15 17 14 18 5 14 16 8 12 14 5 17 16 4 19 17 8 14 4 8 15 16 7 12 
12 16 6 12 17 10 17 12 5 17 18 10 19 14 7 17 12 3 19 12 4 19 17 7 15 15 4 15 12 4 14 15 8 15 16 6 16 19 7 7 13 6 13 17 10 12 17 19 12 14 8 13 19 6 13 13 4 19 15 7 19 12 14 16 16 8 19 16 3 16 14 7 12 15 8 16 12 3 14 17 
16 9 12 19 5 14 12 4 15 18 9 13 19 4 14 14 7 16 19 9 14 17 9 19 18 13 19 16 10 17 16 9 16 3 7 14 15 3 18 17 19 15 15 4 14 18 3 19 14 9 14 17 6 12 18 8 19 15 9 14 15 8 16 17 9 12 13 5 14 14 5 12 19 9 10 16 5 14 15 5 
9 12 18 6 17 4 9 18 15 4 15 12 3 18 13 5 19 12 8 18 16 4 18 16 6 12 18 7 17 14 17 15 17 4 15 14 9 14 18 7 14 12 7 17 15 4 14 13 7 13 12 7 16 18 6 12 12 4 15 13 6 16 18 9 18 17 6 13 15 8 13 13 3 15 19 9 19 18 9 13 
18 15 4 16 12 9 17 18 4 19 19 3 15 19 3 12 14 10 18 14 8 16 13 9 19 15 10 12 19 3 12 19 3 15 13 4 12 19 8 12 16 19 15 13 4 14 17 7 17 8 4 13 12 9 19 13 9 16 14 5 13 14 5 13 15 5 13 15 5 13 16 6 14 15 6 16 15 9 18 13 
15 7 19 15 3 17 18 5 19 18 8 18 14 8 19 16 3 15 12 5 15 15 3 12 15 5 12 12 16 12 16 10 15 16 9 14 15 6 14 18 8 14 18 6 18 17 10 14 14 5 13 15 3 16 12 3 14 18 3 17 9 5 19 15 6 19 14 4 16 17 8 4 19 7 12 14 4 14 14 5 
18 12 14 10 14 15 10 14 16 8 14 12 3 13 16 5 14 13 10 15 13 9 12 14 3 18 14 7 19 15 6 13 19 9 14 13 6 15 12 10 15 13 3 17 16 4 14 15 9 12 16 10 18 15 5 19 13 6 15 18 8 15 16 4 13 19 7 17 15 3 16 19 10 13 15 5 13 12 10 18 
18 4 9 16 19 13 12 18 9 16 12 6 19 12 6 15 16 4 12 17 7 18 14 10 18 18 5 12 19 3 14 19 6 18 14 9 16 13 5 12 16 7 15 19 14 13 18 6 14 19 3 16 15 3 14 18 6 16 13 9 15 15 7 13 15 7 19 14 7 16 19 8 19 17 3 15 19 10 13 18 
18 8 12 18 3 17 17 3 14 12 7 19 15 4 14 15 9 17 12 3 13 17 10 14 18 9 12 18 4 12 16 5 17 18 6 15 13 7 3 14 9 16 19 10 19 17 3 15 16 5 12 18 7 14 18 10 13 14 3 9 12 3 12 17 10 16 18 7 19 12 3 10 18 10 19 18 8 18 16 6 
6 16 15 9 17 12 5 18 19 8 17 19 10 17 12 4 18 12 5 13 12 7 15 15 3 15 16 6 19 14 4 13 16 9 19 17 14 14 13 9 18 18 7 15 15 8 13 18 5 13 19 8 19 18 4 14 15 9 14 12 6 15 15 3 12 13 4 12 16 8 14 17 3 18 19 6 13 14 7 15 
10 17 3 5 19 4 16 7 6 15 12 10 15 18 7 19 4 4 13 12 10 17 19 6 18 15 9 15 15 7 12 17 10 19 19 7 18 12 9 19 18 7 18 3 6 13 13 9 12 14 4 12 16 8 18 12 4 12 13 9 15 6 8 13 18 8 18 19 6 16 19 13 12 18 5 12 17 6 12 14 
19 8 15 6 9 15 19 5 19 15 8 15 19 3 19 13 4 16 15 5 13 17 3 19 13 8 14 12 7 15 12 10 12 16 10 14 14 9 19 12 8 14 14 12 19 19 5 5 6 17 19 16 7 19 17 10 15 19 7 18 18 8 12 12 14 14 12 9 6 15 10 14 13 3 19 12 7 13 19 5 
9 18 18 4 18 18 4 16 13 3 19 16 9 18 15 3 16 18 10 16 16 3 15 17 7 17 7 5 19 18 10 16 5 6 18 17 8 17 14 3 15 18 9 17 13 8 5 18 8 6 18 4 16 18 3 18 17 9 13 15 3 19 5 4 17 15 3 18 13 7 16 18 10 16 17 18 14 18 6 15 
19 17 7 18 19 8 13 13 10 15 17 8 15 18 5 15 17 5 12 19 4 18 18 9 13 19 9 12 4 9 14 19 8 12 13 8 13 15 6 13 12 6 18 13 5 15 14 7 17 14 10 15 12 7 19 19 7 14 17 8 18 19 3 15 15 10 16 17 10 17 19 5 14 12 3 14 18 7 19 19 
19 4 14 15 4 14 19 5 15 14 7 14 18 8 12 14 4 13 16 7 18 14 7 15 16 8 9 14 5 13 12 4 17 19 4 16 13 4 19 19 7 17 19 7 18 16 6 14 18 6 13 14 5 17 6 13 19 15 8 12 13 9 19 18 4 17 4 4 17 14 7 17 14 7 19 18 6 14 15 7 
8 19 18 9 15 15 5 19 18 6 13 16 7 18 15 4 13 13 4 13 13 6 13 12 4 17 15 7 16 14 3 18 13 19 18 14 6 16 18 3 4 12 3 12 18 8 12 15 18 19 15 10 15 17 9 14 17 8 18 18 9 16 17 3 12 19 14 14 15 3 12 17 3 16 12 10 18 18 6 12 
15 17 6 19 17 4 17 13 5 18 15 5 13 16 8 16 14 3 12 18 8 13 16 10 12 12 3 15 17 5 17 16 7 15 16 3 15 15 10 16 14 8 12 19 5 17 12 7 17 12 6 17 17 5 13 18 5 16 16 8 13 16 4 19 19 7 17 19 15 15 12 5 19 12 5 17 12 4 12 12 
14 7 14 15 6 16 16 7 16 17 9 18 10 7 13 17 12 19 18 7 17 17 5 4 14 6 18 14 6 12 19 16 15 18 9 14 18 5 19 15 8 18 19 6 17 6 7 14 13 3 17 12 9 15 13 6 16 17 6 16 12 5 15 19 5 12 13 9 19 17 5 15 12 9 17 14 9 14 16 5 
10 13 17 7 16 13 3 18 17 7 19 15 5 13 6 19 19 13 5 3 15 3 14 16 7 5 14 8 16 15 4 17 16 10 9 3 7 17 18 4 13 12 3 19 16 6 17 19 12 16 14 3 14 16 6 12 17 4 18 16 9 17 15 3 19 18 4 17 19 10 17 19 10 13 18 5 15 17 8 13 
15 18 5 16 15 7 18 15 10 13 16 5 18 15 9 17 15 7 16 16 10 15 18 4 12 15 3 12 18 3 13 6 6 17 13 6 13 13 9 16 15 4 14 17 9 13 12 10 12 17 5 13 14 14 17 14 6 19 13 8 18 18 7 19 15 8 18 18 9 13 15 9 13 18 4 15 17 8 3 12 
15 4 16 18 6 16 19 6 12 19 16 14 18 8 13 15 3 13 14 18 14 16 8 18 19 7 14 13 6 10 16 4 18 15 3 17 17 3 17 19 9 19 14 5 13 14 9 17 15 5 15 18 5 13 19 3 5 16 9 16 15 7 14 13 5 12 17 7 17 19 10 12 12 4 19 12 4 13 12 8 
7 17 14 5 15 16 17 9 15 3 19 14 8 12 14 4 18 18 3 12 14 3 16 19 5 16 13 8 5 16 19 13 17 7 14 14 8 15 13 5 16 18 5 17 13 8 17 18 19 18 15 6 9 17 19 17 19 7 12 17 10 13 12 5 15 13 4 19 9 7 13 16 17 16 14 5 16 15 4 15 
14 5 6 14 14 8 12 16 9 19 18 6 15 12 10 12 18 7 18 13 3 18 18 6 16 18 8 19 13 15 14 15 8 19 14 4 17 18 8 13 5 3 19 6 6 16 16 9 15 13 8 16 13 3 16 14 6 16 14 7 17 18 10 16 17 5 12 12 10 19 10 5 15 14 9 16 16 8 17 18 
13 7 16 13 9 15 18 4 19 18 9 19 15 14 15 19 7 12 12 9 19 14 9 12 13 16 17 19 5 19 18 8 19 16 9 14 12 10 16 14 9 12 12 3 18 18 6 18 17 6 12 15 8 19 15 5 15 12 6 19 15 5 14 13 9 13 12 7 18 13 3 15 14 3 14 19 8 15 14 5 
5 18 12 6 15 12 9 13 15 6 15 14 6 18 12 19 14 12 8 13 17 10 13 18 8 7 16 5 12 17 5 16 15 10 14 13 5 13 18 6 13 13 3 19 12 3 12 17 9 14 12 6 7 13 3 17 17 6 18 13 3 13 16 7 16 13 10 17 19 9 12 18 8 13 12 10 14 17 5 16 
19 14 3 18 17 6 19 19 3 18 19 3 6 19 7 17 15 3 12 13 10 18 12 7 15 13 9 19 17 8 15 19 4 16 19 6 17 15 6 15 10 3 17 13 15 13 13 4 15 18 8 15 13 6 18 19 4 18 18 7 12 19 10 17 14 10 18 14 5 19 19 4 12 16 14 12 16 8 15 17 
13 3 12 14 3 17 19 8 14 12 6 14 15 8 16 17 8 19 13 9 14 17 4 12 15 10 19 15 10 19 16 8 17 15 5 18 3 9 13 18 5 15 16 3 13 13 14 13 18 9 15 15 8 4 18 7 16 18 5 16 14 10 4 12 10 18 19 7 12 19 7 6 17 8 12 16 6 17 18 7 
9 18 16 6 19 14 8 16 6 6 18 12 3 18 19 5 18 18 6 16 17 9 19 14 9 15 15 4 17 19 4 15 19 7 15 12 8 15 15 10 14 19 10 17 19 5 19 17 6 14 19 8 12 15 9 12 15 3 17 18 8 16 15 4 19 13 7 13 13 19 19 12 7 14 13 7 14 15 4 15 
13 16 6 17 13 7 18 19 19 12 16 16 18 16 10 12 12 7 13 13 7 17 17 4 14 12 7 17 16 4 12 12 3 13 19 3 17 13 10 12 15 8 16 6 5 18 19 6 18 17 6 14 19 4 16 17 3 18 13 12 14 13 8 13 14 5 13 18 10 19 18 7 12 16 3 15 17 6 12 18 
17 3 15 15 9 16 12 6 15 15 10 14 15 3 6 17 4 12 14 9 17 13 5 17 18 5 17 12 3 16 7 10 15 12 8 15 18 5 19 16 9 13 18 8 12 17 4 16 16 5 19 12 10 17 16 10 14 12 5 4 17 6 13 14 9 17 16 4 15 12 5 17 17 7 18 16 5 15 17 8 
6 18 17 3 15 15 9 12 14 9 13 19 8 16 13 10 10 13 8 5 14 4 17 17 3 17 13 7 18 14 5 14 15 8 16 13 3 18 19 10 4 19 5 12 17 3 19 12 3 15 14 10 17 14 8 14 19 10 18 18 6 18 18 6 17 13 5 19 19 10 13 13 10 13 12 8 19 14 5 13 
14 16 10 19 14 10 19 15 9 6 15 4 18 16 10 19 13 6 15 12 8 10 17 7 15 15 9 17 13 14 15 17 7 19 12 8 18 12 6 15 13 17 12 17 10 16 10 3 14 18 5 12 18 4 15 13 5 19 14 5 19 12 10 12 15 9 13 18 8 15 14 5 18 13 7 19 12 3 15 12 
15 4 13 16 5 16 17 9 19 17 10 19 12 3 12 19 10 19 16 13 14 15 7 13 13 5 18 15 5 13 19 9 14 16 8 14 16 4 19 14 7 16 13 8 16 16 5 14 3 6 14 15 9 19 16 5 4 6 8 13 19 10 19 14 6 13 15 6 12 14 4 16 15 3 16 12 5 16 13 8 
14 14 12 5 19 16 6 17 12 10 19 14 8 14 17 4 17 12 9 16 12 10 14 16 3 14 16 5 12 12 3 16 14 17 18 16 6 15 17 7 12 12 10 17 15 8 19 14 10 12 16 4 18 8 6 18 18 6 16 17 9 16 4 6 16 16 7 16 15 9 19 12 5 14 15 4 13 14 6 16 
