1000
2526 1826 23 17 21 49 113 141 159 233 234 318 319 406 440 480 486 490 542 652 658 755 821 840 925 948
2824 1161 10 267 300 333 498 547 550 554 674 735 930
557 1798 5 263 421 458 503 811
2469 778 8 243 279 601 649 678 743 764 857
27 2104 10 41 60 184 239 336 340 520 684 775 837
1960 2963 4 193 313 525 669
1117 970 3 44 183 186
2280 1096 5 24 67 149 492 666
2307 917 8 333 337 338 446 493 498 554 790
2920 1303 4 211 362 715 752
1877 1854 2 339 850
159 947 3 566 703 917
2669 1415 11 56 167 187 211 237 342 390 459 674 727 964
582 1238 6 27 28 163 458 503 627
1477 2499 5 307 462 749 863 879
1574 1811 3 125 339 955
2225 1710 3 1 440 658
2336 832 5 108 407 601 649 884
2811 2150 4 43 85 685 858
1662 966 3 100 521 532
2266 1768 5 1 365 490 658 826
2512 1286 3 220 390 595
616 2227 5 231 368 585 706 970
2130 953 3 8 149 397
582 2975 16 27 37 163 192 363 374 419 437 496 725 736 746 860 883 915 963
1241 2237 6 36 71 79 293 762 807
16 2991 28 14 25 28 37 86 132 163 189 239 251 335 381 394 447 522 533 552 553 577 580 684 725 739 767 785 837 921 994
576 1223 10 14 27 236 409 451 503 597 785 894 987
711 399 3 453 679 815
1752 257 3 157 214 415
2980 1900 5 106 527 929 964 996
263 1981 3 169 377 705
1131 739 4 93 210 532 907
1110 2529 5 165 221 389 557 878
1743 2645 5 54 103 332 720 806
1321 2204 9 26 293 452 454 466 583 645 762 859
382 2958 6 25 27 189 245 374 866
1389 1723 2 247 955
140 1885 4 447 469 794 814
388 859 5 317 406 582 591 998
138 1605 4 5 184 340 633
2283 2048 2 283 612
2898 1657 11 19 85 162 258 260 289 408 478 483 532 685
1696 1302 10 7 117 160 183 186 205 367 486 652 865
202 827 7 176 181 241 559 626 745 914
2156 496 4 152 226 350 687
2851 2483 5 325 494 531 647 827
449 62 4 378 747 763 789
1527 1277 10 1 159 282 406 443 568 608 609 777 832
2104 1160 5 168 254 288 521 846
2447 1632 3 334 755 912
702 2429 10 89 124 301 439 519 555 638 642 653 696
2997 436 2 637 964
1121 2239 9 35 103 307 332 357 692 806 863 879
2147 404 5 226 592 677 918 942
1547 796 3 13 167 342
1605 658 7 118 333 400 446 551 578 667
765 1189 7 148 274 316 673 803 923 946
1826 2845 6 276 419 575 860 936 979
84 1542 5 5 317 520 582 906
1630 2265 6 66 385 454 606 927 997
2266 2254 3 104 223 386
1176 1824 5 109 146 194 284 565
1619 2004 7 121 281 346 441 509 630 812
2828 398 6 119 180 395 457 700 818
2129 1992 14 61 212 371 385 423 454 465 511 574 622 630 631 645 927
2153 937 2 8 397
2285 2611 3 122 817 997
1104 382 2 237 754
2979 1503 5 134 246 752 842 964
1110 2224 12 26 74 293 357 452 543 630 656 807 863 937 957
2615 2706 3 817 835 977
626 288 2 694 773
1346 2345 4 71 79 543 807
1383 64 8 378 398 473 624 759 855 856 924
1037 1059 9 285 316 444 482 673 721 832 954 990
1370 671 4 237 390 646 839
386 1139 6 153 182 327 593 705 770
1304 2269 9 26 74 196 399 411 543 583 641 762
315 1059 2 447 582
1109 2510 3 165 822 878
2536 861 3 108 407 764
2662 354 10 119 130 395 460 587 592 634 809 890 969
2928 2603 3 232 325 827
2836 2318 7 19 43 258 531 804 858 983
114 2815 4 27 132 189 717
589 2 3 326 701 904
1385 1666 2 247 286
626 2455 4 52 301 417 653
2850 305 7 130 170 201 460 524 637 779
2895 717 6 131 348 360 674 700 818
2471 563 5 226 376 468 733 913
933 619 6 33 317 532 623 907 981
354 986 3 120 327 691
832 2657 4 301 437 638 642
1445 1893 5 247 284 349 573 955
1330 530 3 133 667 773
529 2907 7 213 363 374 496 586 866 885
2304 1662 1 948
2160 1177 3 20 521 532
1678 1796 6 125 331 450 734 850 974
2916 2233 3 531 556 983
1504 2469 5 35 54 357 720 806
2130 2178 10 62 223 386 423 548 581 690 902 927 997
2741 1973 5 418 507 689 723 869
2973 2671 4 31 527 618 996
1996 2107 1 371
2534 912 14 18 82 375 400 407 422 570 604 735 764 774 884 930 966
1234 1808 8 63 146 481 528 565 740 781 893
300 2566 3 613 885 900
235 491 8 177 181 280 383 663 792 852 880
1152 1345 4 247 364 504 573
2308 1669 3 1 925 948
1796 1693 3 545 621 959
1520 2191 3 454 536 903
1243 2777 2 303 979
1475 1165 2 44 205
1753 740 3 57 333 446
2385 401 9 65 83 129 180 345 395 634 867 942
362 917 12 94 139 202 327 447 510 582 591 625 691 739 975
1969 1954 4 64 509 630 808
1894 2468 10 68 249 429 648 868 871 874 926 985 997
2432 86 4 354 387 675 795
1107 2637 4 52 145 696 707
1547 1737 7 16 101 331 339 450 644 955
2337 2570 6 343 430 541 657 835 950
599 2321 3 585 934 999
1813 426 7 240 350 456 722 764 895 982
2719 437 10 119 131 180 660 799 867 881 913 933 942
2507 206 9 83 90 201 378 460 564 587 761 779
2860 814 4 91 129 360 700
177 2520 11 27 86 163 213 245 272 287 613 717 744 900
1431 571 6 97 375 400 667 773 774
2983 1238 4 70 246 842 964
2373 2623 3 817 977 997
824 1728 2 225 341
2167 1805 3 262 372 545
2279 2142 4 283 511 574 622
1059 1052 6 120 202 229 285 778 975
2804 2938 2 351 618
2506 1700 6 1 233 480 651 925 972
563 2612 3 329 437 886
617 2745 3 437 820 988
39 1317 5 215 520 619 901 993
1101 2641 3 124 696 707
1321 1851 4 63 109 284 740
1982 953 3 584 664 698
695 1193 4 58 274 488 946
2110 957 7 8 24 397 414 595 698 813
1945 2552 3 324 697 708
1216 4 2 887 904
2495 631 7 46 226 376 687 733 751 913
275 1559 10 78 327 347 471 522 635 739 770 909 978
2839 950 5 360 392 636 751 913
1977 1691 3 658 777 959
104 788 3 271 703 745
2061 227 8 30 178 214 415 610 809 965 967
2594 2407 7 379 386 514 548 690 902 1000
1677 1373 5 1 49 290 440 609
1848 1383 3 44 486 652
2377 1457 12 166 228 273 289 434 480 501 535 599 623 802 992
2657 1576 4 43 289 483 596
262 2255 24 14 25 27 132 192 253 264 321 329 363 370 373 523 585 613 627 776 780 820 885 886 915 980 986
2434 1064 2 436 492
964 2428 3 34 81 221
2274 1463 5 161 434 480 535 620
1588 815 6 13 56 237 342 459 727
2195 1233 7 50 258 260 288 478 532 899
516 1011 8 32 182 256 377 416 705 894 978
2846 272 2 90 637
708 1439 4 225 428 488 923
694 1891 9 225 341 427 500 503 597 695 729 771
2896 875 0
443 1998 4 585 671 771 811
806 2119 4 309 499 509 518
217 1063 7 45 181 280 619 836 888 914
300 276 9 111 317 383 405 515 665 792 880 968
1761 199 3 157 214 219
1080 2838 2 303 766
2687 427 3 65 119 129
348 535 6 45 111 176 280 626 889
514 964 11 78 169 236 327 593 597 625 691 705 854 894
551 643 11 7 44 186 205 367 599 623 652 713 848 976
34 2110 9 5 41 239 447 469 497 633 756 814
1118 1208 8 504 573 643 832 845 862 892 922
1263 1056 4 7 44 183 367
2816 1401 6 13 362 674 738 818 842
2989 2692 2 527 964
120 2934 5 27 37 86 245 717
687 2255 3 231 368 970
742 254 3 237 731 891
320 2380 3 25 163 915
1201 2979 7 6 313 351 525 669 725 937
1283 1884 5 63 284 323 352 892
1086 2746 3 303 401 963
1510 2381 3 79 583 641
1390 1464 3 432 611 760
513 1518 3 458 627 947
2065 2647 5 207 324 435 641 712
863 2458 7 221 368 389 499 509 704 822
2684 284 4 90 130 460 524
382 888 4 120 139 591 778
1855 467 4 240 279 380 764
1058 1674 2 643 740
768 705 9 44 117 183 294 480 486 599 661 865
1457 965 2 228 480
2032 2648 6 199 217 270 641 712 920
132 2325 2 510 739
1672 2660 4 307 366 692 833
2318 1240 8 33 227 322 532 603 655 907 964
2948 1453 5 10 13 715 931 964
1903 2055 2 66 995
367 2727 7 98 132 245 287 586 744 900
1458 184 9 30 157 178 219 305 445 516 564 965
46 1534 4 144 520 619 901
1835 1168 2 228 480
2299 2794 6 207 270 399 543 872 920
1605 1900 3 222 805 955
2111 196 7 178 214 250 433 506 564 610
2335 1117 5 22 390 492 595 876
860 2412 5 34 165 200 389 557
1494 1958 8 218 284 304 339 585 630 805 955
2460 2342 4 62 104 379 423
486 190 5 237 539 572 680 861
793 1837 10 136 171 172 255 341 427 500 923 943 946
2074 423 9 46 55 92 152 350 413 468 592 733
2072 1106 7 210 306 322 453 529 815 964
2228 1378 5 161 206 216 480 599
543 758 4 139 285 778 832
145 67 9 238 442 699 711 747 753 763 784 989
645 2181 3 23 190 368
2963 2429 6 84 325 526 618 709 827
2535 1715 8 1 141 334 480 594 724 755 912
2441 1772 9 1 319 406 464 485 495 652 848 973
606 1822 3 503 671 695
607 1095 3 28 182 894
399 200 27 13 69 77 167 191 224 393 403 404 436 459 572 646 666 667 682 714 731 754 768 839 849 861 891 896 945 964
151 112 5 230 252 442 679 753
45 2549 10 5 27 184 447 470 533 590 684 756 798
2075 563 6 128 203 380 456 722 764
125 446 7 45 424 448 559 628 663 718
2866 134 5 361 387 624 819 823
1596 525 8 4 259 291 302 649 678 754 945
2204 74 2 412 473
162 2914 8 37 132 189 213 586 717 744 866
2979 1319 3 70 134 842
1247 1638 10 38 88 96 112 364 504 573 644 850 955
2445 2447 3 716 742 950
2513 2730 4 122 463 868 926
2096 251 3 219 506 610
26 2482 4 27 640 684 837
374 136 4 238 679 753 989
386 2354 3 163 264 373
2450 1327 5 50 288 521 844 846
717 1849 5 225 500 597 614 946
118 2625 10 169 315 416 537 577 785 894 978 987 994
393 1201 2 593 705
2911 1663 7 43 85 168 260 288 556 983
1455 471 3 243 291 754
1976 1138 4 43 168 258 478
2471 1126 3 492 569 876
2035 1847 3 137 278 372
569 1810 4 3 549 671 811
548 2547 6 163 253 373 426 653 886
1071 2058 5 269 281 441 518 670
99 947 4 271 384 703 791
2758 1208 5 2 300 436 550 928
2768 656 5 476 636 881 913 933
925 2217 6 265 309 441 509 518 812
2022 2665 4 207 217 399 641
98 827 6 156 266 448 703 745 791
365 2692 3 132 613 900
2071 1296 3 161 480 992
787 1463 4 58 148 488 923
1638 1630 3 311 440 658
1758 2770 6 59 558 560 650 936 979
2170 38 3 361 675 924
2301 1866 10 262 283 365 372 545 574 612 630 939 959
931 48 8 4 203 378 380 743 764 825 861
387 543 7 111 176 181 405 619 654 852
1695 1956 9 64 265 368 441 518 585 630 670 706
1508 1328 4 49 608 777 832
2478 2036 8 42 138 278 365 612 622 802 939
1428 1964 10 63 96 146 194 222 352 573 585 740 955
1063 1054 6 76 139 229 444 832 975
1286 1584 7 88 504 534 545 621 777 850
251 2677 3 132 213 744
2972 1645 11 50 168 254 258 388 556 618 797 846 964 996
2630 1591 9 43 161 162 358 596 623 685 719 802
1909 1513 5 159 440 609 864 991
1561 509 4 243 259 896 945
1433 1940 2 349 573
1368 2162 4 26 36 71 452
1038 824 4 205 480 486 661
1977 584 3 678 873 919
1043 2773 2 502 746
566 329 5 317 529 655 815 968
1303 1561 4 504 611 760 777
2501 2798 5 328 605 618 920 953
2702 1269 5 2 267 538 674 928
779 2745 7 52 89 95 417 437 439 638
1529 472 6 243 308 420 678 800 945
1172 2754 11 116 179 195 401 502 571 681 746 766 963 979
1597 1956 2 222 630
1453 164 2 214 516
1226 692 4 227 322 529 655
1583 2568 7 15 54 209 366 509 692 749
1545 408 3 302 420 945
883 2225 4 175 269 509 518
1377 2085 2 346 509
1828 1599 3 275 440 658
1728 1458 3 758 838 864
1857 2964 3 6 193 525
1641 343 3 413 456 982
334 1790 5 256 537 598 851 894
929 1382 7 58 76 482 673 676 803 954
563 357 13 40 60 93 177 297 520 582 623 655 665 907 968 976
2061 1513 3 1 486 542
2482 1801 3 1 234 406
1206 269 6 378 539 747 750 849 861
437 2547 4 163 329 820 988
1207 708 4 210 227 306 655
1175 1830 3 194 565 892
2002 2574 7 150 199 435 641 697 708 712
2942 2760 8 47 84 232 494 526 647 796 944
2753 6 8 87 361 484 701 801 887 904 910
336 1127 7 78 94 120 153 182 691 739
2697 2868 4 299 562 618 953
498 2544 7 142 163 321 437 776 886 988
352 187 3 404 679 714
1592 1762 5 101 125 339 828 974
2107 2891 8 35 54 357 513 692 720 833 937
1819 785 8 2 9 57 118 498 547 550 578
2447 1637 4 51 233 755 912
331 1034 5 27 447 489 510 552
15 550 6 5 355 775 837 904 962
2564 988 7 9 400 477 493 554 735 790
2001 809 4 9 446 493 551
1767 1928 13 11 16 125 222 331 372 545 630 734 805 828 955 974
177 1359 4 5 41 567 582
796 1996 9 136 172 225 352 455 786 892 943 954
1257 657 4 13 56 167 727
2764 2767 6 126 430 494 530 742 835
1491 368 4 420 512 861 945
2211 404 4 119 592 634 942
1400 2075 3 64 310 509
363 1237 2 153 770
2884 818 3 91 674 818
1346 1784 4 96 292 573 831
2210 553 6 46 128 226 413 895 982
2322 2982 7 140 193 381 618 669 725 877
968 2013 6 194 284 341 585 771 892
86 1755 1 906
2728 34 4 123 361 387 675
33 375 6 336 424 448 679 847 962
2649 2685 2 742 870
2106 2814 5 54 71 103 332 937
2072 1276 5 289 532 632 719 981
2155 1052 4 414 664 672 813
2846 1070 8 91 131 154 422 674 751 764 930
2806 30 13 242 277 326 354 378 387 484 602 624 675 801 819 924
2919 1283 5 10 187 738 752 842
446 2689 5 25 98 163 496 885
1193 1436 2 112 247
2436 1927 8 21 278 283 658 755 802 826 959
1480 2575 8 209 307 509 650 816 829 833 936
1701 1311 4 44 183 186 652
691 2095 10 23 190 200 231 281 499 518 704 706 970
632 753 3 406 748 976
439 2580 1 163
2051 2098 5 66 107 385 606 927
1896 1860 6 137 262 278 339 545 630
326 2209 6 163 253 264 519 523 653
397 2950 5 25 37 98 496 866
2264 826 6 108 133 773 774 916 966
2578 645 4 92 152 733 913
249 2041 8 32 169 425 540 635 705 770 978
807 25 16 48 75 130 279 320 361 398 564 761 763 789 825 841 861 887 911
2737 2459 7 158 223 386 423 514 730 984
963 51 10 203 240 279 445 456 479 516 688 825 935
1594 2981 5 27 351 461 725 767
1651 2454 2 583 641
310 423 4 111 177 405 852
85 1242 3 266 619 703
1811 2172 4 61 66 371 606
2191 2243 4 62 104 158 379
2532 87 6 123 242 354 361 624 819
2924 1790 2 288 556
1125 2601 11 34 200 221 557 558 615 668 704 816 829 878
2590 1356 13 13 22 77 220 459 569 595 646 664 674 768 813 843
944 2723 5 437 561 571 728 963
2662 718 3 154 751 913
1206 391 2 237 754
374 2996 3 27 757 767
2459 390 5 65 83 119 457 460
2106 2617 5 605 708 958 985 997
1756 775 4 24 67 149 666
1318 64 6 75 378 616 761 779 855
1671 2509 5 79 217 270 543 641
2555 956 10 57 108 133 337 477 551 604 667 735 774
1046 2768 4 195 303 502 963
2783 2813 3 530 817 874
2113 1118 4 237 404 453 964
1089 572 6 237 330 403 453 679 898
385 515 5 177 280 383 654 852
478 681 13 1 40 49 234 319 369 591 748 778 832 973 976 998
2445 826 5 18 82 108 601 764
2316 1355 3 43 483 532
533 1337 2 28 894
667 2320 2 704 970
1576 2439 2 79 641
2538 117 3 244 473 675
2038 454 7 226 314 350 456 592 809 982
1811 808 6 149 359 584 664 672 698
1737 292 7 30 157 445 456 688 732 809
365 1647 3 169 256 894
527 2407 5 89 301 437 653 886
2652 2051 6 105 467 507 683 689 984
764 2955 6 25 59 575 833 860 883
1595 410 7 302 308 344 472 800 861 873
546 1706 4 3 585 787 811
2604 879 4 108 360 764 930
2313 2263 8 66 104 223 379 465 622 927 984
41 488 8 241 355 448 505 663 679 792 847
290 1837 3 377 705 770
500 2436 3 264 653 886
706 1884 3 172 225 500
700 1363 3 171 488 923
2122 2552 3 122 817 874
2729 2746 4 126 343 742 870
2183 448 3 468 677 918
1410 1375 8 197 600 611 617 662 760 777 832
2217 218 4 219 506 564 853
2280 1441 4 161 166 480 992
2051 2637 3 199 324 641
2538 1089 11 164 237 267 474 492 538 550 569 578 666 667
754 2859 15 25 95 142 143 301 329 391 417 561 642 736 820 915 963 988
2184 63 1 675
754 2604 3 52 301 638
2009 1569 10 1 17 159 275 290 311 658 777 932 991
1183 2085 6 64 265 269 281 670 812
58 232 6 230 238 679 784 904 940
1542 1353 1 49
850 1065 5 76 285 673 946 975
1018 69 6 214 380 415 516 639 688
1991 818 5 9 57 118 338 551
336 988 14 27 39 80 120 184 239 335 469 533 582 590 633 798 814
51 634 8 241 271 355 424 745 791 962 993
2903 2866 7 494 526 530 810 871 874 926
1726 1801 4 101 125 644 850
488 1469 3 28 894 987
1683 2066 6 36 71 293 466 630 645
1119 595 8 29 227 403 404 679 815 898 964
1469 2225 13 36 61 66 115 487 536 631 641 726 824 859 995 997
983 1550 3 341 892 954
1545 313 11 128 240 314 380 413 415 688 722 732 809 982
2788 394 5 65 395 460 637 818
590 1275 7 3 14 198 503 627 787 947
1385 700 5 13 167 237 390 768
2760 393 8 83 90 130 201 395 457 524 637
1633 2996 3 381 757 767
1303 2421 2 15 879
2295 2660 6 249 563 648 710 868 926
2045 1524 3 234 495 848
2185 2134 3 66 423 927
1536 2120 2 36 452
2517 2213 7 418 689 702 741 830 941 984
2598 602 7 92 226 431 677 913 918 942
181 1659 5 39 184 447 783 794
98 2198 3 239 756 814
190 2163 3 153 635 978
1629 435 5 420 678 861 873 919
2883 176 8 75 244 412 624 675 759 795 856
2498 1102 3 436 492 569
2404 640 2 687 764
2791 794 2 268 636
2098 822 3 337 400 551
1771 1037 4 43 168 260 532
2112 190 3 380 564 935
758 599 22 1 141 161 166 205 206 216 228 233 273 294 434 486 599 620 661 724 755 840 912 925 992
1070 1841 3 109 565 893
939 1180 3 76 316 721
1608 1004 4 43 162 408 532
2531 20 3 326 361 887
1254 1102 5 234 713 748 848 973
1197 921 9 1 44 160 205 294 318 480 652 865
1553 2251 2 454 997
667 1202 5 148 171 274 428 923
165 2094 2 335 510
2488 1825 2 1 21
271 1606 1 635
2464 1081 10 8 164 220 261 436 474 569 595 666 876
2404 932 5 9 337 338 551 790
2882 2801 10 47 325 343 449 526 530 647 742 858 944
2066 1539 3 234 464 848
548 2952 4 25 98 363 374
250 1337 1 184
2544 1043 4 2 9 333 554
726 2104 5 175 200 368 509 518
706 1855 6 172 225 255 427 597 729
2570 1676 5 161 535 755 802 875
919 2788 5 296 303 401 746 963
630 1231 8 3 14 28 172 235 458 671 695
1362 1298 6 112 185 247 286 298 760
59 355 3 424 679 847
2374 312 6 219 250 433 587 967 969
2682 2033 3 105 418 723
156 1154 3 619 686 737
791 2270 17 64 121 175 200 269 307 309 310 346 366 499 630 656 749 822 829 863
170 2099 6 120 208 335 489 552 739
2180 2029 4 66 138 574 622
1465 316 5 344 731 861 891 945
1136 2951 5 332 588 589 833 937
2720 2455 5 158 379 517 716 730
413 562 3 177 619 665
1561 183 5 214 305 380 445 564
2748 2500 3 514 716 730
860 2073 7 175 265 269 281 309 368 499
420 2250 10 52 373 523 555 585 615 653 707 934 979
30 1673 10 5 60 144 215 317 619 665 775 962 993
2269 1227 7 20 50 100 254 532 603 899
150 2270 5 27 153 553 739 978
312 2187 4 163 373 519 585
2748 354 3 90 201 460
2328 2880 5 6 193 313 920 937
2940 2903 7 232 325 449 494 618 710 810
2982 2904 6 31 106 188 618 929 964
1062 1788 5 109 643 740 781 893
898 502 5 227 297 306 655 815
2883 2850 6 343 402 449 494 817 874
2943 2260 8 47 85 102 556 709 827 858 983
1130 739 15 20 33 43 93 100 168 210 358 408 478 483 521 596 899 981
178 1970 3 27 239 447
1747 1699 2 286 850
2412 1541 5 161 166 501 620 875
1814 2067 5 115 454 645 824 903
316 1923 4 256 315 598 894
2693 1324 6 300 436 569 674 693 928
629 176 5 224 320 750 849 861
235 1897 3 377 635 770
2468 2572 4 126 716 835 897
1859 1379 3 1 318 652
1537 2456 6 71 74 79 217 399 937
498 1600 2 787 947
2073 1753 6 114 137 278 286 339 372
123 897 2 703 917
2602 1100 3 2 333 550
2134 2260 3 104 158 902
520 1965 3 263 671 811
2743 1175 6 2 267 333 436 547 578
1735 709 6 57 338 400 446 477 493
43 2829 4 27 335 510 739
47 2844 3 27 522 577
2465 967 5 2 9 337 498 735
555 2346 2 52 519
2914 2114 7 102 258 288 388 531 709 983
1018 2514 3 34 221 389
1737 2767 8 276 389 560 650 668 816 952 979
169 621 3 45 241 628
1748 2766 3 276 558 650
871 2763 5 391 437 571 642 728
2716 2933 4 328 618 877 953
2587 2777 4 463 605 618 648
2411 199 11 130 214 219 378 433 479 516 587 825 853 935
1000 1867 5 63 109 323 481 893
135 944 3 12 703 917
85 1787 1 340
1601 1506 2 49 961
2643 1288 8 261 390 436 474 492 538 693 876
1524 568 3 108 884 966
884 2662 8 303 391 561 642 696 728 963 979
825 244 4 224 237 680 861
1091 1448 10 96 112 185 247 284 292 349 643 740 831
2251 2012 6 66 138 278 511 612 630
1562 2884 3 59 419 936
652 1717 1 695
97 2612 5 27 256 553 978 994
1776 768 5 57 333 436 550 667
2995 806 0
7 2558 2 27 921
1749 2259 3 104 927 997
182 1313 9 40 60 80 120 317 340 447 633 906
1682 2438 7 36 79 196 382 641 762 859
2220 1128 3 147 414 664
346 2080 23 23 127 163 174 222 281 284 352 421 519 523 627 630 704 706 771 787 811 934 947 970 986 999
278 2811 4 98 213 245 866
2529 321 7 83 130 506 564 853 890 969
1057 2955 5 513 589 725 833 883
1033 2965 4 513 588 725 937
127 2082 3 239 447 798
470 740 5 40 120 202 406 778
1986 339 8 55 83 226 345 413 634 809 942
397 1224 4 78 182 257 705
2184 1488 2 233 912
2287 1121 6 22 149 220 390 492 813
2520 1518 3 162 289 532
624 1027 9 28 172 182 255 500 625 729 946 975
495 1373 3 315 537 894
661 531 6 161 183 205 228 480 623
1517 1547 4 432 611 662 777
2515 801 5 4 18 407 649 764
2921 118 2 361 624
2743 1485 4 210 521 844 964
2397 889 3 108 400 774
2322 2748 7 299 396 563 618 648 958 985
1902 2155 4 61 371 385 927
1808 2088 3 645 824 995
1533 1399 3 49 282 777
1679 1395 6 49 159 290 838 864 961
2075 268 4 157 219 250 967
1528 1610 6 197 298 432 600 760 777
2290 1972 5 42 278 283 574 939
209 2478 6 110 132 163 272 885 900
715 1493 2 255 946
741 2417 5 389 519 668 704 934
2096 151 3 398 761 779
1452 1420 3 432 777 832
2967 2927 16 106 140 232 288 299 328 351 526 527 562 563 605 709 710 797 996
79 1534 19 144 176 215 280 384 508 515 520 654 665 686 703 737 791 888 901 917 956 993
1655 1138 5 166 480 535 755 875
1882 1698 4 114 286 777 959
2330 2258 10 66 138 283 423 511 741 869 938 941 984
574 469 10 93 161 183 289 317 599 719 769 976 981
2950 189 12 75 242 361 387 473 602 637 779 795 823 855 908
499 954 5 120 182 597 691 975
230 689 5 45 181 628 663 889
541 1395 8 14 163 198 458 585 947 980 986
179 647 5 241 559 626 663 718
2357 664 2 687 895
2273 1899 18 64 66 71 121 222 278 281 304 339 372 452 509 574 585 645 656 808 957
2066 2011 3 66 454 995
1473 940 2 358 981
192 1496 4 41 184 447 582
2274 387 4 83 119 345 592
170 2348 6 153 377 471 491 540 978
2853 915 5 154 268 476 881 913
2988 289 10 53 90 170 457 460 624 779 818 842 964
790 2671 5 52 95 301 439 642
1555 238 2 445 688
23 1972 3 251 684 837
1914 2616 15 79 196 199 207 270 324 382 399 411 435 454 583 697 726 859
878 2616 7 52 95 437 561 571 638 696
1025 1644 7 185 204 528 573 740 845 893
1662 1769 3 125 247 450
2097 1962 9 36 66 452 536 607 630 824 903 995
1454 728 4 77 237 390 768
2861 2534 4 47 325 494 944
2382 2749 6 122 463 563 605 868 985
1329 495 6 4 18 243 601 754 884
1551 2628 6 276 366 558 560 816 936
1829 1297 2 141 925
2010 1495 9 1 44 160 183 234 367 486 542 848
446 2324 8 52 89 264 373 417 426 519 886
405 543 3 280 405 619
948 602 7 210 297 306 317 322 529 907
926 2251 5 71 509 630 863 957
2520 2624 3 126 716 950
2000 1635 11 1 17 21 155 275 311 365 440 777 826 959
2739 2474 1 730
2753 520 3 129 700 799
775 655 3 205 294 480
1493 1532 2 432 600
112 381 8 111 241 424 626 628 718 792 889
2309 1197 9 147 359 390 414 584 672 698 813 839
539 386 5 177 317 515 520 619
2174 938 7 8 237 397 436 492 682 698
968 436 11 57 97 133 237 400 436 578 694 773 949 966
1365 2762 4 389 558 615 979
2198 2973 6 6 193 351 877 920 953
1155 2064 3 265 281 441
596 2029 7 174 235 263 503 549 695 771
1902 873 3 359 414 664
764 1166 6 58 76 316 444 721 946
2804 1396 12 2 13 91 187 300 348 360 390 538 693 818 843
1984 44 9 123 277 354 361 412 438 473 795 924
924 1268 2 316 721
2544 519 5 55 431 468 918 942
2214 678 10 4 243 295 302 472 743 800 861 873 919
222 149 17 29 238 252 330 355 404 424 442 453 505 714 792 815 847 898 968 989
1081 270 3 224 572 861
1255 2859 2 303 766
971 459 4 237 666 698 839
2706 2028 3 418 723 984
34 2677 6 5 27 239 251 640 837
2792 1781 5 19 43 289 858 869
182 1039 7 508 619 703 737 745 836 914
2289 599 7 46 152 475 629 751 764 895
1408 239 6 380 415 445 456 639 732
2572 2116 5 105 418 467 830 869
1975 2284 5 104 158 716 902 997
402 1033 5 94 120 182 327 625
2078 2877 5 54 209 307 332 833
2645 1298 4 538 569 674 843
739 334 4 73 667 773 966
607 1834 6 172 235 503 576 671 771
961 2667 9 52 124 145 571 642 707 905 951 979
1867 2540 6 150 324 641 708 726 997
1706 752 7 147 149 414 664 666 682 839
416 27 4 230 763 784 841
2882 685 6 65 91 131 660 799 818
1430 3 2 87 326
2514 2173 2 467 941
134 733 12 12 156 266 271 384 546 566 619 686 737 745 917
777 2419 8 200 368 389 410 585 615 934 970
310 1743 9 32 78 169 182 257 377 425 593 770
542 2090 4 23 281 368 585
1289 2731 5 124 145 519 696 979
1748 2424 7 150 324 396 697 920 958 997
2961 2075 6 232 531 556 618 797 827
2686 2816 5 463 526 618 810 926
272 57 2 230 763
2220 2714 4 199 207 324 920
796 835 5 183 485 748 848 976
720 157 6 237 330 679 747 849 989
2932 1164 3 10 211 931
2374 2378 14 248 514 517 541 657 690 730 742 772 782 897 950 971 997
160 2816 4 86 132 189 245
150 532 3 241 628 663
1419 910 5 289 358 623 769 981
1562 2503 3 35 103 332
948 1117 4 76 482 673 676
1787 427 3 128 240 456
2744 2017 5 105 507 683 869 984
1978 1362 3 233 480 912
897 2979 8 25 27 193 351 381 588 589 937
1857 2532 4 454 641 697 997
778 402 3 13 167 342
929 2730 3 391 561 571
689 1707 3 172 500 597
2788 2537 8 379 514 517 659 716 742 782 984
1244 305 4 191 237 512 861
1654 298 3 415 456 688
2312 520 4 92 152 226 376
1881 1849 4 101 339 850 974
2651 1043 6 2 108 337 400 554 930
781 2849 3 25 437 963
174 1044 5 508 619 686 703 917
2912 1098 3 187 362 842
286 1478 8 27 120 153 208 327 510 522 552
1146 1662 8 109 146 204 284 528 573 643 781
2477 2242 4 467 622 941 984
2825 2756 14 248 343 356 430 494 716 730 782 788 858 869 870 950 984
1423 282 4 4 279 678 861
201 2681 4 132 213 245 287
140 545 7 45 156 271 448 686 703 914
1010 2798 6 25 296 303 502 766 860
905 92 8 48 230 320 714 763 789 849 989
1051 984 6 369 406 485 713 973 976
1084 2378 4 15 307 509 863
799 189 3 320 539 849
2604 665 7 152 154 360 392 687 764 913
2965 702 5 10 70 362 842 931
247 112 4 230 238 252 989
1406 489 9 69 237 243 259 393 649 884 896 966
2616 1729 11 1 51 233 334 365 480 501 620 802 875 912
72 2355 4 184 239 470 814
767 2998 3 394 461 767
1696 1434 2 312 838
2211 117 3 75 473 856
1332 1527 6 197 298 432 504 611 832
2461 201 5 130 378 398 616 779
1629 2410 4 26 36 79 583
351 69 7 48 230 378 699 711 747 841
2644 835 16 4 82 108 128 203 240 279 360 407 422 475 601 687 751 857 895
1092 1186 5 793 832 862 954 990
989 2895 6 179 303 681 746 860 979
783 2987 5 27 381 394 461 757
1324 665 4 237 390 459 646
1741 1104 2 623 719
367 1275 8 78 153 347 377 425 540 705 909
624 2035 6 172 174 352 585 671 695
2104 2351 2 716 997
1315 521 9 73 97 133 375 667 694 916 949 966
1560 614 5 108 133 375 400 604
27 2070 4 5 336 520 962
463 2494 3 163 329 886
1594 1635 18 49 155 282 286 298 432 440 600 608 611 617 621 658 832 838 932 959 961
521 828 5 139 202 229 406 591
2426 181 9 90 130 398 616 624 637 761 855 908
320 2434 2 163 885
1112 1754 3 109 528 740
2639 2509 3 716 730 742
139 1813 2 469 794
82 42 5 230 442 699 904 940
330 1979 5 27 28 256 987 994
840 1852 3 341 943 954
569 1541 5 421 458 544 585 947
2794 2383 3 742 858 869
609 59 3 48 378 747
2365 926 3 9 337 493
54 959 6 266 271 448 619 956 993
174 272 7 111 177 424 663 679 880 968
1344 1220 2 765 990
100 1923 4 39 469 783 814
2562 99 4 123 473 624 675
2884 2668 2 325 944
2964 2111 3 288 618 709
149 1865 4 239 447 590 814
2785 551 3 129 660 700
1543 465 4 302 420 678 873
2638 18 3 326 361 910
2696 1798 6 161 283 289 365 501 755
780 1221 5 58 316 923 943 954
2839 2394 2 85 858
1623 1934 3 218 222 339
1476 2469 3 35 54 103
1268 2262 3 26 71 74
1762 2021 2 121 630
1610 324 8 83 157 413 415 456 592 967 969
2859 2853 4 449 526 710 926
528 1866 6 3 174 263 421 549 585
1137 2115 3 64 269 441
2350 1219 5 149 359 390 595 664
74 2213 7 39 184 447 470 756 794 798
1776 948 6 29 227 297 453 529 679
1279 2603 5 366 389 558 650 829
2817 2811 8 68 72 135 402 429 530 977 997
2968 324 9 65 91 187 348 457 637 674 700 842
2755 68 3 242 361 387
603 2824 6 143 163 321 437 915 988
2413 1708 3 1 948 972
830 2327 5 81 200 509 829 878
2874 156 2 242 624
1728 2120 5 454 536 607 645 995
1175 68 5 279 378 380 564 935
2134 1720 3 21 365 658
2950 2453 5 47 84 232 531 709
1671 1822 3 331 339 974
1322 2517 7 366 389 509 816 822 834 878
2570 1985 5 467 689 869 938 941
1331 1763 2 349 573
1372 1224 13 49 76 185 229 282 285 406 432 617 760 765 777 990
1945 2891 9 209 332 366 419 513 588 692 883 936
1099 2433 2 829 878
2178 2501 7 72 126 343 541 897 971 977
183 864 4 176 686 888 914
1 233 8 5 27 251 336 640 684 904 921
1689 1523 8 312 609 758 777 932 960 961 991
1742 831 5 77 237 664 682 698
1225 918 3 1 480 925
451 22 6 378 699 763 887 904 911
2963 527 10 70 134 187 246 362 637 738 752 818 964
2705 1338 3 390 674 693
2822 1546 3 254 603 964
994 1699 4 185 643 892 893
2895 1601 3 50 254 288
45 370 4 355 424 505 679
800 799 7 183 234 464 485 495 652 713
910 139 6 237 320 539 714 747 750
1907 1825 7 11 101 247 286 450 534 734
495 1341 2 315 894
247 492 4 111 280 383 405
2289 249 3 433 564 587
479 1039 1 182
1980 126 5 75 398 624 779 908
1875 74 4 75 473 759 924
1560 338 2 4 764
2806 2488 9 19 85 494 531 685 742 788 804 869
1579 2332 4 36 454 583 641
772 2943 6 25 59 419 746 766 979
1472 313 15 224 237 279 320 344 378 420 472 512 539 572 678 680 731 743
939 1802 4 185 765 892 954
1216 2398 7 15 54 71 509 656 749 879
1724 1453 5 290 312 609 960 991
1442 1132 3 44 205 486
319 2848 5 37 98 245 374 586
2485 421 3 119 129 942
2021 2539 4 122 249 463 648
2738 1746 10 105 622 685 689 723 742 788 830 858 984
2561 2656 4 356 430 742 950
2691 2788 4 122 449 874 926
2174 2770 3 217 920 937
1742 527 6 295 420 472 678 800 919
2778 2815 6 122 402 429 449 530 871
2186 1424 4 501 535 620 755
2450 1175 4 220 261 492 569
2622 2922 3 351 562 669
1200 2556 6 34 81 389 822 829 834
1310 2397 4 15 54 462 863
242 426 3 111 177 792
2838 803 4 129 268 636 933
2101 2474 1 977
1181 2937 4 25 419 588 833
1041 400 6 18 108 570 649 754 966
284 2395 7 98 110 163 363 613 780 900
651 2673 8 142 163 264 329 417 426 653 776
2314 24 7 151 326 378 484 841 904 911
184 1157 3 176 619 836
252 509 3 181 626 663
2532 332 3 83 587 969
1350 367 4 191 237 512 945
892 1965 10 185 194 323 341 352 455 845 862 893 954
981 1785 7 109 481 528 565 643 845 892
594 1078 13 28 169 182 236 256 315 409 416 451 537 598 851 987
2273 651 5 128 350 629 687 764
1308 389 4 237 291 754 945
2279 2415 4 541 716 835 971
994 532 3 404 453 679
1422 869 3 168 521 532
490 2834 6 110 132 213 272 613 885
49 1380 3 144 215 619
2010 2272 5 104 158 548 690 1000
1682 2093 3 115 536 645
22 2 9 87 151 326 336 442 784 837 841 887
1372 2795 2 696 979
57 1912 3 60 353 582
993 631 5 33 93 210 317 655
2658 172 3 624 779 855
283 1583 2 153 770
2723 19 2 326 801
1071 23 3 378 841 887
2231 1495 7 51 233 334 480 594 724 755
2697 691 12 92 129 152 154 268 376 392 468 636 751 933 942
165 742 5 45 176 686 745 836
610 2956 5 25 163 192 437 820
891 375 2 375 773
105 1258 6 12 546 566 619 703 737
2116 434 4 55 431 468 677
1738 483 4 295 472 678 873
2425 2820 11 207 217 299 525 669 708 712 872 937 953 958
1 291 3 27 580 837
1205 1326 1 185
825 1676 8 58 171 225 274 428 488 803 943
1384 29 5 75 277 361 675 856
1240 906 8 1 113 141 480 651 840 948 972
2728 2807 7 122 249 449 463 710 810 871
2138 2136 9 61 66 104 371 423 465 581 606 997
2705 1212 3 267 300 538
2983 2620 2 31 527
2782 1096 5 2 108 360 422 735
2958 1359 3 211 715 752
1884 1586 4 440 777 838 991
2734 516 4 129 268 881 913
733 2396 6 127 519 585 615 704 999
1753 146 4 380 479 564 825
1878 2847 6 59 276 366 575 650 833
2245 2885 11 71 193 332 357 513 525 543 589 725 872 920
2435 2188 3 622 830 941
2369 1989 3 278 283 612
59 175 2 442 784
2502 2158 6 467 622 702 741 830 938
2648 533 9 55 119 129 345 468 592 677 867 913
871 1464 6 225 341 786 803 923 954
2874 2652 4 325 494 647 796
1405 382 9 237 243 291 302 308 344 512 891 896
644 1170 9 58 148 225 255 444 597 614 673 975
444 1759 6 198 458 544 585 627 787
2165 1556 6 1 99 113 821 925 972
1043 443 2 667 773
2674 2675 6 126 248 657 716 742 870
1143 2728 2 696 979
1262 2604 1 558
2413 2848 5 299 328 562 669 920
1002 1498 11 76 316 341 455 765 786 803 862 892 943 990
1530 1789 9 16 38 96 125 218 222 247 284 339
44 1206 3 619 791 993
1312 2166 3 71 630 656
2055 2594 4 396 605 708 920
2156 1749 7 114 155 278 365 621 658 777
1848 1499 3 838 864 991
1654 1399 4 568 609 777 838
23 530 6 336 355 448 520 775 993
1008 2712 9 25 195 303 391 401 437 502 571 736
2995 1590 19 13 31 53 70 134 188 210 211 227 237 288 403 453 527 603 637 842 844 996
1708 229 2 157 214
500 241 8 108 375 570 667 694 754 773 884
1927 257 5 157 506 610 809 969
215 215 5 177 297 317 679 792
2474 335 6 83 506 587 809 890 967
755 2373 6 23 190 368 410 585 704
2000 2349 4 716 835 897 997
2139 1531 4 141 821 925 948
709 807 4 234 406 485 748
1766 1835 5 101 331 339 734 828
841 1034 7 120 139 285 444 597 625 946
544 689 8 183 317 369 406 623 713 748 998
1942 2394 6 72 135 817 835 882 997
129 2512 8 153 169 256 377 471 522 577 635
1550 2869 14 59 116 276 303 519 558 571 668 696 707 766 860 905 951
501 1522 3 163 627 986
907 612 6 93 358 532 623 632 719
1961 456 5 128 314 350 413 456
2861 2262 5 85 102 258 531 556
2794 2436 11 379 418 423 467 622 683 723 730 741 742 869
2254 2681 5 122 396 605 648 997
333 2062 4 163 585 627 980
335 1947 5 28 256 451 785 894
488 2620 5 143 321 329 437 820
720 122 6 230 252 679 714 747 753
1061 1072 5 76 765 793 832 954
1923 1521 6 290 440 838 864 932 960
1827 1183 4 161 273 434 480
31 1127 7 144 448 520 619 791 956 962
120 2652 4 27 256 577 785
1866 2072 6 212 454 607 631 645 824
2972 1665 5 31 106 288 618 964
1586 2306 20 61 68 104 122 135 396 454 487 581 690 697 708 716 726 772 817 927 971 977 985
522 558 3 40 406 976
665 2346 3 127 585 934
2382 2359 2 158 902
