50
383 214 3 17 33 39
290 44 11 13 15 21 22 27 30 32 34 35 36 47
426 9 2 15 47
653 203 6 5 11 23 39 43 45
616 252 5 4 23 24 28 45
199 68 4 15 18 32 50
493 550 4 10 19 41 42
151 509 4 9 40 45 49
13 312 10 8 12 18 20 30 32 40 45 48 49
753 535 6 7 19 25 37 41 42
557 253 3 4 39 43
20 256 3 9 20 32
168 252 5 2 22 27 30 48
221 389 5 16 33 34 45 48
261 8 6 2 3 6 18 32 47
224 352 3 14 34 48
428 95 7 1 21 33 38 39 46 47
25 91 6 6 9 15 20 32 50
593 533 3 7 10 41
30 167 4 9 12 18 32
339 191 7 2 17 29 33 34 36 47
194 168 3 2 13 30
653 449 6 4 5 24 25 37 43
383 455 7 5 23 25 28 41 44 45
731 507 5 10 23 24 37 41
272 412 3 33 39 45
267 95 4 2 13 34 48
538 319 3 5 24 45
270 262 3 21 33 34
69 305 7 2 9 13 22 32 35 48
458 284 3 39 43 46
139 207 10 2 6 9 12 15 18 20 30 35 50
242 299 9 1 14 17 21 26 29 34 39 45
270 89 8 2 14 16 21 27 29 33 48
162 186 3 2 30 32
347 149 3 2 21 47
798 395 4 10 23 25 43
485 70 3 17 46 47
395 361 10 1 4 11 17 26 31 33 43 45 46
23 433 2 8 9
647 500 7 7 10 19 24 25 42 44
356 562 5 7 10 41 44 45
669 118 8 4 11 23 31 37 39 46 47
556 511 4 24 41 42 45
198 529 14 4 5 8 9 14 24 26 28 33 39 42 44 48 49
514 64 6 17 31 38 39 43 47
461 22 9 2 3 15 17 21 36 38 43 46
142 355 8 9 13 14 16 27 30 34 45
150 474 3 8 9 45
177 83 3 6 18 32
