1000
15 1435 8 458 629 759 889 917 944 983 996
1250 1352 3 668 893 958
658 79 3 28 169 539
648 328 1 972
1021 1007 1 764
1272 1506 3 294 389 525
1877 1576 4 385 439 621 842
895 179 3 28 285 886
1382 539 2 373 786
653 383 11 42 169 202 217 366 368 476 492 962 972 998
978 940 2 316 764
391 1982 2 430 954
702 6 1 721
1012 806 4 201 406 571 677
1728 1268 3 112 544 701
1937 299 2 557 724
508 613 6 75 88 94 249 356 558
254 1661 8 178 179 237 252 597 758 792 827
1337 500 4 138 287 373 402
663 1941 2 97 156
698 1047 3 541 792 805
1804 52 2 488 493
1221 1223 5 101 161 267 396 854
1065 1184 2 543 573
1613 1844 3 567 615 888
460 574 4 192 249 379 572
1386 608 0
676 107 7 3 8 285 539 852 886 910
1741 1884 1 876
875 1718 2 91 715
442 465 3 422 579 900
356 58 8 136 157 167 248 652 872 897 918
1035 1015 3 77 671 764
660 1399 3 329 452 973
1238 1427 3 331 489 958
1214 243 1 817
1868 800 3 224 767 789
116 1607 2 130 295
126 1265 0
146 1443 3 56 67 697
1605 1382 3 616 868 964
593 184 2 10 169
1846 1311 3 173 561 856
8 851 2 325 900
800 488 4 219 476 837 962
1462 1727 2 180 408
36 1024 3 635 828 880
405 37 2 374 930
1025 544 2 277 529
1728 1617 6 79 119 438 540 705 831
1373 674 1 287
1112 41 4 169 197 402 790
314 1924 4 156 326 737 821
260 1168 1 608
1332 146 3 713 772 786
114 1584 7 40 67 130 481 682 737 782
241 321 1 900
640 1906 2 896 935
1573 1875 3 171 346 876
276 412 6 192 317 463 665 679 748
617 242 0
650 973 1 541
952 1908 0
637 1754 0
1816 631 1 151
377 1650 2 323 991
160 1083 11 40 56 135 334 344 601 682 751 776 804 931
325 1922 3 96 214 821
724 611 7 340 358 406 464 609 634 765
939 1015 1 316
1983 342 3 83 320 642
310 1360 3 334 407 931
1846 716 2 789 937
1189 160 1 197
527 767 5 17 88 208 407 938
831 105 2 98 886
974 874 12 33 103 190 382 428 526 536 577 587 671 750 798
38 107 1 745
1762 1508 5 50 169 438 552 831
650 242 2 532 904
1178 1112 1 364
1424 530 3 319 403 474
1976 254 4 71 166 607 797
691 1584 4 502 750 774 835
1517 708 1 632
1631 362 1 446
1393 1924 2 187 656
509 730 5 17 75 107 188 447
1112 1867 6 135 198 214 709 795 935
722 1057 3 499 513 518
961 1677 4 30 489 653 750
1990 1564 1 728
1623 131 5 158 184 359 377 841
550 645 4 17 456 558 679
677 1873 1 760
361 1900 2 68 821
397 1920 4 20 567 615 870
718 96 1 76
12 1088 4 325 501 720 959
234 745 0
1436 1283 3 23 396 715
1440 192 4 303 493 772 786
996 898 1 77
1606 487 3 255 723 993
938 682 1 391
1549 638 3 618 864 920
445 728 1 88
148 577 5 378 495 637 788 887
311 225 3 340 419 885
952 1551 0
1812 192 2 259 741
1717 1190 6 15 290 365 413 646 864
870 657 4 139 292 406 736
211 1932 3 155 559 821
1098 279 3 160 862 903
156 59 1 415
1829 842 0
1612 1038 3 410 544 701
1711 1627 2 50 442
683 1402 1 460
971 1104 4 182 461 671 764
1867 1878 6 144 171 459 584 737 807
899 987 1 587
1935 1692 2 234 467
437 835 1 447
1072 445 1 833
1425 1310 1 942
142 371 1 969
1483 1409 1 715
107 1684 4 38 56 295 782
167 907 2 495 851
1330 1135 2 651 766
1439 93 4 262 437 698 772
1127 152 1 790
199 1788 11 67 89 225 551 559 564 760 795 821 911 980
731 46 2 32 369
211 366 6 205 553 725 949 960 969
1271 271 2 19 211
1277 993 3 113 406 736
854 202 2 277 285
0 813 3 466 722 900
1339 1400 2 489 893
974 278 3 261 285 753
1909 1826 5 122 586 727 869 876
1754 1373 1 385
1024 1988 5 404 658 737 811 954
1444 1921 1 628
852 1476 5 278 543 568 573 859
1243 1712 4 181 238 477 978
771 855 2 240 623
1807 659 3 65 324 789
1045 393 1 566
753 1714 2 750 906
250 1589 2 162 306
161 1744 3 114 559 737
557 1961 3 20 53 245
414 106 4 32 248 472 995
1467 78 8 93 437 493 563 669 723 732 940
1218 1126 2 267 671
1078 295 4 115 685 790 903
1150 1204 4 23 668 704 942
495 1159 3 154 176 306
1569 1765 1 982
1462 1961 2 666 681
1250 1781 6 180 361 411 434 520 955
1824 397 2 83 797
566 62 6 32 169 229 248 771 872
1896 811 2 230 479
572 67 15 3 10 42 52 79 167 189 217 248 370 685 699 810 886 992
1349 987 7 232 471 483 688 756 853 992
693 1953 3 59 122 876
360 867 3 734 809 887
1967 1782 6 43 175 234 437 728 952
421 1916 1 615
1709 836 3 173 234 698
701 811 2 162 931
1817 443 2 421 607
532 1135 4 18 306 575 781
387 1465 2 18 237
1595 1718 7 46 165 282 289 408 465 955
1126 1721 2 149 503
942 1076 2 121 671
424 1747 8 190 264 460 468 581 592 647 911
1653 100 5 93 242 354 377 691
1696 853 0
997 226 2 260 802
1065 1947 1 87
425 780 1 88
1006 95 2 169 548
251 1742 5 77 183 323 332 838
1020 286 2 498 566
348 635 6 26 60 379 463 748 809
947 371 3 277 753 916
727 755 5 306 382 541 843 931
1008 1648 2 653 899
317 472 1 379
1170 52 2 52 74
807 1808 6 89 236 424 520 778 882
924 1428 4 209 281 573 947
888 1021 3 460 716 798
1074 857 3 14 677 736
740 411 3 10 476 962
1632 491 5 330 384 393 684 700
1103 1058 4 364 543 589 814
407 883 6 137 314 665 679 734 969
1782 728 2 583 594
933 1649 1 280
497 752 2 75 809
956 1385 4 199 653 803 947
863 948 2 382 428
1361 523 3 138 373 786
109 895 1 908
1438 1399 2 715 730
848 1865 4 68 89 227 980
74 567 4 300 337 362 924
1925 1950 0
570 245 4 10 169 822 998
511 915 3 523 844 931
791 448 2 45 476
1649 291 4 446 451 560 812
1497 31 1 791
333 170 4 449 897 941 998
209 1357 2 804 931
1735 678 7 37 251 324 350 607 784 984
428 1812 1 135
1647 587 0
582 1883 2 214 760
1750 38 0
1521 22 5 167 369 620 791 857
1916 1008 4 168 235 594 680
1345 365 8 319 403 445 450 654 701 783 864
1399 1033 1 170
1974 1330 2 494 728
1795 1226 5 124 173 175 621 698
1867 747 3 230 339 351
1283 1837 5 198 432 520 727 871
552 1186 2 18 179
831 1793 9 149 289 424 453 477 600 926 976 997
587 521 0
755 857 1 150
1208 564 6 397 555 688 756 833 862
1736 94 2 184 376
1556 1548 2 540 928
1145 879 1 885
558 1950 1 156
22 1143 4 627 635 880 946
1085 1613 4 281 444 899 902
543 110 5 32 157 167 169 872
449 629 3 17 26 447
328 1201 2 400 879
1853 960 3 224 594 732
433 1365 1 18
363 1524 0
1631 1937 4 496 656 666 728
1959 1371 8 104 263 341 524 535 604 768 780
1555 1664 2 477 926
489 231 1 512
647 1774 1 424
1808 203 2 111 538
1029 523 3 186 277 916
910 306 1 143
1556 492 2 133 698
1725 844 4 255 276 524 690
506 1713 4 183 440 592 799
55 1920 1 996
1647 865 2 273 544
1324 1178 8 23 159 364 396 409 589 671 695
1275 1646 0
107 1859 2 355 987
465 237 2 699 829
850 1451 2 461 577
411 898 1 734
1799 1348 3 266 385 544
413 1261 1 977
294 1703 2 323 526
1822 1075 1 263
1076 633 8 49 140 193 260 441 529 566 886
931 1351 4 148 568 573 591
355 1633 0
1032 1618 4 207 444 750 899
1033 1424 6 199 247 482 591 884 895
943 1790 6 180 408 424 778 848 955
1107 368 2 903 934
1412 270 0
981 233 6 8 28 140 143 753 886
1445 1181 1 863
1268 350 5 19 51 390 402 547
1586 404 1 723
1628 1695 4 180 238 424 477
1605 720 3 112 618 646
1131 905 5 381 395 462 651 677
576 466 2 113 406
1804 1361 3 646 698 738
1181 1447 2 6 389
99 1936 6 38 130 355 626 737 987
319 317 2 448 745
1716 1248 3 445 864 981
1582 1902 3 628 656 739
1673 466 2 797 865
90 796 7 215 337 362 627 693 702 959
1295 1323 4 489 715 730 893
1021 1242 4 331 517 653 803
1282 67 3 102 786 927
833 1123 1 619
509 1846 1 795
691 833 6 154 162 178 194 541 683
1283 1400 2 489 893
1769 1163 2 385 611
1650 945 0
577 1309 1 717
332 1240 2 521 661
393 292 2 678 939
1503 1105 3 490 556 817
228 678 4 205 734 793 969
1 959 2 722 946
967 940 2 11 70
324 455 4 60 379 558 679
1888 1033 2 594 732
1529 777 2 82 231
1941 290 4 71 328 341 755
757 1513 1 716
1955 873 4 324 535 680 789
365 1673 3 66 190 275
1827 599 5 151 224 322 789 937
26 168 5 44 99 637 702 946
267 1962 1 53
233 93 2 699 897
1940 572 3 320 341 784
512 1573 1 34
1527 230 6 203 393 475 684 732 966
1302 1514 4 35 302 489 668
584 1322 4 190 428 717 866
975 1391 1 653
237 1378 4 67 72 804 931
1653 395 0
1927 261 5 345 377 451 714 797
99 665 3 215 300 924
398 1737 1 641
1904 918 1 235
178 120 8 69 109 678 754 769 885 897 998
1996 564 7 255 320 328 487 504 535 729
1581 1186 3 585 817 850
605 1030 2 541 875
161 1085 3 67 407 661
1755 364 1 336
1302 1913 3 59 747 876
1331 520 1 373
919 1470 1 906
934 8 1 667
1584 241 6 224 383 384 393 732 984
1933 838 2 235 680
196 1007 0
968 1855 0
1934 178 3 184 691 945
149 1837 4 269 295 737 987
574 812 4 17 375 412 931
556 1476 2 619 990
697 629 6 69 484 571 634 651 765
1459 72 1 93
1165 1749 1 477
1667 1709 6 165 442 477 712 831 982
62 410 2 215 300
36 1226 2 640 923
1221 1140 6 81 204 267 543 671 814
1627 842 4 112 413 618 920
945 642 1 10
905 828 5 409 422 423 900 936
587 124 2 10 972
181 60 4 136 229 415 771
659 289 1 169
1176 1701 1 808
1242 342 2 490 660
1449 695 7 9 19 211 347 817 826 832
314 19 8 48 398 415 570 620 662 667 761
403 1190 1 356
1778 99 1 242
1732 136 4 93 184 336 563
283 873 3 108 553 887
426 540 6 26 192 196 317 463 558
435 1984 1 954
1494 1278 2 291 616
919 928 8 77 194 210 409 423 506 541 825
1579 289 2 350 966
1797 909 4 203 350 475 491
1865 1693 10 7 145 273 308 473 544 550 698 712 842
968 1050 1 671
1564 1006 1 860
852 1104 2 619 990
1233 1470 3 6 294 803
1367 736 1 287
1054 778 2 105 837
453 505 1 900
1622 432 5 203 330 350 491 500
1727 520 0
1115 947 1 291
1369 1246 3 23 101 267
1173 613 2 241 441
328 47 2 374 930
452 503 1 579
344 1247 5 250 407 608 752 879
1606 1802 1 735
1295 362 4 19 52 287 786
1427 451 4 82 231 474 632
1732 1901 5 146 430 628 656 811
746 1489 2 716 750
783 608 7 14 69 113 139 292 765 877
316 1360 6 72 75 344 400 661 809
1526 1708 3 46 180 282
923 829 7 267 367 382 745 878 900 936
1483 746 5 118 473 701 712 786
1474 1806 3 165 434 982
576 748 2 356 423
1656 1018 2 112 365
1392 911 0
264 16 4 116 369 374 761
834 473 0
344 326 4 609 634 715 956
987 666 0
581 441 2 109 769
1089 1220 3 543 565 573
1787 509 3 177 607 724
470 497 3 31 367 579
657 667 8 367 382 412 436 506 590 773 931
631 1822 6 198 238 258 282 289 709
1145 1490 0
29 178 1 900
791 277 2 855 963
781 1081 5 77 210 332 499 513
1990 1481 2 487 504
1196 1958 3 12 404 954
1546 1238 0
1146 1873 2 236 514
1748 309 0
1480 1832 5 165 411 712 727 735
1939 1969 3 606 610 681
620 752 2 423 943
1694 775 6 133 158 173 578 698 856
1699 1498 4 50 79 868 964
1894 1704 3 7 549 621
560 1619 4 264 530 592 911
1197 640 4 277 397 522 833
1641 1591 5 119 361 486 705 986
1135 319 3 490 740 948
1017 1551 3 247 280 895
1661 1111 5 231 297 632 783 816
1721 427 4 86 220 865 966
406 758 4 88 125 249 572
58 111 1 296
381 266 2 222 998
1441 581 1 231
1691 248 4 220 336 560 605
521 1518 2 34 636
745 1773 2 238 997
339 1549 2 513 758
245 1150 3 608 661 776
389 490 2 94 679
683 1450 0
67 1898 3 1 626 996
1570 1901 2 122 737
818 1256 10 120 183 200 502 595 636 716 794 800 911
866 1369 2 121 271
1343 1077 2 291 736
340 555 3 60 192 379
265 211 3 69 609 956
1140 1779 2 180 955
14 336 3 141 722 900
1794 1761 4 124 549 727 952
667 1448 1 183
1604 1154 2 726 832
251 169 0
1546 1197 2 170 853
322 76 3 157 829 897
1691 1233 3 385 410 712
1383 427 2 82 403
1705 697 4 330 384 684 732
822 421 4 10 45 202 219
1608 1681 11 149 238 256 289 360 361 503 705 890 986 999
65 1119 3 640 851 923
1882 809 1 168
1604 1965 0
160 1787 3 56 697 751
1211 1535 2 281 653
1358 905 3 170 555 853
864 727 4 358 571 765 877
1507 471 1 786
1680 1618 2 442 831
1998 739 3 341 429 504
1695 94 1 22
1424 1493 8 35 91 142 301 307 331 730 958
1209 465 4 313 372 443 660
1660 481 3 384 393 500
714 413 2 10 962
1332 79 4 22 102 158 927
1969 1378 2 233 940
200 795 4 108 131 533 908
1354 1964 2 254 811
119 1030 1 776
1094 599 2 191 833
728 1108 2 90 428
1702 662 2 393 491
35 782 3 99 635 815
713 1468 4 84 460 750 818
1222 1690 2 181 477
1984 1118 4 341 429 487 728
1038 17 0
707 701 2 382 423
252 874 5 598 650 707 851 929
1377 151 0
1946 263 3 692 714 797
1689 153 1 563
212 653 2 968 969
351 109 4 257 639 699 824
735 1016 5 90 428 454 758 792
593 1916 1 432
1095 1113 0
912 436 3 522 852 855
1043 1302 1 302
616 1274 1 90
1487 17 3 620 721 791
1372 1834 5 165 198 236 778 882
248 1223 1 311
1071 654 5 441 516 529 688 992
347 1280 1 218
1775 938 3 255 263 780
1031 1376 1 6
379 1589 5 77 275 798 973 991
1643 1219 2 603 832
1128 1910 1 567
955 438 4 49 277 522 852
464 1701 3 440 763 794
373 1354 0
733 336 1 80
205 748 1 495
1705 1376 2 853 992
1973 1009 4 255 322 341 732
840 1266 2 77 716
1350 1535 3 670 705 997
1888 244 1 259
739 89 2 3 28
1507 1546 5 50 243 663 705 708
664 996 9 21 62 194 306 343 382 597 623 781
1910 1295 2 731 940
1082 1020 9 24 148 204 364 420 577 668 671 814
1830 1550 8 15 118 266 273 385 646 701 901
1285 63 2 791 927
1103 1764 0
1393 800 3 287 775 817
843 74 1 189
1713 1800 4 439 467 550 727
1703 1796 3 385 549 712
335 1882 3 135 564 821
1259 896 3 79 974 992
93 310 6 137 378 659 725 968 969
717 1442 2 800 911
1338 899 5 241 483 614 672 756
1228 506 3 313 660 817
1906 358 3 16 607 724
318 433 5 17 94 317 379 679
221 1897 3 114 135 155
1777 347 3 220 451 742
1868 1373 3 43 582 728
1743 927 2 582 856
1637 228 3 158 377 510
276 1830 2 135 551
1091 1123 1 420
1067 516 4 152 191 277 886
930 1930 5 25 97 528 615 737
754 1706 6 148 278 591 750 859 906
1301 1576 2 749 750
1190 23 2 374 721
811 700 3 14 358 484
437 656 2 26 447
1017 1173 6 24 148 199 278 420 668
1213 1722 1 999
255 1624 2 178 931
343 1513 1 597
728 1681 6 77 271 543 676 696 764
1539 335 2 437 669
540 614 5 31 399 422 788 933
425 201 1 824
668 1410 1 183
1972 1630 2 561 562
1783 754 1 206
1087 1928 1 122
1432 1038 4 342 648 672 790
1959 1825 2 144 728
865 1115 2 77 123
1043 456 0
1172 1170 2 204 267
637 745 5 423 643 843 909 943
894 1451 4 278 281 568 906
503 1673 3 183 264 440
343 1861 1 980
1886 884 7 206 230 251 318 732 789 967
714 1331 3 460 636 657
653 611 1 900
361 1466 4 18 541 576 805
172 1002 2 507 809
689 1459 0
1207 1733 2 238 999
171 1508 1 67
1866 1772 0
1486 998 2 527 850
1782 1004 2 255 731
1898 252 2 451 741
1817 1970 2 435 728
1736 496 7 83 177 224 421 557 746 984
323 1064 6 54 400 455 650 776 879
456 395 3 69 417 464
1813 1990 3 435 658 664
1780 1222 2 308 842
1449 848 0
1856 1100 0
1266 776 2 555 756
965 1921 6 25 97 174 567 870 871
1196 844 4 41 381 904 964
1881 1750 2 952 970
1478 322 8 106 290 365 644 698 772 989 1000
517 1521 6 304 357 388 636 657 849
698 33 4 229 374 519 791
1902 1593 3 7 234 439
180 316 1 725
765 875 2 150 541
1585 1163 0
649 510 0
73 1838 2 295 458
73 753 7 246 300 718 828 851 880 946
812 1968 5 147 298 404 656 953
130 1202 1 1
1641 55 0
104 124 1 715
1628 1029 3 85 403 445
1119 1369 1 653
457 423 4 69 358 417 715
20 998 5 47 246 501 718 815
735 1327 6 452 460 595 619 787 991
171 767 5 108 325 788 900 924
1504 1713 1 848
556 189 2 512 994
34 1171 3 363 478 923
458 1678 1 338
1972 329 1 71
585 942 2 590 773
1583 665 1 618
881 583 1 962
1592 661 6 112 290 293 544 738 1000
207 1783 4 183 758 827 914
1650 1287 3 585 850 853
1554 1099 0
122 1016 5 507 608 752 809 923
1044 928 6 132 291 358 677 715 766
261 69 1 32
1320 1533 8 91 195 209 302 333 482 633 803
1398 351 1 231
1858 592 1 784
1829 1891 7 87 254 298 404 628 807 811
748 1294 2 595 619
1549 1986 3 146 610 681
170 538 2 553 968
1290 621 3 372 490 556
188 1122 4 311 344 407 455
1353 11 1 374
1511 1543 2 540 928
1583 1992 1 610
359 727 3 60 205 881
1614 1963 3 164 254 728
1045 12 3 349 374 761
1149 1343 6 2 161 331 543 573 913
1539 353 2 158 578
1290 1586 2 537 997
1087 996 9 33 77 121 159 182 267 364 386 543
1353 866 3 555 585 790
1779 1162 1 842
1061 369 1 886
1055 1141 0
905 1218 2 577 696
1016 827 5 14 201 291 651 736
289 209 2 312 340
215 324 9 60 94 205 317 456 558 725 788 961
1938 948 4 230 322 351 732
1238 1976 3 164 435 658
101 1417 4 56 67 776 782
441 1295 1 306
1671 600 3 203 330 475
1015 50 4 160 169 790 873
1884 694 0
1334 1152 2 715 863
1203 719 4 170 241 522 756
1956 1712 0
1884 1294 2 263 731
1957 190 4 184 354 692 915
1945 199 4 509 691 714 915
153 746 2 300 851
744 1111 0
1075 966 1 267
931 1164 2 577 676
152 1417 3 40 481 751
1730 957 11 133 175 234 262 293 385 437 618 738 912 1000
565 308 10 169 270 327 512 711 806 824 829 932 998
1649 536 1 203
1738 1307 8 15 118 231 410 544 786 819 864
52 299 2 300 325
8 1733 1 917
1399 1335 2 161 942
1497 1544 9 50 442 477 537 540 715 808 928 976
594 1599 1 911
234 885 1 507
1689 1556 2 540 863
972 1848 2 89 424
139 1192 3 776 782 946
459 233 1 699
1825 1620 12 361 385 410 434 473 550 726 735 786 823 831 905
1345 160 1 55
1855 212 4 336 509 692 858
1618 1425 15 30 101 129 213 301 417 631 634 651 687 705 730 928 942 956
729 1598 5 200 321 405 460 536
702 1071 2 310 332
44 910 4 627 635 815 828
1635 440 1 733
28 607 1 99
1785 7 5 13 519 570 777 791
5 917 5 141 315 466 900 946
1677 647 3 104 158 288
1874 496 4 16 421 557 784
127 256 4 137 553 622 679
1452 781 4 469 712 832 860
1961 1823 5 144 236 434 467 549
1997 1905 12 92 173 233 254 504 561 586 606 666 729 807 970
1980 1291 2 341 728
1496 1459 4 213 301 489 715
1894 1318 3 542 604 690
1937 1309 9 158 251 318 330 350 475 535 594 680
1602 300 1 719
247 719 4 172 205 272 314
1638 1788 3 401 434 712
1306 1013 5 113 139 201 462 677
198 1992 9 53 56 122 146 155 295 355 459 567
1764 1213 3 293 646 698
941 1957 2 298 922
1201 247 2 443 790
1692 244 2 111 605
1850 281 1 560
1722 328 1 865
454 1580 2 798 973
337 355 4 78 296 409 900
1721 489 2 607 984
1776 1857 2 346 876
289 452 2 60 192
1012 1686 1 569
693 1786 14 77 84 91 153 280 405 502 568 569 796 859 899 906 997
159 1565 3 67 481 697
336 1053 2 400 650
998 306 4 143 193 285 916
203 157 3 340 897 956
1984 355 1 320
1206 641 5 170 241 555 614 688
822 275 1 971
471 1431 5 18 454 513 647 838
71 1305 2 1 946
436 1890 3 95 135 227
515 7 3 374 415 667
613 325 1 998
720 1412 2 530 794
927 1064 5 5 11 33 121 577
813 669 4 69 358 406 484
1288 1113 3 132 651 863
1866 845 1 37
1614 475 1 255
458 370 3 340 419 894
33 1761 0
1256 32 2 167 369
1498 332 6 55 102 133 618 786 989
705 765 3 423 643 843
613 1799 2 84 911
1410 760 2 547 826
164 1054 9 67 455 497 608 682 710 923 946 965
1909 69 2 721 927
1269 1801 5 198 282 520 882 955
351 1076 0
1758 897 2 255 524
410 1380 2 178 541
44 1670 5 56 130 682 710 944
1476 667 2 231 445
1784 538 5 224 328 655 724 979
1241 1486 0
1194 39 14 9 55 102 211 303 402 410 485 701 712 772 791 823 951
452 1646 2 636 991
56 146 5 108 579 637 679 846
1851 684 7 37 73 151 322 324 594 937
1047 120 9 52 134 160 585 672 685 740 862 948
1660 16 8 221 229 519 545 620 721 786 927
572 1222 3 18 21 513
228 617 1 314
725 1385 3 460 530 763
384 1857 3 89 135 305
945 1654 1 750
1739 482 5 83 166 299 336 509
839 1075 4 77 200 526 744
475 1758 1 264
649 1575 3 460 554 835
1403 243 1 989
1030 448 1 186
994 1290 4 209 302 389 653
179 1263 3 67 223 334
669 1006 2 21 597
231 104 1 699
1805 1918 3 122 656 728
1049 1719 3 371 705 830
439 1012 8 172 192 208 407 598 650 887 929
752 207 1 169
1688 1914 4 146 404 496 656
1701 333 2 220 865
1125 1317 0
1105 1051 3 204 364 543
58 503 3 501 635 718
1445 472 2 445 864
1428 934 6 36 313 342 373 547 556
657 1634 1 502
1566 802 1 701
1319 626 0
261 1892 7 53 68 96 114 135 551 980
583 238 1 217
1339 401 2 712 786
347 112 3 512 580 699
749 988 1 382
1311 481 3 373 775 834
237 1661 2 18 647
42 932 3 47 627 718
294 114 3 270 472 699
1179 1670 2 808 926
1749 1645 5 50 79 361 486 712
1438 888 5 373 469 527 726 860
1143 617 4 126 241 441 498
1384 663 1 826
625 1744 2 84 800
100 1181 3 867 946 965
950 605 3 45 391 904
325 1642 2 190 758
1658 688 0
1004 595 0
1519 80 1 93
1839 1526 4 7 385 611 673
552 1036 5 194 590 773 943 977
494 971 2 218 931
166 2 0
71 234 1 788
183 1976 0
1117 1767 2 282 638
790 1236 2 619 990
1657 1260 3 342 603 648
47 973 6 131 478 507 627 693 908
842 185 4 28 516 529 971
1352 975 5 170 471 483 534 648
1432 1311 1 23
761 248 3 427 516 971
1916 1586 3 43 437 562
481 45 2 229 930
1743 133 1 714
766 1672 3 148 568 750
1455 715 3 387 726 832
1436 1110 0
1348 866 3 115 241 790
1589 1362 5 286 687 708 766 928
1441 446 7 106 112 231 297 701 816 920
1774 435 4 299 446 743 812
715 1154 1 332
109 1166 3 836 946 965
1519 1251 2 41 438
1714 1842 1 144
850 1928 2 97 615
1567 1840 3 236 615 876
527 78 3 32 167 248
1121 528 2 685 886
1384 1567 0
550 1103 1 343
1843 1848 7 29 59 144 171 346 747 871
909 751 2 406 484
953 892 1 409
265 1184 4 250 400 608 892
32 1054 3 47 246 627
281 435 1 665
1002 1812 3 198 520 778
87 1326 0
978 1409 1 281
1253 939 3 109 244 340
983 113 9 8 28 76 169 277 285 566 674 873
298 953 5 108 172 378 809 929
1319 1880 1 25
6 1652 2 1 946
1430 1641 2 477 926
445 1947 0
296 1145 1 879
1308 1375 5 2 142 301 307 958
348 266 2 769 939
975 1437 3 281 444 906
821 1870 2 58 935
70 70 8 32 222 327 340 472 754 918 925
1703 1406 0
986 1654 4 195 247 280 750
19 105 14 31 44 57 141 367 392 409 426 466 596 637 722 745 956
1722 1137 1 544
1178 1528 1 247
1232 596 3 115 160 283
849 407 5 80 616 837 921 964
1792 1735 1 712
988 1604 6 153 348 568 591 750 895
679 252 0
168 825 4 212 495 851 924
628 753 2 590 943
794 188 1 28
522 1780 7 135 183 440 460 554 706 774
1741 1112 2 698 1000
1229 1324 1 668
210 1704 1 647
1833 191 2 691 692
996 351 3 193 260 753
10 1728 3 1 703 983
336 74 2 32 897
1581 835 0
1453 473 3 106 365 864
1235 921 2 904 998
1153 1942 1 739
35 1231 6 363 478 640 650 776 946
133 637 4 215 337 637 908
110 90 1 897
1537 1605 4 238 256 830 890
1746 26 5 303 493 545 777 791
1664 1511 5 243 663 705 715 863
208 953 3 507 809 887
1156 28 3 48 398 857
195 1655 12 67 72 176 194 218 223 334 356 423 575 844 943
446 268 3 699 975 998
434 527 1 579
1086 344 1 283
700 1906 3 58 89 896
229 274 2 367 409
1790 701 3 73 324 789
514 686 1 75
434 332 2 312 894
1985 1643 3 158 494 542
405 262 2 222 998
1468 1325 4 127 161 704 715
503 1004 5 436 590 843 909 931
55 1386 2 1 782
1899 126 1 354
4 1316 12 246 315 325 627 710 722 759 776 836 867 889 923
1005 1249 2 199 209
1169 271 2 443 790
338 721 2 137 969
1912 1792 1 970
1450 658 1 786
1900 1714 3 173 467 617
1248 1937 1 628
531 1984 4 12 146 380 430
1225 1780 5 165 180 282 465 778
87 106 5 417 464 715 754 900
561 543 0
1184 1359 4 2 35 489 893
56 461 2 99 300
230 485 1 137
245 429 1 679
736 443 5 10 45 202 492 645
740 154 1 427
1460 1164 4 41 438 616 904
114 1194 3 776 836 867
1542 153 4 330 383 446 985
1914 1080 1 594
284 862 3 511 553 659
178 393 7 128 137 205 314 511 553 949
1954 1769 3 617 728 950
828 324 3 757 852 855
651 331 3 4 10 368
450 1633 3 34 526 744
889 445 1 552
623 402 1 932
1109 1695 2 238 705
373 1349 2 274 843
1002 1763 1 149
1958 691 1 784
416 1899 4 135 214 593 821
1529 805 1 297
1577 1737 3 163 361 411
12 1894 2 1 917
1723 637 4 224 350 607 746
1658 349 1 966
1613 1659 2 442 477
110 1769 3 269 295 355
1621 677 0
1373 250 3 618 772 801
707 1307 3 357 388 849
406 1693 4 66 526 636 787
1760 1483 5 169 170 522 534 552
1630 565 1 104
496 135 1 639
563 112 1 157
20 1495 3 1 265 458
1396 1578 5 238 453 537 670 750
742 549 10 10 217 222 340 449 699 762 921 932 941
1311 1710 3 477 574 600
1652 783 4 618 646 698 912
