500
502 384 1 444
301 478 2 312 379
544 438 1 286
761 103 1 82
291 378 0
122 102 0
638 307 0
397 259 1 412
236 101 1 441
659 215 1 163
413 575 0
798 141 3 78 157 338
439 242 0
600 121 0
168 527 3 350 400 408
110 113 1 335
98 101 1 345
200 86 0
281 519 0
81 128 2 217 381
529 496 0
711 403 2 47 376
547 117 2 106 289
13 460 0
430 422 0
462 486 1 210
571 159 0
167 71 3 58 241 429
200 36 2 130 142
387 413 0
412 372 0
220 415 1 456
104 385 2 265 389
606 95 2 234 477
672 309 3 48 261 387
769 280 1 228
294 473 1 361
55 287 1 416
443 41 1 41
683 271 3 261 294 415
271 58 1 39
764 41 4 217 363 387 422
291 571 4 107 306 362 459
712 125 1 163
206 395 1 491
791 187 1 148
709 393 1 22
538 267 1 35
108 514 1 139
594 261 0
0 193 3 67 132 462
481 403 3 68 88 222
38 431 3 355 386 463
468 265 0
424 74 1 414
656 548 3 64 212 411
576 502 1 410
223 66 1 28
188 136 4 120 128 161 480
772 299 1 269
342 510 2 122 459
309 30 1 429
90 176 0
593 531 1 56
160 299 2 198 438
402 501 1 391
10 337 2 51 318
239 348 2 52 340
231 106 1 441
452 292 0
342 60 3 136 250 284
226 181 0
256 108 1 124
337 566 0
449 0 2 233 282
553 405 0
479 578 1 445
770 83 1 12
631 291 2 163 472
307 94 0
426 578 1 180
786 153 2 4 333
783 37 1 420
348 256 1 277
716 283 1 236
166 459 2 210 213
246 473 3 216 309 389
276 354 2 52 310
7 445 0
48 337 2 355 428
89 383 0
329 183 0
50 91 0
515 147 2 168 223
643 466 0
764 401 1 352
788 363 0
609 134 0
328 147 1 128
599 211 1 163
113 2 0
199 231 1 304
736 426 1 179
607 179 0
674 459 2 322 329
358 168 3 23 211 480
158 599 2 43 383
30 104 0
163 222 2 198 467
710 180 2 228 300
431 185 0
446 529 1 398
233 382 1 184
752 486 1 356
633 113 0
596 129 1 217
234 592 1 362
594 506 0
638 78 0
439 120 1 59
555 375 2 184 449
213 557 1 61
480 182 0
415 103 2 73 234
80 112 1 231
543 535 0
229 531 0
264 233 3 59 99 468
218 298 2 184 200
137 20 2 29 305
486 118 0
8 554 1 51
561 382 0
651 547 0
589 290 0
433 64 5 71 160 345 420 441
33 226 1 192
44 251 0
118 558 4 49 417 433 459
89 175 1 278
669 143 0
248 37 1 29
262 98 0
299 438 1 357
28 118 1 273
436 13 0
625 411 0
774 242 1 46
108 490 5 378 383 417 434 469
67 310 1 381
356 321 0
577 8 1 393
11 317 1 377
796 407 1 321
442 4 1 241
753 189 1 447
781 502 1 12
73 200 0
658 492 1 226
646 55 3 136 414 420
273 211 1 59
454 573 0
726 246 5 10 44 79 100 493
525 124 0
40 285 0
482 164 0
184 257 0
400 207 3 94 217 223
161 500 0
714 449 0
760 320 0
249 209 0
21 457 0
38 580 0
555 282 1 287
613 92 0
48 498 0
722 157 1 228
733 424 1 103
756 581 1 81
323 127 0
744 437 1 347
784 32 0
202 264 10 113 121 129 265 308 381 387 438 481 499
578 85 0
655 112 3 314 351 387
583 369 0
157 348 0
179 185 1 278
529 320 0
689 422 1 376
11 505 4 137 213 409 487
310 371 0
748 435 0
733 295 1 228
539 258 1 479
368 565 1 344
52 396 3 65 109 371
97 598 0
320 328 3 129 310 340
669 156 1 300
386 154 2 297 425
392 33 1 393
114 268 0
499 464 1 410
663 425 0
536 161 1 342
165 522 0
751 186 0
619 549 6 26 86 349 391 403 470
274 226 1 106
676 544 3 56 224 312
20 431 5 86 192 309 383 487
734 451 1 382
645 181 1 431
121 443 1 87
742 45 5 20 42 116 168 387
684 201 0
87 293 0
52 387 3 339 381 463
783 85 0
360 372 2 52 494
620 94 4 94 168 302 480
604 524 1 212
693 319 0
169 384 5 159 265 301 357 361
501 241 1 479
712 97 5 36 110 178 195 269
747 190 0
276 525 0
31 91 2 125 278
309 18 0
124 4 2 75 429
716 50 2 34 124
723 79 0
742 362 1 85
750 582 1 311
114 595 0
242 64 1 288
296 8 1 346
516 5 3 28 155 288
656 261 0
400 62 0
317 516 0
498 31 0
430 81 2 414 441
558 96 1 477
721 537 1 411
296 453 0
337 62 1 71
574 166 0
477 582 1 311
335 159 1 427
138 458 0
458 83 0
769 179 1 333
435 108 1 348
328 13 0
321 315 2 481 499
381 515 2 263 461
680 296 2 35 40
350 352 0
242 566 2 260 362
8 256 1 462
132 414 3 33 184 226
73 478 3 383 390 417
299 503 0
34 432 0
756 399 3 60 228 303
784 10 1 393
314 440 0
537 131 0
56 156 3 145 318 462
211 57 0
582 21 0
183 249 0
595 124 1 84
147 178 3 140 189 231
20 22 1 462
429 254 0
88 370 0
123 72 1 75
553 174 0
546 46 1 71
471 556 2 452 488
225 347 1 3
390 286 2 175 493
246 59 2 239 241
274 243 2 23 358
792 532 2 452 499
315 213 0
184 262 0
737 257 0
717 358 1 40
531 521 1 391
247 86 0
438 131 1 202
436 552 1 460
150 35 0
708 213 3 110 201 478
571 454 1 226
614 104 1 223
662 330 1 269
189 268 2 102 438
177 5 1 130
238 587 1 43
776 591 0
232 387 1 184
121 444 2 87 213
367 368 2 88 200
502 594 2 237 252
473 485 2 2 212
99 287 0
371 270 1 186
394 153 0
797 511 0
125 2 0
15 231 2 67 273
149 345 1 371
109 245 1 381
799 57 1 154
753 468 2 105 397
107 146 0
708 36 0
285 463 0
795 138 1 333
544 518 0
315 520 0
251 394 1 105
677 158 0
652 405 0
424 158 0
776 207 3 82 256 326
713 205 0
21 63 1 16
169 572 0
410 260 0
747 77 3 12 431 447
77 200 2 220 451
345 362 3 68 200 413
83 11 1 401
487 188 1 207
310 482 0
369 567 2 197 362
148 74 3 17 136 353
250 21 1 240
639 412 2 182 426
220 123 2 257 477
368 506 4 210 350 459 489
210 516 2 15 349
415 239 1 186
667 378 3 96 376 426
356 67 1 345
268 488 0
68 166 4 53 90 377 392
770 549 2 114 490
642 530 3 144 226 490
379 168 1 289
740 176 1 447
138 321 0
267 441 2 37 226
383 547 6 43 117 263 344 452 460
775 75 1 42
228 479 0
58 137 0
642 126 1 412
748 413 0
676 550 0
542 318 0
649 78 0
133 366 2 198 319
93 252 0
284 236 0
241 307 0
139 40 0
608 365 3 22 191 352
15 234 3 153 355 392
148 509 1 149
470 492 1 2
79 3 0
194 173 5 20 150 184 220 320
533 414 1 214
33 584 5 107 149 213 266 403
380 277 0
737 296 0
76 186 1 53
325 289 5 35 42 184 186 217
341 162 0
56 399 2 33 87
113 452 1 266
463 517 4 66 210 295 456
18 234 2 355 377
713 26 4 152 203 270 429
53 313 0
146 594 0
237 141 1 425
475 451 2 322 490
256 561 1 112
689 508 0
191 503 2 15 421
18 3 1 341
579 514 0
29 435 2 210 383
380 190 0
631 421 0
721 247 1 464
126 477 2 417 469
197 501 1 15
6 406 1 192
377 446 2 57 205
611 564 3 56 248 450
611 155 3 8 366 478
281 333 1 340
548 67 3 55 160 246
734 364 2 40 423
62 258 1 38
198 469 5 139 149 266 407 437
654 542 0
567 417 0
727 31 3 83 136 160
173 513 1 400
723 34 1 42
719 366 1 415
697 184 0
477 129 2 202 396
524 336 2 347 352
379 136 2 253 474
43 241 1 90
80 79 4 28 62 233 393
365 308 0
645 135 2 215 338
145 490 0
346 509 1 139
119 507 1 149
442 553 0
211 201 0
237 505 1 417
126 292 3 65 184 304
453 220 0
605 568 0
129 109 4 9 69 136 246
348 411 0
780 126 0
376 346 1 1
494 565 1 77
499 81 0
781 300 4 156 338 359 457
549 212 1 464
521 355 1 121
711 552 1 411
87 137 1 339
797 581 4 285 290 362 476
786 46 0
208 587 0
465 22 0
205 455 2 32 391
789 219 1 447
155 252 0
163 588 4 43 61 139 349
289 598 2 298 362
248 559 1 260
1 69 4 51 264 273 279
66 273 2 53 220
598 229 3 406 448 479
581 559 0
324 146 0
78 350 1 109
228 253 1 128
71 485 2 149 407
518 544 2 210 489
612 65 0
618 253 1 79
788 458 0
329 178 1 427
364 143 0
624 583 1 452
146 127 3 34 247 348
692 219 2 300 412
596 271 3 196 227 464
530 117 3 59 106 223
363 347 2 184 259
240 338 0
743 222 0
525 29 0
63 596 0
295 182 0
19 512 2 192 213
402 576 1 285
501 536 2 349 470
717 475 3 356 357 397
341 423 1 45
598 322 0
603 174 2 163 287
568 397 1 222
608 493 0
453 590 0
516 56 0
36 484 0
763 457 3 184 259 290
156 301 0
