1000
422 275 1 462
868 619 1 972
763 476 1 386
68 1125 1 788
438 1595 1 43
2432 2098 0
1656 2393 1 612
2644 1627 0
466 1375 1 749
2746 2779 0
2721 651 1 64
2767 289 0
2343 1321 0
2935 1212 0
401 1951 3 119 931 935
384 2997 3 555 661 782
286 476 2 515 916
2977 175 0
1973 602 0
2650 1627 1 622
1160 551 0
1402 2123 2 334 690
2783 2697 1 137
841 2591 1 90
2180 2458 1 802
1911 322 0
1921 2486 1 967
2197 59 0
1058 17 5 232 293 526 697 984
2947 1672 0
2332 929 1 450
2706 1880 1 963
2579 859 0
193 215 1 462
1365 444 0
2825 184 0
619 2516 0
2013 335 0
1759 2837 1 331
137 673 1 451
1605 1691 0
828 2640 0
1067 1419 1 5
949 2599 2 80 294
2400 725 2 325 770
2431 536 0
1516 318 0
2824 1430 2 307 854
639 2246 3 165 609 789
2240 2488 1 595
1308 967 1 369
2049 2206 2 66 408
1495 1009 0
1485 1962 3 66 435 486
357 789 4 285 841 921 948
2048 1577 6 251 513 517 761 862 946
2882 2917 1 887
338 67 0
2457 1066 0
1724 1530 0
1101 2238 0
974 2871 0
1903 2996 1 394
2746 812 1 11
1916 1003 1 189
2577 2414 2 52 54
2529 934 2 111 768
2764 27 5 220 262 292 633 922
1076 1596 2 271 892
274 1406 1 119
204 2829 2 374 689
1573 2427 2 184 284
267 2526 0
19 609 1 852
750 2838 1 530
2205 1397 1 194
1505 395 2 318 423
1400 2911 0
1303 2135 0
964 2613 2 44 879
967 1043 0
2397 1086 6 201 333 371 545 921 966
1116 2906 1 135
2396 2900 3 110 504 929
260 890 0
2069 240 0
2792 2529 1 838
2198 773 0
2120 1457 0
1180 2946 4 24 454 659 661
960 2943 1 538
1060 2665 2 752 981
2564 84 4 218 302 466 922
765 2068 1 105
384 2207 2 193 275
1456 840 0
460 1828 0
1630 2269 0
514 1240 1 634
2356 1002 0
553 1550 0
1795 1208 1 860
469 1758 1 552
890 583 0
915 2191 4 94 317 676 881
868 2427 1 294
466 1388 0
942 1720 0
839 237 1 655
2359 2920 1 84
2677 978 1 67
1681 1924 1 862
2170 1365 2 238 304
1936 397 0
2529 89 2 393 769
2037 1432 0
1072 284 2 655 668
609 2227 0
442 1681 5 15 70 574 725 826
104 248 0
231 2762 3 342 345 914
860 74 1 624
1001 1974 1 438
2487 2873 0
2501 2834 0
710 222 2 195 214
2567 1512 1 687
1586 717 1 995
984 2207 2 284 676
713 1580 0
1327 1405 0
1820 1209 0
1542 2845 1 331
2904 2385 4 401 407 834 880
780 2760 1 83
1776 1582 0
2760 2745 1 23
1672 2582 4 236 514 688 701
2661 300 1 323
1316 354 1 285
2332 902 0
2575 1896 3 415 592 817
303 171 3 243 481 491
601 1494 0
2896 2457 1 362
91 2598 0
1432 1936 1 486
66 2276 1 941
2299 33 0
1308 1944 0
2409 1756 0
1330 819 2 413 646
1301 267 1 327
2552 1316 1 977
901 1764 1 950
36 2316 3 554 792 876
1720 2516 0
2951 2040 0
1990 1612 1 542
1012 1761 1 695
936 2901 1 276
2728 2224 0
2125 2496 1 802
1287 696 3 829 906 972
681 2334 1 49
116 725 2 470 992
2671 617 0
2764 998 1 768
1481 2313 0
2236 835 0
2665 795 0
64 1922 1 852
1596 790 2 419 572
99 1202 0
2546 1316 0
2847 1614 1 190
458 613 1 829
2329 1656 0
60 1727 2 788 852
120 161 1 217
545 1019 2 619 966
190 1053 0
1167 156 1 987
1177 2284 1 72
2731 670 0
490 1906 0
1775 908 1 629
1380 981 0
1945 956 1 65
2864 1792 2 176 417
1820 864 1 519
1159 533 0
225 2241 1 95
1993 1462 3 76 578 589
781 69 4 126 214 386 479
1954 2200 1 441
1203 289 3 455 597 671
2762 2630 0
1639 508 1 466
91 610 0
1027 889 1 82
358 1448 1 505
2269 2069 0
2593 2831 0
2722 1660 1 301
301 1679 0
1267 1691 1 577
1940 1124 0
2992 1042 1 568
418 2545 0
222 1708 1 845
2749 1399 2 367 768
2454 1481 0
746 268 5 126 195 615 804 948
2417 364 1 990
1408 2345 1 732
312 799 1 180
2382 303 3 93 846 990
1973 538 2 227 258
2638 253 2 68 262
470 1746 0
1263 1249 2 647 952
2431 636 2 325 770
993 1527 1 552
2078 748 1 439
891 1455 0
1767 679 1 219
2303 878 0
1520 840 0
1987 1313 0
847 2585 0
1050 213 1 29
2839 779 2 506 625
2089 1231 0
2324 1626 0
679 2205 2 138 342
594 2356 1 397
2084 1305 1 113
2961 2078 0
1855 2553 0
1166 2890 1 971
1680 2667 1 900
405 65 1 143
650 1928 0
1486 2906 1 694
1813 1531 1 818
2387 2576 0
2669 1611 0
217 2007 1 931
1992 2918 1 265
2368 1686 2 56 635
2117 813 0
2357 930 0
1586 75 1 984
2620 2949 0
798 1685 0
2295 792 1 450
2040 574 2 219 274
738 2993 0
1057 1013 0
1036 109 0
2601 290 2 68 220
2656 1610 0
416 457 3 524 527 719
2588 2969 3 250 437 717
1761 120 0
587 1378 2 586 613
1880 204 0
1074 2208 0
276 1725 1 298
1828 2078 3 69 750 892
2865 576 0
2209 495 0
1975 640 4 258 700 872 968
1027 1769 6 95 368 435 685 688 821
746 2805 1 161
2954 2659 1 736
2164 226 1 482
2133 948 0
765 1900 1 374
2355 913 0
767 2378 0
1959 1370 0
1144 2210 3 72 129 676
1336 775 3 55 140 469
2911 1427 1 435
1685 559 1 703
1635 164 1 909
410 668 0
937 2227 0
1295 2 0
2503 204 1 68
1347 211 2 29 692
861 2432 3 44 106 459
957 40 0
2954 905 0
760 1199 0
261 1956 1 270
336 2433 0
1992 2278 0
2646 1269 2 205 511
1612 627 4 93 318 455 995
1844 2626 0
1723 1271 1 113
1850 1254 0
1052 2024 1 779
2833 1692 3 48 385 925
1085 2442 0
585 2499 3 661 726 790
721 1970 0
1029 1835 0
1252 1199 1 962
1726 1395 1 580
2055 1382 2 375 973
123 1035 0
1761 605 0
1579 2441 1 105
1606 410 2 77 302
358 346 0
846 1990 1 974
1874 1543 0
2108 560 2 743 945
2340 569 1 139
1751 493 1 703
2399 854 3 45 223 819
2264 206 1 393
1254 285 1 153
1690 2203 2 408 486
97 1404 1 727
926 2119 0
1119 2533 2 39 133
2638 1875 1 932
1123 891 3 82 760 953
1198 1916 1 22
504 557 0
2773 219 0
1107 829 1 413
1461 2530 1 967
237 1329 0
108 1040 1 476
830 919 0
215 2436 2 121 236
1549 1263 2 580 647
47 1056 2 476 707
333 2606 1 121
1865 569 1 953
648 1113 1 480
2894 2412 0
2442 2923 1 504
744 66 0
1289 2872 0
884 2919 0
258 849 1 841
2499 2013 0
2586 2709 0
448 2786 0
2921 1011 3 866 886 961
2109 158 0
2790 136 2 801 907
2694 2939 0
2695 1250 0
2199 2107 1 145
1597 206 2 455 516
947 2330 2 544 967
1302 2618 1 445
163 729 1 470
2715 1273 1 212
738 2008 3 275 438 828
1526 1037 2 51 894
326 1351 1 952
564 873 1 82
1397 2422 0
2893 2315 0
187 2245 4 71 280 695 773
1229 1446 3 314 577 939
2792 533 1 506
1953 2294 3 486 721 766
761 1471 0
2485 1521 0
551 2821 0
2546 933 0
2644 448 0
1193 1788 0
2034 970 0
2694 1863 1 307
865 451 2 3 195
1989 1093 1 480
1252 2928 1 412
2141 596 0
752 2185 0
2622 2912 1 557
1356 2655 0
1775 421 3 115 326 466
2076 2707 1 63
2217 162 0
2035 975 1 898
356 2536 2 237 601
858 2669 0
2838 2670 0
1503 500 1 423
2742 2011 1 134
133 923 1 788
2918 652 0
483 1087 0
2458 2805 0
1319 133 2 455 653
2891 2275 1 134
1585 2004 2 52 328
1750 1019 1 576
2307 383 0
526 2943 0
1402 2991 3 388 694 752
1292 836 2 152 337
2664 2751 0
2677 2312 2 142 606
2036 1711 0
2688 1869 2 190 680
2539 1870 0
1699 758 1 173
1034 435 1 804
915 1375 0
72 722 0
1514 510 2 77 400
2064 2385 0
0 45 1 778
1501 1564 0
1757 2548 0
2703 481 1 740
1235 1254 0
1012 957 0
372 2241 1 536
2012 2090 0
2778 403 0
1675 531 0
2931 2523 6 54 275 286 628 928 943
1063 1570 2 577 913
2429 2544 3 265 595 891
986 1983 3 123 368 793
2023 857 4 225 501 550 836
752 2343 4 459 575 661 789
1899 2243 1 196
1084 380 0
553 1652 0
2072 2267 0
798 2326 2 365 791
1666 250 1 466
1205 1012 0
2314 385 0
404 2872 0
2342 342 3 31 257 777
75 117 2 40 470
2622 1379 0
1853 2069 1 820
1055 2790 4 90 752 971 986
1675 73 6 197 302 363 406 466 597
396 238 0
2246 1275 0
70 719 0
1049 2524 2 294 440
815 2504 0
2122 1808 1 932
433 286 2 1 34
1255 2420 0
192 1205 0
2887 1432 1 625
1784 195 5 93 199 393 446 455
2861 2731 1 556
1932 759 0
518 801 2 285 953
190 554 3 166 366 451
849 1361 0
34 964 1 476
1839 1944 0
1005 2048 1 686
61 370 2 677 751
128 1789 3 340 344 472
149 1543 0
2836 1371 0
400 147 2 195 515
751 1153 4 347 387 861 962
80 71 3 143 865 992
2366 117 1 278
943 1573 2 903 994
1693 183 0
138 2397 1 630
1656 2237 4 54 147 328 377
1655 1541 0
2186 1129 1 889
175 1152 0
1046 2591 2 694 981
548 102 1 143
1189 2717 0
2978 1985 1 568
309 1961 1 941
2037 535 0
2597 373 0
424 460 0
1904 1032 1 966
1925 893 1 945
2191 1480 0
2155 683 3 439 560 979
1801 1120 0
2855 1420 0
2368 2847 3 84 349 980
366 1382 2 202 580
2396 999 3 233 376 569
2267 2444 0
2240 2166 0
1270 943 0
1355 2301 0
2454 1038 1 301
332 1771 0
2183 1838 2 56 729
1612 2595 1 138
619 186 2 17 479
1377 599 1 363
2119 1931 2 56 946
774 1564 0
1694 797 2 191 893
2041 83 0
2982 1556 0
1803 1537 0
2478 2220 0
256 557 1 264
846 1868 0
871 143 1 29
572 602 1 264
1747 2004 0
2468 2115 2 566 969
767 2869 1 75
2071 746 0
1179 1992 1 793
2950 2101 0
2013 1788 1 946
1703 1068 1 742
468 2302 2 431 799
2138 798 0
1144 2982 1 91
2915 997 0
790 1936 0
2673 1585 0
1928 1641 1 159
1515 811 0
1478 2683 2 364 900
526 855 2 82 841
977 183 0
89 2153 0
1678 2773 0
1843 1561 0
2285 366 1 439
1725 1047 0
401 1982 3 103 224 679
1272 600 1 804
106 2091 3 156 710 941
638 2962 1 16
2637 2606 1 467
2699 2679 2 391 717
1172 1566 0
1611 1204 0
2665 1442 2 501 977
450 2770 0
1724 766 1 709
1638 1542 1 939
1703 1195 0
73 328 1 762
1975 1917 1 529
242 1864 2 710 845
2943 1086 2 209 493
2796 320 1 506
1211 217 0
399 723 0
1901 1000 2 173 846
180 2280 1 639
1236 1350 1 119
388 2518 1 440
1702 1044 1 409
1500 1447 4 207 375 436 939
1911 1565 3 194 589 622
1280 700 0
1592 1330 3 313 343 505
2769 216 0
1950 1164 0
2924 2747 1 884
1562 1829 0
1400 1514 0
481 1582 1 267
1601 2166 0
2127 982 0
2139 1480 2 194 578
1504 956 0
2225 65 0
2803 2234 1 142
2202 247 0
1187 2093 0
2313 2721 3 50 437 605
2481 2734 0
1286 310 2 197 455
652 774 1 830
2662 2378 0
634 2471 0
622 2697 3 397 689 982
855 1338 0
1690 2398 1 786
143 1808 0
2288 2586 1 595
2845 2272 1 415
1638 255 0
1204 1621 0
1632 2910 2 49 934
2024 133 0
598 485 1 711
1247 2064 1 7
796 1462 1 267
2440 1144 1 622
474 313 1 214
856 1018 0
404 2621 0
951 666 0
388 1189 2 181 840
1600 2846 0
1700 1969 0
2539 1363 4 20 578 614 977
2402 1127 1 748
796 100 2 122 697
2830 1433 3 233 465 798
1494 2060 0
2885 1977 1 715
2263 2275 1 435
1698 827 1 187
138 2709 1 485
2856 2879 0
1100 107 0
2617 601 2 68 770
484 1216 1 99
2531 1700 3 251 706 756
1418 2467 1 881
1537 2194 0
722 2845 1 805
38 2360 1 573
891 556 0
711 1353 0
131 1845 0
2161 2317 1 938
1024 1170 0
587 83 1 827
1145 798 1 152
604 1344 2 222 343
2287 534 0
2673 2849 0
2885 1419 0
1225 45 0
2466 2689 0
1662 22 1 406
2999 994 0
900 178 2 109 117
2065 2126 0
2451 960 0
1217 2563 0
812 2545 1 90
1888 900 0
737 2931 4 16 90 309 440
471 1266 1 920
2395 1620 0
2947 579 0
314 1632 0
999 1249 0
2008 269 0
862 225 1 117
348 460 0
1365 1715 1 756
1298 388 1 197
2611 1774 1 857
457 1159 0
543 2747 1 689
2090 1239 0
780 2059 3 105 129 284
32 447 1 475
2389 765 0
315 1974 1 552
2802 1784 1 417
1860 2093 2 820 862
1594 187 0
688 2459 0
2416 1224 0
1822 2403 2 275 821
1150 2186 1 474
2606 1531 2 127 756
1773 2478 4 138 275 810 927
266 2822 4 71 601 674 726
1448 2143 1 22
2046 376 0
1111 123 1 293
2314 1281 1 712
1687 2946 3 245 412 490
1058 1714 2 160 374
2291 2557 0
965 5 2 29 624
1009 882 1 921
2409 1979 1 853
1956 766 2 274 968
618 2121 2 138 765
608 1281 0
1727 337 2 287 324
878 1689 0
2490 2193 0
2199 1748 2 635 815
47 986 2 344 788
1796 733 1 709
1976 779 3 562 708 893
178 1259 3 554 567 944
609 376 1 611
1554 1244 2 693 776
2728 1396 0
1404 2025 0
2839 2158 2 627 857
210 1635 0
2534 2757 2 265 557
712 1132 0
447 784 1 264
1425 1171 0
1905 2368 1 377
1230 2960 0
2655 755 0
782 2370 0
518 1750 1 119
678 2868 3 309 689 783
89 1095 2 329 807
2656 2831 0
2413 1832 1 513
543 1853 0
1286 1084 0
1230 2264 1 216
450 1680 1 994
1067 2519 0
2007 1006 0
2873 24 2 277 763
1804 2299 0
913 1180 0
766 106 0
2801 513 1 428
2471 1218 3 860 877 952
233 974 2 535 826
2129 481 1 322
535 25 0
2050 199 0
2257 350 0
1707 1459 0
329 1307 1 623
1549 1305 1 9
1677 1765 1 271
60 606 1 475
1390 2844 3 92 412 454
1890 1220 1 952
2295 1098 0
2513 2704 1 758
2540 1399 4 635 670 687 867
246 655 0
2462 2488 1 755
333 1873 0
2134 1048 1 333
2522 1404 1 56
135 941 2 565 966
1809 38 1 736
2430 2212 1 991
817 2140 1 701
2030 2293 1 377
2879 1003 0
2788 1653 3 67 168 212
2219 199 1 115
2404 548 3 45 223 633
2426 2262 0
2703 2062 0
83 2282 1 374
1193 2202 1 793
1462 962 0
2061 1276 1 712
2329 836 1 450
9 1077 1 425
1109 1991 1 306
11 1902 1 782
1774 1326 0
37 2898 3 16 780 814
346 2928 1 726
469 581 0
261 1383 0
1461 2173 1 603
72 1652 0
23 690 6 4 179 402 707 811 944
788 2349 2 49 440
620 2598 1 309
747 2310 1 445
53 2869 1 156
1102 1946 3 438 532 774
1874 2413 0
2062 2233 1 838
2444 1813 0
1043 224 0
2859 906 1 625
279 2401 1 536
2125 2619 2 891 959
2774 278 1 359
1738 2881 2 25 163
1361 207 0
580 526 3 214 420 553
744 2643 1 638
2902 2521 0
59 971 1 727
2474 629 0
1037 1245 0
1401 2072 1 688
374 1814 1 788
2290 2534 0
1184 1951 0
9 2864 1 782
2540 1844 1 706
1330 81 0
2641 2270 1 142
1650 1602 1 246
2379 713 1 325
2252 2168 2 453 681
1710 2287 2 275 685
242 480 0
1322 277 0
985 2168 0
1985 2785 0
121 990 2 119 742
491 114 1 645
1616 2432 1 368
568 657 2 164 177
1068 713 1 598
407 2563 0
772 2770 0
2716 507 0
2821 2217 2 134 880
270 319 1 948
2328 948 1 439
2990 890 0
2467 2403 2 87 795
1069 915 0
214 1110 1 619
625 970 3 55 353 545
2549 1893 0
794 2944 0
1875 819 0
83 2189 2 211 567
2349 256 2 218 572
71 1693 0
2640 2713 0
2266 2008 0
74 1304 0
973 1518 0
20 989 3 74 172 179
2227 1867 1 699
2854 1662 1 48
419 386 0
823 2412 0
2923 2317 2 672 715
1186 1374 0
2025 1026 0
2019 1248 2 102 741
860 1125 1 480
1640 1687 3 56 112 681
2052 2094 0
2008 1649 0
291 237 1 481
2980 2303 1 357
2352 1553 2 756 975
897 926 1 894
1639 205 0
1602 1023 0
22 2904 0
1853 641 1 274
501 1061 0
2505 1793 0
2566 450 0
1274 1369 1 156
1892 1187 1 741
1390 2234 0
1239 2728 2 80 986
2719 1963 2 134 834
1288 2370 2 105 636
1609 1463 0
1777 36 0
2090 2251 1 583
146 2165 0
2943 1124 1 357
2935 2990 1 57
199 2082 0
1301 1146 1 488
2583 1865 0
2289 2893 2 437 800
1386 1814 2 69 271
1733 715 2 519 709
710 915 2 369 868
2457 151 0
999 771 0
260 2350 0
2321 1020 1 396
99 1406 0
1647 2645 3 242 544 927
731 2163 0
2115 1838 0
1033 1499 1 483
2167 2284 0
145 1590 0
1238 351 2 164 987
2880 1092 1 359
1372 683 0
1572 307 1 288
210 1673 0
1101 599 0
1527 2027 1 915
998 1747 1 436
361 2678 1 121
1584 2057 1 912
474 337 1 17
1918 1943 0
1627 519 0
941 2445 0
436 1194 1 662
1066 913 3 55 82 698
1657 64 2 68 93
402 2363 0
2971 1941 0
2333 1730 1 307
339 2333 0
2074 2468 2 688 900
1421 1931 1 435
2086 2925 1 84
245 2098 0
341 1893 2 15 249
2133 1844 2 332 461
1347 273 1 953
1481 2727 1 609
370 1611 1 15
1217 172 0
2261 1046 0
2340 2652 1 643
2323 1357 4 375 563 577 954
321 1821 1 944
52 2279 3 148 494 554
2591 873 0
2875 473 1 435
338 1782 3 710 788 940
2321 236 2 322 499
1827 1784 3 56 517 534
36 428 0
239 543 3 55 214 835
291 2979 0
491 2053 1 155
2552 105 0
1723 1195 4 222 370 741 753
1350 916 5 333 346 469 933 996
1607 1549 1 939
1110 810 0
1872 1514 0
1068 934 0
1271 1683 0
2212 2712 1 800
113 1605 0
2965 2550 1 357
592 1257 2 312 480
2756 2024 1 32
117 2361 0
2439 2081 0
2123 1098 4 82 181 498 762
1649 2633 3 27 338 364
1844 710 2 274 700
1898 1922 2 529 978
2489 1133 0
1371 2881 2 241 454
585 592 2 2 164
1566 1428 1 314
982 1880 1 320
2412 1648 1 867
1270 2430 0
2515 1299 3 154 560 622
2561 2347 1 969
2220 824 1 501
2480 2853 1 504
1565 2880 2 92 490
455 2829 1 601
1916 1751 0
1859 6 2 29 254
806 701 0
931 2614 2 454 879
1210 368 2 183 906
2608 2773 0
14 2820 0
2664 176 2 215 218
2124 2033 1 764
284 796 2 166 481
2951 1022 0
1182 1417 2 483 733
1532 413 2 128 302
2096 443 1 953
1273 210 0
2531 294 0
2577 445 0
565 2213 0
