------- test 1 -------
1 2
2 3
3 4
4 5
------- test 2 -------
20 20
20 20
20 20
20 20
------- test 3 -------
4 5
5 4
4 5
16 1
------- test 4 -------
4 5
2 5
5 2
2 10
------- test 5 -------
12 18
4 6
2 17
19 3
------- test 6 -------
10 10
5 5
15 15
20 20
------- test 7 -------
1 1
1 20
1 20
20 20
------- test 8 -------
5 8
3 12
15 4
14 10
------- test 9 -------
4 5
5 6
6 4
4 5
------- test 10 -------
1 5
5 10
10 15
15 20
------- test 11 -------
3 4
8 5
7 1
4 5
------- test 12 -------
17 11
16 20
4 6
13 19
------- test 13 -------
4 2
2 6
2 3
5 8
------- test 14 -------
1 2
2 3
3 4
4 5
------- test 15 -------
4 8
8 12
12 16
16 20
------- test 16 -------
3 5
1 3
2 4
2 5
------- test 17 -------
4 3
4 4
6 3
5 5
------- test 18 -------
49 50
49 50
49 50
49 50
------- test 19 -------
10 50
45 30
28 38
36 20
------- test 20 -------
50 49
49 48
48 47
47 46
------- test 21 -------
50 49
48 47
46 45
45 44
----------------------
