879
26 0
26 1459
45 1459
45 1023
52 1023
52 3586
63 3586
63 2221
92 2221
92 1457
104 1457
104 632
131 632
131 2077
152 2077
152 983
155 983
155 2783
166 2783
166 1468
200 1468
200 2898
213 2898
213 277
218 277
218 4552
219 4552
219 1631
243 1631
243 4557
255 4557
255 305
267 305
267 4237
269 4237
269 3629
295 3629
295 4603
303 4603
303 779
312 779
312 3453
315 3453
315 2010
332 2010
332 641
356 641
356 273
357 273
357 168
389 168
389 94
396 94
396 1646
427 1646
427 42
448 42
448 344
467 344
467 109
483 109
483 238
492 238
492 190
516 190
516 634
517 634
517 197
538 197
538 1353
540 1353
540 1330
541 1330
541 203
550 203
550 64
570 64
570 1883
584 1883
584 229
617 229
617 2782
628 2782
628 2239
637 2239
637 3877
652 3877
652 2567
675 2567
675 1917
715 1917
715 618
748 618
748 1941
751 1941
751 1796
757 1796
757 2318
803 2318
803 1857
812 1857
812 2065
822 2065
822 1330
844 1330
844 2952
866 2952
866 672
872 672
872 1201
896 1201
896 914
916 914
916 3077
923 3077
923 2336
955 2336
955 2646
956 2646
956 2263
1038 2263
1038 2051
1056 2051
1056 32
1139 32
1139 46
1164 46
1164 4
1181 4
1181 3918
1191 3918
1191 3074
1222 3074
1222 3129
1227 3129
1227 331
1250 331
1250 4328
1260 4328
1260 1513
1268 1513
1268 464
1273 464
1273 25
1275 25
1275 324
1314 324
1314 29
1323 29
1323 29
1348 29
1348 28
1376 28
1376 3231
1379 3231
1379 2541
1386 2541
1386 3878
1387 3878
1387 1162
1390 1162
1390 1808
1435 1808
1435 212
1448 212
1448 4038
1464 4038
1464 3331
1495 3331
1495 521
1498 521
1498 104
1531 104
1531 4653
1547 4653
1547 4586
1564 4586
1564 1622
1582 1622
1582 104
1585 104
1585 4750
1592 4750
1592 3815
1599 3815
1599 3662
1607 3662
1607 3461
1630 3461
1630 3346
1659 3346
1659 1251
1661 1251
1661 3512
1672 3512
1672 3113
1681 3113
1681 4564
1700 4564
1700 566
1706 566
1706 4528
1707 4528
1707 2002
1709 2002
1709 2876
1728 2876
1728 523
1730 523
1730 4617
1738 4617
1738 3030
1808 3030
1808 3288
1812 3288
1812 990
1827 990
1827 1677
1830 1677
1830 823
1872 823
1872 496
1892 496
1892 464
1894 464
1894 955
1895 955
1895 801
1928 801
1928 776
1959 776
1959 330
1978 330
1978 2793
2002 2793
2002 2015
2012 2015
2012 1084
2039 1084
2039 934
2054 934
2054 2443
2055 2443
2055 666
2056 666
2056 3654
2069 3654
2069 1241
2082 1241
2082 3450
2093 3450
2093 839
2152 839
2152 1148
2153 1148
2153 1035
2154 1035
2154 2639
2199 2639
2199 753
2243 753
2243 2216
2277 2216
2277 746
2278 746
2278 2834
2304 2834
2304 243
2348 243
2348 2008
2406 2008
2406 903
2424 903
2424 1431
2433 1431
2433 277
2489 277
2489 2575
2494 2575
2494 17
2495 17
2495 1776
2518 1776
2518 75
2535 75
2535 1451
2566 1451
2566 943
2568 943
2568 193
2570 193
2570 112
2575 112
2575 681
2610 681
2610 443
2633 443
2633 3271
2640 3271
2640 723
2647 723
2647 3413
2669 3413
2669 794
2738 794
2738 4899
2762 4899
2762 1846
2764 1846
2764 1503
2775 1503
2775 1189
2813 1189
2813 1022
2816 1022
2816 818
2826 818
2826 2290
2858 2290
2858 842
2868 842
2868 12
2874 12
2874 4
2896 4
2896 4631
2925 4631
2925 4184
2939 4184
2939 1454
2956 1454
2956 981
2999 981
2999 3042
3017 3042
3017 1575
3103 1575
3103 4787
3110 4787
3110 99
3118 99
3118 3259
3147 3259
3147 3183
3166 3183
3166 1528
3176 1528
3176 331
3192 331
3192 4767
3213 4767
3213 1143
3352 1143
3352 2048
3389 2048
3389 1510
3417 1510
3417 4671
3419 4671
3419 1217
3441 1217
3441 2332
3465 2332
3465 1710
3471 1710
3471 4626
3479 4626
3479 2551
3575 2551
3575 2678
3594 2678
3594 557
3644 557
3644 4119
3645 4119
3645 89
3649 89
3649 1163
3694 1163
3694 473
3701 473
3701 678
3707 678
3707 365
3743 365
3743 1439
3755 1439
3755 259
3789 259
3789 1800
3861 1800
3861 688
3871 688
3871 2237
3894 2237
3894 734
3895 734
3895 2299
3985 2299
3985 2287
4072 2287
4072 2504
4082 2504
4082 387
4231 387
4231 2154
4245 2154
4245 493
4266 493
4266 2500
4297 2500
4297 2210
4302 2210
4302 3532
4352 3532
4352 2887
4357 2887
4357 4536
4378 4536
4378 940
4414 940
4414 4580
4420 4580
4420 1594
4478 1594
4478 3296
4483 3296
4483 521
4508 521
4508 3842
4551 3842
4551 1997
4607 1997
4607 2725
4614 2725
4614 738
4658 738
4658 2080
4695 2080
4695 1898
4702 1898
4702 1064
4709 1064
4709 923
4755 923
4755 1887
4759 1887
4759 1851
4799 1851
4799 4911
4808 4911
4808 1331
4876 1331
4876 2930
4879 2930
4879 1187
4898 1187
4898 2207
4952 2207
4952 2053
4964 2053
4964 3395
4986 3395
4986 2394
5012 2394
5012 115
5115 115
5115 104
5123 104
5123 830
5170 830
5170 810
5216 810
5216 4740
5244 4740
5244 2056
5266 2056
5266 1435
5267 1435
5267 501
5282 501
5282 4466
5415 4466
5415 249
5432 249
5432 1991
5482 1991
5482 724
5493 724
5493 4121
5500 4121
5500 1624
5541 1624
5541 4709
5593 4709
5593 3392
5629 3392
5629 2472
5671 2472
5671 1088
5686 1088
5686 2408
5715 2408
5715 2022
5777 2022
5777 2558
5787 2558
5787 2305
5829 2305
5829 2717
5831 2717
5831 1316
5871 1316
5871 2749
5891 2749
5891 630
5934 630
5934 3679
5945 3679
5945 2059
5958 2059
5958 2491
5963 2491
5963 1329
5983 1329
5983 3315
5987 3315
5987 405
6000 405
6000 3023
6046 3023
6046 1388
6049 1388
6049 1765
6115 1765
6115 153
6126 153
6126 1865
6138 1865
6138 795
6146 795
6146 2762
6177 2762
6177 1496
6205 1496
6205 1902
6220 1902
6220 1818
6230 1818
6230 4400
6236 4400
6236 114
6313 114
6313 4642
6317 4642
6317 1627
6331 1627
6331 2011
6335 2011
6335 856
6359 856
6359 3678
6396 3678
6396 2488
6441 2488
6441 3577
6490 3577
6490 2951
6501 2951
6501 2116
6534 2116
6534 1442
6602 1442
6602 1640
6627 1640
6627 304
6657 304
6657 1064
6679 1064
6679 325
6684 325
6684 4454
6700 4454
6700 2514
6758 2514
6758 1626
6761 1626
6761 292
6851 292
6851 1337
6863 1337
6863 610
6899 610
6899 3810
6908 3810
6908 1789
6943 1789
6943 2193
6953 2193
6953 1585
6955 1585
6955 3203
6957 3203
6957 2068
6963 2068
6963 1867
6965 1867
6965 1032
7028 1032
7028 2931
7034 2931
7034 2887
7036 2887
7036 1823
7052 1823
7052 1284
7063 1284
7063 4865
7086 4865
7086 1254
7087 1254
7087 2828
7091 2828
7091 1226
7093 1226
7093 3592
7108 3592
7108 1488
7135 1488
7135 3810
7138 3810
7138 194
7203 194
7203 3619
7225 3619
7225 1921
7249 1921
7249 4424
7250 4424
7250 676
7262 676
7262 921
7270 921
7270 734
7271 734
7271 1575
7305 1575
7305 110
7311 110
7311 1092
7353 1092
7353 504
7409 504
7409 647
7425 647
7425 180
7452 180
7452 1620
7473 1620
7473 368
7550 368
7550 3024
7554 3024
7554 1530
7558 1530
7558 2721
7563 2721
7563 536
7603 536
7603 932
7608 932
7608 354
7618 354
7618 2433
7646 2433
7646 2053
7683 2053
7683 188
7685 188
7685 36
7697 36
7697 1671
7733 1671
7733 173
7766 173
7766 2608
7796 2608
7796 597
7839 597
7839 3253
7856 3253
7856 160
7874 160
7874 4474
7896 4474
7896 961
7977 961
7977 587
7989 587
7989 267
8021 267
8021 4669
8027 4669
8027 152
8046 152
8046 3248
8057 3248
8057 2178
8084 2178
8084 1114
8099 1114
8099 385
8192 385
8192 1472
8211 1472
8211 540
8249 540
8249 3419
8275 3419
8275 31
8293 31
8293 4390
8296 4390
8296 1593
8302 1593
8302 4388
8325 4388
8325 1240
8332 1240
8332 724
8334 724
8334 118
8336 118
8336 2743
8340 2743
8340 2679
8351 2679
8351 3546
8399 3546
8399 883
8421 883
8421 2407
8424 2407
8424 1677
8438 1677
8438 2115
8442 2115
8442 893
8490 893
8490 1863
8554 1863
8554 532
8597 532
8597 4190
8606 4190
8606 251
8660 251
8660 2227
8671 2227
8671 240
8673 240
8673 1715
8711 1715
8711 797
8714 797
8714 4343
8735 4343
8735 1936
8737 1936
8737 1156
8776 1156
8776 406
8782 406
8782 55
8788 55
8788 31
8806 31
8806 2990
8833 2990
8833 2903
8852 2903
8852 1271
8908 1271
8908 1048
8920 1048
8920 544
8969 544
8969 360
8977 360
8977 1164
8982 1164
8982 596
9016 596
9016 996
9036 996
9036 601
9040 601
9040 2914
9043 2914
9043 2146
9052 2146
9052 3195
9066 3195
9066 1702
9084 1702
9084 2840
9088 2840
9088 1861
9089 1861
9089 2894
9095 2894
9095 2593
9104 2593
9104 1705
9112 1705
9112 1032
9114 1032
9114 2258
9167 2258
9167 1274
9179 1274
9179 1868
9189 1868
9189 1083
9270 1083
9270 4804
9272 4804
9272 1175
9306 1175
9306 2710
9340 2710
9340 1887
9350 1887
9350 4853
9357 4853
9357 1798
9430 1798
9430 2902
9454 2902
9454 2887
9485 2887
9485 1047
9492 1047
9492 396
9494 396
9494 2042
9513 2042
9513 1800
9525 1800
9525 65
9556 65
9556 7
9604 7
9604 1376
9628 1376
9628 648
9659 648
9659 1424
9666 1424
9666 1030
9805 1030
9805 2663
9824 2663
9824 2607
9834 2607
9834 1567
9868 1567
9868 991
9877 991
9877 2831
9878 2831
9878 1263
9919 1263
9919 343
9921 343
9921 153
9978 153
9978 1078
9981 1078
9981 0
