631
0 0
0 643
17 643
17 345
62 345
62 1376
94 1376
94 1273
125 1273
125 3645
133 3645
133 2235
154 2235
154 834
160 834
160 504
221 504
221 2117
224 2117
224 1491
240 1491
240 806
250 806
250 470
259 470
259 2062
269 2062
269 104
270 104
270 2511
284 2511
284 1691
295 1691
295 852
300 852
300 698
302 698
302 261
303 261
303 152
334 152
334 1765
339 1765
339 1474
343 1474
343 3098
344 3098
344 1445
365 1445
365 639
369 639
369 367
391 367
391 3501
397 3501
397 2297
405 2297
405 1948
408 1948
408 1818
418 1818
418 1871
447 1871
447 1863
458 1863
458 3788
471 3788
471 3047
488 3047
488 2500
502 2500
502 1708
518 1708
518 2657
532 2657
532 43
544 43
544 3469
560 3469
560 889
566 889
566 3825
588 3825
588 1141
614 1141
614 1828
621 1828
621 1464
627 1464
627 1815
637 1815
637 190
645 190
645 2215
672 2215
672 943
692 943
692 3931
700 3931
700 96
705 96
705 1208
712 1208
712 577
734 577
734 2259
753 2259
753 384
776 384
776 452
804 452
804 208
810 208
810 1674
813 1674
813 543
840 543
840 2723
858 2723
858 1373
881 1373
881 3744
883 3744
883 1374
894 1374
894 2752
896 2752
896 1345
923 1345
923 403
950 403
950 350
963 350
963 3098
983 3098
983 2206
1009 2206
1009 3708
1023 3708
1023 60
1041 60
1041 3369
1055 3369
1055 412
1062 412
1062 29
1065 29
1065 17
1079 17
1079 3396
1086 3396
1086 1682
1103 1682
1103 3609
1114 3609
1114 2829
1119 2829
1119 483
1141 483
1141 227
1143 227
1143 292
1146 292
1146 73
1168 73
1168 3969
1170 3969
1170 3688
1188 3688
1188 669
1198 669
1198 60
1280 60
1280 3076
1293 3076
1293 742
1319 742
1319 1593
1332 1593
1332 646
1344 646
1344 32
1351 32
1351 24
1355 24
1355 3011
1360 3011
1360 840
1373 840
1373 3833
1389 3833
1389 1241
1392 1241
1392 288
1406 288
1406 45
1411 45
1411 3880
1423 3880
1423 880
1436 880
1436 2359
1445 2359
1445 909
1465 909
1465 671
1466 671
1466 342
1491 342
1491 2641
1577 2641
1577 1613
1611 1613
1611 2352
1618 2352
1618 356
1621 356
1621 3069
1631 3069
1631 450
1635 450
1635 2443
1657 2443
1657 604
1697 604
1697 2776
1699 2776
1699 1258
1713 1258
1713 2470
1735 2470
1735 1628
1737 1628
1737 2251
1776 2251
1776 120
1795 120
1795 1282
1815 1282
1815 1193
1819 1193
1819 2197
1822 2197
1822 740
1825 740
1825 940
1841 940
1841 116
1855 116
1855 522
1858 522
1858 52
1881 52
1881 802
1894 802
1894 194
1915 194
1915 860
1924 860
1924 801
1928 801
1928 3062
1947 3062
1947 1673
1971 1673
1971 1561
1982 1561
1982 47
1983 47
1983 1399
2021 1399
2021 285
2034 285
2034 2582
2037 2582
2037 548
2044 548
2044 2574
2066 2574
2066 1977
2102 1977
2102 3050
2110 3050
2110 1709
2114 1709
2114 1574
2119 1574
2119 960
2145 960
2145 3070
2153 3070
2153 1475
2169 1475
2169 2449
2214 2449
2214 731
2219 731
2219 1188
2222 1188
2222 797
2225 797
2225 3270
2230 3270
2230 1607
2279 1607
2279 1828
2281 1828
2281 643
2335 643
2335 1391
2363 1391
2363 1280
2369 1280
2369 447
2381 447
2381 416
2388 416
2388 3234
2390 3234
2390 750
2397 750
2397 78
2415 78
2415 5
2440 5
2440 2830
2442 2830
2442 2060
2448 2060
2448 1963
2452 1963
2452 358
2465 358
2465 3929
2504 3929
2504 630
2511 630
2511 1618
2562 1618
2562 1313
2578 1313
2578 3143
2594 3143
2594 1209
2610 1209
2610 105
2627 105
2627 20
2630 20
2630 3550
2664 3550
2664 259
2668 259
2668 1406
2673 1406
2673 1111
2686 1111
2686 840
2699 840
2699 672
2700 672
2700 3824
2702 3824
2702 601
2703 601
2703 824
2719 824
2719 159
2729 159
2729 2608
2734 2608
2734 920
2738 920
2738 368
2741 368
2741 35
2752 35
2752 2185
2771 2185
2771 334
2784 334
2784 290
2805 290
2805 85
2810 85
2810 3678
2812 3678
2812 1119
2815 1119
2815 3638
2875 3638
2875 950
2921 950
2921 3604
2977 3604
2977 1140
2983 1140
2983 2220
2984 2220
2984 1875
2988 1875
2988 1296
2996 1296
2996 20
3022 20
3022 2179
3027 2179
3027 528
3030 528
3030 2177
3032 2177
3032 1449
3036 1449
3036 2553
3042 2553
3042 2150
3049 2150
3049 2560
3060 2560
3060 1403
3062 1403
3062 3315
3086 3315
3086 2595
3087 2595
3087 1431
3119 1431
3119 529
3127 529
3127 1151
3139 1151
3139 1125
3144 1125
3144 2273
3152 2273
3152 1209
3177 1209
3177 1592
3178 1592
3178 1347
3224 1347
3224 3761
3239 3761
3239 1780
3245 1780
3245 555
3253 555
3253 32
3263 32
3263 245
3279 245
3279 186
3307 186
3307 1912
3320 1912
3320 1836
3326 1836
3326 1756
3341 1756
3341 1554
3342 1554
3342 1658
3360 1658
3360 461
3368 461
3368 469
3422 469
3422 167
3439 167
3439 234
3466 234
3466 35
3475 35
3475 2138
3479 2138
3479 331
3483 331
3483 2496
3485 2496
3485 2104
3493 2104
3493 1389
3502 1389
3502 1303
3514 1303
3514 1052
3524 1052
3524 21
3535 21
3535 3746
3553 3746
3553 2499
3565 2499
3565 2277
3587 2277
3587 1984
3590 1984
3590 2334
3632 2334
3632 1185
3636 1185
3636 1520
3648 1520
3648 1186
3650 1186
3650 893
3669 893
3669 674
3713 674
3713 2659
3753 2659
3753 2096
3768 2096
3768 2138
3821 2138
3821 243
3847 243
3847 2042
3852 2042
3852 46
3881 46
3881 3851
3888 3851
3888 2399
3989 2399
3989 3209
4014 3209
4014 2431
4017 2431
4017 2539
4042 2539
4042 1538
4062 1538
4062 899
4068 899
4068 838
4074 838
4074 3324
4133 3324
4133 180
4155 180
4155 3803
4163 3803
4163 1417
4182 1417
4182 524
4219 524
4219 453
4252 453
4252 2729
4253 2729
4253 2642
4314 2642
4314 664
4316 664
4316 335
4346 335
4346 112
4374 112
4374 100
4392 100
4392 79
4394 79
4394 31
4422 31
4422 2109
4432 2109
4432 1372
4433 1372
4433 3768
4436 3768
4436 814
4439 814
4439 658
4470 658
4470 381
4472 381
4472 3029
4477 3029
4477 1830
4488 1830
4488 996
4504 996
4504 228
4510 228
4510 1482
4524 1482
4524 1343
4534 1343
4534 1730
4536 1730
4536 1052
4558 1052
4558 1753
4595 1753
4595 992
4660 992
4660 503
4685 503
4685 14
4777 14
4777 464
4786 464
4786 221
4818 221
4818 3858
4846 3858
4846 549
4860 549
4860 678
4864 678
4864 36
4866 36
4866 996
4871 996
4871 366
4882 366
4882 2241
4883 2241
4883 1553
4910 1553
4910 3689
4917 3689
4917 269
4939 269
4939 2876
4942 2876
4942 2674
4994 2674
4994 522
4995 522
4995 0
