999
15 0
15 6474
21 6474
21 5421
22 5421
22 1719
53 1719
53 1144
56 1144
56 5437
128 5437
128 2709
144 2709
144 1964
151 1964
151 284
157 284
157 5187
161 5187
161 2699
202 2699
202 9574
215 9574
215 8414
223 8414
223 868
237 868
237 517
266 517
266 6135
267 6135
267 4707
299 4707
299 6500
324 6500
324 4310
331 4310
331 4852
373 4852
373 3839
402 3839
402 1326
407 1326
407 1264
441 1264
441 7943
452 7943
452 2241
455 2241
455 1437
463 1437
463 1079
491 1079
491 7407
493 7407
493 1683
517 1683
517 7148
518 7148
518 4917
530 4917
530 6906
532 6906
532 4999
536 4999
536 129
540 129
540 76
559 76
559 6630
581 6630
581 5117
601 5117
601 2277
626 2277
626 1211
656 1211
656 3973
672 3973
672 3942
673 3942
673 1608
694 1608
694 988
710 988
710 831
719 831
719 304
743 304
743 338
755 338
755 165
771 165
771 4636
789 4636
789 3374
803 3374
803 1085
805 1085
805 469
810 469
810 9634
813 9634
813 6242
835 6242
835 5265
849 5265
849 2928
855 2928
855 1067
860 1067
860 341
867 341
867 7312
868 7312
868 4885
884 4885
884 923
890 923
890 13
893 13
893 6644
909 6644
909 2405
915 2405
915 5121
959 5121
959 4364
965 4364
965 1445
969 1445
969 594
970 594
970 364
977 364
977 178
1005 178
1005 9151
1033 9151
1033 5120
1044 5120
1044 7584
1049 7584
1049 61
1052 61
1052 2595
1055 2595
1055 250
1077 250
1077 9304
1096 9304
1096 3992
1100 3992
1100 1629
1108 1629
1108 800
1133 800
1133 1518
1146 1518
1146 413
1148 413
1148 7655
1157 7655
1157 4235
1160 4235
1160 2489
1172 2489
1172 1620
1183 1620
1183 252
1286 252
1286 227
1295 227
1295 3095
1342 3095
1342 2370
1363 2370
1363 5038
1379 5038
1379 1799
1396 1799
1396 3083
1400 3083
1400 1620
1412 1620
1412 8556
1420 8556
1420 5568
1434 5568
1434 5896
1435 5896
1435 1078
1440 1078
1440 8238
1447 8238
1447 6892
1499 6892
1499 719
1501 719
1501 10
1557 10
1557 2195
1558 2195
1558 192
1569 192
1569 7173
1599 7173
1599 1446
1615 1446
1615 78
1633 78
1633 16
1669 16
1669 5337
1700 5337
1700 4810
1708 4810
1708 5468
1739 5468
1739 1499
1776 1499
1776 5876
1818 5876
1818 737
1821 737
1821 3209
1837 3209
1837 2934
1845 2934
1845 658
1860 658
1860 228
1861 228
1861 9796
1873 9796
1873 8811
1885 8811
1885 4336
1914 4336
1914 3140
1920 3140
1920 7648
1922 7648
1922 1360
1961 1360
1961 2823
2011 2823
2011 2512
2044 2512
2044 1836
2047 1836
2047 583
2062 583
2062 6184
2065 6184
2065 5703
2086 5703
2086 1156
2087 1156
2087 887
2115 887
2115 8215
2119 8215
2119 2291
2125 2291
2125 9529
2161 9529
2161 6990
2167 6990
2167 4525
2170 4525
2170 1128
2183 1128
2183 7120
2201 7120
2201 6235
2216 6235
2216 1993
2217 1993
2217 1000
2228 1000
2228 1799
2234 1799
2234 114
2281 114
2281 2519
2301 2519
2301 1905
2311 1905
2311 4813
2315 4813
2315 3921
2333 3921
2333 9012
2354 9012
2354 1896
2361 1896
2361 8322
2381 8322
2381 1350
2394 1350
2394 5281
2423 5281
2423 4857
2425 4857
2425 7164
2430 7164
2430 3232
2438 3232
2438 8406
2477 8406
2477 7131
2491 7131
2491 4651
2500 4651
2500 3760
2506 3760
2506 344
2549 344
2549 286
2576 286
2576 6448
2619 6448
2619 1806
2630 1806
2630 2702
2638 2702
2638 1590
2663 1590
2663 186
2676 186
2676 158
2683 158
2683 528
2727 528
2727 507
2735 507
2735 1312
2748 1312
2748 1207
2750 1207
2750 1665
2763 1665
2763 1199
2768 1199
2768 9782
2805 9782
2805 7897
2904 7897
2904 2591
3022 2591
3022 2373
3026 2373
3026 7898
3029 7898
3029 2143
3044 2143
3044 9608
3049 9608
3049 1821
3074 1821
3074 7774
3155 7774
3155 7629
3174 7629
3174 2752
3219 2752
3219 2484
3259 2484
3259 9515
3295 9515
3295 2308
3312 2308
3312 5280
3345 5280
3345 984
3346 984
3346 4387
3348 4387
3348 1765
3349 1765
3349 4609
3369 4609
3369 2775
3411 2775
3411 3192
3421 3192
3421 2587
3443 2587
3443 6745
3445 6745
3445 1383
3480 1383
3480 716
3498 716
3498 202
3549 202
3549 9013
3590 9013
3590 3678
3615 3678
3615 3080
3647 3080
3647 322
3695 322
3695 2232
3705 2232
3705 1252
3711 1252
3711 9489
3724 9489
3724 3375
3803 3375
3803 7411
3813 7411
3813 5558
3818 5558
3818 5192
3869 5192
3869 4130
3873 4130
3873 8294
3876 8294
3876 3361
3883 3361
3883 1008
3887 1008
3887 206
3936 206
3936 2053
3943 2053
3943 1797
3959 1797
3959 7925
4039 7925
4039 385
4054 385
4054 3758
4069 3758
4069 614
4088 614
4088 2107
4097 2107
4097 2025
4139 2025
4139 5386
4148 5386
4148 3281
4157 3281
4157 6069
4160 6069
4160 2666
4201 2666
4201 5011
4267 5011
4267 4241
4269 4241
4269 8584
4298 8584
4298 1165
4308 1165
4308 2917
4316 2917
4316 365
4380 365
4380 3983
4392 3983
4392 561
4401 561
4401 2599
4413 2599
4413 2189
4474 2189
4474 8512
4510 8512
4510 8214
4512 8214
4512 8476
4513 8476
4513 6141
4515 6141
4515 7790
4627 7790
4627 6401
4636 6401
4636 245
4648 245
4648 98
4656 98
4656 2865
4669 2865
4669 417
4676 417
4676 4825
4695 4825
4695 4555
4699 4555
4699 3987
4722 3987
4722 964
4727 964
4727 9640
4741 9640
4741 3792
4743 3792
4743 3628
4750 3628
4750 3222
4751 3222
4751 956
4764 956
4764 58
4777 58
4777 9824
4788 9824
4788 217
4843 217
4843 2113
4886 2113
4886 459
4910 459
4910 471
4913 471
4913 451
4917 451
4917 887
5000 887
5000 582
5014 582
5014 2877
5049 2877
5049 1158
5082 1158
5082 2694
5096 2694
5096 2391
5106 2391
5106 5355
5117 5355
5117 4100
5133 4100
5133 3617
5170 3617
5170 2735
5177 2735
5177 6854
5179 6854
5179 1079
5189 1079
5189 7821
5211 7821
5211 967
5236 967
5236 167
5260 167
5260 141
5263 141
5263 2884
5281 2884
5281 2209
5315 2209
5315 9355
5396 9355
5396 4947
5429 4947
5429 4213
5438 4213
5438 1201
5451 1201
5451 1212
5453 1212
5453 940
5455 940
5455 7007
5463 7007
5463 6595
5482 6595
5482 2031
5485 2031
5485 1181
5567 1181
5567 1998
5571 1998
5571 1923
5577 1923
5577 7807
5579 7807
5579 7602
5596 7602
5596 7908
5623 7908
5623 6265
5640 6265
5640 4218
5650 4218
5650 1582
5662 1582
5662 3468
5663 3468
5663 1139
5666 1139
5666 3274
5675 3274
5675 3075
5680 3075
5680 3611
5681 3611
5681 3132
5685 3132
5685 1911
5703 1911
5703 1878
5723 1878
5723 8247
5725 8247
5725 6373
5739 6373
5739 651
5755 651
5755 466
5832 466
5832 2685
5862 2685
5862 21
5871 21
5871 5751
5886 5751
5886 1623
5927 1623
5927 8094
5935 8094
5935 2594
5964 2594
5964 8036
6059 8036
6059 2198
6101 2198
6101 6634
6135 6634
6135 2763
6153 2763
6153 1404
6167 1404
6167 479
6172 479
6172 4096
6175 4096
6175 207
6202 207
6202 2937
6245 2937
6245 133
6250 133
6250 1907
6263 1907
6263 462
6266 462
6266 5294
6278 5294
6278 3019
6311 3019
6311 2433
6337 2433
6337 1254
6339 1254
6339 1974
6356 1974
6356 63
6359 63
6359 3873
6399 3873
6399 3228
6434 3228
6434 9785
6439 9785
6439 6862
6457 6862
6457 8699
6564 8699
6564 4006
6567 4006
6567 1270
6589 1270
6589 1098
6674 1098
6674 5325
6685 5325
6685 3120
6715 3120
6715 8797
6731 8797
6731 1487
6738 1487
6738 7386
6754 7386
6754 3712
6764 3712
6764 332
6777 332
6777 38
6785 38
6785 7573
6815 7573
6815 1954
6889 1954
6889 5645
6897 5645
6897 2676
6903 2676
6903 8863
6974 8863
6974 365
6978 365
6978 2958
6995 2958
6995 2013
7003 2013
7003 7150
7019 7150
7019 3520
7096 3520
7096 8993
7114 8993
7114 3517
7145 3517
7145 7054
7152 7054
7152 3671
7204 3671
7204 4837
7232 4837
7232 2264
7236 2264
7236 7228
7240 7228
7240 4235
7247 4235
7247 2901
7248 2901
7248 2048
7294 2048
7294 5680
7304 5680
7304 4361
7315 4361
7315 6495
7327 6495
7327 5560
7356 5560
7356 2075
7415 2075
7415 8
7431 8
7431 5879
7436 5879
7436 1367
7469 1367
7469 1986
7491 1986
7491 421
7547 421
7547 6941
7555 6941
7555 714
7558 714
7558 2202
7569 2202
7569 993
7582 993
7582 1900
7623 1900
7623 1245
7643 1245
7643 548
7718 548
7718 337
7731 337
7731 5877
7760 5877
7760 5761
7772 5761
7772 6378
7809 6378
7809 1229
7810 1229
7810 5500
7824 5500
7824 953
7903 953
7903 6891
7910 6891
7910 814
7919 814
7919 10000
7972 10000
7972 8432
7990 8432
7990 8371
8006 8371
8006 2143
8024 2143
8024 9281
8036 9281
8036 3797
8048 3797
8048 8415
8063 8415
8063 1021
8072 1021
8072 1709
8084 1709
8084 616
8087 616
8087 3312
8122 3312
8122 1959
8132 1959
8132 8284
8137 8284
8137 3642
8225 3642
8225 5582
8237 5582
8237 4709
8258 4709
8258 9757
8263 9757
8263 743
8279 743
8279 3070
8289 3070
8289 1569
8378 1569
8378 1840
8400 1840
8400 220
8416 220
8416 4423
8420 4423
8420 1141
8428 1141
8428 4453
8457 4453
8457 1161
8458 1161
8458 1441
8495 1441
8495 1279
8518 1279
8518 3365
8525 3365
8525 2456
8540 2456
8540 4223
8545 4223
8545 4094
8567 4094
8567 2048
8579 2048
8579 843
8605 843
8605 9407
8622 9407
8622 7256
8654 7256
8654 9782
8671 9782
8671 3691
8739 3691
8739 2688
8753 2688
8753 675
8763 675
8763 5978
8787 5978
8787 5554
8793 5554
8793 5123
8851 5123
8851 2390
8878 2390
8878 9060
8880 9060
8880 4319
8893 4319
8893 1813
8904 1813
8904 1782
8923 1782
8923 8821
8942 8821
8942 6400
8954 6400
8954 4604
8956 4604
8956 26
8978 26
8978 7201
9020 7201
9020 1606
9037 1606
9037 4015
9046 4015
9046 589
9061 589
9061 664
9064 664
9064 195
9074 195
9074 8827
9085 8827
9085 5434
9095 5434
9095 9509
9114 9509
9114 4881
9118 4881
9118 7891
9137 7891
9137 2073
9166 2073
9166 2011
9181 2011
9181 202
9191 202
9191 9848
9209 9848
9209 2394
9240 2394
9240 5324
9245 5324
9245 524
9277 524
9277 8074
9278 8074
9278 301
9323 301
9323 1421
9330 1421
9330 1035
9338 1035
9338 2701
9340 2701
9340 1672
9360 1672
9360 7926
9361 7926
9361 2661
9373 2661
9373 9183
9449 9183
9449 1485
9455 1485
9455 3390
9469 3390
9469 2044
9490 2044
9490 8633
9505 8633
9505 7095
9518 7095
9518 3623
9529 3623
9529 3525
9545 3525
9545 6645
9548 6645
9548 3
9577 3
9577 7397
9581 7397
9581 5283
9597 5283
9597 2431
9617 2431
9617 1276
9620 1276
9620 2612
9665 2612
9665 63
9686 63
9686 2223
9701 2223
9701 445
9749 445
9749 2907
9765 2907
9765 2130
9783 2130
9783 3845
9797 3845
9797 628
9862 628
9862 2428
9894 2428
9894 56
9946 56
9946 4101
9975 4101
9975 0
