803
8 0
8 441
16 441
16 282
62 282
62 3864
64 3864
64 2685
69 2685
69 3066
74 3066
74 1207
82 1207
82 2601
105 2601
105 2256
115 2256
115 1262
140 1262
140 309
143 309
143 3249
145 3249
145 16
176 16
176 1117
214 1117
214 152
227 152
227 4862
244 4862
244 996
259 996
259 3812
262 3812
262 3335
298 3335
298 2061
306 2061
306 526
346 526
346 4913
351 4913
351 898
371 898
371 3735
374 3735
374 1049
387 1049
387 2729
392 2729
392 651
418 651
418 3484
426 3484
426 3129
428 3129
428 4695
499 4695
499 704
503 704
503 4773
590 4773
590 3152
593 3152
593 2869
605 2869
605 1269
618 1269
618 4174
625 4174
625 3786
634 3786
634 351
661 351
661 210
686 210
686 819
707 819
707 476
712 476
712 4790
717 4790
717 1339
744 1339
744 3314
751 3314
751 1875
789 1875
789 3307
818 3307
818 1036
823 1036
823 2058
824 2058
824 1637
832 1637
832 261
841 261
841 13
857 13
857 3834
859 3834
859 2048
873 2048
873 3252
878 3252
878 1167
882 1167
882 3326
887 3326
887 1485
910 1485
910 4775
911 4775
911 1718
932 1718
932 4565
957 4565
957 2334
959 2334
959 3843
966 3843
966 2833
972 2833
972 4046
973 4046
973 586
978 586
978 1252
979 1252
979 1118
980 1118
980 812
995 812
995 734
1003 734
1003 2625
1022 2625
1022 1480
1026 1480
1026 4808
1033 4808
1033 1150
1036 1150
1036 2443
1050 2443
1050 2116
1052 2116
1052 4166
1068 4166
1068 1833
1083 1833
1083 4303
1084 4303
1084 2059
1093 2059
1093 3346
1095 3346
1095 3095
1107 3095
1107 3893
1127 3893
1127 3219
1129 3219
1129 109
1134 109
1134 65
1143 65
1143 1711
1157 1711
1157 918
1165 918
1165 3690
1170 3690
1170 412
1171 412
1171 2389
1174 2389
1174 1939
1226 1939
1226 4942
1235 4942
1235 1479
1258 1479
1258 2272
1263 2272
1263 350
1285 350
1285 2568
1289 2568
1289 25
1293 25
1293 4271
1297 4271
1297 3083
1306 3083
1306 1589
1313 1589
1313 848
1332 848
1332 1007
1347 1007
1347 389
1349 389
1349 670
1356 670
1356 85
1410 85
1410 1525
1423 1525
1423 267
1427 267
1427 4710
1433 4710
1433 4126
1445 4126
1445 1873
1446 1873
1446 710
1449 710
1449 2791
1466 2791
1466 3
1472 3
1472 2219
1484 2219
1484 918
1486 918
1486 3005
1518 3005
1518 2734
1556 2734
1556 3433
1575 3433
1575 44
1586 44
1586 4509
1587 4509
1587 4487
1589 4487
1589 325
1625 325
1625 289
1633 289
1633 1446
1654 1446
1654 570
1671 570
1671 1696
1674 1696
1674 1165
1711 1165
1711 3289
1712 3289
1712 2784
1719 2784
1719 4339
1766 4339
1766 489
1767 489
1767 702
1773 702
1773 513
1777 513
1777 664
1786 664
1786 445
1798 445
1798 1128
1803 1128
1803 55
1831 55
1831 308
1833 308
1833 278
1844 278
1844 3009
1849 3009
1849 27
1855 27
1855 1136
1857 1136
1857 1
1860 1
1860 2232
1862 2232
1862 1100
1889 1100
1889 328
1900 328
1900 252
1905 252
1905 2106
1919 2106
1919 1635
1922 1635
1922 4452
1925 4452
1925 755
1934 755
1934 470
1937 470
1937 431
1942 431
1942 373
1944 373
1944 65
1964 65
1964 2838
1972 2838
1972 1665
1978 1665
1978 3946
1999 3946
1999 1838
2006 1838
2006 4707
2020 4707
2020 2560
2048 2560
2048 3147
2059 3147
2059 998
2071 998
2071 353
2086 353
2086 5
2090 5
2090 189
2093 189
2093 185
2108 185
2108 3371
2111 3371
2111 1445
2117 1445
2117 264
2122 264
2122 26
2128 26
2128 3519
2136 3519
2136 2914
2141 2914
2141 101
2150 101
2150 76
2175 76
2175 4589
2181 4589
2181 1359
2183 1359
2183 1509
2184 1509
2184 1048
2203 1048
2203 1156
2213 1156
2213 331
2218 331
2218 2614
2229 2614
2229 934
2237 934
2237 110
2251 110
2251 100
2253 100
2253 294
2254 294
2254 169
2257 169
2257 341
2258 341
2258 53
2259 53
2259 437
2287 437
2287 110
2289 110
2289 3630
2292 3630
2292 1422
2312 1422
2312 582
2324 582
2324 369
2327 369
2327 1365
2334 1365
2334 317
2350 317
2350 2758
2374 2758
2374 1892
2386 1892
2386 3977
2402 3977
2402 3060
2403 3060
2403 441
2415 441
2415 391
2435 391
2435 929
2457 929
2457 900
2495 900
2495 4665
2500 4665
2500 103
2506 103
2506 3327
2508 3327
2508 337
2538 337
2538 16
2540 16
2540 7
2542 7
2542 828
2554 828
2554 231
2555 231
2555 1424
2565 1424
2565 555
2583 555
2583 1972
2601 1972
2601 517
2607 517
2607 1048
2609 1048
2609 523
2610 523
2610 4339
2618 4339
2618 607
2650 607
2650 3242
2666 3242
2666 1254
2681 1254
2681 177
2684 177
2684 128
2688 128
2688 3571
2690 3571
2690 2056
2717 2056
2717 4258
2725 4258
2725 1466
2741 1466
2741 4435
2744 4435
2744 461
2758 461
2758 2297
2787 2297
2787 649
2807 649
2807 318
2833 318
2833 167
2844 167
2844 4086
2875 4086
2875 720
2900 720
2900 2538
2938 2538
2938 1288
2939 1288
2939 4685
2944 4685
2944 4446
2970 4446
2970 4913
2981 4913
2981 2971
3010 2971
3010 4257
3035 4257
3035 2928
3054 2928
3054 4505
3063 4505
3063 2758
3089 2758
3089 1216
3094 1216
3094 380
3104 380
3104 1171
3108 1171
3108 335
3131 335
3131 1609
3134 1609
3134 659
3153 659
3153 1785
3160 1785
3160 123
3168 123
3168 2780
3186 2780
3186 622
3207 622
3207 11
3208 11
3208 4
3220 4
3220 1481
3257 1481
3257 1323
3262 1323
3262 868
3268 868
3268 242
3279 242
3279 2691
3296 2691
3296 1678
3302 1678
3302 880
3309 880
3309 748
3328 748
3328 3766
3330 3766
3330 2046
3343 2046
3343 4320
3347 4320
3347 4022
3354 4022
3354 1519
3355 1519
3355 178
3367 178
3367 2930
3402 2930
3402 2908
3405 2908
3405 3203
3421 3203
3421 2632
3423 2632
3423 67
3431 67
3431 52
3459 52
3459 243
3474 243
3474 142
3481 142
3481 4630
3485 4630
3485 28
3506 28
3506 1926
3525 1926
3525 220
3547 220
3547 2842
3562 2842
3562 1135
3576 1135
3576 4879
3588 4879
3588 378
3592 378
3592 3766
3607 3766
3607 2313
3608 2313
3608 2408
3649 2408
3649 903
3681 903
3681 3360
3692 3360
3692 3270
3699 3270
3699 1672
3705 1672
3705 106
3708 106
3708 4615
3710 4615
3710 931
3719 931
3719 4905
3723 4905
3723 4368
3731 4368
3731 3501
3739 3501
3739 3351
3746 3351
3746 3925
3749 3925
3749 3065
3750 3065
3750 3369
3758 3369
3758 2028
3768 2028
3768 1890
3783 1890
3783 429
3814 429
3814 1972
3820 1972
3820 389
3846 389
3846 2531
3862 2531
3862 296
3877 296
3877 1899
3878 1899
3878 798
3910 798
3910 1458
3931 1458
3931 1292
3934 1292
3934 3308
3967 3308
3967 539
3975 539
3975 1531
3992 1531
3992 1453
3996 1453
3996 740
4011 740
4011 727
4021 727
4021 3346
4031 3346
4031 1115
4051 1115
4051 2800
4055 2800
4055 1481
4061 1481
4061 2455
4065 2455
4065 438
4086 438
4086 2747
4089 2747
4089 1361
4098 1361
4098 4904
4100 4904
4100 3737
4116 3737
4116 919
4122 919
4122 593
4132 593
4132 848
4157 848
4157 370
4162 370
4162 432
4165 432
4165 316
4175 316
4175 1471
4202 1471
4202 461
4213 461
4213 3669
4219 3669
4219 1092
4248 1092
4248 2643
4264 2643
4264 1341
4274 1341
4274 2720
4279 2720
4279 2424
4283 2424
4283 533
4293 533
4293 51
4326 51
4326 736
4353 736
4353 65
4373 65
4373 566
4379 566
4379 322
4400 322
4400 2805
4418 2805
4418 1587
4424 1587
4424 292
4441 292
4441 196
4449 196
4449 732
4456 732
4456 243
4460 243
4460 2104
4466 2104
4466 2077
4470 2077
4470 235
4472 235
4472 145
4476 145
4476 322
4482 322
4482 65
4486 65
4486 2536
4502 2536
4502 374
4521 374
4521 1775
4524 1775
4524 1060
4542 1060
4542 3661
4543 3661
4543 2691
4545 2691
4545 26
4570 26
4570 24
4591 24
4591 1494
4592 1494
4592 1173
4596 1173
4596 2912
4606 2912
4606 1954
4608 1954
4608 2270
4624 2270
4624 1335
4633 1335
4633 1944
4648 1944
4648 1109
4670 1109
4670 4495
4693 4495
4693 1252
4695 1252
4695 363
4697 363
4697 278
4707 278
4707 3336
4761 3336
4761 1448
4768 1448
4768 1176
4770 1176
4770 167
4773 167
4773 516
4784 516
4784 143
4808 143
4808 1532
4815 1532
4815 383
4839 383
4839 3545
4867 3545
4867 826
4875 826
4875 2416
4910 2416
4910 1426
4914 1426
4914 3894
4934 3894
4934 2948
4944 2948
4944 4507
4981 4507
4981 785
4982 785
4982 264
4990 264
4990 0
