247
0 0
0 281
2 281
2 233
6 233
6 6
9 6
9 5
10 5
10 468
13 468
13 327
14 327
14 193
16 193
16 119
17 119
17 179
18 179
18 14
24 14
24 24
26 24
26 3
27 3
27 377
28 377
28 163
29 163
29 423
33 423
33 59
34 59
34 400
35 400
35 76
36 76
36 439
37 439
37 103
41 103
41 105
42 105
42 37
43 37
43 490
45 490
45 43
48 43
48 93
50 93
50 67
52 67
52 228
54 228
54 133
56 133
56 163
58 163
58 74
60 74
60 65
62 65
62 16
65 16
65 413
71 413
71 298
72 298
72 364
74 364
74 306
75 306
75 412
78 412
78 341
80 341
80 359
81 359
81 292
91 292
91 66
93 66
93 62
94 62
94 108
95 108
95 60
96 60
96 35
99 35
99 2
101 2
101 47
102 47
102 20
105 20
105 235
106 235
106 9
108 9
108 49
109 49
109 29
110 29
110 481
111 481
111 348
116 348
116 120
117 120
117 95
118 95
118 440
119 440
119 216
121 216
121 88
122 88
122 65
123 65
123 21
129 21
129 11
131 11
131 38
137 38
137 27
138 27
138 198
139 198
139 191
141 191
141 332
142 332
142 118
144 118
144 421
154 421
154 310
159 310
159 236
164 236
164 155
165 155
165 140
166 140
166 123
167 123
167 104
169 104
169 10
170 10
170 259
171 259
171 105
172 105
172 200
180 200
180 34
186 34
186 222
189 222
189 91
193 91
193 301
195 301
195 28
196 28
196 149
197 149
197 43
199 43
199 439
205 439
205 119
206 119
206 110
208 110
208 20
209 20
209 458
213 458
213 159
216 159
216 358
220 358
220 276
223 276
223 246
229 246
229 135
232 135
232 306
236 306
236 108
238 108
238 198
239 198
239 195
240 195
240 219
243 219
243 210
245 210
245 329
249 329
249 156
251 156
251 268
254 268
254 102
255 102
255 388
256 388
256 163
259 163
259 299
260 299
260 142
265 142
265 72
268 72
268 56
276 56
276 190
281 190
281 188
283 188
283 280
284 280
284 241
289 241
289 415
290 415
290 160
292 160
292 9
293 9
293 5
295 5
295 10
296 10
296 6
297 6
297 196
299 196
299 0
