111
0 0
0 88
1 88
1 5
4 5
4 80
6 80
6 77
12 77
12 68
14 68
14 34
17 34
17 89
18 89
18 50
19 50
19 4
20 4
20 2
21 2
21 75
22 75
22 25
23 25
23 99
24 99
24 80
25 80
25 18
26 18
26 17
27 17
27 75
28 75
28 57
30 57
30 70
31 70
31 5
32 5
32 38
33 38
33 37
35 37
35 89
37 89
37 80
39 80
39 76
40 76
40 42
43 42
43 85
44 85
44 69
46 69
46 6
49 6
49 1
52 1
52 11
54 11
54 2
58 2
58 39
60 39
60 27
61 27
61 24
64 24
64 22
65 22
65 89
68 89
68 2
69 2
69 95
70 95
70 77
71 77
71 46
72 46
72 29
75 29
75 68
76 68
76 19
78 19
78 20
80 20
80 6
81 6
81 60
85 60
85 42
87 42
87 65
89 65
89 24
90 24
90 20
91 20
91 14
93 14
93 63
96 63
96 28
97 28
97 10
99 10
99 0
