48
1087
-757700 1239000
1145800 -1121000
-1943900 227900
-1445100 -794600
837000 886900
-986200 121300
-1906700 -1476400
-889700 868200
-728500 -860700
-371300 526000
439700 -1883200
603500 344500
-431600 -1253500
-1240600 910400
527000 654200
-1909000 395600
985700 1240100
96900 -1504800
367700 -828500
804000 -805500
102100 443200
419100 588300
-442500 -338300
315000 937300
-774000 -671800
-259000 -644800
-1845500 454100
-265800 648900
469500 1069400
405900 -570800
-1668700 -1782300
-920300 -1109300
-1406800 505700
-1605500 55200
-1757300 927400
-921200 493600
-1163600 -1050300
-381000 580800
1050800 -1358100
463900 592400
750600 -253300
-1056000 -196200
-218100 226400
-1237100 562700
465800 965400
576900 -994800
277100 -1603600
798600 -1848400
-1720000 -1670600
1184700 -1160300
315500 705900
637600 956100
-1532300 -1611800
1273300 -89100
276600 -1312800
185000 989600
-1971400 -669900
-1046300 480500
-533300 -341500
-940000 -1190000
422000 -1580700
-1136400 1140000
1047000 -41000
-373800 -1433900
-1418700 -158400
199700 62400
-651500 1192600
962800 176400
-702300 23300
-95400 -1507000
-1273300 665800
-1839200 -1528000
500600 -426300
1178900 96500
-1580700 -1380000
50300 -867600
76400 -747300
1103700 883900
-888000 -680700
-174400 -1013800
182600 -374500
-28600 -791100
-1553600 -558900
144900 -510200
501600 1126400
-441600 -379400
-1594700 -186400
958400 954100
97000 1255800
167700 742400
-1638000 1178900
-786900 458600
-1958900 -1260000
-279700 -56600
9000 366000
437600 4900
-633600 -1898900
-1828900 -1579300
1226200 -19800
-394600 -1304600
128100 -1748300
696400 136200
-1448600 -1158200
92200 -1569800
729200 1161100
-8800 -1942900
-1747500 -782400
-1364500 181500
-1644700 1269200
-63400 127300
-43600 -1920900
-1442600 678700
1119100 -1751600
-1283700 -58200
-1290700 -1570100
-1179700 -666700
-1623400 344200
196100 261300
-1083700 -1893600
-1761800 -980400
-1371800 -1365400
1136700 889700
837300 -1352700
-1540800 711400
655000 681100
115000 69900
-1038600 -1809500
-834900 -1471300
-529700 -946200
-1336200 -434900
-1186600 1162200
-1403100 -1869300
873300 -752200
1181500 320000
-236900 -1115100
-596300 -524900
-1270700 -1142200
507200 -1469600
-455900 -252800
156800 -354000
173000 -69800
-1689200 -1492000
819900 800400
-1258600 -630200
430300 -1213100
-1960000 -260600
137700 -913200
1073500 109100
-988900 -803200
-84100 738600
-1409600 99900
-903300 -1709800
-1712300 -258200
1252600 32800
-1856400 441400
-21100 -399500
846000 1253900
-1174500 834500
9700 376800
-1624800 927900
-947100 -1722600
-159000 -261000
-1483500 418700
-110700 -1076200
-559600 432200
-1091300 -1230800
-38000 -1681400
709800 -1023800
-14200 -1518800
-338600 -1831000
918100 -424700
-1216100 -1622800
-1069000 -380500
-900000 -562600
-1926200 -1137300
486300 -607600
-904500 914700
201900 -1059200
126700 1187600
-154800 -198900
1131500 -798900
362500 -1680300
-876400 860000
-863200 231400
-1174000 -1892900
-1731000 -1079400
-445300 193000
-1238800 -1203800
-611400 -892100
-455400 -85800
344300 -877000
-1004300 -752700
-87400 -458600
-1772500 100800
-1450000 -1655200
519400 -122100
-1348200 864300
-381100 123800
-1613600 -419000
432800 -781700
-1485400 933900
-696700 -1458900
-640100 -293400
155000 -1135400
-500300 -193900
262500 -1865400
-442000 -1609500
-1014200 163900
-267800 -609900
-730900 -476300
987000 -406700
-455000 -1968200
-1450900 235400
-1734200 -1536100
573600 367200
-1122900 -1883200
-1645000 -1271200
-1868500 -59800
-401500 -273700
1263700 -1669600
-1304600 1084700
1049700 -99100
-1206000 -1903600
316400 277400
-1067300 -1576600
-1459800 170300
-1233400 450900
-837500 -1842100
-308500 1241600
860800 831900
-810100 195400
-89700 847800
-199400 -1073700
-355900 -423800
47300 -492500
-1560100 -1317400
-1442500 -1679600
-1881700 -1989200
-1633100 593600
902100 -536300
42800 440400
777600 -1449700
113500 633400
-332700 -661400
-179400 539800
-1452900 -1561700
-1917300 240900
474200 -34400
-98100 -1586600
-1406200 563600
995000 -773100
-801800 -126200
-459000 -719700
480200 -1528500
-897100 -674100
-11600 -660300
1188200 -1307000
580600 1106100
657500 778600
-591100 -879600
-1171600 623400
-1455200 -1020200
-1665800 -676500
-1158400 -404100
1136400 -85800
-743400 -434500
-34200 -17200
-723000 320800
974800 1184600
456200 838900
-936300 -1510500
-1847800 -13900
-631900 -1176200
-1205300 1275200
-183200 -831200
-1931900 67300
-1242700 -7500
1213000 425300
-1737900 461800
1170000 -948500
-1698100 -1117700
-952300 -98800
-1727700 518600
-977500 181300
1061300 536400
-109600 -1782100
99700 -75000
578200 -52200
285700 -795300
-764900 -848700
798700 -1715200
-66200 -69600
523200 -292800
50100 845900
-27300 1042000
-1435800 -614100
-1823400 -115000
-1648000 -1561300
1016200 499000
112500 -1923100
153300 -324300
319500 199600
-1980300 -158600
675200 -489700
-1312600 767700
-1143800 -1792900
768800 -1747800
795500 -1798200
639000 110500
-1922200 -1584700
-469000 -627700
-155800 116800
-141000 218900
523800 -1298100
703800 510400
-997900 923500
754000 225700
-303700 93600
-1025200 -1354300
-263100 700100
-1976400 451200
858900 -1258900
681500 118100
1050800 -608900
1044700 829000
-1989600 1239900
67200 1235800
-1222700 -774300
-1955700 -259000
-1220000 1040400
184100 -1216000
31400 993900
963300 -184000
-1056700 1142500
-202000 943700
387900 730800
618200 1030400
-1693700 1154000
-1273700 -702100
-848200 -81800
-722900 772100
-1021700 1144400
-1329700 230000
292200 -288100
-591500 867900
-862700 -647200
-459000 1026200
-959000 -1144500
1031700 -1363800
-1324500 137300
1110700 -844700
30800 -1443300
1115300 -1989900
338500 -604500
158500 -1318000
-1841600 1220700
-1699800 -1867200
-195300 -113600
-505500 704700
818500 -238300
-329200 -1253800
751700 746800
-629600 757800
-243200 92800
83200 -564100
-798800 525200
769800 -270700
676000 -1850100
-413900 -714500
-595800 624800
915000 -1194600
-815000 -76500
-48500 217300
-994300 -673900
652700 -1899400
-1883000 -697600
-22500 912600
-804800 -674100
780400 -1025200
681700 -1075500
-607800 971100
520900 -697700
420800 205700
-888600 -1330500
-1747800 -1072200
752200 -1003800
721200 1125000
-1876300 945800
-1611300 508200
-1933200 -1851200
769600 -1389500
1110200 2000
348700 1079800
-436900 -874100
-1162600 871600
-1626500 1140000
-893300 -1995700
-948400 120600
-1055300 -953900
9800 1015600
-1791200 121900
-506300 -1403000
-185300 -1811200
-1248800 1117100
-249800 -1675400
-1833500 -1580400
-1017800 -481600
390900 -1284400
-322000 -1202400
89700 1008400
-1049900 -543000
551300 1162500
-1751800 964900
733200 180800
-989100 -1089500
-455200 1275300
-575400 -1218000
263200 339900
-1054700 -149600
-378100 -992100
-782400 -1177500
175900 -971300
-1784100 -970100
990100 592900
-990600 -547700
-1297700 -616100
485900 -1508100
-118500 -1567100
1265700 -95000
-1908600 62900
524400 103700
-1501900 553500
742100 -63700
834200 -1313400
-625600 501100
621400 -1793900
676500 -112500
-1894600 -1031100
-1368400 -451000
-560000 -583000
-1739500 1159900
-425700 -1404400
47000 -618300
192200 686400
-1625800 543900
-271600 449500
625000 575300
-1017600 -1581000
-122700 -1934600
-1326900 -1968600
-401100 -1269700
-310200 763800
332400 -1311600
-1234600 612300
902100 1124600
157300 542400
-500800 -1957200
18700 -187800
-1975300 1177000
88900 1014900
-1676600 -1946600
832500 -1151700
241500 -803500
1164900 -541900
-26600 40700
769600 -405600
-1372400 603000
-625000 643300
-181700 -1769200
-1171200 -120300
-341400 -1826700
-940300 1233800
390400 -109400
317900 1028200
-1401000 572800
-491600 804900
-1094000 -3900
-439000 -576400
814900 -963100
-9500 167600
-229600 -1090800
698800 -1855600
-741900 -1800
279500 101500
-359600 803500
1214700 -652200
-125400 -859200
-50600 496900
749300 -607900
446900 340300
-91700 -1537100
-281200 -93300
65400 110300
318100 -112000
1021000 811000
-1711300 -1214800
158600 108700
-1717700 -1617100
-1753600 -1729500
1060000 -140800
-821200 -1851900
-1295200 -1580900
482300 287200
-1870100 -922000
-735300 -1650200
73900 -775400
602900 -60900
42400 -88400
618200 1247900
646900 -1943300
48000 -399000
220300 -1433900
902100 -1470500
-411800 -1439700
-586000 972600
-1572300 -898900
-36200 950200
157300 -124900
925500 -1206100
65700 -535600
52600 1125900
-1440300 -740600
-154600 1184800
1132800 874700
-1745100 -1009300
1060200 -1599000
872500 1241500
-1829800 1229500
638600 -1824500
546800 306400
541100 -1805200
255400 -1247100
-877200 -482100
1016400 46300
1160300 -682200
445800 -669500
-451100 -1741100
-1765500 -1151200
586800 -695300
-1578800 -1961500
-630100 -1966200
-1513100 -1059100
429800 -618900
-1038600 404800
155800 -942700
58100 -1200700
-80500 610100
-636800 -1795900
-790000 -173800
-304300 -1357800
-1622200 883800
-1433100 -1908600
-383000 -768700
1121700 -224000
-263200 -1121200
-1499500 -1783400
-599200 -921200
-621100 1075500
-556200 -1579200
918200 -1983700
-884400 468400
-8200 -849500
-369900 152000
-267400 -1414800
-1623300 580100
855000 -1248300
111800 161400
-1666200 180000
993500 -298700
-893200 649700
1270600 -1144900
-535800 132900
-787600 -1166300
50600 -247100
-849300 406100
418700 1005400
-670100 985600
-1366600 19700
-1011200 -493900
122800 -509500
201300 -232600
-983100 289200
-1976300 -1981500
-1571000 -1337400
12100 1164300
152300 181200
-155100 -896800
737200 975500
-1457000 -156700
-213900 -146200
-1978500 -1526300
-1550500 -1606300
-1792600 -1531100
514900 169600
1100600 -997200
624300 -1021500
582200 1213100
-1773100 -5400
671300 -478300
-1134000 -1823100
-1566400 1121700
-1193900 460800
459100 414300
-201400 -326900
-718500 658800
838800 -192100
-1683700 -210600
604900 604600
-1415800 -108100
30700 -1535200
-248300 -105900
-618200 125200
845000 -1805400
-1053300 1263900
740000 828500
989600 -1452400
169100 -364700
-860600 404600
-1206200 1224400
-1264400 172200
-1086500 -885400
-1398200 -1852900
-469700 -666900
703300 141000
-1106900 -1595800
1098500 426100
-929000 1076800
-851900 1193700
1188800 -343100
-1946200 1042000
1257900 -981900
922300 -1936400
-1826800 -673500
-1637400 -969100
872300 891100
966600 -1670500
351800 -1118100
1267600 59500
-1606100 -440000
448000 1077500
-282700 -454100
775000 -1430300
422500 -907500
730500 -1088700
686600 720700
-1327800 -347100
-788700 -1355100
-605700 31300
657700 -1176500
-67400 -1262600
122600 -306400
-1865900 -1703700
-1170800 -361600
338000 1005100
-1297000 570100
-403500 -601100
513600 -1690400
-913400 -1379100
-871400 1234800
-286400 -1700500
561400 -933200
341900 799800
-1347600 -1368700
-1532500 -332600
-1675700 -685800
445300 -1252800
315100 -1167300
-404400 -589100
-1717600 344700
114500 -177000
-1787800 108200
-762300 -615600
-387700 -1198200
-970600 -145600
854100 -665000
-432700 -432800
910000 -1787300
-981000 -1542300
868200 -1178700
-1742400 483200
409000 1269800
-533700 -1614000
-821500 430900
-344100 -524200
-1754900 -755000
-1962000 -1268300
-1535500 117500
-1485400 500300
771100 1135400
15300 -1630100
-1331500 -747100
-1461500 -1889700
703000 959400
182600 -188300
1104400 -19500
212000 1177000
-1362700 1167900
-469100 358600
-1769500 978400
504700 -1965800
401400 419900
1072300 51900
-1761600 186000
1178600 677000
67600 -1847400
1149200 200500
-739300 1216700
-517400 896100
1061100 -439600
-825600 -958400
-1604600 519300
555400 -1088700
-7400 -1953900
-409800 918500
-499300 1164200
-890900 -353200
-1245000 680000
-509600 -346700
101100 823300
-795100 -414200
-993400 -1636800
1228500 -1626000
1100 -177800
32300 248500
-1298200 -1340300
859100 260300
-1158800 -230300
120700 -857200
501100 55600
-1711800 -301400
-1022900 -678300
321100 784900
-709000 -604500
-358100 61400
578100 183900
-993100 -1361300
1243300 -270600
-1256200 -872000
-1227900 417600
-848300 62800
-953200 -1092200
-36100 1129300
-776700 1262200
1071700 -761200
-1660300 -1753200
515400 -289200
-286700 1259900
493600 -339600
314100 -1503000
1015500 627500
-16000 620400
-1500800 988400
-524000 -503000
-1568100 -1027800
521700 -558100
412600 -578600
-162300 238100
739200 -587400
112300 -381800
350300 -1692800
389200 -662700
1024500 792800
-1278700 601800
587300 -497000
-997400 -802000
-484000 805200
-855000 -1146300
204200 -1578600
-1615900 748300
-1831400 1072200
879400 809700
-1112000 -852600
966500 -1409300
574700 -469600
-686400 211500
-494200 473700
-703200 -502400
814700 -392300
78600 -1554000
-382600 -1270600
1239000 -1281600
571400 150400
-600400 -920100
-1855100 848800
-1756600 -704700
-1200300 -1134500
-736300 -473500
812300 -1471900
1198700 -980800
-170500 -548800
-1578300 -493300
-1857600 -1502500
-309600 734700
578100 -525200
-1455500 89200
1207200 774100
-1327900 115200
-527800 -1678500
-678600 -137200
783100 261900
-1796400 63600
863500 -1000600
-1118200 -1927000
643800 -1408600
-1826300 -693100
-1444400 523300
-457100 -1832800
472000 -14300
-1481900 1062300
699400 538900
-779400 -1357400
480600 981900
-1791700 -825300
1031900 -1643800
1272800 688200
-1749300 223000
-435400 708300
-1962300 -1607000
176100 -148200
725700 -1170600
-1765500 -203200
-225300 920100
-1257800 1054400
-1069400 1179200
-1844800 1054100
1256200 -229700
1166900 1246200
446400 -284900
-926000 796900
-73500 117700
-1702300 -1313600
-1605000 -518200
-776600 -1832000
76600 621600
824200 -643600
-1821200 474800
44400 115500
-352500 -1082400
-850200 844500
392700 59500
-149800 566700
-1257900 795500
678600 -422400
-1109000 -923000
-630900 -665400
355200 294700
336300 -1537100
563800 -1471300
-496200 -1505400
43400 -467600
-984300 -1444400
-1991200 -52300
1140200 -827600
581200 -552100
1131500 965400
-43400 -374100
449000 -1259700
-826000 789600
1116400 -656800
-1791100 -365300
-655900 -1745800
-343500 -1044700
-1820400 -1008500
-1117000 -405200
-1673300 469800
524500 -1094700
5700 339800
-1200 -1314300
1209000 -1562700
-1877800 991800
-988900 -786900
605500 -1935300
-1052500 551600
-1569000 307100
-200400 617400
-1151200 419500
-1877000 305300
-1861600 -453300
-485100 167300
-1360500 98600
-959900 -1118600
522400 -654100
-268900 -1309400
-1290400 -132900
-1188200 -1337100
617000 -1144400
731900 858800
100300 -1420000
-231200 430100
-1361200 4700
1113000 1119400
-686000 -1073500
257000 967200
-921700 -935200
-565900 -469700
-101700 -800800
588800 907900
-1267800 -1714500
1194300 -1658300
-136400 -1419300
1213200 -114900
-279300 -1721400
-1635000 -1012000
809700 -437000
-343800 -1357600
-1661100 641700
123000 -510000
-561300 945400
-659500 -1721100
-1106800 1161600
95000 -1181100
778500 1073500
791200 -96300
95600 -188700
-1920700 -1605500
684100 -1790200
-1832300 -1853500
-111400 -1951300
877800 715300
-119900 1145600
780100 -1985200
-957500 -197200
-1038400 -1431600
388700 899400
948600 -606700
246200 -238800
890200 693100
730500 -1468200
-384000 -1663100
-583600 -1717600
966000 -1127700
-274500 601600
1240900 -1397000
-1285000 333200
-1911500 969500
-934100 -1352900
907700 656900
-1323200 -1547900
272700 -1161300
-1892800 -1770800
-300200 916100
-1060200 -1279600
-1552100 -1095900
536000 -767400
-817500 1235300
1022000 1267700
-1991000 720000
150000 -486300
1211200 -859800
40700 848100
-11600 -1122400
-1824000 -1042200
-43400 -1868900
-1861300 932800
658900 -1570500
-301200 670000
-1083500 -1264100
299400 -1278500
-261700 1231900
-969100 -532100
483500 -196900
-898000 54300
812100 -749800
-102200 274700
837700 203700
845700 -1311500
696700 1042100
-1649700 878600
-5300 943800
-1982300 -1416800
511200 -331900
492500 -1962900
794700 1132100
-486800 549400
-863400 -5900
-340800 547200
108600 911300
645800 -860900
-1446200 527900
-1760000 124100
-1523500 -1754500
1079700 -394400
-1878600 -1397000
-1216700 -1602600
-1313000 -776200
-1403800 -771800
732900 -750200
425100 -1729500
-149600 -717100
-1984400 -1462400
-1916200 -1739600
642600 -1032700
74600 884100
-771200 -155500
585300 -1567900
-944200 -1958300
1187600 -1168800
385000 -377200
512800 5900
500 350300
-874700 -1232900
-150500 964500
-537700 -1931900
764400 1220500
-696400 34100
210500 229400
-1467500 21800
-1743000 -480500
1271800 -1394700
1226200 318400
385700 871000
1002100 -1974800
-1479400 256000
-1903200 -1857800
249500 -1765900
581900 930000
-1500 -1900700
-1831300 -1285400
-1373200 1214900
833000 -1352000
1247800 -316000
364300 163200
-329100 360900
-60000 -1094600
187600 -1204100
-401400 -1188700
-1500000 290000
790000 -740700
-1440500 98400
-203200 1222400
52100 299400
438700 -653000
-1131100 -1694000
-531800 610400
665400 -1680000
-1992400 438600
96700 367700
-1010200 -466700
1198800 -1441700
-1923500 -1155900
-1263800 -1093800
107000 229500
-738400 -113100
-261200 -607200
-1568500 -1503400
928900 -1359800
-123300 1028400
813400 -170700
-1273700 -243900
-475200 -1497600
-1301000 -404700
826700 -1442200
-1032100 227000
-430500 -363400
51500 -1906600
-510400 -481100
982500 -1053400
-1625400 -248600
962600 504000
498700 1092300
690900 -1850900
-93300 -64400
191200 -554300
1002700 -1484800
-1843100 -1175400
361800 727400
-532400 -209600
-501000 -180800
-147400 -36600
-1275100 -1404600
229700 90000
-773500 -423000
34400 -1789300
-452400 -788400
-869800 628500
497900 -1065700
212200 1037600
-1886500 -1633100
-1301000 -1225300
-1642200 -162400
1174400 1000500
418400 -659500
392800 1130000
-1328300 -329900
338700 -438300
-676000 1188200
-307200 40300
64
980900 -1447900 0
-330800 -1365000 135
-1504400 -932900 180
402100 573800 135
168700 -116700 180
1225200 -1885200 180
1103200 -393400 180
-1424700 -591800 315
164800 -1710100 45
911400 650800 225
177400 1135600 270
-757700 1230600 180
-974900 1233300 315
1203800 1135600 45
-512600 -495500 225
782100 50900 90
-1098700 277300 0
1089600 241200 0
825600 -1259700 45
856400 1219500 0
700400 38400 270
-256400 -1858200 90
-1456800 716900 225
178900 920500 0
-607700 -1139300 225
-864800 608200 225
-333800 -1687000 270
454400 -717400 270
-888900 -1063200 135
-268800 96400 180
1087800 -1829800 225
-1977500 723400 315
27200 716900 225
-1799500 952700 45
1146300 -779600 0
-679600 -626100 0
-925300 345800 135
946500 -1072100 180
23700 -1029500 225
715500 -1774200 225
-892200 673200 225
116600 506600 180
738900 -412000 0
-1856200 866700 135
-240300 -1127600 270
-1998400 -1200000 270
1212500 579500 270
-1402900 -1769300 0
621200 536500 90
260800 -1941300 180
-989400 -743100 90
590200 640600 90
-156300 346100 180
-1649300 278800 0
-756300 -1108700 0
848200 -56400 225
-877200 -1159300 90
-783000 83200 45
-1924900 -126600 0
898400 492000 90
-1833500 -1335900 180
-1889300 -346100 270
1128300 -4500 180
-1282300 491500 180
