65
1293
-1833200 340700
-167700 759500
-130800 -1492700
-1242300 907600
859000 813000
733400 -1916500
208700 -210800
-1507500 1170000
1203400 54700
815600 -319800
670200 -929400
-420700 1092400
1252600 -429600
-878500 -646800
1264900 -1122100
1120200 807500
323500 274700
384000 -476900
-1672400 -1815700
-560000 -1220100
-228000 -1283700
-987300 180100
964600 1126500
-1507200 -1832700
-1653900 -1543100
-463700 -283500
-1240400 -1721400
1017000 -1153800
1056800 561100
-1868000 1083400
-1298900 -874500
100300 -1960800
-1033300 -589100
609200 334700
261700 1048200
645300 -456500
-1459700 228300
-1795000 156800
376500 -320200
-1354200 -1206400
-1024500 -674400
-505600 -768500
-1167800 -1969200
195700 -537100
-564800 -829400
451200 31700
788800 -1996100
-1692700 -654900
135400 -714000
793800 -996900
49900 508100
-707300 1221500
566500 -973300
1079200 -1543900
-1212600 1069100
402000 -438200
-1877000 -871100
207200 843800
-1815100 593700
639300 -1235800
250900 -1246700
-112200 -1465100
-679200 -1478100
-1119100 675000
960200 1129600
-312800 -1597400
1184200 1134100
-1042500 710900
344100 -1687900
-962400 -690900
-899300 -861600
-1239400 -864900
-1705200 581100
-343400 1130000
-48600 -265700
-579400 1275500
-1541500 -920600
-1454900 -558000
-1519700 -1534100
-1489800 128700
-507000 -689400
1056600 -1357100
-113800 -1002400
40400 335500
-158100 978400
-1669300 905600
225800 -1106600
-1346500 -1672900
-357700 -464200
841500 455900
-5200 381600
268600 565600
-235700 -387700
267000 -440000
-1543100 230400
539800 1233600
1261000 997700
579800 345700
-1785700 -1945500
-232100 -1983800
-1326500 -218700
396100 -1329800
355700 117200
-1438500 101800
-38600 -1906900
-1328200 -301100
15000 -1034900
460600 -1092500
966000 -492100
808000 -514900
-1276600 987300
-1413500 -163300
-394300 -54700
-1048300 -1909300
786900 315200
-1254400 377800
650900 277000
-1418300 -1629800
243100 647400
344800 -256900
1246500 -1954400
-371900 248600
995400 -200700
653700 724200
-217400 891800
940000 325100
-1964100 -760100
-523200 489300
-1379100 -569000
-1391500 77400
-1601500 -709000
958200 -188500
677400 1160600
1083500 -268800
-76100 -347200
-588100 1239200
-140000 879200
-1175200 730000
-74500 -1300700
-1669900 -517800
-1868200 -971100
-100900 423300
987000 -1900800
309100 62500
44900 -851500
450200 -1367100
787300 -345400
662600 689300
1131200 820100
-1822300 -286000
-1282500 910300
1104700 897900
-360500 1218400
-329200 279800
-368400 -634900
905000 628700
-1147200 -1292900
-1337900 -1365200
-1654400 -1269000
-1715900 854900
-15900 -1515900
564000 -296500
591000 856500
-1228500 -296900
-1241200 613200
-1735200 -931800
-1497000 -302600
1036600 454400
-1209400 -65400
762100 -1453300
-1053300 274400
-487900 -1345900
-847100 1130500
-53500 880600
-175400 355300
535400 761500
-1256700 -206100
54600 -82700
-439100 401300
-423000 -1027700
1058600 -1686600
-1620500 -944700
442800 -823400
-1799600 517700
-282700 868500
-841400 -1031600
-736500 1235900
-1505400 29600
437500 642100
-1619700 486100
-1964200 246300
1192000 -172000
825800 -1427000
-1509200 -308900
-1268800 402000
919800 -510500
66700 1217600
573500 -1827800
-1571100 564600
-1755000 570100
-808400 1000100
214800 -1059100
1258000 112800
-978800 269500
-1519700 1108500
162800 1119400
1258600 286600
1038400 250400
-1451000 -160200
459100 -46300
-1580300 1025800
743200 1121100
-1429100 -68800
-1190500 -1295500
-1256300 -144200
368000 -1032500
-1816000 279100
1195400 -351000
-1664200 -623700
-913600 315600
-193000 -464700
126800 406900
671200 413000
962100 -178500
-1740600 -1524900
-820500 -1130900
-1773000 494100
369600 -669500
281000 1136800
-1379100 173000
399200 929400
592500 -506800
-1413700 -1652200
1106100 -487400
-430200 -447900
63700 -17100
-1242500 -825700
-1877400 -236200
-157400 -1383500
-1324300 -1515600
671500 -1117000
-556900 -1610000
314100 -1640100
1223700 -1715200
-2300 -1897700
728600 -666300
-1586200 -834500
-1679100 -1749600
-64600 1095100
693300 740600
208600 -779900
152400 1237100
423700 -306300
-981700 1117200
-1652100 773300
-1452000 -1667200
867500 -1393400
1228400 981400
-428700 -1216000
-1720900 1024700
-3100 172600
1040500 8100
196400 1105600
-388200 46300
-587000 995200
-832700 -499700
-1938900 -1708400
930800 -1636300
989000 454300
-407700 352900
-1677800 983300
-1503300 334000
-1871700 -1841300
-299100 -210500
2600 704600
-280900 -365700
199600 1200
482200 -23700
-668400 -1761400
795400 -1268800
-1601100 45900
756100 -975700
49700 -1991200
803000 906100
834900 509500
-1636300 421900
1184100 1231400
-181400 1051800
-790000 1021800
-1679300 -1696900
-1658500 1114700
722100 -1821600
-1828700 -235100
-1556500 807200
-1482100 -231700
-1695500 136500
-805100 -62400
-1678500 -219400
-727100 945500
-1724600 896900
1264500 -1394100
-1130700 -1766100
1081500 -1720100
636000 -799400
-1317100 540600
-988300 523200
435400 -1661800
-154300 -404600
-1047200 -1943400
-668700 -1972300
-263000 -153900
-1495200 -863600
-1529600 -1223500
-427200 -527400
1219300 1176100
-1489700 -927000
1226000 -263800
-166800 1040900
1276000 52800
-826200 -1077800
-1407500 -416900
-1114800 1132100
-1692600 -1416000
-973500 -856400
-1323900 -284600
-536500 784500
976700 508000
-1966200 -690600
370400 915600
853500 -407900
830700 659600
218900 -1678400
588900 -1244300
-1556600 222800
1035600 -578600
312700 -45200
-1370600 710200
70000 -1399100
-352100 -438500
304000 785500
948400 -557100
175100 -924900
-491600 -1432600
185300 -169300
130800 570000
247300 -1133500
-1114700 -590200
-1061800 403500
144400 42700
182200 779000
-1088500 418300
-794400 910600
-594500 -378200
-118000 -1533500
-1676600 311800
-734000 803600
468100 -1812900
1265300 -207000
-1560000 -1277100
-1475400 -1251000
462800 -1798600
856100 -188400
-1278300 -1228500
137500 -600500
-1671500 1114800
-834300 -1609900
-708300 -1422700
938000 -725000
-822400 -1735700
654900 224100
590500 1206600
-1843500 907300
-591200 -134300
997400 513500
162600 450500
-172900 -459500
-1554400 517700
968500 -1098200
-315400 -1856300
-441300 -1905700
1052500 -817600
1081000 -920600
-706100 593600
867600 1237600
400900 -1723100
-90600 604100
-1117900 672500
-677900 -1597000
865700 -1741400
-624600 -676200
-202800 -1996400
1140000 -1999000
-1366400 812500
614100 -322700
401900 -1743000
-400800 -1853600
-1235000 979200
249000 -448300
-1404500 -1890500
1008000 -1245400
-101400 991700
184000 125600
-1978600 -1533000
-1342300 -698700
-974800 -54100
-1856000 -1900100
-1698700 74400
-387100 -1369400
-50800 -1374100
-1713400 -363600
-1215000 1172900
-517800 87800
-779500 -175700
-715100 300500
-565800 482600
198300 -960500
-1307700 879800
-795800 -180000
-1161900 -1044300
-1285200 -1344400
-1174200 -1907000
788900 -770300
-807500 302000
-948800 -1750700
-1040400 -255900
774000 66200
-1418200 453900
-1466600 47300
1264600 -1439900
-732200 -945200
54100 -1259100
657000 -1651000
-1274800 -1341100
-286700 1230300
-1832000 -1994900
-1130100 223700
-426300 -1334300
-570800 -940200
-1282000 210500
86400 -895700
-292800 -183900
221000 -510800
-453300 823900
-542400 -419100
-1889000 -278100
-259100 608800
1259000 -1649100
-1848800 -1632800
-414700 -1984000
-358300 -141800
-1316000 -633700
-1397500 83000
-1779800 768800
1032200 1002000
-1038200 -621800
175100 -960500
602400 737100
343700 216600
717300 -1492300
-1491700 -881900
278700 -1016000
-1288400 438600
-140500 -443500
-1619000 -348300
-1494600 -945400
-1339500 -1729100
-934600 -1708700
770800 -261600
-808200 -77100
1198700 -850000
-1985700 -1285300
153300 -1950600
977200 818200
45200 -1482000
414400 891700
-1404800 1239000
-452100 -1732800
-795600 1085800
-1497400 656100
595100 -1643100
193500 -1706400
-1818300 -452500
551300 1193800
-1494800 -431800
-1994100 1172200
547000 1216600
-197300 460800
959600 -1721200
1085300 -1936600
-30400 1005300
-481200 309600
-546600 843600
-1549600 -814800
-568400 -949600
-881100 -1997400
868000 -658900
448900 -1501200
-1918600 725800
387200 -565500
-1854200 -1175400
932300 -576900
-1840500 -957400
983800 -1641800
357700 746100
-1175100 -100
-775100 -1581400
-1805400 256500
920600 -1740900
440000 -232500
-654200 1174800
-354900 -889700
-1346700 -217200
-731000 -1148300
-23600 -644800
-1621100 -1187400
-418600 -1090200
-1221900 -895000
-1863700 -1912100
774400 586800
-508900 -1210300
-430300 740600
-1340200 -1606000
-834400 -994700
-340100 -760100
61400 1013300
640600 -1570700
578000 -282400
60500 -989100
850000 -1773300
670600 51000
168700 -95000
-473700 99900
-344000 1063700
-235400 1047800
951400 273800
-394900 1005600
-215400 644600
863900 -751100
1162300 -563400
-1009400 -1416500
-665400 337900
196900 -1319600
-1579300 170900
-1805600 -1495700
478900 -1532100
-1291100 -1890000
851800 -1934000
-1925800 -1732300
-506600 -716100
795500 -1977700
-702200 -1568700
-1228800 -1520700
132600 -236100
337400 -187100
-1078400 -791000
-942500 -208300
1201100 -1874000
-87000 476100
-1209800 -1128900
-630500 -1383900
918300 1112000
930500 -828600
-1916600 -188400
-1302200 1266800
-1584200 550500
721100 -715800
-566300 679200
-1560400 830900
-1078100 1120200
-125600 -572200
-429500 588900
107700 -1314100
-306100 1008800
151500 -400400
32800 -1173100
172200 -1427400
-701600 835000
-468700 -444100
-1367700 -118200
-1581200 -559700
747200 -1766200
774200 -765700
985600 861600
163100 170000
-1341200 874200
733600 1223800
-310800 620100
-785900 -208200
-402300 -1073700
-261500 -1100400
-221900 1101600
568000 -249500
225000 -1440600
-1721500 -626800
-1279900 901500
914700 -1610800
-1374000 -1495800
651500 -661100
-413900 707100
-956600 587000
-505500 -1843700
-639700 -986900
-1582500 954800
105400 -45000
65300 1172200
-758600 -1539700
-1784300 -1740900
625000 -876500
-605200 -1823000
-596600 -755000
405200 273000
135200 -689100
-1780600 671300
-1486200 -1700200
-18200 -900
114900 -1507700
-775100 -1656700
494800 226700
732400 -1977400
59300 -1828600
1171100 348800
968200 -1122500
-1904700 578600
513600 -907600
-20200 -3900
324400 304700
-1524400 6800
-37300 -1000100
62600 460800
816400 -1392800
-351400 -148100
-1316100 -999800
-155400 -48700
787300 -299400
1063300 -585500
-267500 -1135600
634400 -1418200
-862700 1259300
-1827300 9700
506500 931600
-480000 740400
200600 921100
109700 167500
1105100 -322200
-941200 -155400
-628700 -13200
-1377500 -565600
-10300 -454800
992700 1189000
-1371000 -663400
-323200 945900
-115700 -1223000
372600 966300
-461800 672100
-236000 -336300
978900 -1764500
-246200 103700
-67900 -24800
-1338000 -1125500
1096100 -837100
863300 487600
838400 -600600
-500600 -753500
-456600 -287900
-46800 -41900
705600 -1728600
-600800 -236900
-1900600 79700
-51800 -816900
-129100 -752100
191600 706100
-868300 -144000
64400 749100
-1117100 136400
-122900 -1145000
848400 701000
-1054500 470500
511400 871300
881900 1119400
-487700 1236100
-1791500 406500
-940500 -569500
-936700 897400
-1381300 539700
-154800 989800
-423700 -369400
-662000 -919900
-1178300 411700
756600 -1520900
-1842300 -1967200
-1047300 890500
-1899500 -142500
803900 843700
-1298600 -889300
655500 -1614800
-1110800 -1827600
-1837400 -178600
581000 -302000
61900 880700
-768200 74500
-1807500 729700
-164000 -1577300
-354600 -1386200
731200 -52000
-220000 -1380900
602100 634800
200100 540200
523500 902100
-1525400 -926400
737300 -832200
-734200 -1185900
46000 -166300
-135600 -1540400
794200 -253300
-205800 853000
1107400 752300
593900 -1007700
295500 -707700
-437200 1189500
-908500 661000
-717400 -365800
972200 -959200
659900 1248100
-492900 424400
-1977800 -1126900
581400 51500
-281600 -1599200
-1096500 -1977400
1007300 -452400
240600 761400
-1780600 8700
-1036800 237700
468000 -663200
-935500 -134400
98800 190400
-1933500 343400
-942700 -318300
-958400 1245200
-66900 1235800
-349500 441100
-120300 370900
490600 -1994200
1025300 1024200
-1961400 -201100
206600 -549100
1202700 1162000
1133500 -1126500
726300 -1654000
-1291800 -1538300
-729900 -1719000
-1731200 161400
-1354100 -1061400
-181700 -111000
-398600 -629700
180400 56200
-898400 -1434000
-1152300 111800
1185700 -383000
-1795000 -1212300
130500 1265900
276000 781500
1150100 -119400
508500 -695900
-1957600 319600
406700 -688300
-773200 -257300
201500 424800
-1355100 -1460000
-75100 1076000
-646700 -842100
-431100 -1406700
-612400 1116500
479200 887000
-1425400 -1123500
-1333900 -1767200
-1869700 677100
-1603100 -709300
-706900 -361900
706900 1211800
-956600 444100
-1530200 1247600
-1010300 136100
-1798300 -1642600
-742200 114900
-1342000 478700
16400 307800
-1174000 -937900
-1138500 176700
-1858700 -1373000
136600 117700
-729700 678700
-1801100 -1563300
-773700 252800
-140300 390300
-1179500 -714800
-1143400 -1567800
-167400 46300
354900 -864300
241300 -779100
-1495300 227300
-503400 -1697200
-1502800 -244800
1238800 -1544400
-745000 -188600
-770000 -1214600
-1292400 -1644100
-560800 -1054500
45900 375700
-1488000 -1195400
-1011600 -671600
1055000 -625100
-734800 -576000
-755100 1007600
305600 204700
468500 -222500
1061500 868400
288100 1000200
-3600 -1775700
-452700 -1625500
-874000 -317800
-1044300 -45200
-1305100 -1051300
1154500 291500
206400 -1908100
-522600 -393800
1112000 709400
-207900 -1167900
-1122100 879600
-1068600 -705800
842500 764700
-1132000 -1878900
-1400600 -373800
-198800 -1668300
-1651500 227800
-1118100 -1525900
411100 -1675800
3900 421000
-307200 1212100
-872800 199100
-1405200 -1559700
-286500 456700
-703200 -528500
-196400 -384200
-317200 -867700
-1238300 -408600
-846400 -1250700
1261400 229800
-723800 -484200
1003000 -588200
-1040900 960000
379400 -259300
-1404100 -300000
-571600 -1837700
-240200 -1579600
459100 -1241200
-1495200 596100
1010100 -1151900
-1819500 895700
-1408700 -1537000
493400 -780000
-473000 -275800
721500 -842400
-353700 306200
-1755500 -850700
1228900 -59700
-855900 -595800
1183000 1215100
-901100 91800
-1518900 680400
-1304900 744200
-1572300 668900
55600 -668500
-475300 -1481100
864700 944200
-506500 -4700
225800 -1499800
-336700 486900
-338100 947300
-1589200 437400
589900 -710900
-1264400 -1412900
1237200 -1667600
995900 -7500
887300 1209300
-664300 -1214500
-1961400 -795100
-1299100 -1148200
191900 -1877700
-1109900 -376600
-915500 -631800
-1421900 334900
1175100 -242400
-1471800 -910000
-1614500 311200
1225900 765000
-1606700 -428800
-744900 267900
-517700 1028600
-1195400 1053000
-246200 358900
-1466400 -634900
1071100 -1556600
-323500 668400
-762200 -681700
383900 -1268000
-576900 -292100
1026900 212400
-814600 -1902900
-322200 -1009900
1043300 507700
1215700 -514900
221900 -1494800
-389400 -238700
-305300 -1818500
-567900 877300
-1852800 274100
91700 -831500
-292800 335600
-964800 -1573400
896400 865700
-348300 -1338500
374200 -538400
-1802600 -1587500
33400 604300
1035900 60200
420100 -1246400
617800 -598400
-1638800 27800
823700 -1908000
-400100 652900
431300 554200
-1381100 -714500
-882000 1191900
709000 716100
294600 -1127200
-857000 -415400
-185700 -1355200
-1104600 -83600
391200 -1671900
-232000 131200
-1828600 -1410900
872000 -668800
953100 -1903800
-1693600 396000
-1716000 -745500
-1335600 155400
-1361700 -773000
545500 1150500
-1804200 -1706400
-527200 -792100
-298100 254200
1162400 998900
-1639500 884200
238600 -405200
809100 -1870500
1094000 -1766200
682000 388700
-1334600 481500
-251400 1035100
-898300 -1983200
-1866900 382200
-1904600 -1255700
2500 646800
129400 -1330000
829700 -591200
-311200 -776800
-658900 -1127500
1134500 -324000
254300 721400
-1710500 808000
-1511300 595100
264900 -1381600
-574100 1133400
-1639000 957100
368500 -1367900
-106800 1500
880600 -1698300
840800 -1013200
-73500 65600
229100 -97600
-1660900 58400
234600 -1867800
579400 -1086000
-104700 -1113100
-1725800 -255700
-1495200 -174400
-1695600 4100
190400 588400
-709500 -532800
-293100 22900
-1093800 -984000
-70000 -772400
-1872600 -637400
-1517800 685200
-350700 620300
528500 -1327600
-651400 -1267300
-1548100 370900
790400 -657200
-1616700 776500
-772800 -766300
-1748200 -17300
1137000 -1479400
605600 -956400
-469200 280500
915000 732400
569100 -1460600
-1436900 553700
-1220300 -223200
726100 877300
-306500 225200
814100 785800
297600 168500
-23300 1057100
-92300 454000
916100 -190400
1011800 163200
-84700 -1427000
596900 -360300
-1928600 864800
323800 -1673800
-1338600 97800
17100 -1836700
-1477100 1158000
-441600 -1274100
-641100 389300
-135400 -1874100
974700 1091200
-1453300 -1034900
-921500 -903000
424900 597200
-1193600 -845000
-828700 -77500
1067200 -44200
-591900 -1642500
-918600 -1300600
-509000 1157100
1193200 -1080300
1023800 179600
-634500 369400
-1894000 -1638900
1014900 559700
-748700 -1823900
1001400 -135300
-1067900 -755200
-1678600 462800
842100 -546800
-146500 855000
700 -1129300
1020300 -828300
-422100 831400
401000 452100
-947700 -365400
-1162300 -1488900
92300 -1618800
749300 -332900
-460100 526500
962200 -37900
-497400 -993100
987900 -467300
657700 -1730800
-1266700 -1468900
-1057700 -1965900
-1148200 -727800
886600 336600
828300 -1672900
-880300 -1833600
-1101500 -206000
-1327300 697300
46900 696600
-437200 999200
-841800 -596100
69100 205200
-513600 958900
-1726400 580700
1130100 -1881600
572300 -453700
-193700 298000
-1654400 -1317000
528400 749600
136800 788300
8800 40600
-1392700 -817500
-1902300 -899600
-1061500 1145900
-1370500 1259400
1058400 1212000
1009100 -1193800
100700 -1373200
-1386200 -129200
-943700 914300
-1550300 -927800
-276900 -276600
-503700 164200
-1321500 -1479300
-117500 673700
257900 -336800
-179900 888800
1174100 923600
-1651700 -379900
-1919100 750900
-34400 -228300
-1068100 82800
-286100 -749300
963400 -9500
-1165200 84300
-1927700 -644200
-98900 -1835600
78900 -1582800
777000 -403700
-1149500 -723900
-1430600 -141900
-1875800 -631200
-15300 1237500
-593300 -1512000
102200 -1801300
-1470500 -1024600
-1931300 -405900
-73500 6100
-1382500 987900
-1645800 -1642000
-896100 -1055700
656800 -138900
-566200 -130500
1253300 -1785800
-1467700 572500
331100 732300
-1653300 1266700
-1914700 -1272000
-1311000 -1312700
-1718300 -1864000
637100 385700
358700 -1747800
-1476300 -1954000
238300 -1846200
1167000 -135000
-1278200 590900
116300 861000
-1678900 1163900
930200 981900
504700 -1883300
-782400 -970300
596500 726900
1074300 183700
-1141200 -466200
-863100 1181400
-1217500 904900
609700 774100
-1989100 706900
-1174300 -488000
-1376900 -417200
1081700 433200
-393800 136200
1031100 926400
-1756600 52100
-1455200 446400
-710100 96700
1198200 1247100
-317400 -1571200
-1115700 596900
83900 -5100
-280400 791200
1175400 -666700
779300 -616300
-42600 -1672400
-1789200 -941400
-326200 850600
-1263200 -436300
-531000 -35500
-528400 -1978500
331800 1198500
-358400 -641900
-12700 -734600
-1972900 908700
185300 891500
395000 -1185600
-955400 -1987000
569200 -69800
-1543600 397900
-1269300 -1615000
-793200 -821000
932500 -1182300
712800 -154000
1163400 -445200
970200 -537900
-1921400 -1907500
500700 776700
-1420300 962800
-656600 257300
-1894900 -1235900
707200 115800
1220100 -151800
500100 1012800
281700 -1752900
-711300 -700400
-1295400 -1178000
-480000 1188400
-121800 -1843300
-1654200 -934200
-888800 -1698200
1137800 985100
1233500 1044300
501400 -431600
-348800 825900
-1697200 845900
-1533500 -648400
-866200 -735900
352300 1030300
300800 -272100
-806200 -820400
-1488600 -876100
-1509400 612200
-974100 -1301200
-494000 231400
-1708200 -938700
-183900 -872800
1198200 28500
-1325000 740100
-1908700 -313700
696900 -59700
-1267900 -1502400
1163400 1168100
-812500 -446700
163700 -1433800
-1504500 968700
-616800 123700
77600 1010800
-742400 -729800
51500 -1146400
-538300 -1120500
-1000200 -1562000
786200 949900
22700 -1665900
-1733900 -1891300
141800 -1979200
-340200 -1827600
142300 202100
158200 -54400
597100 254500
-148100 642400
-668600 -1868700
-1885400 -1012600
669400 878000
-1000000 -985800
-707800 -1341600
1131700 -1719000
-1798400 409500
-368200 -1713800
680700 613100
-219500 1144500
-300000 -652800
1139400 815800
-310400 -465500
984400 -1518300
-902200 -1306600
-1283200 1211800
-1853000 688400
947300 744200
-470700 -749100
-908700 -340500
918200 -1911800
1089500 -148900
-533800 -309700
619400 909600
609900 -1837800
-1821100 -1307000
-1073400 -58600
6700 -1069600
-1271800 -406800
1086000 86000
-461500 80200
-562300 -345800
1032500 -1855200
-1202700 1049400
-1540300 1263300
1007600 -105100
191300 88000
926400 -1036700
-908100 -1120600
-1712600 1083200
-1830400 -1645000
-6600 -227200
-734200 687400
1065800 -1166100
-465700 -107300
-352000 -1250400
-502600 1126400
-1757500 776800
-1384000 -641000
705300 -652900
-1453800 272800
-226300 559600
-151800 741700
571
-786100 -1369300 0
-1572500 383700 315
389500 806900 180
-836100 -1832100 180
-1248200 -359900 270
-125900 872500 315
-1984700 -1569800 90
-1130100 -1168800 225
157700 798500 45
-897000 347100 315
-1077800 83200 0
100500 1250500 315
608900 -1414600 135
-280300 -449500 45
-4000 708400 45
-1452100 499800 90
1083800 -1026100 270
1082900 -1534400 270
-696600 85800 135
901600 -330800 180
-515500 471800 270
-740800 -863000 180
213300 776200 135
821400 261300 270
816000 -123600 135
-674900 -1843300 90
778400 55200 45
-1026300 837600 45
900300 -1887300 315
-1636700 -158400 270
1043900 -97900 0
1083800 -284800 45
50400 -1730700 225
-1556500 847500 225
327000 -1514900 90
-1592700 -844400 90
-95400 -582200 180
-896900 184600 180
749400 316700 45
-1077900 291900 90
523800 1266500 90
-872000 -1512600 315
-1102500 -1309900 45
-1044800 -656800 315
106300 295700 180
-253000 1182600 315
-1723400 336000 225
-410200 577300 90
-1963000 -1017800 270
-281800 -762800 0
-1780700 38500 315
167700 863600 135
349600 -1074300 270
635700 1113500 135
-1532700 -1914300 135
1141900 601100 225
-1173300 -512000 270
-173600 1139800 0
-1974400 1061700 270
1021200 -861400 225
-1816600 -1029200 90
-1001700 521300 0
-1983600 551300 180
3800 -19500 315
301000 281500 270
-546100 -1031800 45
238700 -1940100 0
-1682300 281400 0
292900 -1545800 180
-1076400 1076500 90
-1945700 -1369400 0
-1413400 -249400 135
-1600300 1124500 225
155900 -1963700 45
457900 -1138500 0
240800 194700 225
573300 345300 270
441500 -1706400 135
755100 -59700 270
-1432300 -1948900 135
-1359400 -730900 225
-1575700 -1070800 135
-481500 -690300 270
-640100 122300 270
1211300 -1021300 180
483200 871100 270
-199500 -1865800 315
-505000 -671000 225
-1915700 -162000 270
778300 -974400 270
-924900 1118600 270
111900 -326900 135
-1868200 -1987600 0
-834200 -1986200 180
744700 -24700 45
-559800 1014500 90
476600 -1237700 90
-1694200 984800 90
872400 -991000 315
-820700 85400 0
-378500 943500 270
-1705200 -746800 0
-810000 -1249800 315
976200 265800 315
-967500 535100 0
-1042800 -1294900 315
-128500 -616300 270
682900 -1930300 90
-512400 394000 315
-1362300 -688500 225
-1305400 -1116300 225
-458300 1125100 270
-1048600 -1308400 135
-370900 -264100 0
723400 -1547600 90
656300 -277400 315
-222300 -1063000 0
-754200 -919000 225
-402300 2300 270
68800 -855100 180
1020200 935300 90
-383200 -1050900 90
-1392300 -1550900 0
-218700 -1194800 225
1141500 -798300 90
-1176700 798500 90
-1914500 -569200 0
-386900 -806100 135
-1266500 607000 45
-268700 -1506500 0
-198100 -316500 315
-1488800 -1970900 0
155100 -695800 90
-854600 352200 315
-1226700 12400 225
-1753200 902300 315
-1239300 -646600 180
187100 -1331200 45
62100 1193500 90
796000 1261800 270
163600 156400 45
693200 -340500 225
-1793700 317500 90
-1108300 902500 135
-775500 -924000 45
538300 -960900 270
-541200 169700 135
193900 -412800 180
-406400 -1561700 90
337100 -206300 45
-1738700 6300 45
-628800 -1244700 135
1156500 -795300 180
-1614100 -43900 270
1237000 -19500 225
799500 374000 45
338000 -1996700 45
898100 1072900 90
297400 686600 45
-383900 9200 90
702700 -703600 90
-36700 1215000 180
1256600 585000 315
898200 1049400 0
165000 393100 0
-179700 283000 270
-284600 -1010900 90
1088800 8000 180
-1878900 404100 90
1600 1120400 225
779500 824600 225
-1670400 -674400 45
-1354800 677900 90
-448800 -1860000 180
588500 -1925600 180
-1575100 877000 90
636800 -1335400 225
-311200 -762100 225
5500 -515100 45
1175000 559800 315
210100 -1548600 135
309900 608200 45
1211400 -1749300 0
-662600 -573400 135
-508900 594200 135
460800 -444000 90
-1428200 -1593800 180
1172300 -690000 0
1237300 1043700 135
-1820100 967300 225
-281300 -530100 135
693000 -1596500 315
-170200 1111200 315
-157700 950100 225
-261700 1088800 315
-1670000 620700 90
482400 -709000 45
-1642900 -1665400 225
114700 -682100 0
-594600 -1509000 135
-1428000 -348700 0
-835300 1162900 225
-1401300 237700 315
-1901100 -879200 135
90100 1058600 180
954900 211500 45
-949800 -393600 180
-1177800 548600 135
-1267000 -1330500 0
225100 1195500 270
193100 125000 90
760400 1129500 270
461700 1276200 45
-1313500 -773800 225
-775400 -1370700 45
776200 -1568500 45
1219800 914100 315
717500 276200 180
-1292700 -1599200 270
-582800 -1981200 90
-1191700 -103500 90
-465100 -562100 135
259000 -1426400 270
-315200 -1566300 45
312600 -1082000 315
-1736200 1070800 135
-318800 -556400 45
-307900 -1030700 180
1221600 -1036600 135
-960200 451700 225
-189600 -1405200 180
-1642500 -180800 315
-783300 -694600 0
-228500 -1082700 45
27900 267200 315
-1122400 -1401100 135
-891400 -1547200 225
509800 -1672600 225
-1628700 -229700 45
-362100 -1299600 225
-190000 -4500 135
69900 962300 0
1230500 -1862600 45
-100200 706500 90
-1534100 713700 225
1235800 5400 270
1202600 -1006000 315
93300 -1120400 0
-647000 -1055400 0
-1360100 -169000 270
10800 235500 90
1117400 -172500 315
410200 573600 180
415100 -1180200 90
1015100 -1974400 135
-1140600 162900 45
716400 -1617000 90
-1269100 136300 270
-931300 -674600 90
1275000 -756700 0
-1496600 430500 315
-708400 -425700 225
382600 -1795300 0
-1297400 190300 315
79900 1269600 0
-1305000 -478100 315
-1429800 621200 270
-48800 -90700 90
-575200 1176700 315
68000 -1848900 270
-1480900 488600 180
-700000 -47500 45
1255700 -36700 225
-1523300 -393700 135
1151900 -1726700 180
54700 -377200 90
-1822800 -1550700 0
312300 852000 135
-1873000 985600 0
-878600 -113000 270
930000 -288100 270
-1679900 952300 315
951700 -221800 45
-739100 -845500 315
-421900 588000 135
-757700 -1726200 180
-452200 -1634000 90
-641500 -339200 0
528600 -1688100 45
-475700 -1553400 315
-736900 7000 225
-119100 -1041400 180
839100 -510300 270
-494700 -1424800 225
-1401700 44300 180
71900 -1638200 90
-1168700 586200 90
692600 25500 45
938400 -118800 135
1117300 -430400 0
769100 -783500 45
1174300 -1105600 270
1201400 918800 180
-1613000 -1622400 315
-1897000 -1136500 225
-693000 -63700 315
-1905800 880600 180
-78100 -867900 0
-443700 776700 0
1070200 -225100 225
-895700 203400 225
-1433000 -147100 225
804400 -1895100 90
-1372300 -1717300 0
102100 -1675900 90
455000 1170300 45
-1039100 -1216500 270
684300 339900 0
-1564400 646600 90
1197100 -1166200 180
158000 479900 90
256100 -1957500 225
-1547600 -365100 0
-622000 -170300 45
-360900 -176500 270
-233600 429600 225
-480700 -31200 0
970200 -1071800 45
615700 -1455800 225
-1254000 -782400 270
840500 -1220800 315
-591200 -1704100 225
-1121800 273900 90
-1487300 -128100 225
36700 730600 135
-372400 439000 315
-586500 -44100 225
1200100 -51700 225
127100 -1372700 0
-1289700 -1867200 90
-1429500 -1063300 315
-1473700 -1837800 90
-1402500 -687900 225
-1990000 -263600 135
-1971900 -1464400 90
-236500 -1964300 0
-586700 -681200 270
-1288300 -1140300 315
490500 -1387800 225
-728300 1106900 315
-1279300 -121900 180
-12600 -1128600 225
935000 -198600 270
-1407300 -571200 45
-1796200 -1494200 135
869500 1215700 270
-1295900 -108200 45
-146600 -1615300 270
117400 899100 135
-1224000 -786500 180
-1607800 -598200 0
275100 905600 315
-1359500 197600 45
-1076000 1002500 45
-1397400 274500 180
-432800 500200 45
214600 105400 270
-1929400 -1224200 45
-1213700 -360200 180
849600 -620900 180
-961600 -561000 0
-582600 -278400 45
300600 -1391600 135
497600 781000 180
-635600 -1788300 0
-819200 -220000 45
-871600 -1444900 315
-17300 -1664700 315
938700 -1472000 225
-1614800 -763700 315
-1171400 -1696300 0
-942100 42800 315
-90400 -1863800 315
45400 246500 225
-1442200 713900 225
85300 -1702500 90
186900 -933000 315
-583200 120700 225
1118200 -514000 225
-762500 -1102700 315
-894400 -285700 225
-428300 -898400 135
-851200 556700 225
924100 807000 135
-1918400 -661100 90
996500 418400 135
799000 -248100 270
-1592700 298700 180
-1164800 -263000 315
745700 -1582300 180
572700 560800 90
-442900 -293700 225
-174100 284600 270
-1000800 -1913400 225
-719900 248800 270
-1890500 -606400 90
-650400 591100 0
-593400 -490700 270
-1553200 -1315700 90
-1128400 -953700 225
280900 421200 270
1065300 404700 90
1027200 695600 315
512600 -5100 90
-27300 -1990900 180
-1993100 -561800 90
-522900 794400 0
-1490900 -1365000 0
-379900 -637600 180
424100 1023900 180
-581900 -271700 180
359500 -1303800 45
214100 359200 315
-1517300 1036500 270
964800 -900800 135
944800 -343000 90
-267400 109400 45
918300 24100 225
-946200 570900 0
-1374100 -1111100 225
-1984100 831000 270
448700 400700 90
215000 -1496300 315
-44700 871600 270
1035800 283200 0
-1799400 -1832300 270
-843700 -907900 315
-1435400 -1027800 225
-1761100 820600 135
-1834900 1009800 180
1077000 -863100 45
624700 -1502500 135
-301900 -1488800 90
-976900 -1885200 315
314200 126200 90
521300 635800 0
-1378700 -680100 135
-787900 -1237400 270
1234300 589100 225
-1199200 -385000 135
-1622200 -413600 45
-23100 -504400 180
-1468900 -204300 225
-1200600 1166300 90
-916100 737100 45
-661200 192000 180
-435800 -1633700 90
-1356300 -68400 180
987900 -1264400 315
1047100 945400 225
-656000 -626200 90
231800 -728500 225
-1661600 -1448800 90
-1320100 -1509700 45
630900 -1223500 135
-545200 -1996400 45
-1959700 704400 270
-1721700 -727000 135
-417300 -1742400 270
-1072500 -1962500 180
735400 336200 45
361000 -903300 45
-73000 -180900 225
937300 35300 0
-1725500 -1708300 0
-1850900 -1132000 0
-968800 -1181200 45
-1060600 -1536000 0
584000 -873000 135
-1955800 -181200 315
-984100 337300 270
675000 -1125100 180
-1563200 -1193000 270
1226500 -1418600 225
-609200 196000 0
-339700 -35800 180
-349900 -736900 90
-1710500 855000 270
-1853900 -1889300 90
212000 -705900 90
-655700 147800 180
975600 -1324100 180
375800 687900 180
-350200 1273100 135
-1151600 -1595800 180
-910600 -1157500 90
-894100 -173700 270
73800 1079200 270
-579100 -1585400 45
1001100 -1644800 270
-503800 -1081100 90
-767400 -1510500 315
175900 1086000 135
-57700 975700 270
-1343300 330200 315
112300 -1083400 225
-1526800 853000 45
-1708100 257100 135
-1196900 327800 180
-1408500 -89200 90
-776600 -1722300 225
867000 212500 225
-1239800 -29000 45
-1376500 -929900 90
-1400500 -1757300 225
-1994400 -1028100 315
-1062900 -508400 225
1184700 -1320400 315
1035100 -1858800 135
188500 42600 180
831400 1054700 135
64900 425100 135
-1045400 -1680400 315
808700 -538800 45
138800 541200 270
-448900 -1731200 315
332100 -145200 135
924600 343100 225
400900 -206800 0
-1391600 -1121500 135
754300 -1015700 0
-1180500 -157600 225
393500 304000 225
-792700 -946200 315
-1808500 -1023700 0
-438900 28400 135
-1429100 -37900 270
-215600 -1307600 45
-417000 -394500 225
-187500 796700 45
537900 -291600 135
-1281500 -1597600 270
-527000 -1868900 0
-188900 109300 90
773600 -885100 0
-1700000 -1957200 225
1047600 1262200 135
1043000 -998000 90
-53100 853100 180
-1969000 1004600 45
825200 87400 135
-1067600 608200 270
-444800 -216800 225
502400 1192700 0
797300 -794600 45
1163100 638000 270
-817300 -430300 45
-977200 120200 45
-1236700 -397200 0
-970600 1160600 45
367900 -213200 45
-260600 -1693800 90
996700 303900 225
1079700 -746200 45
-222100 -304800 270
-1728500 -1441600 90
-1845600 255900 90
742900 -1250100 0
-1380600 976600 45
-357700 -1898800 180
995000 -59600 135
