10000
666 3579
2858 6321
9417 2487
6225 7277
1939 8385
9780 2739
5503 1094
3420 9280
307 6096
4627 806
1361 7909
4272 5376
4312 7307
1307 2083
9443 5880
3596 5360
4220 3253
1525 917
464 3308
3520 7259
3706 7811
1613 5012
5689 4007
9048 6694
4165 4441
9710 9535
4623 7142
941 1706
9161 198
1695 4901
6356 6527
1514 4927
9657 3299
616 9915
6883 5569
2593 881
7339 9701
5830 8293
2655 3422
8433 7031
6143 5034
7850 4830
7451 2730
949 310
6230 8890
2789 2568
8840 2212
798 8726
344 47
4924 476
7419 707
5813 8347
873 4750
5555 4943
4683 3990
3056 1171
7422 2571
3586 8146
9663 5897
8112 6429
2241 5622
404 1770
1703 868
5713 608
9959 1009
910 7458
9644 4471
5638 3179
1164 1897
5590 5347
2677 1422
1342 4061
2569 8644
4663 6320
7308 7238
505 5893
1812 5245
187 8192
1602 5736
5433 6889
1747 528
4014 9685
5491 1337
5584 2827
8410 6468
7047 1764
8922 3994
2408 5715
2053 7822
9573 7191
5575 9998
5830 3453
3296 4959
7003 9414
8918 9604
1917 1666
325 1077
9833 8168
9206 2614
3610 4341
2944 4185
806 5732
533 6316
7031 8304
2411 2042
2614 8277
1609 6021
1607 6916
4681 5704
4889 1271
1819 5196
5743 9014
7229 5636
5439 3312
8127 3445
7004 8442
3158 164
8584 6062
3045 7076
4897 345
7841 6591
5065 6023
9607 326
519 9682
1083 6050
6511 5881
4951 577
8733 4222
3948 3750
9040 74
5481 623
9647 5365
5475 3427
576 6453
39 679
5206 8242
949 4337
1071 7099
4523 3340
9733 5227
3107 1084
5995 6692
3275 7622
1897 7379
9935 6589
5447 5565
3726 6717
9082 5637
6084 1853
5403 4118
2167 2708
1084 4423
6730 2283
2909 8139
5036 6778
8894 3967
5244 8238
9687 6502
932 195
8226 9556
6070 896
6393 6482
2909 9085
2462 4323
9902 1438
2698 3241
7163 188
898 9543
8516 3210
1695 6421
2527 2884
9536 3552
3647 3904
4241 1937
8399 6441
7232 9175
9305 3306
310 6779
4738 4039
6421 5990
7823 5742
5758 4090
1200 9681
961 2204
1102 9712
6843 4275
1763 1439
7049 8825
7592 1579
4074 8686
1284 861
4409 6251
3378 2768
5290 6501
6815 6632
4388 3050
515 9197
8468 1915
9429 7913
6915 2702
2099 9094
2021 7032
8175 4756
4426 9052
9435 6350
5378 7072
1547 8115
3688 7230
9644 151
933 5485
9594 205
8296 604
4467 9142
3759 4138
8418 3076
5003 3894
4809 2578
2279 2244
6129 2587
1353 1262
2783 7329
6749 2852
8396 7090
7857 6375
5795 4667
2473 3207
9515 6410
8055 1367
7600 9400
5995 9677
546 7996
7944 8739
7633 5243
6255 2373
4404 3477
6533 8343
4354 6473
9538 3875
1278 5175
1764 5150
4419 1382
1254 908
2725 400
643 6648
2701 1230
666 3077
7291 2932
2434 2153
9678 1405
7341 189
743 9372
8343 7357
151 9473
2573 3572
3996 9112
198 1349
1549 6563
1378 5052
3264 1180
2515 6603
561 2588
1984 4631
1459 9412
5086 275
9798 4418
3616 643
31 1757
827 9855
5543 1803
3027 827
4357 282
8605 4574
8886 2449
8788 4268
1778 5508
931 1555
5438 2978
2161 6966
9027 6500
4877 5174
8765 1814
1304 3441
2355 7467
7874 2755
4735 245
756 8834
1646 4532
1943 4552
7487 7444
4458 5819
2266 4451
8535 3855
2091 7375
615 7113
433 8351
4070 6117
4369 8602
7821 6623
593 894
210 2368
7632 6442
3734 235
6252 8962
6589 6145
4330 25
8638 8032
2887 6310
4951 3486
1777 320
2916 5909
3365 4369
6003 2457
1119 204
9481 4974
7944 7914
1473 7612
83 19
2258 8208
8363 6263
9140 1800
6368 6868
8615 7210
9282 3743
9312 8824
4166 5979
2573 4313
3074 1529
5992 4641
6511 1128
606 6646
8776 2071
6495 458
1663 6352
1632 8625
8359 2134
4592 5204
8823 2356
6507 1237
9733 1871
628 9955
5159 4135
611 7587
2418 6946
3516 8406
157 9108
8473 3017
1990 231
2029 2527
3441 1133
8839 870
6458 8333
5044 6731
1619 304
1989 3946
2545 6420
1808 3692
4686 4131
4268 8764
4219 3147
2574 1709
2284 5726
4833 4802
6188 3344
5244 8030
1797 6871
1125 5498
5771 5310
8658 9877
6426 1578
4117 4634
9815 850
9057 295
7850 888
6336 9173
2625 5140
1613 1749
5649 1186
6095 9311
8579 9098
650 4609
465 1228
5628 2398
2570 4662
2513 6888
8389 6103
459 8851
9177 1136
7519 6640
9552 4112
2865 6348
9098 8217
5370 1968
7353 9130
2310 2507
7229 7454
3365 3642
2256 2198
7668 8266
2179 7366
1180 3423
8022 1775
3034 9465
2172 7797
8648 8043
337 6253
8658 1187
7942 5325
2785 5620
6574 5200
6708 3417
1894 7440
8077 9213
1200 7
6523 3832
1882 9505
3234 8943
1635 766
1493 8555
5862 5108
2768 2375
6415 9785
8886 453
6001 6297
9837 5772
4581 241
4659 8746
2345 6093
1341 3784
5657 8414
8566 4788
7354 494
2293 2432
1545 9187
2991 3842
6126 5451
1907 7773
6979 2225
5319 3055
2462 7226
6103 8976
1895 3337
5257 6777
8196 778
205 6003
6081 3792
484 5386
601 904
5484 3991
4236 7718
1347 6230
8466 3799
2563 3766
8585 1791
6831 7482
1618 3713
8942 6367
1925 1954
1506 7846
1609 5384
9180 1516
3909 7523
5709 8253
3482 6370
205 6940
1836 6707
6454 9734
769 4799
2378 4639
2313 1371
3348 2351
3838 65
6313 708
5811 3170
2855 6513
1971 3826
9909 8243
540 2494
7496 7069
575 2224
6240 8367
1759 4666
876 6896
638 2292
2404 9456
7326 3004
2616 7293
6653 8718
2245 379
4919 4505
2237 8782
524 5283
1953 9178
2623 8072
3208 1342
7012 7668
833 5162
7781 3788
1157 5036
3631 6231
1746 4645
1575 2362
8646 8495
4410 9817
6502 61
7063 5364
5917 683
983 6289
1684 3149
7634 4851
9521 3064
9645 6925
3174 8960
5499 4415
3103 3963
9020 5209
5585 6212
4278 1159
8125 2255
6166 2227
8740 7934
2696 8753
9570 7895
3126 9038
260 9102
187 4154
3480 88
1040 1839
7501 689
268 8702
4692 9020
412 6604
2337 7462
5505 2133
6033 7731
344 8902
9035 7592
3175 9617
470 5730
7702 4063
2179 8053
752 3082
2221 5573
6938 957
3208 2717
5780 2788
1441 3380
8313 9299
180 9264
9965 885
536 9464
1117 2591
2091 2182
919 4832
80 5946
9429 3649
280 2709
5212 2044
166 7857
2591 8375
4175 2177
8948 7726
9802 8255
5744 1663
8801 3502
6086 150
5996 2777
4401 1499
180 7241
8543 3295
1491 9428
2276 658
6683 8226
2295 6424
368 5419
5423 2445
1547 4001
8575 1845
3996 8336
2379 2317
676 2102
5750 5317
9333 8813
1797 3804
2060 7809
393 7229
1255 2734
422 7321
7385 7217
777 5186
6090 8761
7037 906
2154 5293
2111 8975
7094 1481
454 3797
8363 6994
2805 1931
5656 8650
3172 93
1197 2477
6001 6927
1668 5970
8320 2046
4967 784
5356 5106
70 1484
951 6972
4973 8970
3152 2787
2536 7763
6678 1272
5166 4231
2495 6897
6521 4928
3892 6296
6996 1211
9085 1668
86 6638
3722 7536
2333 883
5258 9359
6732 5874
1415 3482
562 9728
9683 3126
8621 9721
4257 2618
755 628
8314 6509
8365 614
4754 3596
5290 3740
9874 6156
2355 6590
1713 5992
1043 7697
4526 4506
2063 6829
1040 3078
8281 9847
982 8228
3098 8098
4920 907
44 3267
5709 9090
6442 3141
9012 2660
357 9202
5263 5757
362 8922
930 6457
1593 7967
2271 7639
1587 1821
2844 2669
4536 7014
5572 1909
616 4262
5355 2623
7238 2881
9332 2951
4797 2105
8585 236
9273 5452
5086 8346
3877 6809
8566 5665
517 9684
347 4475
6711 646
1693 7606
4099 8799
923 6109
4559 704
5018 6447
4604 7999
2991 6520
4005 3966
2664 5760
6119 9421
8062 8508
7386 9416
3235 7118
7841 1255
1759 902
9130 840
2116 8454
761 6450
6177 7387
4188 5930
4663 6755
9106 3912
8173 8613
849 8551
376 758
6498 8521
1236 7600
2750 6608
756 4050
492 714
834 8635
9448 5671
3029 6628
2887 5417
6562 1366
5450 9680
6692 2465
3679 6415
4846 5295
1595 607
1273 2312
7632 3106
9194 96
5664 847
2561 1691
1690 8710
8752 9113
894 7888
7047 8117
923 4079
8446 7260
6674 6536
8552 3123
1575 5503
8836 1142
1718 2217
7136 7286
9361 7903
6770 6178
2186 3270
166 5752
7156 619
2594 1623
8099 4439
1315 4978
7312 1676
1088 2484
2612 3061
1730 1327
9203 760
739 9831
802 9214
4919 9742
5773 2166
2269 3023
6514 9385
4074 7823
3219 7154
637 6919
318 1566
950 6890
492 7541
4012 4021
5403 7623
927 3700
5053 6577
1190 109
1840 8113
8261 3838
9642 3883
80 489
9057 7054
6257 1690
4200 6769
9322 768
1176 963
9532 3531
2246 5523
2278 3801
3648 3176
464 6443
3698 5151
1239 1563
6574 3310
6556 6499
2171 7182
6998 5269
2716 1387
8728 6213
3871 1850
6048 66
2954 1391
7634 8428
7387 4730
3711 8073
826 2115
2636 3303
9783 5516
4955 5698
9243 1443
8052 7601
7856 1146
953 2536
873 8305
2645 3376
4354 7392
828 4329
342 2416
9192 1727
7933 5055
3592 3664
4465 4795
2149 1321
1549 7988
8287 1433
7224 9044
4076 4764
6072 1594
5319 6636
764 7779
521 1101
5184 7970
643 4989
6266 3411
4750 3167
393 3466
2434 4005
1829 9782
2223 8864
2401 3595
2440 1322
2313 5107
9370 3501
1181 5692
3431 1029
1385 6433
2479 8663
7962 7139
5422 2460
8953 6133
6533 84
5331 1780
5802 8455
8773 5411
1351 2809
1832 2155
3858 1726
9682 1039
1850 6243
111 3958
38 5648
7647 1648
7245 6949
1361 4058
9080 9707
3207 2180
8524 9769
5745 4410
877 5835
4113 9394
6705 1836
1395 6471
7334 276
1733 1082
5187 748
9884 2546
2346 2120
8359 3669
6761 9839
9813 848
1066 997
5190 8889
7169 1788
480 3259
975 8285
8019 4706
3642 8370
828 6072
2748 7552
714 4951
7893 4273
6873 3
6880 6997
2536 2937
60 7758
253 3483
8221 318
4993 8099
9322 6729
3149 9131
8006 7279
7308 3932
1592 5696
7253 5708
5489 3859
5909 8152
9802 5543
8622 4360
2841 370
3073 2991
8168 4167
3187 9921
5036 9977
3574 5433
1215 7591
3905 9560
9194 9439
6985 9531
6536 5675
1047 5597
5264 3026
608 6245
8783 729
5630 7534
9127 2450
7567 413
390 2964
4125 9159
3232 898
4189 3763
6651 3409
295 5084
97 4378
5509 6540
6634 648
7718 2802
2220 7124
1437 2840
9417 9380
7667 7975
9698 3066
8687 9242
9607 4937
1389 7957
8661 338
1499 5745
6257 4758
1076 7757
1649 7338
4717 4850
2127 8811
5089 501
4826 3194
7003 9342
5837 2235
4106 4488
3638 4462
3960 9410
7241 6657
8768 2236
2906 5041
8896 7938
8452 3848
9387 4693
2485 9321
8307 4115
5039 3630
6114 2010
756 1939
158 3302
8459 6035
4955 3696
6685 5728
2188 4424
1008 8424
401 605
2940 4632
7917 7690
7319 3506
6996 8070
8911 8850
1471 4319
2865 7774
1986 8297
2010 6175
8559 2216
368 5582
6926 9277
1251 4463
5106 4921
1008 332
7865 9589
8959 6043
2391 2389
1128 3590
6072 7061
581 8234
9210 6939
9421 8986
1398 6558
4629 222
7816 9552
2179 3968
6336 857
1507 5022
7879 9028
3525 287
9984 1305
4921 3909
5204 7539
5923 8709
7671 5136
995 6049
9056 7892
2128 5483
2719 3345
2019 3455
4569 613
8838 8017
5922 8359
6257 2160
2519 5711
4556 5335
1102 7459
4618 9067
1440 7496
7169 7864
4796 6366
5602 9820
1451 9700
8626 5367
434 5229
9173 7952
6847 8294
1892 153
8526 915
422 7649
6044 7885
747 7958
9973 4508
9661 8983
9706 9229
2059 1711
3311 5548
2492 2207
5632 3145
8731 1138
5430 9824
6562 2259
4864 1074
5768 1314
2612 6257
4325 8624
6628 7579
8480 9698
218 5553
4052 2934
5245 7246
8851 7200
7366 8178
1441 434
5934 6235
7812 7777
3234 2413
6585 4499
644 9801
8815 7928
4401 9686
8480 9194
3017 9964
2259 1277
3277 2567
3892 4041
8737 2462
9013 8888
9572 3368
3569 515
6633 3917
6249 2579
3471 3093
6699 7264
330 7291
9206 7239
6197 2082
5649 1807
5171 7549
9183 5652
3480 6621
344 9907
5136 1603
7226 517
8812 877
1162 1644
172 2107
3060 3892
5583 7597
2345 9008
1482 2541
6909 9826
2265 9158
5607 4586
9516 6237
8831 9584
5204 5969
2748 3619
298 3452
7150 5714
3961 7732
4559 4047
338 3541
1399 2433
438 1914
2106 8576
6138 6541
2910 6503
4375 7666
2180 4761
3054 7271
2778 6218
8163 3166
4275 1902
6485 9105
5215 3845
8637 7529
3915 172
1718 7361
8892 4920
2078 8512
579 9274
2473 5746
353 7698
9666 1808
8967 5403
4156 8907
7385 3143
6460 4359
7963 8846
6150 495
2500 7470
4296 9390
3460 4178
6974 5409
8015 2478
330 2539
8668 2262
1426 8994
9264 464
1335 9048
63 7751
290 9503
4520 3566
2616 3950
1463 1326
3475 3359
6514 6539
1966 2339
7361 8469
2703 6849
1607 1325
2360 9702
9573 1771
5947 6708
7904 207
6820 3300
9652 5781
1597 571
5407 6383
6065 8049
5244 157
8317 2287
1243 2737
8470 5001
5964 6098
2283 5285
6556 578
876 3163
5204 590
9103 6629
5702 4965
1588 5058
9029 7427
6856 3864
3817 1683
5482 7646
7191 3668
5208 4495
8681 756
5937 4096
1464 1996
852 3201
9431 3704
6070 8866
8962 2829
2616 385
4295 3850
271 2304
4922 4775
3685 9471
1917 9425
1292 1820
191 4454
2703 2619
2279 1885
1115 4336
1789 6895
2764 371
5023 4650
5827 1176
2115 7521
5470 1166
5000 6718
2087 3237
644 2327
9701 2594
9961 8268
7369 5922
500 1887
2035 8936
5872 4979
1577 1886
1508 2797
2086 6346
2228 4598
4613 7337
4515 4525
8942 7299
752 2206
1619 1505
1483 2876
327 8657
7222 7701
2470 4918
9942 1268
2746 8622
2037 1828
6596 4577
2066 7964
618 6380
9161 2325
9125 1260
4155 5096
4845 2002
753 4657
8082 1703
8584 631
4192 8317
901 9886
6893 8438
2733 1295
8797 1034
809 724
6279 9650
9435 8484
6429 5718
1604 2944
6461 3841
7541 3690
525 4995
341 3447
1144 9912
3587 3140
1916 2980
8083 2412
7395 4164
1442 2004
7578 1141
2163 6377
2180 4869
8281 9257
6935 3075
1715 487
4417 361
9727 6859
3697 4141
4900 4980
2048 3547
4091 6885
100 4239
3410 3641
5269 3067
1884 2969
5114 2248
850 5568
7370 6006
81 7188
5624 4522
7033 7431
5480 5972
4313 9852
9089 598
8344 4762
3448 6475
873 8007
5724 4676
8996 4689
3706 9740
4136 1610
404 416
3365 6855
6434 4524
9572 8525
3052 409
6129 693
8719 738
519 5775
2869 5705
3867 9869
1299 9466
440 1860
1949 8565
8653 6425
3365 5422
5338 8440
3719 7662
4963 584
7712 5016
1948 2189
6138 9722
3367 1582
8582 828
3591 4647
3125 1064
2248 2092
2808 3712
7722 8189
3207 6189
3074 8250
1816 4572
1997 3410
1093 6942
1625 4929
7542 9995
1197 1640
2647 3676
6119 8019
1669 3481
2235 1621
591 6796
826 6001
2831 8707
1816 8118
5212 3236
7134 9126
2437 8597
6146 3443
48 678
2473 1736
7479 2211
3367 9393
3313 4882
6909 130
4325 8365
8232 2542
4917 6528
3391 7346
3127 3044
1398 469
1831 9988
8167 4137
2184 8044
9452 1273
9718 4545
1050 8934
4526 2798
8422 2110
2399 6241
3209 3829
915 9297
2018 393
8287 8974
8776 7791
3619 9985
7504 3159
5517 7896
1353 7884
1559 4678
6199 6938
6498 8088
4487 3598
5422 1944
1639 2727
4989 6961
1015 7219
4724 3624
4989 78
5680 5379
6789 4068
9255 278
2355 2508
4371 702
7231 5864
7292 5551
5561 2163
9837 2456
7841 8821
9825 9737
6111 1449
2310 9887
7308 4845
1632 4599
6896 3738
2473 6336
1555 466
3099 961
2017 846
3546 8407
5292 3102
8108 5169
2230 4290
7351 2920
2095 3847
1053 8697
8059 6284
275 5974
86 7794
9465 4408
5128 5069
1986 8433
2010 8232
9287 6803
9436 6775
1421 3498
7024 6612
7988 5739
4409 3754
9984 2604
5482 8361
4973 6852
4596 7874
4882 8998
867 8736
1219 5050
1394 2695
4772 1424
8107 2711
1689 1753
483 6635
6254 9010
1420 9622
4758 1841
4294 8665
5734 4379
2936 9527
7917 5537
6998 9601
9961 7918
1991 6781
6146 260
1292 642
2887 6863
1864 7103
4745 3314
9825 6797
2131 2714
157 4833
9859 48
3473 9510
84 3780
4761 5246
2279 1618
3740 5812
536 388
8591 1762
1387 9870
4618 6166
667 145
7839 9057
1681 8581
5742 9364
7281 8601
1305 255
8015 8167
4478 555
4650 935
1137 7659
9989 1964
2062 4064
9697 6079
9737 2589
1284 6507
2824 9265
5694 162
4052 5459
6118 7814
794 5453
3479 9147
9046 2859
697 5019
53 8360
3264 354
79 3313
4702 5081
8456 2338
5111 520
6211 7043
6981 2710
2573 1747
9219 5399
1294 7976
3202 9910
9034 8562
3909 3749
6529 7276
6352 5132
2528 6910
9163 1818
271 5865
4516 6110
1430 3173
3219 5813
9878 1551
2974 427
6936 59
8788 8530
9647 7010
9164 9293
2500 186
6313 2250
7422 2984
8864 4203
5932 2779
5714 9218
1519 3397
1622 1143
8719 8777
211 7516
7280 4328
901 6935
2373 3243
3938 1881
5542 534
353 8713
8894 4186
1984 5078
3365 2152
2418 2624
2527 3475
8850 5214
2722 677
5181 6814
4202 1574
762 2529
3952 7356
9632 9518
8698 8423
761 408
3370 3520
9381 6798
1356 1254
7839 5515
6018 6615
7492 9246
3728 2997
50 2953
3441 3913
457 8912
615 121
9841 4846
4515 9318
9962 755
8206 4244
1257 6923
1685 3761
175 3837
9661 618
9161 390
713 9284
9051 7235
1522 9310
7860 7599
2664 417
8055 425
8056 2192
2840 661
5728 5324
2887 1760
4543 6846
1917 2142
4977 7057
8506 7865
1740 8980
2573 2019
3585 7053
97 1548
7634 1461
2268 3711
5680 91
7685 2139
4909 194
3551 783
9188 4622
3821 7133
6988 6552
889 1628
8305 6070
1499 6125
6051 5259
1942 2999
1897 5567
8737 3394
99 2311
3917 2006
1292 2241
412 5062
5263 9422
1873 3551
9516 3756
8499 4653
9673 4026
2776 9675
8486 2147
244 7253
8589 122
3180 2574
7138 9387
1463 9227
5845 9818
1930 5395
2598 5306
2000 5421
6733 9786
5303 7871
2066 2967
1523 1984
714 9086
9585 8545
4485 1301
9579 5251
8129 5297
8454 6810
127 2945
3868 8211
6768 5425
2654 8871
3798 9974
2867 134
574 6121
5319 225
8741 8928
1514 5488
9598 4190
5379 1389
3042 4304
719 1657
5182 3688
2264 9002
7660 5995
4291 3240
111 5319
2396 1092
8934 446
9370 7323
4901 1983
6942 9433
8365 9664
8150 9431
3219 6562
1506 7156
2001 5785
6664 1510
6628 1494
5742 4958
3 6474
3905 7148
6747 7071
6899 7319
1162 2843
3631 9624
4116 7943
1463 5729
9361 653
583 9829
4511 2054
5271 3658
504 8637
3776 6745
5769 5455
5317 6848
9374 1763
9204 457
7572 6920
6749 3293
7582 3989
6655 6836
7842 5441
7466 1213
8287 6690
6468 5809
5778 9287
401 7304
9531 6642
2302 1355
1627 5751
2208 1135
8716 9999
5499 8634
5703 2269
1719 3984
3071 5323
4110 472
6377 6626
5672 2464
94 2435
8673 5011
6154 5028
129 8458
9973 1530
5482 3565
4152 7121
561 1256
558 5331
219 1093
67 6660
1464 7595
5224 3223
9543 9559
4077 9271
619 8493
9987 8138
6074 2741
3296 6386
3318 6988
6964 6339
1436 2605
447 9015
8977 5261
1686 901
8851 9189
450 449
9133 9463
4987 3195
1624 396
7973 3670
2061 220
2099 8803
2197 8357
327 5836
9964 4649
538 7509
433 7672
2245 1512
2009 6208
235 5546
8254 5748
5590 1001
826 3873
9432 7352
5171 4606
900 4696
4598 6639
8649 2776
1133 9362
5122 4945
1363 4434
2594 9307
8563 6066
3531 6585
1235 7562
9391 1148
9417 7327
8942 8913
1830 9967
4481 6303
3400 1150
6173 2347
6806 6815
6708 4999
1761 2296
3054 522
5815 2806
2934 1660
7195 1343
6925 7528
4441 2983
8343 3993
9355 5203
8730 106
5319 7333
341 3776
6965 6282
2552 3887
8795 9323
9997 6324
3083 6723
876 8617
1334 4177
6965 6618
2717 950
3660 9858
9302 5217
1547 2847
6360 6860
5835 2506
8182 5083
1084 4419
5308 6990
155 4230
92 6139
4581 8444
3166 7617
2528 5773
9504 1024
6266 8067
8762 4293
4204 8706
6633 146
4079 4035
6067 9690
1560 6986
9411 1209
3887 9929
7488 9230
4385 8720
1463 8948
2610 3555
257 8001
9432 4807
9663 7447
8780 4952
7821 6802
7792 8503
5912 4075
9010 8249
3478 7028
6468 733
5035 8265
680 5363
2495 9395
605 9897
2691 1404
1092 805
2573 7198
6234 8768
9181 2509
6747 3987
7019 8197
6259 1517
5680 4377
4745 6351
1535 990
9452 3721
868 9392
6230 3665
6800 5445
964 1876
210 108
9248 7418
1777 675
6977 8938
4787 8514
2492 7610
2210 4448
838 4976
6490 8910
6678 9569
5320 5049
3142 3403
7835 3386
9215 4784
6009 1191
1488 5220
3064 8835
6545 470
1127 7795
1361 9115
351 6519
488 118
6056 4780
3453 6264
4280 8220
8932 2902
2610 5244
6911 148
5478 8488
1634 7658
5100 9281
4352 8636
738 6898
1083 5888
7189 3982
9106 5276
2888 9901
4511 1332
7557 4907
9532 1811
8229 386
635 6784
2775 9205
260 2414
4758 7882
5570 7566
2678 2242
9882 7419
9928 5405
1342 4004
1255 5070
6288 4171
3616 6873
1705 4670
1776 5415
3678 7837
1147 7354
2237 9849
8086 5137
2732 1281
2311 8237
6849 8652
4999 567
4215 7326
1738 79
570 2352
205 8288
1536 7527
5483 94
2683 3429
8924 5883
2472 1988
6070 7445
8265 5699
2281 8689
2708 3926
6120 1312
6363 5989
907 4914
311 5349
8512 599
3 4819
3151 3774
5111 3623
8086 2179
9531 5241
8167 8632
459 2566
135 4481
4577 6812
9225 1012
7874 5594
5031 4520
8281 954
5356 7722
650 2346
6749 5891
619 6748
3296 9867
1235 3157
9148 1320
3757 3820
7748 4567
7141 2137
4987 2653
4993 5529
1740 1493
483 3125
374 447
1834 5747
4036 8128
1055 5957
185 5117
1870 3597
622 272
2030 9070
777 859
9365 5434
950 9639
1736 1253
3285 7167
1638 166
326 3161
3734 4902
7211 5999
1237 2842
1328 104
4657 6837
2000 7052
7154 9096
7308 4533
7802 1261
2935 329
2557 3863
1612 593
573 3323
5698 1354
1994 2632
7624 4517
8352 1659
1694 1492
848 5579
900 8177
937 2706
2754 7168
1470 2564
4690 63
7953 3633
3098 1653
2293 2561
868 2215
1321 3456
8105 9331
5100 6529
3697 2845
2733 1056
84 7633
6092 6413
8743 3239
3412 5849
3109 242
8804 5492
745 4421
8509 9705
9064 4891
6120 4008
8177 392
6257 9135
8414 5563
586 2650
3998 6283
1501 7245
2536 5795
4188 1376
2214 9288
9075 4491
8385 5468
9550 234
898 5429
7841 2729
3987 2761
1357 5611
1463 3085
2684 208
3569 1508
1358 1234
2400 1744
5191 2562
8353 8077
3795 9454
6964 882
575 9706
1248 2074
2066 7708
5508 5097
28 2898
2648 7316
1802 1131
2783 229
748 4133
6146 1679
5434 9238
4633 4710
4618 2992
2492 9904
469 5982
9197 8842
2625 7120
3968 615
8293 2868
328 624
1491 3351
606 1483
6363 3510
980 5195
1602 4476
3074 3795
8380 4812
3657 418
811 8040
3753 7944
2443 3203
7992 9862
171 1170
1102 4754
8948 5627
2449 1769
4888 7033
4329 541
6036 209
9796 1781
3060 9898
1557 1383
4529 3256
5126 9007
7324 943
1829 9777
9417 8202
6331 7471
8397 8981
5018 4274
9883 4194
2574 4247
1636 2309
81 9295
7169 2975
8526 2306
81 609
1105 6183
1334 3264
4022 6683
1418 7945
2063 9905
2691 6126
9701 572
4009 9984
109 5677
1463 7922
6883 4691
3569 1549
281 6698
2938 1434
6362 5875
6107 2668
2428 3379
9904 9339
226 2011
6849 6223
1256 3556
609 9953
1658 5401
1846 6661
3372 763
97 2513
3520 1058
1575 4330
9661 8578
2401 4890
6412 9630
2789 433
7607 2320
1729 7738
5999 6379
4827 7880
9749 6144
1523 246
2560 6120
2203 2664
79 6165
188 9399
7914 8409
7492 759
5293 1245
6823 926
447 4126
5133 471
2825 3522
286 1717
2642 3080
6432 5509
622 8182
589 2238
9416 3836
6164 526
2116 6214
9093 3290
7205 2628
9165 7618
2839 3222
6933 2358
5862 6751
1181 2337
9306 7183
695 3775
1346 3667
4234 4955
1789 8264
8642 5014
4788 2171
3488 6161
3192 2936
9864 9797
3450 2613
7865 3652
91 5416
3609 247
6496 117
8508 996
255 2062
7116 2603
9716 8084
7369 7374
587 8190
583 1859
1648 7625
8055 7215
6449 5187
9452 6800
3743 4511
6985 5356
6496 1049
1537 5717
9244 9397
6496 1705
5542 4514
2487 5027
1325 5247
6636 8618
8626 2585
6133 7709
1845 2220
4112 9335
3208 2681
3769 7084
1141 5787
2886 5642
8013 2187
2658 407
896 5091
276 5194
6908 4036
334 2823
7841 296
2671 4302
7190 8008
643 5496
5144 8733
1434 5596
7227 9300
9130 9876
2588 4515
7163 1645
7852 9893
7586 4394
5245 7228
1594 3217
6142 6397
6578 1095
2024 7663
1730 5868
4334 4809
2801 539
7547 7730
4556 9258
3119 6857
183 4045
2340 7983
643 1473
6761 2059
2180 4949
2258 7869
4767 7818
7282 2096
2786 2987
5773 9597
9725 6928
3160 1151
1792 9247
7290 3363
8452 2482
3887 5071
7433 9949
6990 3121
6499 7986
653 5525
8623 5559
9054 8876
4291 8159
1727 2260
1489 622
7042 4303
7881 5867
2587 7919
2360 9127
4367 6405
6524 3593
7524 6978
5 9259
3547 398
2221 3090
4618 667
8628 5274
7046 7637
898 2039
4164 698
3940 7924
4621 7060
2211 7201
2647 4144
7773 6298
3694 5889
7385 8309
4103 8997
7042 7886
9886 5968
570 548
464 6010
685 8063
9066 2237
7302 9663
744 1798
6774 574
7302 1952
7213 6048
206 1043
155 9762
6317 7652
7294 6486
5733 1942
5274 3468
303 5470
8938 101
585 8191
505 4224
1119 7941
1335 7108
3378 3500
2566 6721
3912 4911
6732 1932
9724 8283
999 7484
2519 4564
2049 1678
8582 123
4631 8561
6 4724
7832 6555
5576 8338
6146 8951
9661 1792
8956 2386
9571 4014
3195 3857
5235 5967
9014 443
7902 8497
6001 3160
1902 2277
6133 7854
9474 4858
4522 2500
794 1543
8740 6789
6449 7016
1215 1734
5695 5428
9040 4536
7970 1294
941 4982
4521 1600
9363 406
1618 5912
7391 740
4099 8170
5201 2118
8660 6270
513 2831
8888 4829
5934 1561
973 1226
2681 9485
899 5724
8340 143
7499 2205
7500 4042
8886 9689
1694 8574
360 1879
724 8301
8015 2538
5170 8569
7718 3190
2656 2822
1460 5647
1375 8734
6036 1032
6401 3919
4323 4449
9307 4953
1687 7930
3623 4794
1803 2780
3642 9445
7389 8149
131 1217
2 8771
3264 845
8467 5531
214 7265
6768 6056
529 8847
2015 8384
5030 6034
3835 8627
5484 9206
5284 4777
7689 5962
7893 5900
1234 4459
8307 3703
171 7008
318 6299
552 2295
136 4988
8380 7184
259 706
3142 3038
7036 9228
749 9210
2717 2554
2826 6881
7915 7555
9124 9906
1329 5518
4061 1677
5221 4541
9198 765
2360 3573
924 3228
1737 3779
9374 2438
4534 9045
3285 5919
9004 3508
9662 8262
9292 1596
2333 5624
3134 7525
8571 3725
7894 7721
9283 5163
2966 7490
9373 1575
4466 5449
5406 211
9633 1140
43 7824
4021 6431
6188 3699
3064 230
7617 1894
2171 9713
1008 4648
9276 256
1567 4983
5331 1139
4897 1057
6550 435
254 3808
9837 750
3131 6020
7183 6850
8893 397
8130 1071
9247 2410
1500 8659
7288 5960
6634 8080
6806 5328
4515 3460
9237 3715
2281 9333
2975 558
6627 9371
2729 9688
5267 8969
5319 9751
775 6526
6986 6194
750 1599
558 3473
708 8457
8649 9848
2795 73
8832 2860
9682 4265
1836 7023
1543 4305
2710 3924
486 7275
2121 8311
8853 6691
21 5758
3333 1296
7381 7134
436 36
4870 5180
1541 9970
781 3955
3545 3734
5865 790
903 8026
4658 251
5482 4571
877 9111
9744 5255
6379 777
8965 3040
6633 6985
5975 6843
1982 1464
7532 3972
4751 6262
5231 1348
9754 8598
3074 1357
3293 8429
1060 2919
1325 7736
7894 5414
5273 7269
21 9514
5907 171
7181 1369
2286 7180
1226 2300
6213 6053
2596 3062
9917 3954
3394 4774
4153 2972
4918 2344
1700 2302
8539 5131
2119 8963
1226 4874
719 5156
2645 3643
6209 3900
5823 9594
7746 3876
8340 6845
9513 7793
596 5504
9775 5754
2993 9207
6088 7062
1554 6039
6274 7782
84 3960
2732 1425
9959 5092
4001 1947
1627 1966
7510 2517
761 3405
2285 9572
4081 1274
1058 5007
739 7202
5601 4492
1429 6861
7670 6514
8657 711
4408 2922
6058 3563
6691 7588
3309 9486
4868 788
2875 7710
5319 6580
6996 523
447 7359
2079 4214
2634 2063
2206 97
8951 3331
1441 6197
9221 6757
1248 1437
2721 9795
9473 1963
9641 3695
7667 8607
133 4127
8521 1765
5827 6068
1529 5095
3318 9903
8704 215
2636 1488
2262 6665
9577 8973
4540 4722
1413 626
8134 3888
2178 9006
1739 6559
1399 8681
6256 3101
7600 317
9365 7512
5104 8431
5846 7107
529 5029
644 1399
6913 110
2952 5534
5086 347
1647 5063
1400 3045
8737 4973
2789 3714
4815 8554
609 5532
9858 5719
5969 8966
9997 4512
8840 9628
114 9761
3957 5832
1272 5984
6985 300
3331 3132
2675 6806
6071 6170
747 7075
836 4916
5342 4806
3574 2231
7032 2879
7242 7024
5964 9719
2401 798
1602 3296
8772 8274
2764 3793
8276 2835
1200 3878
3614 2647
8541 1323
1933 6314
1478 6955
7597 1120
5888 8712
8017 8086
611 3937
1415 7573
1074 3742
8776 5044
5778 8748
9255 6400
1904 4458
2743 6408
1409 268
4473 8577
6116 1072
8534 1684
7823 4483
362 2799
5484 8518
894 177
354 1743
4330 1815
5027 3622
8227 9348
5583 9267
1285 4316
2043 212
5556 7199
146 4516
8538 564
2795 5938
2843 1042
5738 6956
798 6924
8020 7624
4618 7902
6472 559
3966 9374
2557 3325
1773 6052
4474 3396
8550 9799
8386 3098
1402 8769
167 1990
47 7537
1256 5343
8343 1475
7996 2103
1775 7092
857 8996
877 4363
3736 288
1689 2161
680 1364
9204 9272
4053 5851
1700 8776
6157 6566
2642 7256
5178 9492
8015 6756
3113 3084
4253 9499
2638 6287
2919 3594
6157 9232
2197 9731
2262 2267
2675 9935
9573 9021
5044 5948
2603 3681
7406 9519
2965 8012
180 4052
6048 6993
4713 5798
3437 5258
7227 5863
5922 9864
7308 3724
9585 5941
8227 4580
9859 4179
2516 1712
3145 6045
459 2199
6580 8693
4347 4591
3501 8140
9973 2874
4347 3625
2104 9504
783 1773
6505 9918
6091 2080
254 1455
6557 9821
8334 7937
6336 583
9132 3335
639 4628
2040 1917
8525 2043
9004 1270
1718 133
3736 9539
3609 1632
7015 6075
8744 1467
2666 7796
2887 6261
9429 1834
1015 2675
2800 8629
2962 9337
3844 3928
4153 3209
2685 3554
1430 7657
9232 4060
819 543
8026 2045
5882 8496
7131 1631
1636 6185
7605 951
2779 8774
2495 8399
685 5586
7019 7802
9918 8810
3928 5280
1948 9838
3542 9808
1389 8131
8586 5332
9370 1444
2611 3042
8291 5906
5108 2735
2498 7150
1032 4803
6142 826
1878 3981
1067 4023
4275 7365
6030 3941
4768 308
4751 1898
1044 2697
6168 1751
5422 1558
5583 8318
2764 1714
1025 3716
430 6329
6430 7526
1466 7335
9907 1750
1520 7982
3156 4129
2114 4608
717 2499
602 5774
748 4076
4852 7493
2792 201
9801 2705
4430 4211
5703 1882
3686 1637
2 9282
2091 6929
1873 4690
4186 7268
4094 3833
2875 2070
5552 2409
7047 6958
8564 8899
3179 7171
5200 2037
490 3329
598 2912
5281 5207
2369 7314
153 7564
9102 9430
2379 2754
1356 6256
6088 2017
4789 294
4393 4405
2774 40
8023 9455
2178 6763
9790 2183
2898 2923
5333 3570
9597 6333
1545 4547
4465 753
4533 8443
4825 6026
3198 5650
4951 5457
9722 4521
2664 4093
4858 4024
108 9345
1594 7278
1337 3698
5592 5005
9532 864
6329 3602
4999 8025
963 4841
7131 589
1360 776
8992 3974
5823 6930
1880 6347
9792 3208
6430 7161
9108 2694
7468 3728
379 7298
907 9541
5159 1197
8905 9347
949 6899
5410 9588
2644 9766
2665 7102
8151 7203
8534 9240
9411 3616
1295 7530
168 4542
9564 9283
5777 3496
6215 6679
3936 1567
3544 1053
2743 8031
3642 2349
662 1805
7538 5641
107 2146
5901 9042
7460 9382
2697 2329
2487 1928
2100 4790
6568 7349
6359 5857
9181 6866
8649 2719
4181 9791
227 8667
7641 9582
4865 6304
9784 102
6649 889
3782 3343
5761 1696
4631 1546
5554 9313
2192 3148
6129 1125
5629 6952
1737 7064
282 8968
290 3733
769 3469
1079 2769
2808 6560
276 8353
3248 1050
3861 5500
2546 4417
8160 486
774 7274
459 9083
2178 7979
7784 1725
1625 9608
9672 8833
318 4504
1751 7185
1376 964
924 8553
9784 4309
3221 6658
1806 2025
8273 6891
1255 6192
3076 3604
330 3587
1736 9303
41 4391
315 4484
236 7421
2830 3280
837 2247
5881 4934
881 5687
3232 4993
1304 6129
388 9309
2775 3986
47 3661
7660 1164
7730 3869
8896 4345
1475 8332
548 5045
8250 327
9531 9056
2234 9669
6747 1370
751 3220
9585 9825
5002 4080
5236 1070
9710 1595
1410 1982
8102 831
1426 3943
6678 3807
2355 9944
8897 419
6751 668
1250 8308
3127 3882
7587 6622
7366 8818
2435 6915
1632 4679
9670 5662
9278 5128
2636 3548
2448 5858
5653 6659
1976 1203
1507 7056
4997 4364
2786 8324
1877 6579
2317 3128
6214 5587
9654 4546
4396 9819
1446 5570
7406 1945
3293 7305
5213 4587
6138 6239
2134 6826
7334 7216
3219 6498
8108 8348
9379 8941
1592 1432
5296 5289
2571 7066
3 440
1046 9529
53 8505
336 9583
6072 8991
4787 3488
9892 9947
4827 404
959 8340
9533 1935
5128 2565
6565 8524
8967 719
8261 8620
369 5517
3163 4301
2640 8229
1792 6288
2281 8473
3223 3432
9204 7290
2067 9710
5086 9816
2409 946
9568 8397
9366 5307
1892 3087
9161 6044
8780 2388
7387 3407
9905 4266
744 9528
2864 9943
3430 8421
7357 1474
1785 2121
2241 9493
9682 7577
1690 751
5689 5277
4515 841
4818 807
9328 9621
1949 5048
3876 5954
991 5544
7694 6494
8498 690
598 4665
2165 9315
1716 3693
2916 7991
3724 2844
9837 5456
389 8805
6685 3454
8970 7769
8870 8935
8334 3178
5332 8510
6740 4664
2052 9241
3806 9415
1359 5904
9102 2437
1792 873
2671 2355
6594 8550
2813 2421
5387 1768
903 1728
671 9942
357 2447
8680 2196
8516 2091
266 9250
1818 7572
2422 7325
5912 9352
2424 3588
6762 5608
4833 4723
8319 8292
4926 2786
8353 2830
3506 9477
6936 5160
385 3095
291 5799
1446 6799
743 933
2752 9480
6802 9355
6272 1201
3537 6025
5128 8155
9244 3036
8984 3798
8784 1527
3564 7635
4643 5499
733 5591
5184 477
9228 5985
726 2088
3962 4926
6142 966
7046 7755
895 6872
7882 8310
5213 1129
7729 328
2852 3817
4441 2116
9965 3372
4241 9891
8075 3251
6249 4684
6557 9806
888 5701
2026 4038
6442 2519
9054 4687
8592 5225
953 8492
1642 7096
1046 4347
3795 3874
786 7783
3912 5177
5781 7022
8397 1924
3616 2750
2568 3600
8970 4963
8940 498
5514 8087
7884 8499
3085 5917
2600 6697
3575 8388
5740 1207
2241 3342
2366 1715
1385 8594
1698 7437
5509 2716
8001 6973
856 849
2849 8595
7676 1065
484 8901
3564 3794
8496 5802
1854 1681
3583 741
572 24
6012 8
9673 8093
612 2027
7302 7647
538 111
5197 8296
3097 3182
4166 77
2178 8703
1792 2634
4253 4140
921 3463
6059 5205
2600 5480
3871 5514
4592 107
9483 5252
8146 6038
899 9370
7621 1652
1346 5270
7253 6732
2832 5623
8284 5155
1290 2270
6432 1339
8122 2297
3589 2154
121 9691
4751 5372
7694 9625
2313 6887
4008 7233
6599 3852
8759 938
619 1832
2690 7318
7032 3485
4452 9803
7646 6309
5403 183
2001 5090
5127 3019
8468 6311
3962 9661
3664 9840
1178 7868
2060 5102
2034 1869
9013 9834
3358 7749
4692 3517
3117 6743
9611 9097
9749 4380
2768 5357
6451 4844
3877 4373
7865 3043
4973 4615
1884 4708
7047 3877
218 9449
138 6722
3107 7122
9814 6948
5255 3806
3518 2377
8387 9436
1093 5288
3219 2789
1929 6937
7145 6684
85 2543
1689 781
1571 1172
1991 6693
4819 5153
312 7843
4494 2200
1791 5606
5120 7430
8930 8678
1856 4839
926 4637
5529 715
6071 8474
3621 8151
2669 2417
9399 860
8813 8415
7267 4734
8055 3518
7951 1497
3838 944
1515 8583
7782 3286
8873 9099
8160 4450
2521 9145
5502 6302
3367 8056
7551 563
6909 7558
7389 8339
6468 4281
5410 1472
6987 4002
2291 7363
9204 4544
2286 9363
1412 7450
219 6489
3811 9137
1015 7381
4703 1626
1239 4561
8086 2795
6081 7058
6168 8563
7369 4284
3147 7284
8441 2956
1729 769
2166 5810
8433 4327
3727 7851
934 7370
2109 8538
6628 1975
1178 8175
1143 3112
6725 7263
487 2890
2610 87
6448 2370
5503 6157
1561 6401
9917 1524
3545 9437
1482 3114
5166 6076
5422 7411
6366 1013
7639 5703
2625 7147
9733 9495
3906 7432
1480 5706
1988 3420
7857 7042
9928 7734
8099 1813
124 2122
1581 1003
880 6542
5454 2335
2712 6181
3339 8459
800 9525
463 2038
622 1417
7851 116
2240 4402
535 8158
5101 75
6833 3377
4237 8386
5561 1156
9127 2757
257 9778
4887 479
3349 7181
1811 4887
761 8759
2643 4789
7902 7603
3324 5157
1442 5722
7024 6510
1747 9252
9789 5547
152 9239
2802 5808
783 8021
5217 6801
6236 7360
927 554
296 1113
5191 2746
1525 9314
442 89
5813 8176
518 6267
1753 1413
9383 1421
6062 9198
1943 6177
1728 7131
3250 9965
8015 7344
1659 1799
9143 3265
3234 7143
3779 1345
1023 4931
403 3970
8261 6091
2789 3391
1400 6191
5261 7759
1763 137
2552 1231
3265 277
2078 6196
9742 3070
318 100
4302 5454
6166 3611
1680 9587
7869 2119
8590 2663
1552 9196
2453 5793
7293 8500
324 4046
8903 1855
5106 5975
4356 7287
570 3164
8335 1487
459 8352
4253 9894
7811 9022
4962 8335
306 7956
114 4627
7993 3561
6331 7289
2620 9278
9210 1454
5578 9059
7790 8148
8873 5116
8555 4620
5507 9219
4276 1665
5166 1971
1072 6398
1106 1778
4916 771
368 5127
1958 4082
151 35
3508 737
5456 7939
5888 4034
6456 9950
5988 4256
6012 1721
3488 237
6965 2693
6979 6805
6426 3015
4567 9889
2701 7756
9713 9524
7946 1264
4032 2946
2576 872
8731 627
4367 2425
912 6753
8880 184
1759 3533
5343 8135
373 1904
8838 5382
8942 2001
7769 5818
8612 6667
1376 9754
8893 8483
5216 8874
213 6335
1600 5829
857 874
2487 7878
5305 8298
7924 948
586 7281
3271 6368
1212 3052
4421 6456
9306 3197
9363 1331
3932 934
4062 3685
2297 8422
1258 4725
3322 7968
7225 4019
9216 8157
6815 7870
4202 1538
1472 8699
8737 9402
4765 7775
1044 8677
8862 969
7366 2221
8250 174
3992 1528
6525 3074
7146 9945
2259 4741
1201 2523
2592 20
4233 2586
9880 7688
6341 639
4377 6689
9607 6847
1491 1088
4686 7310
6716 4150
6159 2405
2776 2549
4973 2905
1763 1540
7165 1181
6498 6114
2952 7130
16 7001
8437 8992
3547 2007
3537 5817
8865 2921
2174 7220
6019 9693
6024 6446
205 5550
5292 5934
4901 742
668 3104
5473 2814
1157 3072
4932 4183
1729 2684
3937 5469
6665 7631
9864 8615
3232 4518
6214 712
319 1350
8433 1920
3235 9200
5134 2812
7763 6228
701 9772
2752 3205
9288 8325
9088 6229
2345 8020
2632 4813
2264 4557
204 4280
5744 8947
1468 9871
1946 1238
9181 3263
681 8589
3932 5338
5735 8940
8175 5408
6681 2897
1307 6715
7443 8785
8250 4893
7328 8954
7685 3279
8241 8337
1164 1105
2655 4798
1676 700
7781 6654
5786 3083
3354 9827
4073 4904
9431 7813
2110 4098
5845 426
9181 4658
4240 7487
6737 4349
7213 3025
6871 7110
984 3332
4286 8041
7221 9190
2245 9636
964 3831
6893 9033
1385 3268
1298 2470
2544 465
1167 6838
9181 3726
9228 6719
1554 6963
8168 8091
9864 6202
1991 1465
8526 1162
596 1466
5900 95
3647 8630
5181 7221
3702 6244
1389 4355
5827 2459
7341 789
1514 9220
688 6682
8261 1520
2180 1063
2365 7743
973 6094
1777 4070
903 9884
8886 7567
2101 7767
2360 9874
2327 1469
9665 5869
4494 7152
7951 279
7215 4735
9511 5571
9683 936
3085 5226
7334 4478
8335 3791
1200 9009
1739 1926
1471 8772
3635 6970
973 5474
6012 1446
8385 3896
1119 856
4498 8716
266 6964
1239 1560
4963 3051
1756 8580
3264 5769
3656 5129
1907 2869
9800 3925
9797 5530
3674 5558
1337 912
1997 9526
3998 2298
569 7826
9837 3479
2310 1190
1209 9204
7019 1667
3384 5391
2180 1973
5911 6477
2239 6932
3044 5646
4478 3431
6752 1236
9902 6364
4562 5527
7551 3722
4291 5536
3841 1303
7189 2501
3684 7825
4944 8405
7718 1329
5180 6574
5490 1598
1004 6046
5292 5015
7680 2907
6941 1220
9482 5046
3611 7713
9114 3162
256 3352
433 3165
5067 9843
6581 735
5406 5872
7530 8463
5459 8502
890 1787
3960 1777
1506 4009
6521 3255
583 673
809 1185
3834 4966
6036 1258
2728 6517
6778 718
6533 4155
9327 257
827 9353
4274 581
5812 2858
8026 3091
7339 1521
4313 5211
7425 2361
766 4986
9641 4422
6795 5961
789 9986
1665 7486
5406 3206
9192 5886
694 3605
4765 2771
1051 1873
9696 9046
1650 1875
8324 3361
5410 9256
5160 5848
428 4051
4329 7402
671 4570
3126 9882
3172 8860
4357 4763
2290 2411
7569 3650
2490 1106
747 8412
6643 8729
1214 9750
5738 6556
3958 5023
2438 5228
5502 9208
1389 5734
2126 6027
1172 4719
327 9752
514 9185
1104 7891
2206 7833
6933 5828
2459 2009
7611 6359
9919 924
9327 8453
8343 4176
8007 4971
2966 9444
4885 7678
680 8763
542 620
8905 8798
2494 9306
6372 4528
2281 7438
1729 6008
214 99
4545 1395
3145 1182
4518 4166
6154 7036
6290 3765
8744 8623
4421 9319
2727 2689
4826 4698
2422 2442
7931 5494
3049 9736
4185 3022
8015 3035
2003 6207
3936 1545
1754 1468
1646 976
1236 4172
6017 3248
1384 6247
3462 2294
8886 8920
9421 7602
9287 2643
5480 5522
3946 8787
1566 4490
1378 7197
5633 9053
3118 4205
7373 437
9658 8327
9822 4721
5379 4433
3331 9546
448 4932
5120 1617
4765 5684
4005 384
9666 3495
6228 5535
3344 7002
4445 1733
3264 7026
888 629
6404 9835
1632 7640
2625 4198
9429 2493
1278 4677
3398 6742
153 7753
7041 7723
7669 780
1986 3860
35 5682
4377 9980
6138 7376
314 6266
9806 4962
555 2674
1525 5223
5922 691
9771 6105
7675 8306
1343 6153
577 2504
2302 6376
9815 9532
8007 8588
2798 5008
8105 5822
7468 3767
1038 7984
713 4880
6864 9326
8922 3965
3427 686
1736 802
308 8096
9825 3225
8886 5986
913 4320
1523 7393
3480 5741
9322 291
4734 3675
6548 9381
6945 9157
4544 8160
5003 9223
7469 5713
2804 5856
373 7650
6071 4196
270 7840
4021 5800
8365 9796
403 2145
9926 2307
4545 9595
2930 9434
9124 273
2168 4842
750 6480
330 1471
6458 6417
6420 6702
5370 3910
4150 286
8646 2747
5218 4390
5584 4913
5194 2164
3103 1400
4400 4202
9611 684
7008 1006
6088 4663
7293 7827
8433 2817
4261 8272
1504 2648
6627 3390
948 9842
2117 7972
6340 8600
1353 5330
1609 8596
8610 8464
6114 8599
578 2033
2608 6472
2063 7163
3787 1062
1250 1754
8 7830
8784 580
2212 7872
2593 4646
6084 3586
7611 9776
4618 8649
242 2053
8905 8990
5423 8946
1399 9930
4980 493
6733 4711
7968 5674
4826 1429
492 3821
7334 9452
8873 2836
8789 3451
6301 6149
826 3772
8130 5805
542 4081
8391 6134
310 8945
8826 5476
8616 3944
2281 4827
7702 5126
5379 8744
4246 734
1050 7515
4441 8371
5824 8394
3684 9468
7670 3462
9542 8137
9500 7401
654 2492
2874 9459
7358 1783
6590 8295
548 2818
1097 7369
1777 2391
4973 3020
4568 1535
8411 3769
9473 4392
675 5327
9251 1900
3697 3529
2476 3512
815 5396
5422 9320
4765 7037
5505 6007
7470 5959
7567 6522
1604 6651
2754 8441
9873 112
1092 8299
556 7949
1354 2521
5827 3480
9284 4530
1321 8400
1740 1489
9943 5929
9857 8111
4985 1096
3064 6998
9783 2467
7101 1890
775 372
9272 3378
2528 1044
8397 7641
4068 4614
4500 1786
5483 3934
8902 1103
3877 9567
2233 2106
1880 4957
7671 6232
2001 1267
3807 8276
3553 1590
5195 6869
7864 1609
1239 1507
1030 5039
3917 8745
1729 9209
7712 1496
1397 39
844 2319
1273 3156
3394 267
6340 2731
744 3550
5604 3499
5187 405
1689 2408
950 9457
2212 7720
8118 8448
1727 28
9644 5613
5405 2963
3091 3684
8719 6281
2291 9598
2536 6984
6943 1956
265 967
444 5272
6367 3687
2544 9336
9666 4094
9161 4200
5584 3068
7315 4461
6716 8050
8927 3511
1273 6548
9701 4124
4734 1842
7341 1913
86 8921
9731 1158
673 9720
8906 169
8812 3418
793 1115
2379 9568
3591 3369
9244 7844
1788 8230
175 8081
9667 7296
5305 9106
5932 2135
9531 7873
3508 6820
4530 3421
6633 3922
2157 7145
1592 5862
2234 6142
6110 8435
5003 2569
2563 6546
9282 2679
1466 4335
7469 1007
3805 227
258 7556
8821 8486
6268 9151
4665 7989
2511 7792
8783 8676
2268 1363
8945 5065
1128 2318
719 6823
9758 5936
645 8831
1247 7665
4464 9136
7222 1998
5204 4217
242 2415
8922 2557
3179 8843
7633 7740
9848 1482
8594 7673
7575 8877
305 7804
2217 3450
3378 5208
6137 3424
1133 5907
749 2185
3479 5109
1711 4674
9803 3283
3857 6233
7041 7867
7169 70
1162 1810
8462 7671
478 6911
2487 7638
6525 1227
5111 5051
1226 4030
2956 2184
8260 5375
9885 7644
6166 8815
4105 3997
5915 5291
9606 2665
9814 3153
6384 2839
1221 9124
5347 8166
1989 492
7996 3105
4087 4652
4675 3949
8454 8823
6386 1997
9830 910
575 1204
3536 3785
3769 6028
1507 2820
7611 4954
6842 9035
7253 9647
1984 4604
7346 2929
9982 1313
7253 4854
8919 5024
9629 8216
1119 1962
2543 6613
8435 4123
9181 2481
9338 5130
5134 8698
3333 3653
6933 4287
7660 6137
2102 1827
2743 2285
3466 4501
480 8807
3113 6592
7697 2846
4052 640
9531 1126
588 9591
2291 2611
2325 7898
1742 6726
7510 8784
953 4849
4902 1614
517 4919
7334 1441
12 6481
8281 4210
2765 3284
4809 3773
9197 5583
1559 2891
9987 316
8456 4122
589 323
7702 357
8024 7936
6943 7208
2575 1980
1407 3009
1826 7209
199 591
6757 9895
7042 4589
325 3124
6934 5658
2579 1083
235 6236
6847 49
5184 8047
1251 8213
612 6783
3448 9667
1344 2474
5297 8547
6814 5801
2546 4873
203 918
8838 8188
8873 817
8796 2511
3303 6813
3348 9308
6238 8507
2580 8269
2697 1622
6119 5385
5306 2939
6586 4162
850 774
8847 1940
118 3651
927 2986
6147 7971
2343 2873
384 5120
1104 55
994 3844
8587 663
9935 3111
9298 9156
5015 2058
7426 6265
1235 9923
6138 6033
2314 6089
4033 4879
8649 2448
2067 2396
5813 5931
7884 7887
7746 2150
2550 8812
7361 5043
530 3348
241 7557
1695 2419
5830 8932
9959 2157
2460 6220
600 7981
2342 971
7403 4366
6655 5141
4175 1544
1292 7046
631 8700
9437 4815
7046 8770
4471 1379
3780 6013
1247 2724
1394 7629
9500 1121
2826 9946
973 9152
675 2703
3164 8591
3871 7790
3208 4489
7017 4245
4234 7468
9641 8389
4657 6851
4370 4279
9127 8418
1400 8461
9655 9
6102 1308
3022 5838
6126 5555
8599 4555
6807 7480
1180 6817
6748 5038
8838 1693
8182 2075
9819 2316
2462 315
330 353
1788 4602
6996 5104
6426 8536
3407 7460
893 8849
2680 968
871 4180
656 4429
151 3030
4889 3278
7951 6601
3545 1061
499 5053
2547 8204
7215 1503
3422 7212
204 6746
8095 6138
3611 2918
5949 5796
8796 1
7190 1390
6475 9576
7302 305
7613 1087
8051 6464
1532 5599
5190 947
2191 5098
117 270
7621 2636
5529 6061
2688 170
706 2068
2086 3439
3178 9031
6457 7270
4941 3709
4087 22
1472 8042
2602 4899
1923 2553
124 6904
105 1414
2840 6419
8951 4139
7272 4470
181 6957
2066 2790
5431 4617
6543 2308
923 461
2026 9226
7151 5628
6332 8302
8270 8373
9287 5073
5202 155
558 9075
6964 4147
8531 4944
2286 9072
8886 4701
2010 1646
5018 68
9440 3233
1707 3744
5361 7518
8585 7412
3742 1639
650 1018
987 5296
4993 2496
3514 1104
303 4938
53 5437
2697 8018
7884 761
17 8675
8342 7098
7662 7901
2064 8959
5474 2608
5048 7505
7024 1014
300 4295
402 4225
7189 8326
4375 5643
1459 2626
899 4474
2589 8065
2899 7985
575 5830
3624 8016
433 4610
1071 2760
8723 9413
5096 3504
5726 3028
2474 2676
1921 6696
7715 6279
2231 8819
2736 7497
6976 3956
4788 3680
5809 8417
3978 7423
2674 6201
3125 6922
1112 3574
2481 5879
4519 3846
8162 9498
39 71
973 8560
4987 2479
4992 4709
538 710
3871 83
2789 2128
5529 8863
2474 8684
7485 3739
2574 1269
6157 4643
7169 9521
1646 2803
2724 7805
8838 587
2269 7494
6146 5783
3410 4912
2334 9068
6958 7436
4748 5621
2022 7580
596 5431
4407 9836
8037 9579
5813 4925
111 695
8806 6031
5125 8694
7685 1346
4415 5528
5590 1923
5407 9184
4415 4317
6981 9549
2092 2463
5813 1338
720 6594
769 2050
5881 9845
3905 8066
5936 7954
4980 8074
1354 3245
873 9676
2539 3783
4896 9389
6124 6323
7641 4543
574 5971
3011 8425
9882 1124
7402 9475
4518 1038
809 5759
6340 585
8134 6011
1250 7247
8348 3708
2160 7242
6709 497
2745 8323
5913 3607
5250 5198
7460 6393
2831 9609
5077 2870
7596 8427
1700 4241
7149 224
9027 9186
1791 7403
2355 2129
2128 685
5150 8033
6421 9501
2579 9634
1489 4401
6202 6492
6331 5438
8053 3315
1140 8897
8652 3803
2285 1633
6651 1636
1630 9662
3219 1756
1690 5353
6072 3657
3412 1509
2473 219
1409 165
1908 8750
631 8434
5340 9506
8397 431
2132 5458
1816 3487
7189 3200
6844 7311
9203 3959
3126 6319
640 3358
9663 8930
1483 9001
6114 5292
8007 9383
1049 6107
5038 9600
2617 6182
5056 1372
3984 3560
5090 8064
852 7978
9884 1946
1694 5595
2401 2418
9774 5831
9143 7951
8250 2453
1921 8286
3331 2659
2204 6353
255 7034
1578 6112
7120 6901
9839 8069
9085 2486
7895 5351
8642 6735
6083 2699
1001 4339
1157 5230
6133 1059
5077 5138
2113 4594
7532 4509
7726 2994
2192 6701
8229 2274
6050 8183
883 7532
1441 6917
8977 3519
2339 1889
9801 4596
6181 510
5326 8758
1658 1905
2795 7481
5916 3198
1334 9522
1257 9857
3586 9338
6651 5513
631 2057
1506 2431
5324 4435
7221 5910
2395 3902
8886 2015
6957 6734
161 2520
6399 5842
4178 787
119 8005
2071 8937
1072 7343
8411 9716
219 7651
2791 1244
9370 1893
2596 4157
1023 3526
4847 2162
1686 9783
1649 8695
7477 8639
781 2863
7268 3398
5161 1694
7739 4253
2325 1925
515 6490
6049 7252
8270 5991
8255 463
3436 9354
3418 8862
2264 1985
9724 8125
8371 8645
637 289
318 2633
6298 6219
9481 1577
7156 4675
3751 6672
1115 2943
6633 3113
8694 4744
6328 3063
7053 4333
2916 1724
3815 5779
3364 3751
680 1719
7671 7285
2543 3458
7072 5686
7019 7675
3213 5250
8482 4006
6678 2498
6888 5697
881 395
4296 448
8122 5540
1741 7019
2612 1861
2691 2607
1029 5119
7408 173
2269 5640
2290 597
8834 6831
9399 5932
9718 8076
7684 725
3868 2667
6313 180
1592 9941
2371 2094
8899 641
1920 830
8832 7248
2462 6454
6533 5210
7587 6516
404 9212
5263 2895
9035 2345
1560 5172
1635 4871
3819 4066
401 837
4516 8062
3056 8727
666 923
3032 6549
7842 7808
9876 1835
7721 3413
8571 2354
5483 9089
6937 3599
4551 527
225 6739
844 1801
6339 4447
1278 9481
6525 2360
385 4852
7634 9994
3125 7752
3476 8628
4038 7583
8980 3592
3016 2582
9991 4656
2711 5218
8775 3188
2372 988
7443 7355
728 7716
4797 7946
8629 8260
2093 4738
9383 1175
2393 5834
8095 6119
464 1522
2759 1556
1644 4130
1061 3406
2055 1108
3913 3939
4221 7000
4270 3319
1974 5493
4515 1302
2691 6199
5543 7524
1066 6423
7293 3297
6461 3231
645 5275
6643 6575
7833 9577
5211 9833
2411 2109
4622 8123
3305 6354
1211 5142
1991 9117
986 551
6257 5165
6610 450
9632 6005
8942 6772
7660 3037
4040 1938
6466 1045
6643 4343
2571 3339
5172 391
3271 1163
4315 5545
9011 4502
2725 6349
9194 1901
2963 8993
9465 7620
1736 4866
4745 815
5395 4201
773 730
5885 6912
6157 1588
931 3796
8793 6152
652 301
2563 3053
9589 5994
5356 8740
5334 1021
6059 1674
6313 1739
551 4168
5093 50
1727 8195
4316 2707
7348 8376
5894 3138
7642 9346
7644 4482
350 2169
637 5311
285 1961
3591 2218
1561 6418
347 8692
9014 5577
9197 3387
2612 7302
56 8717
5897 1673
97 5562
2831 5607
166 9741
1969 6172
9209 8112
2786 8184
9181 981
8955 3446
1226 7596
820 7047
1984 3457
2071 7449
1531 9064
9815 7962
5221 9652
9354 8392
7450 6554
4221 9520
2601 8806
1456 3964
1067 7312
8561 2441
644 4569
5662 6124
6774 5700
9922 7012
6331 4032
9707 9563
5050 5234
5680 5374
1020 2219
9984 1311
3909 6065
4541 6833
6061 1298
5115 9084
7175 2023
3478 2620
4917 2393
817 5394
262 3608
196 4792
2728 4699
8623 3430
9775 6711
8799 887
2718 4311
2116 1686
8139 4568
7369 6974
3422 2838
622 8009
1299 3866
2789 6533
8116 5232
629 6300
6024 4990
9421 4146
6896 1699
75 8100
941 1333
7600 7206
6772 6430
8462 2497
4040 7175
2373 5585
2959 3609
2528 1695
280 4156
9318 9807
1266 7119
1831 7416
9452 7211
7216 199
2733 9642
2030 4922
6899 8267
8380 6495
2377 7744
5899 1571
3915 2785
1366 2483
8744 8095
8332 3961
1838 1899
1471 1199
9583 3059
3740 8227
794 3057
1016 3127
5491 9029
342 7144
2126 3578
7509 5903
2246 7162
2367 3274
4166 5281
6242 1662
6714 4460
4148 6222
2408 5466
4437 3381
3873 1895
1353 4603
871 8804
2598 2834
1291 5185
4833 6444
2713 3813
2862 9715
9429 8719
2615 3010
2691 6104
1328 8556
1071 7828
4120 8915
9647 5924
7729 2925
986 4729
4093 7461
3103 4353
3761 9251
4068 8878
905 6523
3107 9367
8685 3177
4241 2778
3958 2315
650 9981
6446 2990
6039 8187
7327 1328
5561 2893
9607 3444
7169 4101
5975 836
2228 4368
1555 2866
9607 4318
3721 5400
1442 9429
3436 4728
9596 9344
9670 115
2848 7297
1074 1168
2091 8687
865 2439
6107 6042
5969 210
2230 9149
3449 1229
4263 8590
5616 1647
9633 4760
5347 9813
5591 1352
1389 9607
5630 16
5626 9317
592 2223
180 570
3122 7317
592 7656
7567 138
7594 9442
7745 2336
1618 9764
6732 4411
1880 8194
2867 2933
8916 5512
6628 4219
2393 2348
2696 4344
1415 114
6246 3691
3280 7576
6936 5956
1044 2214
9878 822
2678 3723
7859 5222
1459 1710
9983 4340
1517 9865
2264 4426
5235 7929
6479 7373
1911 2807
2202 1431
3400 9593
1214 7960
6012 9386
6733 2151
4751 4969
7387 7992
4439 293
752 5266
1121 6399
9617 8452
2705 4114
9022 333
5320 3927
9264 4870
4742 6971
5861 8108
9327 3853
3514 2677
9909 430
9630 6445
4706 7500
8415 9651
4998 5666
4572 9768
5350 8756
5184 9538
246 8869
7446 4243
2808 2872
6386 1702
4605 7483
3642 1629
965 9470
1792 6841
605 6041
7070 4479
2473 6081
8498 6913
8719 7706
4705 9571
7192 9615
638 2772
6195 2060
6021 4452
1937 3184
1923 7078
4023 7414
8486 4322
5707 8587
7088 8092
7047 6275
1908 265
4392 3973
1792 7377
2796 687
1361 9092
1924 779
4472 1552
1119 8585
9494 7593
6426 1250
6644 6512
1038 1418
6536 4659
3562 56
3795 9134
1451 4496
5454 4878
7211 1188
1695 258
9677 8290
973 9260
7567 2428
9599 8252
8026 959
8092 6758
573 4939
4544 1752
2653 4840
6985 8775
7521 1251
7937 9163
8199 3186
4774 7101
2030 3150
5226 4059
9521 553
6917 9440
6415 3230
9327 1806
168 1123
6243 8163
9905 621
3103 3545
2472 5765
7807 1523
1523 8868
9641 5845
37 9517
9452 9551
9789 5308
1097 5913
8879 9646
3072 2127
3847 1965
2773 6992
7600 4109
4401 1713
752 6086
1899 377
5735 7035
2771 7428
4895 34
6346 8566
1820 7855
5698 6858
545 6277
1102 8313
1322 518
5323 6944
6146 2117
438 7417
5258 5148
6336 4507
5297 4151
3595 3287
2856 3492
5482 2387
276 1740
618 7605
1304 8853
596 2036
569 8246
3603 1906
5563 9376
4159 62
2124 6373
7487 76
8017 1347
3721 2488
7829 7940
9122 9302
3072 2762
6815 2085
7994 8179
2540 1249
6855 4731
6292 3360
1663 3169
619 7998
1198 4702
8014 2850
1446 2000
2651 3828
1451 2385
4280 3886
9749 4970
4518 801
7230 3204
402 8987
9473 4257
6072 5825
3478 8147
2557 263
2912 8014
6390 6669
111 8381
1521 8873
2292 7569
642 6989
1359 7760
68 7598
1945 1365
7408 6668
1106 86
9374 8027
8654 8051
9127 2126
9329 132
1104 4088
8730 1368
3045 8704
6818 4398
752 4529
4784 9138
8869 6504
365 5262
3060 3291
5960 6724
1044 747
3460 9047
58 6427
2210 1206
326 8906
1144 6900
3476 7933
2449 2367
897 8408
6802 8701
9372 9666
2590 6016
9644 3822
1009 1458
8716 4310
9710 6995
5923 3334
9633 3889
4921 4885
9786 6470
1975 7653
5887 7331
8334 5305
8980 2610
3948 6372
9481 7877
8020 7836
4844 3666
2439 3355
3360 844
2787 4238
3365 5271
9278 9570
3564 9683
172 6564
5649 2801
4470 9925
5508 4697
4588 6387
1693 6254
4082 7565
963 2995
1991 2621
4824 2407
7341 1554
6421 9446
2625 4221
3241 6080
2770 8380
1743 7095
7842 3637
3627 4739
6985 3558
2314 4286
8698 1076
9217 488
7457 6234
7133 6485
7050 5633
8045 3729
9507 1025
3966 5378
6819 1008
5614 9749
4 8426
6033 5502
6119 2550
5274 2931
1409 7910
5382 3992
1530 6092
4323 7048
1713 1060
1868 9856
586 6892
2580 3086
9410 582
4353 1098
6637 1675
1128 3521
1198 6561
8789 7553
8893 4956
2369 4351
3073 3229
3797 8102
876 5743
7150 6216
4320 5173
656 5576
9357 5475
1307 5361
1446 5935
9014 5618
6024 4554
8578 3782
8942 9784
2573 5432
2219 1240
6164 8837
131 8169
6237 4894
3520 5315
2598 8778
6012 1356
1578 3686
8365 2305
1353 4747
8816 9748
6119 2065
5482 7476
6917 4187
2434 5631
4740 2899
2428 5821
5015 9962
3620 2176
9962 9957
761 7801
2450 7020
6751 9019
885 7345
8199 7856
6009 1114
1047 1319
934 3305
4996 187
881 6767
4227 8754
5934 2759
2696 8923
5156 3032
7329 5661
5891 7669
9431 8638
2653 8728
934 7186
2700 3694
7047 9484
7713 2718
454 6130
5482 1635
1284 8540
3021 6821
2003 14
5128 2906
7863 6688
3394 1392
2004 657
2291 6345
8930 732
903 3576
3083 1155
9608 7151
5076 4354
2727 1233
2409 2158
4273 999
644 6294
5724 7560
9670 4796
346 5983
2188 544
8831 791
3946 557
8828 2856
2763 8419
3592 3575
1460 342
4123 505
909 2191
6368 6308
1167 7082
4919 9729
5473 1477
3060 529
4556 3437
2878 9602
6886 4213
9513 3449
1030 7159
7169 611
9197 9496
84 2098
8153 3674
1426 600
1753 4440
2417 2458
4344 367
8697 6340
330 8723
2183 152
7956 376
6818 945
5093 838
271 5256
6557 4897
6933 1218
1284 3054
6637 4779
1159 9168
558 5002
206 4715
8305 4534
6859 6673
1209 5197
9428 7405
1931 9932
2472 1052
3021 9490
9417 895
3611 8839
9172 1738
8288 4037
1304 6146
722 1774
5332 9978
3559 6794
4300 3626
7207 4707
6705 2981
8836 5603
3005 2888
5628 2446
1895 8369
2691 2326
8838 7702
3488 7006
1506 7614
5567 3682
784 8126
1281 1868
2019 3271
5250 5766
7420 4814
3918 1081
9191 2930
6678 3476
2379 8162
3805 8708
3901 3639
7758 3549
5417 8557
765 3849
9078 8205
9828 4207
3825 1911
2479 2399
3946 2233
2237 9453
8047 9917
6252 1910
1047 4991
526 818
7024 2864
3301 7406
1046 1447
4261 2581
9774 5436
3382 4681
1430 8747
9550 5316
1222 992
6726 5025
6471 4737
7715 6951
6116 7963
6642 8241
8881 5086
3391 9448
73 594
1458 7615
615 4003
4826 562
8473 3719
5111 5299
1777 424
4596 6428
1803 9618
6192 1288
5379 1501
769 217
3946 8898
5180 942
4962 139
257 9606
560 5663
75 5767
2188 4480
7415 4651
3617 1080
615 5725
2000 5144
3500 3142
5903 6822
8514 9040
1389 7334
1770 8972
2616 254
1986 5100
3396 5067
5590 4294
3027 9357
6197 312
2906 772
5182 659
249 2998
6642 4621
6 460
2180 2685
2774 1664
5241 3891
5732 1504
1962 5806
5309 8519
3360 3115
4667 3969
4063 531
3322 8273
7839 1161
896 8749
7308 3354
1813 473
4920 5122
4714 2942
3512 8633
5735 9101
5090 1409
7319 9489
2472 4716
4101 3244
4353 2026
6252 2201
4091 2985
9873 3001
2128 2528
6636 1022
734 7820
8689 984
6126 1463
6355 2444
2314 9171
728 5738
3219 4085
1660 7155
1491 3181
7438 6097
3503 2928
9749 3470
354 3006
4811 8263
2588 8024
4348 6792
4637 9763
8052 9479
2165 4977
663 647
2596 8282
8692 728
6881 6677
6843 1033
820 5685
7527 2645
1015 630
5813 8141
3929 8379
7238 6496
5733 905
1605 785
3203 9294
589 5320
4718 2941
2451 2174
3322 1969
5866 7231
1061 8520
1986 5854
4845 2733
6899 6391
1051 6511
8457 5149
5077 8356
4804 6272
176 4255
3165 8120
424 8245
1880 1450
2474 5520
1088 7900
6367 4566
1133 891
8126 7135
5290 2293
8773 285
1929 3513
854 1833
1737 9792
3913 879
9104 9462
5514 2954
1618 6154
8478 9508
4401 4692
5865 4968
540 7920
5884 5776
7667 2291
1808 6795
556 9349
873 3301
8057 7906
2681 2773
9771 5079
362 3781
548 2687
9786 9990
5342 6934
137 9405
9134 8105
3411 8730
5403 203
5638 8341
7541 7819
5460 5093
2805 616
1850 4592
7718 6037
7774 1010
2487 3349
6981 532
3642 1785
515 6954
7291 3034
1342 9276
2487 7563
1515 8822
8718 3218
1723 5490
6525 9487
9491 7254
2640 1758
9417 1304
9451 2682
5064 3945
482 842
1281 9071
3456 8781
9790 8261
8571 2672
6225 5908
4787 2576
983 156
2280 6148
8178 8549
4724 8989
7999 6101
3932 1132
6029 7507
9379 4158
1391 7883
4858 5826
1072 3058
4346 4824
4807 1532
1813 1398
8556 6332
3996 6374
1862 8715
5616 7214
291 2341
7414 9805
769 8094
6562 5505
7825 7965
9131 9671
596 7770
5886 8470
3656 3384
1426 6358
7267 9231
1061 8284
3400 422
1366 5064
1580 9536
7231 6945
3866 6337
204 2753
877 1316
8 8608
9516 2245
4626 3697
3616 603
7781 8172
557 9435
6804 4805
272 9450
254 550
37 8558
6727 7018
2417 1888
87 977
5355 8696
1257 3401
1730 757
2187 1259
5347 1411
3044 7067
9365 374
5241 9623
3877 8789
2460 5060
4155 6071
1357 1198
8881 8647
3569 5221
5784 8674
7667 462
7807 51
1210 5035
7422 3357
6831 4960
1221 509
5165 5189
276 3679
4963 7348
3091 4227
5813 2924
1704 8961
9243 5482
575 4464
3887 5377
3946 3333
4313 2353
4797 7655
28 9774
5074 3232
4155 3790
2873 8366
1716 5653
6973 7243
3242 4773
9035 2424
5134 1730
5202 6014
6585 4680
1465 3392
5134 1266
9765 9620
8319 2627
4331 9703
4274 7670
9036 7045
5132 9351
1643 5329
1599 3292
3192 2917
6147 6586
8886 9718
7506 5358
4239 8925
6355 2369
4009 8482
9547 9378
1543 5768
7487 6226
7435 1335
4821 9696
6995 7126
5903 9224
7872 160
2284 6699
8080 7853
7781 348
7790 8673
2308 4619
8294 6617
1793 7386
8034 2590
6708 2959
5463 8795
6642 9523
6522 7267
652 513
6033 4575
380 5427
1895 4573
8930 8116
1514 69
7841 459
2048 2032
2473 4892
7839 1282
7557 2749
5303 8572
4166 8658
6497 6977
230 9039
4011 9804
9673 1880
7622 2974
8462 3759
6033 5314
9124 6905
5904 5006
1435 8136
7276 4107
9427 7581
3226 8481
753 3364
8247 7007
1306 6422
3127 9592
4515 8173
9035 7362
38 5398
259 322
2030 3819
9815 4074
2360 4325
8741 3908
6370 5978
2010 6583
8182 478
7114 5926
4993 2210
7162 7728
5854 6187
8652 3467
1191 9585
216 7498
1695 1460
980 4654
4261 723
7251 8950
5961 3465
9191 3800
3512 7322
1988 890
3779 8648
5347 1612
3165 5087
1627 1685
3500 7262
9487 4254
6339 8828
5144 168
4225 1462
8840 1651
8521 8532
7249 6301
1044 2048
1862 2440
9696 2108
1849 6434
5505 4889
2355 8345
4211 9613
6012 429
8380 4242
6832 6211
890 635
8164 7137
2326 6759
9277 9578
4714 6463
2589 3081
4516 3393
1598 3272
8761 3277
2391 9509
7219 362
6109 1796
3208 3399
8232 1275
2568 575
687 8143
7363 9553
7873 8256
9473 1174
8737 5602
4745 7443
8767 9960
474 2029
673 2020
6188 2867
6156 2159
1437 7294
2642 4700
4137 8219
9553 524
3757 5020
9871 5355
4885 8882
292 8858
3545 2052
9633 2390
3288 9065
4623 2040
1988 9745
211 3872
1916 5085
9949 1822
8890 4420
8086 7691
8779 3459
884 4908
2571 3843
8544 5632
2174 2794
8490 5059
1712 7866
3346 4638
150 5321
4360 8854
8455 8786
435 669
4671 2979
3520 4091
8953 5446
112 512
2808 3350
1465 7178
2246 5981
8936 9356
1218 7049
1765 5111
516 8446
430 8511
7671 4220
3982 3814
4901 540
3410 2885
7292 9672
2726 7332
6058 2854
6592 7025
1471 9037
7341 3258
7189 3645
9610 6879
2616 2086
6909 6596
5019 739
2256 3514
4186 8215
5182 1407
5487 4847
589 6449
9652 2700
5291 9612
7938 3193
9209 3151
1344 8022
8064 7850
7464 1055
29 7799
1159 1340
1562 248
296 2290
8444 1848
9632 4120
8881 6291
3964 5304
2149 546
2051 9285
643 1533
2732 1689
6852 4597
316 5850
150 1830
8521 4400
8017 5827
4378 3824
9546 5951
9906 6569
4752 4660
3339 1613
3520 4446
8229 4385
2396 6506
1873 720
1145 6439
9813 6804
4505 2061
1652 5072
2128 2515
4172 7942
2552 3347
276 8691
7808 1824
547 6395
5964 7613
6072 3298
328 9936
9477 6878
8278 1452
2588 7224
1300 6709
5974 7266
9477 5807
4531 5988
9042 3710
817 3835
4352 2744
670 5231
1887 9423
1818 4513
1946 9658
7220 6716
1328 6389
7709 3338
6624 128
2486 4111
6906 8362
9694 8291
3990 6713
5245 1977
310 5940
8838 2490
891 3980
1920 6982
6957 5159
7297 1091
1067 7149
9606 2826
7691 4923
6058 5389
5759 5278
4662 3096
7284 9811
7037 6647
8194 6497
4196 8090
4888 8933
209 5549
915 3732
4508 6158
4181 1789
2685 2740
3196 6451
2159 7442
2401 1419
6860 8439
55 7798
5076 2841
1788 5762
5575 441
9790 4153
5685 4195
1592 9291
8247 9934
2803 7288
290 7426
2158 6883
4797 1112
6924 9958
7644 8028
2144 8314
3391 9217
4804 7306
710 2828
8105 8827
8017 31
1238 4519
2690 3671
2295 811
6029 4404
5746 4616
5935 5339
9710 5478
459 5846
926 9758
8180 5113
4464 8103
1052 3629
2299 355
2036 9512
8013 8570
9225 4457
5026 8038
2980 5237
9004 9080
4609 5683
2035 2767
91 3537
6397 18
2010 9497
5634 2469
402 2532
221 5216
2748 3362
2710 368
7489 9727
8724 3646
1716 9890
2789 6842
2616 1602
1455 4173
9068 9648
5915 6095
1415 5284
5423 3100
9639 2622
5050 1300
369 8817
180 644
6912 4793
3152 8894
6264 2545
276 1402
8261 131
268 4875
9134 786
146 438
2124 2099
4582 2957
1991 6362
2158 415
2661 8449
4640 6151
1001 7607
5319 4182
4377 6950
1415 2095
1226 3606
9682 4948
534 4539
3610 9940
9125 7842
7069 5797
1254 4395
4228 3893
8095 9243
1657 8593
580 5884
4316 2072
9300 6655
9669 8796
28 5659
8490 7745
1073 8752
764 9296
183 1878
8470 3727
2473 2022
4202 4184
9264 1700
1584 1479
9175 660
7606 6195
5400 5612
6033 2544
553 9739
4411 6330
4997 9155
1721 7847
3372 2597
1998 866
1321 3647
2222 9911
1244 8651
9255 6776
2611 2384
6827 4314
3840 8494
2366 865
1562 3938
1559 7715
7047 7227
8534 2148
914 4748
6229 7724
9243 2612
8227 2056
2105 12
6166 4445
4920 5487
3627 6030
5496 6780
8631 3527
3456 9626
2759 3627
6427 982
7125 814
4227 3493
7869 1222
4443 7422
1541 1949
2649 965
7075 530
2685 5238
276 8460
9051 9036
9691 6131
9050 1779
5204 6670
3874 651
1729 4208
3962 343
3550 6969
4705 2100
1132 6862
8952 45
4242 8244
2312 4783
1765 2770
5785 3809
6548 6460
7551 330
1997 3046
4246 1604
3686 731
4446 3683
5616 7679
7956 6406
9661 1927
7163 5461
8899 3542
6496 1157
9237 1086
4529 5561
171 4100
1541 5202
7995 7538
7850 2715
5879 1153
9663 2402
9530 4688
1691 8879
9643 5538
7832 129
3957 1542
923 2698
8086 8575
7376 7845
3378 9566
2056 5282
5184 7015
915 6040
73 6597
1404 7542
1984 7746
1430 7785
2610 8516
5 445
6685 5075
3385 5507
9594 7514
5241 8979
3095 6828
79 9853
2758 9976
3264 1047
2570 9049
6989 4786
296 17
773 7932
6818 4625
1824 6448
296 8224
2967 549
433 6286
3616 795
5765 4985
35 7255
6505 1215
888 8792
4175 8037
9448 1358
8881 8765
6385 2321
7989 7692
5477 5368
519 2745
2494 8420
6166 8378
7861 958
144 7128
840 7280
7450 6573
3385 7105
601 306
9479 7410
4815 4321
4537 200
7998 7123
7533 7683
1759 9511
6026 3155
628 5710
7072 2525
1475 8342
2069 809
2013 9261
8584 7551
3456 3760
385 2713
6537 2209
4513 871
8212 6765
2472 7207
7297 6791
3044 3089
151 4043
7313 9289
1325 5574
5416 7947
2906 7642
8744 7849
572 1242
6774 2989
555 366
8006 5426
8831 797
2652 4933
7839 6164
2128 4776
5373 7495
2019 4174
1221 3189
3219 7308
8915 4607
1657 8662
7575 1378
2701 2765
3707 9443
5179 6595
5257 8046
8324 3885
9874 363
81 3269
7086 4356
5698 9474
6560 7626
5645 5564
3565 4987
344 2655
7231 4683
1697 2575
715 8958
5090 5124
4486 6435
2916 4015
1409 1078
9641 4612
7213 6116
251 9174
8681 1442
788 5248
4306 4791
8821 1759
8112 4170
4465 8329
237 1553
138 2644
7639 6493
1364 8527
7504 3250
7952 5873
2203 2908
8028 4636
3986 1951
9014 5424
1552 8209
5630 9373
2052 3472
2833 9191
8765 5135
9589 928
4708 2112
4821 7017
1400 7435
6243 2113
3156 7765
1048 2793
7946 2894
1334 1704
7503 2911
6156 4104
2017 4246
8799 6394
9655 3356
7946 601
708 2374
2147 6865
2281 5407
7859 6524
1106 6678
1093 4206
144 9896
8056 4853
7226 4905
3915 2028
1255 794
6143 1011
5074 5184
3248 9341
5601 9781
5161 9104
5680 2067
2337 9692
4181 2742
2675 3425
7036 4558
2588 9180
862 9573
1631 2197
6199 30
258 4077
6126 2035
9721 2952
3240 7059
1514 7686
1829 4635
6880 1790
3943 851
7874 8872
891 1351
9289 9110
5336 6680
1376 274
9088 9177
1740 9513
1115 8579
1836 3654
8360 736
8938 9377
4823 2617
5324 4226
4181 4757
4573 5099
9878 7164
2434 3311
5290 9408
2577 9810
6390 484
1254 649
472 2195
7621 2077
3653 9605
5379 3219
4803 7977
6871 105
4861 8640
1992 9221
3522 5341
6545 5918
2095 6312
942 3307
5909 884
2494 6505
4738 5617
1499 4399
6877 1196
4254 1137
5529 4581
8744 3569
5494 2914
9100 5171
4683 1870
5979 7816
6081 1330
7781 2131
6842 2887
2067 1729
1475 5598
7063 7160
1754 6880
4577 8110
1421 569
783 1999
4443 8737
1209 378
720 8185
1501 8498
817 5847
6256 1286
2158 1177
697 2862
515 6633
123 7385
2515 8247
5952 8133
5416 1178
8589 9732
8566 4778
9657 2222
3934 496
2248 2960
4011 2232
2643 6113
8788 1031
2638 2495
6829 6547
8691 9322
323 6057
4973 6258
257 9507
2362 7429
105 7908
9677 4740
1957 5435
516 862
1273 8048
1417 1958
4540 8793
2881 7236
1275 5702
1580 821
9034 7700
782 5340
1689 1838
1039 399
1777 6069
1777 4618
3301 57
8286 5894
6558 4595
2080 142
9583 5348
3668 9248
9365 8059
874 6550
4691 9562
1034 7921
8122 8331
2658 6476
8139 6908
5499 5268
401 6355
1399 595
6267 6412
5319 5370
7120 8546
618 6029
8626 3438
2149 931
4787 8985
7047 5870
9408 1562
1333 3275
6080 1539
1691 5224
9427 1265
4781 3266
5145 3618
5576 2395
1436 6750
2619 9997
7023 3047
3073 1026
7632 8132
6842 538
6866 214
1229 925
3779 4223
9179 8300
3884 2976
1870 6854
3759 6252
3025 1957
4973 8582
7924 2193
1781 6714
67 9892
4021 6004
4556 5423
8163 3557
492 6012
7911 144
1559 1257
5823 7561
9482 1993
5483 158
3399 7189
915 8465
1850 2616
9443 7273
8334 8942
6135 394
8182 519
9452 3366
883 4291
9478 3745
8473 4012
2498 2066
1693 820
1975 4083
9215 3029
4994 9738
3345 7027
2058 6641
4317 3242
1442 5003
8437 9830
5324 9409
6666 3601
1080 6115
642 696
1579 7225
1475 1950
8886 2584
2003 5911
2593 7400
4348 299
4973 5443
1140 4743
13 4771
19 8078
462 5309
6287 7153
8692 7852
1568 3764
60 1987
708 1498
6880 3737
9884 9054
3896 6227
1946 7353
2289 3768
3800 4961
990 1583
1127 3758
3257 9823
43 467
623 8721
468 9388
2221 4028
8967 1116
1988 3491
6648 2170
5487 941
2470 3672
4137 6844
3780 4237
3017 3322
2093 1697
3232 9305
4310 2188
1740 5614
3997 1283
1167 2097
608 8312
1235 7177
2228 1287
9641 9900
8726 1502
710 2078
9474 955
9148 4277
2498 8374
2003 4116
5371 816
180 9417
6785 2383
5522 2883
1402 6599
5247 5479
6569 6627
1991 5616
5241 6317
2346 1569
4070 5167
3696 8124
773 7413
8330 1748
8759 5337
9611 3660
7729 8279
3399 9963
2717 7407
17 2423
2014 4371
4576 226
2577 7863
905 3762
3719 3484
4005 4040
3719 5977
2687 3509
517 1149
5114 1960
6017 8760
5123 9885
2355 886
3488 6537
7719 1585
9108 38
6274 697
3285 8610
7944 8271
8589 2243
2106 1537
5584 1707
6232 8705
1148 9939
1117 7489
7586 3175
3962 2472
8461 7966
2511 4197
9823 9447
1475 7395
40 2303
5178 1195
6906 8413
1435 3144
540 6169
5955 3851
1642 2021
7219 8368
2246 542
440 7479
6752 5937
7563 2452
3470 9328
181 3748
9370 5902
9327 8584
2504 8988
6088 500
3422 7358
2078 232
9892 7879
5410 8977
8766 7876
9215 3952
7403 9103
4735 2512
85 2263
7309 4883
234 8931
9159 9668
6550 9743
355 8154
7613 1110
104 9491
1036 9144
6987 7475
6926 8052
1020 481
3960 7169
2365 6268
1571 7961
3651 5506
4857 6082
6274 8035
9730 9888
1872 5182
4443 6962
7306 8852
2571 6458
7341 9360
4752 8801
7557 1745
7868 8905
1304 3915
9272 5626
6586 4248
1155 5511
1747 6816
2752 9948
2881 6907
1821 6378
6255 8995
5313 7173
1831 5201
9516 7619
9109 3701
4561 4145
8083 7689
2124 9270
167 8199
1739 3539
9733 7456
9874 5387
1761 8489
6481 9069
652 4881
7036 7861
7133 9637
7587 6184
492 2228
3296 5552
5963 297
1543 7141
1354 672
8578 3146
786 7664
154 792
354 5193
252 3827
5356 8450
6257 5213
9272 7081
9454 5152
5644 8859
2515 218
1638 8631
2579 9657
7122 7132
3965 2537
6346 4751
393 7570
1913 6588
9125 852
1104 545
2900 674
1972 5239
7760 7693
6823 5756
3611 4370
1498 420
2449 7925
3598 5054
9851 2547
1392 1284
747 7204
9045 1144
5773 4559
5350 6074
6110 6959
8273 1847
3407 4204
9790 2104
1689 4159
3365 5181
3 7070
8606 8210
8788 654
575 9225
3142 2882
6985 987
181 1797
5343 3382
3105 411
4236 387
4240 8654
953 2087
2933 3591
5979 1541
8303 1837
1376 6521
3770 8355
5969 6760
7052 243
2587 5744
6831 5925
4519 4685
2198 6000
1695 9061
927 6414
8986 2728
8521 5114
557 8372
7277 2602
2429 7987
9848 6123
5378 2343
552 1066
1656 9770
1125 7097
3405 1216
9607 9711
1238 6488
9417 6088
5813 8471
439 4191
1028 2720
2475 6083
457 5670
3652 1406
7776 9167
1068 3136
2534 147
5346 6280
6024 726
6226 1687
5199 5497
4673 4292
8924 2958
6502 5524
5426 7768
8938 9074
4435 636
5548 716
3172 9025
436 3753
5612 1403
2366 2598
6072 1654
6117 8477
2758 8816
7793 1423
6815 126
8863 6467
2613 8794
7957 9478
850 796
1049 2758
2770 8978
4981 8751
5870 2081
5082 8773
7199 6706
8085 1606
1733 302
7444 1655
8791 9279
5649 3474
2404 2299
6313 3031
1530 6824
77 3003
951 9286
2069 7106
4471 3858
8019 2658
6648 4712
6114 6306
6363 9179
9814 8045
8471 2357
2228 324
694 4033
8952 3741
3619 3895
2636 8808
81 9851
2438 1279
1986 6738
1163 2426
8524 4427
5675 4834
319 9350
1969 5462
1428 2420
1257 7829
755 952
9131 9670
8694 5471
2313 2013
8095 9172
8811 7810
8527 2535
2428 843
3698 13
860 568
6386 8257
4029 9753
3444 6598
2808 325
538 1967
2285 932
352 9150
6442 3884
3821 2909
2077 6326
8413 4822
9848 1235
2116 6173
2062 3199
4379 1362
1560 3880
4561 1986
798 6730
305 3326
8261 1607
5004 5068
377 5164
453 3336
1399 4717
3200 5369
8948 2461
8323 9233
2843 8743
9204 1097
1535 6727
5745 4626
7119 2167
873 7684
4942 5740
1804 2996
2019 7916
1779 8887
4581 1597
8838 986
9606 6440
8862 196
4373 3930
545 8767
8272 7094
2979 1795
8370 9972
3578 5264
668 7543
5138 7477
2488 6099
2117 2271
3929 6210
4280 1359
3247 4527
2443 1478
8715 3304
7015 436
183 7478
1304 4073
3091 3615
1157 8278
8686 8316
4224 2491
228 6607
1475 4797
8864 337
2237 7973
248 5782
654 6704
6849 5861
6873 7548
7545 3327
596 483
3679 8896
7534 8000
41 4263
6831 5953
4148 7858
6378 2640
2763 3321
8121 9850
1770 8057
7344 9909
214 8364
5045 1979
5833 8003
2003 3489
5713 9927
834 9554
6842 5074
2249 3540
354 7039
8387 5554
972 9375
1618 8082
3721 4593
2805 3172
1532 5669
7823 8606
1560 280
685 8788
3109 8390
8506 7893
3884 2364
2568 2281
9348 7146
6402 4048
5407 9027
9373 4110
5288 4087
2067 9790
438 2213
8056 4250
2828 5
256 8485
1491 8144
2528 5290
5600 7508
4298 9234
7727 9123
4989 3524
9608 5882
4558 4283
345 9544
695 3933
1810 7272
8641 5345
8249 7083
9164 4565
4085 4192
910 6720
4400 3436
2867 2379
6985 2732
742 7166
952 8322
6804 858
1392 5820
8812 4556
7547 2815
7069 9633
5680 5178
4015 638
1268 3024
2552 8207
1132 3260
9611 2751
645 8164
4647 5841
7848 5380
2239 507
3729 2712
2519 8797
5266 8430
5892 8911
3111 9254
1049 8233
2536 1436
9634 9828
80 9697
7839 6773
2191 6469
5305 3257
1700 4315
5204 3628
9641 7073
1292 6876
3351 2701
7002 7320
524 7733
6974 6874
4901 6853
2044 8820
6746 9534
7211 8885
1290 92
6817 7780
1291 6518
206 7889
6697 1309
1493 7676
3585 5286
3713 7674
9363 2239
4849 3016
2840 1299
3051 8522
5340 4582
1132 8251
27 3730
6254 1903
9531 5656
4746 3789
6805 192
9411 752
1128 485
5535 5770
6874 5161
6693 1572
373 7571
5899 7079
2384 4781
7610 8893
1612 9469
8700 2454
6972 9875
484 863
1540 5444
8501 2811
3241 8800
78 2451
1593 5580
8206 4065
2571 9814
9322 4862
8902 4357
2419 7187
2727 7021
8096 9780
802 6786
5160 5784
7119 4804
7224 29
139 5952
5865 9545
1775 6515
8994 5843
8424 8358
2075 6271
9373 1361
1417 313
9213 8218
1475 6136
4923 6160
1464 9488
4405 4163
9204 1943
3341 9170
9882 1416
9813 4099
9204 2
8831 9726
1575 309
548 5733
7235 5236
3172 9530
9992 504
1797 6931
1686 11
2000 233
2620 2938
9118 5676
9858 4143
1191 7205
6146 9023
4767 8669
1836 8145
6844 3936
5114 5430
9354 6073
1111 3879
1884 331
9623 9599
7380 1874
9131 9237
3623 6484
8161 7174
3139 7766
1423 7368
9204 1490
9411 5303
386 6602
4818 6976
4435 359
7239 4338
3027 9432
210 8848
4108 8513
1988 5460
9586 9773
9531 2962
4117 4727
259 5593
1334 206
5813 3187
1260 8437
7563 1534
7334 4236
1151 4749
8248 8058
1082 9744
6504 4843
952 8097
3085 1620
1200 8731
8338 7350
8569 5103
8766 6055
5115 4285
9428 6051
8579 2503
2431 6238
1067 2965
1949 6894
2895 7415
7150 58
2052 163
9790 5815
5074 927
1460 140
9552 2144
2843 921
1219 9678
9078 2533
6088 3171
8382 2629
1981 7904
2534 6180
7926 2748
305 9924
86 4331
3004 4860
431 2284
1778 5042
6285 4903
6545 1079
431 8363
4900 5965
9871 5638
3552 1518
4625 7993
6908 7111
1411 9275
1928 2861
3932 2671
1436 2301
5076 5694
2128 9143
5494 5667
9483 4396
8281 4165
7040 264
820 1746
8441 7604
2667 4930
6134 6325
2766 2646
1764 7681
876 1793
4152 4551
2393 4365
9987 6331
8891 7502
634 5397
1172 8479
9666 8955
2433 6084
2481 1030
4334 2560
276 1991
7812 7390
2760 878
2379 5649
8222 2657
5184 2422
1715 4108
1885 4601
2733 7784
9560 8212
1850 7841
6088 4900
5029 8528
9814 2721
2916 7194
9835 4935
3683 5294
8479 4413
54 9034
3838 2548
3611 5689
6281 9542
5128 2249
786 3975
805 6587
829 3094
1922 3276
6525 303
809 5390
1045 7249
5670 2400
9023 9596
1648 454
4990 2289
8483 3914
5101 7472
7660 8909
293 7372
8105 4500
149 9983
5410 4768
7669 2948
1705 7179
1775 4270
1621 1865
6796 4326
2806 9164
4484 8766
6116 1812
375 6176
2455 4964
8880 1536
9035 3221
2128 9800
3790 8682
1622 2475
1967 369
599 283
2750 4430
1047 6551
9243 5183
9324 6960
16 6752
9519 9330
7055 5890
3372 3971
4784 8762
3473 9160
9052 7315
7120 8416
4807 4848
6985 6276
5582 2342
8399 5731
8247 3288
2024 5302
9996 2430
7844 154
3617 176
3569 7834
50 1184
7216 3515
8466 1851
3484 566
3282 4486
1008 3133
1803 3702
3910 8121
4241 6487
1979 1970
8837 9760
2665 456
8893 6250
1925 9146
1304 5076
2804 9041
1165 9398
909 7398
3733 6581
1511 1616
1927 159
2598 7157
3581 9166
949 4362
459 4576
6202 922
2286 124
4202 2875
6866 3073
2293 4298
9935 1921
1629 6206
2571 1643
2055 7860
5416 8270
7520 8307
3586 9082
362 8952
3973 3211
7177 3811
7356 617
7731 4769
1505 983
1511 2631
4715 8079
5047 8567
8669 2397
1648 2837
9402 2333
4439 4818
1048 8855
7058 6
8356 6624
456 6867
5503 4465
6676 5803
2691 989
1378 401
2768 2531
8776 1720
9543 7875
9453 1145
3879 6656
998 5852
7821 3005
4234 5031
6496 7003
1361 666
786 6328
8490 3494
9286 7469
7282 4428
3726 2833
7204 1373
1966 3890
8599 7050
3539 9565
6454 4374
691 6246
8248 869
783 8883
7691 451
3779 5326
5628 1412
4501 6111
8097 7905
2498 7408
4170 3706
1219 9714
224 4097
9857 8504
5458 9401
6722 6902
7400 4941
1050 1324
3103 9133
3678 7336
8064 6274
1163 190
9918 9011
521 6650
2483 6150
8239 3532
1226 6893
165 381
7407 8621
9484 5709
890 8129
5433 3191
4782 1992
197 3000
5518 2637
4990 8616
9177 352
914 1099
9888 3903
3184 3118
937 9407
6511 6570
5058 855
817 2904
9532 6140
4178 5920
7646 4745
4235 8186
1976 8724
2281 8468
4462 9055
5609 455
1151 8119
2058 1381
2246 2652
3 5267
2021 4863
418 6217
9610 8501
8673 6100
5882 4055
9092 7800
789 9880
3501 5413
7980 1374
694 216
7782 985
1954 3183
9109 7466
8168 606
2912 6571
3015 127
4234 3103
8678 8725
7833 2935
2086 9802
2281 6385
7647 1867
6233 1428
2901 9183
2701 7257
1049 893
9183 5654
6384 5541
8592 4029
3841 1396
2731 4199
219 3107
1421 8688
8293 4216
3790 8445
204 8543
7217 6240
1411 5056
8715 825
1530 3947
374 4113
5199 1573
4599 9938
4388 6360
7646 2111
4464 5720
6119 1989
3962 3021
7370 8918
6499 3273
5922 7339
6645 6788
2057 7117
551 2784
622 2366
127 9654
1209 8150
7510 360
7292 8984
3461 4560
4146 4720
5190 5082
3436 349
5712 6108
8599 5887
7467 8603
9386 5823
5556 1334
364 9024
8487 8075
2206 537
3792 5254
7777 8354
500 1353
7992 4898
3651 3770
5780 6630
6118 6225
7901 3320
210 3898
2023 9629
7920 5412
1274 2175
2423 9077
2369 2480
2584 7950
988 7029
9265 8395
2956 4661
5423 4605
5344 10
3344 4348
2456 4078
3611 6705
163 9914
820 7806
2895 8571
2339 2382
3614 7506
934 717
2795 1016
4425 511
4311 6662
5670 7396
5381 3404
290 9640
9538 2813
9016 8161
2449 191
598 8254
3095 2849
4240 2280
8375 5615
1463 556
8334 682
4110 5771
6475 3648
3757 442
8030 1019
3555 7812
186 4811
903 7250
6961 3978
3962 8741
1353 2680
6998 4493
1084 4896
9139 8926
7702 662
1333 9107
1489 410
859 7935
3802 9268
1334 2910
8737 8670
5944 3897
7604 4523
8211 5973
4147 8280
3 2049
4206 9018
1257 764
1546 6361
4634 1341
1991 2279
6036 7717
1371 5605
5692 3281
6772 2076
1601 665
2276 9695
1106 1430
8727 1073
7597 9420
2008 4906
1242 428
84 5639
2567 9656
303 6968
6550 4169
5626 6436
8623 8949
8620 4383
5505 2031
4086 5318
7240 1649
3498 875
6091 4510
1854 7041
1438 2093
490 4820
588 2275
7793 2514
7768 7687
611 4346
9233 7513
934 2310
6692 650
1571 655
557 9933
9160 1701
9644 8891
7702 6774
6984 8467
2634 9815
2577 1435
6420 5257
2192 4437
3907 5242
6109 7172
1475 561
478 7013
1571 9004
1435 5678
5319 9547
5465 4057
2302 5877
4523 6382
1801 6979
3471 6179
3702 3192
8737 9837
583 7677
7250 3581
8344 4160
1451 3374
62 6645
7669 9030
8389 5723
2688 995
1378 2272
1726 4387
6030 3942
9787 7590
8585 1761
9387 9005
6708 5651
3558 6653
2789 8526
8723 4011
1416 2540
1894 52
7120 8034
6864 9211
603 2796
9138 521
6419 9968
1194 1941
1754 9610
1607 4915
5826 2559
1689 2265
1333 4531
1219 819
9044 6102
4110 9244
6240 2955
1119 3678
1442 4996
331 1809
216 3621
5058 8319
8556 1397
8034 7817
5018 1896
1067 9199
9813 3825
114 8881
2728 6248
3729 4997
1115 9586
1882 213
3392 15
1730 7719
8847 9116
3650 7465
3443 3135
5765 5655
2196 4856
1643 5916
1828 8957
3234 6063
898 775
385 5018
926 9139
4112 940
4439 4668
7633 8844
8578 9724
2490 167
4825 4588
9532 5145
1172 7324
3127 8248
1559 533
5858 335
1589 4950
6880 4886
4635 9793
3593 2381
4987 2940
3565 4787
8660 7764
9057 4276
1587 7080
296 6808
6096 3995
4789 9931
2064 8900
9419 4742
2474 1297
9207 4732
2612 2916
3029 4733
5760 3137
8227 3324
1112 508
1304 5749
9802 3985
6653 402
363 7089
8376 2824
1083 8240
1511 2580
6670 8315
3894 7503
8834 2973
1001 185
7575 6404
6110 2572
6872 3534
8438 5609
4924 3373
895 2246
5320 3707
3207 1165
6346 4487
8810 7540
9341 4473
287 9812
4561 5915
7216 8054
3328 3935
4788 1317
2187 3983
6261 8903
454 7772
8903 9476
6536 7196
5651 4910
7120 9325
3993 136
2799 7371
7433 9076
1103 7741
8446 1189
9573 4924
8977 9759
782 3929
1443 9878
7586 4456
9641 2596
4745 474
8744 2691
2750 929
2544 2656
1457 1511
882 1955
1117 3948
5639 8917
7980 6666
6948 1565
6350 6273
6620 6793
9181 3656
6479 6135
1676 588
9448 9679
9035 2143
8272 1293
6199 6733
3973 6605
2418 1688
281 6285
9765 8664
8250 2365
7947 2130
2345 8475
410 6983
6643 3585
3137 8914
412 3777
954 5712
5827 1456
3757 5146
2719 853
3642 2005
1552 5668
1295 2403
6601 7104
9223 1891
2327 8198
9663 9723
8847 1427
6843 7074
4911 2775
895 3528
5079 2774
3620 7127
2573 9100
9487 7364
2593 4233
1188 1315
1612 2427
3590 6770
1592 7781
918 1856
4250 6479
7115 9649
5308 4260
538 9215
8751 2756
7978 3346
8745 7195
8096 2601
171 2524
1627 1375
9122 1173
2780 9643
865 8287
8789 7434
5630 7859
6187 8206
697 4414
2314 8564
3005 800
944 2030
1723 4089
2819 6903
1440 6132
129 4278
9987 4836
5671 8321
2796 2257
1175 1586
4944 5312
1276 5206
8220 6728
4632 9860
9832 3999
9529 5539
9737 6875
1967 6532
7547 6712
2447 7463
645 3823
3110 1147
134 3018
6197 2003
2691 1426
1975 4503
1442 7504
3431 5112
6751 5814
1106 5134
2691 2473
1258 3663
8292 1090
3711 8904
5106 2278
4643 4324
5494 7261
100 7997
9437 6870
898 4736
8770 2878
8553 576
3767 4800
9670 2530
9130 1608
7516 284
2078 1718
7831 5371
8152 1625
5387 7223
540 1884
7069 4416
9421 1735
987 5804
167 3134
6878 5943
5385 2429
3 1872
8521 9249
2093 2690
6873 4240
2881 2331
1407 4655
6933 9483
806 4105
1471 3870
4039 3503
4285 7890
363 949
1738 2630
7962 8383
6950 535
7476 6305
41 4633
6342 1846
1116 8738
1008 1005
3042 7453
1221 9557
650 7341
3482 356
1566 9188
1602 7839
9723 6019
2476 3328
9319 4746
8342 1420
6199 8924
1974 2261
1386 7485
5267 6260
4140 9548
7171 5791
4981 3951
9460 1641
5872 8289
4575 3402
8953 1117
1674 1826
5729 9611
4352 2970
1501 6128
2573 1415
3331 6943
5288 9060
9775 6785
8812 5166
867 3916
3339 252
80 1742
2003 3226
7774 1584
2806 6747
2245 573
8686 998
5582 1118
7584 8490
5088 7969
9100 4472
1199 2190
2055 612
6146 2641
1629 8214
717 5542
54 3940
4993 2202
2018 9747
7323 7761
5123 9461
1378 3131
1255 4072
2665 6159
8922 2892
730 3881
9427 5966
1546 1344
3196 7451
3221 3918
8315 7140
259 4884
572 8180
2802 1844
209 4209
6565 7378
3960 5233
9923 5976
9535 1978
3551 5750
4296 4350
1685 9424
2540 1630
2178 4765
573 579
7227 4868
2320 3530
6026 514
668 3998
8177 3317
9038 8956
5539 7578
6718 2583
5379 6017
4823 7712
6117 9861
2591 6077
8423 7517
1663 525
4544 4835
9935 3282
1884 8193
9286 3901
5299 956
6259 3122
8544 2573
4079 1388
1632 4269
3871 6024
2215 8908
6655 5017
1849 6204
958 3771
5564 2328
566 8476
2613 7112
2284 9687
5210 4397
3331 664
8564 9841
1501 9176
2201 6614
6336 970
2642 2024
7477 8814
180 54
2028 6553
4603 6947
4495 7531
3719 259
9084 4537
8176 7388
9800 8382
2600 4825
6030 4644
123 4361
8307 4142
8593 8201
1788 5753
486 9979
2454 8875
3156 3921
4629 9982
1695 4864
8566 6341
5503 7125
5587 8107
897 9012
1046 9991
4692 346
1461 5859
3099 1134
2979 8165
3007 2988
8638 5955
37 2380
4478 973
1231 3002
575 7959
7767 8109
8017 8967
33 3755
1943 2600
7657 4468
7509 9109
2977 1974
6733 637
1048 502
9160 1241
1713 2889
1334 7694
1626 9558
1676 2016
5364 7585
9663 3152
9709 261
5018 2766
9666 2722
2730 8755
330 7559
472 6543
3578 705
934 4334
8433 2686
3713 5301
1813 1167
4661 1232
8840 8605
7271 4372
6 4967
2067 7474
20 21
7437 6106
1628 4816
988 1401
8991 9391
1270 6396
954 4469
9395 7609
6441 5927
1102 6832
1640 4027
3942 4838
7213 7621
6342 1048
830 1823
7070 6819
3838 5997
2198 5080
482 2485
6347 9787
2325 3923
9365 3154
9217 9973
1353 3202
6596 1840
3035 6535
2058 2138
4331 2901
1804 8568
1280 3289
3330 244
2612 3996
2406 6318
1456 5811
8410 3988
1908 7786
7839 6461
5273 72
7084 3899
5417 3610
4776 7789
5524 1380
6129 3920
7385 6290
1066 8130
6894 560
9454 4306
7048 6606
303 3478
7253 5350
4515 586
5630 6313
548 813
4253 7667
1792 1981
948 5928
1400 6090
1506 9500
6994 7237
7379 7704
2433 7927
9945 5673
2434 1723
114 930
1003 5420
8690 9058
8344 9922
2221 6685
86 1580
6357 2140
2192 812
3341 4590
7148 6141
642 8391
4329 149
8599 6649
1777 7727
6964 6147
1050 2526
7841 2376
209 2752
1728 3130
492 3318
1797 4867
5353 3867
4515 6839
6798 4438
365 8965
1457 6462
8905 5619
1321 1619
9999 602
5003 2961
4052 6381
1156 480
2995 5794
8930 7632
5107 8830
4724 60
6938 2927
8368 7778
3788 9694
2396 8886
9769 1589
4827 9426
3349 7391
873 41
293 703
530 6174
6692 9673
1102 1513
6168 4538
49 9822
5271 5691
1354 5383
1361 1672
2780 2034
9327 6914
2434 1506
566 4044
1015 1491
3219 1634
7058 9125
8599 5287
885 2322
6299 7093
728 770
8632 3613
4680 3008
7955 5352
2688 2593
3701 1127
9839 8235
5907 4332
1119 3385
6986 53
2862 1453
2090 8106
5891 9575
2138 7636
8416 7535
516 3731
2086 6611
1647 937
3337 4084
6794 7404
365 67
4373 9581
828 8832
2049 2266
2165 9195
5539 5764
1028 2880
8465 7630
7789 9502
5377 6122
8152 9427
9349 1480
2989 7682
2449 9966
1460 6466
276 6334
8027 3234
8831 3097
4858 4494
680 5179
1757 6921
9852 4782
4599 4909
2650 3636
9483 5789
254 1292
839 3158
8711 5139
1358 1919
8744 3562
837 8104
198 4981
5916 3014
2017 2165
620 7441
5604 7077
4677 1804
1113 1210
2458 9140
5478 6835
1219 2743
6138 9365
5206 974
4517 7787
1191 3584
2237 1500
4362 823
7833 2090
6986 3546
2161 7554
2592 7750
9430 1179
1125 5465
6248 4016
821 98
691 1037
5268 3252
1686 9771
1421 7433
1740 6616
5611 4755
615 1085
5487 7907
1441 1922
1316 2073
7298 6736
2954 5381
538 3367
2149 5410
1441 9951
3292 1732
2611 9081
5262 8612
3011 4161
532 3752
4643 7251
123 681
906 5905
499 7389
5974 2505
630 8196
7308 4271
5986 6407
7739 1247
7641 1854
8308 2556
333 3013
4962 6416
8880 3589
5759 4376
5685 403
98 8619
9644 7807
2026 80
2397 9334
5075 9290
8534 8344
8051 7282
631 5816
3055 5212
6326 1193
7901 7897
188 9051
4767 1908
6972 4453
3982 5996
6036 2234
623 1794
430 7568
6924 3227
642 744
2333 1020
6705 8711
8202 2510
2221 3662
6942 6198
1850 3388
5583 4808
6367 6009
339 1291
3925 1741
6676 5009
3610 2264
765 9956
6331 1916
236 9003
5132 7707
8086 596
6228 4069
304 7380
2077 7501
3240 1476
2552 5037
4540 8023
867 7040
8815 5121
7873 7594
5402 6825
8579 7831
7138 5154
440 7491
1014 6884
2938 3196
2545 6644
7 3434
3029 1246
1303 9603
4433 1046
2754 1408
5374 4714
1046 7218
7147 5923
4278 4134
797 3254
8493 5013
913 8541
363 671
8193 5094
9134 5572
2361 8404
5486 6663
1053 2256
5456 1658
9284 9182
2575 7399
110 1041
4967 9873
3545 5590
1480 7087
5195 6403
570 2286
6156 9441
5290 5824
4392 8826
2731 8349
3067 8643
5885 7473
7324 1130
3660 2123
3961 5467
3341 9975
4676 8491
1354 6565
9730 4942
3296 9775
8050 3953
1651 8275
2082 4642
5856 2855
2 9222
1787 699
5210 412
660 3582
5379 8892
3151 9000
9010 6465
5632 5945
2639 2124
2852 7915
9427 3294
2675 4188
5158 3168
6962 8142
6865 972
1619 6356
3467 4406
8092 9087
9151 6652
2244 125
1421 9614
8297 9026
1765 3213
5513 3246
1275 3634
796 3071
2715 3778
6039 6619
3659 9079
1850 8334
615 4972
984 4466
4985 2101
1627 670
9088 364
2428 6909
4464 8916
9865 4288
5930 3185
4416 6363
669 5219
5429 6369
9057 7038
3503 4132
6839 3583
5417 2696
648 8779
457 5273
7069 808
3398 5950
2251 10000
6633 9996
2869 8101
2588 4770
138 8999
1643 2678
1062 9292
7510 266
8246 3635
5977 8939
9859 9883
2007 4975
1288 239
3620 7158
2461 6544
4085 5735
6297 6625
1747 829
3117 7582
7715 1698
7741 2471
1986 2172
9419 5892
7456 803
6 5033
767 4289
5129 7948
1911 6600
7467 6882
1066 6926
8891 2136
2657 3414
8977 7881
5881 2783
1162 1587
1939 3815
8313 9262
643 1219
2716 8533
1441 8281
686 3865
5662 3408
1121 4563
2039 5481
2638 336
6608 6338
6335 3119
8939 6171
276 6203
4951 909
9107 2800
9641 876
7467 1160
4973 1200
4466 1495
890 6249
2688 5695
9 1192
307 8722
2067 6749
8953 6807
2610 9406
515 1559
6873 9555
5731 9418
490 6322
3877 3174
5577 3979
1850 3365
224 8181
9810 3461
6241 632
6363 7546
9529 2114
7272 4718
5225 9899
2125 5249
6985 1547
2566 9655
1409 7520
3135 8029
1421 7409
5598 5645
5439 3839
2591 4623
7791 722
5630 7213
9191 1109
2393 1214
8840 5235
6644 1280
2498 1023
9300 2014
8821 7748
7859 5885
3329 6834
4230 9472
5882 7953
293 5110
1256 5844
2785 5896
9340 9665
313 7394
4562 6224
2396 5998
209 7258
781 5584
9785 9537
799 7762
6833 4215
862 221
6818 4673
2345 3235
6505 5032
7189 7648
1525 6610
1185 4831
1273 4584
1463 4695
7662 8013
3996 2552
3015 5089
7790 7714
9855 1682
3558 7519
1502 3069
3781 4752
603 82
5899 1722
4989 754
7231 2635
2867 6700
2086 85
6519 2926
84 5192
9666 3011
1475 7005
6264 2276
6807 5101
7634 2654
3454 1486
7737 4946
1420 8586
6208 7747
2944 8802
2245 1514
9503 8614
2724 6365
330 1285
5765 8865
5527 7499
1366 9574
1451 2913
2059 4669
4592 4704
8489 3816
9407 9369
739 6438
6426 1075
237 8668
2481 713
6069 452
951 9078
2302 2047
78 9755
273 1849
6037 8919
5137 4895
304 1336
2003 5439
8245 4640
114 9332
2070 6163
7194 7628
7597 432
2249 9458
4744 3507
9847 9148
133 2725
465 4267
2874 810
7190 1650
4741 8641
2404 3612
1933 2268
5484 6766
9081 8171
5265 9235
1347 2334
1616 3247
2655 223
8102 6687
2010 5939
4253 9725
7362 8258
2009 8174
2912 8200
9255 5933
8524 2804
1044 4823
1917 9358
5165 1601
6948 2805
2256 5199
4652 1152
5639 4630
7584 1290
2005 339
2061 4025
4661 804
1410 746
4914 2666
1121 4455
954 1994
1929 900
987 8447
7002 4299
2619 2041
4308 7862
1248 6155
5964 8895
7543 9872
856 5837
924 8548
3108 7303
336 8790
155 9361
1972 4694
1534 854
7170 8089
4420 8350
9765 8222
8613 3471
1219 5260
4265 5761
681 321
8172 6392
6257 7065
7794 5168
2600 7222
1729 4994
4274 2764
630 1089
1983 6740
185 3644
2071 3861
5871 9809
1083 1550
2494 5519
883 90
8609 9993
1728 8515
1329 5664
2391 3564
1106 1929
9052 1224
7521 8884
4341 2736
5499 2064
3357 3640
360 2950
6866 334
1005 8002
3339 5949
84 6188
1802 27
5474 833
5288 2848
6143 4053
6815 1831
5181 2372
667 3717
2428 6215
8659 4022
6033 120
8432 5727
2095 939
1157 6259
6336 4861
4704 7754
6987 5557
7274 2792
5306 2819
3595 994
3966 4671
7532 7382
854 8387
1256 8487
80 3977
1991 6058
2852 1959
1442 6886
1341 6582
6802 1394
8008 6067
4433 9451
9996 7457
5482 2149
4758 8478
4988 9920
3196 9384
1421 2563
4708 3746
2286 2518
637 2079
3182 5840
35 6941
2067 7574
6405 9919
1085 6293
5837 3617
8066 1040
6154 610
890 3490
7495 5463
3175 4431
7181 9494
244 7085
5152 3316
5628 4386
6235 7680
8879 8856
3085 4947
7179 5963
6292 3868
8249 3049
8064 793
129 5077
2101 3862
3913 773
8965 1306
6933 8840
9997 5871
5165 2688
9494 9324
2439 8809
8526 709
4920 3976
557 4013
695 7616
2598 8223
5343 7917
5346 4228
4993 181
2610 6538
785 6572
9523 3117
4252 1002
3587 1731
1952 7586
545 3238
65 4264
8094 7383
5818 7771
4572 8552
8956 375
9589 8061
2027 5942
7859 6078
2433 9516
5107 5660
7605 1027
642 3543
5619 9128
4324 9013
9295 2173
1611 6190
4155 8880
5469 6686
1695 6143
433 4801
4794 6754
9296 6545
303 694
2703 2018
1133 4352
4686 8656
5505 3060
2419 7340
1668 8451
5206 5737
7633 8456
8942 1119
6478 5362
7046 3400
9741 7192
565 238
7178 4297
8896 743
3051 9063
9558 269
102 4753
7862 2683
718 1755
4085 1593
8744 344
6142 9779
6909 7068
6870 2502
2024 2915
4516 1100
9122 7575
1296 6478
6692 6761
7353 4859
1647 633
1435 2253
9380 2661
344 9859
5174 119
9300 2966
1046 5191
9724 7301
9357 4540
6548 867
1975 5442
5827 6292
842 7974
3219 6578
1813 8509
1953 5690
7302 3757
8967 652
5356 4382
634 6980
1295 9533
1813 3854
6917 9954
2394 3856
4200 135
3142 5366
8751 8401
6359 2673
5137 6059
94 5853
2387 8377
3190 9396
4627 7742
8167 7511
1248 2378
641 4010
4346 44
2620 7232
652 6996
9408 565
6870 9312
828 4071
4746 7955
478 2436
4485 3389
7621 6987
9547 271
7619 1360
4671 7703
9902 782
4077 2555
3342 8393
8313 2371
1341 4703
4910 182
9496 5777
4692 6906
7636 2392
2090 5578
8804 3906
4885 2871
1968 9120
6166 4526
7148 7835
5490 8944
1046 9066
1410 9193
3573 2406
7811 4467
7791 625
7913 5495
8323 5061
3278 2394
2281 1716
2290 7492
5087 8236
8085 9114
8744 8838
1909 9659
3648 292
915 3383
6893 5592
5937 4876
536 5993
5866 4857
893 9482
6345 1036
2240 3395
9041 5125
341 8611
5662 7138
2815 7545
1379 2810
4023 6864
2863 3056
4030 749
5137 9709
942 1526
7133 1819
1554 6168
4797 7729
2093 745
5618 1858
3331 2816
373 5679
3219 6525
9984 2404
2149 9192
8101 7699
8632 3341
7386 4872
6842 6242
4086 3834
6096 2359
1384 8927
4885 341
9482 6725
5928 5839
5599 4553
8770 9298
9282 1525
9802 979
2149 4152
7088 4772
9815 7995
9793 5176
5403 1784
9138 1892
1044 9616
4532 5688
2379 3620
6551 6432
1887 2240
3702 6877
9255 2340
8334 5964
6964 7550
855 7815
3221 1933
1128 7584
6984 6205
4024 6567
7406 9561
2100 5533
7293 3428
3913 2821
3757 7309
2730 2489
4581 4193
8961 8982
5765 5263
3587 6085
2128 4498
1887 8714
6557 43
1721 6530
6007 1642
8980 5644
296 834
3222 9073
534 5105
4750 8411
7995 421
5107 1154
2239 7011
8970 9961
7611 6609
9724 5510
7120 991
5346 880
3706 4917
9035 5477
9609 7923
2563 8626
551 7446
1921 1934
791 688
1416 506
4592 5333
6024 1004
114 762
8534 6032
363 319
1472 4312
4001 656
7670 8432
6819 892
8970 1564
2371 6782
9274 3559
9399 1624
7811 9153
8953 2476
1045 4181
5861 8506
3219 4234
1016 3614
8922 4121
2066 1816
1838 5898
6133 2791
3105 3215
3932 5147
2743 2782
6481 1289
9130 2468
562 3214
5379 5604
3615 4611
8415 6200
4374 832
4877 8085
2460 2808
1025 1669
2789 7832
8313 253
1797 9627
7319 3041
3547 5021
7859 3911
6596 414
5912 6209
762 3631
1566 1385
2315 1448
4939 6278
2183 1377
793 2723
4099 4282
6521 9253
2281 8661
280 7725
28 3249
6752 5589
6974 5899
4465 161
1675 9844
5702 6127
9421 4888
603 1638
2305 5265
6818 4562
9100 3039
8663 9091
2949 3012
2237 7330
4498 6818
2289 5393
7859 4148
637 23
248 1766
9552 8462
2918 9515
9964 350
9637 2141
5014 9119
2703 1737
717 311
8711 8320
8486 8783
6590 5958
6024 4485
8420 8134
1118 9245
7334 3840
2460 9992
6286 9169
8250 37
8030 8039
9204 5373
2675 9952
397 9062
1831 2609
2610 4672
9367 692
9313 9266
647 6315
6595 64
570 7510
1866 4837
951 307
9833 5755
1929 2977
8785 7803
7835 8303
7936 7091
7928 3571
6948 5344
5327 3720
695 8680
6345 8671
8131 6344
1925 6193
4476 4998
2210 4409
3271 7004
6649 9093
828 2069
3669 9916
2473 6255
831 2851
347 4175
2631 5143
5870 6737
2905 5010
6770 4017
9718 5040
782 6827
165 2522
2226 1852
305 6787
2730 1183
771 8573
5555 6840
2036 2401
5892 3553
81 2551
84 5630
7807 1278
821 8529
1016 6342
9105 5788
6883 4412
3085 1568
1556 913
3224 2051
4607 4442
6693 9798
6292 5860
6175 2570
8874 8829
1506 9564
7506 197
1101 7711
1612 1386
4740 8410
1647 9329
2570 8757
9203 6631
1346 6790
3829 1202
9698 1252
1051 914
710 3116
1508 3412
7216 9043
8167 3525
679 4258
9551 2012
6156 9645
6533 7051
8321 7448
3219 7696
1057 7739
5503 1393
500 8791
6525 3962
6914 9879
2680 8004
2971 6409
1595 4992
5241 536
240 2323
6205 3464
2644 4583
8168 6695
3891 5473
5907 1557
1571 7776
5896 5440
1733 9590
2611 8672
1740 1627
254 4877
4577 824
652 6411
5347 7170
2701 5253
1334 3224
3556 444
1048 8398
1046 2577
121 9756
1502 5472
4877 1592
779 9868
6826 1194
3248 9121
1486 358
7369 5057
901 1485
645 8642
2056 2181
8574 3632
5154 3568
9374 7283
8941 6269
8737 5901
2360 373
5451 4767
7963 9788
517 9638
1001 9161
690 8060
1426 5342
7946 7488
4699 6162
8737 3048
6648 3079
5999 4388
3917 1248
3484 4393
3232 6933
2459 9419
1106 4020
7126 7589
8111 5526
6415 1223
1284 9902
3917 2534
8534 3787
3045 4436
328 423
8861 6390
6847 4367
1173 9580
8219 8403
3217 6991
1493 4308
8122 1028
1652 7643
1628 9708
10000 9631
751 5876
8796 5792
2573 1829
1471 8604
2755 5921
5197 2947
1684 1519
2691 7685
3968 2330
1700 9699
9247 3567
1806 920
8056 592
3480 5123
930 380
8893 2350
7723 4251
251 5486
4110 2639
9224 2324
5410 960
903 351
2265 5501
6964 228
2428 7926
9701 6047
569 2704
2795 6221
4597 9540
9926 7109
5813 953
8973 4252
5474 897
6257 3370
2696 5721
330 727
5346 9635
6309 2194
41 7894
1110 4272
8066 3931
8821 1576
7789 2251
3355 835
1990 7384
4234 7342
5074 8015
1970 3353
6036 340
3484 3638
9481 9735
3949 6167
5817 5279
4221 2008
8543 7115
2729 3180
7054 1263
1067 9641
2511 4535
9906 6534
6977 2606
4142 4550
2472 2434
8588 1877
1256 2156
2714 6965
9307 6459
2475 9340
715 9088
8776 701
8055 2903
4989 8870
2149 5359
6922 6999
7074 6002
3202 7240
7597 4125
7204 919
8526 8735
8441 490
1624 3108
6711 5190
2031 7313
3589 5790
1004 1671
8726 6384
4992 7129
9706 6357
4551 1069
7348 978
7210 6018
4210 7611
2453 1883
8324 3523
4006 46
6985 2226
5860 4342
8647 6643
4826 9704
1821 2982
5213 634
1836 7300
783 5030
3938 1857
5689 6634
7882 9129
253 4403
1209 4629
4717 5763
2472 8436
8864 2865
7119 6064
4443 3871
8414 9767
710 9379
6305 3705
8902 1972
3387 7661
8275 113
6133 7547
362 1051
3125 6703
9650 2857
2396 9216
2697 6087
708 2763
7420 4425
9711 9928
8599 8660
3098 7735
7231 980
6674 4766
3545 5406
4994 3718
6166 6664
8045 7452
3439 3309
561 3416
5408 4810
1275 2832
5812 7055
8659 7420
6428 2363
8922 4136
2431 5066
5251 6388
1044 8537
7968 4235
1607 1212
3658 8402
9193 8055
3103 516
6815 5780
4441 7931
6352 8472
4857 8517
1746 9937
1819 9201
5837 6327
4963 5980
3409 8780
2105 8328
1570 5610
1229 8971
6708 202
1764 4261
6090 4600
5178 8535
538 4212
794 7165
7472 916
561 6676
9731 9717
9188 1591
1534 6022
9710 1936
9698 3603
4236 8867
3257 2125
2030 2455
3737 2466
6017 8534
7260 389
914 5895
5995 8646
4514 676
8032 3536
5656 4940
4750 1772
3921 6508
1245 7009
9452 33
9197 9989
6760 4381
2163 2662
3701 8153
1141 6060
9194 899
1514 2558
5612 2649
927 42
5047 2208
9177 26
3858 3139
8039 9273
145 9269
2763 4444
1652 9660
4805 2599
1934 6593
2577 499
7151 9438
7547 2332
1992 8683
7219 1570
2324 8845
5165 3092
1560 4759
305 4296
6695 3577
3648 3212
7633 8122
7611 4106
4592 3440
1649 4407
6548 7522
1690 2949
6072 4117
215 4855
9014 1318
7884 5833
8865 7464
2887 5000
5746 9304
2198 1692
4853 6576
9458 9674
2021 7328
1430 2443
3329 9757
1395 3736
5090 5215
8681 4821
1375 3818
3232 7821
9038 1708
4011 3033
459 2670
4331 3433
7545 2651
7879 4000
6197 3330
5987 6568
3613 7533
7450 9969
513 1017
652 6675
2577 2516
9440 6981
9543 9863
6356 7244
2507 1767
2566 6830
5773 8861
4545 9460
590 8857
8940 4865
4446 2055
4234 1067
2460 4249
5171 547
4107 32
4556 1384
6485 8539
7538 5354
113 6452
9902 4054
2608 7425
4175 8466
5158 250
9365 2886
7510 1221
1957 5672
1534 7100
1595 4613
3631 5170
1078 4624
3232 7660
6674 1470
313 1225
5680 4443
220 5716
3915 8011
9089 5188
1934 7088
8232 1670
4274 7114
3444 9203
6720 6637
8247 4218
4063 290
2973 5600
5271 8732
726 5914
570 5133
2116 5158
6420 4232
6672 4119
856 9122
16 2314
7718 5878
5180 4092
5496 1410
5379 4826
5290 5601
4232 179
2550 3027
7395 1107
4438 721
7277 8068
1117 9366
5491 1243
4622 491
9057 9050
4171 3535
3257 1605
1930 4432
1579 7351
1937 6015
6752 1451
3573 5944
278 9866
1625 3375
1461 5625
2451 9162
9244 9730
299 4828
7416 5581
931 8480
2346 5334
7036 1976
4650 4300
4544 6856
2803 5388
824 6455
1432 9118
4868 9765
5483 3830
9878 5657
8572 5521
2616 1782
1703 2968
8268 3655
9883 103
9423 7654
799 9789
6875 2615
4999 5855
99 7705
2244 5629
7538 5447
1728 2084
6784 8523
1177 178
1404 1239
648 8036
2041 6584
3318 4548
8733 2288
6294 5635
362 298
3960 6557
482 175
1691 5313
2870 1515
4690 9550
3243 9316
1728 6426
7655 6762
8976 6343
1923 9343
1643 7544
1975 4067
9839 5336
9568 7994
6697 7788
5404 9236
1584 2738
8361 1015
2685 3110
6807 8114
3460 2230
5616 4049
273 3673
9244 6744
9622 4056
2083 2229
4483 3065
1479 1912
9975 503
4873 6620
6110 3805
8150 5556
7976 767
1162 1102
1107 3007
2740 1680
6606 4229
1018 6186
7133 9881
8359 552
2938 6671
631 7190
4020 1953
4973 2642
2283 2825
2742 4936
1334 1866
680 1169
9790 6036
1575 9141
7886 4018
2052 475
4084 4585
6733 5088
1061 9794
515 4375
5164 7397
3614 314
4192 8655
1934 8231
6013 7292
9410 9846
7496 9368
1421 1310
5142 7439
1031 2877
4452 2993
1359 249
194 9301
2233 8559
8493 839
2081 7234
2600 6768
4545 1776
2616 9959
598 1843
3532 4579
6740 3099
1347 1531
6197 3216
700 1111
2227 3435
2750 1581
71 4307
5927 7737
254 8544
9551 5693
2245 4103
9338 8010
3103 5866
9327 680
2772 3677
7685 1457
87 1208
3330 3735
7290 1817
2731 1863
6367 2900
2411 8083
2826 5322
8017 9404
1815 3505
667 2638
5133 8690
2019 5575
3925 2896
2082 5402
5032 9832
4901 5300
3130 81
1572 5047
9751 4477
5106 2595
1030 7176
1673 6953
9696 7295
5680 9181
7907 9913
3357 4149
3871 9733
9088 9653
5322 4358
5995 8221
9708 5464
5836 6710
3020 3109
6815 5004
61 2168
6594 3689
5269 6811
8515 9263
4450 6531
2639 1661
4754 1862
2691 2625
8648 1864
833 8679
5201 1948
4261 8225
9583 4389
6367 5115
5070 5634
1895 5450
7036 4031
2743 2203
5965 3261
7784 2781
6017 5681
1107 9926
4741 4713
8441 141
2212 2252
2677 3419
1491 5484
3701 1276
9961 645
6856 2273
2149 365
1369 1000
1763 439
9880 9016
7364 799
8932 1035
4443 6771
8660 468
5300 1825
7219 1611
6748 6371
984 6936
2080 4128
8692 2313
5179 1307
8396 9154
7584 6402
1255 3810
8967 5947
8839 4497
3986 6295
3666 6483
1493 3262
2031 993
1023 5987
4518 5346
3518 8609
3526 4384
4888 6491
6787 7899
3207 6674
477 7193
3322 8653
3165 3659
6996 3538
8416 8006
4858 7990
6643 8592
313 7695
6278 3442
8862 9095
9057 193
111 903
1118 3426
241 7086
1555 3580
1278 3088
288 4578
784 5489
1676 2254
9920 3371
1559 9411
1821 2282
9735 4102
2433 7367
9454 911
2573 3129
529 9854
2283 7980
8441 2971
5712 5026
3918 8531
2754 6764
5433 8330
9092 1122
645 3812
75 7044
1230 9467
3045 7116
1084 3497
1471 9032
3628 4189
2014 8239
9353 1615
2161 7912
9557 7030
2674 9403
61 6307
4508 4086
851 5560
2968 3907
9469 4062
8504 5566
4497 9017
6133 2592
5423 9971
5454 9632
7302 9255
1570 2132
2764 9165
2295 8685
9547 482
5079 7347
3302 3415
6107 5240
5582 8964
1978 2186
877 1907
6855 5448
8897 8156
6800 3448
2437 8836
9079 6975
5680 3957
3234 5491
6430 2726
1512 3747
146 4705
3232 4682
5296 7634
2678 8542
2865 8841
1284 9908
8473 3544
488 6681
9884 7911
1093 5118
8487 1068
7351 2853
8664 4817
5080 6967
4980 5404
5247 1054
2687 1802
3889 1995
9051 382
2098 4785
2501 9619
9037 4984
5614 1440
7429 3285
761 4726
6236 7424
8521 6118
1563 6918
6159 4
3993 5707
9902 975
8363 3802
6234 2089
2333 5298
8881 9644
516 3905
399 7608
685 8953
8378 8127
1602 3120
1997 1918
185 8742
840 4686
5502 6437
3264 4549
2314 8071
4870 8396
305 9132
8085 383
9817 5392
2560 7627
907 7645
1321 5588
4575 4095
1459 8929
1009 7838
9607 9987
6232 962
4999 3516
7105 2258
2650 8203
862 2692
9295 8666
339 7136
1862 1930
8735 9746
9407 4259
2490 2178
2476 5778
8932 3786
9878 240
9204 9327
7906 1205
550 1459
5713 7848
8964 7455
7980 1445
43 1656
276 5418
4915 7063
2281 281
8787 262
6214 5786
5677 6741
4642 6054
3840 8259
4887 927
