1000
533 453
104 513
284 625
287 187
150 335
147 35
978 23
624 873
856 520
591 318
322 843
721 622
264 649
35 306
208 854
828 722
933 972
696 701
755 279
435 904
552 247
188 607
120 74
727 468
485 942
433 311
918 638
169 688
660 52
120 426
741 603
731 253
400 882
53 951
856 416
282 411
942 37
730 659
371 380
695 744
356 532
671 702
615 877
381 294
303 201
940 157
359 732
430 963
276 687
220 886
468 159
784 774
918 313
318 31
765 246
658 259
480 815
33 146
90 653
533 529
671 519
282 767
79 984
960 222
529 392
972 557
381 282
133 425
708 778
35 930
131 460
984 89
381 152
657 738
56 531
180 302
626 163
605 746
220 102
626 251
377 536
617 826
178 839
929 87
586 316
861 452
165 299
359 988
180 781
954 807
437 966
201 214
961 967
870 454
53 497
481 539
407 332
966 681
513 565
730 615
988 783
7 386
294 338
724 848
667 10
329 190
202 891
640 477
501 285
18 982
961 164
333 337
469 901
928 235
530 280
579 324
302 418
597 617
163 189
863 926
178 75
988 469
428 647
710 585
354 838
172 255
318 897
75 846
805 592
140 673
311 884
426 443
624 833
697 670
207 957
285 735
323 563
69 872
732 700
559 148
501 712
853 439
264 354
694 3
241 616
73 107
673 108
983 515
413 618
46 379
877 881
208 447
420 968
428 368
953 81
816 200
767 650
642 118
188 249
693 775
955 671
101 795
595 38
763 97
175 870
10 402
929 364
798 112
359 53
469 272
982 832
407 427
13 580
996 718
318 674
519 949
594 852
201 941
569 496
712 492
957 478
433 91
137 546
100 932
541 589
288 867
697 935
380 229
594 71
99 572
121 303
725 525
444 686
948 527
816 627
695 927
356 328
341 834
532 579
126 292
318 936
780 943
358 388
247 129
918 723
266 955
82 350
234 613
652 801
25 204
338 63
505 33
694 752
141 522
438 857
474 514
709 703
933 639
533 917
474 83
575 925
436 363
177 382
438 131
591 169
638 549
261 784
31 584
707 451
415 322
476 358
850 768
90 340
622 950
374 931
534 655
501 805
476 800
1000 806
220 640
510 391
927 920
897 422
998 785
584 512
308 824
560 790
694 780
501 216
517 333
60 215
244 564
301 106
978 850
413 283
697 51
176 419
870 794
506 12
236 630
428 188
7 535
764 72
175 62
349 206
25 817
586 56
364 689
369 530
837 135
749 822
808 134
406 85
897 367
281 828
730 238
880 115
216 502
770 84
876 588
721 142
945 764
381 474
570 339
457 487
501 853
100 699
358 856
980 228
848 100
69 347
913 678
897 175
775 314
95 94
968 384
782 264
935 485
797 745
196 178
358 470
965 375
918 196
424 683
301 399
996 77
256 696
185 509
767 293
33 648
514 390
599 208
109 301
579 593
952 463
596 237
888 516
13 149
344 813
515 224
805 459
860 997
942 779
91 491
143 291
809 486
297 92
531 946
106 336
615 114
559 116
694 191
13 510
660 758
471 742
438 958
62 773
695 614
22 123
85 656
653 434
976 417
345 225
864 747
409 230
961 44
667 753
535 137
539 893
832 361
666 802
530 345
313 612
920 837
721 300
761 558
180 711
318 13
729 110
859 104
776 825
191 43
33 140
586 983
507 17
278 73
428 400
398 223
218 177
368 578
126 667
178 657
115 874
680 715
302 66
318 694
717 398
852 21
678 562
780 217
585 871
999 14
71 550
364 543
579 98
675 714
84 765
752 29
244 544
183 276
780 171
200 771
763 192
369 914
85 440
132 351
58 448
16 730
736 288
864 449
939 179
53 353
919 995
367 109
376 508
780 183
345 424
869 250
53 721
428 599
245 203
897 172
861 461
586 295
772 269
492 19
723 697
477 590
175 117
7 86
955 240
943 501
750 555
721 156
36 977
1000 605
727 818
174 990
816 792
248 953
399 376
704 49
307 404
586 355
356 692
145 323
552 236
230 729
198 685
16 369
31 16
575 840
278 182
674 646
997 26
7 234
918 695
274 160
918 25
450 267
546 628
25 994
586 144
943 207
663 691
353 574
282 319
104 979
780 458
929 664
696 441
906 569
540 731
140 907
367 583
455 534
665 227
557 808
60 45
694 381
562 866
570 720
787 540
185 755
433 845
574 67
512 793
983 266
971 816
615 176
137 365
14 27
654 759
31 586
886 637
693 878
674 342
14 133
480 396
985 690
571 263
770 438
651 22
446 184
366 138
174 395
787 554
760 95
171 610
25 862
938 836
175 861
767 488
422 635
298 39
599 811
85 226
624 99
266 481
204 913
624 567
585 741
263 910
923 127
53 620
274 40
52 961
859 598
627 754
724 606
882 708
938 679
285 821
785 595
318 651
852 643
513 847
835 450
313 143
509 54
458 553
804 28
53 180
839 370
316 986
284 174
367 763
870 634
302 329
833 956
22 751
663 346
994 707
688 151
425 869
49 706
458 658
620 608
736 594
694 359
282 923
80 32
642 194
463 155
422 320
353 480
284 797
580 242
246 393
797 916
411 1000
175 284
81 57
580 46
381 428
355 111
452 483
303 945
239 969
674 668
509 796
236 432
647 865
592 581
741 662
318 629
604 561
355 362
180 218
232 814
273 804
846 241
6 464
580 356
183 921
511 568
182 185
31 632
99 150
723 64
760 265
784 858
488 479
666 343
448 122
838 275
180 298
763 186
652 495
99 851
180 750
176 248
541 268
13 680
4 286
288 830
694 835
811 960
196 482
208 239
175 609
727 243
935 413
245 611
651 724
474 844
896 436
736 896
400 777
161 409
455 334
559 505
220 213
141 965
149 727
998 219
501 407
306 431
252 167
799 970
620 278
327 9
564 372
333 717
364 352
261 493
656 669
929 79
172 145
318 823
675 728
1000 542
306 47
445 894
418 684
724 776
260 672
911 366
778 892
244 397
597 654
583 457
783 11
355 791
254 421
255 296
347 499
998 760
308 812
792 734
787 489
457 810
38 309
455 876
880 725
581 548
185 383
943 42
978 18
920 677
619 65
75 928
574 423
262 55
305 252
341 36
876 709
469 277
476 971
546 975
861 952
998 387
971 455
474 888
675 433
674 786
520 849
743 908
782 693
586 998
356 798
164 947
508 737
882 820
698 325
772 999
338 716
686 128
782 24
591 307
99 652
705 541
641 864
805 660
362 377
216 992
23 829
667 5
294 906
53 503
429 604
617 809
251 34
367 261
654 231
987 996
762 430
859 705
16 666
172 571
848 985
746 919
503 576
913 623
523 841
474 860
53 344
188 661
638 769
241 297
85 989
446 523
299 466
82 312
959 642
535 749
535 911
877 444
328 898
476 959
897 147
284 490
507 30
307 559
959 624
924 905
540 341
172 132
24 281
264 199
780 787
653 573
79 740
495 575
411 504
319 130
762 262
955 939
739 410
317 566
422 719
584 273
112 954
999 60
161 61
810 41
626 378
733 394
695 136
757 445
929 675
525 582
438 601
752 506
195 556
208 321
430 587
882 442
728 756
236 69
570 181
798 90
117 855
109 270
505 15
16 761
5 271
785 863
353 733
629 663
368 757
661 165
983 465
282 880
175 173
864 831
121 59
35 551
348 48
113 789
25 8
570 257
101 1
715 475
571 524
724 987
586 256
612 938
736 120
109 287
468 471
16 435
349 631
999 101
727 385
247 887
952 7
762 2
530 389
586 726
353 929
562 195
356 736
552 500
315 900
736 408
450 494
530 507
724 704
367 552
171 437
134 633
769 412
462 326
712 403
269 193
661 415
428 244
474 903
53 121
924 621
392 211
422 511
591 6
341 600
288 119
803 645
641 868
480 889
294 258
144 560
369 221
524 636
504 473
637 895
439 944
920 166
380 153
697 547
356 274
631 124
950 909
880 570
663 233
178 770
282 619
498 315
476 220
994 245
75 976
750 743
937 739
300 772
31 290
262 788
503 260
971 665
674 310
739 713
18 545
130 981
998 597
260 373
809 710
272 915
639 93
261 676
897 782
22 210
132 168
665 879
191 978
234 526
754 197
725 103
195 105
429 80
319 76
662 304
778 113
704 626
119 467
78 518
196 899
640 401
629 232
355 68
697 82
584 993
58 885
319 58
14 883
185 50
254 819
145 803
921 20
461 405
356 126
694 859
509 331
715 88
112 198
180 371
948 170
318 933
958 940
150 973
422 96
180 528
422 429
723 406
278 162
285 922
123 537
58 980
461 937
78 330
42 842
524 644
114 698
794 875
659 78
519 902
376 125
169 348
864 577
7 964
929 161
684 4
624 360
64 974
741 748
172 533
583 205
9 472
350 596
3 212
148 305
70 762
112 141
659 446
420 602
180 766
678 308
694 918
305 682
649 521
708 254
715 420
191 209
736 462
658 924
551 991
285 289
150 158
816 641
178 374
272 948
730 517
597 327
632 70
897 476
863 827
886 912
400 202
950 962
597 357
96 139
199 154
939 890
880 498
945 414
834 456
288 934
961 349
752 799
192 538
617 484
498 317
724 864
