100
88 78
39 8
15 34
32 1
71 87
32 96
92 58
87 59
71 65
92 97
69 19
36 75
93 33
39 81
6 49
88 53
88 93
41 82
93 11
69 26
14 62
9 6
57 61
32 86
3 98
32 70
79 23
7 100
39 15
28 83
59 94
6 60
73 67
88 74
92 79
92 95
35 85
73 14
70 12
32 71
73 37
23 41
2 57
4 47
53 7
67 39
21 20
44 25
80 42
14 56
28 89
16 54
54 77
63 27
73 88
57 66
9 99
88 63
13 18
63 48
13 84
66 51
42 30
52 38
28 46
76 29
41 21
76 22
79 55
13 52
71 91
64 72
58 2
93 10
83 35
76 3
92 73
55 4
67 24
79 64
83 68
31 13
13 69
92 44
8 45
25 5
97 32
36 90
39 36
39 80
9 31
66 50
9 28
86 43
9 92
40 16
9 76
47 17
35 40
71 98
