116
8
64
21 31
22 22
23 30
24 23
25 6
26 15
27 14
28 7
29 28
30 20
31 21
32 29
33 13
34 12
35 4
36 5
37 17
38 24
39 16
40 25
41 2
42 3
43 11
44 10
45 9
46 0
47 1
48 8
49 26
50 19
51 27
52 18
53 46
54 38
55 47
56 39
57 54
58 62
59 63
60 55
61 61
62 53
63 52
64 60
65 37
66 36
67 44
68 45
69 32
70 40
71 33
72 41
73 59
74 58
75 51
76 50
77 35
78 42
79 43
80 34
81 56
82 57
83 48
84 49
61
8 161
21 161
22 161
23 161
24 244
25 161
26 244
27 161
28 244
29 244
30 161
31 161
32 161
37 27
38 161
39 161
40 180
41 161
42 161
43 27
44 215
45 215
46 215
47 161
48 161
49 215
50 27
51 161
52 27
53 161
54 180
55 161
56 161
57 161
58 27
59 27
60 27
61 27
62 244
63 180
64 27
65 161
66 244
67 244
68 244
69 161
70 161
71 244
72 27
73 27
74 27
75 180
76 180
77 161
78 244
79 244
80 180
81 161
82 27
83 244
84 180
8
64
21 13
22 4
23 5
24 12
25 28
26 20
27 21
28 29
29 31
30 23
31 30
32 22
33 6
34 14
35 15
36 7
37 48
38 49
39 56
40 57
41 33
42 32
43 40
44 41
45 42
46 35
47 43
48 34
49 51
50 58
51 59
52 50
53 63
54 55
55 62
56 54
57 38
58 46
59 47
60 39
61 60
62 52
63 53
64 61
65 45
66 36
67 37
68 44
69 19
70 26
71 27
72 18
73 1
74 0
75 8
76 9
77 10
78 3
79 11
80 2
81 16
82 17
83 24
84 25
61
5 161
25 244
26 161
27 161
28 161
29 161
30 244
31 161
32 161
33 161
34 161
35 244
36 244
37 244
38 180
39 161
40 27
41 244
42 161
43 161
44 27
45 244
46 161
47 244
48 180
49 180
50 27
51 27
52 180
53 27
54 27
55 27
56 161
57 180
58 161
59 161
60 161
61 27
62 180
63 244
64 27
65 244
66 244
67 161
68 244
69 27
70 215
71 161
72 27
73 161
74 215
75 161
76 215
77 215
78 161
79 27
80 161
81 161
82 27
83 161
84 180
8
64
21 53
22 60
23 52
24 61
25 39
26 47
27 38
28 46
29 44
30 36
31 37
32 45
33 55
34 54
35 62
36 63
37 56
38 57
39 48
40 49
41 58
42 51
43 50
44 59
45 41
46 33
47 32
48 40
49 43
50 34
51 35
52 42
53 19
54 18
55 26
56 27
57 3
58 11
59 2
60 10
61 8
62 0
63 1
64 9
65 17
66 24
67 16
68 25
69 31
70 30
71 22
72 23
73 4
74 13
75 5
76 12
77 6
78 14
79 7
80 15
81 20
82 21
83 28
84 29
64
21 96
22 42
23 42
24 1
25 82
26 82
27 82
28 96
29 82
30 96
31 42
32 82
33 96
34 42
35 1
36 1
37 82
38 42
39 96
40 42
41 42
42 42
43 82
44 42
45 82
46 42
47 82
48 82
49 1
50 1
51 82
52 1
53 1
54 1
55 82
56 82
57 82
58 96
59 82
60 82
61 82
62 96
63 82
64 82
65 1
66 82
67 82
68 1
69 82
70 42
71 42
72 82
73 82
74 96
75 82
76 42
77 82
78 82
79 96
80 82
81 96
82 82
83 96
84 96
8
64
21 6
22 7
23 15
24 14
25 28
26 20
27 21
28 29
29 31
30 30
31 23
32 22
33 12
34 5
35 4
36 13
37 46
38 47
39 39
40 38
41 37
42 36
43 44
44 45
45 62
46 55
47 63
48 54
49 52
50 61
51 53
52 60
53 59
54 50
55 58
56 51
57 43
58 35
59 42
60 34
61 33
62 41
63 32
64 40
65 49
66 56
67 48
68 57
69 18
70 26
71 27
72 19
73 24
74 25
75 16
76 17
77 9
78 0
79 1
80 8
81 2
82 11
83 10
84 3
64
21 82
22 96
23 82
24 82
25 96
26 96
27 82
28 96
29 82
30 42
31 82
32 42
33 42
34 82
35 82
36 96
37 96
38 82
39 82
40 82
41 42
42 96
43 82
44 82
45 1
46 96
47 1
48 42
49 42
50 1
51 96
52 42
53 42
54 82
55 42
56 42
57 1
58 82
59 1
60 1
61 42
62 82
63 82
64 82
65 42
66 82
67 96
68 42
69 1
70 82
71 82
72 1
73 82
74 1
75 82
76 1
77 82
78 96
79 82
80 82
81 82
82 96
83 82
84 82
8
64
21 43
22 34
23 35
24 42
25 49
26 56
27 48
28 57
29 32
30 41
31 33
32 40
33 59
34 58
35 50
36 51
37 30
38 23
39 22
40 31
41 13
42 5
43 4
44 12
45 7
46 15
47 6
48 14
49 20
50 21
51 28
52 29
53 8
54 0
55 1
56 9
57 19
58 18
59 26
60 27
61 2
62 10
63 3
64 11
65 24
66 25
67 16
68 17
69 55
70 54
71 62
72 63
73 60
74 61
75 52
76 53
77 44
78 36
79 37
80 45
81 38
82 46
83 39
84 47
64
21 138
22 174
23 40
24 138
25 138
26 138
27 174
28 40
29 40
30 174
31 174
32 204
33 40
34 40
35 18
36 138
37 40
38 40
39 204
40 138
41 204
42 204
43 204
44 174
45 204
46 40
47 204
48 40
49 204
50 204
51 204
52 174
53 204
54 204
55 204
56 174
57 40
58 204
59 174
60 40
61 204
62 204
63 204
64 40
65 40
66 204
67 40
68 204
69 138
70 18
71 40
72 138
73 40
74 40
75 18
76 18
77 204
78 138
79 174
80 138
81 18
82 174
83 138
84 18
8
64
21 6
22 7
23 15
24 14
25 28
26 20
27 21
28 29
29 31
30 30
31 23
32 22
33 12
34 5
35 4
36 13
37 46
38 47
39 39
40 38
41 37
42 36
43 44
44 45
45 62
46 55
47 63
48 54
49 52
50 61
51 53
52 60
53 59
54 50
55 58
56 51
57 43
58 35
59 42
60 34
61 33
62 41
63 32
64 40
65 49
66 56
67 48
68 57
69 18
70 26
71 27
72 19
73 24
74 25
75 16
76 17
77 9
78 0
79 1
80 8
81 2
82 11
83 10
84 3
64
21 204
22 204
23 40
24 40
25 204
26 204
27 204
28 174
29 138
30 40
31 40
32 204
33 174
34 204
35 204
36 204
37 174
38 18
39 138
40 18
41 174
42 138
43 204
44 138
45 40
46 138
47 138
48 18
49 18
50 40
51 18
52 40
53 40
54 18
55 40
56 138
57 138
58 40
59 138
60 174
61 174
62 174
63 40
64 204
65 138
66 138
67 174
68 40
69 204
70 174
71 40
72 40
73 40
74 204
75 40
76 204
77 174
78 204
79 204
80 204
81 204
82 40
83 204
84 204
8
64
21 3
22 11
23 10
24 2
25 27
26 19
27 26
28 18
29 1
30 0
31 8
32 9
33 24
34 25
35 16
36 17
37 45
38 36
39 37
40 44
41 47
42 46
43 39
44 38
45 55
46 62
47 63
48 54
49 52
50 61
51 53
52 60
53 58
54 50
55 59
56 51
57 34
58 42
59 43
60 35
61 41
62 40
63 32
64 33
65 49
66 56
67 48
68 57
69 28
70 20
71 21
72 29
73 7
74 6
75 15
76 14
77 30
78 31
79 23
80 22
81 4
82 12
83 5
84 13
61
20 245
21 245
22 186
23 245
24 142
25 219
26 142
27 142
28 245
29 245
30 142
31 245
32 245
33 245
34 186
35 245
36 186
37 219
38 219
39 219
40 142
41 219
42 245
43 219
44 219
45 142
46 186
47 142
48 245
49 142
50 186
51 245
52 186
53 186
54 245
55 186
56 245
57 219
58 245
59 245
60 219
61 245
62 186
63 186
64 142
65 245
66 219
67 186
68 186
69 219
70 142
71 142
72 219
73 245
74 142
75 219
76 186
77 219
78 219
79 219
80 245
8
64
21 40
22 33
23 32
24 41
25 50
26 59
27 58
28 51
29 34
30 42
31 43
32 35
33 56
34 57
35 48
36 49
37 1
38 0
39 8
40 9
41 17
42 24
43 16
44 25
45 11
46 2
47 10
48 3
49 27
50 19
51 26
52 18
53 61
54 53
55 52
56 60
57 55
58 62
59 63
60 54
61 39
62 38
63 47
64 46
65 45
66 36
67 37
68 44
69 28
70 20
71 21
72 29
73 15
74 14
75 7
76 6
77 22
78 23
79 31
80 30
81 5
82 13
83 4
84 12
61
20 245
21 186
22 142
23 186
24 245
25 245
26 186
27 186
28 245
29 219
30 245
31 245
32 219
33 219
34 186
35 186
36 245
37 245
38 142
39 245
40 245
41 186
42 245
43 245
44 186
45 186
46 142
47 245
48 245
49 219
50 142
51 142
52 245
53 186
54 245
55 142
56 186
57 142
58 186
59 142
60 245
61 219
62 219
63 219
64 245
65 219
66 219
67 219
68 142
69 219
70 142
71 142
72 219
73 219
74 186
75 245
76 142
77 245
78 219
79 219
80 219
8
64
21 11
22 3
23 10
24 2
25 9
26 0
27 1
28 8
29 16
30 17
31 24
32 25
33 18
34 26
35 27
36 19
37 48
38 49
39 56
40 57
41 41
42 32
43 33
44 40
45 43
46 35
47 42
48 34
49 50
50 58
51 59
52 51
53 60
54 52
55 53
56 61
57 39
58 46
59 47
60 38
61 62
62 55
63 63
64 54
65 37
66 36
67 44
68 45
69 7
70 14
71 15
72 6
73 28
74 20
75 21
76 29
77 30
78 23
79 31
80 22
81 5
82 4
83 12
84 13
61
5 248
25 54
26 239
27 98
28 98
29 165
30 248
31 248
32 165
33 165
34 98
35 98
36 98
37 165
38 165
39 54
40 54
41 98
42 165
43 98
44 165
45 248
46 165
47 165
48 165
49 54
50 54
51 54
52 248
53 54
54 248
55 165
56 54
57 54
58 248
59 248
60 165
61 54
62 165
63 98
64 248
65 165
66 248
67 248
68 248
69 98
70 98
71 165
72 239
73 54
74 54
75 165
76 165
77 248
78 248
79 248
80 98
81 239
82 165
83 165
84 54
8
64
21 8
22 0
23 1
24 9
25 27
26 18
27 19
28 26
29 10
30 3
31 2
32 11
33 24
34 25
35 16
36 17
37 35
38 34
39 42
40 43
41 49
42 56
43 48
44 57
45 32
46 41
47 33
48 40
49 51
50 59
51 50
52 58
53 15
54 14
55 6
56 7
57 13
58 5
59 4
60 12
61 20
62 21
63 28
64 29
65 22
66 30
67 23
68 31
69 46
70 39
71 38
72 47
73 63
74 54
75 55
76 62
77 44
78 36
79 37
80 45
81 60
82 61
83 52
84 53
61
7 248
21 98
22 239
23 98
24 54
25 98
26 165
27 98
28 98
33 248
34 165
35 165
36 248
37 165
38 165
39 165
40 248
41 165
42 54
43 165
44 54
45 165
46 98
47 98
48 165
49 248
50 54
51 54
52 54
53 165
54 98
55 239
56 98
57 54
58 239
59 165
60 165
61 54
62 165
63 54
64 165
65 98
66 248
67 248
68 248
69 248
70 54
71 165
72 248
73 98
74 248
75 165
76 54
77 248
78 248
79 165
80 248
81 54
82 54
83 248
84 165
8
64
21 0
22 1
23 8
24 9
25 2
26 3
27 10
28 11
29 16
30 17
31 24
32 25
33 18
34 19
35 26
36 27
37 4
38 5
39 12
40 13
41 6
42 7
43 14
44 15
45 20
46 21
47 28
48 29
49 22
50 23
51 30
52 31
53 32
54 33
55 40
56 41
57 34
58 35
59 42
60 43
61 48
62 49
63 56
64 57
65 50
66 51
67 58
68 59
69 36
70 37
71 44
72 45
73 38
74 39
75 46
76 47
77 52
78 53
79 60
80 61
81 54
82 55
83 62
84 63
61
13 66
21 66
22 66
23 66
24 95
25 66
26 66
27 63
28 63
29 66
30 63
31 66
32 95
33 250
34 66
35 53
36 95
37 66
38 66
39 63
40 250
41 63
42 66
43 66
44 95
45 53
46 63
47 95
48 63
49 250
50 66
51 66
52 66
57 53
58 66
59 63
60 95
61 53
62 66
63 66
64 66
65 53
66 250
67 63
68 95
69 66
70 63
71 95
72 63
73 95
74 66
75 250
76 53
77 63
78 250
79 95
80 53
81 63
82 66
83 66
84 66
8
64
21 14
22 7
23 6
24 15
25 4
26 13
27 5
28 12
29 20
30 21
31 28
32 29
33 23
34 31
35 22
36 30
37 44
38 36
39 37
40 45
41 53
42 60
43 52
44 61
45 47
46 46
47 38
48 39
49 63
50 54
51 55
52 62
53 27
54 18
55 19
56 26
57 11
58 10
59 2
60 3
61 8
62 0
63 1
64 9
65 17
66 24
67 16
68 25
69 56
70 57
71 48
72 49
73 50
74 58
75 51
76 59
77 41
78 33
79 32
80 40
81 35
82 34
83 42
84 43
61
19 66
21 66
22 66
23 63
24 95
25 66
26 250
27 66
28 63
29 53
30 63
31 95
32 63
33 66
34 66
35 250
36 66
37 95
38 66
39 63
40 63
41 250
42 95
43 63
44 53
45 53
46 250
47 95
48 66
49 66
50 63
51 66
52 66
53 95
54 250
55 66
56 53
57 63
58 63
59 66
60 66
61 66
62 66
63 66
64 95
65 63
66 66
67 66
68 95
69 66
70 66
71 53
72 66
73 53
74 63
75 250
76 95
81 66
82 53
83 63
84 95
8
64
21 31
22 22
23 30
24 23
25 6
26 15
27 14
28 7
29 28
30 20
31 21
32 29
33 13
34 12
35 4
36 5
37 17
38 24
39 16
40 25
41 2
42 3
43 11
44 10
45 9
46 0
47 1
48 8
49 26
50 19
51 27
52 18
53 46
54 38
55 47
56 39
57 54
58 62
59 63
60 55
61 61
62 53
63 52
64 60
65 37
66 36
67 44
68 45
69 32
70 40
71 33
72 41
73 59
74 58
75 51
76 50
77 35
78 42
79 43
80 34
81 56
82 57
83 48
84 49
64
21 124
22 178
23 178
24 178
25 89
26 178
27 229
28 229
29 229
30 229
31 178
32 124
33 89
34 45
35 89
36 89
37 89
38 229
39 178
40 178
41 89
42 89
43 178
44 178
45 229
46 229
47 89
48 178
49 178
50 124
51 229
52 124
53 45
54 45
55 124
56 124
57 178
58 89
59 89
60 178
61 89
62 124
63 124
64 89
65 178
66 124
67 124
68 124
69 229
70 229
71 178
72 178
73 89
74 89
75 124
76 124
77 178
78 229
79 124
80 178
81 124
82 89
83 89
84 178
8
64
21 63
22 54
23 55
24 62
25 44
26 36
27 37
28 45
29 39
30 38
31 46
32 47
33 52
34 53
35 60
36 61
37 16
38 17
39 24
40 25
41 8
42 0
43 1
44 9
45 3
46 2
47 10
48 11
49 27
50 18
51 19
52 26
53 7
54 6
55 14
56 15
57 12
58 4
59 5
60 13
61 20
62 21
63 28
64 29
65 31
66 22
67 23
68 30
69 40
70 32
71 33
72 41
73 35
74 34
75 42
76 43
77 48
78 49
79 56
80 57
81 59
82 50
83 51
84 58
64
21 89
22 178
23 178
24 89
25 124
26 124
27 178
28 124
29 124
30 45
31 45
32 124
33 124
34 124
35 89
36 89
37 178
38 89
39 229
40 178
41 178
42 229
43 89
44 229
45 89
46 89
47 178
48 178
49 229
50 124
51 124
52 178
53 229
54 89
55 229
56 178
57 45
58 89
59 89
60 89
61 229
62 178
63 229
64 124
65 124
66 178
67 178
68 178
69 229
70 229
71 178
72 178
73 178
74 178
75 229
76 124
77 89
78 178
79 124
80 89
81 89
82 124
83 124
84 89
8
64
21 63
22 54
23 55
24 62
25 44
26 36
27 37
28 45
29 39
30 38
31 46
32 47
33 52
34 53
35 60
36 61
37 16
38 17
39 24
40 25
41 8
42 0
43 1
44 9
45 3
46 2
47 10
48 11
49 27
50 18
51 19
52 26
53 7
54 6
55 14
56 15
57 12
58 4
59 5
60 13
61 20
62 21
63 28
64 29
65 31
66 22
67 23
68 30
69 40
70 32
71 33
72 41
73 35
74 34
75 42
76 43
77 48
78 49
79 56
80 57
81 59
82 50
83 51
84 58
64
21 200
22 200
23 200
24 114
25 97
26 114
27 140
28 97
29 114
30 114
31 200
32 114
33 97
34 114
35 114
36 114
37 200
38 114
39 200
40 114
41 176
42 176
43 140
44 97
45 140
46 140
47 97
48 114
49 97
50 114
51 114
52 97
53 97
54 140
55 200
56 114
57 200
58 140
59 140
60 114
61 200
62 114
63 200
64 114
65 114
66 114
67 114
68 97
69 200
70 140
71 97
72 140
73 97
74 114
75 97
76 140
77 200
78 200
79 140
80 114
81 114
82 200
83 114
84 114
8
64
21 53
22 60
23 52
24 61
25 39
26 47
27 38
28 46
29 44
30 36
31 37
32 45
33 55
34 54
35 62
36 63
37 56
38 57
39 48
40 49
41 58
42 51
43 50
44 59
45 41
46 33
47 32
48 40
49 43
50 34
51 35
52 42
53 19
54 18
55 26
56 27
57 3
58 11
59 2
60 10
61 8
62 0
63 1
64 9
65 17
66 24
67 16
68 25
69 31
70 30
71 22
72 23
73 4
74 13
75 5
76 12
77 6
78 14
79 7
80 15
81 20
82 21
83 28
84 29
64
21 114
22 114
23 97
24 114
25 114
26 114
27 114
28 200
29 97
30 114
31 140
32 97
33 200
34 200
35 114
36 200
37 140
38 114
39 200
40 200
41 114
42 114
43 200
44 114
45 140
46 97
47 140
48 200
49 140
50 114
51 97
52 97
53 114
54 114
55 97
56 97
57 140
58 114
59 140
60 97
61 176
62 176
63 140
64 97
65 114
66 200
67 200
68 114
69 114
70 97
71 114
72 114
73 140
74 114
75 140
76 200
77 140
78 200
79 97
80 114
81 200
82 114
83 200
84 114
8
64
21 31
22 22
23 30
24 23
25 6
26 15
27 14
28 7
29 28
30 20
31 21
32 29
33 13
34 12
35 4
36 5
37 17
38 24
39 16
40 25
41 2
42 3
43 11
44 10
45 9
46 0
47 1
48 8
49 26
50 19
51 27
52 18
53 46
54 38
55 47
56 39
57 54
58 62
59 63
60 55
61 61
62 53
63 52
64 60
65 37
66 36
67 44
68 45
69 32
70 40
71 33
72 41
73 59
74 58
75 51
76 50
77 35
78 42
79 43
80 34
81 56
82 57
83 48
84 49
64
21 131
22 68
23 114
24 68
25 68
26 68
27 174
28 68
29 131
30 131
31 131
32 174
33 174
34 174
35 68
36 68
37 174
38 114
39 114
40 68
41 68
42 68
43 174
44 174
45 174
46 68
47 68
48 131
49 68
50 114
51 114
52 131
53 174
54 223
55 223
56 68
57 174
58 223
59 223
60 223
61 68
62 68
63 68
64 223
65 68
66 131
67 174
68 223
69 114
70 223
71 68
72 68
73 223
74 223
75 223
76 68
77 131
78 174
79 131
80 174
81 114
82 223
83 223
84 131
8
64
21 50
22 51
23 59
24 58
25 42
26 35
27 43
28 34
29 41
30 40
31 32
32 33
33 49
34 56
35 48
36 57
37 52
38 61
39 53
40 60
41 45
42 36
43 37
44 44
45 63
46 55
47 62
48 54
49 39
50 47
51 46
52 38
53 4
54 12
55 5
56 13
57 28
58 20
59 21
60 29
61 22
62 31
63 30
64 23
65 15
66 6
67 14
68 7
69 11
70 10
71 3
72 2
73 19
74 26
75 27
76 18
77 1
78 0
79 8
80 9
81 24
82 25
83 16
84 17
64
21 68
22 223
23 223
24 223
25 174
26 131
27 131
28 174
29 68
30 223
31 114
32 68
33 131
34 114
35 223
36 223
37 68
38 68
39 68
40 223
41 223
42 131
43 68
44 174
45 223
46 223
47 223
48 174
49 68
50 223
51 174
52 223
53 68
54 174
55 68
56 174
57 131
58 131
59 131
60 174
61 68
62 131
63 114
64 68
65 68
66 68
67 174
68 68
69 174
70 174
71 68
72 68
73 114
74 68
75 114
76 131
77 68
78 68
79 131
80 174
81 114
82 68
83 114
84 174
8
64
21 63
22 54
23 55
24 62
25 44
26 36
27 37
28 45
29 39
30 38
31 46
32 47
33 52
34 53
35 60
36 61
37 16
38 17
39 24
40 25
41 8
42 0
43 1
44 9
45 3
46 2
47 10
48 11
49 27
50 18
51 19
52 26
53 7
54 6
55 14
56 15
57 12
58 4
59 5
60 13
61 20
62 21
63 28
64 29
65 31
66 22
67 23
68 30
69 40
70 32
71 33
72 41
73 35
74 34
75 42
76 43
77 48
78 49
79 56
80 57
81 59
82 50
83 51
84 58
55
5 42
8 42
20 42
25 42
26 42
27 190
28 42
29 35
30 190
31 190
32 35
37 42
38 35
39 42
40 248
41 248
42 42
43 248
44 248
45 248
46 42
47 248
48 42
49 248
50 35
51 35
52 248
53 248
54 248
55 248
56 35
57 42
58 248
59 248
60 248
61 42
62 35
63 42
64 248
65 248
66 35
67 35
68 248
69 35
70 248
71 190
72 190
73 35
74 190
75 248
76 248
77 248
78 42
79 35
80 42
8
64
21 5
22 12
23 4
24 13
25 14
26 15
27 6
28 7
29 20
30 21
31 28
32 29
33 23
34 30
35 22
36 31
37 34
38 35
39 42
40 43
41 49
42 56
43 48
44 57
45 40
46 41
47 32
48 33
49 58
50 59
51 50
52 51
53 24
54 25
55 16
56 17
57 18
58 19
59 26
60 27
61 0
62 1
63 8
64 9
65 3
66 10
67 2
68 11
69 60
70 61
71 52
72 53
73 54
74 55
75 62
76 63
77 36
78 37
79 44
80 45
81 39
82 46
83 38
84 47
55
12 42
17 42
18 42
21 248
22 42
23 248
24 248
25 248
26 35
27 248
28 248
29 42
30 35
31 42
32 248
33 35
34 248
35 35
36 248
37 190
38 35
39 248
40 248
41 42
42 35
43 248
44 42
45 35
46 190
47 248
48 190
53 42
54 248
55 42
56 35
57 35
58 35
59 248
60 248
61 42
62 248
63 248
64 248
65 248
66 248
67 42
68 42
77 42
78 190
79 42
80 42
81 35
82 190
83 190
84 35
8
64
21 13
22 4
23 5
24 12
25 28
26 20
27 21
28 29
29 31
30 23
31 30
32 22
33 6
34 14
35 15
36 7
37 48
38 49
39 56
40 57
41 33
42 32
43 40
44 41
45 42
46 35
47 43
48 34
49 51
50 58
51 59
52 50
53 63
54 55
55 62
56 54
57 38
58 46
59 47
60 39
61 60
62 52
63 53
64 61
65 45
66 36
67 37
68 44
69 19
70 26
71 27
72 18
73 1
74 0
75 8
76 9
77 10
78 3
79 11
80 2
81 16
82 17
83 24
84 25
64
21 70
22 70
23 70
24 27
25 27
26 27
27 70
28 8
29 8
30 70
31 8
32 70
33 70
34 70
35 70
36 8
37 8
38 244
39 70
40 27
41 128
42 70
43 70
44 128
45 8
46 70
47 8
48 27
49 27
50 27
51 27
52 244
53 128
54 27
55 27
56 244
57 128
58 128
59 70
60 70
61 27
62 27
63 244
64 27
65 244
66 27
67 128
68 128
69 70
70 8
71 8
72 70
73 70
74 8
75 70
76 70
77 70
78 70
79 27
80 8
81 27
82 70
83 27
84 8
8
64
21 40
22 33
23 32
24 41
25 50
26 59
27 58
28 51
29 34
30 42
31 43
32 35
33 56
34 57
35 48
36 49
37 1
38 0
39 8
40 9
41 17
42 24
43 16
44 25
45 11
46 2
47 10
48 3
49 27
50 19
51 26
52 18
53 61
54 53
55 52
56 60
57 55
58 62
59 63
60 54
61 39
62 38
63 47
64 46
65 45
66 36
67 37
68 44
69 28
70 20
71 21
72 29
73 15
74 14
75 7
76 6
77 22
78 23
79 31
80 30
81 5
82 13
83 4
84 12
64
21 70
22 128
23 70
24 128
25 244
26 27
27 27
28 27
29 27
30 8
31 8
32 70
33 70
34 27
35 8
36 244
37 70
38 8
39 70
40 70
41 70
42 27
43 27
44 8
45 27
46 8
47 70
48 70
49 8
50 70
51 8
52 70
53 27
54 244
55 27
56 27
57 27
58 27
59 128
60 244
61 70
62 128
63 70
64 128
65 244
66 27
67 128
68 128
69 27
70 27
71 70
72 8
73 70
74 70
75 8
76 70
77 70
78 70
79 8
80 8
81 70
82 70
83 70
84 27
8
64
21 0
22 1
23 8
24 9
25 2
26 3
27 10
28 11
29 16
30 17
31 24
32 25
33 18
34 19
35 26
36 27
37 4
38 5
39 12
40 13
41 6
42 7
43 14
44 15
45 20
46 21
47 28
48 29
49 22
50 23
51 30
52 31
53 32
54 33
55 40
56 41
57 34
58 35
59 42
60 43
61 48
62 49
63 56
64 57
65 50
66 51
67 58
68 59
69 36
70 37
71 44
72 45
73 38
74 39
75 46
76 47
77 52
78 53
79 60
80 61
81 54
82 55
83 62
84 63
61
8 72
21 201
22 168
23 168
24 72
25 168
26 168
27 72
28 72
29 168
30 72
31 168
32 72
37 168
38 72
39 168
40 72
41 168
42 201
43 168
44 201
45 72
46 201
47 72
48 201
49 201
50 201
51 168
52 201
53 168
54 201
55 168
56 201
57 201
58 72
59 201
60 201
61 168
62 168
63 168
64 201
65 201
66 201
67 168
68 201
69 72
70 72
71 96
72 96
73 168
74 201
75 72
76 201
77 72
78 72
79 201
80 201
81 72
82 201
83 201
84 168
8
64
21 23
22 22
23 30
24 31
25 12
26 4
27 5
28 13
29 15
30 6
31 7
32 14
33 20
34 21
35 28
36 29
37 16
38 17
39 24
40 25
41 8
42 0
43 1
44 9
45 11
46 2
47 3
48 10
49 19
50 18
51 26
52 27
53 40
54 32
55 33
56 41
57 43
58 34
59 35
60 42
61 48
62 49
63 56
64 57
65 51
66 50
67 58
68 59
69 47
70 38
71 39
72 46
73 44
74 36
75 37
76 45
77 52
78 53
79 60
80 61
81 55
82 54
83 62
84 63
61
12 72
21 201
22 201
23 168
24 201
25 168
26 168
27 72
28 72
29 201
30 168
31 201
32 168
33 72
34 201
35 72
36 201
37 168
38 72
39 168
40 72
41 168
42 201
43 168
44 72
45 72
46 168
47 168
48 72
53 168
54 168
55 201
56 201
57 201
58 201
59 72
60 201
61 168
62 168
63 168
64 201
65 201
66 201
67 168
68 201
69 201
70 168
71 201
72 72
73 96
74 72
75 72
76 96
77 72
78 72
79 201
80 201
81 201
82 72
83 201
84 168
8
64
21 5
22 12
23 4
24 13
25 14
26 15
27 6
28 7
29 20
30 21
31 28
32 29
33 23
34 30
35 22
36 31
37 34
38 35
39 42
40 43
41 49
42 56
43 48
44 57
45 40
46 41
47 32
48 33
49 58
50 59
51 50
52 51
53 24
54 25
55 16
56 17
57 18
58 19
59 26
60 27
61 0
62 1
63 8
64 9
65 3
66 10
67 2
68 11
69 60
70 61
71 52
72 53
73 54
74 55
75 62
76 63
77 36
78 37
79 44
80 45
81 39
82 46
83 38
84 47
58
5 240
18 12
25 240
26 12
27 240
28 240
29 199
30 12
31 242
32 240
33 12
34 240
35 12
36 45
37 12
38 199
39 12
40 199
41 12
42 45
43 240
44 199
45 12
46 199
47 240
48 199
49 199
50 199
51 12
52 242
53 12
54 240
55 12
56 12
57 12
58 12
59 240
60 242
61 242
62 240
63 240
64 240
65 240
66 240
67 242
68 12
69 199
70 199
71 242
72 12
77 199
78 199
79 199
80 12
81 45
82 199
83 240
84 45
8
64
21 5
22 12
23 4
24 13
25 14
26 15
27 6
28 7
29 20
30 21
31 28
32 29
33 23
34 30
35 22
36 31
37 34
38 35
39 42
40 43
41 49
42 56
43 48
44 57
45 40
46 41
47 32
48 33
49 58
50 59
51 50
52 51
53 24
54 25
55 16
56 17
57 18
58 19
59 26
60 27
61 0
62 1
63 8
64 9
65 3
66 10
67 2
68 11
69 60
70 61
71 52
72 53
73 54
74 55
75 62
76 63
77 36
78 37
79 44
80 45
81 39
82 46
83 38
84 47
58
5 240
18 12
25 240
26 12
27 240
28 240
29 199
30 12
31 242
32 240
33 12
34 240
35 12
36 45
37 12
38 199
39 12
40 199
41 12
42 45
43 240
44 199
45 12
46 199
47 240
48 199
49 199
50 199
51 12
52 242
53 12
54 240
55 12
56 12
57 12
58 12
59 240
60 242
61 242
62 240
63 240
64 240
65 240
66 240
67 242
68 12
69 199
70 199
71 242
72 12
77 199
78 199
79 199
80 12
81 45
82 199
83 240
84 45
8
64
21 36
22 37
23 44
24 45
25 62
26 54
27 55
28 63
29 47
30 39
31 38
32 46
33 60
34 61
35 52
36 53
37 20
38 21
39 28
40 29
41 5
42 12
43 4
44 13
45 6
46 15
47 7
48 14
49 31
50 23
51 22
52 30
53 24
54 25
55 16
56 17
57 26
58 18
59 19
60 27
61 0
62 1
63 8
64 9
65 11
66 3
67 2
68 10
69 42
70 34
71 35
72 43
73 49
74 56
75 48
76 57
77 40
78 41
79 32
80 33
81 50
82 59
83 51
84 58
61
19 249
21 89
22 242
23 44
24 242
25 109
26 89
27 89
28 109
29 89
30 89
31 89
32 109
33 89
34 89
35 89
36 242
37 109
38 89
39 242
40 242
41 242
42 249
43 109
44 109
45 242
46 89
47 109
48 242
49 89
50 89
51 89
52 242
53 249
54 249
55 89
56 109
57 89
58 109
59 109
60 44
61 89
62 249
63 109
64 109
65 249
66 109
67 89
68 109
69 89
70 89
71 242
72 249
73 44
74 89
75 249
76 249
81 89
82 89
83 109
84 89
8
64
21 8
22 0
23 1
24 9
25 27
26 18
27 19
28 26
29 10
30 3
31 2
32 11
33 24
34 25
35 16
36 17
37 35
38 34
39 42
40 43
41 49
42 56
43 48
44 57
45 32
46 41
47 33
48 40
49 51
50 59
51 50
52 58
53 15
54 14
55 6
56 7
57 13
58 5
59 4
60 12
61 20
62 21
63 28
64 29
65 22
66 30
67 23
68 31
69 46
70 39
71 38
72 47
73 63
74 54
75 55
76 62
77 44
78 36
79 37
80 45
81 60
82 61
83 52
84 53
61
11 249
21 109
22 89
23 249
24 109
25 44
26 109
27 109
28 89
29 109
30 109
31 89
32 249
33 249
34 249
35 89
36 109
37 242
38 89
39 89
40 249
41 44
42 89
43 249
44 249
49 109
50 89
51 89
52 89
53 89
54 242
55 242
56 109
57 109
58 242
59 109
60 249
61 109
62 89
63 242
64 242
65 89
66 242
67 89
68 89
69 109
70 89
71 89
72 89
73 109
74 89
75 89
76 109
77 44
78 89
79 242
80 242
81 89
82 89
83 89
84 242
8
64
21 8
22 0
23 1
24 9
25 27
26 18
27 19
28 26
29 10
30 3
31 2
32 11
33 24
34 25
35 16
36 17
37 35
38 34
39 42
40 43
41 49
42 56
43 48
44 57
45 32
46 41
47 33
48 40
49 51
50 59
51 50
52 58
53 15
54 14
55 6
56 7
57 13
58 5
59 4
60 12
61 20
62 21
63 28
64 29
65 22
66 30
67 23
68 31
69 46
70 39
71 38
72 47
73 63
74 54
75 55
76 62
77 44
78 36
79 37
80 45
81 60
82 61
83 52
84 53
61
17 6
21 6
22 180
23 180
24 6
25 180
26 1
27 6
28 1
29 221
30 180
31 180
32 1
33 180
34 221
35 180
36 221
37 221
38 1
39 1
40 221
41 221
42 6
43 6
44 6
45 180
46 221
47 221
48 6
49 180
50 6
51 221
52 6
53 221
54 180
55 180
56 6
57 6
58 180
59 180
60 1
61 6
62 6
63 1
64 6
65 6
66 180
67 180
68 180
73 221
74 6
75 1
76 6
77 6
78 1
79 180
80 6
81 6
82 6
83 1
84 221
8
64
21 1
22 0
23 8
24 9
25 17
26 24
27 16
28 25
29 3
30 2
31 11
32 10
33 19
34 26
35 27
36 18
37 5
38 13
39 4
40 12
41 28
42 20
43 21
44 29
45 30
46 22
47 31
48 23
49 7
50 15
51 14
52 6
53 45
54 36
55 37
56 44
57 63
58 55
59 62
60 54
61 61
62 53
63 52
64 60
65 47
66 38
67 46
68 39
69 40
70 33
71 32
72 41
73 58
74 59
75 51
76 50
77 42
78 35
79 43
80 34
81 56
82 57
83 48
84 49
61
16 6
21 180
22 180
23 6
24 6
25 221
26 180
27 180
28 221
29 180
30 180
31 1
32 221
33 6
34 1
35 180
36 1
37 180
38 6
39 180
40 1
41 1
42 6
43 6
44 6
45 180
46 6
47 180
48 180
49 6
50 221
51 180
52 180
53 6
54 1
55 180
56 6
57 221
58 1
59 6
60 6
61 6
62 221
63 1
64 6
69 6
70 221
71 180
72 221
73 6
74 6
75 180
76 221
77 1
78 221
79 221
80 1
81 6
82 6
83 6
84 221
8
64
21 13
22 4
23 5
24 12
25 28
26 20
27 21
28 29
29 31
30 23
31 30
32 22
33 6
34 14
35 15
36 7
37 48
38 49
39 56
40 57
41 33
42 32
43 40
44 41
45 42
46 35
47 43
48 34
49 51
50 58
51 59
52 50
53 63
54 55
55 62
56 54
57 38
58 46
59 47
60 39
61 60
62 52
63 53
64 61
65 45
66 36
67 37
68 44
69 19
70 26
71 27
72 18
73 1
74 0
75 8
76 9
77 10
78 3
79 11
80 2
81 16
82 17
83 24
84 25
61
20 18
21 18
22 249
23 249
24 18
25 34
26 146
27 34
28 34
29 146
30 89
31 18
32 18
33 18
34 18
35 89
36 18
37 34
38 89
39 249
40 146
41 34
42 18
43 18
44 34
45 146
46 34
47 34
48 34
49 146
50 146
51 146
52 89
53 146
54 146
55 146
56 89
57 34
58 34
59 249
60 249
61 146
62 146
63 34
64 146
65 34
66 18
67 249
68 34
69 34
70 249
71 89
72 34
73 249
74 18
75 249
76 18
77 18
78 249
79 18
80 18
8
64
21 14
22 7
23 6
24 15
25 4
26 13
27 5
28 12
29 20
30 21
31 28
32 29
33 23
34 31
35 22
36 30
37 44
38 36
39 37
40 45
41 53
42 60
43 52
44 61
45 47
46 46
47 38
48 39
49 63
50 54
51 55
52 62
53 27
54 18
55 19
56 26
57 11
58 10
59 2
60 3
61 8
62 0
63 1
64 9
65 17
66 24
67 16
68 25
69 56
70 57
71 48
72 49
73 50
74 58
75 51
76 59
77 41
78 33
79 32
80 40
81 35
82 34
83 42
84 43
61
16 18
21 18
22 18
23 18
24 89
25 249
26 18
27 249
28 18
29 146
30 34
31 34
32 34
33 89
34 146
35 18
36 18
37 34
38 18
39 249
40 34
41 34
42 146
43 146
44 146
45 249
46 34
47 34
48 249
49 146
50 89
51 146
52 146
53 89
54 34
55 34
56 249
57 18
58 18
59 18
60 249
61 249
62 18
63 249
64 18
69 249
70 146
71 34
72 89
73 89
74 146
75 146
76 146
77 34
78 34
79 18
80 18
81 34
82 34
83 146
84 34
8
64
21 63
22 54
23 55
24 62
25 44
26 36
27 37
28 45
29 39
30 38
31 46
32 47
33 52
34 53
35 60
36 61
37 16
38 17
39 24
40 25
41 8
42 0
43 1
44 9
45 3
46 2
47 10
48 11
49 27
50 18
51 19
52 26
53 7
54 6
55 14
56 15
57 12
58 4
59 5
60 13
61 20
62 21
63 28
64 29
65 31
66 22
67 23
68 30
69 40
70 32
71 33
72 41
73 35
74 34
75 42
76 43
77 48
78 49
79 56
80 57
81 59
82 50
83 51
84 58
61
12 116
21 116
22 116
23 205
24 52
25 52
26 52
27 115
28 116
29 52
30 115
31 115
32 52
33 52
34 205
35 52
36 52
37 205
38 78
39 205
40 115
41 116
42 52
43 116
44 52
45 116
46 52
47 52
48 52
53 115
54 116
55 52
56 116
57 52
58 116
59 116
60 52
61 116
62 78
63 116
64 115
65 116
66 78
67 116
68 115
69 78
70 52
71 115
72 115
73 116
74 116
75 205
76 205
77 115
78 115
79 52
80 52
81 52
82 115
83 205
84 52
8
64
21 31
22 22
23 30
24 23
25 6
26 15
27 14
28 7
29 28
30 20
31 21
32 29
33 13
34 12
35 4
36 5
37 17
38 24
39 16
40 25
41 2
42 3
43 11
44 10
45 9
46 0
47 1
48 8
49 26
50 19
51 27
52 18
53 46
54 38
55 47
56 39
57 54
58 62
59 63
60 55
61 61
62 53
63 52
64 60
65 37
66 36
67 44
68 45
69 32
70 40
71 33
72 41
73 59
74 58
75 51
76 50
77 35
78 42
79 43
80 34
81 56
82 57
83 48
84 49
61
12 116
21 116
22 78
23 115
24 116
25 116
26 116
27 52
28 115
29 116
30 116
31 78
32 115
33 52
34 52
35 116
36 116
37 78
38 205
39 205
40 115
41 52
42 116
43 52
44 52
45 52
46 52
47 116
48 116
53 115
54 115
55 52
56 52
57 116
58 52
59 116
60 205
61 52
62 205
63 52
64 52
65 115
66 52
67 52
68 116
69 52
70 78
71 115
72 115
73 52
74 52
75 205
76 115
77 116
78 205
79 205
80 116
81 52
82 52
83 115
84 115
8
64
21 3
22 11
23 10
24 2
25 27
26 19
27 26
28 18
29 1
30 0
31 8
32 9
33 24
34 25
35 16
36 17
37 45
38 36
39 37
40 44
41 47
42 46
43 39
44 38
45 55
46 62
47 63
48 54
49 52
50 61
51 53
52 60
53 58
54 50
55 59
56 51
57 34
58 42
59 43
60 35
61 41
62 40
63 32
64 33
65 49
66 56
67 48
68 57
69 28
70 20
71 21
72 29
73 7
74 6
75 15
76 14
77 30
78 31
79 23
80 22
81 4
82 12
83 5
84 13
55
7 85
12 229
13 229
21 248
22 85
23 85
24 248
25 85
26 85
27 248
28 85
33 41
34 248
35 85
36 85
37 229
38 85
39 85
40 229
41 110
42 110
43 229
44 85
45 110
46 229
47 229
48 110
57 229
58 229
59 229
60 248
61 229
62 41
63 41
64 229
65 229
66 248
67 41
68 229
69 85
70 248
71 248
72 85
73 229
74 229
75 110
76 110
77 85
78 110
79 85
80 110
81 248
82 248
83 229
84 248
8
64
21 56
22 57
23 48
24 49
25 51
26 58
27 50
28 59
29 33
30 40
31 32
32 41
33 34
34 35
35 42
36 43
37 46
38 47
39 38
40 39
41 53
42 60
43 52
44 61
45 36
46 37
47 44
48 45
49 54
50 55
51 62
52 63
53 10
54 11
55 2
56 3
57 17
58 24
59 16
60 25
61 0
62 1
63 8
64 9
65 18
66 19
67 26
68 27
69 12
70 13
71 4
72 5
73 7
74 14
75 6
76 15
77 20
78 21
79 28
80 29
81 30
82 31
83 22
84 23
55
6 229
10 229
15 85
21 248
22 229
23 41
24 229
29 229
30 41
31 41
32 229
33 229
34 248
35 229
36 229
37 110
38 110
39 85
40 229
45 85
46 85
47 229
48 229
49 110
50 110
51 229
52 229
53 85
54 85
55 248
56 248
57 85
58 41
59 85
60 248
65 85
66 85
67 248
68 85
69 248
70 248
71 248
72 229
73 229
74 110
75 229
76 110
77 248
78 248
79 85
80 85
81 85
82 110
83 110
84 85
8
64
21 8
22 0
23 1
24 9
25 27
26 18
27 19
28 26
29 10
30 3
31 2
32 11
33 24
34 25
35 16
36 17
37 35
38 34
39 42
40 43
41 49
42 56
43 48
44 57
45 32
46 41
47 33
48 40
49 51
50 59
51 50
52 58
53 15
54 14
55 6
56 7
57 13
58 5
59 4
60 12
61 20
62 21
63 28
64 29
65 22
66 30
67 23
68 31
69 46
70 39
71 38
72 47
73 63
74 54
75 55
76 62
77 44
78 36
79 37
80 45
81 60
82 61
83 52
84 53
64
21 8
22 106
23 8
24 45
25 106
26 8
27 8
28 106
29 106
30 8
31 8
32 64
33 45
34 106
35 45
36 64
37 8
38 106
39 64
40 45
41 55
42 45
43 106
44 45
45 64
46 64
47 55
48 64
49 45
50 45
51 55
52 45
53 55
54 64
55 8
56 106
57 106
58 8
59 8
60 64
61 8
62 8
63 106
64 64
65 64
66 106
67 45
68 45
69 64
70 45
71 55
72 45
73 8
74 55
75 45
76 45
77 45
78 8
79 45
80 45
81 45
82 45
83 45
84 55
8
64
21 63
22 54
23 55
24 62
25 44
26 36
27 37
28 45
29 39
30 38
31 46
32 47
33 52
34 53
35 60
36 61
37 16
38 17
39 24
40 25
41 8
42 0
43 1
44 9
45 3
46 2
47 10
48 11
49 27
50 18
51 19
52 26
53 7
54 6
55 14
56 15
57 12
58 4
59 5
60 13
61 20
62 21
63 28
64 29
65 31
66 22
67 23
68 30
69 40
70 32
71 33
72 41
73 35
74 34
75 42
76 43
77 48
78 49
79 56
80 57
81 59
82 50
83 51
84 58
64
21 8
22 55
23 45
24 45
25 45
26 8
27 45
28 45
29 45
30 55
31 64
32 45
33 45
34 55
35 45
36 45
37 45
38 64
39 45
40 106
41 8
42 106
43 8
44 45
45 8
46 8
47 106
48 64
49 106
50 8
51 8
52 106
53 106
54 8
55 64
56 55
57 64
58 8
59 8
60 106
61 8
62 8
63 106
64 64
65 45
66 64
67 45
68 106
69 64
70 64
71 55
72 64
73 8
74 106
75 64
76 45
77 106
78 55
79 45
80 45
81 45
82 55
83 45
84 45
8
64
21 23
22 22
23 30
24 31
25 12
26 4
27 5
28 13
29 15
30 6
31 7
32 14
33 20
34 21
35 28
36 29
37 16
38 17
39 24
40 25
41 8
42 0
43 1
44 9
45 11
46 2
47 3
48 10
49 19
50 18
51 26
52 27
53 40
54 32
55 33
56 41
57 43
58 34
59 35
60 42
61 48
62 49
63 56
64 57
65 51
66 50
67 58
68 59
69 47
70 38
71 39
72 46
73 44
74 36
75 37
76 45
77 52
78 53
79 60
80 61
81 55
82 54
83 62
84 63
58
8 11
16 154
21 35
22 154
23 154
24 11
25 29
26 35
27 136
28 29
29 35
30 136
31 35
32 35
37 136
38 35
39 136
40 35
41 136
42 35
43 35
44 35
45 29
46 136
47 35
48 154
49 11
50 35
51 35
52 11
53 35
54 35
55 154
56 154
57 154
58 11
59 35
60 11
61 154
62 35
63 11
64 154
69 11
70 29
71 11
72 29
73 136
74 35
75 11
76 35
77 11
78 154
79 154
80 154
81 154
82 154
83 154
84 29
8
64
21 23
22 22
23 30
24 31
25 12
26 4
27 5
28 13
29 15
30 6
31 7
32 14
33 20
34 21
35 28
36 29
37 16
38 17
39 24
40 25
41 8
42 0
43 1
44 9
45 11
46 2
47 3
48 10
49 19
50 18
51 26
52 27
53 40
54 32
55 33
56 41
57 43
58 34
59 35
60 42
61 48
62 49
63 56
64 57
65 51
66 50
67 58
68 59
69 47
70 38
71 39
72 46
73 44
74 36
75 37
76 45
77 52
78 53
79 60
80 61
81 55
82 54
83 62
84 63
58
8 11
16 154
21 35
22 154
23 154
24 11
25 29
26 35
27 136
28 29
29 35
30 136
31 35
32 35
37 136
38 35
39 136
40 35
41 136
42 35
43 35
44 35
45 29
46 136
47 35
48 154
49 11
50 35
51 35
52 11
53 35
54 35
55 154
56 154
57 154
58 11
59 35
60 11
61 154
62 35
63 11
64 154
69 11
70 29
71 11
72 29
73 136
74 35
75 11
76 35
77 11
78 154
79 154
80 154
81 154
82 154
83 154
84 29
8
64
21 36
22 37
23 44
24 45
25 62
26 54
27 55
28 63
29 47
30 39
31 38
32 46
33 60
34 61
35 52
36 53
37 20
38 21
39 28
40 29
41 5
42 12
43 4
44 13
45 6
46 15
47 7
48 14
49 31
50 23
51 22
52 30
53 24
54 25
55 16
56 17
57 26
58 18
59 19
60 27
61 0
62 1
63 8
64 9
65 11
66 3
67 2
68 10
69 42
70 34
71 35
72 43
73 49
74 56
75 48
76 57
77 40
78 41
79 32
80 33
81 50
82 59
83 51
84 58
58
8 0
20 0
21 45
22 0
23 48
24 48
25 0
26 0
27 30
28 30
29 30
30 30
31 45
32 45
37 48
38 0
39 45
40 0
41 0
42 45
43 0
44 48
45 0
46 48
47 0
48 48
49 0
50 48
51 45
52 45
53 30
54 0
55 30
56 45
57 48
58 30
59 48
60 48
61 0
62 0
63 0
64 48
65 30
66 0
67 0
68 48
69 0
70 48
71 45
72 48
73 0
74 30
75 0
76 0
77 48
78 45
79 48
80 45
8
64
21 43
22 34
23 35
24 42
25 49
26 56
27 48
28 57
29 32
30 41
31 33
32 40
33 59
34 58
35 50
36 51
37 30
38 23
39 22
40 31
41 13
42 5
43 4
44 12
45 7
46 15
47 6
48 14
49 20
50 21
51 28
52 29
53 8
54 0
55 1
56 9
57 19
58 18
59 26
60 27
61 2
62 10
63 3
64 11
65 24
66 25
67 16
68 17
69 55
70 54
71 62
72 63
73 60
74 61
75 52
76 53
77 44
78 36
79 37
80 45
81 38
82 46
83 39
84 47
58
8 0
18 0
21 48
22 48
23 45
24 0
25 0
26 30
27 0
28 0
29 48
30 45
31 45
32 48
37 45
38 48
39 45
40 0
41 48
42 0
43 0
44 45
45 0
46 48
47 0
48 48
49 48
50 0
51 45
52 0
53 0
54 0
55 0
56 48
57 48
58 30
59 48
60 48
61 0
62 48
63 0
64 30
65 30
66 0
67 30
68 45
69 30
70 0
71 0
72 30
77 48
78 45
79 0
80 48
81 45
82 45
83 30
84 30
8
64
21 0
22 1
23 8
24 9
25 2
26 3
27 10
28 11
29 16
30 17
31 24
32 25
33 18
34 19
35 26
36 27
37 4
38 5
39 12
40 13
41 6
42 7
43 14
44 15
45 20
46 21
47 28
48 29
49 22
50 23
51 30
52 31
53 32
54 33
55 40
56 41
57 34
58 35
59 42
60 43
61 48
62 49
63 56
64 57
65 50
66 51
67 58
68 59
69 36
70 37
71 44
72 45
73 38
74 39
75 46
76 47
77 52
78 53
79 60
80 61
81 54
82 55
83 62
84 63
64
21 177
22 159
23 177
24 31
25 12
26 129
27 12
28 12
29 177
30 177
31 12
32 12
33 12
34 129
35 159
36 31
37 31
38 177
39 12
40 12
41 12
42 177
43 12
44 177
45 177
46 177
47 31
48 31
49 159
50 177
51 12
52 177
53 12
54 129
55 177
56 12
57 177
58 12
59 31
60 12
61 177
62 12
63 177
64 12
65 129
66 129
67 12
68 129
69 129
70 177
71 177
72 31
73 12
74 177
75 177
76 177
77 129
78 12
79 12
80 12
81 12
82 177
83 177
84 177
8
64
21 2
22 11
23 3
24 10
25 17
26 24
27 16
28 25
29 0
30 1
31 8
32 9
33 26
34 18
35 19
36 27
37 62
38 54
39 55
40 63
41 38
42 47
43 39
44 46
45 36
46 37
47 44
48 45
49 53
50 60
51 52
52 61
53 20
54 21
55 28
56 29
57 12
58 13
59 4
60 5
61 15
62 7
63 6
64 14
65 22
66 31
67 23
68 30
69 56
70 57
71 48
72 49
73 59
74 51
75 50
76 58
77 33
78 40
79 32
80 41
81 42
82 34
83 35
84 43
64
21 12
22 12
23 129
24 12
25 177
26 12
27 177
28 12
29 177
30 159
31 177
32 31
33 159
34 12
35 129
36 31
37 177
38 12
39 177
40 177
41 12
42 177
43 177
44 177
45 129
46 177
47 177
48 31
49 12
50 12
51 129
52 12
53 177
54 177
55 31
56 31
57 12
58 12
59 31
60 177
61 177
62 177
63 12
64 12
65 159
66 177
67 177
68 12
69 177
70 12
71 177
72 12
73 129
74 129
75 129
76 12
77 129
78 177
79 12
80 12
81 31
82 177
83 12
84 12
8
64
21 5
22 12
23 4
24 13
25 14
26 15
27 6
28 7
29 20
30 21
31 28
32 29
33 23
34 30
35 22
36 31
37 34
38 35
39 42
40 43
41 49
42 56
43 48
44 57
45 40
46 41
47 32
48 33
49 58
50 59
51 50
52 51
53 24
54 25
55 16
56 17
57 18
58 19
59 26
60 27
61 0
62 1
63 8
64 9
65 3
66 10
67 2
68 11
69 60
70 61
71 52
72 53
73 54
74 55
75 62
76 63
77 36
78 37
79 44
80 45
81 39
82 46
83 38
84 47
64
21 165
22 165
23 165
24 236
25 236
26 236
27 165
28 236
29 194
30 162
31 194
32 162
33 236
34 236
35 162
36 236
37 236
38 162
39 194
40 162
41 125
42 236
43 194
44 125
45 165
46 125
47 236
48 125
49 125
50 125
51 236
52 162
53 162
54 194
55 165
56 194
57 194
58 162
59 165
60 194
61 194
62 165
63 165
64 236
65 165
66 236
67 165
68 236
69 125
70 125
71 236
72 236
73 236
74 125
75 125
76 236
77 162
78 236
79 125
80 236
81 236
82 236
83 236
84 125
8
64
21 62
22 55
23 63
24 54
25 61
26 53
27 52
28 60
29 38
30 39
31 47
32 46
33 37
34 36
35 44
36 45
37 17
38 24
39 16
40 25
41 10
42 2
43 11
44 3
45 9
46 0
47 1
48 8
49 18
50 26
51 27
52 19
53 32
54 40
55 33
56 41
57 51
58 59
59 58
60 50
61 43
62 35
63 42
64 34
65 56
66 57
67 48
68 49
69 14
70 15
71 7
72 6
73 28
74 20
75 21
76 29
77 23
78 22
79 31
80 30
81 13
82 12
83 4
84 5
64
21 125
22 125
23 236
24 236
25 125
26 236
27 236
28 125
29 236
30 236
31 125
32 236
33 236
34 162
35 125
36 236
37 194
38 162
39 165
40 194
41 236
42 165
43 236
44 165
45 236
46 194
47 165
48 165
49 194
50 165
51 194
52 162
53 236
54 165
55 125
56 125
57 162
58 125
59 125
60 236
61 162
62 162
63 194
64 236
65 236
66 125
67 194
68 125
69 236
70 236
71 236
72 165
73 194
74 194
75 162
76 162
77 236
78 162
79 236
80 236
81 236
82 165
83 165
84 165
8
64
21 14
22 7
23 6
24 15
25 4
26 13
27 5
28 12
29 20
30 21
31 28
32 29
33 23
34 31
35 22
36 30
37 44
38 36
39 37
40 45
41 53
42 60
43 52
44 61
45 47
46 46
47 38
48 39
49 63
50 54
51 55
52 62
53 27
54 18
55 19
56 26
57 11
58 10
59 2
60 3
61 8
62 0
63 1
64 9
65 17
66 24
67 16
68 25
69 56
70 57
71 48
72 49
73 50
74 58
75 51
76 59
77 41
78 33
79 32
80 40
81 35
82 34
83 42
84 43
61
9 147
21 37
22 139
23 173
24 141
25 173
26 37
27 173
28 139
29 139
30 147
31 147
32 147
33 141
34 141
35 37
36 37
41 139
42 139
43 139
44 37
45 141
46 37
47 37
48 141
49 141
50 37
51 139
52 141
53 141
54 141
55 147
56 141
57 139
58 139
59 173
60 173
61 37
62 141
63 173
64 141
65 173
66 37
67 37
68 139
69 141
70 141
71 139
72 173
73 173
74 37
75 139
76 37
77 139
78 139
79 37
80 37
81 139
82 173
83 173
84 141
8
64
21 56
22 57
23 48
24 49
25 51
26 58
27 50
28 59
29 33
30 40
31 32
32 41
33 34
34 35
35 42
36 43
37 46
38 47
39 38
40 39
41 53
42 60
43 52
44 61
45 36
46 37
47 44
48 45
49 54
50 55
51 62
52 63
53 10
54 11
55 2
56 3
57 17
58 24
59 16
60 25
61 0
62 1
63 8
64 9
65 18
66 19
67 26
68 27
69 12
70 13
71 4
72 5
73 7
74 14
75 6
76 15
77 20
78 21
79 28
80 29
81 30
82 31
83 22
84 23
61
11 147
21 141
22 141
23 139
24 173
25 139
26 37
27 173
28 37
29 139
30 37
31 37
32 139
33 173
34 139
35 173
36 141
37 37
38 141
39 37
40 141
41 139
42 139
43 139
44 37
49 37
50 139
51 141
52 141
53 139
54 139
55 173
56 173
57 173
58 37
59 37
60 139
61 141
62 173
63 37
64 141
65 141
66 147
67 141
68 141
69 139
70 37
71 173
72 173
73 139
74 37
75 173
76 141
77 139
78 147
79 147
80 147
81 37
82 141
83 37
84 141
8
64
21 36
22 37
23 44
24 45
25 62
26 54
27 55
28 63
29 47
30 39
31 38
32 46
33 60
34 61
35 52
36 53
37 20
38 21
39 28
40 29
41 5
42 12
43 4
44 13
45 6
46 15
47 7
48 14
49 31
50 23
51 22
52 30
53 24
54 25
55 16
56 17
57 26
58 18
59 19
60 27
61 0
62 1
63 8
64 9
65 11
66 3
67 2
68 10
69 42
70 34
71 35
72 43
73 49
74 56
75 48
76 57
77 40
78 41
79 32
80 33
81 50
82 59
83 51
84 58
61
16 126
21 91
22 202
23 126
24 202
25 202
26 184
27 126
28 91
29 183
30 183
31 183
32 91
33 202
34 202
35 184
36 184
37 91
38 183
39 183
40 183
41 126
42 126
43 126
44 183
45 126
46 183
47 202
48 126
49 183
50 183
51 202
52 183
53 91
54 183
55 91
56 202
57 183
58 183
59 91
60 91
61 91
62 126
63 126
64 126
69 91
70 183
71 183
72 126
73 184
74 183
75 183
76 202
77 202
78 184
79 126
80 91
81 184
82 202
83 184
84 202
8
64
21 32
22 33
23 40
24 41
25 42
26 34
27 35
28 43
29 48
30 49
31 56
32 57
33 58
34 50
35 51
36 59
37 0
38 1
39 8
40 9
41 10
42 2
43 3
44 11
45 16
46 17
47 24
48 25
49 26
50 18
51 19
52 27
53 20
54 21
55 28
56 29
57 4
58 5
59 12
60 13
61 14
62 6
63 7
64 15
65 30
66 22
67 23
68 31
69 52
70 53
71 60
72 61
73 36
74 37
75 44
76 45
77 46
78 38
79 39
80 47
81 62
82 54
83 55
84 63
61
10 126
21 126
22 91
23 202
24 184
25 91
26 183
27 183
28 126
29 183
30 184
31 183
32 202
33 202
34 184
35 184
36 202
37 91
38 126
39 126
40 126
45 91
46 202
47 91
48 183
49 183
50 183
51 91
52 91
53 91
54 183
55 183
56 183
57 126
58 126
59 126
60 183
61 126
62 126
63 202
64 183
65 183
66 202
67 183
68 183
69 184
70 184
71 202
72 202
73 91
74 202
75 126
76 202
77 91
78 183
79 183
80 183
81 202
82 184
83 126
84 91
8
64
21 5
22 12
23 4
24 13
25 14
26 15
27 6
28 7
29 20
30 21
31 28
32 29
33 23
34 30
35 22
36 31
37 34
38 35
39 42
40 43
41 49
42 56
43 48
44 57
45 40
46 41
47 32
48 33
49 58
50 59
51 50
52 51
53 24
54 25
55 16
56 17
57 18
58 19
59 26
60 27
61 0
62 1
63 8
64 9
65 3
66 10
67 2
68 11
69 60
70 61
71 52
72 53
73 54
74 55
75 62
76 63
77 36
78 37
79 44
80 45
81 39
82 46
83 38
84 47
61
19 246
21 101
22 246
23 101
24 188
25 188
26 188
27 101
28 188
29 234
30 19
31 246
32 246
33 188
34 188
35 234
36 188
37 234
38 234
39 188
40 246
41 188
42 101
43 188
44 188
45 234
46 246
47 188
48 188
49 188
50 188
51 19
52 246
53 188
54 234
55 188
56 234
57 246
58 234
59 246
60 246
61 101
62 101
63 234
64 188
65 101
66 188
67 101
68 246
69 188
70 188
71 246
72 246
73 188
74 101
75 188
76 19
81 101
82 246
83 188
84 101
8
64
21 23
22 22
23 30
24 31
25 12
26 4
27 5
28 13
29 15
30 6
31 7
32 14
33 20
34 21
35 28
36 29
37 16
38 17
39 24
40 25
41 8
42 0
43 1
44 9
45 11
46 2
47 3
48 10
49 19
50 18
51 26
52 27
53 40
54 32
55 33
56 41
57 43
58 34
59 35
60 42
61 48
62 49
63 56
64 57
65 51
66 50
67 58
68 59
69 47
70 38
71 39
72 46
73 44
74 36
75 37
76 45
77 52
78 53
79 60
80 61
81 55
82 54
83 62
84 63
61
18 246
21 188
22 234
23 188
24 188
25 246
26 101
27 101
28 188
29 188
30 101
31 188
32 188
33 234
34 19
35 246
36 246
37 188
38 234
39 188
40 234
41 234
42 101
43 101
44 188
45 246
46 101
47 101
48 188
49 234
50 246
51 246
52 246
53 234
54 188
55 188
56 246
57 246
58 234
59 234
60 188
61 188
62 188
63 101
64 188
65 246
66 19
67 188
68 188
69 101
70 188
71 101
72 246
77 246
78 246
79 188
80 188
81 101
82 188
83 188
84 19
8
64
21 1
22 0
23 8
24 9
25 17
26 24
27 16
28 25
29 3
30 2
31 11
32 10
33 19
34 26
35 27
36 18
37 5
38 13
39 4
40 12
41 28
42 20
43 21
44 29
45 30
46 22
47 31
48 23
49 7
50 15
51 14
52 6
53 45
54 36
55 37
56 44
57 63
58 55
59 62
60 54
61 61
62 53
63 52
64 60
65 47
66 38
67 46
68 39
69 40
70 33
71 32
72 41
73 58
74 59
75 51
76 50
77 42
78 35
79 43
80 34
81 56
82 57
83 48
84 49
64
21 157
22 134
23 157
24 134
25 18
26 157
27 157
28 18
29 157
30 157
31 18
32 157
33 18
34 157
35 18
36 134
37 157
38 134
39 157
40 183
41 18
42 141
43 183
44 183
45 18
46 134
47 141
48 141
49 18
50 141
51 157
52 157
53 134
54 134
55 183
56 183
57 18
58 141
59 141
60 183
61 141
62 141
63 18
64 141
65 141
66 141
67 183
68 141
69 18
70 18
71 134
72 18
73 141
74 141
75 18
76 18
77 134
78 183
79 183
80 134
81 141
82 141
83 18
84 157
8
64
21 5
22 12
23 4
24 13
25 14
26 15
27 6
28 7
29 20
30 21
31 28
32 29
33 23
34 30
35 22
36 31
37 34
38 35
39 42
40 43
41 49
42 56
43 48
44 57
45 40
46 41
47 32
48 33
49 58
50 59
51 50
52 51
53 24
54 25
55 16
56 17
57 18
58 19
59 26
60 27
61 0
62 1
63 8
64 9
65 3
66 10
67 2
68 11
69 60
70 61
71 52
72 53
73 54
74 55
75 62
76 63
77 36
78 37
79 44
80 45
81 39
82 46
83 38
84 47
64
21 157
22 183
23 157
24 134
25 157
26 141
27 157
28 18
29 141
30 183
31 18
32 183
33 141
34 18
35 134
36 141
37 134
38 183
39 134
40 183
41 157
42 141
43 18
44 141
45 18
46 18
47 134
48 18
49 141
50 141
51 18
52 18
53 157
54 18
55 157
56 18
57 134
58 18
59 157
60 18
61 134
62 157
63 157
64 134
65 157
66 157
67 157
68 18
69 141
70 141
71 18
72 141
73 183
74 141
75 141
76 18
77 134
78 183
79 183
80 134
81 141
82 183
83 141
84 141
8
64
21 36
22 37
23 44
24 45
25 62
26 54
27 55
28 63
29 47
30 39
31 38
32 46
33 60
34 61
35 52
36 53
37 20
38 21
39 28
40 29
41 5
42 12
43 4
44 13
45 6
46 15
47 7
48 14
49 31
50 23
51 22
52 30
53 24
54 25
55 16
56 17
57 26
58 18
59 19
60 27
61 0
62 1
63 8
64 9
65 11
66 3
67 2
68 10
69 42
70 34
71 35
72 43
73 49
74 56
75 48
76 57
77 40
78 41
79 32
80 33
81 50
82 59
83 51
84 58
58
10 45
11 45
21 50
22 50
23 232
24 152
25 45
26 232
27 199
28 45
29 232
30 232
31 50
32 152
33 45
34 45
35 50
36 50
37 45
38 50
39 50
40 152
49 50
50 45
51 50
52 152
53 152
54 50
55 45
56 152
57 50
58 45
59 45
60 50
61 45
62 152
63 45
64 50
65 45
66 45
67 232
68 232
69 50
70 152
71 50
72 232
73 232
74 199
75 152
76 50
77 50
78 45
79 50
80 232
81 50
82 45
83 50
84 199
8
64
21 50
22 51
23 59
24 58
25 42
26 35
27 43
28 34
29 41
30 40
31 32
32 33
33 49
34 56
35 48
36 57
37 52
38 61
39 53
40 60
41 45
42 36
43 37
44 44
45 63
46 55
47 62
48 54
49 39
50 47
51 46
52 38
53 4
54 12
55 5
56 13
57 28
58 20
59 21
60 29
61 22
62 31
63 30
64 23
65 15
66 6
67 14
68 7
69 11
70 10
71 3
72 2
73 19
74 26
75 27
76 18
77 1
78 0
79 8
80 9
81 24
82 25
83 16
84 17
58
13 45
16 45
21 50
22 50
23 45
24 199
25 50
26 50
27 232
28 152
29 45
30 50
31 50
32 232
33 232
34 199
35 152
36 50
37 50
38 45
39 50
40 45
41 152
42 50
43 50
44 232
45 45
46 199
47 45
48 232
49 232
50 232
51 152
52 50
57 50
58 45
59 50
60 152
61 50
62 50
63 152
64 45
69 45
70 232
71 45
72 232
73 45
74 50
75 50
76 45
77 152
78 45
79 45
80 50
81 152
82 50
83 45
84 152
8
64
21 56
22 57
23 48
24 49
25 51
26 58
27 50
28 59
29 33
30 40
31 32
32 41
33 34
34 35
35 42
36 43
37 46
38 47
39 38
40 39
41 53
42 60
43 52
44 61
45 36
46 37
47 44
48 45
49 54
50 55
51 62
52 63
53 10
54 11
55 2
56 3
57 17
58 24
59 16
60 25
61 0
62 1
63 8
64 9
65 18
66 19
67 26
68 27
69 12
70 13
71 4
72 5
73 7
74 14
75 6
76 15
77 20
78 21
79 28
80 29
81 30
82 31
83 22
84 23
64
21 218
22 160
23 233
24 219
25 218
26 160
27 219
28 160
29 233
30 219
31 219
32 218
33 233
34 218
35 218
36 218
37 218
38 218
39 233
40 218
41 219
42 160
43 160
44 160
45 218
46 233
47 218
48 218
49 219
50 160
51 160
52 218
53 219
54 105
55 219
56 219
57 219
58 105
59 105
60 219
61 105
62 219
63 218
64 219
65 219
66 218
67 219
68 219
69 233
70 219
71 219
72 219
73 219
74 219
75 219
76 105
77 218
78 219
79 218
80 219
81 219
82 218
83 219
84 105
8
64
21 56
22 57
23 48
24 49
25 51
26 58
27 50
28 59
29 33
30 40
31 32
32 41
33 34
34 35
35 42
36 43
37 46
38 47
39 38
40 39
41 53
42 60
43 52
44 61
45 36
46 37
47 44
48 45
49 54
50 55
51 62
52 63
53 10
54 11
55 2
56 3
57 17
58 24
59 16
60 25
61 0
62 1
63 8
64 9
65 18
66 19
67 26
68 27
69 12
70 13
71 4
72 5
73 7
74 14
75 6
76 15
77 20
78 21
79 28
80 29
81 30
82 31
83 22
84 23
64
21 218
22 160
23 233
24 219
25 218
26 160
27 219
28 160
29 233
30 219
31 219
32 218
33 233
34 218
35 218
36 218
37 218
38 218
39 233
40 218
41 219
42 160
43 160
44 160
45 218
46 233
47 218
48 218
49 219
50 160
51 160
52 218
53 219
54 105
55 219
56 219
57 219
58 105
59 105
60 219
61 105
62 219
63 218
64 219
65 219
66 218
67 219
68 219
69 233
70 219
71 219
72 219
73 219
74 219
75 219
76 105
77 218
78 219
79 218
80 219
81 219
82 218
83 219
84 105
8
64
21 36
22 37
23 44
24 45
25 62
26 54
27 55
28 63
29 47
30 39
31 38
32 46
33 60
34 61
35 52
36 53
37 20
38 21
39 28
40 29
41 5
42 12
43 4
44 13
45 6
46 15
47 7
48 14
49 31
50 23
51 22
52 30
53 24
54 25
55 16
56 17
57 26
58 18
59 19
60 27
61 0
62 1
63 8
64 9
65 11
66 3
67 2
68 10
69 42
70 34
71 35
72 43
73 49
74 56
75 48
76 57
77 40
78 41
79 32
80 33
81 50
82 59
83 51
84 58
61
13 44
21 53
22 44
23 57
24 53
25 53
26 44
27 151
28 53
29 57
30 57
31 151
32 53
33 53
34 53
35 57
36 44
37 151
38 44
39 53
40 57
41 53
42 57
43 53
44 44
45 53
46 44
47 57
48 44
49 57
50 44
51 44
52 57
57 53
58 44
59 57
60 151
61 53
62 53
63 151
64 44
65 44
66 53
67 53
68 44
69 53
70 151
71 151
72 57
73 44
74 57
75 44
76 53
77 57
78 53
79 44
80 151
81 44
82 53
83 57
84 53
8
64
21 11
22 3
23 10
24 2
25 9
26 0
27 1
28 8
29 16
30 17
31 24
32 25
33 18
34 26
35 27
36 19
37 48
38 49
39 56
40 57
41 41
42 32
43 33
44 40
45 43
46 35
47 42
48 34
49 50
50 58
51 59
52 51
53 60
54 52
55 53
56 61
57 39
58 46
59 47
60 38
61 62
62 55
63 63
64 54
65 37
66 36
67 44
68 45
69 7
70 14
71 15
72 6
73 28
74 20
75 21
76 29
77 30
78 23
79 31
80 22
81 5
82 4
83 12
84 13
61
7 44
21 44
22 53
23 44
24 53
25 44
26 53
27 53
28 151
33 44
34 53
35 151
36 57
37 44
38 44
39 57
40 53
41 53
42 44
43 151
44 57
45 57
46 151
47 53
48 151
49 44
50 53
51 53
52 57
53 53
54 57
55 44
56 53
57 57
58 53
59 57
60 151
61 53
62 151
63 53
64 44
65 44
66 53
67 57
68 53
69 57
70 44
71 44
72 53
73 53
74 151
75 44
76 57
77 57
78 44
79 57
80 44
81 53
82 53
83 57
84 44
8
64
21 8
22 0
23 1
24 9
25 27
26 18
27 19
28 26
29 10
30 3
31 2
32 11
33 24
34 25
35 16
36 17
37 35
38 34
39 42
40 43
41 49
42 56
43 48
44 57
45 32
46 41
47 33
48 40
49 51
50 59
51 50
52 58
53 15
54 14
55 6
56 7
57 13
58 5
59 4
60 12
61 20
62 21
63 28
64 29
65 22
66 30
67 23
68 31
69 46
70 39
71 38
72 47
73 63
74 54
75 55
76 62
77 44
78 36
79 37
80 45
81 60
82 61
83 52
84 53
61
15 101
21 103
22 178
23 103
24 103
25 103
26 175
27 101
28 135
29 103
30 103
31 103
32 175
33 103
34 175
35 103
36 175
37 103
38 103
39 175
40 175
41 135
42 101
43 101
44 103
45 175
46 175
47 103
48 101
49 135
50 103
51 135
52 103
53 135
54 175
55 103
56 101
57 175
58 103
59 103
60 175
65 101
66 101
67 175
68 103
69 101
70 101
71 103
72 101
73 103
74 101
75 101
76 103
77 103
78 178
79 103
80 135
81 103
82 103
83 175
84 101
8
64
21 3
22 11
23 10
24 2
25 27
26 19
27 26
28 18
29 1
30 0
31 8
32 9
33 24
34 25
35 16
36 17
37 45
38 36
39 37
40 44
41 47
42 46
43 39
44 38
45 55
46 62
47 63
48 54
49 52
50 61
51 53
52 60
53 58
54 50
55 59
56 51
57 34
58 42
59 43
60 35
61 41
62 40
63 32
64 33
65 49
66 56
67 48
68 57
69 28
70 20
71 21
72 29
73 7
74 6
75 15
76 14
77 30
78 31
79 23
80 22
81 4
82 12
83 5
84 13
61
17 101
21 103
22 175
23 103
24 103
25 103
26 101
27 135
28 175
29 103
30 178
31 103
32 103
33 103
34 175
35 103
36 175
37 135
38 178
39 103
40 103
41 101
42 101
43 101
44 103
45 101
46 103
47 103
48 101
49 175
50 103
51 101
52 103
53 103
54 135
55 103
56 135
57 103
58 175
59 175
60 103
61 175
62 101
63 175
64 103
65 135
66 101
67 101
68 103
73 101
74 103
75 135
76 175
77 101
78 103
79 175
80 101
81 103
82 175
83 103
84 175
8
64
21 46
22 39
23 47
24 38
25 60
26 52
27 53
28 61
29 55
30 62
31 63
32 54
33 45
34 36
35 37
36 44
37 28
38 20
39 21
40 29
41 14
42 7
43 15
44 6
45 23
46 30
47 31
48 22
49 13
50 4
51 5
52 12
53 48
54 49
55 56
56 57
57 33
58 32
59 40
60 41
61 34
62 42
63 43
64 35
65 59
66 51
67 58
68 50
69 27
70 19
71 26
72 18
73 1
74 0
75 8
76 9
77 2
78 10
79 11
80 3
81 16
82 17
83 24
84 25
64
21 165
22 171
23 184
24 165
25 171
26 165
27 165
28 184
29 171
30 171
31 171
32 165
33 165
34 171
35 171
36 206
37 206
38 171
39 171
40 171
41 165
42 165
43 23
44 171
45 171
46 165
47 23
48 165
49 165
50 184
51 184
52 165
53 171
54 165
55 165
56 206
57 165
58 184
59 184
60 165
61 171
62 165
63 171
64 171
65 23
66 165
67 171
68 165
69 206
70 171
71 23
72 171
73 206
74 206
75 206
76 165
77 206
78 165
79 165
80 171
81 206
82 165
83 171
84 165
8
64
21 36
22 37
23 44
24 45
25 62
26 54
27 55
28 63
29 47
30 39
31 38
32 46
33 60
34 61
35 52
36 53
37 20
38 21
39 28
40 29
41 5
42 12
43 4
44 13
45 6
46 15
47 7
48 14
49 31
50 23
51 22
52 30
53 24
54 25
55 16
56 17
57 26
58 18
59 19
60 27
61 0
62 1
63 8
64 9
65 11
66 3
67 2
68 10
69 42
70 34
71 35
72 43
73 49
74 56
75 48
76 57
77 40
78 41
79 32
80 33
81 50
82 59
83 51
84 58
64
21 171
22 171
23 206
24 165
25 171
26 165
27 171
28 171
29 184
30 171
31 165
32 165
33 171
34 184
35 165
36 165
37 171
38 171
39 206
40 171
41 184
42 165
43 184
44 165
45 171
46 23
47 165
48 165
49 23
50 171
51 165
52 165
53 171
54 165
55 206
56 165
57 23
58 171
59 171
60 206
61 206
62 206
63 206
64 165
65 165
66 171
67 206
68 165
69 165
70 171
71 171
72 171
73 165
74 165
75 171
76 206
77 184
78 165
79 184
80 165
81 165
82 23
83 165
84 171
8
64
21 36
22 37
23 44
24 45
25 62
26 54
27 55
28 63
29 47
30 39
31 38
32 46
33 60
34 61
35 52
36 53
37 20
38 21
39 28
40 29
41 5
42 12
43 4
44 13
45 6
46 15
47 7
48 14
49 31
50 23
51 22
52 30
53 24
54 25
55 16
56 17
57 26
58 18
59 19
60 27
61 0
62 1
63 8
64 9
65 11
66 3
67 2
68 10
69 42
70 34
71 35
72 43
73 49
74 56
75 48
76 57
77 40
78 41
79 32
80 33
81 50
82 59
83 51
84 58
64
21 155
22 155
23 60
24 173
25 111
26 155
27 155
28 173
29 157
30 157
31 60
32 60
33 111
34 111
35 157
36 173
37 157
38 111
39 157
40 157
41 111
42 111
43 111
44 157
45 111
46 111
47 60
48 173
49 155
50 111
51 157
52 60
53 173
54 155
55 173
56 111
57 60
58 60
59 157
60 157
61 155
62 111
63 111
64 60
65 173
66 111
67 155
68 173
69 60
70 111
71 157
72 60
73 157
74 157
75 60
76 111
77 157
78 157
79 173
80 157
81 157
82 111
83 157
84 111
8
64
21 8
22 0
23 1
24 9
25 27
26 18
27 19
28 26
29 10
30 3
31 2
32 11
33 24
34 25
35 16
36 17
37 35
38 34
39 42
40 43
41 49
42 56
43 48
44 57
45 32
46 41
47 33
48 40
49 51
50 59
51 50
52 58
53 15
54 14
55 6
56 7
57 13
58 5
59 4
60 12
61 20
62 21
63 28
64 29
65 22
66 30
67 23
68 31
69 46
70 39
71 38
72 47
73 63
74 54
75 55
76 62
77 44
78 36
79 37
80 45
81 60
82 61
83 52
84 53
64
21 111
22 155
23 111
24 60
25 157
26 60
27 157
28 60
29 173
30 111
31 155
32 173
33 173
34 155
35 173
36 111
37 157
38 111
39 60
40 60
41 157
42 157
43 60
44 111
45 173
46 157
47 157
48 157
49 157
50 111
51 157
52 111
53 111
54 173
55 111
56 60
57 157
58 111
59 111
60 111
61 157
62 111
63 157
64 157
65 157
66 60
67 111
68 155
69 60
70 157
71 60
72 157
73 173
74 155
75 155
76 111
77 60
78 155
79 155
80 173
81 111
82 111
83 157
84 173
8
64
21 40
22 33
23 32
24 41
25 50
26 59
27 58
28 51
29 34
30 42
31 43
32 35
33 56
34 57
35 48
36 49
37 1
38 0
39 8
40 9
41 17
42 24
43 16
44 25
45 11
46 2
47 10
48 3
49 27
50 19
51 26
52 18
53 61
54 53
55 52
56 60
57 55
58 62
59 63
60 54
61 39
62 38
63 47
64 46
65 45
66 36
67 37
68 44
69 28
70 20
71 21
72 29
73 15
74 14
75 7
76 6
77 22
78 23
79 31
80 30
81 5
82 13
83 4
84 12
64
21 214
22 198
23 231
24 184
25 198
26 231
27 231
28 231
29 214
30 214
31 231
32 231
33 16
34 231
35 214
36 231
37 184
38 184
39 184
40 231
41 231
42 231
43 231
44 214
45 214
46 184
47 231
48 184
49 231
50 214
51 214
52 198
53 231
54 16
55 231
56 231
57 16
58 231
59 184
60 184
61 16
62 184
63 16
64 184
65 184
66 231
67 198
68 231
69 184
70 214
71 231
72 231
73 231
74 231
75 214
76 184
77 231
78 231
79 16
80 214
81 184
82 184
83 184
84 198
8
64
21 31
22 22
23 30
24 23
25 6
26 15
27 14
28 7
29 28
30 20
31 21
32 29
33 13
34 12
35 4
36 5
37 17
38 24
39 16
40 25
41 2
42 3
43 11
44 10
45 9
46 0
47 1
48 8
49 26
50 19
51 27
52 18
53 46
54 38
55 47
56 39
57 54
58 62
59 63
60 55
61 61
62 53
63 52
64 60
65 37
66 36
67 44
68 45
69 32
70 40
71 33
72 41
73 59
74 58
75 51
76 50
77 35
78 42
79 43
80 34
81 56
82 57
83 48
84 49
64
21 16
22 231
23 214
24 231
25 184
26 231
27 231
28 214
29 184
30 214
31 231
32 231
33 184
34 198
35 184
36 184
37 231
38 231
39 231
40 214
41 184
42 184
43 214
44 231
45 231
46 184
47 184
48 184
49 214
50 214
51 231
52 198
53 184
54 184
55 16
56 16
57 184
58 231
59 184
60 16
61 231
62 16
63 231
64 231
65 198
66 231
67 231
68 184
69 231
70 214
71 198
72 184
73 231
74 231
75 231
76 198
77 231
78 214
79 231
80 214
81 16
82 231
83 214
84 231
8
64
21 36
22 37
23 44
24 45
25 62
26 54
27 55
28 63
29 47
30 39
31 38
32 46
33 60
34 61
35 52
36 53
37 20
38 21
39 28
40 29
41 5
42 12
43 4
44 13
45 6
46 15
47 7
48 14
49 31
50 23
51 22
52 30
53 24
54 25
55 16
56 17
57 26
58 18
59 19
60 27
61 0
62 1
63 8
64 9
65 11
66 3
67 2
68 10
69 42
70 34
71 35
72 43
73 49
74 56
75 48
76 57
77 40
78 41
79 32
80 33
81 50
82 59
83 51
84 58
64
21 227
22 227
23 227
24 79
25 173
26 76
27 173
28 173
29 173
30 79
31 173
32 79
33 79
34 173
35 79
36 76
37 173
38 223
39 76
40 76
41 227
42 173
43 227
44 173
45 227
46 227
47 223
48 227
49 79
50 76
51 76
52 76
53 227
54 223
55 223
56 173
57 76
58 173
59 173
60 76
61 173
62 223
63 223
64 173
65 173
66 227
67 223
68 173
69 79
70 79
71 227
72 79
73 76
74 173
75 227
76 227
77 227
78 223
79 227
80 76
81 227
82 79
83 79
84 76
8
64
21 11
22 3
23 10
24 2
25 9
26 0
27 1
28 8
29 16
30 17
31 24
32 25
33 18
34 26
35 27
36 19
37 48
38 49
39 56
40 57
41 41
42 32
43 33
44 40
45 43
46 35
47 42
48 34
49 50
50 58
51 59
52 51
53 60
54 52
55 53
56 61
57 39
58 46
59 47
60 38
61 62
62 55
63 63
64 54
65 37
66 36
67 44
68 45
69 7
70 14
71 15
72 6
73 28
74 20
75 21
76 29
77 30
78 23
79 31
80 22
81 5
82 4
83 12
84 13
64
21 173
22 227
23 173
24 223
25 173
26 173
27 223
28 223
29 223
30 173
31 227
32 223
33 173
34 76
35 76
36 173
37 227
38 76
39 173
40 227
41 223
42 227
43 76
44 227
45 79
46 227
47 79
48 79
49 227
50 76
51 79
52 79
53 79
54 79
55 76
56 173
57 79
58 79
59 173
60 173
61 173
62 173
63 173
64 76
65 227
66 227
67 227
68 79
69 223
70 227
71 227
72 227
73 76
74 173
75 223
76 76
77 76
78 76
79 79
80 76
81 227
82 227
83 173
84 173
8
64
21 46
22 39
23 47
24 38
25 60
26 52
27 53
28 61
29 55
30 62
31 63
32 54
33 45
34 36
35 37
36 44
37 28
38 20
39 21
40 29
41 14
42 7
43 15
44 6
45 23
46 30
47 31
48 22
49 13
50 4
51 5
52 12
53 48
54 49
55 56
56 57
57 33
58 32
59 40
60 41
61 34
62 42
63 43
64 35
65 59
66 51
67 58
68 50
69 27
70 19
71 26
72 18
73 1
74 0
75 8
76 9
77 2
78 10
79 11
80 3
81 16
82 17
83 24
84 25
64
21 172
22 184
23 88
24 184
25 88
26 172
27 172
28 88
29 88
30 88
31 88
32 172
33 172
34 13
35 13
36 184
37 13
38 172
39 172
40 13
41 13
42 13
43 88
44 88
45 172
46 13
47 184
48 172
49 172
50 88
51 88
52 172
53 184
54 172
55 88
56 88
57 172
58 13
59 13
60 172
61 13
62 172
63 13
64 184
65 88
66 172
67 88
68 88
69 13
70 88
71 13
72 184
73 88
74 88
75 88
76 13
77 88
78 172
79 172
80 88
81 13
82 184
83 13
84 172
8
64
21 56
22 57
23 48
24 49
25 51
26 58
27 50
28 59
29 33
30 40
31 32
32 41
33 34
34 35
35 42
36 43
37 46
38 47
39 38
40 39
41 53
42 60
43 52
44 61
45 36
46 37
47 44
48 45
49 54
50 55
51 62
52 63
53 10
54 11
55 2
56 3
57 17
58 24
59 16
60 25
61 0
62 1
63 8
64 9
65 18
66 19
67 26
68 27
69 12
70 13
71 4
72 5
73 7
74 14
75 6
76 15
77 20
78 21
79 28
80 29
81 30
82 31
83 22
84 23
64
21 88
22 88
23 184
24 172
25 172
26 88
27 88
28 88
29 172
30 13
31 13
32 172
33 13
34 184
35 172
36 13
37 172
38 88
39 184
40 184
41 172
42 88
43 172
44 88
45 13
46 13
47 184
48 172
49 172
50 88
51 88
52 88
53 172
54 172
55 88
56 88
57 184
58 13
59 13
60 172
61 88
62 88
63 88
64 13
65 184
66 88
67 13
68 13
69 172
70 172
71 88
72 88
73 13
74 13
75 88
76 88
77 172
78 172
79 13
80 13
81 13
82 184
83 172
84 172
8
64
21 1
22 0
23 8
24 9
25 17
26 24
27 16
28 25
29 3
30 2
31 11
32 10
33 19
34 26
35 27
36 18
37 5
38 13
39 4
40 12
41 28
42 20
43 21
44 29
45 30
46 22
47 31
48 23
49 7
50 15
51 14
52 6
53 45
54 36
55 37
56 44
57 63
58 55
59 62
60 54
61 61
62 53
63 52
64 60
65 47
66 38
67 46
68 39
69 40
70 33
71 32
72 41
73 58
74 59
75 51
76 50
77 42
78 35
79 43
80 34
81 56
82 57
83 48
84 49
64
21 176
22 188
23 176
24 48
25 188
26 48
27 48
28 176
29 176
30 188
31 188
32 188
33 48
34 191
35 188
36 176
37 176
38 191
39 176
40 188
41 176
42 188
43 188
44 188
45 188
46 188
47 191
48 191
49 188
50 188
51 48
52 176
53 188
54 176
55 48
56 191
57 188
58 48
59 191
60 191
61 191
62 191
63 188
64 191
65 48
66 188
67 191
68 191
69 188
70 176
71 48
72 191
73 191
74 191
75 188
76 191
77 188
78 48
79 191
80 191
81 191
82 191
83 188
84 191
8
64
21 46
22 39
23 47
24 38
25 60
26 52
27 53
28 61
29 55
30 62
31 63
32 54
33 45
34 36
35 37
36 44
37 28
38 20
39 21
40 29
41 14
42 7
43 15
44 6
45 23
46 30
47 31
48 22
49 13
50 4
51 5
52 12
53 48
54 49
55 56
56 57
57 33
58 32
59 40
60 41
61 34
62 42
63 43
64 35
65 59
66 51
67 58
68 50
69 27
70 19
71 26
72 18
73 1
74 0
75 8
76 9
77 2
78 10
79 11
80 3
81 16
82 17
83 24
84 25
64
21 191
22 191
23 48
24 188
25 191
26 188
27 191
28 191
29 48
30 191
31 188
32 191
33 188
34 176
35 48
36 191
37 176
38 188
39 188
40 188
41 48
42 188
43 188
44 176
45 191
46 188
47 191
48 188
49 191
50 176
51 176
52 188
53 188
54 191
55 191
56 191
57 176
58 48
59 188
60 191
61 191
62 188
63 191
64 48
65 191
66 188
67 191
68 191
69 188
70 48
71 191
72 176
73 176
74 188
75 176
76 48
77 188
78 188
79 188
80 176
81 48
82 188
83 48
84 176
8
64
21 2
22 11
23 3
24 10
25 17
26 24
27 16
28 25
29 0
30 1
31 8
32 9
33 26
34 18
35 19
36 27
37 62
38 54
39 55
40 63
41 38
42 47
43 39
44 46
45 36
46 37
47 44
48 45
49 53
50 60
51 52
52 61
53 20
54 21
55 28
56 29
57 12
58 13
59 4
60 5
61 15
62 7
63 6
64 14
65 22
66 31
67 23
68 30
69 56
70 57
71 48
72 49
73 59
74 51
75 50
76 58
77 33
78 40
79 32
80 41
81 42
82 34
83 35
84 43
61
5 0
25 0
26 48
27 48
28 236
29 0
30 209
31 209
32 0
33 0
34 0
35 48
36 0
37 168
38 0
39 236
40 236
41 209
42 0
43 0
44 209
45 236
46 236
47 0
48 209
49 209
50 168
51 236
52 168
53 48
54 48
55 0
56 0
57 0
58 0
59 209
60 209
61 0
62 209
63 209
64 0
65 209
66 0
67 0
68 209
69 0
70 168
71 209
72 0
73 168
74 236
75 0
76 168
77 48
78 236
79 0
80 209
81 236
82 236
83 0
84 0
8
64
21 13
22 4
23 5
24 12
25 28
26 20
27 21
28 29
29 31
30 23
31 30
32 22
33 6
34 14
35 15
36 7
37 48
38 49
39 56
40 57
41 33
42 32
43 40
44 41
45 42
46 35
47 43
48 34
49 51
50 58
51 59
52 50
53 63
54 55
55 62
56 54
57 38
58 46
59 47
60 39
61 60
62 52
63 53
64 61
65 45
66 36
67 37
68 44
69 19
70 26
71 27
72 18
73 1
74 0
75 8
76 9
77 10
78 3
79 11
80 2
81 16
82 17
83 24
84 25
61
19 0
21 0
22 209
23 209
24 0
25 0
26 48
27 48
28 0
29 0
30 0
31 209
32 209
33 209
34 0
35 0
36 209
37 209
38 0
39 0
40 168
41 48
42 0
43 236
44 209
45 236
46 0
47 0
48 236
49 236
50 168
51 168
52 0
53 236
54 236
55 168
56 0
57 209
58 209
59 0
60 0
61 168
62 236
63 209
64 168
65 209
66 236
67 236
68 0
69 48
70 0
71 0
72 0
73 209
74 0
75 209
76 0
81 48
82 0
83 48
84 236
8
64
21 0
22 1
23 8
24 9
25 2
26 3
27 10
28 11
29 16
30 17
31 24
32 25
33 18
34 19
35 26
36 27
37 4
38 5
39 12
40 13
41 6
42 7
43 14
44 15
45 20
46 21
47 28
48 29
49 22
50 23
51 30
52 31
53 32
54 33
55 40
56 41
57 34
58 35
59 42
60 43
61 48
62 49
63 56
64 57
65 50
66 51
67 58
68 59
69 36
70 37
71 44
72 45
73 38
74 39
75 46
76 47
77 52
78 53
79 60
80 61
81 54
82 55
83 62
84 63
58
14 5
18 5
21 243
22 243
23 95
24 95
25 243
26 243
27 5
28 5
29 95
30 95
31 94
32 5
33 5
34 5
35 5
36 94
37 243
38 243
39 5
40 5
41 243
42 95
43 243
44 94
45 195
46 5
47 195
48 94
49 95
50 94
51 5
52 94
53 95
54 5
55 95
56 5
61 5
62 5
63 5
64 94
65 5
66 5
67 94
68 94
69 195
70 94
71 5
72 5
77 5
78 5
79 94
80 94
81 5
82 243
83 94
84 5
8
64
21 43
22 34
23 35
24 42
25 49
26 56
27 48
28 57
29 32
30 41
31 33
32 40
33 59
34 58
35 50
36 51
37 30
38 23
39 22
40 31
41 13
42 5
43 4
44 12
45 7
46 15
47 6
48 14
49 20
50 21
51 28
52 29
53 8
54 0
55 1
56 9
57 19
58 18
59 26
60 27
61 2
62 10
63 3
64 11
65 24
66 25
67 16
68 17
69 55
70 54
71 62
72 63
73 60
74 61
75 52
76 53
77 44
78 36
79 37
80 45
81 38
82 46
83 39
84 47
58
5 5
20 5
25 5
26 5
27 5
28 94
29 95
30 5
31 5
32 95
33 94
34 94
35 5
36 5
37 5
38 94
39 95
40 94
41 5
42 243
43 243
44 5
45 95
46 94
47 243
48 243
49 195
50 5
51 195
52 94
53 95
54 243
55 243
56 95
57 5
58 5
59 5
60 94
61 243
62 5
63 243
64 5
65 94
66 5
67 95
68 95
69 243
70 5
71 94
72 5
73 94
74 94
75 5
76 5
77 5
78 195
79 94
80 5
8
64
21 13
22 4
23 5
24 12
25 28
26 20
27 21
28 29
29 31
30 23
31 30
32 22
33 6
34 14
35 15
36 7
37 48
38 49
39 56
40 57
41 33
42 32
43 40
44 41
45 42
46 35
47 43
48 34
49 51
50 58
51 59
52 50
53 63
54 55
55 62
56 54
57 38
58 46
59 47
60 39
61 60
62 52
63 53
64 61
65 45
66 36
67 37
68 44
69 19
70 26
71 27
72 18
73 1
74 0
75 8
76 9
77 10
78 3
79 11
80 2
81 16
82 17
83 24
84 25
58
12 187
15 187
21 27
22 187
23 187
24 15
25 187
26 187
27 149
28 149
29 167
30 187
31 149
32 149
33 187
34 15
35 187
36 149
37 27
38 187
39 167
40 187
41 27
42 15
43 149
44 187
45 187
46 187
47 15
48 15
53 187
54 187
55 187
56 149
57 27
58 27
59 167
60 167
65 187
66 27
67 27
68 15
69 149
70 149
71 187
72 149
73 187
74 167
75 187
76 15
77 15
78 187
79 15
80 167
81 187
82 149
83 187
84 27
8
64
21 46
22 39
23 47
24 38
25 60
26 52
27 53
28 61
29 55
30 62
31 63
32 54
33 45
34 36
35 37
36 44
37 28
38 20
39 21
40 29
41 14
42 7
43 15
44 6
45 23
46 30
47 31
48 22
49 13
50 4
51 5
52 12
53 48
54 49
55 56
56 57
57 33
58 32
59 40
60 41
61 34
62 42
63 43
64 35
65 59
66 51
67 58
68 50
69 27
70 19
71 26
72 18
73 1
74 0
75 8
76 9
77 2
78 10
79 11
80 3
81 16
82 17
83 24
84 25
58
6 187
16 187
21 27
22 167
23 167
24 27
29 187
30 187
31 187
32 149
33 187
34 27
35 27
36 15
37 187
38 187
39 149
40 149
41 15
42 149
43 187
44 187
45 187
46 149
47 167
48 149
49 27
50 187
51 187
52 15
53 27
54 187
55 167
56 187
57 27
58 15
59 149
60 187
61 15
62 187
63 15
64 187
69 187
70 149
71 149
72 149
73 187
74 167
75 187
76 15
77 167
78 15
79 15
80 187
81 187
82 149
83 187
84 27
8
64
21 8
22 0
23 1
24 9
25 27
26 18
27 19
28 26
29 10
30 3
31 2
32 11
33 24
34 25
35 16
36 17
37 35
38 34
39 42
40 43
41 49
42 56
43 48
44 57
45 32
46 41
47 33
48 40
49 51
50 59
51 50
52 58
53 15
54 14
55 6
56 7
57 13
58 5
59 4
60 12
61 20
62 21
63 28
64 29
65 22
66 30
67 23
68 31
69 46
70 39
71 38
72 47
73 63
74 54
75 55
76 62
77 44
78 36
79 37
80 45
81 60
82 61
83 52
84 53
58
10 72
20 229
21 151
22 56
23 56
24 151
25 151
26 229
27 229
28 151
29 151
30 56
31 56
32 151
33 151
34 160
35 229
36 229
37 229
38 72
39 56
40 229
45 72
46 56
47 72
48 56
49 229
50 229
51 72
52 229
53 151
54 151
55 56
56 56
57 151
58 56
59 56
60 151
61 229
62 229
63 160
64 151
65 229
66 151
67 229
68 151
69 229
70 72
71 160
72 56
73 72
74 229
75 72
76 229
77 229
78 160
79 160
80 229
8
64
21 50
22 51
23 59
24 58
25 42
26 35
27 43
28 34
29 41
30 40
31 32
32 33
33 49
34 56
35 48
36 57
37 52
38 61
39 53
40 60
41 45
42 36
43 37
44 44
45 63
46 55
47 62
48 54
49 39
50 47
51 46
52 38
53 4
54 12
55 5
56 13
57 28
58 20
59 21
60 29
61 22
62 31
63 30
64 23
65 15
66 6
67 14
68 7
69 11
70 10
71 3
72 2
73 19
74 26
75 27
76 18
77 1
78 0
79 8
80 9
81 24
82 25
83 16
84 17
58
8 72
9 229
21 72
22 229
23 229
24 229
25 56
26 229
27 229
28 72
29 56
30 56
31 72
32 72
41 229
42 160
43 160
44 229
45 72
46 72
47 229
48 229
49 72
50 56
51 229
52 160
53 56
54 151
55 56
56 151
57 160
58 229
59 229
60 151
61 229
62 151
63 151
64 229
65 151
66 56
67 151
68 56
69 151
70 151
71 56
72 56
73 229
74 151
75 151
76 229
77 56
78 56
79 151
80 151
81 151
82 160
83 229
84 229
8
64
21 6
22 7
23 15
24 14
25 28
26 20
27 21
28 29
29 31
30 30
31 23
32 22
33 12
34 5
35 4
36 13
37 46
38 47
39 39
40 38
41 37
42 36
43 44
44 45
45 62
46 55
47 63
48 54
49 52
50 61
51 53
52 60
53 59
54 50
55 58
56 51
57 43
58 35
59 42
60 34
61 33
62 41
63 32
64 40
65 49
66 56
67 48
68 57
69 18
70 26
71 27
72 19
73 24
74 25
75 16
76 17
77 9
78 0
79 1
80 8
81 2
82 11
83 10
84 3
46
6 231
9 231
11 231
15 210
19 210
20 210
21 210
22 231
23 210
24 132
29 133
30 132
31 210
32 231
33 192
34 210
35 210
36 231
41 231
42 210
43 231
44 210
49 210
50 231
51 210
52 231
53 231
54 133
55 231
56 231
57 133
58 210
59 192
60 133
65 231
66 133
67 231
68 231
69 210
70 192
71 132
72 231
73 210
74 231
75 210
76 210
8
64
21 6
22 7
23 15
24 14
25 28
26 20
27 21
28 29
29 31
30 30
31 23
32 22
33 12
34 5
35 4
36 13
37 46
38 47
39 39
40 38
41 37
42 36
43 44
44 45
45 62
46 55
47 63
48 54
49 52
50 61
51 53
52 60
53 59
54 50
55 58
56 51
57 43
58 35
59 42
60 34
61 33
62 41
63 32
64 40
65 49
66 56
67 48
68 57
69 18
70 26
71 27
72 19
73 24
74 25
75 16
76 17
77 9
78 0
79 1
80 8
81 2
82 11
83 10
84 3
46
6 231
9 231
11 231
15 210
19 210
20 210
21 210
22 231
23 210
24 132
29 133
30 132
31 210
32 231
33 192
34 210
35 210
36 231
41 231
42 210
43 231
44 210
49 210
50 231
51 210
52 231
53 231
54 133
55 231
56 231
57 133
58 210
59 192
60 133
65 231
66 133
67 231
68 231
69 210
70 192
71 132
72 231
73 210
74 231
75 210
76 210
8
64
21 13
22 4
23 5
24 12
25 28
26 20
27 21
28 29
29 31
30 23
31 30
32 22
33 6
34 14
35 15
36 7
37 48
38 49
39 56
40 57
41 33
42 32
43 40
44 41
45 42
46 35
47 43
48 34
49 51
50 58
51 59
52 50
53 63
54 55
55 62
56 54
57 38
58 46
59 47
60 39
61 60
62 52
63 53
64 61
65 45
66 36
67 37
68 44
69 19
70 26
71 27
72 18
73 1
74 0
75 8
76 9
77 10
78 3
79 11
80 2
81 16
82 17
83 24
84 25
64
21 194
22 194
23 194
24 207
25 126
26 126
27 194
28 194
29 207
30 126
31 194
32 194
33 54
34 194
35 126
36 194
37 194
38 207
39 207
40 126
41 126
42 194
43 194
44 126
45 207
46 126
47 207
48 54
49 207
50 126
51 126
52 207
53 126
54 199
55 126
56 207
57 194
58 126
59 207
60 207
61 126
62 126
63 126
64 199
65 199
66 54
67 207
68 126
69 54
70 126
71 194
72 207
73 194
74 54
75 194
76 194
77 126
78 194
79 54
80 54
81 54
82 207
83 54
84 126
8
64
21 31
22 22
23 30
24 23
25 6
26 15
27 14
28 7
29 28
30 20
31 21
32 29
33 13
34 12
35 4
36 5
37 17
38 24
39 16
40 25
41 2
42 3
43 11
44 10
45 9
46 0
47 1
48 8
49 26
50 19
51 27
52 18
53 46
54 38
55 47
56 39
57 54
58 62
59 63
60 55
61 61
62 53
63 52
64 60
65 37
66 36
67 44
68 45
69 32
70 40
71 33
72 41
73 59
74 58
75 51
76 50
77 35
78 42
79 43
80 34
81 56
82 57
83 48
84 49
64
21 207
22 194
23 194
24 126
25 54
26 126
27 194
28 194
29 126
30 126
31 194
32 194
33 194
34 207
35 194
36 194
37 207
38 54
39 54
40 126
41 54
42 194
43 54
44 126
45 194
46 54
47 194
48 194
49 126
50 54
51 194
52 207
53 126
54 194
55 207
56 207
57 207
58 126
59 126
60 199
61 199
62 126
63 126
64 126
65 207
66 54
67 126
68 199
69 194
70 194
71 126
72 126
73 126
74 126
75 207
76 207
77 126
78 207
79 207
80 54
81 207
82 126
83 194
84 207
8
64
21 3
22 11
23 10
24 2
25 27
26 19
27 26
28 18
29 1
30 0
31 8
32 9
33 24
34 25
35 16
36 17
37 45
38 36
39 37
40 44
41 47
42 46
43 39
44 38
45 55
46 62
47 63
48 54
49 52
50 61
51 53
52 60
53 58
54 50
55 59
56 51
57 34
58 42
59 43
60 35
61 41
62 40
63 32
64 33
65 49
66 56
67 48
68 57
69 28
70 20
71 21
72 29
73 7
74 6
75 15
76 14
77 30
78 31
79 23
80 22
81 4
82 12
83 5
84 13
58
17 83
20 80
21 80
22 83
23 176
24 80
25 83
26 194
27 194
28 83
29 80
30 83
31 83
32 194
33 83
34 83
35 83
36 194
37 83
38 83
39 194
40 80
41 80
42 83
43 80
44 83
45 80
46 176
47 83
48 83
49 83
50 176
51 83
52 176
53 176
54 83
55 176
56 83
57 83
58 83
59 80
60 83
61 80
62 83
63 83
64 83
65 83
66 80
67 83
68 176
73 80
74 80
75 80
76 83
77 83
78 80
79 80
80 83
8
64
21 8
22 0
23 1
24 9
25 27
26 18
27 19
28 26
29 10
30 3
31 2
32 11
33 24
34 25
35 16
36 17
37 35
38 34
39 42
40 43
41 49
42 56
43 48
44 57
45 32
46 41
47 33
48 40
49 51
50 59
51 50
52 58
53 15
54 14
55 6
56 7
57 13
58 5
59 4
60 12
61 20
62 21
63 28
64 29
65 22
66 30
67 23
68 31
69 46
70 39
71 38
72 47
73 63
74 54
75 55
76 62
77 44
78 36
79 37
80 45
81 60
82 61
83 52
84 53
58
14 80
15 83
21 83
22 83
23 80
24 194
25 83
26 83
27 194
28 194
29 176
30 80
31 80
32 83
33 83
34 83
35 83
36 194
37 83
38 83
39 83
40 80
41 83
42 80
43 83
44 176
45 83
46 80
47 83
48 83
49 83
50 176
51 83
52 176
53 80
54 83
55 80
56 80
65 83
66 83
67 80
68 80
69 83
70 80
71 83
72 80
73 83
74 83
75 80
76 176
77 80
78 83
79 194
80 83
81 176
82 176
83 83
84 83
8
64
21 54
22 62
23 63
24 55
25 37
26 36
27 44
28 45
29 52
30 61
31 53
32 60
33 38
34 47
35 46
36 39
37 51
38 50
39 59
40 58
41 35
42 42
43 43
44 34
45 33
46 41
47 32
48 40
49 49
50 56
51 48
52 57
53 23
54 31
55 30
56 22
57 14
58 6
59 15
60 7
61 28
62 20
63 21
64 29
65 12
66 5
67 4
68 13
69 26
70 19
71 27
72 18
73 24
74 25
75 16
76 17
77 9
78 0
79 1
80 8
81 10
82 11
83 3
84 2
64
21 34
22 99
23 41
24 55
25 7
26 7
27 99
28 99
29 34
30 99
31 34
32 99
33 41
34 55
35 41
36 55
37 34
38 34
39 99
40 99
41 7
42 99
43 99
44 7
45 41
46 41
47 7
48 7
49 34
50 34
51 7
52 99
53 55
54 55
55 41
56 41
57 7
58 41
59 55
60 34
61 7
62 99
63 99
64 7
65 55
66 41
67 41
68 55
69 7
70 99
71 7
72 99
73 7
74 41
75 7
76 41
77 7
78 99
79 41
80 7
81 55
82 55
83 41
84 41
8
64
21 13
22 4
23 5
24 12
25 28
26 20
27 21
28 29
29 31
30 23
31 30
32 22
33 6
34 14
35 15
36 7
37 48
38 49
39 56
40 57
41 33
42 32
43 40
44 41
45 42
46 35
47 43
48 34
49 51
50 58
51 59
52 50
53 63
54 55
55 62
56 54
57 38
58 46
59 47
60 39
61 60
62 52
63 53
64 61
65 45
66 36
67 37
68 44
69 19
70 26
71 27
72 18
73 1
74 0
75 8
76 9
77 10
78 3
79 11
80 2
81 16
82 17
83 24
84 25
64
21 55
22 41
23 41
24 55
25 7
26 99
27 99
28 7
29 55
30 55
31 41
32 41
33 41
34 7
35 55
36 34
37 7
38 34
39 34
40 99
41 41
42 7
43 7
44 41
45 99
46 7
47 99
48 7
49 34
50 99
51 99
52 34
53 41
54 55
55 99
56 34
57 41
58 41
59 55
60 55
61 99
62 34
63 34
64 99
65 99
66 7
67 7
68 99
69 99
70 7
71 7
72 99
73 41
74 99
75 7
76 7
77 55
78 41
79 55
80 41
81 7
82 41
83 7
84 41
8
64
21 40
22 33
23 32
24 41
25 50
26 59
27 58
28 51
29 34
30 42
31 43
32 35
33 56
34 57
35 48
36 49
37 1
38 0
39 8
40 9
41 17
42 24
43 16
44 25
45 11
46 2
47 10
48 3
49 27
50 19
51 26
52 18
53 61
54 53
55 52
56 60
57 55
58 62
59 63
60 54
61 39
62 38
63 47
64 46
65 45
66 36
67 37
68 44
69 28
70 20
71 21
72 29
73 15
74 14
75 7
76 6
77 22
78 23
79 31
80 30
81 5
82 13
83 4
84 12
52
11 184
12 184
17 184
20 184
21 104
22 184
23 104
24 184
25 184
26 184
27 184
28 104
29 184
30 225
31 104
32 184
33 184
34 184
35 104
36 184
37 184
38 184
39 104
40 184
41 184
42 104
43 104
44 184
53 184
54 184
55 104
56 184
57 119
58 184
59 254
60 184
61 119
62 184
63 119
64 184
65 184
66 184
67 184
68 104
73 119
74 184
75 119
76 184
77 184
78 119
79 119
80 184
8
64
21 13
22 4
23 5
24 12
25 28
26 20
27 21
28 29
29 31
30 23
31 30
32 22
33 6
34 14
35 15
36 7
37 48
38 49
39 56
40 57
41 33
42 32
43 40
44 41
45 42
46 35
47 43
48 34
49 51
50 58
51 59
52 50
53 63
54 55
55 62
56 54
57 38
58 46
59 47
60 39
61 60
62 52
63 53
64 61
65 45
66 36
67 37
68 44
69 19
70 26
71 27
72 18
73 1
74 0
75 8
76 9
77 10
78 3
79 11
80 2
81 16
82 17
83 24
84 25
52
5 184
6 184
17 184
19 184
29 119
30 119
31 184
32 184
33 184
34 184
35 119
36 119
37 104
38 184
39 184
40 184
41 184
42 104
43 104
44 184
45 225
46 184
47 104
48 184
49 104
50 184
51 184
52 184
53 254
54 119
55 184
56 184
57 184
58 184
59 119
60 119
61 184
62 104
63 184
64 184
65 184
66 184
67 184
68 104
73 184
74 184
75 104
76 184
81 104
82 184
83 104
84 184
8
64
21 43
22 34
23 35
24 42
25 49
26 56
27 48
28 57
29 32
30 41
31 33
32 40
33 59
34 58
35 50
36 51
37 30
38 23
39 22
40 31
41 13
42 5
43 4
44 12
45 7
46 15
47 6
48 14
49 20
50 21
51 28
52 29
53 8
54 0
55 1
56 9
57 19
58 18
59 26
60 27
61 2
62 10
63 3
64 11
65 24
66 25
67 16
68 17
69 55
70 54
71 62
72 63
73 60
74 61
75 52
76 53
77 44
78 36
79 37
80 45
81 38
82 46
83 39
84 47
52
5 174
8 174
18 174
19 174
25 174
26 39
27 249
28 174
29 249
30 174
31 136
32 249
37 249
38 136
39 136
40 136
41 174
42 59
43 59
44 174
45 59
46 136
47 59
48 174
49 59
50 59
51 249
52 249
53 249
54 136
55 59
56 174
57 59
58 59
59 249
60 249
61 59
62 174
63 59
64 174
65 249
66 249
67 249
68 136
69 136
70 174
71 174
72 136
81 136
82 174
83 136
84 136
8
64
21 14
22 7
23 6
24 15
25 4
26 13
27 5
28 12
29 20
30 21
31 28
32 29
33 23
34 31
35 22
36 30
37 44
38 36
39 37
40 45
41 53
42 60
43 52
44 61
45 47
46 46
47 38
48 39
49 63
50 54
51 55
52 62
53 27
54 18
55 19
56 26
57 11
58 10
59 2
60 3
61 8
62 0
63 1
64 9
65 17
66 24
67 16
68 25
69 56
70 57
71 48
72 49
73 50
74 58
75 51
76 59
77 41
78 33
79 32
80 40
81 35
82 34
83 42
84 43
52
9 174
10 174
18 174
20 174
21 174
22 59
23 59
24 136
25 59
26 174
27 59
28 174
29 59
30 59
31 249
32 249
33 136
34 136
35 136
36 249
45 136
46 174
47 136
48 136
49 136
50 174
51 136
52 174
53 249
54 59
55 59
56 249
57 174
58 174
59 59
60 59
61 249
62 136
63 59
64 174
65 136
66 249
67 249
68 249
69 39
70 174
71 249
72 174
77 174
78 136
79 249
80 249
8
64
21 23
22 22
23 30
24 31
25 12
26 4
27 5
28 13
29 15
30 6
31 7
32 14
33 20
34 21
35 28
36 29
37 16
38 17
39 24
40 25
41 8
42 0
43 1
44 9
45 11
46 2
47 3
48 10
49 19
50 18
51 26
52 27
53 40
54 32
55 33
56 41
57 43
58 34
59 35
60 42
61 48
62 49
63 56
64 57
65 51
66 50
67 58
68 59
69 47
70 38
71 39
72 46
73 44
74 36
75 37
76 45
77 52
78 53
79 60
80 61
81 55
82 54
83 62
84 63
61
10 70
21 66
22 136
23 70
24 136
25 122
26 70
27 70
28 70
29 66
30 70
31 122
32 122
33 70
34 136
35 136
36 136
37 0
38 66
39 122
40 136
45 122
46 70
47 70
48 66
49 136
50 66
51 70
52 70
53 122
54 122
55 70
56 66
57 70
58 70
59 122
60 136
61 122
62 66
63 136
64 0
65 70
66 70
67 0
68 0
69 136
70 122
71 136
72 70
73 66
74 122
75 70
76 136
77 136
78 136
79 0
80 0
81 136
82 66
83 0
84 0
8
64
21 63
22 54
23 55
24 62
25 44
26 36
27 37
28 45
29 39
30 38
31 46
32 47
33 52
34 53
35 60
36 61
37 16
38 17
39 24
40 25
41 8
42 0
43 1
44 9
45 3
46 2
47 10
48 11
49 27
50 18
51 19
52 26
53 7
54 6
55 14
56 15
57 12
58 4
59 5
60 13
61 20
62 21
63 28
64 29
65 31
66 22
67 23
68 30
69 40
70 32
71 33
72 41
73 35
74 34
75 42
76 43
77 48
78 49
79 56
80 57
81 59
82 50
83 51
84 58
61
10 70
21 0
22 66
23 136
24 0
25 66
26 122
27 70
28 136
29 136
30 122
31 70
32 136
33 136
34 136
35 0
36 0
37 0
38 66
39 122
40 136
45 70
46 70
47 66
48 122
49 70
50 66
51 136
52 70
53 122
54 70
55 122
56 66
57 122
58 70
59 70
60 70
61 70
62 136
63 136
64 136
65 136
66 136
67 66
68 70
69 122
70 122
71 70
72 66
73 122
74 70
75 136
76 70
77 122
78 66
79 136
80 0
81 0
82 70
83 70
84 0
8
64
21 36
22 37
23 44
24 45
25 62
26 54
27 55
28 63
29 47
30 39
31 38
32 46
33 60
34 61
35 52
36 53
37 20
38 21
39 28
40 29
41 5
42 12
43 4
44 13
45 6
46 15
47 7
48 14
49 31
50 23
51 22
52 30
53 24
54 25
55 16
56 17
57 26
58 18
59 19
60 27
61 0
62 1
63 8
64 9
65 11
66 3
67 2
68 10
69 42
70 34
71 35
72 43
73 49
74 56
75 48
76 57
77 40
78 41
79 32
80 33
81 50
82 59
83 51
84 58
61
10 102
21 191
22 63
23 102
24 102
25 191
26 232
27 191
28 191
29 102
30 232
31 102
32 191
33 102
34 102
35 191
36 63
37 102
38 232
39 63
40 63
45 191
46 191
47 191
48 232
49 232
50 102
51 191
52 102
53 232
54 63
55 191
56 63
57 102
58 102
59 191
60 102
61 191
62 191
63 191
64 102
65 191
66 232
67 102
68 102
69 232
70 191
71 191
72 102
73 102
74 191
75 191
76 191
77 191
78 102
79 232
80 102
81 232
82 102
83 191
84 102
8
64
21 11
22 3
23 10
24 2
25 9
26 0
27 1
28 8
29 16
30 17
31 24
32 25
33 18
34 26
35 27
36 19
37 48
38 49
39 56
40 57
41 41
42 32
43 33
44 40
45 43
46 35
47 42
48 34
49 50
50 58
51 59
52 51
53 60
54 52
55 53
56 61
57 39
58 46
59 47
60 38
61 62
62 55
63 63
64 54
65 37
66 36
67 44
68 45
69 7
70 14
71 15
72 6
73 28
74 20
75 21
76 29
77 30
78 23
79 31
80 22
81 5
82 4
83 12
84 13
61
20 102
21 191
22 232
23 102
24 102
25 102
26 191
27 191
28 191
29 191
30 63
31 232
32 63
33 102
34 102
35 102
36 191
37 191
38 102
39 191
40 191
41 102
42 232
43 102
44 191
45 102
46 191
47 232
48 191
49 232
50 102
51 102
52 191
53 102
54 191
55 63
56 102
57 232
58 191
59 102
60 102
61 191
62 191
63 191
64 232
65 63
66 191
67 102
68 102
69 191
70 232
71 191
72 191
73 63
74 102
75 232
76 63
77 102
78 102
79 232
80 191
8
64
21 1
22 0
23 8
24 9
25 17
26 24
27 16
28 25
29 3
30 2
31 11
32 10
33 19
34 26
35 27
36 18
37 5
38 13
39 4
40 12
41 28
42 20
43 21
44 29
45 30
46 22
47 31
48 23
49 7
50 15
51 14
52 6
53 45
54 36
55 37
56 44
57 63
58 55
59 62
60 54
61 61
62 53
63 52
64 60
65 47
66 38
67 46
68 39
69 40
70 33
71 32
72 41
73 58
74 59
75 51
76 50
77 42
78 35
79 43
80 34
81 56
82 57
83 48
84 49
61
11 41
21 217
22 1
23 217
24 217
25 72
26 76
27 217
28 41
29 217
30 217
31 76
32 72
33 1
34 72
35 41
36 41
37 217
38 76
39 217
40 72
41 72
42 72
43 1
44 217
49 72
50 41
51 41
52 217
53 1
54 217
55 1
56 41
57 76
58 41
59 41
60 217
61 41
62 217
63 41
64 76
65 41
66 76
67 1
68 41
69 76
70 1
71 76
72 76
73 41
74 41
75 1
76 41
77 1
78 217
79 1
80 41
81 72
82 41
83 217
84 217
8
64
21 56
22 57
23 48
24 49
25 51
26 58
27 50
28 59
29 33
30 40
31 32
32 41
33 34
34 35
35 42
36 43
37 46
38 47
39 38
40 39
41 53
42 60
43 52
44 61
45 36
46 37
47 44
48 45
49 54
50 55
51 62
52 63
53 10
54 11
55 2
56 3
57 17
58 24
59 16
60 25
61 0
62 1
63 8
64 9
65 18
66 19
67 26
68 27
69 12
70 13
71 4
72 5
73 7
74 14
75 6
76 15
77 20
78 21
79 28
80 29
81 30
82 31
83 22
84 23
61
20 41
21 72
22 41
23 217
24 217
25 1
26 41
27 41
28 41
29 1
30 76
31 76
32 76
33 41
34 217
35 1
36 1
37 1
38 41
39 76
40 41
41 217
42 76
43 41
44 41
45 217
46 1
47 41
48 1
49 217
50 41
51 41
52 76
53 72
54 76
55 217
56 217
57 72
58 76
59 217
60 41
61 1
62 217
63 217
64 217
65 41
66 1
67 72
68 41
69 72
70 76
71 217
72 217
73 72
74 41
75 217
76 41
77 72
78 1
79 72
80 217
8
64
21 43
22 34
23 35
24 42
25 49
26 56
27 48
28 57
29 32
30 41
31 33
32 40
33 59
34 58
35 50
36 51
37 30
38 23
39 22
40 31
41 13
42 5
43 4
44 12
45 7
46 15
47 6
48 14
49 20
50 21
51 28
52 29
53 8
54 0
55 1
56 9
57 19
58 18
59 26
60 27
61 2
62 10
63 3
64 11
65 24
66 25
67 16
68 17
69 55
70 54
71 62
72 63
73 60
74 61
75 52
76 53
77 44
78 36
79 37
80 45
81 38
82 46
83 39
84 47
61
16 183
21 26
22 183
23 183
24 26
25 65
26 105
27 183
28 54
29 105
30 183
31 183
32 183
33 54
34 54
35 105
36 105
37 26
38 26
39 183
40 26
41 54
42 105
43 105
44 54
45 54
46 26
47 105
48 183
49 65
50 65
51 183
52 183
53 105
54 183
55 105
56 183
57 65
58 65
59 183
60 183
61 105
62 54
63 105
64 54
69 26
70 65
71 54
72 183
73 54
74 54
75 105
76 105
77 183
78 65
79 105
80 54
81 26
82 54
83 26
84 26
8
64
21 53
22 60
23 52
24 61
25 39
26 47
27 38
28 46
29 44
30 36
31 37
32 45
33 55
34 54
35 62
36 63
37 56
38 57
39 48
40 49
41 58
42 51
43 50
44 59
45 41
46 33
47 32
48 40
49 43
50 34
51 35
52 42
53 19
54 18
55 26
56 27
57 3
58 11
59 2
60 10
61 8
62 0
63 1
64 9
65 17
66 24
67 16
68 25
69 31
70 30
71 22
72 23
73 4
74 13
75 5
76 12
77 6
78 14
79 7
80 15
81 20
82 21
83 28
84 29
61
16 183
21 105
22 54
23 105
24 54
25 26
26 26
27 26
28 54
29 183
30 65
31 105
32 54
33 26
34 65
35 54
36 183
37 105
38 54
39 183
40 65
41 54
42 105
43 105
44 54
45 183
46 183
47 105
48 183
49 26
50 183
51 183
52 26
53 65
54 65
55 183
56 183
57 105
58 54
59 105
60 54
61 105
62 183
63 105
64 183
69 26
70 26
71 183
72 26
73 105
74 54
75 105
76 54
77 105
78 183
79 54
80 26
81 65
82 65
83 183
84 183
8
64
21 56
22 57
23 48
24 49
25 51
26 58
27 50
28 59
29 33
30 40
31 32
32 41
33 34
34 35
35 42
36 43
37 46
38 47
39 38
40 39
41 53
42 60
43 52
44 61
45 36
46 37
47 44
48 45
49 54
50 55
51 62
52 63
53 10
54 11
55 2
56 3
57 17
58 24
59 16
60 25
61 0
62 1
63 8
64 9
65 18
66 19
67 26
68 27
69 12
70 13
71 4
72 5
73 7
74 14
75 6
76 15
77 20
78 21
79 28
80 29
81 30
82 31
83 22
84 23
61
12 241
21 241
22 70
23 95
24 241
25 197
26 70
27 197
28 70
29 241
30 95
31 95
32 241
33 70
34 241
35 197
36 197
37 241
38 70
39 70
40 70
41 70
42 95
43 95
44 197
45 95
46 70
47 95
48 70
53 241
54 197
55 141
56 141
57 241
58 197
59 141
60 197
61 241
62 141
63 141
64 197
65 241
66 241
67 141
68 141
69 70
70 241
71 241
72 241
73 70
74 241
75 141
76 70
77 70
78 241
79 70
80 241
81 241
82 197
83 241
84 70
8
64
21 48
22 49
23 56
24 57
25 41
26 32
27 33
28 40
29 35
30 42
31 43
32 34
33 58
34 51
35 59
36 50
37 22
38 30
39 31
40 23
41 15
42 7
43 14
44 6
45 28
46 20
47 21
48 29
49 5
50 4
51 12
52 13
53 37
54 36
55 44
56 45
57 60
58 52
59 53
60 61
61 54
62 62
63 63
64 55
65 47
66 39
67 46
68 38
69 3
70 10
71 11
72 2
73 9
74 0
75 1
76 8
77 16
78 17
79 24
80 25
81 26
82 19
83 27
84 18
61
15 241
21 95
22 241
23 241
24 70
25 241
26 95
27 241
28 95
29 241
30 197
31 197
32 70
33 70
34 197
35 70
36 197
37 241
38 241
39 197
40 70
41 70
42 70
43 241
44 141
45 70
46 70
47 241
48 241
49 241
50 241
51 70
52 241
53 70
54 95
55 95
56 70
57 95
58 95
59 70
60 197
65 70
66 70
67 241
68 70
69 141
70 241
71 197
72 141
73 197
74 241
75 141
76 141
77 141
78 241
79 197
80 197
81 141
82 241
83 141
84 241
8
64
21 2
22 11
23 3
24 10
25 17
26 24
27 16
28 25
29 0
30 1
31 8
32 9
33 26
34 18
35 19
36 27
37 62
38 54
39 55
40 63
41 38
42 47
43 39
44 46
45 36
46 37
47 44
48 45
49 53
50 60
51 52
52 61
53 20
54 21
55 28
56 29
57 12
58 13
59 4
60 5
61 15
62 7
63 6
64 14
65 22
66 31
67 23
68 30
69 56
70 57
71 48
72 49
73 59
74 51
75 50
76 58
77 33
78 40
79 32
80 41
81 42
82 34
83 35
84 43
61
16 155
21 155
22 29
23 44
24 44
25 155
26 29
27 29
28 155
29 155
30 44
31 44
32 155
33 155
34 29
35 44
36 44
37 29
38 29
39 44
40 44
41 29
42 44
43 44
44 29
45 29
46 44
47 29
48 29
49 29
50 29
51 155
52 29
53 29
54 44
55 29
56 29
57 44
58 155
59 44
60 44
61 155
62 155
63 44
64 155
69 44
70 29
71 155
72 29
73 29
74 155
75 155
76 29
77 44
78 29
79 29
80 44
81 29
82 44
83 44
84 44
8
64
21 46
22 39
23 47
24 38
25 60
26 52
27 53
28 61
29 55
30 62
31 63
32 54
33 45
34 36
35 37
36 44
37 28
38 20
39 21
40 29
41 14
42 7
43 15
44 6
45 23
46 30
47 31
48 22
49 13
50 4
51 5
52 12
53 48
54 49
55 56
56 57
57 33
58 32
59 40
60 41
61 34
62 42
63 43
64 35
65 59
66 51
67 58
68 50
69 27
70 19
71 26
72 18
73 1
74 0
75 8
76 9
77 2
78 10
79 11
80 3
81 16
82 17
83 24
84 25
61
11 155
21 29
22 44
23 44
24 29
25 29
26 155
27 29
28 29
29 44
30 29
31 44
32 29
33 29
34 29
35 44
36 29
37 29
38 29
39 44
40 29
41 155
42 155
43 155
44 44
49 155
50 44
51 44
52 44
53 155
54 29
55 44
56 29
57 44
58 29
59 29
60 44
61 44
62 29
63 44
64 44
65 29
66 155
67 29
68 155
69 44
70 44
71 155
72 29
73 44
74 155
75 44
76 155
77 155
78 44
79 29
80 44
81 29
82 155
83 29
84 155
8
64
21 5
22 12
23 4
24 13
25 14
26 15
27 6
28 7
29 20
30 21
31 28
32 29
33 23
34 30
35 22
36 31
37 34
38 35
39 42
40 43
41 49
42 56
43 48
44 57
45 40
46 41
47 32
48 33
49 58
50 59
51 50
52 51
53 24
54 25
55 16
56 17
57 18
58 19
59 26
60 27
61 0
62 1
63 8
64 9
65 3
66 10
67 2
68 11
69 60
70 61
71 52
72 53
73 54
74 55
75 62
76 63
77 36
78 37
79 44
80 45
81 39
82 46
83 38
84 47
55
5 50
19 0
20 50
25 0
26 50
27 50
28 50
29 0
30 63
31 0
32 0
33 50
34 0
35 63
36 50
37 50
38 119
39 119
40 50
41 0
42 50
43 50
44 50
45 50
46 63
47 50
48 50
49 50
50 50
51 0
52 0
53 50
54 0
55 50
56 119
57 0
58 0
59 119
60 0
61 50
62 50
63 63
64 50
65 50
66 0
67 50
68 119
69 50
70 63
71 0
72 63
73 50
74 50
75 63
76 50
8
64
21 2
22 11
23 3
24 10
25 17
26 24
27 16
28 25
29 0
30 1
31 8
32 9
33 26
34 18
35 19
36 27
37 62
38 54
39 55
40 63
41 38
42 47
43 39
44 46
45 36
46 37
47 44
48 45
49 53
50 60
51 52
52 61
53 20
54 21
55 28
56 29
57 12
58 13
59 4
60 5
61 15
62 7
63 6
64 14
65 22
66 31
67 23
68 30
69 56
70 57
71 48
72 49
73 59
74 51
75 50
76 58
77 33
78 40
79 32
80 41
81 42
82 34
83 35
84 43
55
10 50
11 0
14 50
21 50
22 119
23 50
24 0
25 119
26 50
27 50
28 0
29 50
30 50
31 63
32 50
33 119
34 0
35 0
36 0
37 63
38 50
39 50
40 50
49 63
50 50
51 0
52 63
53 0
54 63
55 0
56 0
61 50
62 50
63 50
64 0
65 63
66 50
67 50
68 0
69 50
70 50
71 50
72 0
73 50
74 0
75 0
76 50
77 50
78 50
79 50
80 63
81 119
82 50
83 119
84 50
8
64
21 6
22 7
23 15
24 14
25 28
26 20
27 21
28 29
29 31
30 30
31 23
32 22
33 12
34 5
35 4
36 13
37 46
38 47
39 39
40 38
41 37
42 36
43 44
44 45
45 62
46 55
47 63
48 54
49 52
50 61
51 53
52 60
53 59
54 50
55 58
56 51
57 43
58 35
59 42
60 34
61 33
62 41
63 32
64 40
65 49
66 56
67 48
68 57
69 18
70 26
71 27
72 19
73 24
74 25
75 16
76 17
77 9
78 0
79 1
80 8
81 2
82 11
83 10
84 3
40
5 151
7 151
9 151
11 151
14 134
16 151
18 151
19 151
25 151
26 151
27 151
28 66
33 134
34 151
35 151
36 134
41 151
42 102
43 151
44 151
49 102
50 151
51 102
52 151
53 151
54 102
55 151
56 151
61 102
62 134
63 151
64 151
69 134
70 151
71 228
72 151
81 151
82 151
83 134
84 151
8
64
21 63
22 54
23 55
24 62
25 44
26 36
27 37
28 45
29 39
30 38
31 46
32 47
33 52
34 53
35 60
36 61
37 16
38 17
39 24
40 25
41 8
42 0
43 1
44 9
45 3
46 2
47 10
48 11
49 27
50 18
51 19
52 26
53 7
54 6
55 14
56 15
57 12
58 4
59 5
60 13
61 20
62 21
63 28
64 29
65 31
66 22
67 23
68 30
69 40
70 32
71 33
72 41
73 35
74 34
75 42
76 43
77 48
78 49
79 56
80 57
81 59
82 50
83 51
84 58
40
5 151
7 151
9 151
10 151
13 151
16 151
18 134
19 151
25 151
26 102
27 151
28 151
33 102
34 102
35 151
36 151
45 151
46 151
47 134
48 151
49 228
50 134
51 151
52 151
57 134
58 151
59 151
60 134
61 151
62 151
63 151
64 66
69 151
70 151
71 102
72 134
81 151
82 102
83 151
84 151
8
64
21 13
22 4
23 5
24 12
25 28
26 20
27 21
28 29
29 31
30 23
31 30
32 22
33 6
34 14
35 15
36 7
37 48
38 49
39 56
40 57
41 33
42 32
43 40
44 41
45 42
46 35
47 43
48 34
49 51
50 58
51 59
52 50
53 63
54 55
55 62
56 54
57 38
58 46
59 47
60 39
61 60
62 52
63 53
64 61
65 45
66 36
67 37
68 44
69 19
70 26
71 27
72 18
73 1
74 0
75 8
76 9
77 10
78 3
79 11
80 2
81 16
82 17
83 24
84 25
64
21 54
22 113
23 85
24 54
25 113
26 89
27 174
28 174
29 54
30 54
31 174
32 89
33 85
34 54
35 174
36 174
37 54
38 174
39 174
40 89
41 113
42 113
43 113
44 54
45 174
46 89
47 54
48 174
49 174
50 85
51 89
52 174
53 89
54 85
55 85
56 174
57 174
58 89
59 174
60 54
61 89
62 174
63 174
64 89
65 89
66 174
67 89
68 174
69 54
70 174
71 54
72 113
73 54
74 54
75 54
76 113
77 54
78 113
79 85
80 54
81 85
82 54
83 113
84 113
8
64
21 53
22 60
23 52
24 61
25 39
26 47
27 38
28 46
29 44
30 36
31 37
32 45
33 55
34 54
35 62
36 63
37 56
38 57
39 48
40 49
41 58
42 51
43 50
44 59
45 41
46 33
47 32
48 40
49 43
50 34
51 35
52 42
53 19
54 18
55 26
56 27
57 3
58 11
59 2
60 10
61 8
62 0
63 1
64 9
65 17
66 24
67 16
68 25
69 31
70 30
71 22
72 23
73 4
74 13
75 5
76 12
77 6
78 14
79 7
80 15
81 20
82 21
83 28
84 29
64
21 174
22 89
23 174
24 89
25 54
26 174
27 174
28 89
29 174
30 174
31 89
32 89
33 85
34 174
35 85
36 89
37 174
38 89
39 54
40 174
41 85
42 174
43 174
44 89
45 54
46 113
47 113
48 113
49 54
50 174
51 89
52 174
53 54
54 113
55 174
56 54
57 113
58 85
59 54
60 54
61 54
62 54
63 54
64 113
65 54
66 113
67 85
68 113
69 54
70 174
71 89
72 54
73 113
74 54
75 85
76 54
77 85
78 54
79 174
80 174
81 89
82 174
83 113
84 174
8
64
21 62
22 55
23 63
24 54
25 61
26 53
27 52
28 60
29 38
30 39
31 47
32 46
33 37
34 36
35 44
36 45
37 17
38 24
39 16
40 25
41 10
42 2
43 11
44 3
45 9
46 0
47 1
48 8
49 18
50 26
51 27
52 19
53 32
54 40
55 33
56 41
57 51
58 59
59 58
60 50
61 43
62 35
63 42
64 34
65 56
66 57
67 48
68 49
69 14
70 15
71 7
72 6
73 28
74 20
75 21
76 29
77 23
78 22
79 31
80 30
81 13
82 12
83 4
84 5
61
6 216
21 216
22 216
23 108
24 216
29 108
30 216
31 216
32 216
33 216
34 216
35 108
36 108
37 108
38 108
39 108
40 216
41 216
42 108
43 216
44 108
45 216
46 216
47 108
48 108
49 108
50 216
51 216
52 108
53 108
54 108
55 108
56 216
57 108
58 216
59 108
60 216
61 108
62 216
63 108
64 108
65 216
66 216
67 108
68 216
69 216
70 216
71 108
72 108
73 216
74 108
75 108
76 108
77 216
78 108
79 216
80 108
81 108
82 108
83 108
84 216
8
64
21 36
22 37
23 44
24 45
25 62
26 54
27 55
28 63
29 47
30 39
31 38
32 46
33 60
34 61
35 52
36 53
37 20
38 21
39 28
40 29
41 5
42 12
43 4
44 13
45 6
46 15
47 7
48 14
49 31
50 23
51 22
52 30
53 24
54 25
55 16
56 17
57 26
58 18
59 19
60 27
61 0
62 1
63 8
64 9
65 11
66 3
67 2
68 10
69 42
70 34
71 35
72 43
73 49
74 56
75 48
76 57
77 40
78 41
79 32
80 33
81 50
82 59
83 51
84 58
61
8 216
21 216
22 216
23 108
24 108
25 216
26 216
27 216
28 108
29 216
30 216
31 108
32 216
37 108
38 108
39 216
40 108
41 216
42 108
43 108
44 108
45 108
46 216
47 108
48 216
49 216
50 216
51 108
52 108
53 108
54 216
55 108
56 108
57 216
58 108
59 108
60 216
61 216
62 108
63 108
64 216
65 216
66 108
67 108
68 216
69 108
70 108
71 216
72 108
73 216
74 216
75 108
76 216
77 108
78 216
79 108
80 108
81 216
82 216
83 108
84 108
8
64
21 50
22 51
23 59
24 58
25 42
26 35
27 43
28 34
29 41
30 40
31 32
32 33
33 49
34 56
35 48
36 57
37 52
38 61
39 53
40 60
41 45
42 36
43 37
44 44
45 63
46 55
47 62
48 54
49 39
50 47
51 46
52 38
53 4
54 12
55 5
56 13
57 28
58 20
59 21
60 29
61 22
62 31
63 30
64 23
65 15
66 6
67 14
68 7
69 11
70 10
71 3
72 2
73 19
74 26
75 27
76 18
77 1
78 0
79 8
80 9
81 24
82 25
83 16
84 17
1
0 97
8
64
21 3
22 11
23 10
24 2
25 27
26 19
27 26
28 18
29 1
30 0
31 8
32 9
33 24
34 25
35 16
36 17
37 45
38 36
39 37
40 44
41 47
42 46
43 39
44 38
45 55
46 62
47 63
48 54
49 52
50 61
51 53
52 60
53 58
54 50
55 59
56 51
57 34
58 42
59 43
60 35
61 41
62 40
63 32
64 33
65 49
66 56
67 48
68 57
69 28
70 20
71 21
72 29
73 7
74 6
75 15
76 14
77 30
78 31
79 23
80 22
81 4
82 12
83 5
84 13
1
0 97
