10
8
19
110 112 145 66 93 133 65 118 
22
3
49 82 47 45 150 149 69 48 152 141 103 119 107 61 158 98 72 157 100 59 110 158 
23
0
83 147 45 58 123 77 114 117 101 74 125 113 75 143 99 120 118 87 72 119 149 145 125 
7
4
72 126 65 101 111 144 69 
30
21
92 129 81 125 159 155 112 142 74 104 131 56 109 51 70 85 78 114 156 155 134 92 138 87 144 149 64 100 132 50 
16
1
119 142 120 147 57 148 143 60 45 115 68 49 85 156 102 58 
11
1
94 114 128 93 148 50 69 142 64 70 152 
2
2
69 138 
24
16
105 79 62 99 89 69 58 47 158 76 62 97 158 127 146 82 157 99 76 79 72 48 53 116 
9
2
116 123 149 80 68 48 45 74 84 
