9
11
6
114 73 69 155 142 98 80 97 138 80 111 
22
9
118 147 142 143 63 117 120 131 108 103 120 85 55 147 112 120 95 69 98 78 134 75 
30
13
47 87 58 156 111 76 158 142 136 129 98 130 54 87 139 157 99 133 89 95 92 47 123 87 127 158 103 64 75 130 
15
11
138 111 130 53 61 113 115 139 90 50 58 63 55 139 138 
15
6
159 110 107 139 158 142 100 124 51 71 117 140 57 53 62 
25
2
51 76 137 81 62 111 142 145 144 82 139 154 122 47 85 136 142 71 65 92 103 63 51 124 150 
8
2
144 106 155 132 53 114 93 102 
5
6
127 57 130 102 55 
19
11
147 119 124 57 113 112 93 155 72 133 159 118 141 157 112 92 145 52 148 
