Feature Set 1
4.567
4567
1000
1 4 5 6 
1 2 3 4 
Feature Set 2
10.000
1500
150
1 
1 
Feature Set 3
10.000
2250
225
1 2 
1 2 
Feature Set 4
10.000
1040
104
1 2 
1 
Feature Set 5
0.007
1
150
1 
1 
Feature Set 6
40.000
200000
5000
1 2 3 4 5 6 7 8 9 10 11 12 13 14 15 16 17 18 19 20 
1 2 3 4 5 6 7 8 9 10 11 12 13 14 15 16 17 18 19 20 
Feature Set 7
40.000
200000
5000
1 2 3 4 5 6 7 8 9 10 11 12 13 14 15 16 17 18 19 20 
1 2 3 4 5 6 7 8 9 10 11 12 13 14 15 16 17 18 19 20 
Feature Set 8
40.004
10001
250
20 
20 
Feature Set 9
40.006
20003
500
19 20 
19 20 
Feature Set 10
40.008
10002
250
19 
19 
