5 2 20 20
2 10 10 10 10 14 10 14 10 14 14 10 10 10 14 10 14 14 10 12 
2 10 14 14 14 11 10 11 14 15 15 10 14 14 11 14 15 15 10 9 
6 14 15 15 11 14 10 10 15 11 15 10 11 11 10 11 11 15 14 12 
3 11 15 11 14 15 14 14 11 14 15 10 10 10 10 10 14 11 11 9 
6 10 11 10 11 11 15 11 10 11 11 10 10 14 10 14 11 14 14 12 
3 14 14 10 14 10 11 10 14 10 14 10 14 11 14 15 14 11 15 9 
6 11 15 10 15 14 14 14 11 14 11 14 11 10 15 11 15 14 11 8 
7 14 15 14 11 11 11 11 14 11 14 11 10 10 15 10 11 11 10 8 
3 11 15 11 14 14 14 14 11 14 15 10 14 10 11 10 10 14 10 12 
6 14 15 10 11 15 11 15 14 15 15 10 11 14 10 14 10 15 14 9 
7 11 15 10 10 15 14 15 15 15 11 10 10 11 14 15 14 15 11 8 
7 10 11 10 10 15 15 15 15 15 14 14 10 14 15 15 15 15 14 12 
7 10 10 14 10 15 15 15 11 15 15 15 10 15 15 11 15 15 11 13 
3 14 14 15 10 15 11 15 10 11 15 15 10 15 15 14 11 15 14 13 
6 11 11 11 10 11 10 11 10 10 15 11 14 11 11 11 10 15 11 13 
3 10 10 14 14 14 10 10 10 14 11 14 11 14 10 14 10 11 14 9 
6 14 14 15 11 11 14 10 10 15 14 11 10 11 14 15 10 10 11 12 
3 15 15 15 10 14 15 14 14 11 11 14 10 14 11 15 14 10 10 9 
2 15 11 15 10 15 11 11 11 10 14 15 14 11 14 11 15 10 14 12 
2 11 10 11 10 11 10 10 10 10 11 11 11 10 11 10 11 10 11 9 
15
2 5 E Y
18 1 S X
6 2 S Y
5 2 W Y
12 3 E X
14 2 W Y
19 3 S X
8 4 E X
7 2 N Y
3 1 E Y
10 1 E Y
10 1 S Y
18 2 S Y
15 3 S Y
15 2 W Y
10 50
1 9 13 2
2 11 20 2
1 19 20 3
2 24 1 3
3 27 8 1
3 36 6 3
4 43 2 2
2 43 17 1
4 48 15 2
4 53 5 1
63
