20
73 -41
67 -47
72 -57
60 -56
58 -70
49 -74
40 -68
36 -59
36 -50
23 -49
15 -41
21 -32
21 -21
31 -17
40 -12
49 -15
60 -9
60 -26
74 -23
81 -30
20
9 -43
14 -57
5 -54
9 -59
-4 -60
-7 -67
-16 -60
-31 -70
-25 -54
-40 -47
-29 -43
-32 -35
-25 -32
-23 -24
-16 -26
-11 -14
-4 -25
4 -25
5 -32
14 -36
20
24 25
32 15
26 7
15 7
9 2
2 5
-8 -6
-10 8
-22 7
-26 16
-20 25
-24 33
-17 39
-18 53
-4 42
2 56
9 46
16 44
17 36
31 34
20
-1 -50
11 -52
-5 -61
4 -74
-14 -67
-21 -73
-26 -67
-29 -69
-35 -61
-48 -63
-38 -50
-44 -44
-35 -39
-39 -31
-26 -33
-24 -20
-14 -33
-3 -25
-5 -39
4 -42
20
-6 -46
0 -49
-9 -57
-6 -67
-18 -63
-22 -71
-30 -63
-39 -77
-39 -57
-57 -57
-43 -46
-59 -42
-39 -35
-38 -30
-30 -28
-16 -13
-18 -29
-14 -25
-9 -35
-6 -35
20
0 27
7 19
8 8
1 1
-12 8
-18 11
-23 11
-36 2
-42 9
-47 17
-42 27
-39 34
-37 41
-32 46
-23 43
-18 58
-10 53
2 55
-3 38
3 34
20
5 25
3 17
-11 16
-5 1
-16 4
-23 -8
-29 7
-35 8
-51 5
-50 16
-39 25
-48 33
-43 40
-37 44
-34 57
-23 59
-15 49
-5 50
-4 39
6 35
20
63 -36
66 -47
59 -47
61 -58
50 -53
46 -61
38 -54
25 -55
29 -47
26 -47
25 -36
21 -28
29 -25
27 -15
38 -19
40 -2
50 -19
61 -22
59 -25
73 -27
20
21 2
29 -8
17 -9
17 -30
8 -15
-2 -20
-4 -15
-17 -27
-13 -9
-24 -6
-17 2
-30 11
-13 13
-12 29
-4 20
8 25
8 20
26 27
17 13
34 8
20
-1 -34
4 -43
-8 -45
-9 -53
-18 -50
-23 -67
-33 -63
-36 -52
-42 -48
-46 -41
-49 -34
-50 -25
-47 -16
-39 -12
-29 -16
-23 -11
-18 -20
-11 -18
-7 -22
1 -26
20
-1 -3
-2 -9
6 -22
-5 -23
-15 -18
-20 -27
-30 -32
-33 -21
-34 -13
-51 -13
-52 -3
-47 6
-40 12
-36 19
-29 25
-20 28
-12 21
-8 14
-2 10
-1 3
20
-11 22
-8 13
-16 7
-27 8
-27 -7
-37 6
-45 -4
-55 -3
-62 4
-59 15
-56 22
-61 30
-49 31
-51 41
-43 41
-37 54
-28 49
-22 42
-20 34
-10 31
20
56 -26
66 -33
52 -37
56 -49
43 -43
30 -60
31 -43
25 -51
22 -37
14 -28
19 -26
14 -23
22 -15
19 3
31 -8
36 5
43 -8
52 3
52 -15
63 -12
20
6 29
15 22
2 18
-1 0
-7 12
-11 8
-19 12
-30 6
-28 18
-46 24
-32 29
-33 34
-28 40
-27 57
-19 47
-19 58
-7 47
5 48
2 40
14 40
20
10 -45
18 -52
7 -56
9 -68
-2 -62
-10 -70
-14 -63
-31 -71
-23 -56
-28 -52
-27 -45
-38 -37
-23 -34
-21 -24
-14 -28
-12 -24
-2 -28
4 -23
7 -34
21 -42
20
-20 -43
-18 -52
-23 -54
-26 -70
-32 -61
-42 -68
-44 -60
-62 -63
-53 -54
-64 -45
-56 -43
-58 -30
-53 -32
-52 -26
-44 -25
-37 -12
-32 -26
-25 -23
-23 -32
-12 -38
20
57 31
71 25
54 20
56 1
45 14
41 9
33 13
23 2
24 20
13 21
21 31
19 38
24 42
31 50
33 49
35 61
45 48
54 54
54 42
70 43
20
56 35
58 24
53 24
49 10
44 17
38 14
32 17
27 17
23 24
16 23
20 35
12 44
23 46
26 62
32 53
46 68
44 52
54 59
53 46
69 50
20
-28 4
-15 0
-31 -7
-27 -19
-40 -14
-50 -17
-52 -13
-61 -18
-61 -7
-76 -6
-65 4
-74 19
-61 15
-61 29
-52 21
-52 34
-40 22
-33 21
-31 15
-15 14
20
36 19
48 12
32 8
32 4
23 1
17 -14
11 1
8 -3
2 8
-13 10
-1 19
-9 30
2 30
-7 42
11 37
21 40
23 37
38 36
32 30
48 26
20
13 -7
29 -17
21 -23
14 -29
8 -38
-2 -41
-12 -37
-13 -22
-24 -23
-32 -17
-19 -7
-22 -1
-24 9
-16 12
-7 8
-2 19
4 12
11 11
24 12
15 -1
20
4 -7
16 -23
0 -18
4 -26
-9 -25
-18 -37
-21 -24
-27 -29
-30 -18
-42 -23
-34 -7
-45 -4
-30 4
-25 16
-21 11
-11 14
-9 10
2 19
0 4
13 -4
20
-5 42
-2 38
-9 31
-9 23
-18 24
-30 19
-30 24
-49 22
-39 31
-51 33
-42 42
-54 56
-39 53
-39 66
-30 59
-19 62
-18 60
-6 64
-9 53
9 48
20
-14 -29
-11 -42
-17 -40
-23 -50
-26 -47
-26 -52
-38 -47
-53 -49
-47 -40
-62 -48
-50 -29
-54 -19
-47 -18
-53 -10
-38 -11
-32 -6
-26 -11
-15 -8
-17 -18
-9 -15
20
34 -11
21 -17
25 -27
21 -38
11 -38
2 -30
-7 -40
-13 -32
-24 -30
-12 -16
-32 -11
-29 -1
-19 4
-13 10
-6 14
2 17
12 20
21 16
14 -2
20 -5
20
31 -3
24 -9
25 -18
24 -29
11 -20
5 -21
-5 -33
-4 -16
-10 -14
-27 -14
-23 -3
-15 3
-20 15
-10 18
-1 15
5 15
14 26
16 12
24 11
23 3
20
1 -31
17 -42
0 -42
-4 -46
-8 -54
-15 -50
-25 -62
-33 -56
-42 -50
-43 -40
-48 -31
-29 -26
-30 -20
-30 -10
-23 -5
-15 -14
-9 -14
-3 -14
-1 -21
13 -22
20
5 25
16 10
1 14
2 -2
-8 7
-11 -3
-20 8
-28 -7
-29 14
-40 9
-33 25
-45 35
-29 36
-38 46
-20 42
-13 54
-8 42
-4 47
1 36
14 33
20
50 -25
59 -27
47 -36
46 -46
38 -43
37 -56
26 -43
21 -43
17 -36
0 -36
14 -25
1 -20
17 -14
17 -10
26 -7
28 -2
38 -7
44 -5
47 -14
60 -15
20
60 -25
71 -29
56 -36
52 -43
47 -43
43 -51
35 -43
21 -43
26 -36
17 -31
22 -25
12 -19
26 -14
25 -3
35 -7
44 0
47 -7
58 6
56 -14
63 -21
0
