3
-148 -206
-148 140
152 -33
4
16 -166
-184 34
16 234
216 34
5
90 -191
-134 -119
-134 117
90 189
228 -1
6
123 -194
-77 -194
-177 -21
-77 152
123 152
223 -21
7
157 -119
-13 -158
-148 -50
-148 124
-13 232
157 193
232 37
8
99 -135
-42 -194
-183 -135
-242 6
-183 147
-42 206
99 147
158 6
9
196 -174
78 -242
-57 -218
-145 -113
-145 23
-57 128
78 152
196 84
243 -45
10
191 -90
91 -162
-33 -162
-133 -90
-171 28
-133 146
-33 218
91 218
191 146
229 28
11
202 -156
117 -230
6 -246
-97 -199
-158 -104
-158 8
-97 103
6 150
117 134
202 60
234 -48
12
162 -130
89 -203
-11 -230
-111 -203
-184 -130
-211 -30
-184 70
-111 143
-11 170
89 143
162 70
189 -30
13
156 -95
93 -167
3 -201
-92 -189
-171 -135
-215 -50
-215 46
-171 131
-92 185
3 197
93 163
156 91
179 -2
14
163 -73
108 -142
28 -181
-62 -181
-142 -142
-197 -73
-217 14
-197 101
-142 170
-62 209
28 209
108 170
163 101
183 14
15
214 -105
165 -173
93 -214
10 -223
-69 -197
-131 -142
-165 -66
-165 18
-131 94
-69 149
10 175
93 166
165 125
214 57
231 -24
16
182 -113
138 -177
74 -221
-3 -236
-80 -221
-144 -177
-188 -113
-203 -36
-188 41
-144 105
-80 149
-3 164
74 149
138 105
182 41
197 -36
17
201 -40
163 -103
104 -147
33 -167
-40 -160
-106 -128
-155 -73
-182 -5
-182 69
-155 137
-106 192
-40 224
33 231
104 211
163 167
201 104
215 32
18
217 -57
182 -118
129 -162
64 -186
-6 -186
-71 -162
-124 -118
-159 -57
-171 11
-159 79
-124 140
-71 184
-6 208
64 208
129 184
182 140
217 79
229 11
19
174 -31
143 -89
94 -133
34 -160
-32 -165
-95 -149
-150 -113
-191 -61
-212 1
-212 67
-191 129
-150 181
-95 217
-32 233
34 228
94 201
143 157
174 99
185 34
20
225 -47
197 -103
153 -147
97 -175
35 -185
-27 -175
-83 -147
-127 -103
-155 -47
-165 15
-155 77
-127 133
-83 177
-27 205
35 215
97 205
153 177
197 133
225 77
235 15
21
152 -59
126 -113
86 -156
34 -186
-24 -199
-84 -195
-139 -173
-186 -136
-219 -87
-237 -30
-237 30
-219 87
-186 136
-139 173
-84 195
-24 199
34 186
86 156
126 113
152 59
161 0
22
196 -74
172 -126
135 -169
87 -200
32 -216
-24 -216
-79 -200
-127 -169
-164 -126
-188 -74
-196 -18
-188 38
-164 90
-127 133
-79 164
-24 180
32 180
87 164
135 133
172 90
196 38
204 -18
23
234 -19
212 -69
178 -111
133 -143
82 -161
27 -165
-26 -153
-74 -128
-114 -91
-142 -45
-157 8
-157 62
-142 115
-114 161
-74 198
-26 223
27 235
82 231
133 213
178 181
212 139
234 89
241 35
24
186 -77
166 -125
134 -166
93 -198
45 -218
-7 -225
-59 -218
-107 -198
-148 -166
-180 -125
-200 -77
-207 -25
-200 27
-180 75
-148 116
-107 148
-59 168
-7 175
45 168
93 148
134 116
166 75
186 27
193 -25
25
172 -91
153 -137
124 -178
85 -210
40 -231
-9 -241
-59 -237
-107 -222
-149 -195
-184 -159
-208 -115
-220 -66
-220 -16
-208 33
-184 77
-149 113
-107 140
-59 155
-9 159
40 149
85 128
124 96
153 55
172 9
178 -41
26
227 -86
210 -131
183 -171
147 -203
104 -225
57 -237
9 -237
-38 -225
-81 -203
-117 -171
-144 -131
-161 -86
-167 -38
-161 10
-144 55
-117 95
-81 127
-38 149
9 161
57 161
104 149
147 127
183 95
210 55
227 10
233 -38
27
148 -25
132 -69
106 -108
72 -139
32 -163
-12 -176
-59 -179
-104 -171
-147 -152
-184 -124
-214 -89
-235 -47
-246 -2
-246 44
-235 89
-214 131
-184 166
-147 194
-104 213
-59 221
-12 218
32 205
72 181
106 150
132 111
148 67
153 21
28
187 -5
172 -47
148 -85
117 -116
79 -140
37 -155
-8 -160
-53 -155
-95 -140
-133 -116
-164 -85
-188 -47
-203 -5
-208 40
-203 85
-188 127
-164 165
-133 196
-95 220
-53 235
-8 240
37 235
79 220
117 196
148 165
172 127
187 85
192 40
29
146 -93
133 -134
110 -171
80 -202
45 -227
5 -243
-38 -250
-81 -247
-123 -236
-161 -216
-194 -188
-220 -153
-239 -114
-248 -72
-248 -28
-239 14
-220 53
-194 88
-161 116
-123 136
-81 147
-38 150
5 143
45 127
80 102
110 71
133 34
146 -7
151 -50
30
241 -19
228 -58
207 -95
179 -126
145 -150
107 -167
66 -176
24 -176
-17 -167
-55 -150
-89 -126
-117 -95
-138 -58
-151 -19
-155 23
-151 65
-138 104
-117 141
-89 172
-55 196
-17 213
24 222
66 222
107 213
145 196
179 172
207 141
228 104
241 65
245 23
31
146 -90
134 -129
114 -164
88 -195
56 -220
19 -238
-20 -248
-60 -250
-100 -244
-138 -230
-172 -208
-202 -180
-225 -147
-241 -110
-249 -70
-249 -30
-241 10
-225 47
-202 80
-172 108
-138 130
-100 144
-60 150
-20 148
19 138
56 120
88 95
114 64
134 29
146 -10
150 -50
32
161 -8
150 -46
131 -80
106 -110
76 -135
42 -154
4 -165
-35 -169
-74 -165
-112 -154
-146 -135
-176 -110
-201 -80
-220 -46
-231 -8
-235 31
-231 70
-220 108
-201 142
-176 172
-146 197
-112 216
-74 227
-35 231
4 227
42 216
76 197
106 172
131 142
150 108
161 70
165 31
33
209 -74
199 -110
181 -144
158 -174
129 -199
96 -218
60 -230
23 -236
-15 -234
-52 -225
-87 -209
-118 -187
-144 -160
-165 -128
-179 -92
-186 -55
-186 -17
-179 20
-165 56
-144 88
-118 115
-87 137
-52 153
-15 162
23 164
60 158
96 146
129 127
158 102
181 72
199 38
209 2
213 -36
34
185 -39
174 -74
158 -107
136 -137
109 -162
77 -181
43 -194
6 -201
-30 -201
-67 -194
-101 -181
-133 -162
-160 -137
-182 -107
-198 -74
-209 -39
-212 -2
-209 35
-198 70
-182 103
-160 133
-133 158
-101 177
-67 190
-30 197
6 197
43 190
77 177
109 158
136 133
158 103
174 70
185 35
188 -2
35
200 -7
190 -41
175 -74
154 -103
128 -127
98 -147
65 -161
30 -169
-6 -171
-42 -166
-76 -155
-107 -138
-135 -116
-159 -89
-177 -58
-190 -24
-196 11
-196 47
-190 82
-177 116
-159 147
-135 174
-107 196
-76 213
-42 224
-6 229
30 227
65 219
98 205
128 185
154 161
175 132
190 99
200 65
203 29
36
167 -65
158 -98
143 -130
123 -159
99 -183
70 -203
38 -218
5 -227
-30 -230
-65 -227
-98 -218
-130 -203
-159 -183
-183 -159
-203 -130
-218 -98
-227 -65
-230 -30
-227 5
-218 38
-203 70
-183 99
-159 123
-130 143
-98 158
-65 167
-30 170
5 167
38 158
70 143
99 123
123 99
143 70
158 38
167 5
170 -30
37
203 -76
195 -109
181 -140
162 -168
138 -192
111 -212
81 -228
48 -238
14 -242
-19 -240
-53 -233
-84 -221
-113 -203
-138 -180
-160 -154
-176 -124
-188 -92
-193 -59
-193 -25
-188 8
-176 40
-160 70
-138 96
-113 119
-84 137
-53 149
-19 156
14 158
48 154
81 144
111 128
138 108
162 84
181 56
195 25
203 -8
206 -42
38
209 3
201 -29
188 -59
170 -87
147 -111
121 -131
92 -147
61 -158
29 -163
-5 -163
-37 -158
-68 -147
-97 -131
-123 -111
-146 -87
-164 -59
-177 -29
-185 3
-188 36
-185 69
-177 101
-164 131
-146 159
-123 183
-97 203
-68 219
-37 230
-5 235
29 235
61 230
92 219
121 203
147 183
170 159
188 131
201 101
209 69
212 36
39
240 -67
233 -98
220 -128
203 -155
182 -179
157 -200
129 -216
99 -227
67 -234
35 -235
3 -231
-28 -222
-57 -208
-83 -190
-107 -168
-126 -142
-141 -113
-151 -83
-156 -51
-156 -19
-151 13
-141 43
-126 72
-107 98
-83 120
-57 138
-28 152
3 161
35 165
67 164
99 157
129 146
157 130
182 109
203 85
220 58
233 28
240 -3
243 -35
40
226 -43
218 -74
206 -103
190 -130
169 -153
146 -174
119 -190
90 -202
59 -210
28 -212
-3 -210
-34 -202
-63 -190
-90 -174
-113 -153
-134 -130
-150 -103
-162 -74
-170 -43
-172 -12
-170 19
-162 50
-150 79
-134 106
-113 129
-90 150
-63 166
-34 178
-3 186
28 188
59 186
90 178
119 166
146 150
169 129
190 106
206 79
218 50
226 19
228 -12
41
229 -61
222 -90
210 -119
195 -145
175 -169
152 -189
127 -206
99 -218
69 -226
39 -230
8 -229
-22 -223
-51 -213
-78 -198
-102 -179
-123 -157
-141 -132
-155 -105
-164 -76
-168 -45
-168 -15
-164 16
-155 45
-141 72
-123 97
-102 119
-78 138
-51 153
-22 163
8 169
39 170
69 166
99 158
127 146
152 129
175 109
195 85
210 59
222 30
229 1
231 -30
42
208 -27
201 -56
190 -84
175 -110
157 -133
135 -153
110 -170
83 -183
55 -192
25 -196
-5 -196
-35 -192
-63 -183
-90 -170
-115 -153
-137 -133
-155 -110
-170 -84
-181 -56
-188 -27
-190 3
-188 33
-181 62
-170 90
-155 116
-137 139
-115 159
-90 176
-63 189
-35 198
-5 202
25 202
55 198
83 189
110 176
135 159
157 139
175 116
190 90
201 62
208 33
210 3
43
242 -33
236 -62
225 -89
211 -114
193 -137
172 -158
148 -175
122 -188
95 -197
66 -203
37 -204
8 -201
-21 -193
-47 -182
-72 -167
-95 -148
-114 -126
-130 -102
-143 -75
-151 -47
-155 -19
-155 11
-151 39
-143 67
-130 94
-114 118
-95 140
-72 159
-47 174
-21 185
8 193
37 196
66 195
95 189
122 180
148 167
172 150
193 129
211 106
225 81
236 54
242 25
244 -4
44
205 12
199 -16
189 -43
175 -68
158 -91
138 -111
115 -128
90 -142
63 -152
35 -158
7 -160
-21 -158
-49 -152
-76 -142
-101 -128
-124 -111
-144 -91
-161 -68
-175 -43
-185 -16
-191 12
-193 40
-191 68
-185 96
-175 123
-161 148
-144 171
-124 191
-101 208
-76 222
-49 232
-21 238
7 240
35 238
63 232
90 222
115 208
138 191
158 171
175 148
189 123
199 96
205 68
207 40
45
233 12
227 -15
218 -41
205 -66
188 -89
169 -109
147 -126
123 -140
97 -150
70 -157
42 -160
14 -159
-13 -154
-40 -145
-65 -133
-88 -118
-109 -99
-127 -78
-142 -54
-153 -28
-161 -2
-165 26
-165 54
-161 82
-153 108
-142 134
-127 158
-109 179
-88 198
-65 213
-40 225
-13 234
14 239
42 240
70 237
97 230
123 220
147 206
169 189
188 169
205 146
218 121
227 95
233 68
235 40
46
169 -72
164 -99
154 -125
142 -149
126 -171
108 -191
86 -208
63 -223
38 -233
12 -241
-15 -245
-43 -245
-70 -241
-96 -233
-121 -223
-144 -208
-166 -191
-184 -171
-200 -149
-212 -125
-222 -99
-227 -72
-229 -45
-227 -18
-222 9
-212 35
-200 59
-184 81
-166 101
-144 118
-121 133
-96 143
-70 151
-43 155
-15 155
12 151
38 143
63 133
86 118
108 101
126 81
142 59
154 35
164 9
169 -18
171 -45
47
180 -16
175 -42
166 -67
154 -91
139 -113
121 -133
101 -150
78 -164
54 -176
28 -184
2 -188
-25 -189
-51 -186
-77 -180
-102 -170
-126 -158
-147 -142
-166 -123
-183 -102
-197 -79
-207 -55
-214 -29
-218 -2
-218 24
-214 51
-207 77
-197 101
-183 124
-166 145
-147 164
-126 180
-102 192
-77 202
-51 208
-25 211
2 210
28 206
54 198
78 186
101 172
121 155
139 135
154 113
166 89
175 64
180 38
182 11
48
182 -1
177 -27
169 -52
157 -75
143 -97
125 -116
106 -134
84 -148
61 -160
36 -168
10 -173
-16 -175
-42 -173
-68 -168
-93 -160
-116 -148
-138 -134
-157 -116
-175 -97
-189 -75
-201 -52
-209 -27
-214 -1
-216 25
-214 51
-209 77
-201 102
-189 125
-175 147
-157 166
-138 184
-116 198
-93 210
-68 218
-42 223
-16 225
10 223
36 218
61 210
84 198
106 184
125 166
143 147
157 125
169 102
177 77
182 51
184 25
49
216 5
211 -20
203 -44
192 -67
178 -89
162 -108
143 -125
122 -140
99 -152
75 -161
50 -166
24 -169
-1 -168
-27 -164
-51 -157
-75 -146
-96 -133
-116 -117
-134 -99
-150 -78
-162 -56
-172 -32
-178 -7
-182 18
-182 44
-178 69
-172 94
-162 118
-150 140
-134 161
-116 179
-96 195
-75 208
-51 219
-27 226
-1 230
24 231
50 228
75 223
99 214
122 202
143 187
162 170
178 151
192 129
203 106
211 82
216 57
218 31
50
161 18
157 -7
149 -31
138 -53
125 -75
109 -94
90 -111
70 -126
48 -138
25 -147
0 -153
-24 -157
-50 -157
-74 -153
-99 -147
-122 -138
-144 -126
-164 -111
-183 -94
-199 -75
-212 -53
-223 -31
-231 -7
-235 18
-237 43
-235 68
-231 93
-223 117
-212 139
-199 161
-183 180
-164 197
-144 212
-122 224
-99 233
-74 239
-50 243
-24 243
0 239
25 233
48 224
70 212
90 197
109 180
125 161
138 139
149 117
157 93
161 68
163 43
51
209 -38
205 -62
197 -85
187 -108
174 -129
159 -148
141 -165
121 -180
100 -192
77 -202
54 -208
29 -212
5 -213
-20 -211
-44 -205
-67 -197
-89 -186
-110 -173
-128 -157
-145 -138
-159 -118
-171 -97
-180 -74
-186 -50
-189 -25
-189 -1
-186 24
-180 48
-171 71
-159 92
-145 112
-128 131
-110 147
-89 160
-67 171
-44 179
-20 185
5 187
29 186
54 182
77 176
100 166
121 154
141 139
159 122
174 103
187 82
197 59
205 36
209 12
211 -13
52
248 -9
243 -33
236 -56
226 -78
214 -99
199 -118
182 -135
163 -150
142 -162
120 -172
97 -179
73 -184
49 -185
25 -184
1 -179
-22 -172
-44 -162
-65 -150
-84 -135
-101 -118
-116 -99
-128 -78
-138 -56
-145 -33
-150 -9
-151 15
-150 39
-145 63
-138 86
-128 108
-116 129
-101 148
-84 165
-65 180
-44 192
-22 202
1 209
25 214
49 215
73 214
97 209
120 202
142 192
163 180
182 165
199 148
214 129
226 108
236 86
243 63
248 39
249 15
53
172 -19
167 -42
160 -65
151 -86
139 -107
125 -126
108 -143
90 -157
70 -170
48 -180
26 -188
3 -193
-21 -195
-45 -194
-68 -191
-91 -184
-113 -176
-134 -164
-153 -150
-171 -134
-186 -116
-199 -97
-210 -76
-218 -53
-224 -30
-227 -7
-227 17
-224 40
-218 63
-210 86
-199 107
-186 126
-171 144
-153 160
-134 174
-113 186
-91 194
-68 201
-45 204
-21 205
3 203
26 198
48 190
70 180
90 167
108 153
125 136
139 117
151 96
160 75
167 52
172 29
173 5
54
248 15
244 -8
237 -30
228 -52
216 -72
202 -91
186 -107
168 -122
149 -135
128 -146
106 -154
84 -159
61 -162
37 -162
14 -159
-8 -154
-30 -146
-51 -135
-70 -122
-88 -107
-104 -91
-118 -72
-130 -52
-139 -30
-146 -8
-150 15
-151 38
-150 61
-146 84
-139 106
-130 128
-118 148
-104 167
-88 183
-70 198
-51 211
-30 222
-8 230
14 235
37 238
61 238
84 235
106 230
128 222
149 211
168 198
186 183
202 167
216 148
228 128
237 106
244 84
248 61
249 38
55
240 -41
236 -63
229 -85
220 -106
209 -126
196 -145
180 -161
163 -176
144 -189
124 -200
103 -208
81 -214
58 -217
35 -218
13 -216
-10 -211
-32 -204
-52 -195
-72 -183
-90 -169
-106 -153
-121 -136
-133 -116
-143 -96
-151 -74
-156 -52
-159 -29
-159 -7
-156 16
-151 38
-143 60
-133 80
-121 100
-106 117
-90 133
-72 147
-52 159
-32 168
-10 175
13 180
35 182
58 181
81 178
103 172
124 164
144 153
163 140
180 125
196 109
209 90
220 70
229 49
236 27
240 5
241 -18
56
246 -57
242 -80
236 -101
227 -122
216 -141
203 -160
188 -176
172 -191
153 -204
134 -215
113 -224
92 -230
69 -234
47 -235
25 -234
2 -230
-19 -224
-40 -215
-59 -204
-78 -191
-94 -176
-109 -160
-122 -141
-133 -122
-142 -101
-148 -80
-152 -57
-153 -35
-152 -13
-148 10
-142 31
-133 52
-122 71
-109 90
-94 106
-78 121
-59 134
-40 145
-19 154
2 160
25 164
47 165
69 164
92 160
113 154
134 145
153 134
172 121
188 106
203 90
216 71
227 52
236 31
242 10
246 -13
247 -35
57
187 -15
183 -37
177 -58
169 -78
158 -98
146 -116
131 -132
115 -147
97 -160
78 -171
58 -180
37 -187
15 -191
-6 -193
-29 -192
-50 -189
-72 -184
-92 -176
-112 -166
-130 -154
-147 -140
-163 -124
-176 -107
-188 -88
-197 -68
-204 -47
-209 -26
-212 -4
-212 18
-209 40
-204 61
-197 82
-188 102
-176 121
-163 138
-147 154
-130 168
-112 180
-92 190
-72 198
-50 203
-29 206
-6 207
15 205
37 201
58 194
78 185
97 174
115 161
131 146
146 130
158 112
169 92
177 72
183 51
187 29
188 7
58
222 -48
218 -69
213 -90
205 -110
194 -129
182 -147
168 -164
152 -178
135 -192
117 -203
97 -212
77 -219
55 -223
34 -226
12 -226
-9 -223
-31 -219
-51 -212
-71 -203
-89 -192
-106 -178
-122 -164
-136 -147
-148 -129
-159 -110
-167 -90
-172 -69
-176 -48
-177 -26
-176 -4
-172 17
-167 38
-159 58
-148 77
-136 95
-122 112
-106 126
-89 140
-71 151
-51 160
-31 167
-9 171
12 174
34 174
55 171
77 167
97 160
117 151
135 140
152 126
168 112
182 95
194 77
205 58
213 38
218 17
222 -4
223 -26
59
196 -40
192 -61
187 -82
179 -102
169 -121
158 -138
144 -155
129 -170
112 -183
94 -194
75 -203
55 -210
34 -216
13 -218
-8 -219
-30 -217
-50 -213
-71 -207
-90 -199
-109 -189
-127 -176
-143 -162
-157 -147
-170 -130
-180 -111
-189 -92
-196 -72
-200 -51
-203 -30
-203 -8
-200 13
-196 34
-189 54
-180 73
-170 92
-157 109
-143 124
-127 138
-109 151
-90 161
-71 169
-50 175
-30 179
-8 181
13 180
34 178
55 172
75 165
94 156
112 145
129 132
144 117
158 100
169 83
179 64
187 44
192 23
196 2
197 -19
60
164 -68
161 -89
155 -109
148 -128
138 -147
127 -165
114 -181
99 -196
83 -209
65 -220
46 -230
27 -237
7 -243
-14 -246
-35 -247
-56 -246
-77 -243
-97 -237
-116 -230
-135 -220
-153 -209
-169 -196
-184 -181
-197 -165
-208 -147
-218 -128
-225 -109
-231 -89
-234 -68
-235 -47
-234 -26
-231 -5
-225 15
-218 34
-208 53
-197 71
-184 87
-169 102
-153 115
-135 126
-116 136
-97 143
-77 149
-56 152
-35 153
-14 152
7 149
27 143
46 136
65 126
83 115
99 102
114 87
127 71
138 53
148 34
155 15
161 -5
164 -26
165 -47
61
164 -61
161 -81
156 -101
148 -120
139 -139
128 -156
115 -172
101 -187
85 -200
68 -211
50 -221
31 -229
11 -235
-9 -238
-30 -240
-50 -239
-71 -237
-91 -232
-110 -225
-129 -217
-147 -206
-163 -194
-178 -180
-192 -164
-204 -147
-214 -129
-222 -111
-228 -91
-233 -71
-235 -50
-235 -30
-233 -9
-228 11
-222 31
-214 49
-204 67
-192 84
-178 100
-163 114
-147 126
-129 137
-110 145
-91 152
-71 157
-50 159
-30 160
-9 158
11 155
31 149
50 141
68 131
85 120
101 107
115 92
128 76
139 59
148 40
156 21
161 1
164 -19
165 -40
62
203 -65
200 -85
195 -105
188 -124
179 -142
168 -159
156 -175
142 -190
126 -203
110 -215
92 -225
73 -233
54 -239
34 -243
14 -245
-6 -245
-26 -243
-46 -239
-65 -233
-84 -225
-102 -215
-118 -203
-134 -190
-148 -175
-160 -159
-171 -142
-180 -124
-187 -105
-192 -85
-195 -65
-196 -45
-195 -25
-192 -5
-187 15
-180 34
-171 52
-160 69
-148 85
-134 100
-118 113
-102 125
-84 135
-65 143
-46 149
-26 153
-6 155
14 155
34 153
54 149
73 143
92 135
110 125
126 113
142 100
156 85
168 69
179 52
188 34
195 15
200 -5
203 -25
204 -45
63
193 -40
190 -60
185 -79
178 -98
170 -116
159 -133
147 -149
134 -163
119 -176
103 -188
85 -198
67 -206
48 -213
29 -217
9 -219
-11 -220
-31 -218
-51 -215
-70 -210
-88 -202
-106 -193
-123 -182
-138 -170
-153 -156
-165 -141
-177 -124
-186 -107
-194 -88
-200 -69
-204 -50
-206 -30
-206 -10
-204 10
-200 29
-194 48
-186 67
-177 84
-165 101
-153 116
-138 130
-123 142
-106 153
-88 162
-70 170
-51 175
-31 178
-11 180
9 179
29 177
48 173
67 166
85 158
103 148
119 136
134 123
147 109
159 93
170 76
178 58
185 39
190 20
193 0
194 -20
64
200 28
197 9
192 -10
186 -29
177 -46
167 -63
156 -79
142 -93
128 -107
112 -118
95 -128
78 -137
59 -143
40 -148
21 -151
1 -152
-19 -151
-38 -148
-57 -143
-76 -137
-93 -128
-110 -118
-126 -107
-140 -93
-154 -79
-165 -63
-175 -46
-184 -29
-190 -10
-195 9
-198 28
-199 48
-198 68
-195 87
-190 106
-184 125
-175 142
-165 159
-154 175
-140 189
-126 203
-110 214
-93 224
-76 233
-57 239
-38 244
-19 247
1 248
21 247
40 244
59 239
78 233
95 224
112 214
128 203
142 189
156 175
167 159
177 142
186 125
192 106
197 87
200 68
201 48
65
246 -55
243 -74
239 -93
232 -111
224 -129
214 -146
203 -161
190 -176
176 -189
161 -201
144 -211
127 -219
109 -226
90 -231
71 -235
52 -236
33 -235
13 -233
-6 -229
-24 -223
-42 -215
-59 -206
-74 -195
-89 -182
-103 -169
-115 -154
-125 -137
-134 -120
-142 -102
-147 -84
-151 -65
-153 -46
-153 -26
-151 -7
-147 12
-142 30
-134 48
-125 65
-115 82
-103 97
-89 110
-74 123
-59 134
-42 143
-24 151
-6 157
13 161
33 163
52 164
71 163
90 159
109 154
127 147
144 139
161 129
176 117
190 104
203 89
214 74
224 57
232 39
239 21
243 2
246 -17
247 -36
66
222 -54
219 -73
215 -91
209 -109
201 -127
191 -143
180 -159
168 -173
154 -186
139 -198
123 -208
106 -217
88 -224
70 -229
51 -233
33 -235
13 -235
-5 -233
-24 -229
-42 -224
-60 -217
-77 -208
-93 -198
-108 -186
-122 -173
-134 -159
-145 -143
-155 -127
-163 -109
-169 -91
-173 -73
-176 -54
-177 -35
-176 -16
-173 3
-169 21
-163 39
-155 57
-145 73
-134 89
-122 103
-108 116
-93 128
-77 138
-60 147
-42 154
-24 159
-5 163
13 165
33 165
51 163
70 159
88 154
106 147
123 138
139 128
154 116
168 103
180 89
191 73
201 57
209 39
215 21
219 3
222 -16
223 -35
67
152 17
149 -1
145 -20
139 -37
131 -54
122 -71
111 -86
99 -100
86 -113
71 -125
56 -136
39 -144
22 -152
4 -157
-14 -161
-33 -164
-52 -164
-70 -163
-89 -160
-107 -155
-125 -148
-142 -140
-158 -131
-173 -120
-187 -107
-200 -93
-211 -79
-221 -63
-229 -46
-236 -28
-242 -10
-245 8
-247 27
-247 45
-245 64
-242 82
-236 100
-229 118
-221 135
-211 151
-200 165
-187 179
-173 192
-158 203
-142 212
-125 220
-107 227
-89 232
-70 235
-52 236
-33 236
-14 233
4 229
22 224
39 216
56 208
71 197
86 185
99 172
111 158
122 143
131 126
139 109
145 92
149 73
152 55
153 36
68
193 22
191 3
186 -15
180 -32
173 -49
164 -65
154 -81
142 -95
129 -108
115 -120
99 -130
83 -139
66 -146
49 -152
31 -157
12 -159
-6 -160
-24 -159
-43 -157
-61 -152
-78 -146
-95 -139
-111 -130
-127 -120
-141 -108
-154 -95
-166 -81
-176 -65
-185 -49
-192 -32
-198 -15
-203 3
-205 22
-206 40
-205 58
-203 77
-198 95
-192 112
-185 129
-176 145
-166 161
-154 175
-141 188
-127 200
-111 210
-95 219
-78 226
-61 232
-43 237
-24 239
-6 240
12 239
31 237
49 232
66 226
83 219
99 210
115 200
129 188
142 175
154 161
164 145
173 129
180 112
186 95
191 77
193 58
194 40
69
152 -59
150 -77
146 -95
140 -112
133 -129
124 -145
114 -160
102 -174
90 -187
76 -199
61 -209
45 -219
28 -226
11 -232
-6 -237
-24 -240
-42 -241
-61 -241
-79 -238
-97 -235
-114 -229
-131 -223
-147 -214
-162 -204
-177 -193
-190 -181
-202 -167
-213 -153
-222 -137
-230 -121
-237 -104
-242 -86
-245 -68
-247 -50
-247 -32
-245 -14
-242 4
-237 22
-230 39
-222 55
-213 71
-202 85
-190 99
-177 111
-162 122
-147 132
-131 141
-114 147
-97 153
-79 156
-61 159
-42 159
-24 158
-6 155
11 150
28 144
45 137
61 127
76 117
90 105
102 92
114 78
124 63
133 47
140 30
146 13
150 -5
152 -23
153 -41
70
195 -31
193 -49
189 -66
183 -83
176 -100
168 -116
158 -131
147 -145
134 -158
121 -169
106 -180
91 -189
75 -197
58 -203
41 -208
23 -211
5 -213
-13 -213
-31 -211
-49 -208
-66 -203
-83 -197
-99 -189
-114 -180
-129 -169
-142 -158
-155 -145
-166 -131
-176 -116
-184 -100
-191 -83
-197 -66
-201 -49
-203 -31
-204 -13
-203 5
-201 23
-197 40
-191 57
-184 74
-176 90
-166 105
-155 119
-142 132
-129 143
-114 154
-99 163
-83 171
-66 177
-49 182
-31 185
-13 187
5 187
23 185
41 182
58 177
75 171
91 163
106 154
121 143
134 132
147 119
158 105
168 90
176 74
183 57
189 40
193 23
195 5
196 -13
71
161 31
159 14
155 -3
150 -20
143 -37
134 -52
125 -67
114 -81
102 -94
89 -106
74 -116
59 -126
44 -134
27 -140
10 -145
-7 -149
-25 -151
-42 -151
-60 -150
-78 -147
-95 -143
-111 -137
-128 -130
-143 -121
-158 -111
-171 -100
-184 -88
-196 -74
-206 -60
-215 -45
-222 -29
-228 -12
-233 5
-236 23
-238 40
-238 58
-236 75
-233 93
-228 110
-222 127
-215 143
-206 158
-196 172
-184 186
-171 198
-158 209
-143 219
-128 228
-111 235
-95 241
-78 245
-60 248
-42 249
-25 249
-7 247
10 243
27 238
44 232
59 224
74 214
89 204
102 192
114 179
125 165
134 150
143 135
150 118
155 101
159 84
161 67
162 49
72
180 -57
178 -75
174 -92
169 -108
162 -125
154 -140
145 -155
134 -169
122 -181
110 -193
96 -204
81 -213
66 -221
49 -228
33 -233
16 -237
-2 -239
-19 -240
-36 -239
-54 -237
-71 -233
-87 -228
-104 -221
-119 -213
-134 -204
-148 -193
-160 -181
-172 -169
-183 -155
-192 -140
-200 -125
-207 -108
-212 -92
-216 -75
-218 -57
-219 -40
-218 -23
-216 -5
-212 12
-207 28
-200 45
-192 60
-183 75
-172 89
-160 101
-148 113
-134 124
-119 133
-104 141
-87 148
-71 153
-54 157
-36 159
-19 160
-2 159
16 157
33 153
49 148
66 141
81 133
96 124
110 113
122 101
134 89
145 75
154 60
162 45
169 28
174 12
178 -5
180 -23
181 -40
73
156 -12
154 -29
150 -46
145 -63
139 -78
131 -94
122 -108
111 -122
100 -135
87 -147
74 -157
59 -167
44 -175
29 -182
12 -187
-5 -191
-22 -194
-39 -195
-56 -195
-73 -193
-90 -189
-106 -185
-123 -179
-138 -171
-153 -162
-167 -152
-180 -141
-192 -129
-203 -115
-213 -101
-221 -86
-228 -71
-234 -54
-238 -38
-241 -21
-243 -4
-243 14
-241 31
-238 48
-234 64
-228 81
-221 96
-213 111
-203 125
-192 139
-180 151
-167 162
-153 172
-138 181
-123 189
-106 195
-90 199
-73 203
-56 205
-39 205
-22 204
-5 201
12 197
29 192
44 185
59 177
74 167
87 157
100 145
111 132
122 118
131 104
139 88
145 73
150 56
154 39
156 22
157 5
74
176 3
174 -14
171 -30
166 -47
159 -62
152 -78
143 -92
133 -106
121 -118
109 -130
96 -141
82 -150
67 -159
52 -166
36 -171
19 -176
2 -178
-15 -180
-31 -180
-48 -178
-65 -176
-82 -171
-98 -166
-113 -159
-128 -150
-142 -141
-155 -130
-167 -118
-179 -106
-189 -92
-198 -78
-205 -62
-212 -47
-217 -30
-220 -14
-222 3
-223 20
-222 37
-220 54
-217 70
-212 87
-205 102
-198 118
-189 132
-179 146
-167 158
-155 170
-142 181
-128 190
-113 199
-98 206
-82 211
-65 216
-48 218
-31 220
-15 220
2 218
19 216
36 211
52 206
67 199
82 190
96 181
109 170
121 158
133 146
143 132
152 118
159 102
166 87
171 70
174 54
176 37
177 20
75
231 15
229 -1
226 -18
221 -34
215 -49
207 -64
199 -79
189 -92
178 -105
166 -117
153 -127
139 -137
125 -145
110 -152
94 -158
78 -163
61 -166
45 -168
28 -168
11 -167
-5 -164
-22 -161
-38 -155
-53 -149
-68 -141
-82 -132
-95 -122
-108 -111
-119 -99
-130 -86
-139 -72
-147 -57
-154 -42
-159 -26
-164 -10
-166 7
-168 24
-168 40
-166 57
-164 74
-159 90
-154 106
-147 121
-139 136
-130 150
-119 163
-108 175
-95 186
-82 196
-68 205
-53 213
-38 219
-22 225
-5 228
11 231
28 232
45 232
61 230
78 227
94 222
110 216
125 209
139 201
153 191
166 181
178 169
189 156
199 143
207 128
215 113
221 98
226 82
229 65
231 49
232 32
76
218 -45
216 -61
213 -77
208 -93
202 -108
195 -123
186 -137
177 -151
166 -163
154 -175
142 -186
128 -195
114 -204
99 -211
84 -217
68 -222
52 -225
36 -227
19 -228
2 -227
-14 -225
-30 -222
-46 -217
-61 -211
-76 -204
-90 -195
-104 -186
-116 -175
-128 -163
-139 -151
-148 -137
-157 -123
-164 -108
-170 -93
-175 -77
-178 -61
-180 -45
-181 -28
-180 -11
-178 5
-175 21
-170 37
-164 52
-157 67
-148 81
-139 95
-128 107
-116 119
-104 130
-90 139
-76 148
-61 155
-46 161
-30 166
-14 169
2 171
19 172
36 171
52 169
68 166
84 161
99 155
114 148
128 139
142 130
154 119
166 107
177 95
186 81
195 67
202 52
208 37
213 21
216 5
218 -11
219 -28
77
169 -46
167 -62
164 -78
159 -94
154 -109
147 -124
138 -138
129 -151
118 -164
107 -176
95 -186
82 -196
68 -205
53 -212
38 -218
22 -223
7 -227
-10 -229
-26 -230
-42 -230
-58 -228
-75 -225
-90 -221
-106 -215
-120 -208
-135 -200
-148 -191
-161 -181
-173 -170
-184 -158
-194 -145
-203 -131
-210 -117
-217 -102
-222 -86
-226 -71
-229 -54
-230 -38
-230 -22
-229 -6
-226 11
-222 26
-217 42
-210 57
-203 71
-194 85
-184 98
-173 110
-161 121
-148 131
-135 140
-120 148
-106 155
-90 161
-75 165
-58 168
-42 170
-26 170
-10 169
7 167
22 163
38 158
53 152
68 145
82 136
95 126
107 116
118 104
129 91
138 78
147 64
154 49
159 34
164 18
167 2
169 -14
170 -30
78
217 17
215 1
212 -15
208 -30
202 -45
195 -60
187 -74
178 -87
168 -100
157 -111
144 -122
132 -132
118 -140
104 -148
89 -154
74 -159
58 -163
42 -166
26 -167
10 -167
-6 -166
-22 -163
-38 -159
-53 -154
-68 -148
-82 -140
-96 -132
-108 -122
-121 -111
-132 -100
-142 -87
-151 -74
-159 -60
-166 -45
-172 -30
-176 -15
-179 1
-181 17
-182 33
-181 49
-179 65
-176 81
-172 96
-166 111
-159 126
-151 140
-142 153
-132 166
-121 177
-108 188
-96 198
-82 206
-68 214
-53 220
-38 225
-22 229
-6 232
10 233
26 233
42 232
58 229
74 225
89 220
104 214
118 206
132 198
144 188
157 177
168 166
178 153
187 140
195 126
202 111
208 96
212 81
215 65
217 49
218 33
79
215 -28
213 -44
210 -59
206 -75
200 -89
194 -104
186 -118
177 -131
167 -143
156 -155
144 -165
132 -175
118 -184
104 -191
90 -198
75 -203
59 -207
44 -210
28 -212
12 -212
-4 -211
-20 -209
-35 -205
-50 -201
-65 -195
-79 -188
-93 -180
-106 -170
-118 -160
-130 -149
-140 -137
-149 -124
-158 -111
-165 -97
-171 -82
-176 -67
-180 -52
-183 -36
-184 -20
-184 -4
-183 12
-180 28
-176 43
-171 58
-165 73
-158 87
-149 100
-140 113
-130 125
-118 136
-106 146
-93 156
-79 164
-65 171
-50 177
-35 181
-20 185
-4 187
12 188
28 188
44 186
59 183
75 179
90 174
104 167
118 160
132 151
144 141
156 131
167 119
177 107
186 94
194 80
200 65
206 51
210 35
213 20
215 4
216 -12
80
191 9
190 -6
186 -22
182 -37
177 -52
170 -66
163 -79
154 -93
144 -105
133 -116
122 -127
110 -137
96 -146
83 -153
69 -160
54 -165
39 -169
23 -173
8 -174
-8 -175
-24 -174
-39 -173
-55 -169
-70 -165
-85 -160
-99 -153
-112 -146
-126 -137
-138 -127
-149 -116
-160 -105
-170 -93
-179 -79
-186 -66
-193 -52
-198 -37
-202 -22
-206 -6
-207 9
-208 25
-207 41
-206 56
-202 72
-198 87
-193 102
-186 116
-179 129
-170 143
-160 155
-149 166
-138 177
-126 187
-112 196
-99 203
-85 210
-70 215
-55 219
-39 223
-24 224
-8 225
8 224
23 223
39 219
54 215
69 210
83 203
96 196
110 187
122 177
133 166
144 155
154 143
163 129
170 116
177 102
182 87
186 72
190 56
191 41
192 25
81
206 22
205 6
202 -9
197 -24
192 -39
186 -53
178 -66
170 -79
160 -92
150 -103
139 -114
126 -123
114 -132
100 -140
86 -147
72 -152
57 -157
42 -160
26 -162
11 -163
-5 -163
-20 -161
-35 -158
-50 -155
-65 -150
-79 -143
-93 -136
-106 -128
-119 -119
-130 -108
-141 -97
-151 -86
-160 -73
-168 -60
-175 -46
-181 -31
-186 -17
-189 -2
-192 14
-193 29
-193 45
-192 60
-189 76
-186 91
-181 105
-175 120
-168 134
-160 147
-151 160
-141 171
-130 182
-119 193
-106 202
-93 210
-79 217
-65 224
-50 229
-35 232
-20 235
-5 237
11 237
26 236
42 234
57 231
72 226
86 221
100 214
114 206
126 197
139 188
150 177
160 166
170 153
178 140
186 127
192 113
197 98
202 83
205 68
206 52
207 37
82
186 2
185 -14
182 -29
178 -43
173 -58
166 -72
159 -85
151 -98
141 -110
131 -122
120 -132
108 -142
96 -151
83 -159
69 -166
55 -171
40 -176
25 -179
10 -182
-5 -183
-21 -183
-36 -182
-51 -179
-66 -176
-81 -171
-95 -166
-109 -159
-122 -151
-134 -142
-146 -132
-157 -122
-167 -110
-177 -98
-185 -85
-192 -72
-199 -58
-204 -43
-208 -29
-211 -14
-212 2
-213 17
-212 32
-211 48
-208 63
-204 77
-199 92
-192 106
-185 119
-177 132
-167 144
-157 156
-146 166
-134 176
-122 185
-109 193
-95 200
-81 205
-66 210
-51 213
-36 216
-21 217
-5 217
10 216
25 213
40 210
55 205
69 200
83 193
96 185
108 176
120 166
131 156
141 144
151 132
159 119
166 106
173 92
178 77
182 63
185 48
186 32
187 17
83
194 -8
193 -23
190 -38
186 -53
181 -67
175 -81
168 -94
159 -107
150 -119
140 -130
130 -141
118 -151
106 -160
93 -167
79 -174
65 -180
51 -185
36 -189
21 -191
6 -193
-9 -193
-24 -192
-39 -190
-54 -187
-68 -183
-82 -177
-96 -171
-109 -164
-122 -155
-134 -146
-145 -136
-155 -125
-165 -113
-174 -101
-181 -87
-188 -74
-194 -60
-198 -45
-201 -31
-204 -16
-205 -1
-205 15
-204 30
-201 45
-198 59
-194 74
-188 88
-181 101
-174 115
-165 127
-155 139
-145 150
-134 160
-122 169
-109 178
-96 185
-82 191
-68 197
-54 201
-39 204
-24 206
-9 207
6 207
21 205
36 203
51 199
65 194
79 188
93 181
106 174
118 165
130 155
140 144
150 133
159 121
168 108
175 95
181 81
186 67
190 52
193 37
194 22
195 7
84
178 -22
177 -37
174 -52
170 -66
165 -80
159 -94
152 -107
144 -120
135 -132
126 -143
115 -154
104 -163
92 -172
79 -180
66 -187
52 -193
38 -198
24 -202
9 -205
-6 -206
-21 -207
-36 -206
-51 -205
-66 -202
-80 -198
-94 -193
-108 -187
-121 -180
-134 -172
-146 -163
-157 -154
-168 -143
-177 -132
-186 -120
-194 -107
-201 -94
-207 -80
-212 -66
-216 -52
-219 -37
-220 -22
-221 -7
-220 8
-219 23
-216 38
-212 52
-207 66
-201 80
-194 93
-186 106
-177 118
-168 129
-157 140
-146 149
-134 158
-121 166
-108 173
-94 179
-80 184
-66 188
-51 191
-36 192
-21 193
-6 192
9 191
24 188
38 184
52 179
66 173
79 166
92 158
104 149
115 140
126 129
135 118
144 106
152 93
159 80
165 66
170 52
174 38
177 23
178 8
179 -7
85
242 -32
241 -46
238 -61
234 -75
229 -89
224 -103
217 -116
209 -128
200 -140
191 -152
180 -162
169 -172
158 -181
145 -189
132 -196
119 -202
105 -207
91 -211
76 -214
61 -216
47 -217
32 -217
17 -215
3 -213
-12 -209
-26 -205
-39 -199
-53 -193
-65 -185
-78 -177
-89 -167
-100 -157
-110 -146
-119 -135
-127 -122
-134 -109
-141 -96
-146 -82
-150 -68
-154 -54
-156 -39
-157 -24
-157 -10
-156 5
-154 20
-150 34
-146 48
-141 62
-134 75
-127 88
-119 101
-110 112
-100 123
-89 133
-78 143
-65 151
-53 159
-39 165
-26 171
-12 175
3 179
17 181
32 183
47 183
61 182
76 180
91 177
105 173
119 168
132 162
145 155
158 147
169 138
180 128
191 118
200 106
209 94
217 82
224 69
229 55
234 41
238 27
241 12
242 -2
243 -17
86
222 0
221 -14
218 -28
215 -43
210 -56
204 -70
197 -83
190 -95
181 -107
172 -118
162 -129
151 -139
139 -148
127 -156
114 -163
101 -169
88 -174
74 -178
59 -182
45 -184
30 -185
16 -185
1 -184
-13 -182
-28 -178
-42 -174
-55 -169
-68 -163
-81 -156
-93 -148
-105 -139
-116 -129
-126 -118
-135 -107
-144 -95
-151 -83
-158 -70
-164 -56
-169 -43
-172 -28
-175 -14
-176 0
-177 15
-176 30
-175 44
-172 58
-169 73
-164 86
-158 100
-151 113
-144 125
-135 137
-126 148
-116 159
-105 169
-93 178
-81 186
-68 193
-55 199
-42 204
-28 208
-13 212
1 214
16 215
30 215
45 214
59 212
74 208
88 204
101 199
114 193
127 186
139 178
151 169
162 159
172 148
181 137
190 125
197 113
204 100
210 86
215 73
218 58
221 44
222 30
223 15
87
234 32
233 17
230 3
227 -11
222 -25
217 -38
210 -51
203 -63
194 -75
185 -86
175 -97
164 -106
153 -115
141 -123
129 -131
116 -137
102 -142
89 -147
74 -150
60 -152
46 -154
31 -154
17 -153
3 -151
-12 -149
-25 -145
-39 -140
-52 -134
-65 -127
-77 -120
-89 -111
-100 -102
-110 -92
-120 -81
-128 -69
-136 -57
-143 -44
-149 -31
-155 -18
-159 -4
-162 10
-164 24
-165 39
-165 53
-164 68
-162 82
-159 96
-155 110
-149 123
-143 136
-136 149
-128 161
-120 173
-110 184
-100 194
-89 203
-77 212
-65 219
-52 226
-39 232
-25 237
-12 241
3 243
17 245
31 246
46 246
60 244
74 242
89 239
102 234
116 229
129 223
141 215
153 207
164 198
175 189
185 178
194 167
203 155
210 143
217 130
222 117
227 103
230 89
233 75
234 60
235 46
88
161 27
160 13
157 -2
154 -15
149 -29
144 -42
138 -55
130 -67
122 -79
113 -90
103 -100
93 -110
82 -119
70 -127
58 -135
45 -141
32 -146
18 -151
5 -154
-10 -157
-24 -158
-38 -159
-52 -158
-66 -157
-81 -154
-94 -151
-108 -146
-121 -141
-134 -135
-146 -127
-158 -119
-169 -110
-179 -100
-189 -90
-198 -79
-206 -67
-214 -55
-220 -42
-225 -29
-230 -15
-233 -2
-236 13
-237 27
-238 41
-237 55
-236 69
-233 84
-230 97
-225 111
-220 124
-214 137
-206 149
-198 161
-189 172
-179 182
-169 192
-158 201
-146 209
-134 217
-121 223
-108 228
-94 233
-81 236
-66 239
-52 240
-38 241
-24 240
-10 239
5 236
18 233
32 228
45 223
58 217
70 209
82 201
93 192
103 182
113 172
122 161
130 149
138 137
144 124
149 111
154 97
157 84
160 69
161 55
162 41
89
198 -47
196 -61
194 -75
190 -89
186 -102
180 -115
174 -128
167 -140
159 -152
150 -163
141 -173
130 -183
120 -192
108 -200
96 -207
83 -214
70 -219
57 -224
43 -228
30 -230
16 -232
2 -233
-13 -233
-27 -231
-41 -229
-54 -226
-68 -222
-81 -217
-94 -211
-106 -204
-118 -196
-129 -187
-140 -178
-150 -168
-159 -157
-167 -146
-175 -134
-181 -122
-187 -109
-192 -95
-196 -82
-199 -68
-201 -54
-202 -40
-202 -26
-201 -12
-199 2
-196 16
-192 29
-187 43
-181 56
-175 68
-167 80
-159 91
-150 102
-140 112
-129 121
-118 130
-106 138
-94 145
-81 151
-68 156
-54 160
-41 163
-27 165
-13 167
2 167
16 166
30 164
43 162
57 158
70 153
83 148
96 141
108 134
120 126
130 117
141 107
150 97
159 86
167 74
174 62
180 49
186 36
190 23
194 9
196 -5
198 -19
198 -33
90
229 24
227 10
225 -4
221 -17
217 -30
212 -43
206 -56
199 -68
191 -80
182 -91
173 -101
163 -111
152 -120
141 -128
129 -135
117 -142
104 -147
91 -152
77 -156
64 -159
50 -161
36 -162
22 -162
8 -161
-6 -159
-19 -156
-33 -152
-46 -147
-59 -142
-71 -135
-83 -128
-94 -120
-105 -111
-115 -101
-124 -91
-133 -80
-141 -68
-148 -56
-154 -43
-159 -30
-163 -17
-167 -4
-169 10
-171 24
-171 38
-171 52
-169 66
-167 80
-163 93
-159 106
-154 119
-148 132
-141 144
-133 156
-124 167
-115 177
-105 187
-94 196
-83 204
-71 211
-59 218
-46 223
-33 228
-19 232
-6 235
8 237
22 238
36 238
50 237
64 235
77 232
91 228
104 223
117 218
129 211
141 204
152 196
163 187
173 177
182 167
191 156
199 144
206 132
212 119
217 106
221 93
225 80
227 66
229 52
229 38
91
178 -55
176 -69
174 -82
170 -96
166 -109
161 -122
155 -134
148 -146
141 -157
132 -168
123 -179
113 -188
103 -197
92 -206
80 -213
68 -220
55 -225
42 -230
29 -234
16 -237
2 -240
-12 -241
-25 -241
-39 -240
-53 -239
-67 -236
-80 -232
-93 -228
-106 -223
-118 -216
-130 -209
-141 -202
-152 -193
-162 -184
-172 -174
-180 -163
-189 -152
-196 -140
-202 -128
-208 -115
-212 -102
-216 -89
-219 -75
-221 -62
-222 -48
-222 -34
-221 -20
-219 -7
-216 7
-212 20
-208 33
-202 46
-196 58
-189 70
-180 81
-172 92
-162 102
-152 111
-141 120
-130 127
-118 134
-106 141
-93 146
-80 150
-67 154
-53 157
-39 158
-25 159
-12 159
2 158
16 155
29 152
42 148
55 143
68 138
80 131
92 124
103 115
113 106
123 97
132 86
141 75
148 64
155 52
161 40
166 27
170 14
174 0
176 -13
178 -27
178 -41
92
203 -22
201 -35
199 -49
196 -62
191 -75
186 -88
181 -100
174 -112
166 -123
158 -134
149 -145
140 -154
129 -163
118 -171
107 -179
95 -186
83 -191
70 -196
57 -201
44 -204
30 -206
17 -208
3 -208
-11 -208
-24 -206
-38 -204
-51 -201
-64 -196
-77 -191
-89 -186
-101 -179
-112 -171
-123 -163
-134 -154
-143 -145
-152 -134
-160 -123
-168 -112
-175 -100
-180 -88
-185 -75
-190 -62
-193 -49
-195 -35
-197 -22
-197 -8
-197 6
-195 19
-193 33
-190 46
-185 59
-180 72
-175 84
-168 96
-160 107
-152 118
-143 129
-134 138
-123 147
-112 155
-101 163
-89 170
-77 175
-64 180
-51 185
-38 188
-24 190
-11 192
3 192
17 192
30 190
44 188
57 185
70 180
83 175
95 170
107 163
118 155
129 147
140 138
149 129
158 118
166 107
174 96
181 84
186 72
191 59
196 46
199 33
201 19
203 6
203 -8
93
201 34
199 21
197 8
194 -5
190 -18
185 -31
179 -43
172 -55
165 -66
157 -77
148 -87
139 -97
129 -106
118 -114
107 -122
95 -128
83 -134
70 -140
58 -144
45 -147
31 -150
18 -151
4 -152
-9 -152
-23 -151
-36 -149
-49 -146
-62 -142
-75 -137
-87 -132
-99 -125
-110 -118
-121 -110
-132 -102
-142 -92
-151 -82
-159 -72
-167 -61
-174 -49
-180 -37
-185 -25
-190 -12
-193 1
-196 14
-198 28
-199 41
-199 55
-198 68
-196 82
-193 95
-190 108
-185 121
-180 133
-174 145
-167 157
-159 168
-151 178
-142 188
-132 198
-121 206
-110 214
-99 221
-87 228
-75 233
-62 238
-49 242
-36 245
-23 247
-9 248
4 248
18 247
31 246
45 243
58 240
70 236
83 230
95 224
107 218
118 210
129 202
139 193
148 183
157 173
165 162
172 151
179 139
185 127
190 114
194 101
197 88
199 75
201 62
201 48
94
226 -14
224 -28
222 -41
219 -54
215 -67
210 -79
205 -91
198 -103
191 -114
183 -125
174 -135
165 -145
155 -154
145 -162
134 -170
122 -176
110 -182
98 -188
85 -192
72 -196
59 -198
46 -200
33 -201
19 -201
6 -200
-7 -198
-20 -196
-33 -192
-46 -188
-58 -182
-70 -176
-82 -170
-93 -162
-103 -154
-113 -145
-122 -135
-131 -125
-139 -114
-146 -103
-153 -91
-158 -79
-163 -67
-167 -54
-170 -41
-172 -28
-174 -14
-174 -1
-174 12
-172 26
-170 39
-167 52
-163 65
-158 77
-153 89
-146 101
-139 112
-131 123
-122 133
-113 143
-103 152
-93 160
-82 168
-70 174
-58 180
-46 186
-33 190
-20 194
-7 196
6 198
19 199
33 199
46 198
59 196
72 194
85 190
98 186
110 180
122 174
134 168
145 160
155 152
165 143
174 133
183 123
191 112
198 101
205 89
210 77
215 65
219 52
222 39
224 26
226 12
226 -1
95
222 -22
220 -35
218 -48
215 -61
211 -74
206 -86
201 -98
195 -110
188 -121
180 -132
171 -142
162 -152
153 -161
142 -169
131 -176
120 -183
108 -189
96 -195
84 -199
71 -203
58 -206
45 -208
32 -209
19 -209
5 -208
-8 -207
-21 -204
-33 -201
-46 -197
-58 -192
-70 -186
-82 -180
-93 -173
-103 -165
-113 -156
-123 -147
-132 -137
-140 -127
-147 -116
-154 -104
-160 -92
-165 -80
-169 -68
-173 -55
-175 -42
-177 -29
-178 -16
-178 -2
-177 11
-175 24
-173 37
-169 50
-165 62
-160 74
-154 86
-147 98
-140 109
-132 119
-123 129
-113 138
-103 147
-93 155
-82 162
-70 168
-58 174
-46 179
-33 183
-21 186
-8 189
5 190
19 191
32 191
45 190
58 188
71 185
84 181
96 177
108 171
120 165
131 158
142 151
153 143
162 134
171 124
180 114
188 103
195 92
201 80
206 68
211 56
215 43
218 30
220 17
222 4
222 -9
96
213 -27
211 -40
209 -53
206 -66
202 -78
198 -91
192 -102
186 -114
179 -125
172 -136
163 -146
154 -155
145 -164
135 -173
124 -180
113 -187
101 -193
90 -199
77 -203
65 -207
52 -210
39 -212
26 -214
13 -214
0 -214
-13 -212
-26 -210
-39 -207
-51 -203
-64 -199
-75 -193
-87 -187
-98 -180
-109 -173
-119 -164
-128 -155
-137 -146
-146 -136
-153 -125
-160 -114
-166 -102
-172 -91
-176 -78
-180 -66
-183 -53
-185 -40
-187 -27
-187 -14
-187 -1
-185 12
-183 25
-180 38
-176 50
-172 63
-166 74
-160 86
-153 97
-146 108
-137 118
-128 127
-119 136
-109 145
-98 152
-87 159
-75 165
-64 171
-51 175
-39 179
-26 182
-13 184
0 186
13 186
26 186
39 184
52 182
65 179
77 175
90 171
101 165
113 159
124 152
135 145
145 136
154 127
163 118
172 108
179 97
186 86
192 74
198 63
202 50
206 38
209 25
211 12
213 -1
213 -14
97
223 11
221 -2
219 -15
216 -27
213 -40
208 -52
203 -64
197 -75
190 -86
182 -97
174 -107
166 -116
156 -125
146 -134
136 -141
125 -148
114 -154
102 -160
90 -165
77 -168
65 -172
52 -174
39 -175
26 -176
13 -176
0 -175
-12 -173
-25 -170
-38 -167
-50 -162
-62 -157
-73 -151
-84 -145
-95 -137
-105 -129
-115 -121
-124 -112
-132 -102
-140 -91
-147 -81
-154 -69
-160 -58
-164 -46
-169 -33
-172 -21
-174 -8
-176 5
-177 18
-177 30
-176 43
-174 56
-172 69
-169 81
-164 94
-160 106
-154 117
-147 129
-140 139
-132 150
-124 160
-115 169
-105 177
-95 185
-84 193
-73 199
-62 205
-50 210
-38 215
-25 218
-12 221
0 223
13 224
26 224
39 223
52 222
65 220
77 216
90 213
102 208
114 202
125 196
136 189
146 182
156 173
166 164
174 155
182 145
190 134
197 123
203 112
208 100
213 88
216 75
219 63
221 50
223 37
223 24
98
225 9
223 -4
221 -16
218 -29
215 -41
210 -53
205 -65
199 -76
193 -87
185 -98
177 -108
169 -117
159 -126
150 -134
139 -142
129 -149
118 -155
106 -161
94 -166
82 -170
70 -173
57 -175
44 -177
31 -178
19 -178
6 -177
-7 -175
-20 -173
-32 -170
-44 -166
-56 -161
-68 -155
-79 -149
-89 -142
-100 -134
-109 -126
-119 -117
-127 -108
-135 -98
-143 -87
-149 -76
-155 -65
-160 -53
-165 -41
-168 -29
-171 -16
-173 -4
-175 9
-175 22
-175 35
-173 48
-171 60
-168 73
-165 85
-160 97
-155 109
-149 120
-143 131
-135 142
-127 152
-119 161
-109 170
-100 178
-89 186
-79 193
-68 199
-56 205
-44 210
-32 214
-20 217
-7 219
6 221
19 222
31 222
44 221
57 219
70 217
82 214
94 210
106 205
118 199
129 193
139 186
150 178
159 170
169 161
177 152
185 142
193 131
199 120
205 109
210 97
215 85
218 73
221 60
223 48
225 35
225 22
99
203 28
201 16
199 3
197 -9
193 -21
189 -33
184 -45
178 -56
171 -67
164 -78
156 -88
148 -97
139 -106
129 -114
119 -122
108 -129
97 -135
86 -141
74 -146
62 -150
50 -153
38 -156
25 -158
13 -159
0 -159
-13 -158
-25 -157
-38 -155
-50 -152
-62 -148
-74 -143
-86 -138
-97 -132
-108 -126
-118 -118
-128 -110
-137 -102
-146 -92
-154 -83
-162 -72
-169 -62
-175 -51
-180 -39
-185 -27
-189 -15
-192 -3
-194 9
-196 22
-197 35
-197 47
-196 60
-194 73
-192 85
-189 97
-185 109
-180 121
-175 133
-169 144
-162 154
-154 165
-146 174
-137 184
-128 192
-118 200
-108 208
-97 214
-86 220
-74 225
-62 230
-50 234
-38 237
-25 239
-13 240
0 241
13 241
25 240
38 238
50 235
62 232
74 228
86 223
97 217
108 211
119 204
129 196
139 188
148 179
156 170
164 160
171 149
178 138
184 127
189 115
193 103
197 91
199 79
201 66
203 54
203 41
100
186 -56
184 -68
182 -80
180 -93
176 -105
172 -117
167 -128
161 -139
155 -150
148 -161
140 -170
132 -180
123 -189
113 -197
104 -205
93 -212
82 -218
71 -224
60 -229
48 -233
36 -237
23 -239
11 -241
-1 -243
-14 -243
-27 -243
-39 -241
-51 -239
-64 -237
-76 -233
-88 -229
-99 -224
-110 -218
-121 -212
-132 -205
-141 -197
-151 -189
-160 -180
-168 -170
-176 -161
-183 -150
-189 -139
-195 -128
-200 -117
-204 -105
-208 -93
-210 -80
-212 -68
-214 -56
-214 -43
-214 -30
-212 -18
-210 -6
-208 7
-204 19
-200 31
-195 42
-189 53
-183 64
-176 75
-168 84
-160 94
-151 103
-141 111
-132 119
-121 126
-110 132
-99 138
-88 143
-76 147
-64 151
-51 153
-39 155
-27 157
-14 157
-1 157
11 155
23 153
36 151
48 147
60 143
71 138
82 132
93 126
104 119
113 111
123 103
132 94
140 84
148 75
155 64
161 53
167 42
172 31
176 19
180 7
182 -6
184 -18
186 -30
186 -43
0
