50
1 79 82 35 41 82 94 49 61 40 42 97 26 68 64 69 97 84 37 22 72 62 54 12 23 4 63 22 64 55 21 80 54 36 24 70 85 84 26 35 12 98 7 14 71 4 29 8 65 88 57
2 10 81 99 79 76 5 37 99 65 95 70 8 41 39 52 21 61 20 18 82 71 63 81 92 26 45 85 76 18 76 10 45 70 32 87 60 1 78 31 75 95 38 90 25 82 46 94 21 93 94
3 34 33 27 85 31 21 27 48 98 33 19 1 29 83 39 75 46 32 43 40 24 32 83 11 54 43 50 87 53 79 57 19 86 76 41 32 49 87 31 80 68 79 91 92 83 95 100 21 31 19
4 15 34 41 85 9 96 8 55 89 90 7 92 25 39 64 99 76 7 19 26 54 73 59 54 75 86 86 50 13 13 68 7 95 20 94 55 98 7 62 44 3 63 82 27 77 67 60 12 57 26
5 49 13 95 91 35 55 6 65 15 88 83 97 51 33 58 74 82 74 21 27 38 55 93 67 62 29 78 77 40 18 35 89 63 97 30 67 31 2 49 62 94 20 92 12 13 28 33 20 59 9
6 58 100 50 84 22 40 53 50 63 78 70 43 26 80 4 38 47 59 53 38 94 61 34 3 3 2 22 14 18 98 59 4 6 38 58 22 10 7 6 13 52 11 52 36 38 95 73 62 11 65
7 39 100 31 59 37 64 53 7 13 67 68 96 43 45 99 85 20 50 42 73 32 50 38 14 92 4 8 14 18 44 33 75 2 11 8 34 53 40 96 31 64 92 35 54 55 57 56 85 98 3
8 33 92 92 3 96 29 99 44 3 1 47 62 33 19 90 24 31 84 55 75 91 46 49 49 100 92 91 39 70 46 94 77 20 2 34 49 42 90 84 47 48 1 48 37 48 51 87 43 42 51
9 99 84 15 24 17 85 34 11 2 29 15 76 6 26 73 53 94 79 41 3 33 22 65 4 64 92 53 65 76 67 73 97 32 59 50 65 52 44 74 97 94 43 6 15 75 24 90 15 59 18
10 32 35 28 41 4 91 28 64 40 16 86 49 50 96 84 65 94 73 6 24 50 84 21 2 39 35 40 71 94 71 71 69 35 22 90 63 77 51 24 92 41 91 74 36 63 42 5 74 91 49
11 3 79 20 54 28 66 23 41 51 92 6 84 56 42 47 95 79 72 86 90 52 61 37 80 1 96 63 74 68 65 24 23 2 21 40 73 11 38 41 35 50 66 73 8 95 85 42 56 23 78
12 37 2 4 90 20 34 38 23 95 48 61 27 25 96 100 23 88 19 85 27 22 55 58 3 39 2 56 23 11 68 86 10 22 54 55 12 88 37 52 35 98 68 96 19 2 65 61 44 10 26
13 56 84 8 67 63 60 73 14 58 88 47 27 99 27 99 69 35 63 91 77 46 4 40 22 36 10 12 92 57 2 41 37 10 34 53 5 21 27 41 72 75 83 64 65 3 38 54 17 94 54
14 20 34 33 31 86 14 30 8 49 7 24 6 82 12 92 72 20 3 92 80 6 52 33 57 13 43 38 86 98 49 65 70 11 24 57 4 58 60 83 96 96 5 5 54 60 94 94 39 18 59
15 39 87 53 50 13 94 62 51 80 29 8 33 71 2 81 96 98 70 10 28 49 31 70 10 45 6 63 45 67 15 66 68 31 38 32 39 79 52 88 86 9 51 19 53 22 19 53 28 44 66
16 90 70 72 76 5 49 60 6 8 36 13 19 32 30 36 52 90 9 50 38 14 72 40 98 95 41 12 92 100 1 46 51 5 15 46 4 80 48 66 24 73 60 86 43 57 36 62 67 99 1
17 100 54 73 34 95 99 28 45 23 38 68 60 97 78 59 13 21 58 52 62 19 59 64 87 27 25 96 16 17 12 92 72 87 21 7 58 96 80 39 93 21 8 55 79 93 90 84 25 67 59
18 52 47 42 93 53 38 64 70 17 29 12 10 100 24 56 90 78 70 100 89 11 1 26 35 65 4 62 52 41 32 70 66 28 59 97 38 31 85 45 97 28 36 32 69 79 11 39 61 18 56
19 38 98 21 62 16 19 12 73 40 55 49 61 6 80 36 18 46 28 90 80 69 60 54 23 61 63 14 35 20 72 5 2 76 2 71 86 49 71 26 96 94 13 60 87 69 41 45 9 90 52
20 50 92 26 91 62 51 87 14 20 82 70 65 33 95 80 85 63 99 75 76 14 44 2 63 15 72 73 32 2 18 32 93 92 3 86 59 28 40 38 6 5 50 83 60 69 51 23 60 25 43
21 56 89 61 57 70 35 88 23 56 74 32 94 14 88 23 47 46 12 13 78 6 80 70 57 33 50 62 21 13 95 11 76 81 79 94 3 47 81 82 63 100 30 69 89 10 68 79 38 82 33
22 16 86 22 36 82 34 85 67 35 55 62 45 7 36 89 82 89 21 80 44 54 98 82 5 31 84 34 87 61 42 97 15 18 50 55 25 65 61 55 54 92 32 18 95 56 13 42 13 63 45
23 91 25 30 51 61 74 42 25 68 53 92 38 9 93 41 20 41 63 75 34 82 55 49 68 28 48 35 78 50 24 14 10 66 48 29 90 19 58 4 94 96 71 96 85 56 40 23 14 24 52
24 93 97 56 96 99 75 49 37 11 14 46 12 85 49 66 28 96 71 54 13 35 2 44 97 85 65 99 71 80 82 43 53 62 46 51 2 13 30 5 81 80 27 82 45 25 92 87 5 6 26
25 19 74 63 92 34 14 40 1 50 75 34 71 16 49 23 89 64 12 40 11 56 25 67 100 98 30 4 72 25 8 27 8 54 13 22 10 96 63 32 37 72 48 23 61 89 50 6 86 79 36
26 7 95 98 5 91 33 18 84 61 53 84 25 23 15 19 12 66 63 60 39 94 65 19 25 30 99 51 20 41 78 32 58 86 54 62 44 100 42 21 98 84 64 99 99 55 64 58 56 54 27
27 63 99 89 89 61 18 48 31 26 84 52 19 10 35 61 33 22 95 2 23 36 69 74 31 47 99 42 51 70 44 59 74 40 19 37 33 91 13 48 68 69 54 54 82 22 35 61 2 80 97
28 70 24 51 37 74 16 72 17 32 57 76 10 100 44 1 70 58 2 85 99 46 18 14 1 95 24 33 29 25 35 81 47 67 10 34 77 4 9 54 36 34 44 12 62 37 9 88 44 65 82
29 75 11 2 89 23 54 79 11 52 30 5 34 68 68 21 55 45 46 33 72 77 96 55 90 70 53 78 37 82 58 65 42 76 19 25 25 33 64 79 65 86 61 98 37 59 5 53 20 59 67
30 72 59 28 94 59 22 62 7 8 100 67 20 95 2 62 39 30 31 84 40 22 53 22 15 10 47 72 93 46 18 73 77 77 28 65 18 75 47 51 55 58 66 31 61 81 27 55 92 46 45
31 48 17 68 58 31 59 28 96 60 61 13 35 39 15 49 66 46 15 90 59 90 69 36 68 61 38 53 67 64 38 11 40 4 52 1 14 10 6 81 19 83 93 56 17 93 30 67 29 68 86
32 56 97 16 63 27 72 19 95 63 56 53 48 47 85 1 93 38 100 39 72 79 14 69 28 45 50 91 13 55 1 62 90 85 17 50 23 30 11 67 3 57 5 5 63 50 82 24 11 54 16
33 18 44 41 48 14 67 7 8 8 25 49 34 2 80 50 91 39 77 22 82 70 22 81 77 90 34 58 1 91 34 54 6 35 23 100 49 53 65 3 10 42 6 30 48 22 63 18 39 78 26
34 53 48 32 5 70 54 62 86 61 40 94 20 69 98 61 80 31 13 23 3 48 60 7 63 89 23 35 36 22 65 18 45 57 4 56 92 25 27 98 82 87 33 95 6 59 4 57 28 90 5
35 32 85 54 77 40 85 95 43 49 91 49 85 60 51 13 12 20 50 73 40 94 95 46 11 56 99 80 84 71 18 41 47 56 70 34 27 28 95 30 56 16 71 55 3 96 68 74 31 34 36
36 2 85 29 5 24 5 10 21 49 78 99 11 29 68 75 78 19 29 49 94 20 75 52 49 84 99 34 59 39 20 47 97 28 70 9 63 20 45 93 88 77 79 97 10 77 92 4 18 9 47
37 61 21 69 78 12 52 13 74 1 61 88 5 43 2 32 19 52 97 79 58 13 41 37 25 100 20 17 12 32 90 96 97 82 25 27 10 21 97 13 74 83 53 42 41 10 83 17 36 35 45
38 20 72 46 8 95 5 38 61 30 14 80 85 33 8 78 93 20 16 8 27 48 96 14 56 3 52 39 23 88 45 50 44 11 15 3 44 49 92 85 84 3 24 73 16 71 58 1 54 88 2
39 34 75 79 53 47 62 50 58 23 98 40 14 81 13 60 43 34 62 23 36 42 90 72 92 42 22 18 44 97 80 45 14 34 65 93 39 26 70 72 47 95 77 61 96 91 6 28 16 57 29
40 99 43 92 46 50 76 86 32 79 42 56 10 89 23 47 76 38 64 11 88 39 40 52 84 39 93 38 55 10 22 61 38 27 96 9 33 28 91 36 66 21 45 60 97 92 68 76 80 95 87
41 49 33 30 51 1 98 87 23 60 97 23 86 37 40 82 26 15 2 74 89 1 99 72 27 43 100 4 23 66 75 67 15 77 93 37 1 13 28 48 16 50 12 85 26 15 8 65 19 88 78
42 37 21 21 67 21 14 22 16 55 23 65 10 22 74 79 31 97 71 63 2 58 90 56 83 70 63 57 74 43 6 26 97 7 69 8 28 51 76 72 17 52 72 21 64 89 3 99 16 89 11
43 32 38 14 7 9 71 54 18 100 25 72 99 77 30 23 80 41 63 42 3 87 18 48 38 53 34 22 54 29 60 41 66 36 83 11 81 99 75 95 73 12 10 77 62 47 26 30 70 74 79
44 67 34 77 71 6 89 50 83 44 67 80 82 90 53 27 71 1 75 60 4 31 14 37 28 36 7 58 72 58 83 57 37 29 53 43 5 34 25 5 57 96 94 90 38 83 15 29 59 100 97
45 21 37 10 56 14 76 96 94 88 65 10 64 83 28 56 96 37 56 52 78 80 61 24 3 41 29 48 95 97 98 21 42 26 99 54 46 29 37 26 99 99 8 66 91 44 94 41 14 63 31
46 93 13 71 58 27 46 42 63 90 39 28 61 35 52 6 18 69 34 60 20 28 14 39 46 59 73 72 71 2 41 49 47 64 24 84 36 69 88 17 19 60 54 86 11 75 86 83 97 70 63
47 64 56 29 48 46 95 56 51 98 53 22 92 70 27 53 76 53 73 79 79 45 18 50 16 7 69 36 49 59 80 50 81 29 70 85 55 7 78 10 67 59 85 74 100 91 36 93 98 88 2
48 40 48 60 55 68 65 63 82 74 63 59 53 80 64 47 42 49 8 65 31 15 26 27 45 96 75 32 46 95 80 99 18 69 76 80 35 31 73 57 83 41 1 27 5 44 56 81 7 64 96
49 49 91 45 69 46 97 55 82 97 68 47 84 67 35 8 93 42 97 34 44 39 100 50 15 95 71 2 97 64 62 6 21 7 6 52 31 28 29 43 97 42 23 50 100 43 93 63 41 6 62
50 86 50 51 84 8 41 46 89 95 63 64 26 76 69 39 95 62 83 53 52 81 17 10 2 79 54 13 25 66 82 47 54 70 59 46 8 83 100 18 39 70 26 21 40 37 74 68 55 21 27