100
1 150 71 31 146 26 46 87 197 47 25 143 95 104 35 177 87 56 107 130 95 127 87 90 4 57 12 190 181 192 41 197 11 107 188 16 16 143 101 70 99 21 10 174 58 164 66 22 185 73 78 195 130 179 29 58 157 124 7 63 179 69 157 108 45 97 46 181 99 62 21 33 1 191 33 187 188 141 5 9 158 6 1 189 30 63 16 107 4 22 29 130 171 123 95 126 200 89 172 109 130
2 167 85 129 106 52 166 21 101 106 58 108 199 106 124 190 83 64 113 108 24 144 92 70 46 49 33 51 26 42 70 9 189 50 39 182 68 92 2 30 156 11 66 21 92 178 79 63 120 16 78 70 18 177 93 85 99 184 42 155 3 148 197 169 126 16 26 183 168 64 75 156 17 17 70 53 108 64 147 24 13 62 41 137 177 2 81 157 99 15 194 45 68 23 55 69 130 16 22 30 77
3 79 11 160 126 131 140 180 112 27 22 113 75 58 192 157 86 161 182 159 22 134 129 99 45 148 101 37 172 43 171 153 155 145 8 26 128 169 150 50 127 59 49 186 58 37 93 146 17 160 110 83 19 85 15 163 53 162 103 161 122 136 113 89 124 31 124 154 146 164 35 174 130 17 157 186 89 141 62 191 169 167 55 73 114 117 125 22 197 169 46 40 60 47 121 110 158 32 189 200 137
4 187 162 74 193 116 120 179 1 133 61 150 95 4 131 192 140 29 57 27 44 66 96 35 75 168 33 24 89 140 189 35 8 158 101 36 75 68 163 147 169 74 41 181 74 33 25 161 1 62 180 4 83 44 71 154 95 44 122 174 110 44 123 156 165 141 19 53 192 146 95 26 42 14 58 149 75 133 113 148 176 134 127 79 25 23 33 61 55 122 125 178 69 55 39 75 24 113 180 53 154
5 149 171 74 43 8 32 85 193 185 82 145 154 111 96 13 175 52 200 3 164 2 8 18 69 85 33 128 179 25 184 131 126 141 62 66 101 193 179 127 77 196 6 128 95 169 184 6 61 106 99 54 141 157 109 15 6 102 185 34 91 110 159 25 31 11 58 65 120 16 19 145 134 198 4 192 165 26 56 194 66 57 9 132 75 138 26 192 170 75 191 99 34 143 169 37 114 78 126 120 179
6 101 200 85 165 23 180 59 111 84 39 49 198 170 92 150 197 145 161 79 134 195 27 17 120 180 142 40 114 22 186 167 127 184 138 121 58 96 119 159 11 87 28 146 90 140 123 100 180 187 177 170 69 119 53 101 101 53 38 178 125 84 6 94 59 82 49 69 92 168 187 53 90 185 49 31 134 55 62 166 104 183 105 34 197 62 77 183 71 139 186 130 99 166 2 108 40 186 46 51 172
7 120 1 181 179 116 29 118 10 131 117 115 88 165 107 39 102 168 59 15 65 61 40 82 46 167 6 75 77 200 39 17 57 94 193 38 15 23 192 23 20 49 176 36 92 110 46 25 57 13 136 4 57 51 193 184 195 12 66 105 51 141 141 129 100 60 180 42 45 195 194 4 95 112 47 137 118 72 50 136 126 62 130 7 64 190 134 93 108 55 46 135 17 168 129 177 76 18 120 159 86
8 167 91 84 185 25 50 146 75 118 143 83 28 178 115 73 141 133 53 169 65 79 58 53 137 121 145 161 18 126 63 46 65 83 139 190 35 146 90 143 78 125 53 116 44 185 41 96 17 48 104 172 170 124 30 98 80 17 31 115 150 106 167 111 183 135 90 51 44 38 117 128 117 151 68 185 173 36 46 60 131 16 38 69 118 199 107 32 24 15 194 142 119 142 146 81 48 92 64 3 4
9 82 68 124 88 27 148 115 176 10 80 175 28 92 142 62 61 135 47 133 185 123 105 81 29 8 54 38 75 33 181 182 197 160 160 68 64 65 14 193 36 115 177 127 91 180 2 189 112 60 60 138 122 94 6 77 9 114 37 116 185 182 90 27 93 15 191 56 21 58 152 53 194 55 120 29 49 161 33 123 71 31 200 31 132 87 32 42 147 123 182 36 9 76 173 148 188 15 11 200 14
10 173 51 189 82 127 5 145 134 26 83 111 129 63 109 20 23 78 119 160 50 100 97 70 116 98 47 159 139 193 83 99 100 122 96 170 187 59 16 91 185 111 136 67 135 36 41 96 74 51 3 182 87 68 70 82 17 137 25 173 153 107 54 107 46 130 5 132 21 169 145 139 18 32 104 173 160 191 102 172 37 71 52 197 82 43 37 47 65 199 122 46 199 80 86 30 29 100 28 19 90
11 107 40 176 155 150 99 119 37 63 43 49 9 113 98 166 50 74 86 103 84 166 113 97 37 125 90 125 160 80 116 71 119 16 61 147 57 200 1 127 117 180 168 77 158 98 173 183 95 199 17 200 41 165 80 120 82 156 58 40 96 95 148 103 159 136 16 116 63 167 186 189 113 103 125 96 91 121 110 112 51 156 14 179 40 101 30 9 7 44 166 71 101 48 6 132 120 100 33 163 115
12 177 31 139 193 14 50 164 161 94 171 123 35 177 45 31 99 189 106 29 43 54 6 105 142 155 137 78 66 67 184 160 61 136 110 8 84 100 159 191 88 169 117 86 25 85 191 38 103 125 150 148 143 17 50 79 131 9 85 29 86 30 126 26 198 28 64 131 67 30 180 178 38 147 13 43 157 200 82 62 15 182 1 70 155 53 154 185 54 48 194 81 196 171 65 107 22 147 134 181 149
13 46 129 141 150 171 81 72 23 138 167 57 137 142 67 170 78 82 158 167 68 123 40 25 99 36 154 161 172 167 22 102 163 11 102 152 134 129 19 86 38 44 7 93 45 104 116 25 72 17 46 57 72 159 199 30 156 1 66 173 129 8 170 6 196 53 75 35 79 22 113 68 10 85 113 130 124 73 188 115 91 65 123 103 40 30 47 64 86 64 16 175 180 28 145 140 161 125 145 165 8
14 161 157 108 36 197 44 146 166 67 52 192 172 194 171 144 84 119 88 167 98 59 107 54 54 173 82 89 193 146 118 176 58 2 174 60 4 141 178 4 66 85 42 8 182 69 128 37 93 90 194 11 127 10 125 155 118 59 151 46 21 92 188 82 36 81 84 85 193 171 138 23 32 199 159 19 174 81 72 158 195 48 6 43 62 67 165 71 149 84 151 129 61 36 193 19 23 175 174 79 172
15 138 131 140 10 130 36 152 31 150 5 171 93 80 58 177 151 16 11 80 131 90 114 170 120 145 159 13 10 44 198 42 100 87 47 11 86 109 103 136 55 125 173 91 28 146 120 163 1 128 126 150 119 196 40 99 199 147 189 71 158 54 75 109 130 60 125 147 188 112 162 171 38 181 106 56 119 23 94 90 172 12 56 171 146 3 89 50 185 35 170 56 107 55 189 154 133 56 117 46 85
16 60 171 25 133 190 115 152 55 62 46 14 186 131 96 45 83 85 93 128 127 192 8 185 32 102 156 183 78 172 127 122 184 184 196 138 116 17 96 124 67 95 174 30 184 77 159 102 43 165 180 6 161 98 86 194 54 99 25 45 85 167 107 80 103 28 195 117 18 157 56 68 196 131 80 68 105 42 67 20 145 72 110 25 182 129 172 3 196 63 10 52 1 57 58 176 63 81 130 75 64
17 98 157 64 154 57 59 94 3 107 165 64 182 88 76 68 174 86 82 187 59 185 192 91 163 26 194 18 130 142 160 60 133 56 38 79 60 137 7 77 62 151 109 89 57 132 68 85 82 168 184 76 50 170 116 116 98 115 116 70 8 155 141 56 130 112 123 138 74 148 20 193 155 46 140 65 43 172 79 94 170 200 190 84 82 32 92 117 191 27 104 179 176 144 65 119 151 169 85 113 134
18 113 90 81 146 193 112 118 124 121 166 117 29 37 164 44 178 133 65 23 185 194 55 82 51 142 188 136 179 132 178 100 77 96 113 23 154 23 130 161 187 34 15 115 140 159 186 180 68 145 12 130 113 177 47 99 97 196 30 173 126 159 139 147 122 41 113 65 60 24 115 58 65 111 116 15 142 142 185 163 85 50 140 173 199 63 10 174 9 163 79 124 25 12 120 86 91 141 146 96 63
19 117 33 161 125 169 188 19 196 195 135 123 7 178 88 90 122 100 119 99 99 10 87 190 68 107 58 4 80 59 172 68 92 13 6 173 16 95 14 157 190 181 197 138 18 200 98 119 186 1 165 57 113 185 6 107 134 26 167 110 130 75 143 109 194 88 33 120 154 193 116 6 67 28 148 9 109 69 41 37 57 5 126 82 8 112 21 114 64 43 49 196 49 14 84 10 146 47 194 112 98
20 143 141 70 59 161 42 24 113 48 53 92 116 144 57 92 178 128 114 156 154 30 150 142 92 43 113 172 44 185 56 46 16 106 73 29 128 27 153 87 70 41 38 132 110 146 198 32 31 48 167 146 123 49 136 147 116 75 47 196 111 62 133 74 181 49 160 131 151 42 104 125 123 137 164 108 5 172 37 125 7 128 26 66 115 62 54 165 56 68 175 151 92 198 120 163 41 21 82 191 139
21 143 62 51 128 30 199 46 57 69 78 53 25 9 173 132 131 189 63 2 153 192 112 112 90 178 129 107 51 117 183 98 186 1 85 98 14 131 175 136 51 86 73 182 45 138 118 138 99 44 77 115 54 126 73 190 66 177 88 112 108 105 111 108 180 144 140 184 181 125 60 107 59 30 190 65 132 75 175 138 66 141 87 184 48 31 108 64 171 68 6 11 179 169 42 117 98 164 11 13 4
22 110 150 23 8 69 149 110 126 93 151 30 105 183 69 41 199 10 96 151 46 50 41 84 177 38 185 53 76 14 130 179 68 29 141 187 186 35 14 173 42 174 190 12 47 139 15 5 42 111 85 171 58 51 34 34 118 15 82 115 73 141 81 192 28 170 98 105 107 153 1 101 33 113 131 149 13 167 197 45 121 127 50 180 96 159 41 151 161 52 6 41 105 122 128 85 149 166 147 15 168
23 110 143 128 162 115 184 48 82 62 39 121 22 65 73 138 8 95 71 9 170 110 166 101 14 60 151 42 71 192 114 30 164 154 182 36 198 166 20 151 24 69 77 145 134 37 161 140 129 170 106 105 186 196 32 8 29 19 79 167 137 104 93 62 45 62 152 66 85 193 111 32 28 6 168 13 60 75 90 20 188 56 188 119 57 94 142 137 73 95 158 84 100 71 110 30 115 105 27 42 38
24 173 194 108 48 112 110 109 70 116 69 144 72 58 99 187 135 69 199 106 24 41 13 136 87 68 20 56 7 83 169 76 49 120 3 27 124 187 24 136 12 111 168 185 22 71 9 29 114 192 138 65 18 40 189 189 67 119 78 26 9 157 153 63 183 101 75 77 87 32 111 119 7 189 28 118 5 87 101 20 165 183 129 71 16 4 108 57 111 193 142 69 32 14 170 124 112 89 10 113 194
25 70 17 34 151 188 153 89 46 59 7 153 62 75 3 180 2 6 180 44 172 168 99 81 13 6 62 27 83 38 9 97 188 21 112 145 11 62 80 112 193 1 174 44 189 107 160 88 151 13 59 176 169 135 133 62 111 78 116 132 17 11 134 155 142 134 107 99 164 75 79 36 149 124 36 125 171 135 64 27 128 185 19 92 167 163 132 148 111 4 172 47 105 152 19 56 184 184 97 170 193
26 65 184 85 179 97 136 84 104 87 147 60 188 83 147 23 70 198 144 42 21 51 150 3 52 14 126 136 129 75 164 76 123 154 193 147 2 186 170 160 27 76 137 28 180 122 178 18 21 167 121 89 136 16 186 50 66 196 49 130 154 8 67 162 185 6 44 117 195 118 114 146 85 189 162 171 39 182 98 45 173 71 111 1 16 157 32 90 194 74 18 184 90 109 182 156 52 27 64 93 157
27 150 65 90 133 91 150 65 94 39 42 128 117 92 162 58 38 25 56 180 29 104 59 8 162 101 37 106 68 107 84 105 17 128 93 56 196 60 94 158 65 30 194 106 54 24 155 179 74 36 107 96 98 119 163 115 17 133 136 147 88 109 2 26 54 166 159 164 178 18 16 97 191 18 50 77 23 3 200 54 51 31 183 133 10 199 122 193 192 119 39 168 104 146 113 128 77 72 167 85 182
28 101 46 3 41 28 194 119 73 179 11 137 154 81 165 141 140 62 160 162 150 162 50 177 54 137 177 186 182 76 142 181 129 83 134 101 38 83 122 137 91 178 194 125 158 51 118 86 9 14 133 45 108 198 57 134 175 82 186 114 88 76 186 194 138 190 106 12 63 95 179 115 174 8 63 82 96 99 152 193 176 30 161 3 178 124 132 55 54 125 68 126 76 64 53 157 73 190 48 35 187
29 8 27 28 90 115 24 40 160 147 197 102 42 134 132 69 159 163 92 172 145 123 111 175 145 22 13 53 40 161 114 169 107 63 43 6 182 29 151 38 61 147 195 140 15 31 166 73 108 36 7 172 112 75 108 117 56 32 116 156 149 97 22 13 142 91 188 159 35 158 83 181 40 73 172 157 142 32 48 119 8 53 158 64 92 62 113 176 161 70 129 88 152 197 190 40 102 20 100 56 40
30 84 91 13 56 199 103 119 80 130 160 49 196 192 82 40 133 138 79 79 130 70 35 162 42 110 169 26 120 139 173 49 30 105 81 182 198 92 44 179 124 91 119 37 103 157 58 180 50 73 95 60 198 66 132 106 19 27 7 115 190 199 77 146 109 60 188 168 73 81 2 81 11 133 142 164 82 42 149 115 4 147 79 117 51 81 67 40 122 52 120 187 192 112 70 138 124 102 148 59 18
31 189 131 49 20 48 75 78 45 177 37 135 162 182 17 123 2 172 136 132 167 2 20 193 165 119 55 139 163 94 161 110 88 200 70 130 200 138 64 99 191 49 17 110 133 84 91 118 122 18 51 5 76 131 187 86 142 187 152 147 19 44 195 178 132 162 3 126 47 21 155 83 113 107 32 33 28 133 119 13 4 131 172 36 110 49 165 26 107 180 160 147 196 40 147 95 158 148 35 187 56
32 57 126 53 26 62 76 16 72 119 147 153 199 151 43 89 40 4 67 37 139 90 1 146 101 179 183 125 93 61 12 122 35 180 120 106 170 18 124 123 161 148 57 123 148 175 89 180 176 123 67 151 6 102 106 2 151 4 64 68 26 198 71 154 34 112 113 107 11 176 168 41 30 67 128 177 19 66 116 77 102 110 6 31 69 31 59 193 169 35 54 163 100 117 124 197 138 12 112 189 35
33 30 80 107 191 5 72 67 99 80 149 35 43 117 61 150 176 54 156 184 20 73 82 51 116 108 140 17 110 153 191 91 154 39 117 145 62 65 33 91 68 2 125 32 31 73 102 180 134 138 78 159 176 61 106 44 1 83 93 32 84 118 157 20 137 184 117 35 32 63 155 176 167 143 34 26 105 49 3 129 176 51 87 22 148 119 120 54 4 152 17 80 172 171 146 87 144 147 65 73 104
34 159 78 153 188 112 110 2 114 197 66 45 21 185 128 133 89 184 114 1 133 21 54 185 191 184 63 5 158 135 65 43 148 162 10 191 82 43 7 160 9 182 165 40 182 29 162 131 126 31 114 36 83 90 30 61 197 110 178 158 20 84 70 48 12 119 127 98 162 66 127 155 87 43 131 33 131 166 131 18 59 84 175 17 110 117 23 171 157 12 156 34 129 123 78 145 185 63 198 145 60
35 172 85 60 115 100 67 81 91 140 92 8 130 144 153 70 127 160 123 98 175 67 69 120 6 11 107 46 195 96 29 14 31 50 80 172 70 81 7 8 183 192 22 38 121 58 200 92 102 2 137 115 165 89 14 146 98 36 187 47 9 172 157 183 59 179 162 169 136 99 150 174 46 121 8 163 88 82 35 82 194 156 89 110 180 48 189 38 142 111 32 195 4 155 151 37 81 135 194 51 168
36 137 192 178 112 55 89 97 160 152 180 10 156 61 115 162 15 152 92 165 98 179 41 196 131 51 177 32 161 23 56 140 199 196 133 54 39 19 187 30 9 181 51 114 28 117 71 1 36 119 153 159 117 112 189 104 47 14 5 192 18 41 108 42 132 83 133 72 105 132 5 83 10 128 30 3 41 157 125 9 187 151 102 195 175 142 6 128 183 108 34 141 61 151 62 151 16 22 88 105 182
37 106 127 88 83 98 166 189 83 35 29 123 117 55 66 115 106 30 35 164 12 107 159 46 193 73 110 145 34 109 127 65 31 181 121 69 22 1 75 88 172 73 151 199 50 56 68 61 195 32 100 28 46 133 14 4 39 158 29 25 115 57 72 64 36 30 2 33 25 168 69 84 73 151 139 13 81 185 6 18 29 130 177 119 4 17 62 87 15 150 41 174 58 121 84 85 140 116 141 110 132
38 100 61 32 116 12 162 61 51 154 135 2 174 102 122 94 14 104 95 167 192 121 19 34 8 69 188 81 143 96 47 114 24 15 129 157 21 56 130 190 103 52 79 68 94 123 7 161 46 113 177 20 34 8 188 195 45 78 70 76 71 193 185 78 156 104 83 51 60 19 77 105 190 46 126 74 174 193 88 80 137 12 132 125 30 138 50 170 24 171 124 94 33 87 3 58 89 175 97 82 168
39 158 145 158 72 16 132 114 158 41 102 67 42 177 120 131 124 135 159 23 10 84 132 31 40 90 93 93 63 77 117 114 1 96 64 93 116 18 185 117 45 26 199 154 79 65 165 159 51 120 49 106 74 130 184 118 50 139 200 113 117 136 45 50 72 81 8 70 162 189 69 51 60 133 148 28 48 43 123 126 172 36 42 58 193 164 199 61 183 33 50 196 4 163 59 100 189 58 107 104 27
40 8 137 20 50 40 102 130 86 24 18 195 135 27 1 1 86 58 192 26 184 68 117 111 147 171 126 6 111 65 200 29 199 99 171 96 56 93 59 188 137 62 171 93 115 62 109 181 146 125 149 158 21 165 159 42 179 26 86 113 159 105 142 99 141 199 156 22 173 60 133 146 88 95 132 115 176 140 32 95 141 156 53 1 117 43 50 197 140 167 107 4 108 103 143 187 190 123 141 111 154
41 171 123 171 164 35 191 166 7 85 185 159 174 23 16 2 89 14 76 167 109 147 93 33 127 85 122 188 90 95 172 147 110 188 140 185 132 72 130 14 88 185 128 76 30 38 86 179 40 151 111 34 6 29 76 54 71 2 151 48 192 188 195 114 43 30 114 90 1 144 135 35 154 57 173 72 28 130 143 18 3 188 138 28 192 21 24 28 125 167 14 133 88 17 56 100 110 114 156 47 82
42 131 52 4 134 76 16 89 33 2 131 144 65 24 29 70 3 11 1 83 161 187 15 164 179 6 101 32 129 151 26 168 168 191 99 3 43 83 65 88 12 39 195 149 35 48 32 63 182 128 39 83 74 198 171 13 137 164 105 71 4 45 164 85 187 62 123 182 58 108 112 21 78 31 109 32 185 14 115 1 10 51 3 196 185 64 48 40 41 138 44 49 103 164 98 181 74 159 36 158 11
43 49 198 88 15 20 50 91 138 137 94 194 110 164 19 61 5 146 159 157 116 56 158 134 8 69 132 97 141 43 182 91 125 194 113 80 78 190 59 196 111 58 65 107 83 36 184 119 135 27 73 195 121 127 54 30 2 183 122 89 6 17 73 172 80 94 162 38 35 99 6 52 111 47 44 92 65 10 123 83 134 91 100 107 193 197 174 176 19 59 140 37 26 97 53 163 14 61 34 90 127
44 125 101 3 171 139 159 53 135 6 130 62 19 147 169 197 75 100 54 54 19 8 106 69 36 12 162 30 20 135 31 52 98 84 110 161 42 123 154 14 46 193 95 11 30 34 25 193 184 140 132 6 20 70 157 105 106 200 8 142 53 53 139 60 3 70 107 173 141 57 158 118 157 82 177 48 30 184 163 103 144 36 41 153 59 149 43 80 52 79 199 171 86 77 93 66 3 93 59 161 100
45 124 145 63 36 161 31 31 107 126 22 158 154 52 53 78 139 174 197 51 27 113 7 125 122 34 76 45 2 72 133 43 182 100 141 199 125 167 179 86 175 179 196 111 87 196 200 175 145 72 172 130 127 5 169 115 183 41 154 158 39 72 131 44 3 26 120 63 6 11 108 110 135 63 92 98 86 21 83 66 160 27 63 77 87 75 155 191 117 148 142 85 34 132 116 28 4 101 4 110 199
46 117 138 135 14 122 166 143 8 190 132 185 118 24 85 11 83 19 134 167 29 130 136 162 108 140 56 90 153 189 200 150 137 21 53 96 130 197 154 158 180 47 181 194 147 70 168 134 133 14 43 100 151 92 184 141 29 129 79 32 137 179 59 13 156 36 173 66 155 55 112 71 35 113 188 29 200 69 191 68 59 75 113 13 66 65 46 61 132 105 49 124 69 189 87 148 167 121 178 190 90
47 193 8 33 117 19 187 164 117 21 113 190 61 170 111 68 87 9 34 83 130 94 126 7 189 102 67 123 154 13 20 10 23 2 162 45 73 141 169 141 97 55 80 60 76 171 135 159 13 180 140 119 78 160 39 57 56 155 103 194 79 159 12 174 1 34 174 99 96 104 61 170 165 90 115 94 120 135 16 56 37 163 172 169 1 46 178 121 54 54 43 136 171 151 200 4 160 137 60 3 81
48 171 57 1 32 111 194 195 8 94 49 125 175 133 123 153 35 40 104 49 128 94 119 111 41 61 97 18 62 120 53 52 132 54 180 83 139 197 173 116 4 54 164 174 98 131 63 174 187 78 74 127 78 4 179 165 167 106 48 42 24 86 199 64 131 177 54 39 14 20 93 65 141 41 88 181 70 91 17 194 105 105 110 44 159 134 87 3 37 77 195 2 57 99 163 37 28 173 135 159 8
49 148 104 138 163 118 181 88 181 175 122 123 47 144 102 192 52 102 123 9 148 14 116 130 159 88 90 164 183 89 111 137 129 78 47 15 118 30 35 49 140 175 96 58 42 195 136 35 164 52 80 158 36 102 185 60 186 172 74 149 29 14 102 38 114 33 106 64 61 167 107 110 118 9 77 86 29 171 166 4 56 87 36 12 44 100 76 63 187 135 125 23 110 51 28 94 187 165 18 4 56
50 195 19 64 105 23 16 145 149 31 111 101 48 39 184 17 189 48 60 10 34 154 170 132 137 112 74 9 27 155 197 108 176 162 196 134 85 192 112 57 125 111 122 196 83 172 165 6 30 130 145 46 86 36 16 178 103 189 190 22 75 146 13 72 197 123 190 50 67 53 15 135 147 155 49 66 162 7 169 67 64 11 98 83 32 45 153 114 167 187 25 79 27 106 176 8 6 78 58 74 146
51 5 124 75 15 92 75 54 76 95 70 104 99 131 193 105 79 14 188 148 2 17 164 122 2 68 88 147 195 75 182 175 148 104 151 29 171 57 80 10 73 180 123 12 78 40 29 31 164 61 41 8 151 39 117 136 144 191 60 179 166 107 148 25 182 175 160 165 28 99 80 148 163 38 31 137 25 4 6 183 111 109 152 37 199 126 134 41 22 163 187 6 157 173 106 96 186 96 95 74 108
52 145 51 158 72 70 148 109 133 62 60 119 199 35 137 173 138 157 157 188 28 65 47 189 184 89 74 132 88 14 116 133 75 163 73 62 88 140 177 49 138 70 56 136 36 81 100 198 167 60 100 107 9 176 167 40 136 15 99 148 72 166 135 70 97 105 91 21 156 70 134 28 47 125 56 97 151 182 25 121 94 108 138 124 142 200 155 191 108 120 60 25 176 18 176 37 117 164 79 130 12
53 182 187 40 45 2 125 140 32 2 145 133 64 83 47 72 154 105 3 25 6 20 71 19 171 33 80 34 87 147 46 159 47 123 16 27 187 158 160 168 22 102 74 180 101 180 35 183 134 52 183 183 171 73 179 50 143 99 69 85 200 102 1 74 77 102 21 54 106 55 87 188 58 33 77 28 133 4 142 65 162 32 119 122 21 153 192 14 141 1 16 29 152 94 14 116 112 21 82 41 106
54 39 99 145 163 12 35 63 126 173 8 21 5 62 115 151 116 107 54 70 68 18 10 131 118 26 159 61 13 82 96 124 98 166 157 119 154 13 74 123 195 150 169 100 55 52 124 137 56 32 141 19 52 190 185 39 11 18 74 53 71 109 37 95 2 66 52 61 39 142 76 96 186 8 65 79 65 149 16 63 143 198 93 29 47 54 63 153 150 199 161 75 196 125 2 129 180 189 7 93 113
55 166 31 32 91 65 96 43 43 182 8 32 196 192 151 172 27 73 43 128 32 144 123 80 92 146 200 92 197 86 112 69 1 78 117 194 144 187 198 11 84 153 69 69 165 139 153 24 192 103 108 5 24 37 159 21 120 116 21 166 96 62 190 150 78 101 157 197 46 46 140 142 45 85 13 150 115 81 4 129 167 33 60 113 103 111 39 24 96 108 107 88 123 28 193 200 49 19 159 146 16
56 97 152 59 174 130 74 171 45 137 41 134 200 110 146 130 53 5 194 81 195 89 80 113 70 8 41 51 105 9 179 1 3 68 67 59 38 73 131 148 67 35 198 24 162 142 94 24 161 175 56 194 50 155 14 187 98 171 86 38 199 46 120 2 2 71 150 110 133 120 47 152 31 152 13 87 149 1 120 117 195 85 153 193 116 162 28 36 47 163 112 35 170 130 72 180 83 59 63 12 76
57 178 136 104 127 71 116 147 83 120 184 47 93 144 117 152 74 63 57 45 92 11 71 184 19 125 3 120 86 30 136 173 43 44 157 180 19 24 77 163 137 58 30 8 132 175 140 109 27 138 23 182 185 16 75 62 66 56 199 23 60 131 96 64 33 80 86 76 180 188 190 1 50 72 18 78 35 43 119 40 136 193 125 135 120 28 108 85 126 74 125 46 165 111 134 134 135 109 83 40 89
58 81 121 59 44 176 156 58 192 90 12 195 121 134 179 79 94 6 114 172 168 28 133 64 128 108 180 95 164 12 156 7 68 138 101 74 167 117 36 99 139 174 76 189 157 88 153 144 118 86 142 77 87 124 55 108 22 65 89 35 25 36 161 66 74 164 90 86 28 132 131 43 85 63 72 173 77 152 159 176 102 85 134 158 100 36 172 25 158 39 85 106 77 53 170 58 77 153 48 70 91
59 191 95 144 78 131 118 4 136 108 29 144 70 130 68 176 150 60 178 184 57 29 192 131 9 31 71 108 53 200 103 172 107 21 34 51 173 172 8 42 119 142 108 168 183 93 118 195 38 122 123 41 143 115 162 8 29 99 136 35 82 18 79 142 157 182 34 28 35 154 92 182 161 62 90 23 145 23 62 14 52 112 197 36 151 121 51 63 104 16 150 70 154 62 136 165 8 123 97 27 135
60 187 92 122 127 74 120 103 131 151 139 139 7 78 146 65 89 48 43 33 59 166 47 100 136 100 194 129 53 27 173 183 50 97 127 132 169 77 191 54 126 13 20 176 7 98 129 7 38 111 27 54 141 198 44 166 162 76 78 194 43 166 32 90 99 19 13 149 62 132 109 77 121 162 147 134 149 110 153 200 54 167 49 197 23 119 142 28 113 183 42 151 51 12 121 58 75 2 101 149 174
61 129 100 124 149 60 87 61 17 49 76 162 32 150 126 7 200 65 156 166 4 20 71 169 109 62 40 184 10 37 9 108 98 18 170 171 81 150 80 5 122 44 169 166 45 46 43 197 193 69 181 12 131 67 86 113 72 76 133 84 79 92 48 10 82 178 73 73 198 13 190 85 65 150 56 107 69 111 78 181 114 122 99 53 96 149 37 189 52 172 32 197 163 151 34 102 165 150 48 48 20
62 83 89 159 70 119 73 67 54 15 145 79 162 48 37 194 169 169 142 101 187 136 49 45 117 7 79 73 12 168 47 190 42 167 73 49 184 31 172 108 27 8 123 149 130 160 74 27 198 7 184 163 34 143 8 138 70 163 128 147 175 95 5 188 97 186 78 20 47 95 89 87 154 18 155 46 1 137 36 200 176 24 10 53 116 65 189 173 125 4 123 84 165 124 108 145 96 2 64 104 125
63 78 40 108 76 147 19 65 80 83 98 9 94 187 102 156 103 135 48 198 59 89 177 180 118 174 155 87 56 193 200 132 167 45 162 131 104 181 90 7 166 198 52 173 194 80 171 56 163 16 193 149 55 90 194 2 27 125 194 60 64 47 76 114 119 155 165 36 95 47 144 72 12 147 170 197 81 63 97 113 153 29 49 49 75 23 87 88 108 185 25 193 121 162 190 120 85 128 50 86 176
64 18 85 195 97 49 77 74 109 73 24 183 185 92 86 139 180 153 190 140 200 27 161 174 131 116 100 63 121 12 98 34 84 77 89 122 190 57 75 177 38 61 128 129 98 151 194 115 12 151 113 103 104 82 128 171 37 197 168 191 10 184 67 152 162 120 124 27 19 17 85 109 164 20 17 153 85 14 139 193 51 169 22 88 172 111 7 176 95 171 16 152 160 147 39 200 27 187 62 23 31
65 3 75 117 61 157 67 53 33 15 11 173 16 136 159 145 82 32 158 132 163 184 38 169 68 37 4 186 103 199 7 30 3 119 134 72 44 88 182 102 183 84 8 143 4 58 123 192 141 199 158 137 142 92 153 163 22 78 140 109 189 83 191 200 198 91 124 199 167 141 170 75 70 181 116 110 151 26 82 150 139 188 197 173 75 29 16 30 101 95 38 154 190 183 151 189 73 49 199 74 191
66 93 136 86 151 24 166 3 96 165 35 11 29 37 149 113 176 109 85 98 74 104 138 25 185 116 85 156 139 177 53 193 51 159 14 13 74 95 174 134 23 53 184 103 18 116 5 108 133 187 143 167 100 183 95 146 63 49 58 166 101 89 104 172 123 35 142 9 78 137 68 7 125 9 24 90 171 185 68 40 11 168 110 5 164 174 15 93 15 23 135 83 87 131 79 114 193 66 54 194 123
67 87 64 38 66 66 155 139 111 2 60 35 114 163 2 19 73 76 153 162 146 92 178 43 80 39 57 76 83 35 184 192 99 144 154 2 149 199 137 155 119 185 84 142 17 164 171 18 60 154 109 72 96 122 117 117 88 11 200 66 57 38 130 163 180 68 18 92 87 64 67 178 130 13 60 65 8 43 98 146 181 30 171 24 48 88 79 51 113 9 51 180 156 188 158 138 102 179 80 188 135
68 157 103 184 41 63 19 92 145 113 29 19 147 27 172 74 58 15 24 19 8 88 2 98 123 4 99 182 90 198 116 90 118 159 6 21 36 70 147 30 193 133 13 188 63 22 94 166 192 134 143 38 24 65 93 91 16 182 49 167 127 100 150 182 172 125 168 136 58 98 76 177 195 7 162 143 56 193 170 195 151 189 30 92 95 18 148 112 24 34 136 133 150 157 191 103 136 87 46 19 139
69 171 20 11 197 120 21 106 79 75 81 43 18 5 140 69 85 54 7 170 85 49 119 120 127 106 157 47 194 190 30 124 137 146 76 101 87 63 164 6 139 100 89 12 143 180 97 192 147 74 190 158 39 58 128 175 41 42 122 92 36 193 74 76 34 70 156 135 26 76 105 107 37 29 76 191 118 29 53 191 57 40 2 191 102 6 187 147 5 21 4 167 123 128 200 138 166 88 156 120 54
70 176 114 9 197 181 32 188 80 173 32 128 46 111 161 172 96 116 86 156 122 196 173 159 162 44 162 176 30 134 85 18 10 90 169 15 130 108 71 162 101 150 51 36 75 71 68 84 88 188 82 122 185 14 147 174 62 196 111 124 177 146 69 107 47 58 173 198 44 187 183 131 196 39 28 18 23 1 76 168 12 134 31 5 9 115 160 66 10 120 31 87 88 116 118 188 156 65 134 39 133
71 57 10 61 21 96 180 84 163 76 15 120 149 11 22 164 35 4 27 148 164 65 73 41 27 66 54 149 2 174 52 111 82 150 143 105 106 194 60 40 158 200 135 52 50 154 5 33 63 144 180 84 124 21 119 130 185 182 151 62 24 57 166 169 70 162 22 39 121 12 146 167 129 38 67 196 107 43 69 178 12 95 99 58 99 127 152 2 147 8 63 118 103 66 110 164 95 118 199 23 10
72 110 87 113 52 181 122 71 122 135 31 104 163 145 79 6 1 28 116 40 184 118 96 167 191 2 188 183 149 1 114 168 158 25 196 166 62 85 30 118 68 133 73 51 19 175 34 151 53 86 59 165 193 146 169 71 151 136 62 187 81 92 151 76 124 172 120 14 151 199 102 161 60 85 181 130 173 64 124 70 152 172 126 33 93 91 82 151 16 189 133 104 131 198 14 65 174 111 66 80 169
73 65 98 80 120 16 2 87 176 149 91 60 98 102 59 140 197 10 123 110 97 159 65 166 26 87 119 144 113 115 148 62 153 126 26 107 144 197 48 72 5 29 128 134 137 69 35 14 41 22 156 110 43 57 122 141 22 159 98 168 191 167 141 22 138 11 78 25 101 76 166 6 123 200 107 199 152 80 62 22 48 7 29 125 109 168 1 100 97 71 136 187 128 27 117 96 42 18 126 107 71
74 45 70 145 187 118 21 174 69 152 117 133 3 109 110 125 96 126 60 84 16 110 95 31 51 167 52 190 177 2 194 146 69 145 135 80 13 200 172 2 153 11 102 156 113 65 143 124 140 106 61 5 174 124 88 86 65 108 18 111 80 148 186 83 88 191 105 109 136 93 17 44 43 99 27 128 75 106 192 58 152 100 162 143 121 58 180 22 146 9 119 66 143 134 54 17 127 176 156 30 117
75 37 93 116 19 168 58 132 144 193 1 57 188 173 157 50 161 15 145 200 109 79 59 40 149 170 71 67 59 75 160 12 43 1 183 186 3 112 101 15 1 180 131 159 106 35 68 77 127 27 113 195 114 69 174 81 106 24 19 200 132 168 94 159 123 80 190 109 89 173 91 96 46 117 156 198 39 145 17 82 107 191 91 73 59 75 200 77 48 158 131 41 65 87 60 47 124 34 164 159 45
76 38 164 96 174 116 38 156 198 68 195 159 44 26 39 152 181 73 170 115 61 166 160 102 154 105 131 155 135 184 72 62 48 68 183 175 1 15 47 170 28 86 154 37 11 52 60 169 162 16 50 125 57 168 1 143 169 173 76 196 140 40 26 67 82 142 150 125 137 16 9 95 156 22 14 147 31 46 148 148 154 167 105 1 109 10 69 116 51 187 165 154 42 117 57 5 34 76 96 145 147
77 47 195 77 108 45 127 195 57 14 6 65 53 70 168 176 176 70 94 156 51 156 200 85 138 148 47 134 72 70 117 69 186 98 156 74 188 34 77 51 97 127 154 183 58 46 134 186 44 51 123 152 126 199 179 13 147 167 123 93 166 69 77 135 35 187 166 7 110 181 80 92 14 78 128 87 113 158 130 102 118 122 179 80 175 12 72 98 14 101 29 105 129 192 137 48 97 129 176 140 23
78 190 152 62 32 61 48 114 99 118 86 134 168 106 176 36 36 140 6 35 138 71 190 51 148 72 23 120 2 165 186 33 154 110 109 177 96 59 114 149 176 47 161 192 50 195 105 36 21 102 180 25 80 195 116 99 149 20 128 63 198 30 12 157 68 132 96 21 78 88 175 107 103 80 114 93 75 38 6 111 19 162 92 172 119 83 64 32 132 124 12 60 199 188 22 42 8 192 191 49 105
79 189 197 179 89 25 3 21 84 145 71 86 22 65 69 116 64 143 106 92 74 152 132 32 66 31 128 70 84 43 107 54 162 33 93 116 109 106 19 96 37 159 5 170 197 97 71 65 179 173 67 101 23 49 110 35 161 16 162 74 88 44 21 60 24 53 96 87 52 92 50 141 21 45 94 152 121 93 26 98 183 71 49 140 34 38 68 93 196 22 68 110 13 99 107 35 124 71 148 180 110
80 62 152 53 76 133 11 19 9 130 158 65 21 61 6 41 140 119 29 102 43 194 111 17 131 25 143 43 54 113 179 35 82 137 77 128 140 182 140 2 118 130 91 84 196 61 40 20 108 141 176 30 197 2 97 157 49 85 200 155 125 26 132 116 144 187 146 134 66 144 50 188 144 28 17 43 133 17 137 148 19 126 31 108 10 80 187 176 120 151 85 13 10 155 198 102 177 95 77 39 73
81 164 59 50 126 168 57 136 184 73 96 19 56 45 177 9 195 156 158 75 167 40 136 191 4 139 155 195 37 146 119 51 30 153 65 84 40 7 97 122 20 195 165 175 148 143 198 77 152 52 96 6 23 183 24 170 60 178 90 81 19 182 57 145 36 79 50 34 176 48 194 200 41 185 111 113 159 46 141 120 104 18 179 177 127 52 53 133 153 169 11 169 196 82 105 34 41 175 112 100 187
82 3 165 171 168 66 80 17 64 25 24 153 36 102 126 179 192 167 23 66 20 199 38 18 143 38 145 102 125 200 130 169 180 97 128 139 49 127 135 158 176 129 158 162 83 142 8 94 138 25 70 23 116 188 75 142 45 155 55 133 89 74 199 146 56 65 69 112 51 183 20 58 118 181 192 65 46 140 11 184 28 1 58 166 58 80 10 107 62 80 181 151 157 181 65 191 2 155 67 65 103
83 10 31 195 187 189 100 87 76 127 6 138 95 48 155 52 118 20 43 66 25 109 1 11 80 130 119 48 104 160 105 48 20 48 177 98 150 33 163 156 86 160 9 91 82 197 26 52 191 175 158 59 143 178 93 178 163 129 105 117 90 183 65 75 147 130 48 15 152 42 21 199 44 126 52 173 6 192 197 197 166 10 123 46 95 104 64 84 37 176 79 181 33 72 26 67 116 183 53 50 176
84 55 51 18 141 105 119 158 122 185 101 126 18 115 18 171 2 151 90 161 23 33 49 113 109 156 132 80 182 31 16 58 183 120 91 115 130 73 42 80 63 177 131 81 52 12 76 33 159 21 43 49 1 123 71 106 101 169 127 105 57 91 42 48 37 102 118 163 82 167 165 89 133 111 13 172 123 117 143 185 71 68 163 19 170 198 81 133 170 98 155 8 182 10 49 148 9 40 101 170 62
85 186 121 121 11 75 141 79 184 36 13 131 177 19 154 153 26 3 136 197 179 100 192 19 149 60 79 174 116 150 79 184 125 91 84 170 81 70 73 188 75 11 132 63 198 115 120 161 18 113 34 145 105 185 110 107 45 178 146 126 109 97 187 52 16 200 183 178 41 175 99 18 123 106 126 93 190 74 165 28 154 65 96 80 92 200 85 144 47 59 188 60 85 88 163 192 6 67 195 43 120
86 78 42 24 120 15 138 84 152 194 57 41 65 185 91 195 27 9 54 138 19 63 20 183 43 75 6 194 88 68 142 147 97 179 158 135 75 28 159 189 189 83 29 122 8 35 97 66 174 85 55 168 120 175 10 88 96 155 84 147 46 41 2 27 17 95 198 15 28 96 63 176 180 59 47 165 127 135 116 189 135 147 193 148 198 178 69 191 92 70 60 115 87 156 61 106 171 146 84 160 34
87 196 105 37 46 188 177 100 93 99 195 148 83 123 69 196 190 112 31 124 54 175 136 193 12 140 193 162 189 2 135 9 14 135 125 84 114 46 49 125 34 169 61 110 173 190 17 65 128 49 7 175 15 67 7 183 76 50 117 89 7 177 167 99 8 49 75 77 153 151 129 8 167 184 196 132 58 131 39 146 163 190 125 183 78 156 170 123 24 5 104 136 171 62 165 7 47 98 59 135 171
88 105 7 191 68 9 127 158 173 146 101 169 72 126 65 109 124 129 151 86 96 85 140 7 198 161 143 11 187 11 29 59 151 84 149 80 168 139 62 148 188 76 133 60 190 146 83 65 104 18 111 48 51 131 24 22 114 187 14 191 110 3 17 73 149 174 146 21 60 62 193 118 183 176 134 21 110 1 124 51 147 104 178 56 9 78 108 124 119 35 162 69 181 91 176 153 31 177 158 28 55
89 194 64 35 143 142 200 122 112 67 10 51 21 106 9 128 11 126 56 75 21 42 196 163 66 50 136 194 66 4 8 54 58 48 195 156 132 87 91 35 171 152 14 40 165 25 162 14 25 131 116 121 131 190 162 67 149 48 10 14 1 112 154 18 133 63 162 122 181 130 103 170 15 57 161 108 195 139 126 139 74 150 120 31 73 105 69 139 38 117 31 11 186 100 19 146 63 176 149 26 67
90 71 28 6 133 109 185 101 136 106 190 95 39 30 13 93 176 27 62 12 100 186 141 42 117 48 123 164 24 146 196 183 5 54 58 126 69 68 176 116 116 94 9 10 191 115 121 114 8 106 180 117 23 142 38 83 59 12 155 169 185 165 88 128 20 104 185 147 94 151 132 40 174 13 134 83 27 142 189 88 80 136 198 128 56 65 96 125 20 129 33 129 2 185 159 12 40 52 97 93 65
91 5 143 43 87 57 87 84 67 46 178 29 9 124 22 83 71 3 77 154 183 78 174 148 58 55 26 44 136 178 186 19 166 38 72 115 7 193 83 115 118 20 94 2 186 55 123 159 195 93 52 168 68 84 98 97 58 182 58 184 188 139 37 191 4 155 102 169 61 70 74 121 116 118 195 63 44 56 173 36 149 71 181 88 141 81 86 154 98 102 134 144 14 102 104 103 11 50 99 133 113
92 47 108 110 55 62 55 84 22 103 108 162 108 95 135 154 103 55 88 165 64 48 117 92 139 116 109 92 108 54 110 127 172 124 32 97 12 27 60 24 65 149 128 24 41 191 4 62 133 94 50 11 167 179 57 179 166 35 98 94 143 84 31 87 54 53 97 68 30 22 17 29 29 88 137 112 171 78 123 155 181 4 186 180 77 183 113 78 100 165 193 117 83 190 6 100 78 91 44 141 138
93 182 78 65 73 131 31 184 147 133 12 3 7 67 42 191 83 140 196 149 24 185 40 105 57 115 163 48 141 45 154 109 123 35 10 117 166 163 146 1 9 98 8 124 76 43 160 6 168 131 68 136 192 56 89 137 48 132 78 121 178 196 3 196 31 142 167 56 51 82 10 195 84 144 93 23 196 2 86 151 141 59 136 39 100 145 155 30 65 39 144 39 102 38 167 1 94 54 180 44 145
94 199 56 69 29 132 68 196 46 130 195 59 97 93 24 41 85 4 14 104 76 134 199 36 129 78 23 22 42 51 65 23 135 66 10 161 19 24 13 18 83 186 127 130 157 192 108 15 59 58 113 183 200 137 36 103 50 97 177 97 120 109 54 27 22 84 1 77 191 3 129 90 66 179 90 36 200 180 109 186 5 178 30 59 85 167 160 47 65 193 102 163 106 101 60 70 110 28 158 162 168
95 21 158 165 132 124 188 184 163 9 129 63 148 180 108 59 37 136 89 197 80 37 103 164 128 122 145 24 78 122 103 64 103 87 134 113 193 149 29 119 70 192 25 113 87 192 124 152 181 84 97 1 140 181 19 180 178 68 22 83 110 199 198 166 100 104 63 159 96 30 181 154 40 168 165 151 63 55 148 138 40 147 134 27 136 89 185 90 63 28 115 21 167 170 98 22 190 72 43 14 65
96 184 180 39 146 73 102 48 156 16 189 89 187 54 2 130 26 34 3 48 23 81 137 136 185 91 58 190 29 120 80 144 69 10 163 94 19 140 34 29 53 108 119 181 89 133 84 184 146 136 176 108 51 75 78 178 172 131 136 95 195 103 200 131 44 180 128 9 116 24 179 102 82 33 42 126 72 134 179 51 73 57 136 63 131 83 44 84 38 200 51 33 157 69 10 48 37 15 108 110 148
97 13 167 131 181 113 31 3 80 139 137 76 22 7 83 104 70 136 194 109 146 125 155 172 142 66 166 151 169 146 72 62 188 156 80 100 155 12 84 197 122 91 53 194 19 73 113 33 101 98 63 31 54 7 136 79 100 135 140 184 32 149 146 161 60 196 181 176 159 32 139 196 126 95 7 159 93 120 26 48 47 26 109 112 34 192 42 196 39 107 84 10 97 145 196 111 51 69 181 16 46
98 199 194 192 11 14 127 178 118 91 14 87 21 71 99 33 200 7 25 161 192 183 102 78 36 197 84 152 2 8 42 196 19 73 51 8 122 144 125 42 38 106 109 124 158 113 185 98 165 53 165 23 47 50 146 61 34 185 36 123 80 108 139 12 180 164 141 46 26 5 193 32 173 165 103 167 123 161 102 195 59 112 78 30 51 28 184 45 115 62 147 137 6 57 200 112 41 26 192 136 148
99 14 140 180 50 13 188 66 100 117 100 99 146 178 45 165 172 165 64 6 174 163 9 42 195 71 97 63 91 90 35 15 72 18 156 5 37 137 125 36 64 112 146 140 34 155 176 118 108 38 19 74 84 64 77 158 152 63 54 122 90 101 200 91 101 154 114 181 175 105 136 196 16 71 153 196 138 57 17 111 40 182 63 199 156 22 113 37 4 72 111 130 37 146 46 3 67 156 71 66 80
100 62 79 35 43 116 151 4 10 46 110 73 115 61 94 14 143 35 36 71 72 67 188 12 77 25 133 1 92 122 129 37 175 199 40 81 130 62 53 84 147 194 33 36 195 4 22 143 172 122 102 187 132 142 158 51 57 114 21 131 85 76 178 126 189 148 109 126 180 117 19 43 21 83 192 199 104 98 9 26 108 200 64 114 183 124 3 182 2 70 198 146 17 32 16 53 193 126 4 105 90