100
729 2506
3532 1668
4273 2558
4492 3871
4291 3749
933 3388
1902 4773
269 4142
1001 2303
4404 2676
2129 796
48 4415
4406 1846
108 4983
479 2264
3544 811
2315 536
2615 3328
571 2892
2116 2037
3564 1947
4119 580
3240 1558
4935 3610
1735 2990
1040 4459
2626 1408
2639 4800
1817 4198
4107 1410
4557 4975
2855 3268
3808 4771
2085 2028
3596 3175
1509 3506
3106 3192
1206 3116
4084 846
3684 3601
605 1094
1467 4612
2607 4469
3747 1860
2972 2601
2644 3770
2769 4834
1628 74
4873 4154
2623 3038
318 1792
2750 4495
3501 3739
531 741
2802 1269
356 3897
2305 2214
2726 9
568 979
235 4372
2105 4655
1263 2023
860 1704
712 1655
2468 3173
3164 367
1920 4055
24 1340
397 1461
4846 3631
282 84
1734 3867
1597 1958
1184 4024
3148 1099
4144 1232
1279 2966
3764 2632
1556 3538
58 4089
4690 1860
1437 3991
2106 506
4922 2729
42 4236
1766 1770
557 2010
1474 3535
1608 319
930 1003
2277 4684
1618 3688
925 3456
506 798
1266 1287
4795 1344
4163 3560
3962 389
492 315
3677 237