90
42 108 165
1 90 96
29 19 51
15 126 147
32 88 122
42 116 161
28 37 77
5 123 142
43 143 188
17 99 132
48 127 187
39 70 122
18 20 54
45 84 141
23 94 131
15 22 49
4 29 41
45 83 146
38 80 122
42 170 231
17 156 184
43 109 159
41 123 169
49 87 142
41 70 122
1 67 70
44 129 183
24 145 184
7 141 155
27 72 108
45 40 92
24 138 181
19 103 132
42 154 212
40 139 184
31 118 156
24 67 93
46 105 164
21 70 109
24 58 95
37 151 190
37 36 81
6 95 113
3 171 185
42 125 174
31 148 191
8 178 204
38 34 76
46 90 146
9 102 120
23 107 137
31 34 74
1 12 16
6 131 157
25 18 52
34 56 92
3 51 66
37 15 53
47 82 138
50 49 104
32 55 101
50 139 208
1 9 18
18 129 161
49 164 221
22 91 131
14 155 179
17 36 65
1 30 51
7 119 130
25 29 59
10 50 63
46 146 206
44 104 156
15 144 168
1 139 159
31 177 227
32 150 201
10 158 181
23 179 215
39 60 110
8 39 59
16 29 62
12 3 30
23 76 108
47 83 137
26 174 210
43 85 145
32 139 174
2 122 144