10
1 101
1
1 1
10 110
3
40 30
50 40
70 50
100 300
3
20 30
30 40
35 50
150 650
7
19 17
23 19
19 23
27 29
33 31
39 37
41 43
100 1001
10
23 32
10 18
52 24
47 86
13 74
99 88
65 50
73 66
39 92
50 60
100 2000
50
8967 41
7500 634
6224 169
858 78
5464 362
9145 5
7327 481
491 461
2442 1095
5436 1027
5104 91
153 102
2882 292
9216 321
895 718
2726 1647
2038 1471
912 1869
7299 967
394 1835
4811 203
1833 922
4664 573
7711 1841
6868 1653
8644 847
4257 362
3359 1037
241 1123
778 929
3035 916
1842 1290
1606 288
8942 1440
3648 264
4805 846
6729 690
5850 1570
2601 1706
3548 1593
3123 629
954 1284
2340 1656
7376 1166
7308 631
3939 1744
1823 1826
2538 1737
2082 918
7041 129
100 3000
100
3967 41
12000 534
1224 1769
358 2778
9964 862
13645 2805
2327 81
491 1261
11942 95
5436 1927
104 491
153 1002
12382 292
4216 21
5395 2318
7226 2547
11538 271
5412 1869
11799 2467
9894 2535
9311 2603
1333 2322
4664 273
7711 641
6868 2153
13144 2347
3757 762
12859 2637
9741 23
778 1429
3035 716
1842 1890
1106 288
8942 340
8148 1864
9305 1346
6729 1390
850 1170
2101 506
3548 1193
12623 2229
5454 884
11840 1356
7376 2066
11808 2331
3439 2444
11323 1426
7038 2637
2082 1618
2041 2629
2115 1933
658 1739
9930 2404
2306 2377
7886 2673
14245 2121
4572 824
5829 470
1073 677
2012 2197
13290 786
4136 461
10267 2055
1074 455
12052 1131
1150 1250
7224 2441
3430 2366
1191 2107
11337 607
12287 957
10383 1653
8909 445
9758 309
4088 1021
10446 622
13030 1406
168 1913
3591 900
1655 1362
6359 10
6037 1524
6483 1248
4041 1495
9850 702
1836 1591
11020 674
9521 1696
8699 1248
9984 2268
4734 2481
1999 53
13438 318
3788 1100
467 727
393 828
7983 1448
2421 407
6617 2710
9514 2513
100 5000
500
18467 41
2000 1434
15724 4469
4858 1678
24464 2462
3645 805
16827 3681
491 161
11942 2995
5436 4827
14604 2991
153 3902
12382 292
18716 2721
19895 118
21726 547
11538 71
19912 1869
1799 1167
9894 2335
23811 4203
5833 1922
4664 2973
7711 441
6868 3753
3144 1047
8257 3262
12859 437
9741 3823
778 3029
3035 2516
1842 2590
5606 288
8942 4140
22648 4564
23805 2946
6729 1190
15350 4770
6601 306
3548 4793
12623 29
19954 4484
11840 4056
7376 66
1808 4131
7939 2244
11323 126
21538 637
2082 1418
16541 3329
6615 4833
5158 4639
9930 3104
2306 4177
22386 2273
4245 121
19072 2424
5829 1370
15573 2277
16512 197
13290 4386
18636 4261
267 2755
15574 4055
12052 4031
1150 2850
21724 2241
3430 4166
5691 1707
11337 3307
12287 757
10383 3253
8909 245
9758 2809
18588 4621
446 1522
13030 3006
4668 1713
8091 900
1655 4062
6359 2710
20537 3124
6483 1948
4041 3095
24350 3602
6336 491
11020 4474
24021 4596
23199 2848
24484 68
4734 3381
1999 53
3438 1918
3788 2000
467 3427
14893 3728
22483 148
2421 3107
6617 4510
9514 3213
7616 4509
17451 4235
5249 1000
7056 1819
5803 3198
11008 1324
8109 944
8202 289
20485 3195
14343 3093
1587 1123
9503 4814
700 2548
6618 3658
19796 980
15281 98
20798 4889
2657 3509
23622 872
12292 3838
24179 1138
5157 3490
6191 3058
22888 215
11511 4456
2634 1502
20055 4672
22646 728
4886 1862
3933 4175
20142 469
1416 4244
7498 2281
18651 522
5699 221
3976 3557
24389 3392
10712 175
2510 2600
2369 1403
14688 3161
9789 3601
16423 555
10585 102
10285 4582
6926 2588
23757 4117
6432 32
2154 4169
17189 1221
6829 376
4192 2368
10555 1825
16549 3434
9512 2541
18060 745
3753 2118
12423 1439
1496 1579
12529 1987
17437 2949
12949 266
23195 193
20416 3297
16105 3786
16282 4888
1234 2655
11701 3414
20671 1916
12263 886
24355 4313
20053 1785
10808 912
20945 1832
3256 4313
19558 3821
3482 4046
4144 481
20222 3596
2161 2229
20450 635
10466 1373
21659 2244
1939 1792
20024 2553
5010 1654
20649 4745
8313 3386
3522 4474
14018 2168
9905 4087
7391 3258
3625 402
4414 1977
1324 4414
1374 4834
20159 4772
3570 2033
3797 2587
8177 2618
7770 3073
2668 1763
13985 2492
8480 3102
7627 4713
4099 4802
2625 1127
1924 1543
5472 1223
14181 3261
2932 1603
3093 2805
13031 3125
142 3592
6786 2522
7900 3264
8360 4487
6474 2813
4670 4470
6333 235
1260 111
4667 4196
12550 2385
13694 140
21624 2695
2125 3519
21694 2076
1802 3058
22466 2671
22593 4678
984 4251
3964 1018
23152 1519
18087 2800
1926 1660
4757 4110
20315 2770
5727 4676
22758 2243
5109 2264
17086 2982
3487 165
14474 177
1127 2625
7428 729
4020 923
14962 2002
96 123
13261 3737
8025 395
8260 1264
8116 1302
20326 130
6271 4511
1047 1511
21520 1553
14924 390
21763 788
20851 40
13829 3962
17713 1500
17578 4258
13007 3465
1200 1677
6439 1558
12760 2303
2324 4657
5108 1577
14887 1513
22850 201
22428 4660
2884 3193
6540 4705
4204 1711
7856 3035
4850 1172
14485 4123
23216 956
9357 1626
13357 3626
23271 4837
4861 4269
13022 3096
10112 217
18696 2917
24041 1785
24129 4823
4565 4629
8932 1659
5355 2696
16962 2253
5234 3584
16972 1754
14369 1857
2963 2932
2483 2607
11635 911
22848 267
12938 4675
22142 2223
6511 4154
20175 3141
17825 1859
17870 3221
7434 1626
7283 505
17398 4250
22701 2679
12734 2393
2034 1637
1993 656
1205 376
10548 2062
300 1181
16641 4613
355 255
11462 3342
6377 3111
8178 824
18443 1752
12673 3796
9313 240
20072 875
610 3018
14932 1017
6195 3612
23831 3369
1988 440
19090 4185
2589 4797
15145 1490
19314 4653
2240 3951
11258 2444
8759 335
7605 1392
12181 764
3829 4003
20608 4175
5997 4792
5056 2849
7127 1061
5041 1567
6740 1629
4674 3313
6077 1001
8683 615
23992 3313
5601 1324
15759 3792
1928 2670
4084 3527
18786 275
470 798
23847 1387
503 3204
22663 1621
2363 806
22171 4110
18240 2989
1042 2364
20913 2719
6704 2691
9232 2418
705 750
1539 75
11422 303
11247 1498
13648 3784
17864 2971
11075 3313
4212 1945
18678 2846
15262 1769
13985 3619
15944 3789
18540 2865
1008 3645
3370 3818
3823 4701
24472 1532
587 2652
5263 4070
17103 501
3527 4623
2469 1800
5565 4215
21543 28
2088 847
12637 2943
1963 2809
4681 149
11342 1588
7560 608
1758 1621
20888 554
690 4346
12843 3049
1120 1830
2567 748
20783 4536
7726 3335
7038 485
1129 53
15748 1424
3359 323
266 2857
14955 44
8226 3718
21025 911
6501 755
9496 2949
9515 3884
23342 3264
17913 3175
6696 1442
572 2348
14606 826
24429 1673
6705 3004
5312 1026
5593 4675
16036 1865
4641 36
5994 1414
6652 3356
6338 4336
1355 882
1131 1415
17841 3530
2011 4825
4186 3237
1650 90
21634 762
10353 1093
13452 1816
7262 4208
5454 2633
16634 1603
14256 1803
11124 148
4213 2517
24028 2609
21080 4700
16858 1718
24155 4450
15264 1961
3676 2103
2409 243
3561 202
448 3989
13653 1282
2220 1274
6923 502
19369 3831
20259 3878
22619 4308
5503 4371
9781 2345
12392 2004
813 3285
5589 1798
5938 2922
6410 4337
6234 2061
9961 2708
6493 3959
769 1515
4369 437
14700 58
1764 4171
16215 417
7815 55
3039 3630
4788 812
1954 3582
20710 1385
274 4884
5315 3480
6541 1451
1679 3415
1398 2410
788 3473
18132 4377
4189 556
10008 1613
15790 3141
21363 1723
684 28
7200 278
1885 171
1071 2374
22867 1533
14295 1653
20825 2768
15629 4776
2598 4150
4693 3309
5580 4686
12249 316
1 10000
1000
18467 41
26500 6334
15724 9170
29358 1479
24464 6964
28145 5705
16827 3283
491 9961
11942 2995
5436 4827
14604 2394
153 3902
12382 292
18716 7422
19895 9719
21726 5447
11538 4772
19912 1869
26299 5669
9894 7036
23811 8705
30333 1325
4664 7674
7711 5142
6868 8255
27644 5549
32757 2665
12859 39
9741 8723
778 7531
3035 2317
1842 2192
30106 288
8942 9040
22648 9265
23805 7448
6729 5891
15350 4372
31101 5007
3548 4395
12623 9630
19954 4086
11840 8757
7376 4966
26308 3932
32439 6945
11323 4628
21538 5537
2082 6119
16541 2931
31115 4833
29658 4639
9930 2706
2306 3978
22386 1676
28745 5021
19072 6926
5829 6270
15573 6779
16512 5097
13290 3988
18636 9161
24767 2357
15574 3657
12052 4031
1150 7352
21724 6942
3430 3967
30191 1110
11337 8008
12287 5458
10383 7755
8909 4946
9758 2212
18588 4223
24946 6422
13030 7508
29168 6414
32591 900
1655 8763
6359 7411
20537 7626
6483 1550
4041 7597
24350 3602
30836 292
11020 9374
24021 4596
23199 7350
24484 9669
4734 8281
1999 53
27938 6420
3788 6900
467 8128
14893 3728
22483 4650
2421 7808
6617 4311
9514 2815
7616 4310
17451 8936
5249 602
31556 6520
30303 2800
11008 6224
32609 5844
32702 4990
20485 3195
14343 3093
1587 526
9503 9316
25200 7448
6618 3459
19796 582
15281 4799
20798 9590
27157 8011
23622 474
12292 8539
24179 6038
29657 8191
6191 7958
22888 9816
11511 9157
2634 6203
20055 4274
22646 330
4886 6364
28433 8876
20142 9871
1416 3846
31998 1883
18651 323
5699 22
28476 3557
24389 7894
10712 5075
2510 2600
26869 1005
14688 7862
9789 3402
16423 5256
10585 5002
10285 4184
31426 7090
23757 8619
30932 9832
2154 4169
17189 5723
31329 9977
28692 2368
10555 1427
16549 3434
9512 7441
18060 148
3753 1720
12423 6140
25996 6280
12529 6688
17437 2551
12949 9867
23195 193
20416 3297
16105 8288
16282 4490
25734 2456
11701 8115
20671 1319
12263 5786
24355 4313
20053 1188
10808 912
20945 1832
27756 4313
19558 8323
27982 3648
4144 481
20222 3198
2161 7129
20450 5535
10466 1174
21659 2045
26439 6294
20024 7254
29510 6156
20649 4745
8313 3187
28022 4474
14018 2168
9905 8788
7391 7959
3625 203
4414 6479
25824 9314
25874 9336
20159 4374
28070 1834
28297 7487
8177 7518
32270 7774
2668 1763
13985 7193
8480 3102
7627 9215
4099 4802
2625 530
1924 1543
29972 1024
14181 3062
27432 1006
27593 7506
13031 2727
142 8492
31286 7223
7900 3065
8360 9188
30974 2415
29170 4271
30833 235
25760 9712
4667 8897
12550 7285
13694 140
21624 2695
2125 8021
21694 6578
26302 2660
22466 7372
22593 4678
25484 3853
28464 1018
23152 1121
18087 2800
1926 1063
4757 9010
20315 2173
30227 9576
22758 2044
5109 7164
17086 7882
3487 9567
14474 9579
25627 2625
31928 5629
28520 5425
14962 6902
24596 123
13261 3737
32525 196
8260 1264
8116 6202
20326 5030
30771 9013
25547 6411
21520 1155
14924 9792
21763 191
20851 4940
13829 8663
17713 903
17578 8959
13007 8365
1200 1478
6439 6060
12760 2303
2324 9358
5108 6477
14887 1115
22850 9802
22428 4461
27384 2994
6540 9406
28704 1114
32356 2836
29350 6072
14485 8824
23216 558
9357 1626
13357 8526
23271 9339
29361 3871
13022 2897
10112 9619
18696 2718
24041 1586
24129 4425
4565 4231
8932 6559
29855 2298
16962 2054
29734 3584
16972 6654
14369 1459
2963 2534
2483 2607
11635 911
22848 68
12938 4675
22142 2223
6511 3756
20175 2743
17825 1461
17870 3221
31934 1626
31783 5206
17398 3852
22701 2281
12734 2194
26534 1637
1993 5556
25705 177
10548 6962
300 5882
16641 4414
24855 9856
11462 3143
30877 7613
32678 426
18443 1752
12673 8298
9313 41
20072 875
610 2819
14932 1017
30695 8114
23831 3170
26488 42
19090 8687
2589 9498
15145 5992
19314 9354
26740 8652
11258 2046
8759 335
7605 1193
12181 5266
3829 8505
20608 3777
5997 9294
29556 7550
31627 5563
29541 6467
31240 6131
29174 7815
6077 603
8683 217
23992 8213
5601 5826
15759 3394
26428 2670
4084 8029
18786 76
24970 5499
23847 6287
503 2607
22663 1223
2363 5706
22171 9010
18240 7491
25542 2165
20913 7619
6704 7591
9232 1821
25205 750
1539 4975
11422 303
11247 1100
13648 3585
17864 2971
11075 2915
28712 1547
18678 7547
15262 1769
13985 8519
15944 8291
18540 2865
25508 3247
27870 8320
28323 9601
24472 1134
25087 7154
29763 8572
17103 9903
3527 4424
26969 1601
5565 4016
21543 28
2088 5349
12637 2943
26463 2411
4681 5049
11342 1588
32060 608
1758 1223
20888 9956
690 4147
12843 7949
25620 1432
27067 748
20783 4536
32226 8036
7038 5186
25629 9853
15748 1225
3359 9924
24766 2260
14955 4944
32726 3320
21025 5413
31001 357
9496 2551
9515 8585
23342 7965
17913 8075
31196 6143
25072 1950
14606 428
24429 6175
6705 2407
29812 628
30093 9376
16036 6566
29141 4737
5994 817
6652 8256
30838 3938
1355 484
1131 1017
17841 8231
2011 4626
4186 2640
1650 9691
21634 5662
10353 894
13452 1418
7262 4009
5454 2235
16634 6304
14256 6305
11124 148
4213 2318
24028 7111
21080 9202
16858 1320
24155 4052
15264 1364
3676 1904
26909 9645
3561 4903
24948 8491
13653 1282
2220 677
6923 5402
19369 3831
20259 3878
22619 9009
30003 3973
9781 1947
12392 6506
25313 2688
5589 6698
5938 2723
6410 9038
6234 1464
9961 2509
6493 3959
25269 1515
28869 4939
14700 58
26264 3972
16215 5118
7815 4557
3039 8331
29288 215
1954 8084
20710 6086
24774 4486
29815 8380
6541 5953
1679 8116
25898 7111
788 3075
18132 3979
28689 9958
10008 6115
15790 2942
21363 1723
25184 28
7200 4780
1885 5071
1071 1976
22867 1334
14295 6155
20825 2171
15629 9676
2598 8652
4693 3309
30080 4686
12249 117
1528 6669
7864 6681
8405 9423
6816 8826
27726 7516
29087 8668
19964 7683
5686 1340
11662 6021
6064 4722
20415 9311
29873 7903
23941 7125
31762 2748
27531 8425
12268 4806
5602 9318
24307 1910
1012 3483
26630 1138
26809 4116
23556 4084
21293 2291
29152 9998
25345 1054
248 4709
13712 7491
30114 5131
7958 6440
29704 4724
1052 6995
7479 5271
26423 8239
10866 7920
32498 7660
21196 8488
26633 7462
12022 2159
18392 1146
3925 3038
29458 648
30807 6602
27830 4098
14600 9294
20799 7278
20448 8353
540 3883
4575 8317
9567 8762
18397 2338
19897 1421
13851 5830
24230 6818
16925 4449
229 658
10940 4522
15147 9562
1655 5164
792 677
31754 2363
23146 6399
26946 8714
19569 1190
27663 8638
24515 5076
475 1522
20528 5616
12570 3235
9464 905
28962 9558
30524 4162
17469 2550
31923 330
14333 8352
10910 2927
16336 9738
1278 8338
7636 2394
28164 717
19949 1594
2505 9136
10004 3338
2623 6338
9970 8666
30568 5610
7085 9282
18373 9152
8194 8654
23826 9876
7572 8398
14640 6249
18819 9176
32611 943
20289 1941
5565 8419
7585 3805
31450 6217
2609 1615
9166 1065
16074 6894
30300 3510
9573 9696
13161 5590
17968 1175
26031 7360
19426 6270
10422 8512
8779 777
23552 913
25391 4182
5764 5496
1364 874
28255 4903
474 4460
26821 6972
25547 6124
9789 1579
30195 5607
7950 7596
754 6344
1012 2481
23439 1673
5912 3429
5967 9762
4415 4410
17223 1908
26434 1760
29486 5204
958 4319
26806 5945
18700 8166
17692 1368
28532 1789
30974 559
5021 3447
26222 8284
2376 9333
26948 8585
17982 2724
14776 2020
31111 9220
23856 2185
8925 9491
6486 4324
15969 9678
7534 1644
22668 5678
21991 1071
7783 2199
7727 6829
15871 9428
17612 698
11027 8704
5545 1409
7185 9508
24237 241
21313 6445
8850 2503
2111 5130
28149 3652
1454 1193
681 5870
20267 7467
19793 7714
25472 8635
22830 974
28442 4903
13877 5177
702 5772
1381 4365
8823 6591
8023 2237
16595 2182
2327 171
31310 2043
11058 8184
9487 7926
32528 1670
2258 5651
9860 7213
21286 5785
8610 2742
7128 4472
5841 8435
3503 720
24865 4868
1881 939
22750 9257
18598 8616
2661 8460
32756 6065
20278 809
19435 9490
32075 6365
1386 7586
8360 7833
26048 3331
29492 8928
23840 2434
1735 6766
11599 9811
21892 1838
7328 1985
11369 9354
21794 1247
9252 6608
17432 1648
7208 9535
3497 3264
27649 3245
26841 2017
16100 189
30648 9813
19851 9523
28633 4476
27200 9893
9990 9855
4919 5699
22578 7781
32544 2932
13487 3340
22525 899
5538 8483
6193 7492
25011 8254
15834 1560
31497 1840
18529 2785
18805 1543
13392 8793
13549 3211
26979 1580
9277 974
20193 73
21497 1620
31276 3827
6582 9791
11159 3579
26489 420
3449 159
9072 2925
27008 381
10208 7969
18503 6477
32607 5371
12074 4197
12611 3723
28761 9020
12890 1057
16683 1166
19932 3717
2741 5454
6813 4954
10396 2862
20615 5461
2599 905
4680 138
27032 9198
32584 4388
3517 7240
8670 7007
18882 241
3523 5251
12105 1761
17095 9623
9916 7296
10178 5679
25058 3580
12750 7579
23729 4008
2995 4083
24676 2678
20899 7755
15565 1785
13608 3093
11243 6172
7514 9931
5055 169
5973 1192
6748 8922
10986 5651
16446 2144
26517 1580
29916 4630
15791 5874
22912 5470
30693 8146
9815 9091
26857 6951
26052 642
8551 236
31226 9487
16955 8164
8394 3185
16097 183
27065 3065
9261 2513
21078 2579
14140 6879
31947 4611
170 2445
13489 9977
6149 4752
13865 3333
17282 2216
27432 7009
16367 8896
4882 8524
17641 1813
2187 7231
6479 6705
6538 6321
19447 1354
9646 4210
25759 2278
30422 192
8486 7668
2028 3455
4860 9616
11777 9255
12503 1351
22431 862
12455 9084
22106 4198
15821 8752
26281 7297
24455 6023
27124 5948
9135 8319
1774 1377
24998 9861
9253 2075
10635 6922
28888 1643
13232 8153
28680 4747
25678 9927
14801 6450
14199 4963
26363 857
10573 5716
23245 1564
28274 6473
24353 1550
4287 1181
18110 2699
17465 8644
2529 7172
2112 9981
4381 3477
26890 8247
8805 6672
30032 2375
9320 3989
15431 3167
11293 9658
26578 7207
2206 6949
18166 7173
16697 3396
23694 1023
14788 5530
17984 112
28978 1970
4015 1619
3684 6627
17906 9168
12097 5930
24390 8120
11785 5200
19199 4487
20710 2421
15813 8272
6085 7417
3580 318
7267 1331
13444 8387
14507 3188
17827 4360
26431 8076
30271 7152
4693 269
337 9886
17604 1314
406 2678
29022 7768
5000 9414
17537 542
21388 41
13289 7355
3181 1650
16584 3094
10761 988
8217 495
17482 9501
15665 9449
22104 754
19095 5085
30221 3526
21781 3964
8106 4872
3343 3656
27080 2595
14868 6081
13713 1413
3251 970
12079 7218
17040 8770
12933 1534
20663 3781
26653 2260
2095 7938
11874 4367
26835 7720
8976 5682
5725 8456
24808 4071
9156 3560
17832 5602
10440 7905
21562 7375
21962 2887
1836 1082
31202 798
10080 509
12076 5340
31493 9058
8546 7740
24773 476
8880 9098
11072 3337
707 3402
20666 2957
23588 4141
17168 2482
19396 8317
1009 6226
18136 2014
18762 1456
742 5045
17922 21
9248 4514
27368 6020
9714 3719
13290 7651
12759 3335
21895 3169
22640 5303
24199 1981
24791 9107
8681 8662
8753 3652
32029 4035
7042 5988
20083 6255
15814 1421
12244 2721
7229 1066
18864 654
30470 4769
21047 5006
21487 1594
3276 4328
6540 1325
23990 7679
24710 2591
17945 9273
28470 9223
23589 185
4978 3957
5006 4781
20135 3263
27196 3489
2088 9035
19779 2936
14790 5994
18965 4964
19105 1002
24567 1808
3134 2669
1457 2674
3545 2999
14218 3598
14844 8838
8563 7372
29264 1030
14723 8803
7604 3491
24227 1604
23692 1198
20363 9772
22363 9303
3565 7721
23445 7422
495 8611
15022 6742
29151 1815
8055 3017
8738 3393
19882 5280
1 10000
1
50000 1