1000
0 1 999
1 2 998
2 3 997
3 4 996
4 5 995
5 6 994
6 7 993
7 8 992
8 9 991
9 10 990
10 11 989
11 12 988
12 13 987
13 14 986
14 15 985
15 16 984
16 17 983
17 18 982
18 19 981
19 20 980
20 21 979
21 22 978
22 23 977
23 24 976
24 25 975
25 26 974
26 27 973
27 28 972
28 29 971
29 30 970
30 31 969
31 32 968
32 33 967
33 34 966
34 35 965
35 36 964
36 37 963
37 38 962
38 39 961
39 40 960
40 41 959
41 42 958
42 43 957
43 44 956
44 45 955
45 46 954
46 47 953
47 48 952
48 49 951
49 50 950
50 51 949
51 52 948
52 53 947
53 54 946
54 55 945
55 56 944
56 57 943
57 58 942
58 59 941
59 60 940
60 61 939
61 62 938
62 63 937
63 64 936
64 65 935
65 66 934
66 67 933
67 68 932
68 69 931
69 70 930
70 71 929
71 72 928
72 73 927
73 74 926
74 75 925
75 76 924
76 77 923
77 78 922
78 79 921
79 80 920
80 81 919
81 82 918
82 83 917
83 84 916
84 85 915
85 86 914
86 87 913
87 88 912
88 89 911
89 90 910
90 91 909
91 92 908
92 93 907
93 94 906
94 95 905
95 96 904
96 97 903
97 98 902
98 99 901
99 100 900
100 101 899
101 102 898
102 103 897
103 104 896
104 105 895
105 106 894
106 107 893
107 108 892
108 109 891
109 110 890
110 111 889
111 112 888
112 113 887
113 114 886
114 115 885
115 116 884
116 117 883
117 118 882
118 119 881
119 120 880
120 121 879
121 122 878
122 123 877
123 124 876
124 125 875
125 126 874
126 127 873
127 128 872
128 129 871
129 130 870
130 131 869
131 132 868
132 133 867
133 134 866
134 135 865
135 136 864
136 137 863
137 138 862
138 139 861
139 140 860
140 141 859
141 142 858
142 143 857
143 144 856
144 145 855
145 146 854
146 147 853
147 148 852
148 149 851
149 150 850
150 151 849
151 152 848
152 153 847
153 154 846
154 155 845
155 156 844
156 157 843
157 158 842
158 159 841
159 160 840
160 161 839
161 162 838
162 163 837
163 164 836
164 165 835
165 166 834
166 167 833
167 168 832
168 169 831
169 170 830
170 171 829
171 172 828
172 173 827
173 174 826
174 175 825
175 176 824
176 177 823
177 178 822
178 179 821
179 180 820
180 181 819
181 182 818
182 183 817
183 184 816
184 185 815
185 186 814
186 187 813
187 188 812
188 189 811
189 190 810
190 191 809
191 192 808
192 193 807
193 194 806
194 195 805
195 196 804
196 197 803
197 198 802
198 199 801
199 200 800
200 201 799
201 202 798
202 203 797
203 204 796
204 205 795
205 206 794
206 207 793
207 208 792
208 209 791
209 210 790
210 211 789
211 212 788
212 213 787
213 214 786
214 215 785
215 216 784
216 217 783
217 218 782
218 219 781
219 220 780
220 221 779
221 222 778
222 223 777
223 224 776
224 225 775
225 226 774
226 227 773
227 228 772
228 229 771
229 230 770
230 231 769
231 232 768
232 233 767
233 234 766
234 235 765
235 236 764
236 237 763
237 238 762
238 239 761
239 240 760
240 241 759
241 242 758
242 243 757
243 244 756
244 245 755
245 246 754
246 247 753
247 248 752
248 249 751
249 250 750
250 251 749
251 252 748
252 253 747
253 254 746
254 255 745
255 256 744
256 257 743
257 258 742
258 259 741
259 260 740
260 261 739
261 262 738
262 263 737
263 264 736
264 265 735
265 266 734
266 267 733
267 268 732
268 269 731
269 270 730
270 271 729
271 272 728
272 273 727
273 274 726
274 275 725
275 276 724
276 277 723
277 278 722
278 279 721
279 280 720
280 281 719
281 282 718
282 283 717
283 284 716
284 285 715
285 286 714
286 287 713
287 288 712
288 289 711
289 290 710
290 291 709
291 292 708
292 293 707
293 294 706
294 295 705
295 296 704
296 297 703
297 298 702
298 299 701
299 300 700
300 301 699
301 302 698
302 303 697
303 304 696
304 305 695
305 306 694
306 307 693
307 308 692
308 309 691
309 310 690
310 311 689
311 312 688
312 313 687
313 314 686
314 315 685
315 316 684
316 317 683
317 318 682
318 319 681
319 320 680
320 321 679
321 322 678
322 323 677
323 324 676
324 325 675
325 326 674
326 327 673
327 328 672
328 329 671
329 330 670
330 331 669
331 332 668
332 333 667
333 334 666
334 335 665
335 336 664
336 337 663
337 338 662
338 339 661
339 340 660
340 341 659
341 342 658
342 343 657
343 344 656
344 345 655
345 346 654
346 347 653
347 348 652
348 349 651
349 350 650
350 351 649
351 352 648
352 353 647
353 354 646
354 355 645
355 356 644
356 357 643
357 358 642
358 359 641
359 360 640
360 361 639
361 362 638
362 363 637
363 364 636
364 365 635
365 366 634
366 367 633
367 368 632
368 369 631
369 370 630
370 371 629
371 372 628
372 373 627
373 374 626
374 375 625
375 376 624
376 377 623
377 378 622
378 379 621
379 380 620
380 381 619
381 382 618
382 383 617
383 384 616
384 385 615
385 386 614
386 387 613
387 388 612
388 389 611
389 390 610
390 391 609
391 392 608
392 393 607
393 394 606
394 395 605
395 396 604
396 397 603
397 398 602
398 399 601
399 400 600
400 401 599
401 402 598
402 403 597
403 404 596
404 405 595
405 406 594
406 407 593
407 408 592
408 409 591
409 410 590
410 411 589
411 412 588
412 413 587
413 414 586
414 415 585
415 416 584
416 417 583
417 418 582
418 419 581
419 420 580
420 421 579
421 422 578
422 423 577
423 424 576
424 425 575
425 426 574
426 427 573
427 428 572
428 429 571
429 430 570
430 431 569
431 432 568
432 433 567
433 434 566
434 435 565
435 436 564
436 437 563
437 438 562
438 439 561
439 440 560
440 441 559
441 442 558
442 443 557
443 444 556
444 445 555
445 446 554
446 447 553
447 448 552
448 449 551
449 450 550
450 451 549
451 452 548
452 453 547
453 454 546
454 455 545
455 456 544
456 457 543
457 458 542
458 459 541
459 460 540
460 461 539
461 462 538
462 463 537
463 464 536
464 465 535
465 466 534
466 467 533
467 468 532
468 469 531
469 470 530
470 471 529
471 472 528
472 473 527
473 474 526
474 475 525
475 476 524
476 477 523
477 478 522
478 479 521
479 480 520
480 481 519
481 482 518
482 483 517
483 484 516
484 485 515
485 486 514
486 487 513
487 488 512
488 489 511
489 490 510
490 491 509
491 492 508
492 493 507
493 494 506
494 495 505
495 496 504
496 497 503
497 498 502
498 499 501
1 998 999
2 997 998
3 996 997
4 995 996
5 994 995
6 993 994
7 992 993
8 991 992
9 990 991
10 989 990
11 988 989
12 987 988
13 986 987
14 985 986
15 984 985
16 983 984
17 982 983
18 981 982
19 980 981
20 979 980
21 978 979
22 977 978
23 976 977
24 975 976
25 974 975
26 973 974
27 972 973
28 971 972
29 970 971
30 969 970
31 968 969
32 967 968
33 966 967
34 965 966
35 964 965
36 963 964
37 962 963
38 961 962
39 960 961
40 959 960
41 958 959
42 957 958
43 956 957
44 955 956
45 954 955
46 953 954
47 952 953
48 951 952
49 950 951
50 949 950
51 948 949
52 947 948
53 946 947
54 945 946
55 944 945
56 943 944
57 942 943
58 941 942
59 940 941
60 939 940
61 938 939
62 937 938
63 936 937
64 935 936
65 934 935
66 933 934
67 932 933
68 931 932
69 930 931
70 929 930
71 928 929
72 927 928
73 926 927
74 925 926
75 924 925
76 923 924
77 922 923
78 921 922
79 920 921
80 919 920
81 918 919
82 917 918
83 916 917
84 915 916
85 914 915
86 913 914
87 912 913
88 911 912
89 910 911
90 909 910
91 908 909
92 907 908
93 906 907
94 905 906
95 904 905
96 903 904
97 902 903
98 901 902
99 900 901
100 899 900
101 898 899
102 897 898
103 896 897
104 895 896
105 894 895
106 893 894
107 892 893
108 891 892
109 890 891
110 889 890
111 888 889
112 887 888
113 886 887
114 885 886
115 884 885
116 883 884
117 882 883
118 881 882
119 880 881
120 879 880
121 878 879
122 877 878
123 876 877
124 875 876
125 874 875
126 873 874
127 872 873
128 871 872
129 870 871
130 869 870
131 868 869
132 867 868
133 866 867
134 865 866
135 864 865
136 863 864
137 862 863
138 861 862
139 860 861
140 859 860
141 858 859
142 857 858
143 856 857
144 855 856
145 854 855
146 853 854
147 852 853
148 851 852
149 850 851
150 849 850
151 848 849
152 847 848
153 846 847
154 845 846
155 844 845
156 843 844
157 842 843
158 841 842
159 840 841
160 839 840
161 838 839
162 837 838
163 836 837
164 835 836
165 834 835
166 833 834
167 832 833
168 831 832
169 830 831
170 829 830
171 828 829
172 827 828
173 826 827
174 825 826
175 824 825
176 823 824
177 822 823
178 821 822
179 820 821
180 819 820
181 818 819
182 817 818
183 816 817
184 815 816
185 814 815
186 813 814
187 812 813
188 811 812
189 810 811
190 809 810
191 808 809
192 807 808
193 806 807
194 805 806
195 804 805
196 803 804
197 802 803
198 801 802
199 800 801
200 799 800
201 798 799
202 797 798
203 796 797
204 795 796
205 794 795
206 793 794
207 792 793
208 791 792
209 790 791
210 789 790
211 788 789
212 787 788
213 786 787
214 785 786
215 784 785
216 783 784
217 782 783
218 781 782
219 780 781
220 779 780
221 778 779
222 777 778
223 776 777
224 775 776
225 774 775
226 773 774
227 772 773
228 771 772
229 770 771
230 769 770
231 768 769
232 767 768
233 766 767
234 765 766
235 764 765
236 763 764
237 762 763
238 761 762
239 760 761
240 759 760
241 758 759
242 757 758
243 756 757
244 755 756
245 754 755
246 753 754
247 752 753
248 751 752
249 750 751
250 749 750
251 748 749
252 747 748
253 746 747
254 745 746
255 744 745
256 743 744
257 742 743
258 741 742
259 740 741
260 739 740
261 738 739
262 737 738
263 736 737
264 735 736
265 734 735
266 733 734
267 732 733
268 731 732
269 730 731
270 729 730
271 728 729
272 727 728
273 726 727
274 725 726
275 724 725
276 723 724
277 722 723
278 721 722
279 720 721
280 719 720
281 718 719
282 717 718
283 716 717
284 715 716
285 714 715
286 713 714
287 712 713
288 711 712
289 710 711
290 709 710
291 708 709
292 707 708
293 706 707
294 705 706
295 704 705
296 703 704
297 702 703
298 701 702
299 700 701
300 699 700
301 698 699
302 697 698
303 696 697
304 695 696
305 694 695
306 693 694
307 692 693
308 691 692
309 690 691
310 689 690
311 688 689
312 687 688
313 686 687
314 685 686
315 684 685
316 683 684
317 682 683
318 681 682
319 680 681
320 679 680
321 678 679
322 677 678
323 676 677
324 675 676
325 674 675
326 673 674
327 672 673
328 671 672
329 670 671
330 669 670
331 668 669
332 667 668
333 666 667
334 665 666
335 664 665
336 663 664
337 662 663
338 661 662
339 660 661
340 659 660
341 658 659
342 657 658
343 656 657
344 655 656
345 654 655
346 653 654
347 652 653
348 651 652
349 650 651
350 649 650
351 648 649
352 647 648
353 646 647
354 645 646
355 644 645
356 643 644
357 642 643
358 641 642
359 640 641
360 639 640
361 638 639
362 637 638
363 636 637
364 635 636
365 634 635
366 633 634
367 632 633
368 631 632
369 630 631
370 629 630
371 628 629
372 627 628
373 626 627
374 625 626
375 624 625
376 623 624
377 622 623
378 621 622
379 620 621
380 619 620
381 618 619
382 617 618
383 616 617
384 615 616
385 614 615
386 613 614
387 612 613
388 611 612
389 610 611
390 609 610
391 608 609
392 607 608
393 606 607
394 605 606
395 604 605
396 603 604
397 602 603
398 601 602
399 600 601
400 599 600
401 598 599
402 597 598
403 596 597
404 595 596
405 594 595
406 593 594
407 592 593
408 591 592
409 590 591
410 589 590
411 588 589
412 587 588
413 586 587
414 585 586
415 584 585
416 583 584
417 582 583
418 581 582
419 580 581
420 579 580
421 578 579
422 577 578
423 576 577
424 575 576
425 574 575
426 573 574
427 572 573
428 571 572
429 570 571
430 569 570
431 568 569
432 567 568
433 566 567
434 565 566
435 564 565
436 563 564
437 562 563
438 561 562
439 560 561
440 559 560
441 558 559
442 557 558
443 556 557
444 555 556
445 554 555
446 553 554
447 552 553
448 551 552
449 550 551
450 549 550
451 548 549
452 547 548
453 546 547
454 545 546
455 544 545
456 543 544
457 542 543
458 541 542
459 540 541
460 539 540
461 538 539
462 537 538
463 536 537
464 535 536
465 534 535
466 533 534
467 532 533
468 531 532
469 530 531
470 529 530
471 528 529
472 527 528
473 526 527
474 525 526
475 524 525
476 523 524
477 522 523
478 521 522
479 520 521
480 519 520
481 518 519
482 517 518
483 516 517
484 515 516
485 514 515
486 513 514
487 512 513
488 511 512
489 510 511
490 509 510
491 508 509
492 507 508
493 506 507
494 505 506
495 504 505
496 503 504
497 502 503
498 501 502
499 500 501
