1000
403 404 405
497 498 499
110 111 112
289 290 291
440 441 442
19 20 21
190 191 192
559 560 561
727 728 729
77 78 79
926 927 928
4 5 6
337 338 339
598 599 600
729 730 731
278 279 280
977 978 979
666 667 668
724 725 726
79 80 81
811 812 813
586 587 588
888 889 890
359 360 361
514 515 516
470 471 472
251 252 253
276 277 278
317 318 319
844 845 846
310 311 312
330 331 332
208 209 210
460 461 462
768 769 770
426 427 428
161 162 163
373 374 375
835 836 837
10 11 12
720 721 722
129 130 131
369 370 371
579 580 581
897 898 899
758 759 760
165 166 167
296 297 298
875 876 877
981 982 983
851 852 853
775 776 777
577 578 579
49 50 51
788 789 790
248 249 250
700 701 702
177 178 179
569 570 571
881 882 883
448 449 450
606 607 608
654 655 656
49 51 52
620 621 622
937 938 939
823 824 825
991 992 993
492 493 494
369 371 372
143 144 145
245 246 247
234 235 236
99 100 101
253 254 255
923 924 925
389 390 391
129 131 132
768 770 771
858 859 860
322 323 324
426 428 429
752 753 754
287 288 289
334 335 336
207 208 210
170 171 172
783 784 785
392 393 394
55 56 57
409 410 411
629 630 631
289 291 292
106 107 108
866 867 868
53 54 55
450 451 452
733 734 735
914 915 916
143 145 146
95 96 97
619 620 622
247 248 250
419 420 421
365 366 367
165 167 168
75 76 77
517 518 519
988 989 990
872 873 874
400 401 402
711 712 713
408 409 411
140 141 142
763 764 765
231 232 233
988 990 991
860 861 862
87 88 89
650 651 652
375 376 377
814 815 816
888 890 891
121 122 123
702 703 704
881 883 884
644 645 646
324 325 326
917 918 919
709 710 711
937 939 940
334 336 337
10 12 13
475 476 477
979 980 981
119 120 121
486 487 488
941 942 943
485 486 488
463 464 465
125 126 127
253 255 256
477 478 479
454 455 456
375 377 378
85 86 87
217 218 219
250 251 253
575 576 577
284 285 286
26 27 28
750 751 752
496 497 499
344 345 346
25 26 28
379 380 381
542 543 544
312 313 314
14 15 16
421 422 423
175 176 177
287 289 292
546 547 548
752 754 755
102 103 104
516 517 519
367 368 369
929 930 931
749 750 752
951 952 953
707 708 709
13 14 16
913 914 916
142 143 146
485 488 489
962 963 964
123 124 125
514 516 519
944 945 946
494 495 496
677 678 679
738 739 740
416 417 418
686 687 688
90 91 92
182 183 184
202 203 204
259 260 261
69 70 71
138 139 140
806 807 808
959 960 961
766 767 768
908 909 910
619 622 623
879 880 881
602 603 604
44 45 46
98 99 101
857 858 860
627 628 629
165 168 169
159 160 161
87 89 90
719 720 722
545 546 548
481 482 483
16 17 18
735 736 737
453 454 456
797 798 799
113 114 115
18 19 21
983 984 985
109 110 112
280 281 282
609 610 611
73 74 75
680 681 682
67 68 69
613 614 615
972 973 974
181 182 184
205 206 207
153 154 155
608 609 611
825 826 827
964 965 966
563 564 565
662 663 664
93 94 95
893 894 895
337 339 340
460 462 463
832 833 834
727 729 731
625 626 627
42 43 44
584 585 586
677 679 680
923 925 926
267 268 269
115 116 117
821 822 823
896 897 899
771 772 773
926 928 929
30 31 32
953 954 955
446 447 448
113 115 117
995 996 997
884 885 886
805 806 808
81 82 83
434 435 436
205 207 210
438 439 440
90 92 93
536 537 538
414 415 416
649 650 652
937 940 941
481 483 484
397 398 399
151 152 153
891 892 893
631 632 633
906 907 908
392 394 395
504 505 506
851 853 854
595 596 597
108 109 112
247 250 253
349 350 351
724 726 727
329 330 332
147 148 149
684 685 686
135 136 137
850 851 854
0 1 2
613 615 616
646 647 648
480 481 484
810 811 813
541 542 544
683 684 686
2 3 4
58 59 60
840 841 842
414 416 418
552 553 554
434 436 437
971 972 974
119 121 123
459 460 463
117 118 119
613 616 617
619 623 624
881 884 886
953 955 956
795 796 797
280 282 283
424 425 426
34 35 36
874 875 877
508 509 510
848 849 850
901 902 903
662 664 665
608 611 612
584 586 588
270 271 272
382 383 384
58 60 61
172 173 174
477 479 480
499 500 501
792 793 794
976 977 979
649 652 653
472 473 474
184 185 186
631 633 634
24 25 28
261 262 263
67 69 71
49 52 53
369 372 373
186 187 188
974 975 976
995 997 998
303 304 305
571 572 573
674 675 676
468 469 470
351 352 353
704 705 706
310 312 314
90 93 95
865 866 868
605 606 608
956 957 958
62 63 64
671 672 673
188 189 190
315 316 317
922 923 926
477 480 484
828 829 830
644 646 648
579 581 582
535 536 538
718 719 722
158 159 161
406 407 408
402 403 405
129 132 133
657 658 659
535 538 539
227 228 229
912 913 916
967 968 969
775 777 778
887 888 891
574 575 577
180 181 184
786 787 788
549 550 551
579 582 583
842 843 844
709 711 713
636 637 638
862 863 864
267 269 270
400 402 405
384 385 386
743 744 745
38 39 40
239 240 241
47 48 49
234 236 237
735 737 738
81 83 84
648 649 653
219 220 221
172 174 175
158 161 163
917 919 920
821 823 825
523 524 525
903 904 905
321 322 324
156 157 158
783 785 786
399 400 405
714 715 716
57 58 61
283 284 286
757 758 760
988 991 993
305 306 307
929 931 932
901 903 905
201 202 204
999 0 2
612 613 617
878 879 881
442 443 444
259 261 263
839 840 842
346 347 348
741 742 743
839 842 844
485 489 490
292 293 294
648 653 654
275 276 278
830 831 832
329 332 333
138 140 142
601 602 604
102 104 105
117 119 123
937 941 943
245 247 253
342 343 344
639 640 641
763 765 766
571 573 574
199 200 201
13 16 18
552 554 555
180 184 186
926 929 932
844 846 847
503 504 506
274 275 278
682 683 686
510 511 512
264 265 266
740 741 743
839 844 847
911 912 916
935 936 937
32 33 34
702 704 706
57 61 62
496 499 501
555 556 557
229 230 231
197 198 199
286 287 292
149 150 151
147 149 151
514 519 520
528 529 530
295 296 298
740 743 745
412 413 414
648 654 656
544 545 548
256 257 258
13 18 21
101 102 105
512 513 514
351 353 354
224 225 226
949 950 951
133 134 135
147 151 153
369 373 375
127 128 129
666 668 669
84 85 87
477 484 485
310 314 315
634 635 636
193 194 195
814 816 817
828 830 832
463 465 466
135 137 138
196 197 199
768 771 773
29 30 32
147 153 155
397 399 405
98 101 105
458 459 463
868 869 870
222 223 224
987 988 993
686 688 689
472 474 475
535 539 540
999 2 4
201 204 205
263 264 266
636 638 639
901 905 906
755 756 757
222 224 226
319 320 321
713 714 716
362 363 364
90 95 97
887 891 893
348 349 351
617 618 619
7 8 9
57 62 64
669 670 671
661 662 665
766 768 773
531 532 533
763 766 773
423 424 426
893 895 896
490 491 492
839 847 848
619 624 625
814 817 818
671 673 674
40 41 42
562 563 565
6 7 9
98 105 106
665 666 669
37 38 40
809 810 813
259 263 266
172 175 177
548 549 551
155 156 158
310 315 317
588 589 590
533 534 535
388 389 391
926 932 933
828 832 834
530 531 533
317 319 321
782 783 786
634 636 639
583 584 588
211 212 213
671 674 676
566 567 568
321 324 326
10 13 21
418 419 421
594 595 597
773 774 775
395 396 397
22 23 24
72 73 75
72 75 77
718 722 723
591 592 593
943 944 946
506 507 508
862 864 865
210 211 213
406 408 411
579 583 588
731 732 733
22 24 28
689 690 691
828 834 835
911 916 917
693 694 695
477 485 490
983 985 986
494 496 501
57 64 65
702 706 707
947 948 949
778 779 780
781 782 786
205 210 213
238 239 241
365 367 369
272 273 274
259 266 267
533 535 540
590 591 593
642 643 644
935 937 943
958 959 961
561 562 565
665 669 671
746 747 748
943 946 947
283 286 292
57 65 66
804 805 808
188 190 192
800 801 802
355 356 357
791 792 794
326 327 328
671 676 677
146 147 155
215 216 217
243 244 245
970 971 974
521 522 523
577 579 588
267 270 272
780 781 786
321 326 328
803 804 808
627 629 631
571 574 577
999 4 6
386 387 388
707 709 713
205 213 214
466 467 468
557 558 559
302 303 305
231 233 234
300 301 302
450 452 453
340 341 342
470 472 475
494 501 502
520 521 523
308 309 310
733 735 738
755 757 760
127 129 133
828 835 837
42 44 46
601 604 605
733 738 740
523 525 526
557 559 561
838 839 848
243 245 253
229 231 234
797 799 800
391 392 395
361 362 364
445 446 448
639 641 642
97 98 106
695 696 697
717 718 723
163 164 165
608 612 617
430 431 432
921 922 926
456 457 458
205 214 215
463 466 468
552 555 557
72 77 79
551 552 557
32 34 36
193 195 196
881 886 887
951 953 956
748 749 752
746 748 752
444 445 448
307 308 310
193 196 199
745 746 752
910 911 917
237 238 241
361 364 365
382 384 386
243 253 256
429 430 432
870 871 872
557 561 565
222 226 227
862 865 868
477 490 492
108 112 113
170 172 177
731 733 740
57 66 67
113 117 123
794 795 797
468 470 475
697 698 699
123 125 127
280 283 292
346 348 351
878 881 887
761 762 763
237 241 242
342 344 346
67 71 72
234 237 242
773 775 778
786 788 790
442 444 448
827 828 837
180 186 188
961 962 964
906 908 910
523 526 527
900 901 906
565 566 568
163 165 169
300 302 305
375 378 379
49 53 55
229 234 242
123 127 133
169 170 177
657 659 660
648 656 657
906 910 917
809 813 814
974 976 979
6 9 10
520 523 527
305 307 310
406 411 412
970 974 979
108 113 123
697 699 700
414 418 421
503 506 508
878 887 893
802 803 808
453 456 458
731 740 745
358 359 361
369 375 379
872 874 877
634 639 642
217 219 221
437 438 440
177 179 180
180 188 192
920 921 926
856 857 860
440 442 448
970 979 981
106 108 123
786 790 791
791 794 797
334 337 340
713 716 717
825 827 837
878 893 896
872 877 878
724 727 731
998 999 6
333 334 340
243 256 258
142 146 155
820 821 825
440 448 450
682 686 689
294 295 298
920 926 933
169 177 180
81 84 87
900 906 917
899 900 917
856 860 862
508 510 512
298 299 300
800 802 808
388 391 395
590 593 594
259 267 272
800 808 809
55 57 67
983 986 987
87 90 97
872 878 896
671 677 680
818 819 820
723 724 731
340 342 346
180 192 193
665 671 680
809 814 818
432 433 434
87 97 106
896 899 917
818 820 825
138 142 155
778 780 786
258 259 272
217 221 222
386 388 395
520 527 528
855 856 862
689 691 692
158 163 169
365 369 379
242 243 258
333 340 346
838 848 850
528 530 533
272 274 278
934 935 943
40 42 46
29 32 36
40 46 47
272 278 280
47 49 55
492 494 502
995 998 6
568 569 571
365 379 381
29 36 37
365 381 382
354 355 357
55 67 72
809 818 825
321 328 329
951 956 958
665 680 682
590 594 597
47 55 72
503 508 512
933 934 943
544 548 551
229 242 258
6 10 21
809 825 837
745 752 755
731 745 755
193 199 201
695 697 700
657 660 661
627 631 634
138 155 158
760 761 763
786 791 797
217 222 227
329 333 346
169 180 193
450 453 458
329 346 351
557 565 568
229 258 272
634 642 644
723 731 755
755 760 763
634 644 648
21 22 28
72 79 81
502 503 512
619 625 627
29 37 40
138 158 169
395 397 405
412 414 421
138 169 193
619 627 634
778 786 797
692 693 695
310 317 321
964 966 967
557 568 571
541 544 551
329 351 354
608 617 619
6 21 28
949 951 958
837 838 850
967 969 970
298 300 305
657 661 665
463 468 475
47 72 81
463 475 477
862 868 870
405 406 412
440 450 458
365 382 386
440 458 463
272 280 292
949 958 961
40 47 81
605 608 619
193 201 205
597 598 600
809 837 850
855 862 870
557 571 577
463 477 492
917 920 933
723 755 763
797 800 809
700 702 707
386 395 405
588 590 597
354 357 358
551 557 577
229 272 292
713 717 723
917 933 943
138 193 205
657 665 682
429 432 434
533 540 541
437 440 463
854 855 870
429 434 437
354 358 361
763 773 778
40 81 87
778 797 809
429 437 463
987 993 994
619 634 648
365 386 405
987 994 995
600 601 605
492 502 512
648 657 682
961 964 967
305 310 321
961 967 970
87 106 123
205 215 217
896 917 943
298 305 321
138 205 217
123 133 135
40 87 123
292 294 298
321 329 354
778 809 850
40 123 135
423 426 429
854 870 872
365 405 412
528 533 541
605 619 648
682 689 692
6 28 29
713 723 763
695 700 707
695 707 713
648 682 692
361 365 412
850 854 872
29 40 135
512 514 520
692 695 713
605 648 692
492 512 520
872 896 943
600 605 692
588 597 600
138 217 227
6 29 135
528 541 551
421 423 429
981 983 987
970 981 987
763 778 850
298 321 354
961 970 987
987 995 6
551 577 588
949 961 987
987 6 135
713 763 850
229 292 298
850 872 943
850 943 947
298 354 361
588 600 692
298 361 412
551 588 692
850 947 949
692 713 850
692 850 949
492 520 528
135 138 227
692 949 987
551 692 987
429 463 492
229 298 412
135 227 229
551 987 135
135 229 412
492 528 551
421 429 492
421 492 551
421 551 135
412 421 135
