1000
1 2 3
34 35 36
895 896 897
100 101 102
373 374 375
46 47 48
365 366 367
528 529 530
900 901 902
327 328 329
412 413 414
884 885 886
957 958 959
797 798 799
857 858 859
155 156 157
73 74 75
442 443 444
217 218 219
546 547 548
244 245 246
89 90 91
805 806 807
117 118 119
280 281 282
610 611 612
76 77 78
324 325 326
151 152 153
432 433 434
911 912 913
61 62 63
936 937 938
228 229 230
997 998 999
975 976 977
474 475 476
362 363 364
190 191 192
211 212 213
354 355 356
500 501 502
994 995 996
18 19 20
616 617 618
627 628 629
403 404 405
51 52 53
819 820 821
536 537 538
93 94 95
300 301 302
975 977 978
577 578 579
533 534 535
177 178 179
176 177 179
423 424 425
97 98 99
396 397 398
484 485 486
256 257 258
747 748 749
637 638 639
144 145 146
718 719 720
675 676 677
360 361 362
699 700 701
708 709 710
417 418 419
406 407 408
180 181 182
924 925 926
128 129 130
274 275 276
189 190 192
966 967 968
567 568 569
435 436 437
119 120 121
412 414 415
508 509 510
132 133 134
419 420 421
293 294 295
461 462 463
730 731 732
273 274 276
236 237 238
415 416 417
575 576 577
834 835 836
10 11 12
599 600 601
87 88 89
380 381 382
542 543 544
144 146 147
880 881 882
641 642 643
718 720 721
791 792 793
850 851 852
955 956 957
758 759 760
570 571 572
942 943 944
564 565 566
993 994 996
741 742 743
238 239 240
585 586 587
399 400 401
217 219 220
358 359 360
460 461 463
526 527 528
592 593 594
779 780 781
458 459 460
685 686 687
253 254 255
513 514 515
872 873 874
716 717 718
26 27 28
342 343 344
999 0 1
697 698 699
606 607 608
915 916 917
396 398 399
699 701 702
469 470 471
204 205 206
762 763 764
488 489 490
892 893 894
442 444 445
33 34 36
914 915 917
594 595 596
704 705 706
171 172 173
584 585 587
696 697 699
754 755 756
298 299 300
971 972 973
55 56 57
975 978 979
819 821 822
505 506 507
432 434 435
713 714 715
409 410 411
147 148 149
653 654 655
311 312 313
477 478 479
707 708 710
656 657 658
16 17 18
142 143 144
131 132 134
445 446 447
500 502 503
606 608 609
471 472 473
22 23 24
729 730 732
826 827 828
497 498 499
517 518 519
825 826 828
736 737 738
263 264 265
599 601 602
37 38 39
935 936 938
285 286 287
648 649 650
128 130 131
203 204 206
55 57 58
818 819 822
993 996 997
920 921 922
415 417 419
552 553 554
440 441 442
845 846 847
53 54 55
861 862 863
451 452 453
564 566 567
186 187 188
112 113 114
661 662 663
979 980 981
429 430 431
665 666 667
845 847 848
541 542 544
538 539 540
166 167 168
859 860 861
390 391 392
500 503 504
247 248 249
387 388 389
639 640 641
517 519 520
227 228 230
675 677 678
658 659 660
808 809 810
848 849 850
31 32 33
43 44 45
419 421 422
822 823 824
185 186 188
267 268 269
732 733 734
227 230 231
694 695 696
357 358 360
185 188 189
764 765 766
7 8 9
373 375 376
961 962 963
842 843 844
453 454 455
716 718 721
396 399 401
961 963 964
848 850 852
208 209 210
580 581 582
197 198 199
974 975 979
437 438 439
648 650 651
335 336 337
179 180 182
932 933 934
839 840 841
26 28 29
802 803 804
73 75 76
357 360 362
73 76 78
536 538 540
499 500 504
690 691 692
707 710 711
926 927 928
830 831 832
153 154 155
15 16 18
783 784 785
754 756 757
25 26 29
415 419 422
260 261 262
282 283 284
533 535 536
590 591 592
95 96 97
521 522 523
523 524 525
673 674 675
370 371 372
699 702 703
92 93 95
644 645 646
903 904 905
59 60 61
339 340 341
426 427 428
135 136 137
468 469 471
256 258 259
910 911 913
483 484 486
368 369 370
390 392 393
665 667 668
555 556 557
231 232 233
263 265 266
422 423 425
590 592 594
989 990 991
405 406 408
569 570 572
574 575 577
95 97 99
864 865 866
429 431 432
671 672 673
532 533 536
604 605 606
78 79 80
153 155 157
528 530 531
185 189 192
382 383 384
200 201 202
739 740 741
139 140 141
179 182 183
171 173 174
327 329 330
373 376 377
451 453 455
561 562 563
341 342 344
305 306 307
429 432 435
656 658 660
396 401 402
378 379 380
890 891 892
922 923 924
526 528 531
311 313 314
241 242 243
771 772 773
411 412 415
411 415 422
183 184 185
906 907 908
808 810 811
804 805 807
550 551 552
307 308 309
322 323 324
723 724 725
20 21 22
99 100 102
888 889 890
141 142 144
1 3 4
926 928 929
969 970 971
874 875 876
800 801 802
282 284 285
971 973 974
345 346 347
786 787 788
545 546 548
223 224 225
588 589 590
199 200 202
727 728 729
692 693 694
791 793 794
783 785 786
811 812 813
425 426 428
786 788 789
287 288 289
941 942 944
762 764 766
378 380 382
331 332 333
853 854 855
318 319 320
316 317 318
584 587 588
776 777 778
206 207 208
902 903 905
670 671 673
704 706 707
297 298 300
106 107 108
594 596 597
754 757 758
367 368 370
466 467 468
422 425 428
202 203 206
72 73 78
517 520 521
526 531 532
753 754 758
307 309 310
196 197 199
255 256 259
751 752 753
682 683 684
559 560 561
394 395 396
117 119 121
104 105 106
314 315 316
491 492 493
131 134 135
965 966 968
151 153 157
168 169 170
992 993 997
580 582 583
29 30 31
483 486 487
636 637 639
437 439 440
290 291 292
387 389 390
991 992 997
813 814 815
13 14 15
507 508 510
900 902 905
394 396 402
103 104 106
894 895 897
210 211 213
243 244 246
863 864 866
137 138 139
206 208 210
687 688 689
898 899 900
981 982 983
653 655 656
512 513 515
853 855 856
141 144 147
636 639 641
561 563 564
263 266 267
692 694 696
778 779 781
602 603 604
838 839 841
876 877 878
216 217 220
91 92 95
959 960 961
394 402 403
669 670 673
70 71 72
464 465 466
91 95 99
554 555 557
164 165 166
934 935 938
761 762 766
202 206 210
758 760 761
349 350 351
682 684 685
917 918 919
314 316 318
45 46 48
723 725 726
888 890 892
857 859 861
887 888 892
214 215 216
102 103 106
598 599 602
82 83 84
965 968 969
653 656 660
59 61 63
653 660 661
802 804 807
781 782 783
246 247 249
387 390 393
729 732 734
322 324 326
139 141 147
636 641 643
781 783 786
238 240 241
372 373 377
734 735 736
367 370 372
199 202 210
55 58 59
223 225 226
394 403 405
137 139 147
448 449 450
789 790 791
18 20 22
55 59 63
957 959 961
665 668 669
750 751 753
408 409 411
442 445 447
39 40 41
632 633 634
387 393 394
613 614 615
497 499 504
293 295 296
945 946 947
455 456 457
220 221 222
957 961 964
157 158 159
558 559 561
468 471 473
971 974 979
863 866 867
609 610 612
886 887 892
494 495 496
616 618 619
940 941 944
289 290 292
739 741 743
289 292 293
213 214 216
897 898 900
644 646 647
636 643 644
988 989 991
81 82 84
504 505 507
786 789 791
712 713 715
934 938 939
314 318 320
394 405 408
939 940 944
468 473 474
991 997 999
222 223 226
428 429 435
838 841 842
817 818 822
302 303 304
892 894 897
260 262 263
651 652 653
450 451 455
337 338 339
33 36 37
624 625 626
125 126 127
66 67 68
293 296 297
321 322 326
300 302 304
816 817 822
791 794 795
985 986 987
828 829 830
914 917 919
339 341 344
422 428 435
422 435 437
808 811 813
523 525 526
354 356 357
179 183 185
615 616 619
246 249 250
550 552 554
384 385 386
604 606 609
949 950 951
348 349 351
476 477 479
442 447 448
455 457 458
632 634 635
743 744 745
800 802 807
448 450 455
721 722 723
526 532 536
647 648 651
305 307 310
753 758 761
213 216 220
769 770 771
868 869 870
813 815 816
110 111 112
65 66 68
331 333 334
125 127 128
5 6 7
442 448 455
932 934 939
199 210 213
949 951 952
271 272 273
729 734 736
128 131 135
112 114 115
511 512 515
68 69 70
800 807 808
263 267 269
480 481 482
791 795 796
175 176 179
692 696 699
37 39 41
540 541 544
598 602 604
773 774 775
773 775 776
293 297 300
786 791 796
681 682 685
511 515 516
78 80 81
523 526 536
832 833 834
665 669 673
227 231 233
545 548 549
151 157 159
42 43 45
285 287 289
931 932 939
981 983 984
479 480 482
269 270 271
128 135 137
353 354 357
337 339 344
15 18 22
743 745 746
991 999 1
909 910 913
124 125 128
635 636 644
979 981 984
813 816 822
384 386 387
455 458 460
861 863 867
68 70 72
594 597 598
81 84 85
327 330 331
900 905 906
523 536 540
856 857 861
422 437 440
168 170 171
892 897 900
49 50 51
984 985 987
455 460 463
128 137 147
716 721 723
246 250 251
778 781 786
544 545 549
384 387 394
952 953 954
588 590 594
394 408 411
852 853 856
872 874 876
828 830 832
867 868 870
613 615 619
511 516 517
767 768 769
377 378 382
320 321 326
115 116 117
171 174 175
271 273 276
665 673 675
567 569 572
749 750 753
703 704 707
260 263 269
252 253 255
53 55 63
483 487 488
504 507 510
544 549 550
108 109 110
919 920 922
353 357 362
900 906 908
651 653 661
604 609 612
871 872 876
15 22 24
151 159 160
149 150 151
277 278 279
651 661 663
808 813 822
195 196 199
727 729 736
838 842 844
192 193 194
523 540 544
797 799 800
871 876 878
128 147 149
4 5 7
236 238 241
631 632 635
194 195 199
259 260 269
572 573 574
944 945 947
12 13 15
796 797 800
185 192 194
234 235 236
952 954 955
491 493 494
924 926 929
665 675 678
679 680 681
767 769 771
7 9 10
564 567 572
334 335 337
971 979 984
236 241 243
72 78 81
584 588 594
24 25 29
63 64 65
746 747 749
394 411 422
852 856 861
72 81 85
679 681 685
15 24 29
108 110 112
965 969 971
583 584 594
382 384 394
464 466 468
102 106 108
786 796 800
635 644 647
991 1 4
838 844 845
647 651 663
580 583 594
664 665 678
922 924 929
463 464 468
175 179 185
964 965 971
440 442 455
834 836 837
991 4 7
886 892 900
345 347 348
521 523 544
468 474 476
65 68 72
687 689 690
766 767 771
213 220 222
251 252 255
948 949 952
89 91 99
282 285 289
365 367 372
749 753 761
352 353 362
837 838 845
372 377 382
716 723 726
382 394 422
837 845 848
922 929 930
631 635 647
623 624 626
848 852 861
631 647 663
65 72 85
776 778 786
766 771 773
175 185 194
234 236 243
987 988 991
99 102 108
703 707 711
300 304 305
213 222 226
837 848 861
619 620 621
931 939 944
574 577 579
463 468 476
716 726 727
987 991 7
53 63 65
476 479 482
488 490 491
808 822 824
690 692 699
882 883 884
948 952 955
834 837 861
194 199 213
334 337 344
626 627 629
115 117 121
41 42 45
482 483 488
621 622 623
739 743 746
345 348 351
699 703 711
89 99 108
678 679 685
544 550 554
327 331 334
557 558 561
276 277 279
51 53 65
766 773 776
931 944 947
279 280 282
604 612 613
521 544 554
948 955 957
162 163 164
365 372 382
476 482 488
300 305 310
161 162 164
168 171 175
345 351 352
914 919 922
175 194 213
870 871 878
362 364 365
964 971 984
455 463 476
227 233 234
382 422 440
124 128 149
362 365 382
598 604 613
496 497 504
326 327 334
504 510 511
746 749 761
664 678 685
300 310 311
496 504 511
908 909 913
289 293 300
800 808 824
598 613 619
491 494 496
886 900 908
800 824 825
300 311 314
320 326 334
227 234 243
878 879 880
213 226 227
149 151 160
86 87 89
712 715 716
300 314 320
761 766 776
886 908 913
987 7 10
987 10 12
557 561 564
517 521 554
776 786 800
124 149 160
878 880 882
279 282 289
362 382 440
557 564 572
243 246 251
455 476 488
271 276 279
594 598 619
65 85 86
227 243 251
913 914 922
594 619 621
572 574 579
554 557 572
800 825 828
832 834 861
48 49 51
227 251 255
213 227 255
166 168 175
41 45 48
161 164 166
746 761 776
33 37 41
690 699 711
122 123 124
572 579 580
878 882 884
685 687 690
739 746 776
455 488 491
300 320 334
352 362 440
861 867 870
736 738 739
160 161 166
664 685 690
491 496 511
621 623 626
166 175 213
86 89 108
440 455 491
629 630 631
554 572 580
269 271 279
345 352 440
716 727 736
690 711 712
29 31 33
931 947 948
739 776 800
712 716 736
870 878 884
884 886 913
65 86 108
913 922 930
51 65 108
554 580 594
663 664 690
269 279 289
300 334 344
33 41 48
29 33 48
832 861 870
511 517 554
29 48 51
344 345 440
108 112 115
736 739 800
51 108 115
440 491 511
913 930 931
964 984 987
213 255 259
29 51 115
663 690 712
160 166 213
259 269 289
964 987 12
621 626 629
913 931 948
124 160 213
832 870 884
15 29 115
631 663 712
621 629 631
12 15 115
736 800 828
964 12 115
621 631 712
300 344 440
621 712 736
122 124 213
913 948 957
259 289 300
913 957 964
554 594 621
964 115 121
122 213 259
828 832 884
621 736 828
440 511 554
828 884 913
259 300 440
259 440 554
122 259 554
121 122 554
828 913 964
964 121 554
964 554 621
828 964 621
