1000
468 469 470
934 935 936
479 480 481
306 307 308
406 407 408
459 460 461
93 94 95
270 271 272
280 281 282
985 986 987
872 873 874
689 690 691
742 743 744
883 884 885
742 744 745
770 771 772
704 705 706
713 714 715
821 822 823
810 811 812
102 103 104
54 55 56
57 58 59
121 122 123
187 188 189
429 430 431
733 734 735
507 508 509
903 904 905
708 709 710
453 454 455
428 429 431
796 797 798
578 579 580
782 783 784
731 732 733
100 101 102
27 28 29
305 306 308
673 674 675
611 612 613
158 159 160
423 424 425
852 853 854
129 130 131
852 854 855
728 729 730
267 268 269
121 123 124
189 190 191
386 387 388
869 870 871
621 622 623
817 818 819
572 573 574
340 341 342
116 117 118
802 803 804
477 478 479
144 145 146
415 416 417
751 752 753
994 995 996
236 237 238
642 643 644
374 375 376
827 828 829
27 29 30
266 267 269
930 931 932
193 194 195
691 692 693
448 449 450
263 264 265
0 1 2
977 978 979
889 890 891
637 638 639
806 807 808
250 251 252
411 412 413
589 590 591
532 533 534
597 598 599
713 715 716
606 607 608
421 422 423
317 318 319
554 555 556
636 637 639
300 301 302
168 169 170
981 982 983
701 702 703
740 741 742
493 494 495
18 19 20
299 300 302
336 337 338
83 84 85
490 491 492
517 518 519
859 860 861
561 562 563
554 556 557
125 126 127
495 496 497
795 796 798
724 725 726
238 239 240
220 221 222
697 698 699
89 90 91
415 417 418
539 540 541
650 651 652
673 675 676
386 388 389
731 733 735
369 370 371
723 724 726
958 959 960
100 102 104
240 241 242
955 956 957
855 856 857
401 402 403
463 464 465
799 800 801
735 736 737
37 38 39
665 666 667
658 659 660
735 737 738
312 313 314
69 70 71
463 465 466
319 320 321
662 663 664
258 259 260
538 539 541
587 588 589
22 23 24
525 526 527
286 287 288
302 303 304
414 415 418
270 272 273
878 879 880
450 451 452
260 261 262
137 138 139
323 324 325
276 277 278
357 358 359
6 7 8
636 639 640
161 162 163
228 229 230
76 77 78
226 227 228
930 932 933
92 93 95
905 906 907
490 492 493
580 581 582
987 988 989
43 44 45
944 945 946
695 696 697
599 600 601
74 75 76
915 916 917
78 79 80
521 522 523
59 60 61
260 262 263
523 524 525
393 394 395
840 841 842
215 216 217
910 911 912
980 981 983
26 27 30
71 72 73
156 157 158
654 655 656
586 587 589
782 784 785
837 838 839
505 506 507
447 448 450
477 479 481
560 561 563
676 677 678
772 773 774
999 0 2
667 668 669
209 210 211
888 889 891
529 530 531
885 886 887
245 246 247
180 181 182
625 626 627
67 68 69
839 840 842
566 567 568
919 920 921
493 495 497
423 425 426
321 322 323
745 746 747
206 207 208
472 473 474
779 780 781
192 193 195
654 656 657
172 173 174
108 109 110
57 59 61
763 764 765
30 31 32
360 361 362
41 42 43
179 180 182
393 395 396
617 618 619
36 37 39
672 673 676
742 745 747
15 16 17
997 998 999
762 763 765
902 903 905
243 244 245
143 144 146
362 363 364
350 351 352
723 726 727
249 250 252
290 291 292
685 686 687
824 825 826
967 968 969
641 642 644
505 507 509
901 902 905
914 915 917
865 866 867
186 187 189
167 168 170
606 608 609
26 30 32
652 653 654
778 779 781
329 330 331
749 750 751
867 868 869
661 662 664
767 768 769
859 861 862
203 204 205
439 440 441
907 908 909
983 984 985
689 691 693
182 183 184
127 128 129
731 735 738
253 254 255
148 149 150
933 934 936
115 116 118
69 71 73
35 36 39
549 550 551
829 830 831
493 497 498
231 232 233
948 949 950
379 380 381
569 570 571
367 368 369
488 489 490
457 458 459
772 774 775
321 323 325
99 100 104
86 87 88
142 143 146
484 485 486
146 147 148
558 559 560
683 684 685
197 198 199
11 12 13
490 493 498
114 115 118
636 640 641
924 925 926
396 397 398
996 997 999
876 877 878
720 721 722
833 834 835
699 700 701
804 805 806
683 685 687
208 209 211
34 35 39
393 396 398
39 40 41
846 847 848
312 314 315
795 798 799
225 226 228
69 73 74
788 789 790
819 820 821
15 17 18
452 453 455
285 286 288
521 523 525
472 474 475
713 716 717
161 163 164
867 869 871
901 905 907
977 979 980
500 501 502
521 525 527
82 83 85
543 544 545
848 849 850
867 871 872
41 43 45
427 428 431
413 414 418
536 537 538
624 625 627
552 553 554
353 354 355
333 334 335
411 413 418
386 389 390
962 963 964
513 514 515
253 255 256
580 582 583
657 658 660
757 758 759
131 132 133
990 991 992
801 802 804
577 578 580
880 881 882
333 335 336
999 2 3
97 98 99
346 347 348
419 420 421
532 534 535
443 444 445
836 837 839
815 816 817
325 326 327
511 512 513
406 408 409
572 574 575
296 297 298
808 809 810
218 219 220
498 499 500
878 880 882
762 765 766
331 332 333
199 200 201
202 203 205
89 91 92
463 466 467
923 924 926
381 382 383
791 792 793
319 321 325
217 218 220
175 176 177
315 316 317
755 756 757
993 994 996
516 517 519
69 74 76
921 922 923
551 552 554
739 740 742
283 284 285
604 605 606
791 793 794
754 755 757
129 131 133
13 14 15
26 32 33
125 127 129
751 753 754
340 342 343
965 966 967
624 627 628
703 704 706
513 515 516
940 941 942
290 292 293
62 63 64
701 703 706
708 710 711
482 483 484
265 266 269
912 913 914
560 563 564
378 379 381
775 776 777
353 355 356
376 377 378
391 392 393
49 50 51
401 403 404
357 359 360
989 990 992
629 630 631
509 510 511
535 536 538
727 728 730
439 441 442
134 135 136
236 238 240
899 900 901
647 648 649
443 445 446
751 754 757
867 872 874
8 9 10
712 713 717
305 308 309
597 599 601
470 471 472
235 236 240
829 831 832
521 527 528
694 695 697
46 47 48
842 843 844
349 350 352
835 836 839
234 235 240
749 751 757
265 269 270
824 826 827
383 384 385
645 646 647
39 41 45
340 343 344
875 876 878
53 54 56
649 650 652
146 148 150
676 678 679
799 801 804
353 356 357
398 399 400
89 92 95
943 944 946
442 443 446
808 810 812
184 185 186
558 560 564
82 85 86
345 346 348
282 283 285
786 787 788
580 583 584
274 275 276
274 276 278
757 759 760
500 502 503
748 749 757
795 799 804
410 411 418
155 156 158
205 206 208
669 670 671
446 447 450
936 937 938
989 992 993
645 647 649
823 824 827
195 196 197
295 296 298
719 720 722
909 910 912
467 468 470
993 996 999
333 336 338
481 482 484
433 434 435
4 5 6
178 179 182
918 919 921
808 812 813
197 199 201
513 516 519
348 349 352
804 806 808
371 372 373
53 56 57
419 421 423
184 186 189
634 635 636
671 672 676
311 312 315
985 987 989
631 632 633
855 857 858
586 589 591
586 591 592
400 401 404
95 96 97
224 225 228
845 846 848
954 955 957
947 948 950
938 939 940
921 923 926
61 62 64
371 373 374
652 654 657
535 538 541
883 885 887
472 475 476
134 136 137
405 406 409
547 548 549
509 511 513
13 15 18
848 850 851
39 45 46
164 165 166
863 864 865
285 288 289
13 18 20
423 426 427
457 459 461
125 129 133
554 557 558
693 694 697
137 139 140
274 278 279
137 140 141
34 39 46
202 205 208
263 265 270
532 535 541
125 133 134
899 901 907
584 585 586
293 294 295
930 933 936
577 580 584
595 596 597
409 410 418
819 821 823
3 4 6
669 671 676
331 333 338
304 305 309
419 423 427
383 385 386
467 470 472
290 293 295
436 437 438
623 624 628
182 184 189
859 862 863
404 405 409
817 819 823
929 930 936
844 845 848
957 958 960
137 141 142
973 974 975
593 594 595
569 571 572
82 86 88
378 381 383
738 739 742
957 960 961
97 99 104
67 69 76
770 772 775
641 644 645
125 134 137
973 975 976
457 461 462
848 851 852
940 942 943
597 601 602
921 926 927
962 964 965
708 711 712
576 577 584
541 542 543
456 457 462
486 487 488
898 899 907
597 602 603
855 858 859
706 707 708
823 827 829
81 82 88
167 170 171
615 616 617
467 472 476
477 481 484
603 604 606
61 64 65
338 339 340
311 315 317
918 921 927
290 295 298
829 832 833
256 257 258
161 164 166
865 867 874
706 708 712
689 693 697
957 961 962
636 641 645
760 761 762
738 742 747
213 214 215
78 80 81
409 418 419
795 804 808
619 620 621
155 158 160
687 688 689
606 609 610
11 13 20
386 390 391
852 855 859
20 21 22
667 669 676
26 33 34
371 374 376
697 699 701
558 564 565
815 817 823
142 146 150
113 114 118
712 717 718
813 814 815
617 619 621
895 896 897
719 722 723
110 111 112
51 52 53
289 290 298
192 195 197
888 891 892
273 274 279
161 166 167
484 486 488
248 249 252
775 777 778
404 409 419
498 500 503
348 352 353
528 529 531
661 664 665
222 223 224
907 909 912
617 621 623
467 476 477
628 629 631
24 25 26
240 242 243
898 907 912
171 172 174
213 215 217
887 888 892
365 366 367
952 953 954
338 340 344
649 652 657
551 554 558
757 760 762
344 345 348
191 192 197
53 57 61
376 378 383
719 723 727
124 125 137
962 965 967
247 248 252
120 121 124
513 519 520
595 597 603
53 61 65
842 844 848
177 178 182
878 882 883
391 393 398
34 46 48
364 365 367
81 88 89
973 976 977
118 119 120
786 788 790
883 887 892
81 89 95
952 954 957
614 615 617
118 120 124
311 317 319
467 477 484
689 697 701
360 362 364
989 993 999
794 795 808
706 712 718
213 217 220
969 970 971
962 967 969
213 220 222
895 897 898
748 757 762
49 51 53
260 263 270
928 929 936
171 174 175
738 747 748
833 835 839
108 110 112
547 549 551
191 197 201
353 357 360
623 628 631
927 928 936
167 171 175
498 503 504
202 208 211
419 427 431
972 973 977
938 940 943
386 391 398
260 270 273
938 943 946
676 679 680
971 972 977
106 107 108
766 767 769
952 957 962
106 108 112
299 302 304
436 438 439
962 969 971
175 177 182
369 371 376
436 439 442
808 813 815
839 842 848
113 118 124
285 289 298
513 520 521
592 593 595
243 245 247
541 543 545
364 367 369
782 785 786
432 433 435
874 875 878
137 142 150
575 576 584
260 273 279
26 34 48
202 211 212
938 946 947
285 298 299
167 175 182
150 151 152
11 20 22
947 950 951
234 240 243
551 558 565
490 498 504
327 328 329
586 592 595
781 782 786
895 898 912
260 279 280
243 247 252
610 611 613
224 228 230
22 24 26
81 95 97
603 606 610
432 435 436
150 152 153
689 701 706
260 280 282
386 398 400
719 727 730
304 309 310
106 112 113
463 467 484
201 202 212
160 161 167
258 260 282
584 586 595
566 568 569
863 865 874
661 665 667
794 808 815
348 353 360
348 360 364
938 947 951
189 191 201
977 980 983
936 938 951
613 614 617
681 682 683
738 748 762
463 484 488
258 282 285
762 766 769
528 531 532
738 762 769
383 386 400
894 895 912
490 504 505
304 310 311
462 463 488
10 11 22
878 883 892
327 329 331
182 189 201
442 446 450
649 657 660
154 155 160
918 927 936
786 790 791
400 404 419
488 490 505
566 569 572
661 667 676
369 376 383
918 936 951
893 894 912
521 528 532
718 719 730
649 660 661
256 258 285
49 53 65
859 863 874
613 617 623
104 105 106
575 584 595
989 999 3
369 383 400
452 455 456
230 231 233
603 610 613
201 212 213
431 432 436
613 623 631
137 150 153
230 233 234
791 794 815
786 791 815
649 661 676
154 160 167
442 450 452
222 224 230
775 778 781
603 613 631
153 154 167
532 541 545
985 989 3
977 983 985
971 977 985
738 769 770
76 78 81
6 8 10
252 253 256
952 962 971
878 892 893
299 304 311
636 645 649
680 681 683
338 344 348
49 65 66
331 338 348
918 951 952
452 456 462
348 364 369
137 153 167
731 738 770
634 636 649
124 137 167
680 683 687
81 97 104
104 106 113
76 81 104
874 878 893
76 104 113
829 833 839
633 634 649
546 547 551
325 327 331
509 513 521
113 124 167
10 22 26
781 786 815
49 66 67
815 823 829
848 852 859
369 400 419
781 815 829
566 572 575
26 48 49
462 488 505
348 369 419
325 331 348
912 914 917
419 431 436
985 3 6
10 26 49
775 781 829
442 452 462
680 687 689
565 566 575
252 256 285
565 575 595
505 509 521
167 182 201
912 917 918
829 839 848
348 419 436
234 243 252
718 730 731
633 649 676
918 952 971
230 234 252
731 770 775
521 532 545
718 731 775
67 76 113
49 67 113
603 631 633
848 859 874
680 689 706
706 718 775
230 252 285
285 299 311
829 848 874
6 10 49
285 311 319
985 6 49
551 565 595
167 201 213
325 348 436
546 551 595
893 912 918
442 462 505
680 706 775
222 230 285
521 545 546
285 319 325
633 676 680
521 546 595
893 918 971
829 874 893
442 505 521
213 222 285
49 113 167
595 603 633
521 595 633
167 213 285
829 893 971
167 285 325
633 680 775
442 521 633
985 49 167
442 633 775
436 442 775
971 985 167
436 775 829
829 971 167
325 436 829
829 167 325
