768
0 1 2
2 3 4
4 5 6
6 7 8
8 9 10
10 11 12
12 13 14
14 15 16
16 17 18
18 19 20
20 21 22
22 23 24
24 25 26
26 27 28
28 29 30
30 31 32
32 33 34
34 35 36
36 37 38
38 39 40
40 41 42
42 43 44
44 45 46
46 47 48
48 49 50
50 51 52
52 53 54
54 55 56
56 57 58
58 59 60
60 61 62
62 63 64
64 65 66
66 67 68
68 69 70
70 71 72
72 73 74
74 75 76
76 77 78
78 79 80
80 81 82
82 83 84
84 85 86
86 87 88
88 89 90
90 91 92
92 93 94
94 95 96
96 97 98
98 99 100
100 101 102
102 103 104
104 105 106
106 107 108
108 109 110
110 111 112
112 113 114
114 115 116
116 117 118
118 119 120
120 121 122
122 123 124
124 125 126
126 127 128
128 129 130
130 131 132
132 133 134
134 135 136
136 137 138
138 139 140
140 141 142
142 143 144
144 145 146
146 147 148
148 149 150
150 151 152
152 153 154
154 155 156
156 157 158
158 159 160
160 161 162
162 163 164
164 165 166
166 167 168
168 169 170
170 171 172
172 173 174
174 175 176
176 177 178
178 179 180
180 181 182
182 183 184
184 185 186
186 187 188
188 189 190
190 191 192
192 193 194
194 195 196
196 197 198
198 199 200
200 201 202
202 203 204
204 205 206
206 207 208
208 209 210
210 211 212
212 213 214
214 215 216
216 217 218
218 219 220
220 221 222
222 223 224
224 225 226
226 227 228
228 229 230
230 231 232
232 233 234
234 235 236
236 237 238
238 239 240
240 241 242
242 243 244
244 245 246
246 247 248
248 249 250
250 251 252
252 253 254
254 255 256
256 257 258
258 259 260
260 261 262
262 263 264
264 265 266
266 267 268
268 269 270
270 271 272
272 273 274
274 275 276
276 277 278
278 279 280
280 281 282
282 283 284
284 285 286
286 287 288
288 289 290
290 291 292
292 293 294
294 295 296
296 297 298
298 299 300
300 301 302
302 303 304
304 305 306
306 307 308
308 309 310
310 311 312
312 313 314
314 315 316
316 317 318
318 319 320
320 321 322
322 323 324
324 325 326
326 327 328
328 329 330
330 331 332
332 333 334
334 335 336
336 337 338
338 339 340
340 341 342
342 343 344
344 345 346
346 347 348
348 349 350
350 351 352
352 353 354
354 355 356
356 357 358
358 359 360
360 361 362
362 363 364
364 365 366
366 367 368
368 369 370
370 371 372
372 373 374
374 375 376
376 377 378
378 379 380
380 381 382
382 383 384
384 385 386
386 387 388
388 389 390
390 391 392
392 393 394
394 395 396
396 397 398
398 399 400
400 401 402
402 403 404
404 405 406
406 407 408
408 409 410
410 411 412
412 413 414
414 415 416
416 417 418
418 419 420
420 421 422
422 423 424
424 425 426
426 427 428
428 429 430
430 431 432
432 433 434
434 435 436
436 437 438
438 439 440
440 441 442
442 443 444
444 445 446
446 447 448
448 449 450
450 451 452
452 453 454
454 455 456
456 457 458
458 459 460
460 461 462
462 463 464
464 465 466
466 467 468
468 469 470
470 471 472
472 473 474
474 475 476
476 477 478
478 479 480
480 481 482
482 483 484
484 485 486
486 487 488
488 489 490
490 491 492
492 493 494
494 495 496
496 497 498
498 499 500
500 501 502
502 503 504
504 505 506
506 507 508
508 509 510
510 511 512
512 513 514
514 515 516
516 517 518
518 519 520
520 521 522
522 523 524
524 525 526
526 527 528
528 529 530
530 531 532
532 533 534
534 535 536
536 537 538
538 539 540
540 541 542
542 543 544
544 545 546
546 547 548
548 549 550
550 551 552
552 553 554
554 555 556
556 557 558
558 559 560
560 561 562
562 563 564
564 565 566
566 567 568
568 569 570
570 571 572
572 573 574
574 575 576
576 577 578
578 579 580
580 581 582
582 583 584
584 585 586
586 587 588
588 589 590
590 591 592
592 593 594
594 595 596
596 597 598
598 599 600
600 601 602
602 603 604
604 605 606
606 607 608
608 609 610
610 611 612
612 613 614
614 615 616
616 617 618
618 619 620
620 621 622
622 623 624
624 625 626
626 627 628
628 629 630
630 631 632
632 633 634
634 635 636
636 637 638
638 639 640
640 641 642
642 643 644
644 645 646
646 647 648
648 649 650
650 651 652
652 653 654
654 655 656
656 657 658
658 659 660
660 661 662
662 663 664
664 665 666
666 667 668
668 669 670
670 671 672
672 673 674
674 675 676
676 677 678
678 679 680
680 681 682
682 683 684
684 685 686
686 687 688
688 689 690
690 691 692
692 693 694
694 695 696
696 697 698
698 699 700
700 701 702
702 703 704
704 705 706
706 707 708
708 709 710
710 711 712
712 713 714
714 715 716
716 717 718
718 719 720
720 721 722
722 723 724
724 725 726
726 727 728
728 729 730
730 731 732
732 733 734
734 735 736
736 737 738
738 739 740
740 741 742
742 743 744
744 745 746
746 747 748
748 749 750
750 751 752
752 753 754
754 755 756
756 757 758
758 759 760
760 761 762
762 763 764
764 765 766
766 767 0
0 2 4
4 6 8
8 10 12
12 14 16
16 18 20
20 22 24
24 26 28
28 30 32
32 34 36
36 38 40
40 42 44
44 46 48
48 50 52
52 54 56
56 58 60
60 62 64
64 66 68
68 70 72
72 74 76
76 78 80
80 82 84
84 86 88
88 90 92
92 94 96
96 98 100
100 102 104
104 106 108
108 110 112
112 114 116
116 118 120
120 122 124
124 126 128
128 130 132
132 134 136
136 138 140
140 142 144
144 146 148
148 150 152
152 154 156
156 158 160
160 162 164
164 166 168
168 170 172
172 174 176
176 178 180
180 182 184
184 186 188
188 190 192
192 194 196
196 198 200
200 202 204
204 206 208
208 210 212
212 214 216
216 218 220
220 222 224
224 226 228
228 230 232
232 234 236
236 238 240
240 242 244
244 246 248
248 250 252
252 254 256
256 258 260
260 262 264
264 266 268
268 270 272
272 274 276
276 278 280
280 282 284
284 286 288
288 290 292
292 294 296
296 298 300
300 302 304
304 306 308
308 310 312
312 314 316
316 318 320
320 322 324
324 326 328
328 330 332
332 334 336
336 338 340
340 342 344
344 346 348
348 350 352
352 354 356
356 358 360
360 362 364
364 366 368
368 370 372
372 374 376
376 378 380
380 382 384
384 386 388
388 390 392
392 394 396
396 398 400
400 402 404
404 406 408
408 410 412
412 414 416
416 418 420
420 422 424
424 426 428
428 430 432
432 434 436
436 438 440
440 442 444
444 446 448
448 450 452
452 454 456
456 458 460
460 462 464
464 466 468
468 470 472
472 474 476
476 478 480
480 482 484
484 486 488
488 490 492
492 494 496
496 498 500
500 502 504
504 506 508
508 510 512
512 514 516
516 518 520
520 522 524
524 526 528
528 530 532
532 534 536
536 538 540
540 542 544
544 546 548
548 550 552
552 554 556
556 558 560
560 562 564
564 566 568
568 570 572
572 574 576
576 578 580
580 582 584
584 586 588
588 590 592
592 594 596
596 598 600
600 602 604
604 606 608
608 610 612
612 614 616
616 618 620
620 622 624
624 626 628
628 630 632
632 634 636
636 638 640
640 642 644
644 646 648
648 650 652
652 654 656
656 658 660
660 662 664
664 666 668
668 670 672
672 674 676
676 678 680
680 682 684
684 686 688
688 690 692
692 694 696
696 698 700
700 702 704
704 706 708
708 710 712
712 714 716
716 718 720
720 722 724
724 726 728
728 730 732
732 734 736
736 738 740
740 742 744
744 746 748
748 750 752
752 754 756
756 758 760
760 762 764
764 766 0
0 4 8
8 12 16
16 20 24
24 28 32
32 36 40
40 44 48
48 52 56
56 60 64
64 68 72
72 76 80
80 84 88
88 92 96
96 100 104
104 108 112
112 116 120
120 124 128
128 132 136
136 140 144
144 148 152
152 156 160
160 164 168
168 172 176
176 180 184
184 188 192
192 196 200
200 204 208
208 212 216
216 220 224
224 228 232
232 236 240
240 244 248
248 252 256
256 260 264
264 268 272
272 276 280
280 284 288
288 292 296
296 300 304
304 308 312
312 316 320
320 324 328
328 332 336
336 340 344
344 348 352
352 356 360
360 364 368
368 372 376
376 380 384
384 388 392
392 396 400
400 404 408
408 412 416
416 420 424
424 428 432
432 436 440
440 444 448
448 452 456
456 460 464
464 468 472
472 476 480
480 484 488
488 492 496
496 500 504
504 508 512
512 516 520
520 524 528
528 532 536
536 540 544
544 548 552
552 556 560
560 564 568
568 572 576
576 580 584
584 588 592
592 596 600
600 604 608
608 612 616
616 620 624
624 628 632
632 636 640
640 644 648
648 652 656
656 660 664
664 668 672
672 676 680
680 684 688
688 692 696
696 700 704
704 708 712
712 716 720
720 724 728
728 732 736
736 740 744
744 748 752
752 756 760
760 764 0
0 8 16
16 24 32
32 40 48
48 56 64
64 72 80
80 88 96
96 104 112
112 120 128
128 136 144
144 152 160
160 168 176
176 184 192
192 200 208
208 216 224
224 232 240
240 248 256
256 264 272
272 280 288
288 296 304
304 312 320
320 328 336
336 344 352
352 360 368
368 376 384
384 392 400
400 408 416
416 424 432
432 440 448
448 456 464
464 472 480
480 488 496
496 504 512
512 520 528
528 536 544
544 552 560
560 568 576
576 584 592
592 600 608
608 616 624
624 632 640
640 648 656
656 664 672
672 680 688
688 696 704
704 712 720
720 728 736
736 744 752
752 760 0
0 16 32
32 48 64
64 80 96
96 112 128
128 144 160
160 176 192
192 208 224
224 240 256
256 272 288
288 304 320
320 336 352
352 368 384
384 400 416
416 432 448
448 464 480
480 496 512
512 528 544
544 560 576
576 592 608
608 624 640
640 656 672
672 688 704
704 720 736
736 752 0
0 32 64
64 96 128
128 160 192
192 224 256
256 288 320
320 352 384
384 416 448
448 480 512
512 544 576
576 608 640
640 672 704
704 736 0
0 64 128
128 192 256
256 320 384
384 448 512
512 576 640
640 704 0
0 128 256
256 384 512
512 640 0
0 256 512
