600
500 1
500 900
4 100
501 100
4 900
501 900
500 2
500 901
8 100
502 100
8 900
502 900
500 3
500 902
12 100
503 100
12 900
503 900
500 4
500 903
16 100
504 100
16 900
504 900
500 5
500 904
20 100
505 100
20 900
505 900
500 6
500 905
24 100
506 100
24 900
506 900
500 7
500 906
28 100
507 100
28 900
507 900
500 8
500 907
32 100
508 100
32 900
508 900
500 9
500 908
36 100
509 100
36 900
509 900
500 10
500 909
40 100
510 100
40 900
510 900
500 11
500 910
44 100
511 100
44 900
511 900
500 12
500 911
48 100
512 100
48 900
512 900
500 13
500 912
52 100
513 100
52 900
513 900
500 14
500 913
56 100
514 100
56 900
514 900
500 15
500 914
60 100
515 100
60 900
515 900
500 16
500 915
64 100
516 100
64 900
516 900
500 17
500 916
68 100
517 100
68 900
517 900
500 18
500 917
72 100
518 100
72 900
518 900
500 19
500 918
76 100
519 100
76 900
519 900
500 20
500 919
80 100
520 100
80 900
520 900
500 21
500 920
84 100
521 100
84 900
521 900
500 22
500 921
88 100
522 100
88 900
522 900
500 23
500 922
92 100
523 100
92 900
523 900
500 24
500 923
96 100
524 100
96 900
524 900
500 25
500 924
100 100
525 100
100 900
525 900
500 26
500 925
104 100
526 100
104 900
526 900
500 27
500 926
108 100
527 100
108 900
527 900
500 28
500 927
112 100
528 100
112 900
528 900
500 29
500 928
116 100
529 100
116 900
529 900
500 30
500 929
120 100
530 100
120 900
530 900
500 31
500 930
124 100
531 100
124 900
531 900
500 32
500 931
128 100
532 100
128 900
532 900
500 33
500 932
132 100
533 100
132 900
533 900
500 34
500 933
136 100
534 100
136 900
534 900
500 35
500 934
140 100
535 100
140 900
535 900
500 36
500 935
144 100
536 100
144 900
536 900
500 37
500 936
148 100
537 100
148 900
537 900
500 38
500 937
152 100
538 100
152 900
538 900
500 39
500 938
156 100
539 100
156 900
539 900
500 40
500 939
160 100
540 100
160 900
540 900
500 41
500 940
164 100
541 100
164 900
541 900
500 42
500 941
168 100
542 100
168 900
542 900
500 43
500 942
172 100
543 100
172 900
543 900
500 44
500 943
176 100
544 100
176 900
544 900
500 45
500 944
180 100
545 100
180 900
545 900
500 46
500 945
184 100
546 100
184 900
546 900
500 47
500 946
188 100
547 100
188 900
547 900
500 48
500 947
192 100
548 100
192 900
548 900
500 49
500 948
196 100
549 100
196 900
549 900
500 50
500 949
200 100
550 100
200 900
550 900
500 51
500 950
204 100
551 100
204 900
551 900
500 52
500 951
208 100
552 100
208 900
552 900
500 53
500 952
212 100
553 100
212 900
553 900
500 54
500 953
216 100
554 100
216 900
554 900
500 55
500 954
220 100
555 100
220 900
555 900
500 56
500 955
224 100
556 100
224 900
556 900
500 57
500 956
228 100
557 100
228 900
557 900
500 58
500 957
232 100
558 100
232 900
558 900
500 59
500 958
236 100
559 100
236 900
559 900
500 60
500 959
240 100
560 100
240 900
560 900
500 61
500 960
244 100
561 100
244 900
561 900
500 62
500 961
248 100
562 100
248 900
562 900
500 63
500 962
252 100
563 100
252 900
563 900
500 64
500 963
256 100
564 100
256 900
564 900
500 65
500 964
260 100
565 100
260 900
565 900
500 66
500 965
264 100
566 100
264 900
566 900
500 67
500 966
268 100
567 100
268 900
567 900
500 68
500 967
272 100
568 100
272 900
568 900
500 69
500 968
276 100
569 100
276 900
569 900
500 70
500 969
280 100
570 100
280 900
570 900
500 71
500 970
284 100
571 100
284 900
571 900
500 72
500 971
288 100
572 100
288 900
572 900
500 73
500 972
292 100
573 100
292 900
573 900
500 74
500 973
296 100
574 100
296 900
574 900
500 75
500 974
300 100
575 100
300 900
575 900
500 76
500 975
304 100
576 100
304 900
576 900
500 77
500 976
308 100
577 100
308 900
577 900
500 78
500 977
312 100
578 100
312 900
578 900
500 79
500 978
316 100
579 100
316 900
579 900
500 80
500 979
320 100
580 100
320 900
580 900
500 81
500 980
324 100
581 100
324 900
581 900
500 82
500 981
328 100
582 100
328 900
582 900
500 83
500 982
332 100
583 100
332 900
583 900
500 84
500 983
336 100
584 100
336 900
584 900
500 85
500 984
340 100
585 100
340 900
585 900
500 86
500 985
344 100
586 100
344 900
586 900
500 87
500 986
348 100
587 100
348 900
587 900
500 88
500 987
352 100
588 100
352 900
588 900
500 89
500 988
356 100
589 100
356 900
589 900
500 90
500 989
360 100
590 100
360 900
590 900
500 91
500 990
364 100
591 100
364 900
591 900
500 92
500 991
368 100
592 100
368 900
592 900
500 93
500 992
372 100
593 100
372 900
593 900
500 94
500 993
376 100
594 100
376 900
594 900
500 95
500 994
380 100
595 100
380 900
595 900
500 96
500 995
384 100
596 100
384 900
596 900
500 97
500 996
388 100
597 100
388 900
597 900
500 98
500 997
392 100
598 100
392 900
598 900
500 99
500 998
396 100
599 100
396 900
599 900
500 100
500 999
400 100
600 100
400 900
600 900
