600
300 4
300 504
700 4
700 504
2 500
702 500
300 8
300 508
700 8
700 508
4 500
704 500
300 12
300 512
700 12
700 512
6 500
706 500
300 16
300 516
700 16
700 516
8 500
708 500
300 20
300 520
700 20
700 520
10 500
710 500
300 24
300 524
700 24
700 524
12 500
712 500
300 28
300 528
700 28
700 528
14 500
714 500
300 32
300 532
700 32
700 532
16 500
716 500
300 36
300 536
700 36
700 536
18 500
718 500
300 40
300 540
700 40
700 540
20 500
720 500
300 44
300 544
700 44
700 544
22 500
722 500
300 48
300 548
700 48
700 548
24 500
724 500
300 52
300 552
700 52
700 552
26 500
726 500
300 56
300 556
700 56
700 556
28 500
728 500
300 60
300 560
700 60
700 560
30 500
730 500
300 64
300 564
700 64
700 564
32 500
732 500
300 68
300 568
700 68
700 568
34 500
734 500
300 72
300 572
700 72
700 572
36 500
736 500
300 76
300 576
700 76
700 576
38 500
738 500
300 80
300 580
700 80
700 580
40 500
740 500
300 84
300 584
700 84
700 584
42 500
742 500
300 88
300 588
700 88
700 588
44 500
744 500
300 92
300 592
700 92
700 592
46 500
746 500
300 96
300 596
700 96
700 596
48 500
748 500
300 100
300 600
700 100
700 600
50 500
750 500
300 104
300 604
700 104
700 604
52 500
752 500
300 108
300 608
700 108
700 608
54 500
754 500
300 112
300 612
700 112
700 612
56 500
756 500
300 116
300 616
700 116
700 616
58 500
758 500
300 120
300 620
700 120
700 620
60 500
760 500
300 124
300 624
700 124
700 624
62 500
762 500
300 128
300 628
700 128
700 628
64 500
764 500
300 132
300 632
700 132
700 632
66 500
766 500
300 136
300 636
700 136
700 636
68 500
768 500
300 140
300 640
700 140
700 640
70 500
770 500
300 144
300 644
700 144
700 644
72 500
772 500
300 148
300 648
700 148
700 648
74 500
774 500
300 152
300 652
700 152
700 652
76 500
776 500
300 156
300 656
700 156
700 656
78 500
778 500
300 160
300 660
700 160
700 660
80 500
780 500
300 164
300 664
700 164
700 664
82 500
782 500
300 168
300 668
700 168
700 668
84 500
784 500
300 172
300 672
700 172
700 672
86 500
786 500
300 176
300 676
700 176
700 676
88 500
788 500
300 180
300 680
700 180
700 680
90 500
790 500
300 184
300 684
700 184
700 684
92 500
792 500
300 188
300 688
700 188
700 688
94 500
794 500
300 192
300 692
700 192
700 692
96 500
796 500
300 196
300 696
700 196
700 696
98 500
798 500
300 200
300 700
700 200
700 700
100 500
800 500
300 204
300 704
700 204
700 704
102 500
802 500
300 208
300 708
700 208
700 708
104 500
804 500
300 212
300 712
700 212
700 712
106 500
806 500
300 216
300 716
700 216
700 716
108 500
808 500
300 220
300 720
700 220
700 720
110 500
810 500
300 224
300 724
700 224
700 724
112 500
812 500
300 228
300 728
700 228
700 728
114 500
814 500
300 232
300 732
700 232
700 732
116 500
816 500
300 236
300 736
700 236
700 736
118 500
818 500
300 240
300 740
700 240
700 740
120 500
820 500
300 244
300 744
700 244
700 744
122 500
822 500
300 248
300 748
700 248
700 748
124 500
824 500
300 252
300 752
700 252
700 752
126 500
826 500
300 256
300 756
700 256
700 756
128 500
828 500
300 260
300 760
700 260
700 760
130 500
830 500
300 264
300 764
700 264
700 764
132 500
832 500
300 268
300 768
700 268
700 768
134 500
834 500
300 272
300 772
700 272
700 772
136 500
836 500
300 276
300 776
700 276
700 776
138 500
838 500
300 280
300 780
700 280
700 780
140 500
840 500
300 284
300 784
700 284
700 784
142 500
842 500
300 288
300 788
700 288
700 788
144 500
844 500
300 292
300 792
700 292
700 792
146 500
846 500
300 296
300 796
700 296
700 796
148 500
848 500
300 300
300 800
700 300
700 800
150 500
850 500
300 304
300 804
700 304
700 804
152 500
852 500
300 308
300 808
700 308
700 808
154 500
854 500
300 312
300 812
700 312
700 812
156 500
856 500
300 316
300 816
700 316
700 816
158 500
858 500
300 320
300 820
700 320
700 820
160 500
860 500
300 324
300 824
700 324
700 824
162 500
862 500
300 328
300 828
700 328
700 828
164 500
864 500
300 332
300 832
700 332
700 832
166 500
866 500
300 336
300 836
700 336
700 836
168 500
868 500
300 340
300 840
700 340
700 840
170 500
870 500
300 344
300 844
700 344
700 844
172 500
872 500
300 348
300 848
700 348
700 848
174 500
874 500
300 352
300 852
700 352
700 852
176 500
876 500
300 356
300 856
700 356
700 856
178 500
878 500
300 360
300 860
700 360
700 860
180 500
880 500
300 364
300 864
700 364
700 864
182 500
882 500
300 368
300 868
700 368
700 868
184 500
884 500
300 372
300 872
700 372
700 872
186 500
886 500
300 376
300 876
700 376
700 876
188 500
888 500
300 380
300 880
700 380
700 880
190 500
890 500
300 384
300 884
700 384
700 884
192 500
892 500
300 388
300 888
700 388
700 888
194 500
894 500
300 392
300 892
700 392
700 892
196 500
896 500
300 396
300 896
700 396
700 896
198 500
898 500
300 400
300 900
700 400
700 900
200 500
900 500
