200 50
67 62 59 59 -1 -1 -1 -1 59 60 60 59 59 -1 57 -1 62 62 62 63 59 61 61 61 61 63 60 63 57 60 61 66 -1 -1 59 61 60 63 -1 63 59 -1 60 63 -1 63 60 61 60 59 
67 -1 -1 -1 65 63 62 64 62 63 63 62 62 65 60 64 65 65 65 -1 -1 64 64 64 64 66 63 -1 -1 -1 64 65 62 65 -1 -1 63 66 65 66 62 -1 -1 66 62 66 63 64 63 -1 
-1 -1 62 62 65 -1 -1 -1 62 -1 63 62 -1 65 63 64 -1 65 65 66 -1 64 64 -1 64 66 63 -1 64 66 -1 65 -1 65 63 64 63 66 65 66 62 64 62 66 62 -1 -1 64 63 62 
64 -1 -1 -1 65 63 -1 -1 62 63 -1 -1 -1 65 63 -1 65 -1 -1 66 -1 63 64 64 -1 -1 63 -1 64 66 64 65 62 65 63 -1 63 66 65 66 62 64 -1 66 62 66 -1 65 63 -1 
64 65 62 -1 65 63 62 64 62 63 63 62 62 65 -1 -1 61 -1 65 66 62 -1 64 -1 64 66 63 -1 -1 -1 64 -1 62 65 63 64 63 70 -1 -1 62 64 -1 -1 62 66 -1 64 63 62 
64 -1 62 -1 65 63 -1 -1 62 63 63 62 -1 65 63 64 -1 65 65 66 -1 64 64 64 64 66 63 66 64 -1 64 65 -1 -1 63 64 -1 66 -1 -1 62 64 62 66 -1 66 63 64 63 62 
64 65 62 62 65 -1 62 64 -1 -1 63 62 62 -1 -1 64 -1 -1 -1 66 62 -1 64 64 -1 66 63 66 64 -1 -1 65 62 65 63 -1 -1 66 -1 -1 -1 64 -1 66 62 -1 -1 -1 -1 -1 
-1 -1 62 -1 65 -1 -1 64 62 -1 -1 -1 -1 -1 -1 64 -1 -1 65 -1 62 -1 -1 64 -1 -1 -1 -1 -1 66 64 65 -1 65 -1 -1 63 66 65 66 62 -1 62 66 62 66 63 -1 -1 62 
64 -1 62 -1 65 -1 -1 64 -1 63 63 62 -1 -1 63 64 -1 65 65 66 62 -1 -1 -1 64 66 63 -1 -1 66 64 65 -1 65 64 64 -1 66 65 -1 -1 -1 61 66 62 66 63 64 63 -1 
64 65 -1 -1 65 63 62 64 62 62 63 62 62 65 63 -1 65 65 65 66 62 64 -1 64 64 66 63 66 64 -1 -1 -1 -1 65 -1 64 63 66 65 66 62 -1 63 66 62 66 63 64 -1 62 
-1 65 62 62 65 -1 -1 64 -1 64 63 -1 62 -1 -1 64 65 65 -1 66 62 64 64 -1 64 66 -1 66 64 66 64 -1 62 65 -1 -1 63 66 65 66 62 64 61 66 -1 66 -1 64 63 62 
64 -1 -1 62 65 63 -1 64 -1 63 63 62 62 -1 63 64 65 -1 65 66 62 -1 64 64 64 -1 -1 66 -1 66 64 65 -1 -1 -1 -1 63 66 -1 -1 -1 -1 -1 66 62 -1 63 64 63 62 
64 65 62 62 65 -1 -1 -1 62 63 -1 62 62 65 63 64 -1 65 65 66 -1 64 -1 64 -1 -1 -1 66 64 66 -1 65 62 -1 63 -1 -1 66 65 66 -1 64 62 66 -1 -1 -1 64 -1 62 
-1 65 -1 -1 -1 67 62 64 -1 63 -1 58 62 -1 -1 64 65 65 65 66 -1 -1 -1 64 64 -1 -1 66 64 66 -1 65 -1 65 -1 -1 63 66 65 66 62 64 62 66 62 -1 -1 -1 -1 62 
64 -1 -1 62 -1 -1 -1 64 -1 -1 -1 62 62 -1 -1 -1 -1 65 65 66 62 65 64 -1 -1 -1 -1 66 64 66 -1 65 62 65 63 64 63 -1 65 66 62 64 -1 -1 -1 66 63 63 63 62 
64 65 -1 -1 -1 63 62 -1 -1 63 63 62 62 -1 63 64 65 65 65 66 62 -1 -1 -1 64 -1 -1 66 64 -1 -1 -1 62 65 63 64 63 66 65 -1 62 64 62 -1 62 66 63 64 63 62 
-1 -1 62 -1 65 63 62 64 62 63 63 62 62 -1 -1 64 -1 65 -1 66 62 -1 64 -1 -1 66 63 66 -1 -1 -1 -1 62 -1 -1 64 63 -1 65 66 -1 64 -1 66 62 66 -1 64 -1 62 
-1 65 -1 61 65 63 62 64 62 63 63 -1 62 65 63 64 65 65 65 -1 62 64 64 64 -1 66 -1 66 65 66 64 65 62 65 63 64 -1 66 -1 66 62 64 62 66 62 -1 63 64 -1 62 
-1 65 62 62 65 63 -1 -1 -1 63 -1 62 -1 65 -1 -1 65 65 65 66 62 -1 64 64 64 66 64 66 -1 -1 -1 -1 62 -1 -1 -1 63 66 -1 -1 62 64 62 -1 62 66 62 64 63 62 
64 -1 -1 62 65 -1 62 64 -1 63 63 -1 -1 -1 63 -1 65 -1 -1 66 -1 64 64 64 64 -1 63 66 -1 66 -1 -1 62 65 -1 64 63 -1 65 -1 62 64 62 66 -1 -1 63 64 63 62 
64 -1 -1 -1 65 63 -1 -1 62 63 -1 -1 -1 65 63 -1 65 -1 -1 64 -1 64 64 64 -1 -1 63 -1 64 66 64 65 62 65 63 -1 65 66 65 66 62 64 -1 66 62 66 -1 64 63 -1 
-1 -1 61 61 64 62 -1 63 -1 62 -1 61 61 -1 -1 -1 64 64 64 65 -1 -1 63 -1 63 65 62 65 -1 65 63 64 61 -1 62 63 62 -1 64 -1 61 63 61 65 61 -1 -1 -1 -1 -1 
64 -1 -1 62 65 63 62 64 -1 63 63 -1 62 -1 63 64 65 65 -1 66 62 64 -1 64 -1 66 -1 -1 64 66 64 65 62 -1 63 -1 63 66 -1 66 62 64 62 66 62 66 63 64 63 -1 
65 -1 63 -1 66 64 63 65 63 64 -1 63 -1 66 64 -1 66 66 66 -1 63 -1 -1 65 65 -1 64 -1 -1 67 65 -1 63 66 64 65 64 67 66 67 63 65 63 -1 -1 67 -1 65 64 -1 
64 65 62 62 65 -1 -1 64 62 63 63 -1 62 -1 63 -1 65 -1 65 -1 62 64 64 -1 -1 66 63 -1 -1 66 -1 65 62 65 63 64 63 -1 65 -1 62 -1 62 66 -1 -1 63 64 -1 62 
-1 -1 -1 -1 61 -1 -1 64 62 63 67 -1 62 -1 -1 64 65 -1 65 66 62 64 -1 64 64 66 63 66 -1 -1 64 -1 62 65 -1 64 63 -1 -1 -1 62 64 -1 -1 62 66 63 -1 63 62 
-1 -1 63 63 66 64 -1 65 -1 63 -1 63 63 -1 -1 -1 66 66 66 67 -1 -1 65 -1 65 67 64 68 -1 67 65 66 63 -1 64 65 64 -1 66 -1 63 65 63 67 63 -1 -1 -1 -1 -1 
-1 65 62 62 65 63 62 64 62 -1 63 -1 -1 -1 63 64 65 65 65 -1 62 -1 64 64 64 66 -1 66 64 66 -1 65 -1 65 63 64 -1 66 -1 66 -1 -1 62 66 62 66 63 -1 63 62 
64 65 62 62 65 63 -1 64 62 -1 63 62 -1 65 63 64 65 -1 65 -1 -1 64 64 64 64 -1 63 -1 64 66 64 65 62 68 63 64 59 66 65 -1 -1 64 62 -1 -1 66 64 -1 63 -1 
66 -1 64 64 67 -1 64 66 66 -1 -1 64 -1 -1 65 -1 -1 67 67 -1 64 66 66 66 66 68 -1 68 64 68 -1 -1 64 67 65 66 65 68 65 68 -1 -1 66 68 62 -1 -1 66 67 -1 
-1 65 62 62 65 -1 62 -1 62 63 -1 62 62 -1 63 64 -1 65 65 -1 62 -1 64 64 64 -1 63 66 -1 -1 64 65 62 -1 63 64 -1 66 65 66 62 64 62 66 62 -1 -1 -1 63 62 
64 -1 -1 62 -1 -1 62 64 62 63 63 -1 62 65 63 64 -1 -1 65 66 -1 -1 64 -1 64 66 63 63 64 66 66 -1 62 65 63 64 63 66 -1 66 62 -1 60 66 62 69 63 64 63 62 
64 65 62 59 65 -1 62 -1 62 63 63 62 -1 -1 -1 64 65 -1 65 -1 -1 -1 64 -1 -1 66 63 -1 64 66 -1 65 62 65 -1 64 63 66 65 69 -1 64 62 -1 62 -1 63 64 63 -1 
64 -1 -1 62 -1 63 62 64 62 -1 63 62 -1 -1 63 64 65 65 65 66 62 64 64 -1 64 66 63 66 -1 -1 -1 65 62 62 63 -1 66 66 -1 66 62 64 62 -1 -1 66 63 64 63 62 
64 65 62 -1 -1 63 62 64 62 63 63 62 62 65 63 64 65 65 65 66 62 -1 -1 64 -1 -1 65 66 64 66 64 65 -1 65 -1 64 61 66 65 66 -1 -1 -1 -1 62 -1 -1 64 -1 62 
64 65 -1 -1 -1 63 -1 64 62 63 63 62 62 -1 -1 64 65 65 65 66 62 64 64 -1 -1 66 63 66 -1 66 -1 -1 62 65 -1 -1 63 66 -1 -1 62 64 62 66 -1 66 -1 -1 -1 62 
-1 65 62 -1 62 -1 62 64 -1 -1 63 62 62 65 63 64 65 65 -1 66 62 64 62 64 66 66 63 -1 67 66 64 65 -1 65 63 64 60 -1 65 -1 -1 -1 65 -1 62 66 63 64 63 62 
63 62 59 -1 62 60 -1 61 -1 60 60 59 -1 62 60 61 62 62 62 63 59 -1 -1 61 61 63 60 61 -1 -1 61 62 59 62 60 61 -1 63 62 63 59 61 59 -1 59 63 60 61 -1 -1 
64 65 62 62 -1 -1 -1 64 62 63 63 62 63 65 -1 64 -1 -1 65 66 -1 -1 64 64 -1 66 63 66 64 66 -1 65 62 -1 -1 64 -1 66 64 -1 62 64 62 66 62 66 63 -1 63 62 
64 65 -1 62 65 60 62 -1 -1 63 59 62 62 64 63 64 65 -1 65 66 -1 64 -1 64 64 70 63 -1 64 -1 64 66 65 65 63 -1 -1 66 65 -1 -1 64 62 66 62 66 63 64 63 -1 
64 -1 61 62 65 63 62 -1 62 -1 -1 62 62 65 63 64 65 -1 65 66 62 64 -1 -1 -1 -1 64 66 -1 -1 64 -1 -1 65 63 -1 63 66 66 66 -1 64 62 -1 -1 -1 62 64 63 62 
-1 65 62 -1 65 63 62 64 -1 -1 63 -1 62 65 63 -1 65 65 -1 66 62 64 64 64 64 66 63 66 64 66 64 65 62 65 63 64 -1 -1 65 66 -1 64 62 -1 -1 66 63 64 63 62 
64 65 62 62 -1 -1 62 -1 62 63 63 62 -1 -1 -1 64 65 65 65 66 62 64 64 64 64 66 -1 -1 64 -1 -1 65 62 -1 -1 64 -1 66 -1 66 62 64 62 66 62 66 63 -1 63 -1 
67 68 65 65 -1 -1 -1 -1 65 66 66 65 65 -1 66 -1 68 68 68 69 65 67 67 67 67 69 66 69 67 69 67 68 -1 -1 66 67 66 69 -1 69 65 -1 65 69 -1 69 66 67 66 65 
64 65 -1 62 65 63 -1 64 -1 63 63 62 64 65 -1 -1 -1 -1 -1 66 -1 64 64 -1 64 66 -1 66 -1 -1 64 65 62 65 63 64 -1 -1 66 -1 62 -1 62 -1 59 66 63 64 63 62 
-1 65 62 -1 -1 63 62 64 -1 63 63 62 -1 65 63 -1 65 65 -1 66 -1 -1 64 64 -1 66 63 -1 -1 -1 -1 65 62 -1 63 64 63 66 65 -1 62 -1 62 -1 62 -1 63 64 -1 -1 
-1 65 -1 62 -1 63 62 64 62 63 63 -1 -1 65 63 64 65 65 65 -1 62 64 64 64 -1 -1 -1 66 -1 66 64 65 62 -1 63 64 63 66 65 66 62 -1 62 66 62 -1 63 64 -1 62 
63 -1 61 -1 64 62 61 63 61 62 -1 61 -1 64 62 -1 64 64 64 -1 61 -1 -1 63 63 -1 62 -1 -1 65 63 -1 61 64 62 63 62 65 64 65 61 63 61 -1 -1 65 -1 63 62 -1 
63 64 61 -1 64 62 61 -1 -1 62 62 -1 61 64 62 63 64 64 -1 65 -1 63 63 63 63 -1 -1 65 63 65 63 64 61 64 62 63 62 -1 64 -1 -1 63 61 65 61 65 -1 63 -1 61 
-1 65 62 62 -1 -1 62 64 62 63 -1 -1 -1 65 -1 62 -1 -1 65 69 62 64 64 64 64 66 -1 66 66 66 64 -1 62 65 -1 -1 60 66 65 -1 -1 64 62 66 -1 -1 -1 -1 63 -1 
65 66 63 -1 66 64 63 -1 -1 64 64 -1 63 66 64 65 66 66 -1 67 -1 65 65 65 65 -1 -1 67 65 67 65 66 63 66 64 65 64 -1 66 -1 -1 65 63 67 63 67 -1 65 -1 63 
64 -1 62 -1 65 63 62 64 58 63 63 62 62 65 63 64 65 65 -1 66 62 -1 64 64 64 66 63 66 64 66 64 65 -1 -1 63 64 63 66 65 70 62 -1 -1 66 -1 -1 63 64 63 -1 
64 65 62 62 65 -1 62 -1 62 63 63 62 62 65 -1 64 65 -1 65 66 -1 64 64 64 -1 66 63 66 -1 66 64 -1 -1 65 63 64 63 -1 65 66 -1 64 -1 66 62 -1 -1 64 -1 62 
-1 -1 -1 62 -1 63 62 64 62 63 -1 62 -1 65 63 -1 65 65 65 -1 62 64 64 -1 -1 66 63 66 64 -1 64 -1 -1 -1 63 -1 63 -1 65 -1 62 64 -1 66 -1 66 -1 64 -1 62 
64 65 62 62 65 -1 62 64 62 63 63 62 -1 -1 63 64 65 -1 -1 66 62 64 64 -1 -1 66 -1 66 64 -1 -1 65 62 65 63 -1 -1 -1 -1 -1 -1 64 62 66 -1 66 63 64 63 62 
64 65 62 -1 65 63 -1 64 62 63 63 -1 62 -1 63 64 65 65 65 68 62 -1 64 64 64 66 63 -1 64 66 -1 -1 -1 -1 63 64 59 -1 69 66 60 64 -1 66 -1 -1 63 64 63 -1 
64 65 62 62 65 -1 -1 -1 -1 -1 -1 62 62 -1 -1 64 -1 65 65 66 62 64 64 64 64 66 63 66 64 66 64 -1 62 65 63 -1 -1 -1 65 -1 62 64 62 66 -1 66 -1 64 63 -1 
64 -1 62 62 -1 63 62 62 62 63 63 -1 -1 -1 63 64 -1 65 -1 66 62 64 64 64 64 66 63 66 -1 68 -1 -1 62 65 63 64 -1 66 -1 66 62 64 -1 -1 -1 -1 63 -1 -1 62 
-1 -1 -1 -1 -1 63 62 64 62 63 63 62 62 -1 -1 64 65 -1 65 -1 62 64 -1 -1 -1 66 -1 66 -1 -1 64 65 62 -1 63 64 63 66 65 -1 62 64 -1 66 62 66 -1 64 63 62 
62 65 62 62 -1 63 62 64 62 63 63 62 62 65 -1 64 -1 65 66 65 62 64 64 64 64 66 63 68 64 -1 64 -1 62 65 63 67 63 66 -1 -1 65 -1 -1 -1 62 63 63 61 -1 62 
-1 65 62 62 65 -1 62 -1 -1 64 63 62 -1 -1 -1 -1 65 -1 65 -1 -1 -1 -1 64 -1 66 63 65 64 -1 -1 65 -1 65 -1 -1 63 -1 -1 66 62 64 62 66 62 66 63 -1 -1 62 
-1 -1 -1 -1 65 -1 -1 64 62 63 63 62 62 65 -1 64 65 -1 -1 70 62 64 64 64 64 -1 63 66 64 -1 64 -1 62 65 63 -1 -1 66 -1 -1 62 60 62 -1 -1 -1 63 64 -1 62 
-1 -1 -1 -1 65 63 -1 -1 62 -1 63 62 -1 65 63 -1 65 -1 -1 66 62 64 -1 64 66 66 -1 -1 -1 66 64 -1 -1 65 63 64 63 66 65 66 62 -1 62 -1 -1 66 -1 64 61 -1 
60 61 58 58 61 59 58 60 58 59 -1 -1 54 61 59 -1 61 -1 -1 62 58 62 60 -1 -1 62 -1 60 60 62 -1 -1 -1 -1 63 57 62 62 61 -1 58 60 58 62 58 -1 -1 -1 59 58 
63 64 61 61 -1 62 -1 63 -1 62 62 -1 -1 64 62 63 64 -1 -1 65 -1 63 -1 63 -1 65 62 65 63 -1 63 64 61 64 62 63 62 -1 64 65 61 63 61 65 61 -1 -1 -1 62 61 
64 65 62 -1 65 63 -1 64 62 63 63 -1 62 -1 63 64 65 65 65 66 62 -1 64 64 64 66 63 -1 64 66 -1 -1 -1 -1 63 64 63 -1 65 66 62 64 -1 66 -1 -1 63 64 63 -1 
64 65 62 62 65 -1 62 -1 62 63 -1 62 62 -1 63 64 65 -1 65 66 -1 64 -1 64 -1 -1 63 -1 64 -1 64 65 -1 -1 63 -1 -1 -1 65 66 62 -1 62 66 62 66 63 64 -1 62 
64 65 -1 -1 65 63 -1 -1 62 -1 63 62 62 65 63 -1 65 65 65 66 62 64 64 64 64 66 -1 -1 -1 66 -1 -1 62 65 -1 64 -1 66 -1 66 62 64 -1 66 -1 66 63 -1 -1 62 
63 65 62 -1 65 63 61 64 62 63 63 62 -1 65 63 64 66 65 65 66 -1 -1 64 64 -1 66 63 -1 -1 66 64 -1 62 65 64 -1 63 66 -1 66 62 -1 62 66 62 -1 63 -1 -1 -1 
-1 -1 -1 -1 -1 66 65 -1 65 66 66 65 65 68 66 67 68 68 -1 69 -1 -1 67 -1 -1 69 66 69 -1 -1 67 68 -1 68 66 67 66 69 68 69 -1 67 65 71 63 69 66 67 -1 65 
64 -1 62 62 65 63 -1 64 -1 63 -1 -1 -1 65 63 64 65 -1 -1 -1 62 64 -1 -1 64 -1 63 66 -1 66 64 65 62 65 63 64 63 66 65 -1 59 -1 62 66 62 69 63 64 -1 62 
60 -1 58 -1 -1 -1 -1 60 58 59 59 58 58 61 59 -1 61 61 -1 62 58 60 60 -1 60 -1 -1 62 60 -1 -1 -1 58 -1 59 60 59 62 61 -1 58 60 58 62 -1 62 59 60 -1 58 
64 65 -1 62 -1 -1 62 -1 -1 63 63 62 62 63 -1 64 65 -1 -1 66 62 64 64 64 64 66 63 66 64 66 64 65 62 65 65 64 -1 66 65 66 -1 64 62 66 62 -1 63 64 -1 -1 
64 65 62 -1 -1 -1 -1 64 62 63 63 62 -1 65 63 64 -1 65 65 66 -1 -1 64 64 64 -1 -1 66 64 66 64 65 62 65 63 -1 63 -1 65 66 -1 -1 62 66 -1 66 63 64 63 62 
60 -1 -1 58 61 -1 58 -1 58 59 59 -1 58 61 -1 60 61 61 61 62 -1 60 -1 60 60 62 -1 -1 -1 -1 -1 -1 58 -1 -1 60 59 62 -1 -1 -1 -1 -1 -1 58 62 59 60 59 -1 
64 65 62 -1 -1 -1 -1 66 62 63 63 62 -1 63 63 64 -1 65 65 66 -1 -1 62 64 64 -1 -1 66 64 66 64 65 62 65 63 -1 65 -1 65 66 -1 -1 62 66 -1 66 63 64 63 62 
-1 65 62 62 -1 63 62 64 62 63 63 -1 62 65 -1 -1 65 -1 65 66 62 64 64 64 64 66 63 -1 -1 -1 -1 65 62 -1 -1 64 63 -1 65 -1 62 64 62 66 62 66 63 64 63 62 
68 69 66 66 -1 68 66 68 66 67 67 66 66 69 67 -1 69 69 68 70 -1 68 -1 68 68 70 67 70 -1 -1 68 69 -1 -1 -1 68 67 70 -1 -1 66 68 66 70 66 70 -1 -1 -1 66 
64 -1 62 62 65 63 62 -1 -1 -1 63 62 62 65 63 64 65 -1 -1 -1 62 64 64 64 -1 66 63 -1 64 66 64 -1 62 65 63 -1 -1 -1 -1 66 62 64 62 -1 -1 66 63 -1 63 62 
64 65 -1 62 65 -1 -1 64 -1 63 63 62 -1 65 63 64 -1 65 65 -1 62 64 64 -1 64 66 63 -1 64 66 64 65 -1 -1 63 64 63 66 65 -1 -1 -1 -1 66 62 66 63 64 63 -1 
67 68 65 -1 68 66 -1 67 -1 66 70 65 -1 68 66 67 68 68 68 69 65 -1 -1 63 67 69 66 69 -1 -1 67 68 65 68 66 67 -1 69 68 69 65 67 65 -1 65 69 66 67 -1 -1 
60 -1 58 58 61 59 58 60 58 59 59 -1 58 -1 -1 60 61 61 -1 -1 58 -1 60 60 60 62 59 -1 60 62 60 61 58 -1 59 60 -1 -1 61 -1 58 60 58 -1 58 62 59 60 -1 58 
64 65 62 62 -1 -1 62 64 62 63 64 62 -1 -1 63 -1 65 65 65 -1 62 -1 64 63 64 -1 -1 -1 64 66 64 65 62 65 -1 -1 63 66 65 -1 62 64 -1 66 62 66 -1 64 63 -1 
60 61 58 58 61 59 58 60 58 -1 -1 58 58 -1 59 60 -1 61 61 62 58 60 -1 60 -1 62 59 -1 60 -1 60 -1 58 61 59 60 59 62 61 -1 58 -1 58 62 -1 -1 -1 60 59 58 
64 -1 -1 62 65 63 63 64 62 63 63 -1 62 65 -1 64 -1 -1 65 -1 62 -1 -1 64 -1 66 -1 -1 -1 66 64 65 62 64 -1 -1 -1 -1 65 66 -1 64 62 66 62 -1 63 64 63 -1 
64 65 62 62 -1 -1 -1 64 62 63 63 -1 -1 65 63 64 65 -1 65 66 -1 -1 64 64 64 -1 63 -1 64 66 -1 65 62 -1 63 64 63 -1 65 66 -1 64 -1 -1 -1 66 63 -1 -1 62 
64 65 62 -1 65 -1 62 64 -1 -1 63 62 62 65 63 -1 65 65 -1 -1 -1 64 -1 -1 -1 -1 63 66 64 66 -1 65 62 -1 -1 64 -1 66 65 -1 62 -1 -1 66 62 66 63 64 63 62 
64 65 62 62 65 63 -1 -1 62 -1 63 -1 62 65 -1 64 65 -1 -1 66 62 -1 64 64 64 66 63 66 64 -1 -1 65 62 65 -1 64 -1 66 65 66 62 -1 -1 66 62 66 63 -1 63 62 
64 -1 62 -1 65 63 -1 -1 -1 -1 63 62 -1 67 60 -1 65 65 -1 -1 -1 64 -1 -1 64 -1 63 66 64 69 -1 -1 62 65 61 64 63 66 -1 -1 -1 64 -1 -1 -1 66 63 64 63 -1 
-1 69 66 -1 -1 64 66 -1 -1 67 67 66 66 69 -1 68 -1 -1 -1 -1 -1 68 68 -1 -1 70 67 -1 68 70 68 69 -1 69 67 68 -1 70 69 70 69 -1 -1 -1 -1 -1 67 68 -1 -1 
64 -1 -1 -1 65 -1 -1 64 62 63 -1 62 62 67 63 64 65 65 65 -1 -1 -1 64 64 64 66 61 -1 64 66 64 -1 62 -1 63 65 63 66 -1 66 -1 63 -1 66 62 -1 -1 64 63 62 
62 -1 60 60 63 -1 60 62 60 -1 -1 60 -1 -1 61 -1 -1 63 63 -1 60 62 62 62 62 64 -1 64 62 64 -1 -1 60 63 61 62 61 64 63 64 -1 -1 60 64 60 -1 -1 62 61 -1 
68 -1 66 66 69 67 66 68 66 67 67 -1 66 -1 -1 68 69 69 -1 -1 66 -1 68 68 68 70 67 -1 68 70 68 69 66 -1 67 68 -1 -1 69 -1 66 68 66 -1 66 70 67 68 -1 66 
64 65 62 62 69 63 62 64 -1 -1 59 62 62 65 63 -1 65 65 65 66 62 -1 64 64 64 66 -1 66 -1 -1 -1 -1 62 65 -1 -1 63 -1 65 66 62 64 -1 -1 62 -1 63 64 63 -1 
64 -1 62 62 -1 -1 62 64 62 63 63 -1 -1 -1 63 -1 -1 65 65 66 64 64 64 64 64 -1 63 -1 -1 66 64 -1 62 63 -1 64 -1 66 -1 66 62 64 62 66 62 66 63 64 63 -1 
64 -1 -1 62 65 -1 -1 64 -1 63 63 -1 62 65 -1 64 -1 65 65 66 -1 -1 -1 64 -1 66 63 66 -1 66 64 65 62 -1 63 64 -1 66 65 66 -1 64 62 -1 -1 -1 63 -1 -1 -1 
-1 -1 -1 -1 -1 60 59 -1 59 60 60 59 59 62 60 61 62 62 -1 63 -1 -1 61 -1 -1 63 59 63 -1 -1 61 62 -1 62 60 61 60 63 62 63 -1 61 59 63 59 63 61 61 -1 59 
-1 -1 62 -1 65 63 62 -1 62 63 63 -1 -1 65 63 64 -1 65 -1 66 62 64 64 64 64 66 63 66 64 66 64 -1 62 -1 -1 -1 63 66 65 66 62 -1 -1 66 -1 -1 63 64 -1 62 
-1 65 -1 -1 65 63 66 67 -1 63 63 62 61 -1 63 65 65 -1 65 -1 62 64 -1 -1 64 -1 59 66 64 -1 -1 65 62 -1 -1 -1 63 -1 65 66 59 64 -1 -1 -1 66 -1 -1 63 -1 
64 65 62 62 65 63 62 64 62 -1 -1 -1 -1 65 63 64 65 65 -1 66 -1 64 -1 -1 64 66 -1 66 64 66 64 -1 62 65 63 64 -1 -1 -1 -1 -1 64 -1 66 62 66 63 64 63 -1 
-1 65 62 -1 65 63 61 66 -1 63 63 62 -1 65 63 64 65 65 -1 -1 62 64 64 64 -1 -1 63 -1 -1 64 -1 65 -1 66 -1 64 67 66 61 -1 -1 64 62 -1 62 -1 63 64 63 62 
-1 65 62 62 66 -1 61 -1 -1 63 63 62 -1 -1 -1 -1 65 -1 65 -1 -1 -1 -1 64 -1 66 62 66 64 -1 -1 65 -1 65 -1 -1 63 -1 -1 66 62 64 62 66 62 66 64 -1 -1 62 
-1 67 -1 64 67 65 64 66 64 65 62 64 -1 -1 -1 66 67 -1 67 71 64 66 -1 66 -1 68 65 68 66 -1 66 67 64 -1 65 66 -1 -1 -1 68 64 66 64 68 64 -1 65 66 -1 -1 
64 65 62 62 -1 63 62 -1 62 63 63 62 62 65 63 64 -1 65 -1 63 -1 -1 -1 64 64 -1 -1 -1 64 -1 64 65 62 -1 63 64 66 66 -1 66 -1 -1 -1 66 62 66 -1 64 63 62 
64 -1 62 62 -1 63 -1 64 62 -1 -1 -1 62 65 -1 64 -1 -1 65 66 -1 -1 -1 -1 -1 66 -1 66 64 66 64 -1 -1 -1 63 64 -1 -1 65 -1 62 64 62 66 62 66 -1 64 63 62 
64 65 62 62 65 -1 -1 -1 -1 -1 63 62 62 -1 63 64 65 65 65 66 -1 64 64 -1 64 64 63 66 64 66 64 -1 62 65 63 -1 65 66 65 66 62 64 62 -1 62 66 63 -1 63 -1 
-1 -1 -1 62 65 63 62 -1 -1 63 -1 -1 62 -1 63 -1 65 -1 -1 66 62 -1 -1 64 67 -1 63 66 64 -1 64 -1 62 65 -1 64 -1 63 65 -1 -1 64 -1 -1 62 66 63 64 63 -1 
-1 65 -1 -1 65 63 -1 64 62 -1 63 62 62 65 63 -1 -1 -1 65 66 62 -1 64 -1 64 66 -1 66 -1 66 62 65 62 65 63 64 -1 66 65 66 62 64 64 66 62 66 63 -1 63 62 
61 65 -1 -1 -1 -1 62 64 62 -1 63 -1 65 -1 66 61 69 -1 -1 66 -1 64 64 64 62 66 -1 66 64 66 -1 65 -1 65 63 66 -1 62 -1 66 62 64 -1 66 62 66 63 64 63 62 
-1 65 -1 -1 65 63 62 64 62 63 63 -1 59 -1 -1 67 65 65 65 66 -1 64 -1 64 64 -1 63 -1 64 -1 64 -1 62 -1 -1 -1 -1 -1 -1 66 62 64 -1 66 -1 66 63 -1 -1 62 
64 -1 62 62 65 63 -1 -1 62 63 63 62 62 65 63 64 -1 65 65 66 62 -1 64 64 -1 66 63 66 64 66 -1 -1 -1 65 63 -1 63 66 65 -1 62 64 62 66 62 -1 -1 -1 63 -1 
-1 -1 -1 62 65 63 -1 -1 -1 -1 -1 62 -1 -1 63 64 65 65 65 66 -1 64 -1 -1 64 66 63 66 64 -1 64 -1 62 -1 63 -1 63 -1 65 66 -1 64 62 66 62 66 63 64 63 -1 
68 69 67 66 69 67 70 68 66 67 -1 -1 66 69 67 -1 69 -1 -1 70 66 68 68 -1 -1 66 -1 70 68 70 -1 -1 -1 -1 67 68 67 70 68 -1 66 68 66 70 66 -1 -1 -1 67 66 
64 65 62 62 -1 63 62 -1 -1 -1 63 -1 62 65 63 64 -1 65 -1 68 62 64 64 -1 64 66 -1 -1 64 -1 64 65 -1 65 -1 64 61 -1 65 66 62 64 62 -1 62 66 -1 -1 63 -1 
62 63 -1 -1 63 61 -1 62 -1 61 -1 -1 60 63 -1 62 -1 63 63 64 -1 62 62 -1 62 64 -1 64 -1 64 -1 -1 60 63 61 -1 61 64 -1 64 60 62 60 64 60 64 -1 62 61 60 
-1 65 62 -1 -1 -1 62 64 -1 63 63 -1 62 65 63 -1 65 65 -1 -1 62 64 64 64 -1 -1 63 66 64 66 64 65 62 65 -1 64 63 -1 65 66 -1 64 62 66 62 66 63 64 63 62 
63 65 62 62 65 62 -1 -1 62 63 -1 -1 -1 65 63 -1 65 65 65 67 -1 64 -1 64 64 66 -1 70 -1 66 -1 -1 62 65 63 64 -1 -1 -1 66 59 64 -1 66 62 66 -1 64 63 62 
-1 65 -1 62 -1 -1 62 64 62 63 -1 62 -1 -1 63 -1 -1 65 -1 -1 -1 -1 64 64 64 66 -1 -1 -1 66 64 65 62 65 -1 64 63 66 65 66 -1 64 -1 -1 -1 66 63 64 -1 62 
65 66 63 63 -1 64 -1 65 -1 64 64 -1 -1 67 64 65 66 -1 -1 67 -1 65 -1 65 -1 67 64 67 69 -1 65 61 63 66 64 65 64 -1 66 67 63 65 63 67 63 -1 -1 -1 64 63 
64 65 62 62 65 -1 62 64 -1 63 -1 62 62 65 63 -1 -1 -1 -1 -1 -1 -1 -1 64 -1 -1 63 66 64 -1 64 65 62 -1 63 64 63 66 65 66 62 64 62 66 62 66 63 64 -1 62 
-1 65 62 62 -1 63 -1 -1 -1 -1 63 62 -1 -1 -1 -1 -1 65 -1 66 62 -1 64 -1 64 -1 63 66 64 -1 -1 -1 62 65 63 64 63 66 65 66 62 -1 -1 -1 -1 66 -1 64 -1 -1 
64 65 62 62 -1 63 62 64 62 63 -1 62 -1 -1 -1 -1 65 65 -1 -1 62 -1 64 64 -1 66 63 69 64 66 61 -1 62 65 63 -1 63 66 -1 69 -1 -1 62 66 62 63 -1 64 63 -1 
-1 67 64 64 -1 65 64 66 64 65 65 -1 64 67 65 66 67 67 -1 68 64 -1 66 66 63 -1 -1 68 66 68 -1 67 64 67 65 66 65 71 -1 -1 -1 66 64 68 64 68 65 -1 -1 64 
-1 65 62 62 -1 63 -1 64 62 63 63 -1 -1 -1 63 64 65 -1 -1 -1 62 64 66 64 62 66 -1 -1 64 66 64 -1 62 65 63 -1 63 66 65 -1 -1 64 -1 -1 62 66 63 -1 63 -1 
68 69 66 -1 -1 67 -1 68 66 -1 -1 66 66 69 -1 68 69 -1 69 70 66 -1 68 68 -1 70 -1 70 68 70 68 69 66 69 67 71 64 70 69 -1 66 68 -1 70 -1 -1 67 68 67 66 
64 65 -1 62 -1 -1 -1 -1 -1 -1 -1 62 -1 -1 63 64 -1 65 -1 66 -1 64 -1 -1 -1 66 -1 -1 64 66 64 -1 62 65 -1 -1 63 66 65 66 62 64 -1 -1 -1 66 63 -1 63 -1 
-1 63 -1 60 63 61 60 62 58 61 61 60 -1 -1 -1 62 63 -1 63 62 60 62 -1 62 -1 64 61 64 62 -1 62 63 60 -1 61 62 -1 -1 -1 64 62 62 60 64 62 -1 61 62 -1 -1 
-1 -1 62 62 65 62 62 64 62 63 63 62 62 65 63 -1 -1 -1 66 66 62 -1 64 64 64 -1 -1 66 64 66 -1 65 62 65 63 -1 63 66 65 -1 62 64 62 66 62 66 63 -1 63 62 
-1 -1 62 62 64 -1 63 62 62 63 -1 -1 62 65 63 -1 65 65 -1 68 -1 -1 64 64 64 66 63 66 64 -1 64 65 -1 -1 63 64 -1 66 65 -1 62 64 62 66 62 66 63 64 63 62 
64 -1 62 62 65 63 62 -1 62 63 63 -1 -1 65 63 -1 -1 65 -1 66 62 64 -1 64 64 -1 -1 -1 64 66 64 -1 62 65 -1 -1 63 -1 -1 66 62 -1 62 66 62 -1 63 -1 63 -1 
64 65 62 -1 -1 -1 -1 -1 62 -1 63 62 62 -1 63 64 -1 65 65 -1 62 64 -1 64 64 66 -1 -1 -1 66 64 65 -1 65 -1 -1 63 66 65 -1 62 64 -1 66 62 -1 63 -1 63 62 
-1 65 -1 62 65 63 62 64 62 -1 66 -1 -1 -1 63 64 65 65 65 63 62 64 -1 -1 -1 66 -1 66 -1 66 64 65 62 65 63 64 63 66 -1 66 62 64 62 -1 62 66 63 64 63 -1 
64 -1 62 62 65 63 -1 -1 -1 63 63 -1 -1 65 63 64 -1 -1 65 66 62 -1 -1 64 64 66 -1 -1 -1 66 -1 65 -1 65 -1 64 63 66 67 66 62 -1 62 -1 62 -1 63 64 61 -1 
64 65 -1 62 65 63 62 64 62 -1 -1 -1 62 -1 63 64 65 65 -1 -1 62 64 64 64 64 68 63 66 64 -1 64 65 -1 65 63 -1 61 -1 -1 -1 -1 -1 62 -1 62 66 63 64 63 -1 
64 -1 -1 62 65 59 62 -1 62 63 63 66 62 65 -1 64 65 -1 65 -1 62 64 64 64 -1 66 63 -1 -1 66 64 65 62 -1 -1 -1 -1 66 65 66 -1 -1 62 66 -1 66 63 64 63 62 
64 65 62 62 65 63 62 64 -1 63 -1 -1 -1 -1 -1 64 -1 -1 65 66 62 64 64 64 64 -1 -1 66 64 -1 64 -1 -1 -1 63 64 63 -1 65 -1 62 -1 62 -1 62 66 63 64 -1 -1 
-1 65 62 -1 65 63 62 -1 62 -1 63 62 62 65 -1 -1 65 65 65 -1 62 64 64 64 64 66 63 -1 64 -1 64 -1 62 65 -1 64 63 66 -1 -1 62 64 62 -1 62 66 63 -1 -1 -1 
64 65 -1 -1 65 63 62 -1 -1 -1 -1 62 62 -1 63 -1 -1 65 65 -1 62 64 64 64 64 66 63 -1 64 66 64 -1 -1 65 -1 63 63 -1 -1 -1 62 65 62 66 62 66 63 -1 63 -1 
64 -1 -1 -1 -1 63 -1 64 -1 59 -1 62 62 69 -1 64 65 -1 65 66 -1 64 64 64 -1 66 63 66 -1 66 64 -1 -1 -1 63 64 63 -1 65 66 62 -1 -1 66 62 66 63 64 63 -1 
64 65 -1 -1 65 -1 -1 61 62 63 63 62 62 65 63 64 -1 65 65 66 62 -1 64 -1 64 -1 63 -1 64 66 -1 65 62 -1 -1 64 -1 -1 65 -1 65 64 62 66 62 66 -1 -1 63 62 
64 -1 62 63 65 63 -1 64 62 63 63 62 62 65 63 -1 65 65 65 66 62 -1 64 65 64 -1 63 66 63 66 64 -1 62 65 63 -1 63 66 65 66 62 64 62 -1 62 65 -1 64 -1 62 
-1 65 62 62 -1 -1 -1 64 62 -1 63 62 62 -1 63 64 -1 -1 65 -1 -1 64 -1 64 64 -1 63 -1 -1 66 -1 -1 -1 65 63 64 -1 -1 -1 66 62 -1 62 66 -1 66 63 64 63 62 
64 65 -1 62 -1 63 62 64 62 -1 -1 62 66 65 63 -1 65 -1 65 66 62 64 -1 64 -1 -1 63 66 64 -1 -1 -1 62 -1 59 -1 63 66 65 -1 62 64 62 -1 62 -1 63 64 -1 62 
-1 63 60 60 -1 61 -1 62 64 -1 -1 60 60 -1 -1 62 -1 63 63 62 60 62 64 -1 64 -1 61 -1 -1 -1 62 63 -1 63 -1 60 61 -1 63 59 -1 62 60 64 -1 65 61 62 -1 -1 
-1 -1 62 -1 65 63 62 64 -1 63 -1 62 -1 -1 63 -1 -1 -1 65 66 62 64 -1 -1 64 -1 63 66 64 -1 64 -1 -1 65 63 64 63 66 -1 -1 62 64 62 -1 62 66 63 64 63 62 
-1 61 58 -1 -1 59 58 -1 -1 59 59 58 58 61 -1 60 -1 -1 -1 -1 -1 60 60 -1 -1 62 59 -1 60 62 60 61 -1 61 59 60 -1 62 61 62 58 -1 -1 -1 -1 -1 59 60 -1 -1 
64 -1 62 62 65 63 62 -1 62 63 63 -1 -1 65 63 -1 -1 65 -1 66 62 64 -1 64 64 -1 -1 -1 64 66 64 -1 62 65 -1 -1 63 -1 -1 66 62 -1 62 66 62 -1 63 -1 63 -1 
-1 67 64 64 -1 65 -1 66 64 -1 -1 64 64 -1 -1 66 -1 67 67 68 64 66 66 -1 66 -1 65 -1 -1 -1 66 67 -1 67 -1 66 65 -1 67 68 -1 66 64 68 -1 68 65 66 -1 -1 
64 65 62 -1 65 63 -1 64 62 63 -1 62 62 65 63 66 -1 65 -1 -1 62 64 -1 -1 64 66 -1 -1 62 66 -1 65 -1 65 -1 64 -1 -1 -1 66 62 64 -1 66 62 66 -1 64 63 62 
64 -1 62 62 65 63 62 64 -1 63 63 62 62 65 63 64 65 -1 65 -1 -1 64 64 64 64 66 63 66 64 -1 64 65 -1 65 -1 64 63 -1 65 66 62 64 62 66 62 66 63 64 -1 62 
-1 -1 62 62 65 -1 62 64 62 -1 -1 62 62 65 63 64 65 -1 65 66 -1 64 64 -1 64 66 -1 66 -1 -1 -1 65 62 65 63 64 -1 -1 -1 -1 62 64 62 64 64 -1 -1 64 63 -1 
69 69 66 66 69 67 66 68 66 -1 -1 66 66 -1 67 68 -1 69 69 69 66 68 -1 68 -1 70 67 -1 68 -1 68 -1 66 69 67 68 67 70 69 -1 66 -1 66 70 -1 -1 -1 68 67 66 
-1 -1 62 62 65 -1 62 64 62 63 -1 62 -1 65 63 64 65 -1 65 -1 62 -1 -1 -1 -1 66 63 66 64 66 64 65 62 -1 -1 64 63 66 65 -1 62 -1 62 -1 62 -1 63 64 63 62 
-1 -1 -1 -1 64 63 62 -1 -1 -1 63 -1 -1 -1 -1 -1 65 65 65 66 -1 64 64 -1 64 66 63 67 -1 66 -1 65 62 -1 -1 64 -1 66 65 66 -1 64 62 66 -1 -1 -1 -1 -1 62 
-1 65 -1 -1 65 63 62 -1 -1 63 -1 62 -1 65 -1 65 65 65 65 -1 62 -1 64 -1 64 66 63 66 64 65 -1 65 62 65 -1 -1 63 -1 65 -1 62 64 62 66 -1 66 -1 -1 -1 62 
66 67 64 64 -1 -1 64 -1 -1 65 65 64 64 67 65 -1 -1 67 67 -1 -1 -1 66 -1 -1 -1 65 68 66 68 -1 67 -1 67 65 66 -1 -1 67 68 -1 66 -1 -1 64 -1 65 -1 65 64 
64 65 62 -1 65 63 62 64 62 63 63 62 62 65 -1 -1 65 -1 65 66 62 -1 64 -1 64 66 63 -1 -1 -1 64 -1 62 65 63 64 63 66 -1 -1 62 64 -1 -1 62 66 -1 64 63 62 
64 65 -1 62 65 63 62 64 62 63 -1 -1 -1 -1 63 -1 65 65 65 66 -1 64 -1 64 -1 -1 -1 -1 64 -1 64 -1 -1 -1 63 64 63 -1 -1 66 62 64 62 66 62 66 63 -1 63 62 
-1 64 61 61 64 65 61 63 -1 -1 62 61 -1 -1 62 -1 64 64 -1 65 61 61 63 -1 -1 65 62 67 -1 -1 -1 -1 58 64 62 63 65 65 -1 65 61 63 58 65 -1 -1 -1 63 -1 61 
62 63 60 -1 -1 61 -1 -1 60 -1 65 -1 60 -1 61 62 63 63 -1 64 -1 62 62 62 -1 60 61 64 62 64 62 63 60 63 61 62 -1 -1 63 64 -1 -1 -1 -1 -1 64 -1 -1 61 60 
64 65 -1 62 66 63 62 64 -1 -1 -1 -1 -1 65 -1 64 65 65 -1 66 62 -1 -1 64 -1 -1 63 65 -1 66 67 65 62 65 63 -1 63 -1 65 63 62 64 62 -1 62 66 63 -1 63 62 
-1 -1 -1 62 65 63 -1 -1 62 63 63 62 62 -1 -1 64 65 65 65 66 -1 64 -1 64 64 -1 63 66 64 66 64 65 62 -1 -1 64 -1 66 -1 66 -1 64 62 66 -1 66 63 -1 63 62 
64 65 62 62 65 62 63 64 62 67 -1 62 -1 61 -1 -1 -1 65 65 66 -1 64 64 64 -1 -1 -1 -1 64 66 64 68 -1 -1 63 61 63 66 65 66 62 -1 62 -1 -1 66 63 64 63 -1 
64 65 -1 62 65 63 -1 64 62 63 62 -1 59 65 63 64 65 65 65 66 -1 64 -1 65 -1 -1 63 66 64 66 64 65 62 -1 -1 -1 66 66 -1 66 -1 64 62 66 62 -1 63 64 -1 62 
64 65 62 62 65 63 62 64 -1 63 63 62 62 65 63 -1 -1 65 65 -1 -1 64 64 -1 -1 66 63 66 64 -1 64 65 62 -1 63 64 -1 66 65 66 62 64 62 -1 62 66 63 -1 -1 62 
60 61 58 -1 -1 59 -1 60 58 -1 -1 58 58 61 -1 60 61 -1 61 62 58 -1 60 60 -1 62 -1 62 60 62 60 58 58 61 59 63 59 62 61 -1 58 60 -1 62 -1 -1 59 60 59 58 
-1 65 62 -1 -1 63 -1 64 62 63 63 62 -1 65 63 -1 65 65 65 66 62 64 64 -1 -1 66 63 66 64 66 -1 65 62 65 63 64 63 66 65 -1 -1 -1 62 -1 -1 66 -1 64 63 62 
-1 65 62 62 65 -1 -1 -1 62 -1 -1 62 62 65 63 -1 65 65 65 66 62 64 64 64 64 -1 -1 66 -1 66 64 -1 62 65 63 64 63 -1 -1 66 -1 -1 62 -1 -1 66 63 64 63 62 
64 65 62 62 65 -1 62 64 -1 63 63 62 -1 65 -1 -1 -1 65 65 -1 62 64 64 64 -1 66 -1 -1 64 66 -1 -1 62 -1 -1 -1 63 66 65 -1 62 64 -1 66 -1 66 -1 64 -1 62 
64 65 -1 62 65 63 62 64 62 63 63 62 62 -1 63 64 65 -1 -1 66 62 64 64 -1 64 66 -1 66 64 66 64 65 62 -1 63 64 -1 66 65 66 -1 -1 -1 66 -1 -1 63 64 63 62 
64 65 62 62 -1 63 -1 64 -1 -1 63 62 -1 -1 63 -1 65 -1 65 66 62 -1 64 64 64 66 63 -1 -1 -1 64 65 64 65 63 64 63 66 63 66 62 64 62 66 62 66 63 64 -1 -1 
68 -1 -1 66 69 -1 66 -1 66 67 67 -1 66 69 -1 68 69 69 69 70 -1 68 -1 68 68 70 -1 -1 -1 -1 -1 -1 66 -1 -1 68 67 70 -1 -1 -1 -1 -1 -1 66 70 67 68 67 -1 
68 -1 66 -1 -1 -1 -1 68 66 67 67 66 66 69 67 -1 69 69 -1 70 66 68 68 -1 68 -1 -1 70 68 -1 -1 -1 66 -1 67 68 67 70 69 -1 66 68 66 70 -1 70 67 68 -1 66 
64 65 62 62 68 63 -1 64 62 63 -1 62 -1 -1 -1 64 65 65 65 62 62 -1 64 64 64 -1 63 66 61 66 -1 65 62 65 -1 64 63 66 65 66 -1 68 62 66 62 -1 63 -1 63 -1 
64 65 62 -1 65 63 62 64 62 -1 63 62 62 65 63 64 65 -1 65 66 62 64 -1 63 -1 66 -1 66 -1 66 -1 65 -1 65 63 -1 63 66 -1 66 62 64 62 -1 62 67 63 64 63 62 
64 65 62 62 65 63 -1 64 62 -1 63 62 62 -1 -1 64 65 65 -1 66 62 -1 64 -1 -1 66 63 66 64 -1 -1 -1 62 65 -1 -1 -1 66 65 -1 -1 64 62 -1 62 66 -1 64 63 62 
64 -1 62 62 65 63 58 64 -1 63 -1 62 59 65 -1 64 65 -1 65 -1 62 64 64 64 64 70 63 -1 64 66 64 65 62 65 -1 64 63 -1 -1 66 -1 -1 62 66 65 66 63 64 -1 62 
64 -1 -1 62 65 63 62 -1 -1 63 -1 62 -1 -1 63 64 -1 65 -1 66 62 -1 64 -1 64 66 -1 66 64 -1 -1 65 62 -1 -1 64 63 66 65 -1 -1 -1 62 -1 62 -1 63 64 -1 -1 
64 -1 62 62 65 63 62 64 62 63 59 -1 65 65 -1 -1 -1 65 64 67 62 64 -1 68 64 66 -1 -1 -1 -1 64 65 -1 -1 63 64 60 66 65 66 -1 64 -1 -1 -1 66 63 64 63 62 
62 63 60 60 -1 -1 56 -1 -1 61 61 60 60 63 61 -1 -1 63 63 -1 -1 -1 62 -1 -1 -1 65 64 62 64 -1 63 -1 63 61 62 -1 -1 63 64 -1 62 -1 -1 60 -1 61 -1 61 60 
64 65 -1 62 65 -1 62 -1 62 63 63 62 -1 65 63 64 65 65 -1 66 62 -1 64 64 -1 -1 -1 66 64 66 -1 65 62 65 63 64 64 -1 65 -1 -1 -1 -1 -1 62 66 62 64 63 -1 
57 61 58 58 -1 59 58 60 58 59 59 58 58 61 62 -1 61 61 61 62 -1 60 -1 60 60 62 59 62 -1 -1 60 61 -1 -1 -1 60 59 62 -1 -1 58 60 58 62 58 62 -1 -1 -1 58 
61 65 62 62 65 63 62 -1 -1 63 63 62 62 65 66 64 65 65 -1 66 62 64 64 64 -1 -1 63 66 -1 -1 -1 -1 62 -1 -1 -1 63 66 -1 66 62 64 62 66 -1 -1 63 -1 63 -1 
-1 -1 62 62 -1 -1 62 -1 62 -1 63 62 -1 65 63 -1 65 65 65 -1 62 -1 -1 64 64 66 63 66 64 66 64 65 -1 65 63 61 63 66 -1 -1 62 64 62 66 62 66 -1 67 -1 -1 
64 65 62 -1 65 63 62 64 -1 63 63 62 62 65 63 64 -1 65 65 66 62 -1 -1 64 -1 66 -1 66 -1 66 64 -1 -1 -1 63 -1 -1 66 -1 -1 62 -1 62 66 62 -1 63 64 63 -1 
67 67 -1 -1 67 65 -1 66 -1 65 -1 -1 64 67 -1 66 -1 67 67 68 -1 66 66 -1 64 68 -1 68 -1 68 -1 -1 64 67 64 -1 65 68 -1 68 64 66 64 68 64 68 -1 66 67 64 
-1 -1 62 62 65 -1 -1 64 62 63 63 -1 63 -1 63 63 65 65 65 66 -1 64 64 -1 64 -1 63 66 -1 66 64 65 -1 65 63 64 -1 66 65 66 62 64 62 -1 -1 66 -1 -1 63 -1 
64 65 62 -1 65 63 62 64 -1 63 -1 62 62 -1 63 64 65 -1 -1 66 62 64 64 -1 64 66 -1 -1 64 66 64 65 -1 65 63 64 63 66 65 67 62 64 62 66 -1 65 -1 64 63 -1 
-1 66 63 63 66 64 63 65 -1 -1 64 63 -1 -1 64 -1 66 66 -1 67 61 65 65 -1 -1 67 64 67 -1 -1 -1 -1 63 68 64 65 64 67 -1 67 63 65 63 67 -1 -1 -1 65 -1 63 
-1 63 60 60 -1 62 59 62 60 61 61 -1 60 63 61 61 63 63 -1 64 60 -1 62 62 62 -1 -1 64 62 65 -1 63 60 63 61 62 61 64 -1 -1 -1 62 60 64 60 64 61 -1 -1 60 
64 65 -1 -1 -1 63 62 -1 -1 63 63 62 62 -1 63 64 65 65 65 66 62 -1 -1 -1 64 -1 -1 66 64 -1 -1 -1 62 65 63 64 63 66 65 -1 62 64 62 -1 62 66 63 64 63 62 
-1 -1 62 65 65 63 62 -1 -1 63 63 62 -1 65 63 -1 65 -1 65 66 62 64 64 64 64 66 -1 -1 -1 -1 64 65 62 65 63 64 -1 66 -1 63 -1 64 62 -1 62 66 63 -1 -1 62 
64 -1 62 62 65 63 62 64 62 63 63 62 62 -1 63 64 65 65 65 -1 62 64 64 -1 -1 -1 -1 66 64 66 64 -1 62 65 63 64 -1 -1 65 66 62 64 62 66 62 66 -1 -1 63 62 
64 65 62 62 -1 63 62 64 62 -1 63 62 -1 65 -1 -1 65 65 65 66 62 -1 64 64 -1 66 -1 66 -1 -1 64 65 -1 65 63 64 -1 -1 -1 66 62 -1 62 -1 62 66 63 64 -1 62 
64 -1 -1 -1 65 63 63 64 -1 63 -1 62 62 -1 -1 64 64 65 -1 66 -1 -1 -1 64 64 66 63 66 64 -1 64 65 62 65 63 64 63 66 65 66 62 -1 62 66 -1 66 63 -1 63 62 
-1 65 -1 -1 65 63 -1 64 -1 -1 -1 62 -1 -1 63 -1 65 65 -1 66 62 64 -1 -1 -1 66 63 -1 -1 66 64 65 62 65 63 64 63 66 65 66 62 -1 62 66 62 66 -1 -1 63 62 
64 65 62 62 65 63 -1 -1 -1 -1 63 62 62 -1 -1 64 -1 -1 -1 -1 62 -1 64 64 64 66 63 -1 64 66 -1 65 62 -1 63 -1 63 -1 65 -1 62 64 62 66 62 66 63 64 63 -1 
66 67 64 -1 -1 69 -1 -1 64 -1 65 -1 64 -1 65 66 67 67 -1 68 -1 66 66 66 -1 68 65 64 66 68 66 67 62 67 65 66 -1 -1 69 68 -1 -1 -1 -1 -1 68 -1 -1 65 64 
-1 -1 -1 -1 65 63 -1 -1 62 63 63 62 62 65 63 -1 -1 65 65 -1 62 64 64 64 -1 -1 63 66 64 66 64 -1 -1 65 63 64 63 66 -1 66 -1 64 -1 -1 62 -1 -1 -1 -1 -1 
64 65 62 -1 -1 -1 62 64 62 -1 63 62 62 65 -1 64 -1 65 65 66 62 64 -1 -1 -1 -1 -1 66 66 -1 64 65 62 65 63 64 63 66 65 66 62 64 60 66 -1 66 63 64 -1 -1 
