100
78 34
71 36
29 64
56 30
25 8
84 44
26 15
96 50
81 66
58 70
76 26
46 8
76 74
24 10
85 33
24 28
46 33
53 88
27 95
10 46
62 44
63 94
82 11
22 37
85 24
37 72
46 64
27 2
90 30
53 90
58 30
43 50
36 96
27 18
73 10
5 32
96 53
71 50
13 34
91 96
4 29
59 40
55 50
53 39
53 47
7 94
53 88
96 20
38 61
36 22
76 41
32 76
63 80
1 18
94 82
27 83
19 84
97 85
41 76
68 42
53 20
63 56
18 52
40 87
99 37
12 18
90 76
92 39
3 35
9 33
13 80
57 71
48 35
46 7
14 90
91 11
11 47
17 42
52 86
11 42
35 100
49 28
25 87
21 28
83 2
35 24
78 64
54 71
72 92
27 75
8 24
82 26
9 62
92 11
37 6
80 89
94 33
28 28
100 34
34 96
