40
bbb1000000000000000000000000000000000000
0000100110000000100100001001100000001001
0001000010000001000000010000100000010000
0001000010110001000000010000101100010000
0000000010000000000000000000100000000000
11111110100011111110111111101eee11111110
0001000000010001000000010000000100010000
0000000001110000000000000000011100000000
1111000011111111000011110000111111110000
0000000000000000111000000000000000001110
0000000000000000100000000000000000001000
0000000000000000010000000000000000000100
1000000000001000010010000000000010000100
0000100110000000100100001001100000001001
0001000010000001000000010000100000010000
0001000010110001000000010000101100010000
0000000010000000000000000000100000000000
1111111010011111111011111110100111111110
0001000000010001000000010000000100010000
0000000001110000000000000000011100000000
0001000000000000000000010000000000000000
0000100110000000100100001001100000001001
0001000010000001000000010000100000010000
0001000010110001000000010000101100010000
0000000010000000000000000000100000000000
1111111010001111111011111110100011111110
0001000000010001000000010000000100010000
0000000001110000000000000000011100000000
1111000011111111000011110000111111110000
0000000000000000111000000000000000001110
0000000000000000100000000000000000001000
0000000000000000010000000000000000000100
1000000000001000010010000000000010000100
0000100110000000100100001001100000001001
0001000010000001000000010000100000010000
0001000010110001000000010000101100010000
0000000010000000000000000000100000000000
1111111010011111111011111110100111111110
0001000000010001000000010000000100010000
0000000001110000000000000000011100000000
