68425
56695
95125
71187
74830
10830
5327
74626
133730
86012
123802
141863
120880
96991
116764
123846
18916
133685
71307
23364
139326
49529
103744
9849
7222
141798
128375
24406
19443
21367
5608
87867
78061
110684
10
11643
131465
23132
86268
113995
83
68822
104657
88774
14612
70220
71371
33527
52705
1429
56890
50782
50957
19385
60630
68131
9982
47756
92536
39376
69122
108095
127243
5935
67579
145048
54872
57795
16979
123748
20589
136073
41369
125245
83599
65932
54217
13721
109410
116873
15150
25051
16454
76058
44435
87035
2940
64368
144742
105427
103744
72616
72274
79786
78550
149804
83585
116030
56398
110515
88577
76987
105339
139898
60983
37737
54629
115199
51458
12839
90823
76559
47841
107276
11368
102228
53062
24260
15395
46604
139638
119138
119219
60711
57675
56520
59314
141259
21349
125664
110525
119877
51450
64664
108574
122384
102400
12003
96335
12609
34793
35957
99119
92585
1985
120439
43612
55046
3450
59007
111601
143087
26944
89571
52598
94571
4842
121863
94581
26190
96326
53906
146067
132651
118569
113392
128911
79720
125394
74045
102281
18938
110001
60151
111523
121937
29389
3934
25783
32838
72892
147335
34677
109788
85706
97226
53158
90547
67888
147738
126689
22966
60395
131507
39444
27763
93698
27106
117435
77844
816
68515
106733
69903
128665
67055
40639
16806
80941
76373
59595
12584
72508
94271
122371
16965
50248
34280
117463
118136
30818
92951
151053
110757
83209
49248
128927
25707
76354
105113
113502
36255
22427
69034
106157
9843
146041
5548
36600
85733
91872
96195
98316
23131
49217
79439
50047
99465
113718
16310
76352
144535
119212
86156
94499
51221
135403
82177
86879
60556
36089
49180
96811
68467
128165
61719
88261
132957
77218
124861
67489
27842
79807
24557
50972
129023
103995
101019
87239
455
127280
22342
69799
95291
108497
23049
5263
102652
105225
92141
12007
65
72
118769
68531
138189
39240
15543
119945
126409
140403
36234
3050
69009
60790
54022
56784
23536
13792
2774
90047
151023
25116
8645
95113
143564
31693
100376
95015
146869
51268
116974
146933
61292
10897
74215
48280
133733
89758
26976
108942
88912
73161
111991
6721
143902
24764
73456
16237
48507
76229
106284
48329
111296
114928
2194
103660
5373
102569
47474
1041
12588
13247
6726
83831
107741
90892
142062
100225
29449
97336
57966
128313
90998
28709
144985
83700
53472
67240
99936
111931
2220
55019
9059
113516
28699
11252
75927
34071
123772
123400
45063
146312
146599
51788
78942
113091
1432
69804
62115
30880
97593
130033
7992
37390
7541
1776
121089
70964
78967
79777
31694
91139
144747
50705
53454
22245
71908
139332
66267
54432
121483
121282
49543
116881
91125
138436
88723
33252
66991
9590
74084
13383
139622
92027
60725
147162
103755
40565
76877
31521
120341
108571
132611
113888
18027
34864
146084
99886
32947
71103
3117
3230
41184
62611
130062
73004
59799
67585
116208
126789
77174
39091
150124
65595
131117
59648
71508
93623
100212
148384
135096
79305
115706
116506
41992
143684
170
46827
92370
43068
117929
95486
46297
17864
16849
25159
100820
76647
102695
65827
62187
28668
114869
61110
104214
104737
130709
85320
47160
79721
41608
31055
7825
6114
147560
59768
8549
6481
106594
100918
49549
83275
55156
82646
101138
72004
130955
50757
7402
82449
126535
69588
121068
90203
140650
84033
53692
120158
128457
100851
48678
18865
131905
66454
34930
138216
136173
43478
144697
101519
144396
52997
33593
48351
7593
144682
130306
148500
54191
137707
89700
29525
56094
59568
129680
55495
2352
32171
24453
130809
133021
67525
149673
123677
149536
33402
120644
144460
86831
114140
94778
80026
25888
138322
138328
30607
131804
117433
30780
34794
113891
130431
74270
28737
38798
52749
84231
51102
84919
108683
40662
76691
40565
39134
59119
48852
82487
28563
52063
18117
1454
146841
108095
27342
133962
105174
70774
125000
81359
111505
18062
44049
90735
92332
82737
139485
145080
15768
39386
88751
134402
80047
24193
33718
129132
83312
92521
70370
121826
144584
98438
123279
150176
55332
150620
142889
9306
80145
116206
100616
40449
144219
144664
141136
85350
76201
129420
89182
101920
27557
36684
95073
107603
60876
128791
95486
2939
80063
24607
124764
73446
123044
106795
82373
37128
116166
74062
56385
45111
49019
5800
85559
42037
150463
85446
127387
85415
63665
132671
46086
91221
112003
141159
57575
31630
128701
11812
34569
57563
59319
18084
1
8262
124878
72133
45389
89844
146194
111725
134954
53964
117524
79264
96001
126738
13510
82139
70905
87126
6258
116990
27147
118260
116900
94673
149889
94400
106485
43209
10715
142902
61293
475
151163
34970
82559
55303
134765
87505
15827
118518
141468
133350
56534
86268
118840
79995
27158
38544
15920
33415
14285
43066
10426
131185
137739
19067
84336
102975
62275
95050
94676
123567
105476
94639
17289
36835
8693
10805
134291
24520
129323
124558
16621
44608
69578
135460
124602
96735
32755
150473
140102
47040
42339
150527
27024
38829
18393
142880
141803
90620
65161
95230
72938
29388
48620
90226
76174
57313
101031
59264
91784
89105
42574
108404
143664
112151
102616
117065
67637
135370
116337
56538
41161
17427
65817
78136
66207
94161
48247
66761
33580
113407
10791
106518
142794
59410
55495
77720
126674
15277
136983
67257
104381
28356
24461
106796
140506
137028
72660
66895
131149
47749
133384
21110
75127
48000
99245
86
142161
147491
76798
34492
119649
97540
141009
121195
15702
45304
47714
142375
60580
33496
58432
23713
71804
92844
130508
71061
78671
61920
137955
68571
119620
130091
89680
19683
26890
47677
53583
27802
53919
130381
62294
32320
86672
62054
12266
102373
107357
59979
93548
26689
103426
10731
60353
24029
103574
39660
105042
40996
111531
91796
109566
89902
80638
57998
2540
107528
115626
55734
145281
18344
44866
66326
60615
131538
110592
72880
82710
94488
142810
35009
121176
95036
45739
40280
129016
8064
89892
82857
49059
50222
33405
17377
150076
114042
75374
142275
80321
49751
56760
84354
78046
101626
150679
138661
91915
137810
60340
33376
81098
51950
68385
61025
5737
124075
101305
144704
132139
39996
86313
39949
100169
119717
57325
99044
92510
142650
100070
31583
51152
15582
115936
129198
127159
125366
116658
67873
111976
35749
111200
41873
97650
38336
112849
113338
11211
120
106842
2101
112900
41954
42049
71821
20422
109326
29616
122883
110727
129686
3265
10679
4019
129152
139876
131177
103318
115285
57801
64093
9785
17800
115917
107227
56136
77565
79524
67346
150470
45117
79398
122121
97022
131398
42741
127395
89523
82309
109030
59002
70746
122246
69680
74764
100198
68307
54740
62267
42343
112540
136311
52127
0
