100
61 4792
62 7277
87 4448
63 6440
40 6768
16 7412
31 1048
60 8884
75 5058
65 3553
36 7134
54 7058
95 8456
16 8785
89 8051
75 9264
60 1912
52 972
46 1487
14 8834
13 3278
76 2560
85 1991
16 6732
1 4387
40 129
58 5421
4 2214
82 9245
36 8658
41 2057
100 2216
2 9534
29 1062
75 6521
82 4914
29 7658
0 0
5 2070
70 106
38 612
54 2518
10 3315
39 1140
66 5218
14 7471
48 3978
50 2867
97 1518
63 1732
87 7847
6 3581
79 1874
14 2321
65 5267
62 6652
69 7185
74 2294
35 4529
87 1137
8 2445
14 5490
30 349
63 6388
75 5929
11 3696
6 4519
82 2400
63 5161
6 4969
55 4282
23 1069
35 5310
66 493
7 1881
52 4857
28 1119
55 2412
99 7922
64 702
34 511
85 7120
97 7559
86 2159
41 4567
54 6140
55 4556
98 940
46 4602
53 2566
6 8350
59 1218
30 4073
39 6224
96 3686
43 1743
5 732
41 3477
87 8677
55 8860
