200
60 1040
191 1094
176 1034
152 1044
70 1080
11 1068
152 1013
130 1045
15 1076
138 1035
173 1035
5 1054
42 1058
98 1078
188 1062
173 84
98 6
47 1020
165 1049
37 1058
36 1070
192 1046
173 1063
70 1041
159 1087
173 1010
152 1052
133 1071
171 1106
26 1077
5 1076
159 1059
152 15
193 1013
5 1011
70 1056
70 1074
118 1088
42 1032
106 1046
6 1082
152 1110
26 1010
15 1012
85 1025
177 1086
24 1071
74 1087
134 1038
191 1052
130 1048
173 1084
111 1088
133 1040
173 1092
52 1106
152 1084
157 1040
15 1012
15 1109
5 1066
54 1079
152 22
120 1097
70 1018
24 1041
121 1110
51 1022
30 1078
133 1096
70 1038
130 73
120 1049
15 1053
23 1015
70 1107
15 53
70 1028
5 94
200 1091
102 1080
152 1108
145 1010
152 1106
188 85
111 1027
200 1070
146 1088
106 1021
102 1038
90 1094
47 1071
149 1013
78 1081
173 1085
173 1046
67 1062
152 1029
139 1042
152 62
200 1012
152 1079
46 1011
26 1065
172 1020
152 1030
152 1015
26 1052
158 1065
52 1065
173 1021
185 1103
162 1046
112 1110
190 1058
182 1026
152 1045
177 1057
133 1067
15 1048
145 1028
173 1026
173 1099
47 1093
5 1024
15 1022
133 1081
133 1084
152 1099
70 1105
138 86
193 1036
0 0
98 1061
173 1076
198 1103
112 1109
152 1105
36 1109
111 1077
133 1039
133 1106
51 1049
23 77
133 1064
5 1053
70 1059
15 1079
152 40
15 1012
159 1048
173 1030
177 1034
182 1078
105 1029
177 71
98 1028
51 1091
139 1101
139 1038
26 48
145 1109
26 1071
70 1084
118 1094
5 1022
15 1085
47 1049
5 1011
152 1096
67 1069
173 92
133 1075
15 72
5 27
52 1036
133 1017
134 1028
7 1040
26 1052
104 87
24 1020
42 1017
98 1026
26 1103
145 1110
188 1051
133 1102
133 1038
173 1105
145 1079
130 1072
152 1064
133 1059
52 1103
195 1051
102 1035
104 1042
70 1077
102 1040

