100
66 593
12 366
68 873
3 636
61 726
82 844
90 673
63 740
3 651
27 151
66 745
35 568
66 280
87 557
56 552
96 992
14 252
87 205
8 249
74 883
74 642
95 300
87 70
85 279
80 100
65 862
75 389
53 172
36 113
89 409
69 254
72 110
9 610
57 906
84 984
15 886
63 194
93 115
38 808
1 70
55 678
19 330
14 619
71 845
8 454
39 241
57 409
67 362
45 347
15 549
33 705
83 25
55 37
64 942
19 975
28 663
75 654
73 77
84 275
45 426
48 682
58 933
16 756
4 472
36 873
48 516
38 343
67 580
47 116
33 584
29 526
68 673
42 618
30 456
0 0
66 473
50 85
16 632
59 628
21 640
53 353
23 711
30 539
71 831
75 482
85 58
57 772
14 461
100 182
39 585
62 943
8 348
41 235
88 661
59 995
82 498
38 3
74 276
13 147
62 521
