79
314 22 261
81 79 177
153 238 39
177 85 19
118 312 100
7 57 14
400 310 13
81 174 247
364 189 92
222 362 188
198 3 159
240 238 35
310 223 109
69 38 301
133 143 286
176 186 313
358 144 337
226 3 302
134 115 44
199 36 305
347 56 273
151 54 292
376 131 63
276 107 223
8 367 40
307 43 218
43 201 9
305 325 337
273 262 188
343 163 9
67 369 341
138 155 29
231 315 329
267 242 89
314 310 6
28 21 345
244 125 368
31 249 136
278 140 125
274 87 298
202 333 208
199 353 233
140 141 105
317 331 369
153 70 67
193 72 319
308 55 387
306 256 147
175 350 283
329 400 10
143 70 297
152 163 9
293 61 221
271 245 81
390 335 138
18 157 248
70 110 78
103 398 96
228 77 131
298 204 129
274 261 333
258 104 260
213 80 345
272 149 155
243 31 128
156 175 22
240 99 248
113 250 352
15 320 35
230 349 341
386 236 394
315 24 278
30 25 317
292 359 199
205 42 139
97 179 224
78 297 132
122 341 17
288 266 236
