96
280 225 240
413 49 165
178 210 354
373 351 148
73 18 9
223 251 311
45 264 128
53 402 253
461 230 321
387 464 287
376 410 213
343 398 328
311 357 96
226 407 93
372 312 110
38 300 139
415 129 147
106 159 328
434 237 139
397 146 389
225 273 420
197 385 419
225 55 142
385 261 92
137 204 263
133 351 96
276 287 85
212 13 29
99 85 172
156 255 223
361 301 241
343 404 246
30 324 297
436 42 281
45 147 142
53 112 19
319 154 237
101 355 438
252 343 158
300 238 150
171 70 156
404 410 1
403 141 144
92 394 178
198 158 114
71 168 209
90 127 348
66 162 107
317 378 355
167 27 224
466 383 281
447 82 52
376 316 171
279 269 169
111 219 10
214 11 171
107 184 322
154 64 31
388 44 21
355 27 114
21 396 439
228 182 1
99 302 404
356 287 3
358 415 205
174 31 461
232 430 410
445 340 222
242 69 123
404 336 32
470 340 194
306 28 416
162 83 121
209 105 149
468 351 317
368 175 212
363 56 148
180 129 406
97 202 196
146 134 419
208 436 13
16 24 54
321 418 127
382 9 119
451 204 389
32 275 463
270 45 252
191 292 444
419 95 439
48 407 313
3 417 271
398 290 71
5 102 150
196 260 197
448 465 347
113 273 313
