62
94 15 47
75 88 60
96 43 34
79 58 90
79 22 90
90 99 9
100 34 23
43 82 51
42 30 7
14 70 5
35 76 31
5 86 2
83 38 26
16 55 52
12 60 72
97 65 47
70 20 21
8 85 91
81 12 69
73 86 72
59 87 41
49 88 48
100 49 34
30 20 82
33 68 21
44 40 9
83 14 40
21 71 26
96 62 81
73 97 40
7 57 15
38 86 93
97 69 83
36 10 97
48 57 21
95 40 62
46 24 61
73 5 84
64 68 7
23 67 100
90 30 70
95 74 85
86 51 17
83 5 66
15 83 49
21 94 29
9 54 27
28 13 98
86 39 66
97 10 54
25 59 37
67 18 6
39 96 89
41 97 70
92 37 96
2 55 62
21 27 16
80 27 45
89 42 58
12 56 71
75 80 41
55 86 7
